0 0.012128 0.000139 0.020386 0.000106
0 0.010856 0.000819 0.018467 0.000235
0 0.010920 0.000822 0.018339 0.000240
0 0.010951 0.000818 0.018278 0.000242
0 0.010985 0.000814 0.018209 0.000235
0 0.011019 0.000812 0.018140 0.000235
0 0.011051 0.000784 0.018076 0.000215
0 0.010258 0.001112 0.019662 0.000260
0 0.010286 0.001129 0.019607 0.000222
0 0.010347 0.001093 0.019484 0.000177
0 0.010378 0.001097 0.019422 0.000174
0 0.010444 0.001153 0.019290 0.000169
0 0.010476 0.001087 0.019226 0.000184
0 0.010506 0.001141 0.019166 0.000172
0 0.010542 0.001144 0.019095 0.000177
0 0.010570 0.001082 0.019038 0.000174
0 0.010601 0.001122 0.018977 0.000184
0 0.010636 0.001103 0.018906 0.000182
0 0.010668 0.001086 0.018842 0.000152
0 0.010701 0.001074 0.018776 0.000184
0 0.010731 0.001107 0.018716 0.000174
0 0.010765 0.001067 0.018648 0.000184
0 0.010795 0.001120 0.018588 0.000159
0 0.010832 0.001107 0.018515 0.000174
0 0.010863 0.001098 0.018453 0.000172
0 0.010897 0.001100 0.018385 0.000164
0 0.010925 0.001114 0.018328 0.000152
0 0.010960 0.001072 0.018259 0.000159
0 0.010989 0.001067 0.018200 0.000159
0 0.011022 0.001066 0.018134 0.000157
0 0.011054 0.001095 0.018070 0.000154
0 0.010885 0.000819 0.018408 0.000235
0 0.010821 0.000818 0.018536 0.000232
0 0.012022 0.000144 0.020599 0.000116
0 0.010788 0.000823 0.018602 0.000237
0 0.010335 0.000346 0.019509 0.000207
0 0.010400 0.000331 0.019379 0.000217
0 0.010439 0.000352 0.019301 0.000250
0 0.010567 0.000359 0.019045 0.000237
0 0.010601 0.000356 0.018977 0.000253
0 0.010634 0.000341 0.018910 0.000247
0 0.010666 0.000348 0.018846 0.000242
0 0.010699 0.000346 0.018780 0.000247
0 0.010732 0.000348 0.018714 0.000207
0 0.010799 0.000327 0.018581 0.000205
0 0.010829 0.000321 0.018520 0.000207
0 0.010865 0.000311 0.018449 0.000212
0 0.010896 0.000312 0.018387 0.000205
0 0.010929 0.000303 0.018321 0.000207
0 0.010961 0.000303 0.018257 0.000162
0 0.010994 0.000290 0.018191 0.000157
0 0.011024 0.000299 0.018131 0.000154
0 0.011057 0.000295 0.018065 0.000152
0 0.010261 0.000833 0.019657 0.000222
0 0.010297 0.000832 0.019584 0.000230
0 0.010431 0.000826 0.019317 0.000227
0 0.010491 0.000828 0.019196 0.000232
0 0.010528 0.000831 0.019123 0.000232
0 0.010562 0.000831 0.019054 0.000227
0 0.010620 0.000828 0.018938 0.000242
0 0.010662 0.000832 0.018856 0.000235
0 0.010691 0.000824 0.018796 0.000240
0 0.010724 0.000813 0.018730 0.000232
0 0.010760 0.000827 0.018659 0.000235
0 0.010345 0.001523 0.019488 0.000126
0 0.010379 0.001520 0.019420 0.000131
0 0.010409 0.001518 0.019360 0.000126
0 0.010443 0.001509 0.019292 0.000129
0 0.011162 0.000106 0.022319 0.000056
0 0.011204 0.000131 0.022235 0.000056
0 0.011259 0.000361 0.022125 0.000116
0 0.011254 0.000519 0.022134 0.000104
0 0.011189 0.001178 0.022264 0.000073
0 0.011197 0.001278 0.022248 0.000061
0 0.011197 0.001323 0.022248 0.000056
0 0.011203 0.001364 0.022237 0.000045
0 0.011204 0.001414 0.022235 0.000056
0 0.011192 0.001478 0.022260 0.000053
0 0.011197 0.001588 0.022248 0.000045
0 0.011196 0.001725 0.022251 0.000061
0 0.011314 0.001120 0.022015 0.000114
0 0.011316 0.000986 0.022011 0.000114
0 0.011323 0.000763 0.021997 0.000101
0 0.011325 0.000648 0.021992 0.000114
0 0.011329 0.000532 0.021986 0.000119
0 0.011502 0.000148 0.021638 0.000114
0 0.011533 0.000153 0.021577 0.000104
0 0.011569 0.000154 0.021506 0.000111
0 0.011596 0.000150 0.021451 0.000109
0 0.011620 0.000144 0.021403 0.000116
0 0.011647 0.000146 0.021348 0.000111
0 0.011772 0.000135 0.021099 0.000139
0 0.011869 0.000148 0.020905 0.000109
0 0.011918 0.000145 0.020807 0.000104
0 0.011826 0.000145 0.020992 0.000098
0 0.011896 0.000136 0.020850 0.000111
0 0.011950 0.000134 0.020743 0.000121
0 0.011027 0.001793 0.018124 0.000131
0 0.010991 0.001784 0.018198 0.000124
0 0.010949 0.001781 0.018280 0.000129
0 0.011005 0.001507 0.018168 0.000136
0 0.010475 0.001509 0.019228 0.000119
0 0.010508 0.001518 0.019162 0.000126
0 0.010543 0.001507 0.019093 0.000121
0 0.010572 0.001515 0.019034 0.000131
0 0.010602 0.001507 0.018974 0.000121
0 0.010636 0.001509 0.018906 0.000124
0 0.010665 0.001500 0.018849 0.000131
0 0.010699 0.001504 0.018780 0.000134
0 0.010730 0.001495 0.018718 0.000131
0 0.010762 0.001514 0.018654 0.000129
0 0.010794 0.001495 0.018591 0.000136
0 0.010827 0.001494 0.018524 0.000129
0 0.010975 0.001510 0.018230 0.000141
0 0.011037 0.001501 0.018104 0.000134
0 0.010907 0.001795 0.018364 0.000126
0 0.011069 0.001496 0.018040 0.000139
0 0.010390 0.001788 0.019399 0.000126
0 0.010464 0.001795 0.019251 0.000126
0 0.010510 0.001790 0.019159 0.000136
0 0.010550 0.001789 0.019079 0.000129
0 0.010583 0.001802 0.019013 0.000134
0 0.010625 0.001798 0.018929 0.000141
0 0.010666 0.001799 0.018846 0.000134
0 0.010704 0.001802 0.018771 0.000134
0 0.010745 0.001793 0.018689 0.000131
0 0.010781 0.001805 0.018616 0.000131
0 0.010826 0.001790 0.018527 0.000126
0 0.010865 0.001799 0.018449 0.000124
0 0.010298 0.000351 0.019582 0.000212