0 0.000501 0.001625 0.001001 0.000078
0 0.010733 0.001993 0.018714 0.000027
0 0.010888 0.001832 0.018402 0.000018
0 0.010907 0.001665 0.018365 0.000029
0 0.011496 0.000366 0.021650 0.000009
0 0.011505 0.000370 0.021633 0.000010
0 0.011176 0.000415 0.022291 0.000007
0 0.011177 0.000425 0.022288 0.000007
0 0.011206 0.000379 0.022231 0.000011
0 0.011185 0.000428 0.022272 0.000012
0 0.011189 0.000449 0.022266 0.000010
0 0.011192 0.000470 0.022259 0.000012
0 0.011185 0.000402 0.022272 0.000008
0 0.011186 0.000407 0.022270 0.000008
0 0.011189 0.000410 0.022265 0.000007
0 0.011182 0.000538 0.022278 0.000012
0 0.011179 0.000544 0.022286 0.000012
0 0.011218 0.000493 0.022207 0.000009
0 0.011220 0.000368 0.022204 0.000009
0 0.011226 0.000354 0.022190 0.000008
0 0.011219 0.000363 0.022205 0.000007
0 0.011232 0.000455 0.022180 0.000006
0 0.011233 0.000460 0.022178 0.000007
0 0.011234 0.000474 0.022175 0.000007
0 0.011368 0.000517 0.021907 0.000007
0 0.010781 0.001936 0.018617 0.000024
0 0.010499 0.001599 0.019181 0.000015
0 0.011377 0.000546 0.021888 0.000007
0 0.010290 0.002050 0.019599 0.000009
0 0.000871 0.000446 0.001742 0.000104
0 0.000817 0.000511 0.001634 0.000103
0 0.000785 0.000585 0.001570 0.000104
0 0.000838 0.000907 0.001676 0.000075
0 0.000943 0.000824 0.001886 0.000089
0 0.000691 0.001308 0.001382 0.000108
0 0.000465 0.001727 0.000930 0.000108
0 0.000389 0.001868 0.000777 0.000101
0 0.000361 0.001900 0.000721 0.000104
0 0.000361 0.001460 0.000723 0.000080
0 0.000243 0.001647 0.000486 0.000089
0 0.000186 0.001709 0.000372 0.000088
0 0.000252 0.001165 0.000503 0.000104
0 0.000862 0.001701 0.001724 0.000100
0 0.000781 0.001830 0.001562 0.000066
0 0.000727 0.001895 0.001454 0.000067
0 0.000676 0.001958 0.001353 0.000068
0 0.000795 0.001571 0.001590 0.000106
0 0.010301 0.002066 0.019577 0.000025
0 0.010291 0.002072 0.019596 0.000014
0 0.010290 0.002063 0.019599 0.000014
0 0.010289 0.002033 0.019601 0.000009
0 0.010290 0.002040 0.019598 0.000009
0 0.011372 0.000529 0.021900 0.000010
0 0.011376 0.000540 0.021890 0.000006
0 0.000579 0.002041 0.001158 0.000094
0 0.011545 0.000864 0.021554 0.000007
0 0.011598 0.000858 0.021446 0.000009
0 0.011558 0.000844 0.021527 0.000007
0 0.011533 0.000840 0.021577 0.000007
0 0.011585 0.000861 0.021472 0.000007
0 0.011593 0.000845 0.021457 0.000006
0 0.011772 0.000608 0.021099 0.000010
0 0.011861 0.000315 0.020921 0.000011
0 0.010809 0.000501 0.018561 0.000012
0 0.010807 0.000506 0.018564 0.000012
0 0.010806 0.000510 0.018568 0.000012
0 0.010791 0.000560 0.018596 0.000010
0 0.010790 0.000567 0.018599 0.000013
0 0.010788 0.000581 0.018602 0.000012
0 0.010782 0.000648 0.018615 0.000007
0 0.010821 0.000918 0.018536 0.000012
0 0.010650 0.001302 0.018879 0.000014
0 0.010647 0.001304 0.018885 0.000017
0 0.010644 0.001307 0.018890 0.000018
0 0.010792 0.001211 0.018595 0.000021
0 0.010820 0.001212 0.018538 0.000006
0 0.011463 0.000615 0.021717 0.000008
0 0.011468 0.000637 0.021706 0.000009
0 0.011461 0.000633 0.021720 0.000007
0 0.011558 0.000854 0.021526 0.000005
0 0.011563 0.000866 0.021517 0.000006
0 0.010431 0.000825 0.019316 0.000007
0 0.011558 0.000865 0.021527 0.000006
0 0.011500 0.000362 0.021642 0.000010
0 0.011534 0.000249 0.021575 0.000010
0 0.011533 0.000279 0.021577 0.000013
0 0.011541 0.000225 0.021561 0.000009
0 0.011539 0.000235 0.021564 0.000011
0 0.011477 0.000183 0.021690 0.000010
0 0.011478 0.000198 0.021687 0.000007
0 0.011533 0.000030 0.021576 0.000012
0 0.011527 0.000068 0.021588 0.000013
0 0.011498 0.000161 0.021646 0.000008
0 0.011706 0.000718 0.021231 0.000009
0 0.011764 0.000618 0.021116 0.000010
0 0.011768 0.000648 0.021107 0.000009
0 0.011768 0.000629 0.021106 0.000011
0 0.011782 0.000583 0.021078 0.000011
0 0.011806 0.000457 0.021032 0.000012
0 0.011797 0.000530 0.021049 0.000012
0 0.010592 0.000113 0.018995 0.000007
0 0.011690 0.000132 0.021263 0.000005
0 0.011699 0.000130 0.021246 0.000006
0 0.010438 0.000829 0.019302 0.000006
0 0.011519 0.000669 0.021605 0.000010
0 0.011580 0.000865 0.021482 0.000007
0 0.000899 0.000416 0.001798 0.000105