0 0.011809 0.002133 0.021026 0.000039
0 0.010741 0.000405 0.018696 0.000240
0 0.010806 0.000754 0.018567 0.000051
0 0.010803 0.000696 0.018573 0.000049
0 0.010800 0.000641 0.018578 0.000043
0 0.010802 0.000583 0.018575 0.000049
0 0.010900 0.000394 0.018378 0.000187
0 0.010853 0.000386 0.018473 0.000225
0 0.010824 0.000344 0.018531 0.000234
0 0.010714 0.000397 0.018750 0.000264
0 0.010805 0.000862 0.018569 0.000049
0 0.010689 0.000397 0.018801 0.000264
0 0.010658 0.000399 0.018862 0.000186
0 0.010628 0.000411 0.018924 0.000209
0 0.010600 0.000404 0.018980 0.000238
0 0.010572 0.000438 0.019036 0.000244
0 0.010546 0.000420 0.019086 0.000273
0 0.010518 0.000405 0.019142 0.000236
0 0.010804 0.000807 0.018571 0.000051
0 0.010805 0.000915 0.018569 0.000049
0 0.010347 0.001664 0.019484 0.000215
0 0.010810 0.001489 0.018558 0.000045
0 0.011387 0.001696 0.021870 0.000111
0 0.011388 0.001584 0.021868 0.000082
0 0.010237 0.001676 0.019704 0.000211
0 0.010203 0.001683 0.019773 0.000215
0 0.010173 0.001682 0.019833 0.000240
0 0.010145 0.001628 0.019889 0.000350
0 0.010487 0.001260 0.019205 0.000227
0 0.010808 0.001436 0.018562 0.000049
0 0.010805 0.000965 0.018569 0.000051
0 0.010807 0.001387 0.018564 0.000043
0 0.010806 0.001334 0.018566 0.000047
0 0.010807 0.001237 0.018564 0.000045
0 0.010806 0.001181 0.018566 0.000047
0 0.010803 0.001129 0.018573 0.000051
0 0.010805 0.001076 0.018569 0.000062
0 0.010802 0.001017 0.018575 0.000051
0 0.010491 0.000454 0.019196 0.000213