0 0.011327 0.000057 0.021990 0.000022
0 0.010471 0.001205 0.019238 0.000067
0 0.010471 0.000917 0.019238 0.000069
0 0.010474 0.000975 0.019231 0.000070
0 0.010469 0.001057 0.019240 0.000073
0 0.010472 0.001091 0.019234 0.000071
0 0.010475 0.001152 0.019228 0.000070
0 0.010472 0.001178 0.019234 0.000072
0 0.010469 0.001233 0.019240 0.000069
0 0.010469 0.000830 0.019240 0.000074
0 0.010473 0.001266 0.019233 0.000068
0 0.010471 0.001292 0.019236 0.000069
0 0.010473 0.001322 0.019233 0.000068
0 0.010472 0.001353 0.019235 0.000069
0 0.010473 0.001381 0.019233 0.000069
0 0.010472 0.001409 0.019235 0.000068
0 0.010471 0.000881 0.019238 0.000069
0 0.010469 0.000799 0.019241 0.000071
0 0.010603 0.001258 0.018973 0.000049
0 0.010467 0.000502 0.019245 0.000068
0 0.010424 0.001730 0.019331 0.000067
0 0.010423 0.001759 0.019332 0.000068
0 0.010426 0.001790 0.019326 0.000066
0 0.010423 0.001817 0.019333 0.000066
0 0.010466 0.000443 0.019247 0.000068
0 0.010466 0.000473 0.019246 0.000069
0 0.010471 0.000535 0.019238 0.000068
0 0.010469 0.000769 0.019241 0.000071
0 0.010467 0.000563 0.019244 0.000069
0 0.010470 0.000595 0.019239 0.000071
0 0.010469 0.000651 0.019241 0.000071
0 0.010469 0.000680 0.019241 0.000069
0 0.010467 0.000708 0.019245 0.000067
0 0.010468 0.000736 0.019243 0.000069
0 0.010473 0.001439 0.019233 0.000073
0 0.010474 0.001501 0.019231 0.000072
0 0.010477 0.001560 0.019224 0.000069
0 0.010604 0.000845 0.018971 0.000048
0 0.010599 0.000440 0.018981 0.000045
0 0.010598 0.000470 0.018983 0.000046
0 0.010596 0.000677 0.018986 0.000049
0 0.010598 0.000499 0.018982 0.000050
0 0.010603 0.000758 0.018972 0.000045
0 0.010604 0.000788 0.018971 0.000045
0 0.010603 0.000876 0.018973 0.000049
0 0.010475 0.001528 0.019228 0.000069
0 0.010600 0.000966 0.018979 0.000051
0 0.010601 0.000996 0.018976 0.000046
0 0.010603 0.001022 0.018973 0.000045
0 0.010603 0.001052 0.018972 0.000047
0 0.010600 0.001086 0.018979 0.000048
0 0.010605 0.001140 0.018968 0.000047
0 0.010596 0.000411 0.018986 0.000045
0 0.010601 0.000376 0.018976 0.000047
0 0.010598 0.000352 0.018983 0.000047
0 0.010596 0.000324 0.018986 0.000046
0 0.010596 0.000294 0.018986 0.000049
0 0.010599 0.000261 0.018980 0.000050
0 0.010599 0.000230 0.018980 0.000048
0 0.010598 0.000201 0.018983 0.000046
0 0.010475 0.001820 0.019228 0.000068
0 0.010475 0.001791 0.019229 0.000067
0 0.010474 0.001761 0.019231 0.000069
0 0.010473 0.001731 0.019232 0.000070
0 0.010475 0.001703 0.019229 0.000069
0 0.010475 0.001675 0.019228 0.000068
0 0.010474 0.001642 0.019231 0.000066
0 0.010481 0.001622 0.019217 0.000069
0 0.010472 0.001584 0.019234 0.000068
0 0.010419 0.001696 0.019341 0.000066
0 0.010424 0.001670 0.019331 0.000067
0 0.010425 0.001643 0.019328 0.000066
0 0.010278 0.001344 0.019623 0.000069
0 0.010258 0.001043 0.019662 0.000070
0 0.010262 0.001069 0.019655 0.000069
0 0.010265 0.001093 0.019649 0.000067
0 0.010269 0.001120 0.019641 0.000068
0 0.010269 0.001177 0.019641 0.000070
0 0.010270 0.001233 0.019639 0.000070
0 0.010278 0.001461 0.019623 0.000069
0 0.010296 0.001793 0.019586 0.000072
0 0.010281 0.001489 0.019616 0.000068
0 0.010284 0.001543 0.019610 0.000072
0 0.010284 0.001601 0.019611 0.000069
0 0.010286 0.001657 0.019606 0.000072
0 0.010289 0.001714 0.019601 0.000073
0 0.010288 0.001744 0.019603 0.000069
0 0.010254 0.000960 0.019670 0.000072
0 0.010254 0.000902 0.019671 0.000066
0 0.010255 0.000871 0.019669 0.000065
0 0.010255 0.000842 0.019668 0.000066
0 0.010255 0.000814 0.019669 0.000064
0 0.010258 0.000781 0.019663 0.000068
0 0.010269 0.000739 0.019640 0.000064
0 0.010254 0.000724 0.019671 0.000071
0 0.010254 0.000694 0.019671 0.000067
0 0.010253 0.000667 0.019672 0.000067
0 0.010257 0.000605 0.019664 0.000068
0 0.010253 0.000580 0.019673 0.000068
0 0.010252 0.000548 0.019674 0.000066
0 0.010253 0.000518 0.019672 0.000066
0 0.010253 0.000488 0.019672 0.000068
0 0.010253 0.000460 0.019673 0.000067
0 0.010251 0.000436 0.019676 0.000063
0 0.010288 0.001776 0.019602 0.000065
0 0.010296 0.001823 0.019586 0.000071
0 0.010425 0.001614 0.019328 0.000066
0 0.010421 0.001088 0.019336 0.000066
0 0.010416 0.000881 0.019346 0.000071
0 0.010413 0.000935 0.019352 0.000072
0 0.010418 0.000968 0.019343 0.000070
0 0.010415 0.000995 0.019349 0.000072
0 0.010407 0.001025 0.019364 0.000073
0 0.010422 0.001059 0.019334 0.000065
0 0.010420 0.001173 0.019339 0.000067
0 0.010295 0.001881 0.019588 0.000072
0 0.010418 0.001292 0.019343 0.000062
0 0.010426 0.001409 0.019326 0.000059
0 0.010424 0.001497 0.019331 0.000067
0 0.010427 0.001530 0.019325 0.000067
0 0.010423 0.001557 0.019333 0.000065
0 0.010426 0.001587 0.019327 0.000064
0 0.010420 0.000856 0.019339 0.000069
0 0.010419 0.000825 0.019340 0.000071
0 0.010419 0.000796 0.019341 0.000072
0 0.010416 0.000736 0.019346 0.000069
0 0.010417 0.000708 0.019345 0.000071
0 0.010418 0.000679 0.019343 0.000069
0 0.010421 0.000649 0.019337 0.000070
0 0.010417 0.000620 0.019345 0.000070
0 0.010418 0.000592 0.019342 0.000070
0 0.010415 0.000559 0.019349 0.000072
0 0.010415 0.000502 0.019349 0.000071
0 0.010414 0.000472 0.019350 0.000072
0 0.010415 0.000443 0.019349 0.000072
0 0.010301 0.001997 0.019577 0.000067
0 0.010302 0.001965 0.019575 0.000069
0 0.010296 0.001941 0.019586 0.000068
0 0.010297 0.001910 0.019584 0.000071
0 0.010606 0.001226 0.018967 0.000049
0 0.010605 0.001288 0.018968 0.000046
0 0.011338 0.000053 0.021967 0.000021
0 0.012017 0.001139 0.020609 0.000022
0 0.011915 0.000879 0.020814 0.000018
0 0.011943 0.000920 0.020756 0.000024
0 0.011942 0.001003 0.020758 0.000018
0 0.011917 0.001025 0.020809 0.000017
0 0.011919 0.001152 0.020805 0.000018
0 0.012099 0.000860 0.020445 0.000020
0 0.011057 0.000973 0.018065 0.000021
0 0.011946 0.000728 0.020752 0.000016
0 0.011056 0.001024 0.018066 0.000024
0 0.011057 0.001051 0.018065 0.000022
0 0.012185 0.001115 0.020272 0.000019
0 0.011197 0.001997 0.022249 0.000035
0 0.010359 0.002038 0.019461 0.000079
0 0.010379 0.002036 0.019421 0.000078
0 0.011946 0.000848 0.020752 0.000019
0 0.011920 0.000731 0.020803 0.000017
0 0.010604 0.001319 0.018971 0.000047
0 0.010779 0.000477 0.018621 0.000088
0 0.011208 0.000311 0.022226 0.000038
0 0.011222 0.000304 0.022198 0.000036
0 0.010318 0.000277 0.019544 0.000091
0 0.010348 0.000243 0.019483 0.000087
0 0.010365 0.000225 0.019449 0.000087
0 0.010379 0.000209 0.019421 0.000089
0 0.010796 0.000473 0.018587 0.000037
0 0.011946 0.000646 0.020752 0.000015
0 0.010808 0.000052 0.018563 0.000051
0 0.010838 0.000108 0.018503 0.000049
0 0.010869 0.000163 0.018441 0.000053
0 0.010880 0.000185 0.018419 0.000050
0 0.010891 0.000204 0.018396 0.000050
0 0.010902 0.000318 0.018374 0.000054
0 0.010394 0.002041 0.019391 0.000076
0 0.010410 0.002041 0.019360 0.000080
0 0.010423 0.002040 0.019333 0.000079
0 0.012191 0.002029 0.020262 0.000045
0 0.010946 0.002027 0.018287 0.000086
0 0.010964 0.002029 0.018250 0.000083
0 0.010983 0.002023 0.018212 0.000080
0 0.011007 0.002011 0.018164 0.000087
0 0.011024 0.002020 0.018131 0.000082
0 0.011064 0.002015 0.018051 0.000093
0 0.012183 0.001944 0.020278 0.000037
0 0.010440 0.002043 0.019299 0.000076
0 0.011079 0.001903 0.018020 0.000097
0 0.012097 0.001507 0.020449 0.000017
0 0.011951 0.001852 0.020740 0.000024
0 0.011933 0.001501 0.020776 0.000016
0 0.012059 0.000264 0.020525 0.000038
0 0.011352 0.000056 0.021938 0.000025
0 0.010926 0.002027 0.018326 0.000091
0 0.010910 0.002033 0.018358 0.000088
0 0.010892 0.002034 0.018395 0.000088
0 0.010876 0.002037 0.018427 0.000089
0 0.010684 0.002046 0.018811 0.000058
0 0.010652 0.002045 0.018874 0.000070
0 0.010636 0.002043 0.018906 0.000069
0 0.010619 0.002044 0.018940 0.000071
0 0.010589 0.002042 0.019001 0.000072
0 0.010559 0.002041 0.019061 0.000073
0 0.010544 0.002041 0.019090 0.000074
0 0.010529 0.002040 0.019120 0.000073
0 0.010513 0.002038 0.019152 0.000075
0 0.010499 0.002035 0.019181 0.000076
0 0.010484 0.002041 0.019210 0.000076
0 0.010468 0.002040 0.019243 0.000082
0 0.010453 0.002036 0.019272 0.000079
0 0.010651 0.001826 0.018876 0.000050
0 0.010648 0.001797 0.018882 0.000049
0 0.010649 0.001768 0.018881 0.000047
0 0.010639 0.000367 0.018900 0.000045
0 0.010640 0.000187 0.018899 0.000049
0 0.010640 0.000215 0.018899 0.000048
0 0.010647 0.000239 0.018884 0.000050
0 0.010640 0.000275 0.018899 0.000046
0 0.010645 0.000300 0.018889 0.000046
0 0.010641 0.000335 0.018896 0.000046
0 0.010643 0.000392 0.018892 0.000047
0 0.010644 0.000627 0.018891 0.000045
0 0.010643 0.000422 0.018893 0.000048
0 0.010641 0.000453 0.018896 0.000048
0 0.010645 0.000478 0.018889 0.000047
0 0.010648 0.000504 0.018883 0.000049
0 0.010646 0.000535 0.018887 0.000047
0 0.010644 0.000567 0.018890 0.000047
0 0.010648 0.000148 0.018882 0.000050
0 0.010611 0.001842 0.018957 0.000046
0 0.010607 0.001814 0.018965 0.000047
0 0.010608 0.001783 0.018963 0.000048
0 0.010607 0.001757 0.018965 0.000045
0 0.010609 0.001726 0.018960 0.000046
0 0.010608 0.001697 0.018963 0.000047
0 0.010607 0.001668 0.018965 0.000045
0 0.010609 0.001637 0.018961 0.000047
0 0.010606 0.001609 0.018967 0.000048
0 0.010609 0.001579 0.018960 0.000046
0 0.010605 0.001552 0.018968 0.000049
0 0.010607 0.001519 0.018965 0.000049
0 0.010608 0.001431 0.018963 0.000047
0 0.010609 0.001401 0.018961 0.000045
0 0.010607 0.001372 0.018964 0.000045
0 0.010606 0.001345 0.018966 0.000048
0 0.010643 0.000598 0.018893 0.000045
0 0.010643 0.000656 0.018892 0.000045
0 0.010649 0.001739 0.018880 0.000045
0 0.010647 0.001507 0.018884 0.000047
0 0.010647 0.001299 0.018884 0.000047
0 0.010648 0.001327 0.018882 0.000046
0 0.010647 0.001359 0.018885 0.000046
0 0.010648 0.001388 0.018883 0.000046
0 0.010647 0.001447 0.018884 0.000048
0 0.010652 0.001471 0.018875 0.000048
0 0.010654 0.001532 0.018872 0.000049
0 0.010644 0.000684 0.018890 0.000044
0 0.010651 0.001563 0.018877 0.000048
0 0.010649 0.001591 0.018880 0.000048
0 0.010649 0.001622 0.018880 0.000046
0 0.010649 0.001652 0.018880 0.000048
0 0.010650 0.001677 0.018878 0.000046
0 0.010651 0.001708 0.018877 0.000046
0 0.010648 0.001270 0.018883 0.000048
0 0.010645 0.001242 0.018888 0.000046
0 0.010648 0.001212 0.018882 0.000045
0 0.010649 0.001180 0.018880 0.000049
0 0.010649 0.001151 0.018881 0.000045
0 0.010647 0.001123 0.018884 0.000045
0 0.010647 0.001093 0.018884 0.000046
0 0.010649 0.001062 0.018881 0.000049
0 0.010647 0.001032 0.018884 0.000046
0 0.010647 0.001004 0.018885 0.000047
0 0.010645 0.000976 0.018889 0.000048
0 0.010646 0.000919 0.018887 0.000046
0 0.010647 0.000888 0.018884 0.000046
0 0.010644 0.000861 0.018891 0.000046
0 0.010646 0.000831 0.018887 0.000047
0 0.010642 0.000802 0.018895 0.000045
0 0.010648 0.000709 0.018882 0.000048
0 0.010252 0.000402 0.019674 0.000070