0 0.011551 0.001742 0.021542 0.000056
0 0.010397 0.001569 0.019384 0.000167
0 0.010471 0.001220 0.019237 0.000167
0 0.010461 0.001259 0.019257 0.000167
0 0.010453 0.001298 0.019273 0.000163
0 0.010451 0.001340 0.019277 0.000152
0 0.010445 0.001378 0.019289 0.000157
0 0.010436 0.001424 0.019307 0.000173
0 0.010422 0.001457 0.019335 0.000173
0 0.010415 0.001495 0.019349 0.000168
0 0.010385 0.001603 0.019408 0.000170
0 0.011526 0.001475 0.021592 0.000051
0 0.010377 0.001641 0.019425 0.000167
0 0.010353 0.001763 0.019472 0.000178
0 0.010348 0.001801 0.019482 0.000170
0 0.010333 0.001837 0.019513 0.000180
0 0.010514 0.001958 0.019150 0.000167
0 0.010512 0.001830 0.019155 0.000216
0 0.010525 0.001808 0.019128 0.000240
0 0.010534 0.001757 0.019111 0.000242
0 0.010489 0.001145 0.019201 0.000168
0 0.010497 0.001105 0.019184 0.000165
0 0.010512 0.001068 0.019155 0.000150
0 0.010517 0.001034 0.019144 0.000165
0 0.010379 0.000278 0.019421 0.000131
0 0.010359 0.000306 0.019460 0.000145
0 0.010349 0.000343 0.019481 0.000137
0 0.010301 0.000535 0.019576 0.000162
0 0.010295 0.000574 0.019589 0.000152
0 0.010271 0.000680 0.019636 0.000139
0 0.010252 0.000717 0.019674 0.000153
0 0.010244 0.000760 0.019690 0.000149
0 0.010241 0.000899 0.019696 0.000149
0 0.010622 0.000703 0.018935 0.000132
0 0.010571 0.000758 0.019036 0.000173
0 0.010560 0.000794 0.019058 0.000170
0 0.010562 0.000827 0.019055 0.000142
0 0.010540 0.000864 0.019099 0.000163
0 0.010550 0.000909 0.019079 0.000132
0 0.010539 0.000942 0.019100 0.000131
0 0.010525 0.000992 0.019128 0.000165
0 0.010541 0.001704 0.019098 0.000247
0 0.010595 0.001430 0.018989 0.000245
0 0.010625 0.001307 0.018928 0.000240
0 0.011989 0.001503 0.020666 0.000070
0 0.012226 0.001992 0.020192 0.000059
0 0.012246 0.002141 0.020151 0.000065
0 0.012234 0.002116 0.020174 0.000065
0 0.012253 0.002075 0.020136 0.000069
0 0.011933 0.000923 0.020777 0.000064
0 0.011705 0.001675 0.021233 0.000067
0 0.011684 0.001625 0.021276 0.000069
0 0.011665 0.001568 0.021312 0.000069
0 0.011718 0.001533 0.021207 0.000075
0 0.011744 0.001400 0.021154 0.000073
0 0.011803 0.000994 0.021037 0.000062
0 0.011775 0.001131 0.021093 0.000087
0 0.011434 0.000895 0.021774 0.000056
0 0.011391 0.000794 0.021861 0.000057
0 0.011442 0.000656 0.021758 0.000056
0 0.011489 0.000514 0.021665 0.000060
0 0.011311 0.001470 0.022022 0.000073
0 0.012220 0.001889 0.020202 0.000052
0 0.012147 0.000357 0.020348 0.000067
0 0.010636 0.001269 0.018906 0.000235
0 0.012182 0.000374 0.020279 0.000078
0 0.010667 0.001152 0.018844 0.000230
0 0.010673 0.001101 0.018833 0.000240
0 0.010712 0.000996 0.018754 0.000196
0 0.010726 0.000911 0.018727 0.000229
0 0.010733 0.000860 0.018713 0.000214
0 0.010845 0.001074 0.018488 0.000284
0 0.011392 0.001291 0.021859 0.000067
0 0.011344 0.001367 0.021954 0.000059
0 0.011379 0.001468 0.021886 0.000072
0 0.011360 0.001452 0.021922 0.000073
0 0.011331 0.001608 0.021981 0.000072
0 0.011493 0.001462 0.021657 0.000073
0 0.011303 0.001495 0.022036 0.000054
0 0.011295 0.001524 0.022052 0.000054
0 0.011292 0.001559 0.022060 0.000054
0 0.001685 0.000391 0.001094 0.000087
0 0.011888 0.000582 0.020866 0.000060
0 0.010370 0.000227 0.019438 0.000160