0 0.011731 0.000729 0.021181 0.000028
0 0.011861 0.000455 0.020920 0.000082
0 0.010930 0.000569 0.018319 0.000088
0 0.010809 0.000871 0.018560 0.000056
0 0.010829 0.000701 0.018521 0.000057
0 0.011933 0.000647 0.020776 0.000034
0 0.010830 0.000581 0.018518 0.000059
0 0.010821 0.000616 0.018537 0.000071
0 0.010791 0.000778 0.018597 0.000088
0 0.010574 0.000480 0.019031 0.000036
0 0.010358 0.000805 0.019463 0.000206
0 0.010525 0.000244 0.019128 0.000206
0 0.010553 0.000287 0.019073 0.000120
0 0.010575 0.000265 0.019029 0.000210
0 0.010596 0.000250 0.018986 0.000150
0 0.010593 0.000248 0.018992 0.000202
0 0.010625 0.000259 0.018930 0.000214
0 0.010906 0.000692 0.018366 0.000158
0 0.011879 0.000463 0.020885 0.000050
0 0.011578 0.000806 0.021487 0.000050
0 0.011819 0.000403 0.021005 0.000053
0 0.011207 0.001302 0.022228 0.000080
0 0.011412 0.000448 0.021819 0.000042
0 0.011402 0.000456 0.021839 0.000050
0 0.011452 0.000423 0.021739 0.000062
0 0.011617 0.000619 0.021408 0.000051
0 0.011608 0.000561 0.021426 0.000060
0 0.011595 0.000518 0.021453 0.000045
0 0.011627 0.000499 0.021389 0.000029
0 0.011595 0.000463 0.021454 0.000034
0 0.011583 0.000374 0.021478 0.000019
0 0.011310 0.000314 0.022022 0.000036
0 0.011315 0.000118 0.022014 0.000035
0 0.010380 0.000751 0.019419 0.000104
0 0.011508 0.000846 0.021627 0.000089
0 0.011835 0.000398 0.020973 0.000052
0 0.010666 0.000308 0.018847 0.000210
0 0.010684 0.000336 0.018810 0.000208
0 0.010796 0.000730 0.018586 0.000064
0 0.010789 0.000836 0.018600 0.000059
0 0.011720 0.001289 0.021202 0.000029
0 0.010569 0.001142 0.019040 0.000040
0 0.011692 0.001001 0.021259 0.000039
0 0.010571 0.001057 0.019036 0.000045
0 0.011690 0.001086 0.021263 0.000028
0 0.011741 0.001100 0.021162 0.000034
0 0.010568 0.001179 0.019042 0.000044
0 0.010565 0.001213 0.019048 0.000044
0 0.010563 0.001245 0.019052 0.000039
0 0.010444 0.001264 0.019290 0.000048
0 0.010446 0.001233 0.019286 0.000045
0 0.010447 0.001201 0.019285 0.000044
0 0.010449 0.001170 0.019280 0.000047
0 0.010441 0.001100 0.019297 0.000037
0 0.010455 0.001007 0.019269 0.000033
0 0.011541 0.001016 0.021561 0.000027
0 0.011545 0.001287 0.021553 0.000031
0 0.010472 0.001440 0.019235 0.000041
0 0.011853 0.001170 0.020937 0.000029
0 0.010828 0.000440 0.018523 0.000105
0 0.010791 0.000448 0.018597 0.000207
0 0.010730 0.000391 0.018718 0.000212
0 0.011784 0.000088 0.021074 0.000035
0 0.011935 0.000230 0.020773 0.000035
0 0.011852 0.001388 0.020939 0.000044
0 0.010769 0.001228 0.018640 0.000064
0 0.010478 0.001479 0.019223 0.000037
0 0.010759 0.001178 0.018660 0.000081
0 0.010769 0.001145 0.018641 0.000080
0 0.010772 0.001515 0.018635 0.000201
0 0.010628 0.001554 0.018922 0.000062
0 0.011554 0.001644 0.021535 0.000040
0 0.011556 0.001510 0.021530 0.000031
0 0.010286 0.001479 0.019606 0.000224
0 0.010261 0.001527 0.019656 0.000210
0 0.010206 0.001598 0.019767 0.000221
0 0.011295 0.000598 0.022052 0.000035
0 0.011550 0.000319 0.021542 0.000031
0 0.011505 0.000282 0.021633 0.000053
0 0.011513 0.000317 0.021618 0.000036
0 0.011512 0.000235 0.021619 0.000047
0 0.011504 0.000242 0.021636 0.000064
0 0.011483 0.000241 0.021678 0.000052
0 0.011475 0.000262 0.021693 0.000069
0 0.011558 0.000384 0.021527 0.000050
0 0.011543 0.000393 0.021558 0.000044
0 0.011523 0.000401 0.021596 0.000050
0 0.011512 0.000409 0.021619 0.000050
0 0.011499 0.000416 0.021644 0.000046
0 0.011466 0.000432 0.021711 0.000044
0 0.011478 0.000423 0.021687 0.000051
0 0.011292 0.000515 0.022059 0.000075
0 0.011565 0.000658 0.021514 0.000052
0 0.011514 0.000784 0.021614 0.000053
0 0.011518 0.000686 0.021607 0.000060
0 0.011570 0.000811 0.021503 0.000048
0 0.011595 0.000755 0.021453 0.000056
0 0.011607 0.000740 0.021429 0.000053
0 0.011543 0.000781 0.021558 0.000050
0 0.011600 0.000631 0.021443 0.000053
0 0.011502 0.000688 0.021638 0.000046
0 0.011582 0.000645 0.021479 0.000052
0 0.011554 0.000820 0.021534 0.000046
0 0.011531 0.000674 0.021582 0.000051
0 0.011590 0.000803 0.021462 0.000048
0 0.011616 0.000796 0.021411 0.000053
0 0.011627 0.000784 0.021388 0.000051
0 0.011585 0.000758 0.021473 0.000056
0 0.011565 0.000764 0.021512 0.000051
0 0.011544 0.000670 0.021554 0.000053
0 0.011298 0.000625 0.022046 0.000034
0 0.011296 0.000654 0.022051 0.000039
0 0.010176 0.001592 0.019826 0.000221
0 0.011295 0.000695 0.022052 0.000044
0 0.010285 0.001907 0.019608 0.000122
0 0.010581 0.002002 0.019017 0.000116
0 0.010185 0.001926 0.019809 0.000105
0 0.010159 0.001634 0.019861 0.000166
0 0.010091 0.001689 0.019997 0.000036
0 0.010066 0.001657 0.020047 0.000057
0 0.011349 0.001536 0.021946 0.000047
0 0.010452 0.001744 0.019274 0.000081
0 0.011256 0.001566 0.022131 0.000041
0 0.010245 0.001589 0.019690 0.000161
0 0.010338 0.001634 0.019502 0.000157
0 0.010358 0.001599 0.019462 0.000110
0 0.010320 0.001577 0.019539 0.000150
0 0.011426 0.001449 0.021791 0.000087
0 0.010322 0.001440 0.019534 0.000137
0 0.010300 0.001814 0.019579 0.000069
0 0.010353 0.001866 0.019472 0.000073
0 0.010325 0.001905 0.019529 0.000120
0 0.011168 0.000646 0.022307 0.000030
0 0.011280 0.000697 0.022083 0.000054
0 0.011171 0.000822 0.022300 0.000040
0 0.011170 0.000779 0.022302 0.000037
0 0.011170 0.000748 0.022303 0.000035
0 0.011170 0.000716 0.022303 0.000039
0 0.011169 0.000683 0.022305 0.000039
0 0.011167 0.000617 0.022308 0.000040
0 0.010341 0.001936 0.019497 0.000122
0 0.011167 0.000580 0.022308 0.000034
0 0.011601 0.000045 0.021442 0.000023
0 0.010431 0.001995 0.019317 0.000125
0 0.010416 0.001981 0.019347 0.000122
0 0.010374 0.001958 0.019431 0.000120
0 0.010362 0.001945 0.019455 0.000120
0 0.010454 0.000969 0.019271 0.000037