0 0.011922 0.000615 0.020799 0.000033
0 0.010448 0.000929 0.019282 0.000140
0 0.010589 0.001192 0.019001 0.000091
0 0.010582 0.001151 0.019014 0.000130
0 0.010599 0.001142 0.018981 0.000133
0 0.010614 0.001126 0.018951 0.000123
0 0.010626 0.001115 0.018927 0.000132
0 0.010655 0.001092 0.018868 0.000136
0 0.010670 0.001079 0.018839 0.000133
0 0.010703 0.001086 0.018772 0.000097
0 0.010701 0.001052 0.018776 0.000129
0 0.010717 0.001043 0.018746 0.000128
0 0.011738 0.000828 0.021166 0.000032
0 0.011757 0.000801 0.021128 0.000035
0 0.011799 0.000753 0.021045 0.000039
0 0.011821 0.000744 0.021000 0.000039
0 0.011720 0.000745 0.021203 0.000046
0 0.010570 0.000805 0.019038 0.000146
0 0.010549 0.000834 0.019080 0.000141
0 0.010529 0.000848 0.019121 0.000133
0 0.010505 0.000884 0.019168 0.000138
0 0.010489 0.000889 0.019200 0.000136
0 0.010431 0.000950 0.019318 0.000134
0 0.011842 0.000469 0.020960 0.000055
0 0.010378 0.000977 0.019422 0.000143
0 0.010471 0.001260 0.019237 0.000126
0 0.010457 0.001276 0.019265 0.000123
0 0.010462 0.001308 0.019254 0.000089
0 0.010442 0.001312 0.019294 0.000091
0 0.010418 0.001322 0.019342 0.000126
0 0.010397 0.001327 0.019384 0.000127
0 0.010395 0.001343 0.019388 0.000089
0 0.010388 0.001374 0.019402 0.000087
0 0.010366 0.001382 0.019447 0.000127
0 0.010333 0.001409 0.019513 0.000133
0 0.010315 0.001408 0.019549 0.000126
0 0.010303 0.001431 0.019573 0.000130
0 0.010288 0.001451 0.019602 0.000128
0 0.010273 0.001463 0.019633 0.000127
0 0.010256 0.001481 0.019666 0.000132
0 0.011226 0.001271 0.022191 0.000048
0 0.011181 0.001121 0.022281 0.000044
0 0.011181 0.001143 0.022280 0.000049
0 0.010334 0.001051 0.019510 0.000096
0 0.011856 0.000624 0.020931 0.000026
0 0.010667 0.000680 0.018844 0.000051
0 0.010627 0.000661 0.018924 0.000041
0 0.010670 0.000615 0.018839 0.000073
0 0.010491 0.000612 0.019198 0.000134
0 0.010463 0.000638 0.019253 0.000133
0 0.010443 0.000649 0.019293 0.000133
0 0.010431 0.000668 0.019316 0.000138
0 0.010289 0.000601 0.019601 0.000092
0 0.011392 0.000669 0.021859 0.000027
0 0.011373 0.000629 0.021897 0.000030
0 0.010273 0.000554 0.019632 0.000085
0 0.010264 0.000536 0.019650 0.000088
0 0.010260 0.000514 0.019659 0.000091
0 0.010247 0.000496 0.019684 0.000092
0 0.010233 0.000419 0.019712 0.000093
0 0.010474 0.000166 0.019230 0.000072
0 0.010456 0.000127 0.019267 0.000066
0 0.010441 0.000113 0.019296 0.000074
0 0.010426 0.000099 0.019327 0.000069
0 0.010116 0.000414 0.019947 0.000096
0 0.011188 0.000045 0.022266 0.000018
0 0.011199 0.000055 0.022244 0.000042
0 0.010506 0.000599 0.019167 0.000131
0 0.010422 0.000261 0.019334 0.000089
0 0.010515 0.000219 0.019149 0.000059
0 0.011691 0.000401 0.021260 0.000035
0 0.011761 0.000624 0.021120 0.000029
0 0.010677 0.000590 0.018824 0.000045
0 0.010637 0.000573 0.018904 0.000086
0 0.010633 0.000551 0.018913 0.000089
0 0.011761 0.000502 0.021120 0.000052
0 0.011724 0.000570 0.021195 0.000031
0 0.011696 0.000511 0.021251 0.000021
0 0.010584 0.000451 0.019010 0.000089
0 0.010545 0.000372 0.019089 0.000089
0 0.011640 0.000192 0.021362 0.000028
0 0.010539 0.000353 0.019101 0.000089
0 0.010529 0.000334 0.019120 0.000087
0 0.010516 0.000313 0.019147 0.000092
0 0.010503 0.000296 0.019172 0.000090
0 0.011655 0.000261 0.021333 0.000048
0 0.011629 0.000289 0.021385 0.000029
0 0.010486 0.000258 0.019207 0.000087
0 0.011602 0.000254 0.021439 0.000033
0 0.010486 0.001248 0.019207 0.000134
0 0.010501 0.001236 0.019177 0.000129
0 0.010531 0.001239 0.019117 0.000092
0 0.010617 0.001909 0.018945 0.000094
0 0.011049 0.000170 0.018080 0.000106
0 0.011061 0.000158 0.018056 0.000105
0 0.010663 0.000087 0.018853 0.000104
0 0.010945 0.001574 0.018288 0.000133
0 0.010896 0.001613 0.018387 0.000131
0 0.011992 0.001628 0.020659 0.000055
0 0.010743 0.001759 0.018693 0.000138
0 0.010710 0.001779 0.018758 0.000129
0 0.010692 0.001795 0.018794 0.000137
0 0.011843 0.001718 0.020957 0.000033
0 0.010949 0.001611 0.018281 0.000089
0 0.010900 0.001658 0.018379 0.000094
0 0.010818 0.001729 0.018542 0.000096
0 0.010792 0.001764 0.018595 0.000094
0 0.010771 0.001769 0.018637 0.000101
0 0.010677 0.001812 0.018824 0.000137
0 0.010676 0.001851 0.018827 0.000096
0 0.011768 0.001814 0.021107 0.000034
0 0.010637 0.001873 0.018905 0.000139
0 0.011040 0.000198 0.018098 0.000106
0 0.012103 0.000187 0.020437 0.000034
0 0.011937 0.000246 0.020769 0.000042
0 0.010851 0.000077 0.018476 0.000098
0 0.011041 0.000233 0.018096 0.000082
0 0.010795 0.000106 0.018588 0.000083
0 0.010810 0.000101 0.018558 0.000084
0 0.012109 0.001976 0.020425 0.000025
0 0.012097 0.000305 0.020448 0.000049
0 0.011415 0.000672 0.021812 0.000033
0 0.011528 0.001005 0.021588 0.000033
0 0.010773 0.000185 0.018633 0.000021
0 0.010875 0.000071 0.018429 0.000106
0 0.011977 0.000352 0.020688 0.000033
0 0.010834 0.000106 0.018511 0.000122
0 0.010833 0.000175 0.018513 0.000047
0 0.011022 0.000281 0.018135 0.000106
0 0.010987 0.000281 0.018205 0.000105
0 0.012065 0.000402 0.020512 0.000038
0 0.011886 0.000528 0.020870 0.000052
0 0.012008 0.000419 0.020627 0.000042
0 0.011986 0.000368 0.020671 0.000033
0 0.010622 0.001887 0.018935 0.000138
0 0.010583 0.001904 0.019012 0.000130
0 0.010547 0.001230 0.019085 0.000090
0 0.010576 0.001939 0.019026 0.000057
0 0.010626 0.001535 0.018926 0.000086
0 0.010643 0.001533 0.018892 0.000098
0 0.010640 0.001500 0.018899 0.000132
0 0.010687 0.001491 0.018805 0.000099
0 0.010704 0.001478 0.018771 0.000092
0 0.010711 0.001455 0.018756 0.000086
0 0.010727 0.001444 0.018724 0.000089
0 0.010737 0.001422 0.018704 0.000092
0 0.010756 0.001422 0.018666 0.000090
0 0.010773 0.001418 0.018633 0.000099
0 0.010791 0.001407 0.018597 0.000089
0 0.010797 0.001375 0.018585 0.000093
0 0.010814 0.001369 0.018550 0.000092
0 0.010843 0.001346 0.018492 0.000099
0 0.010856 0.001334 0.018467 0.000100
0 0.010898 0.001357 0.018382 0.000057
0 0.010874 0.001304 0.018431 0.000059
0 0.010556 0.001179 0.019067 0.000131
0 0.011672 0.001176 0.021300 0.000030
0 0.010617 0.001558 0.018945 0.000093
0 0.010581 0.001545 0.019016 0.000129
0 0.010573 0.001602 0.019033 0.000094
0 0.010397 0.001745 0.019384 0.000089
0 0.010548 0.001967 0.019082 0.000089
0 0.011639 0.001942 0.021366 0.000035
0 0.010510 0.001994 0.019158 0.000090
0 0.010480 0.002028 0.019218 0.000102
0 0.010434 0.002035 0.019310 0.000133
0 0.010321 0.001785 0.019536 0.000140
0 0.010370 0.001780 0.019438 0.000092
0 0.010385 0.001770 0.019408 0.000099
0 0.010415 0.001738 0.019349 0.000093
0 0.010549 0.001639 0.019080 0.000092
0 0.010428 0.001723 0.019322 0.000091
0 0.010426 0.001694 0.019327 0.000127
0 0.010459 0.001702 0.019261 0.000090
0 0.010473 0.001688 0.019233 0.000096
0 0.011595 0.001612 0.021453 0.000042
0 0.010488 0.001654 0.019202 0.000135
0 0.010491 0.001622 0.019196 0.000143
0 0.010531 0.001642 0.019116 0.000092
0 0.010220 0.000209 0.019739 0.000056