0 0.011679 0.000901 0.021286 0.000022
0 0.011931 0.000440 0.020781 0.000023
0 0.011928 0.000177 0.020788 0.000022
0 0.011910 0.000197 0.020823 0.000023
0 0.011917 0.000222 0.020808 0.000025
0 0.011905 0.000183 0.020833 0.000021
0 0.011892 0.000250 0.020860 0.000023
0 0.011894 0.000299 0.020855 0.000019
0 0.011889 0.000275 0.020866 0.000024
0 0.011916 0.000386 0.020812 0.000019
0 0.011918 0.000394 0.020806 0.000021
0 0.011923 0.000497 0.020796 0.000023
0 0.011901 0.000416 0.020841 0.000022
0 0.011843 0.000241 0.020958 0.000019
0 0.011910 0.000451 0.020823 0.000029
0 0.011915 0.000507 0.020813 0.000020
0 0.011910 0.000491 0.020823 0.000021
0 0.011899 0.000457 0.020846 0.000027
0 0.011878 0.000372 0.020886 0.000023
0 0.011875 0.000362 0.020893 0.000022
0 0.011876 0.000328 0.020891 0.000027
0 0.011859 0.000307 0.020924 0.000028
0 0.011852 0.000278 0.020938 0.000024
0 0.011849 0.000270 0.020945 0.000025
0 0.011915 0.000133 0.020813 0.000024
0 0.011908 0.000109 0.020828 0.000025
0 0.011901 0.000275 0.020842 0.000023
0 0.011906 0.000229 0.020831 0.000025
0 0.011926 0.000506 0.020790 0.000024
0 0.011905 0.000434 0.020832 0.000025
0 0.011898 0.000407 0.020846 0.000023
0 0.011896 0.000397 0.020851 0.000023
0 0.011894 0.000387 0.020855 0.000020
0 0.011850 0.000376 0.020942 0.000023
0 0.011846 0.000370 0.020950 0.000028
0 0.011844 0.000358 0.020954 0.000022
0 0.011841 0.000348 0.020960 0.000025
0 0.011881 0.000096 0.020882 0.000020
0 0.011880 0.000130 0.020883 0.000023
0 0.011878 0.000248 0.020886 0.000035
0 0.011884 0.000257 0.020874 0.000021
0 0.011935 0.000206 0.020773 0.000020
0 0.011941 0.000103 0.020762 0.000023
0 0.011896 0.000067 0.020851 0.000023
0 0.011904 0.000091 0.020835 0.000022
0 0.011913 0.000208 0.020818 0.000022
0 0.011920 0.000153 0.020803 0.000022
0 0.011914 0.000125 0.020815 0.000018
0 0.011908 0.000190 0.020827 0.000021
0 0.011843 0.000254 0.020957 0.000025
0 0.011839 0.000231 0.020965 0.000021
0 0.011921 0.000404 0.020802 0.000025
0 0.000851 0.001504 0.001701 0.000226
0 0.011108 0.001170 0.017962 0.000038
0 0.010696 0.000455 0.018786 0.000068
0 0.010660 0.000387 0.018859 0.000035
0 0.010648 0.000375 0.018883 0.000048
0 0.010612 0.000312 0.018954 0.000048
0 0.000073 0.002136 0.000145 0.000058
0 0.000035 0.002077 0.000070 0.000068
0 0.000054 0.002143 0.000108 0.000064
0 0.000687 0.001220 0.001374 0.000233
0 0.000797 0.001410 0.001593 0.000237
0 0.000954 0.001719 0.001909 0.000237
0 0.011840 0.000074 0.020963 0.000023
0 0.001070 0.001927 0.002140 0.000236
0 0.000899 0.001037 0.001798 0.000217
0 0.000844 0.000944 0.001689 0.000220
0 0.000792 0.000849 0.001583 0.000216
0 0.000632 0.000567 0.001264 0.000222
0 0.000582 0.000479 0.001164 0.000224
0 0.000497 0.000320 0.000994 0.000188
0 0.000471 0.000837 0.000942 0.000234
0 0.000421 0.000714 0.000843 0.000398
0 0.000239 0.000370 0.000478 0.000283
0 0.011670 0.000513 0.021303 0.000019
0 0.011695 0.000269 0.021253 0.000021
0 0.011698 0.000262 0.021247 0.000022
0 0.011701 0.000254 0.021241 0.000020
0 0.011838 0.000064 0.020966 0.000024
0 0.011848 0.000131 0.020947 0.000023
0 0.011842 0.000116 0.020958 0.000024
0 0.011840 0.000106 0.020962 0.000021
0 0.011836 0.000055 0.020971 0.000022
0 0.011831 0.000072 0.020982 0.000023
0 0.011829 0.000063 0.020985 0.000021
0 0.011825 0.000054 0.020992 0.000020
0 0.011856 0.000048 0.020931 0.000016
0 0.011823 0.000049 0.020996 0.000011
0 0.011768 0.000056 0.021107 0.000016
0 0.011763 0.000059 0.021116 0.000020
0 0.011758 0.000067 0.021127 0.000024
0 0.011751 0.000090 0.021140 0.000024
0 0.011744 0.000109 0.021154 0.000024
0 0.011744 0.000117 0.021155 0.000023
0 0.011719 0.000196 0.021206 0.000024
0 0.011715 0.000204 0.021212 0.000024
0 0.011711 0.000220 0.021222 0.000022
0 0.011708 0.000229 0.021228 0.000022
0 0.011703 0.000245 0.021237 0.000021
0 0.011924 0.000415 0.020796 0.000021
0 0.011910 0.000367 0.020823 0.000027
0 0.011600 0.000718 0.021442 0.000023
0 0.012254 0.000967 0.020135 0.000024
0 0.012139 0.001019 0.020365 0.000020
0 0.012113 0.000937 0.020417 0.000018
0 0.012103 0.000921 0.020437 0.000020
0 0.012085 0.000889 0.020473 0.000021
0 0.012069 0.000860 0.020506 0.000024
0 0.012191 0.000951 0.020260 0.000033
0 0.012258 0.000863 0.020126 0.000018
0 0.012249 0.000951 0.020145 0.000021
0 0.012243 0.000845 0.020158 0.000023
0 0.012258 0.000984 0.020127 0.000025
0 0.012251 0.000959 0.020140 0.000022
0 0.012118 0.000766 0.020407 0.000029
0 0.012256 0.000854 0.020132 0.000021
0 0.012248 0.000831 0.020146 0.000023
0 0.012251 0.000840 0.020141 0.000021
0 0.012255 0.000888 0.020133 0.000024
0 0.012252 0.000879 0.020138 0.000023
0 0.012246 0.000854 0.020151 0.000023
0 0.012245 0.000935 0.020153 0.000020
0 0.012233 0.000893 0.020176 0.000019
0 0.012231 0.000885 0.020181 0.000021
0 0.012235 0.000900 0.020172 0.000023
0 0.012145 0.001041 0.020353 0.000019
0 0.012152 0.001065 0.020338 0.000021
0 0.012263 0.001002 0.020117 0.000016
0 0.011764 0.000713 0.021115 0.000018
0 0.011634 0.000792 0.021375 0.000019
0 0.011583 0.000651 0.021477 0.000027
0 0.011797 0.001050 0.021048 0.000019
0 0.011843 0.001159 0.020956 0.000020
0 0.012268 0.002038 0.020107 0.000031
0 0.011119 0.001692 0.017941 0.000030
0 0.012251 0.001611 0.020141 0.000024
0 0.012257 0.001595 0.020128 0.000023
0 0.012241 0.001643 0.020161 0.000028
0 0.012263 0.001577 0.020116 0.000024
0 0.012013 0.001435 0.020618 0.000019
0 0.011957 0.001362 0.020729 0.000019
0 0.011322 0.000159 0.021999 0.000019
0 0.011337 0.000194 0.021969 0.000020
0 0.010119 0.000229 0.019940 0.000045
0 0.010128 0.000158 0.019922 0.000063
0 0.010139 0.000129 0.019900 0.000046
0 0.010696 0.000454 0.018786 0.000072
0 0.011790 0.000406 0.021063 0.000030
0 0.010648 0.000374 0.018884 0.000049
0 0.010612 0.000312 0.018954 0.000049
0 0.012224 0.001169 0.020195 0.000040
0 0.012124 0.000761 0.020395 0.000027
0 0.011914 0.000376 0.020815 0.000022
0 0.012234 0.000049 0.020174 0.000022
0 0.011997 0.000557 0.020650 0.000023
0 0.011994 0.000551 0.020655 0.000023
0 0.011990 0.000546 0.020662 0.000025
0 0.011987 0.000542 0.020669 0.000023
0 0.011973 0.000407 0.020698 0.000025
0 0.011969 0.000414 0.020704 0.000025
0 0.012251 0.000043 0.020140 0.000022
0 0.012247 0.000047 0.020150 0.000023
0 0.012250 0.000107 0.020142 0.000025
0 0.012236 0.000104 0.020172 0.000024
0 0.012255 0.000041 0.020134 0.000023
0 0.012107 0.000697 0.020428 0.000024
0 0.012253 0.000121 0.020136 0.000024
0 0.012074 0.000107 0.020495 0.000023
0 0.012062 0.000091 0.020518 0.000023
0 0.012058 0.000075 0.020527 0.000010
0 0.011994 0.000035 0.020654 0.000012
0 0.011982 0.000036 0.020679 0.000011
0 0.011971 0.000038 0.020701 0.000012
0 0.011935 0.000552 0.020774 0.000025
0 0.011929 0.000432 0.020786 0.000022
0 0.011934 0.000449 0.020775 0.000020
0 0.012008 0.000581 0.020627 0.000024
0 0.012003 0.000639 0.020637 0.000025
0 0.012035 0.000695 0.020572 0.000024
0 0.012032 0.000691 0.020580 0.000024
0 0.012028 0.000686 0.020586 0.000024
0 0.012026 0.000679 0.020592 0.000023
0 0.012038 0.000703 0.020567 0.000021
0 0.012041 0.000709 0.020560 0.000024
0 0.012022 0.000674 0.020598 0.000023
0 0.012033 0.000742 0.020577 0.000021
0 0.012016 0.000712 0.020611 0.000020
0 0.012141 0.001030 0.020361 0.000021
0 0.012119 0.000953 0.020404 0.000023
0 0.012093 0.000905 0.020456 0.000023
0 0.012078 0.000874 0.020486 0.000020
0 0.012040 0.000805 0.020563 0.000019
0 0.012034 0.000625 0.020574 0.000026
0 0.012033 0.000446 0.020577 0.000028
0 0.012048 0.000647 0.020547 0.000027
0 0.012044 0.000641 0.020555 0.000026
0 0.012028 0.000615 0.020586 0.000025
0 0.012025 0.000611 0.020593 0.000025
0 0.012015 0.000590 0.020612 0.000025
0 0.012010 0.000753 0.020624 0.000023
0 0.012044 0.000713 0.020554 0.000026
0 0.000113 0.000297 0.000227 0.000272