0 0.011177 0.001280 0.022290 0.000030
0 0.011200 0.000962 0.022243 0.000050
0 0.004524 0.000411 0.008810 0.000079
0 0.004525 0.000522 0.008807 0.000079
0 0.004627 0.000294 0.008603 0.000075
0 0.004628 0.000405 0.008601 0.000077
0 0.004629 0.000516 0.008599 0.000079
0 0.015123 0.001564 0.027790 0.000598
0 0.006775 0.001806 0.013235 0.000568
0 0.014704 0.001803 0.028628 0.000402
0 0.003666 0.000518 0.006061 0.000413
0 0.004150 0.001757 0.005093 0.000519
0 0.004078 0.000935 0.005237 0.000718
0 0.011278 0.001153 0.022086 0.000018
0 0.011300 0.001182 0.022043 0.000017
0 0.011241 0.001169 0.022161 0.000016
0 0.011405 0.000917 0.021832 0.000019
0 0.011406 0.000955 0.021830 0.000023
0 0.011407 0.000997 0.021829 0.000038
0 0.011442 0.000956 0.021758 0.000034
0 0.011449 0.000958 0.021746 0.000032
0 0.011441 0.000922 0.021760 0.000037
0 0.011442 0.000857 0.021760 0.000033
0 0.011449 0.000854 0.021744 0.000035
0 0.012067 0.000276 0.020510 0.000019
0 0.012036 0.000275 0.020571 0.000019
0 0.011990 0.000112 0.020664 0.000035
0 0.004522 0.000300 0.008813 0.000080