0 0.010153 0.001346 0.019873 0.000062
0 0.001072 0.001018 0.002145 0.000232
0 0.000296 0.000397 0.000592 0.000206
0 0.000350 0.000389 0.000699 0.000210
0 0.000473 0.000365 0.000946 0.000229
0 0.000540 0.000329 0.001079 0.000214
0 0.000594 0.000347 0.001188 0.000230
0 0.000661 0.000317 0.001321 0.000235
0 0.000718 0.000314 0.001436 0.000266
0 0.000785 0.000274 0.001571 0.000277
0 0.000850 0.000289 0.001700 0.000233
0 0.000918 0.000280 0.001836 0.000278
0 0.000995 0.000282 0.001991 0.000265
0 0.001067 0.000240 0.002134 0.000250
0 0.001070 0.000501 0.002140 0.000249
0 0.001048 0.000747 0.002096 0.000167
0 0.001072 0.001276 0.002144 0.000229
0 0.010168 0.000950 0.019843 0.000071
0 0.001078 0.001535 0.002155 0.000235
0 0.001076 0.001799 0.002151 0.000233
0 0.000949 0.001891 0.001898 0.000235
0 0.000940 0.001097 0.001879 0.000233
0 0.000937 0.000836 0.001874 0.000236
0 0.000778 0.001329 0.001557 0.000174
0 0.000779 0.001094 0.001557 0.000172
0 0.000657 0.001199 0.001313 0.000246
0 0.000659 0.001459 0.001318 0.000245
0 0.000652 0.000884 0.001304 0.000272
0 0.000450 0.000906 0.000900 0.000268
0 0.000083 0.001385 0.000166 0.000309
0 0.000064 0.000992 0.000127 0.000022
0 0.000264 0.001459 0.000527 0.000211
0 0.000160 0.000398 0.000320 0.000308