0 0.010976 0.002089 0.018226 0.000037
0 0.008675 0.001344 0.013900 0.000006
0 0.008668 0.001419 0.013913 0.000005
0 0.008655 0.001469 0.013939 0.000007
0 0.008650 0.001504 0.013950 0.000004
0 0.008651 0.001534 0.013947 0.000006
0 0.008651 0.001545 0.013947 0.000004
0 0.008658 0.001595 0.013934 0.000006
0 0.008652 0.001642 0.013947 0.000007
0 0.008654 0.001657 0.013943 0.000004
0 0.008654 0.001688 0.013942 0.000005
0 0.008645 0.001724 0.013959 0.000006
0 0.008642 0.001762 0.013966 0.000008
0 0.008668 0.001802 0.013914 0.000007
0 0.008675 0.001835 0.013899 0.000006
0 0.008688 0.001886 0.013875 0.000006
0 0.008675 0.001941 0.013901 0.000026
0 0.008684 0.001919 0.013882 0.000021
0 0.008664 0.001961 0.013923 0.000024
0 0.008645 0.001964 0.013960 0.000035
0 0.008632 0.001975 0.013987 0.000030
0 0.008574 0.002022 0.014101 0.000030
0 0.008563 0.002029 0.014123 0.000035
0 0.008542 0.002038 0.014166 0.000053
0 0.008525 0.002050 0.014199 0.000030
0 0.008492 0.002056 0.014266 0.000029
0 0.008484 0.002058 0.014282 0.000030
0 0.008471 0.002046 0.014308 0.000027
0 0.008452 0.002055 0.014346 0.000028
0 0.008668 0.001401 0.013914 0.000006
0 0.008721 0.001218 0.013807 0.000007
0 0.008360 0.002055 0.014530 0.000028
0 0.008704 0.001284 0.013841 0.000023
0 0.008441 0.000403 0.014367 0.000010
0 0.008809 0.000097 0.013632 0.000043
0 0.008824 0.000136 0.013601 0.000028
0 0.008817 0.000330 0.013617 0.000011
0 0.008833 0.000299 0.013584 0.000005
0 0.008798 0.000396 0.013653 0.000008
0 0.008806 0.000357 0.013637 0.000015
0 0.008796 0.000446 0.013658 0.000005
0 0.008787 0.000464 0.013676 0.000004
0 0.008778 0.000575 0.013695 0.000008
0 0.008775 0.000538 0.013701 0.000007
0 0.008769 0.000631 0.013712 0.000004
0 0.008770 0.000692 0.013710 0.000004
0 0.008770 0.000718 0.013709 0.000005
0 0.008770 0.000761 0.013709 0.000008
0 0.008768 0.000799 0.013713 0.000004
0 0.008762 0.000839 0.013725 0.000010
0 0.008772 0.000826 0.013707 0.000008
0 0.008756 0.000874 0.013738 0.000008
0 0.008746 0.000902 0.013758 0.000007
0 0.008739 0.000933 0.013773 0.000008
0 0.008742 0.000964 0.013767 0.000005
0 0.008743 0.001011 0.013764 0.000007
0 0.008745 0.001044 0.013761 0.000005
0 0.008745 0.001066 0.013760 0.000007
0 0.008747 0.001101 0.013757 0.000012
0 0.008726 0.001192 0.013798 0.000013
0 0.008429 0.002042 0.014392 0.000049
0 0.008378 0.002038 0.014493 0.000030
0 0.008553 0.000254 0.014143 0.000051
0 0.008181 0.001605 0.014888 0.000030
0 0.008220 0.001609 0.014810 0.000023
0 0.008255 0.001621 0.014740 0.000026
0 0.008264 0.001619 0.014723 0.000024
0 0.008293 0.001612 0.014665 0.000024
0 0.008322 0.001600 0.014606 0.000030
0 0.008359 0.001595 0.014532 0.000029
0 0.008410 0.001541 0.014429 0.000022
0 0.008412 0.001453 0.014425 0.000005
0 0.008406 0.001413 0.014437 0.000016
0 0.008388 0.001351 0.014475 0.000021
0 0.008374 0.001328 0.014502 0.000018
0 0.008368 0.001304 0.014514 0.000018
0 0.008362 0.001217 0.014526 0.000010
0 0.008354 0.001258 0.014541 0.000011
0 0.008349 0.001153 0.014552 0.000014
0 0.008331 0.001121 0.014588 0.000008
0 0.008329 0.001062 0.014592 0.000013
0 0.008333 0.001027 0.014584 0.000011
0 0.008336 0.001002 0.014579 0.000011
0 0.008346 0.000970 0.014559 0.000009
0 0.008361 0.000938 0.014528 0.000011
0 0.008383 0.000734 0.014484 0.000023
0 0.008394 0.000709 0.014463 0.000020
0 0.008407 0.000676 0.014436 0.000024
0 0.008414 0.000640 0.014423 0.000023
0 0.008426 0.000601 0.014398 0.000023
0 0.008532 0.000291 0.014185 0.000090
0 0.008154 0.001610 0.014942 0.000026
0 0.008116 0.001634 0.015018 0.000031
0 0.008347 0.002058 0.014555 0.000028
0 0.008088 0.001659 0.015075 0.000030
0 0.008403 0.002040 0.014444 0.000050
0 0.008318 0.002067 0.014613 0.000025
0 0.008242 0.002066 0.014767 0.000046
0 0.008268 0.002071 0.014713 0.000042
0 0.008312 0.002065 0.014627 0.000032
0 0.008286 0.002066 0.014678 0.000024
0 0.008136 0.002081 0.014977 0.000033
0 0.008093 0.002079 0.015065 0.000025
0 0.008117 0.002086 0.015015 0.000025
0 0.001369 0.002069 0.001726 0.000006
0 0.008068 0.002086 0.015115 0.000031
0 0.008032 0.002087 0.015185 0.000034
0 0.008054 0.002090 0.015142 0.000022
0 0.007995 0.002111 0.015259 0.000040
0 0.007958 0.002106 0.015335 0.000051
0 0.007937 0.002091 0.015376 0.000032
0 0.007917 0.002035 0.015416 0.000044
0 0.007902 0.001966 0.015446 0.000034
0 0.007900 0.001923 0.015450 0.000040
0 0.007890 0.001856 0.015469 0.000008
0 0.007927 0.001791 0.015396 0.000035
0 0.007935 0.001737 0.015381 0.000022
0 0.007948 0.001719 0.015354 0.000031
0 0.007957 0.001707 0.015337 0.000033
0 0.007982 0.001693 0.015286 0.000044
0 0.007992 0.001688 0.015266 0.000039
0 0.008046 0.001666 0.015158 0.000035
0 0.008454 0.000374 0.014343 0.000007