0 0.011509 0.000627 0.021626 0.000016
0 0.011562 0.000638 0.021518 0.000019
0 0.012235 0.000754 0.020174 0.000038
0 0.012242 0.001060 0.020159 0.000036
0 0.011518 0.001069 0.021606 0.000016
0 0.011475 0.000633 0.021693 0.000017
0 0.011510 0.000673 0.021624 0.000015
0 0.011507 0.000497 0.021629 0.000018
0 0.011505 0.000401 0.021632 0.000015
0 0.011561 0.000455 0.021520 0.000016
0 0.011473 0.000561 0.021697 0.000016
0 0.011513 0.000917 0.021616 0.000016
0 0.011476 0.000506 0.021691 0.000016
0 0.011507 0.000546 0.021628 0.000015
0 0.011507 0.000562 0.021628 0.000015
0 0.011474 0.000579 0.021695 0.000015
0 0.011511 0.000641 0.021621 0.000015
0 0.011510 0.000707 0.021624 0.000017
0 0.011511 0.000829 0.021621 0.000017
0 0.011517 0.001037 0.021610 0.000014
0 0.012226 0.000050 0.020191 0.000036
0 0.012259 0.001955 0.020125 0.000037
0 0.012254 0.001737 0.020135 0.000040
0 0.012228 0.000277 0.020188 0.000036
0 0.011439 0.001159 0.021766 0.000016
0 0.011440 0.001143 0.021764 0.000015
0 0.011440 0.001127 0.021764 0.000015
0 0.011437 0.001076 0.021768 0.000015
0 0.011438 0.001061 0.021768 0.000015
0 0.011437 0.001042 0.021768 0.000014
0 0.011436 0.001024 0.021770 0.000015
0 0.011435 0.001008 0.021772 0.000016
0 0.011437 0.000969 0.021768 0.000036
0 0.011437 0.000879 0.021768 0.000036
0 0.011435 0.000840 0.021772 0.000036
0 0.011434 0.000760 0.021774 0.000036
0 0.011434 0.000712 0.021775 0.000035
0 0.011433 0.000672 0.021777 0.000034
0 0.011431 0.000572 0.021781 0.000037
0 0.011446 0.000472 0.021751 0.000037
0 0.011428 0.000443 0.021786 0.000037
0 0.011516 0.001003 0.021611 0.000016
0 0.011514 0.000900 0.021614 0.000018
0 0.011491 0.001327 0.021661 0.000015
0 0.003878 0.000409 0.005637 0.000316
0 0.011284 0.000180 0.022076 0.000037
0 0.011203 0.000234 0.022236 0.000062
0 0.011271 0.000175 0.022102 0.000033
0 0.011198 0.000178 0.022246 0.000032
0 0.011187 0.000209 0.022269 0.000036
0 0.011163 0.000192 0.022317 0.000015
0 0.011163 0.000175 0.022317 0.000016
0 0.004217 0.001141 0.004959 0.000206
0 0.015013 0.000926 0.028010 0.000723
0 0.011512 0.000883 0.021618 0.000018
0 0.015260 0.000668 0.027515 0.000721
0 0.007019 0.001768 0.012747 0.000642
0 0.014989 0.001771 0.028058 0.000485
0 0.004612 0.001204 0.008634 0.000083
0 0.004610 0.001101 0.008637 0.000083
0 0.004607 0.000937 0.008644 0.000087
0 0.004606 0.000833 0.008646 0.000084
0 0.004604 0.000731 0.008649 0.000083
0 0.011294 0.000180 0.022055 0.000038
0 0.011360 0.000477 0.021923 0.000044
0 0.011426 0.000405 0.021791 0.000032
0 0.011429 0.000485 0.021785 0.000040
0 0.011512 0.000864 0.021619 0.000017
0 0.011478 0.000926 0.021686 0.000018
0 0.011481 0.000889 0.021680 0.000019
0 0.011478 0.000835 0.021686 0.000015
0 0.011440 0.001272 0.021762 0.000015
0 0.011440 0.001254 0.021763 0.000016
0 0.011440 0.001239 0.021763 0.000014
0 0.011440 0.001222 0.021764 0.000016
0 0.011440 0.001206 0.021764 0.000015
0 0.011440 0.001192 0.021763 0.000016
0 0.011440 0.001175 0.021763 0.000015
0 0.011439 0.001110 0.021766 0.000016
0 0.011439 0.001094 0.021766 0.000015
0 0.011437 0.000920 0.021769 0.000033
0 0.011435 0.000798 0.021773 0.000033
0 0.011430 0.000530 0.021782 0.000038
0 0.011431 0.000623 0.021781 0.000038
0 0.011437 0.001368 0.021768 0.000017
0 0.011491 0.001345 0.021661 0.000015
0 0.011561 0.000618 0.021522 0.000017
0 0.011504 0.000384 0.021635 0.000015
0 0.011507 0.000577 0.021629 0.000015
0 0.011508 0.000529 0.021627 0.000015
0 0.011508 0.000514 0.021627 0.000016
0 0.011506 0.000482 0.021631 0.000017
0 0.011506 0.000466 0.021631 0.000017
0 0.011506 0.000449 0.021631 0.000018
0 0.011505 0.000432 0.021633 0.000015
0 0.011506 0.000416 0.021631 0.000015
0 0.011474 0.000542 0.021695 0.000016
0 0.011517 0.001106 0.021610 0.000016
0 0.011473 0.000524 0.021697 0.000018
0 0.011471 0.000487 0.021702 0.000019
0 0.011472 0.000468 0.021700 0.000016
0 0.011473 0.000450 0.021697 0.000015
0 0.011473 0.000430 0.021697 0.000016
0 0.011470 0.000413 0.021703 0.000016
0 0.011516 0.001158 0.021611 0.000019
0 0.011516 0.001140 0.021611 0.000017
0 0.011507 0.000595 0.021629 0.000016
0 0.011508 0.000610 0.021627 0.000017
0 0.011473 0.000596 0.021697 0.000018
0 0.011473 0.000613 0.021696 0.000016
0 0.011561 0.000585 0.021522 0.000019
0 0.011561 0.000566 0.021520 0.000016
0 0.011562 0.000548 0.021518 0.000016
0 0.011559 0.000529 0.021525 0.000016
0 0.011561 0.000511 0.021522 0.000016
0 0.011560 0.000491 0.021523 0.000018
0 0.011560 0.000473 0.021524 0.000016
0 0.011560 0.000437 0.021524 0.000015
0 0.011562 0.000419 0.021519 0.000015
0 0.011559 0.000401 0.021525 0.000015
0 0.011559 0.000381 0.021525 0.000015
0 0.011509 0.000657 0.021625 0.000015
0 0.011510 0.000689 0.021624 0.000015
0 0.011475 0.000708 0.021692 0.000017
0 0.011476 0.000689 0.021691 0.000018
0 0.011477 0.000671 0.021690 0.000016
0 0.011476 0.000652 0.021691 0.000015
0 0.011518 0.001123 0.021607 0.000015
0 0.011518 0.001089 0.021606 0.000015
0 0.011491 0.001362 0.021662 0.000015
0 0.011437 0.001540 0.021769 0.000016
0 0.011493 0.001414 0.021657 0.000016
0 0.011493 0.001431 0.021656 0.000015
0 0.011493 0.001449 0.021656 0.000016
0 0.011493 0.001465 0.021656 0.000016
0 0.011494 0.001500 0.021655 0.000015
0 0.011495 0.001519 0.021653 0.000016
0 0.011496 0.001536 0.021651 0.000016
0 0.011437 0.001451 0.021769 0.000019
0 0.011439 0.001524 0.021766 0.000015
0 0.011516 0.001053 0.021612 0.000017
0 0.011439 0.001507 0.021765 0.000017
0 0.011438 0.001488 0.021767 0.000018
0 0.011438 0.001557 0.021768 0.000018
0 0.011438 0.001470 0.021767 0.000018
0 0.011437 0.001433 0.021768 0.000016
0 0.011495 0.001483 0.021653 0.000015
0 0.011491 0.001397 0.021660 0.000015
0 0.011490 0.001378 0.021664 0.000015
0 0.011480 0.000854 0.021683 0.000015
0 0.011483 0.000871 0.021678 0.000015
0 0.011481 0.000907 0.021681 0.000015
0 0.011484 0.000944 0.021676 0.000014
0 0.011515 0.001020 0.021614 0.000016
0 0.011517 0.000969 0.021609 0.000017
0 0.011513 0.000952 0.021616 0.000015
0 0.011513 0.000934 0.021617 0.000016
0 0.011513 0.000848 0.021617 0.000016
0 0.011485 0.001156 0.021673 0.000016
0 0.011484 0.001140 0.021674 0.000015
0 0.011484 0.001124 0.021674 0.000015
0 0.011484 0.001106 0.021674 0.000015
0 0.011484 0.001090 0.021674 0.000015
0 0.011484 0.001073 0.021674 0.000014
0 0.011482 0.001059 0.021679 0.000019
0 0.011483 0.001042 0.021677 0.000017
0 0.011484 0.001027 0.021675 0.000016
0 0.011483 0.001009 0.021677 0.000015
0 0.011480 0.000993 0.021683 0.000019
0 0.011483 0.000963 0.021678 0.000015
0 0.004602 0.000628 0.008653 0.000084