0 0.011475 0.001770 0.021693 0.000013
0 0.012067 0.001594 0.020509 0.000017
0 0.010718 0.001118 0.018743 0.000036
0 0.011846 0.001180 0.020950 0.000017
0 0.010323 0.001008 0.019533 0.000034
0 0.010317 0.001022 0.019545 0.000032
0 0.010314 0.001052 0.019551 0.000044
0 0.010300 0.001110 0.019578 0.000047
0 0.010233 0.001324 0.019713 0.000051
0 0.011322 0.001195 0.021999 0.000015
0 0.010220 0.001195 0.019738 0.000104
0 0.010173 0.001400 0.019832 0.000031
0 0.011362 0.000899 0.021918 0.000024
0 0.011240 0.001377 0.022163 0.000027
0 0.011277 0.001354 0.022089 0.000019
0 0.011263 0.001392 0.022116 0.000021
0 0.012063 0.001603 0.020517 0.000017
0 0.011458 0.001756 0.021726 0.000025
0 0.012059 0.001613 0.020525 0.000017
0 0.010629 0.001537 0.018921 0.000073
0 0.011399 0.001533 0.021846 0.000024
0 0.011399 0.001578 0.021846 0.000018
0 0.011407 0.001545 0.021829 0.000024
0 0.011443 0.001588 0.021756 0.000024
0 0.011468 0.001618 0.021707 0.000020
0 0.011419 0.001707 0.021806 0.000019
0 0.011220 0.001463 0.022204 0.000019
0 0.011225 0.001465 0.022193 0.000019
0 0.011230 0.001469 0.022183 0.000019
0 0.011249 0.001501 0.022146 0.000025
0 0.011255 0.001502 0.022133 0.000021
0 0.011260 0.001506 0.022124 0.000020
0 0.010717 0.001101 0.018744 0.000037
0 0.010718 0.001084 0.018742 0.000037
0 0.010724 0.001073 0.018730 0.000037
0 0.010751 0.001085 0.018676 0.000036
0 0.010734 0.000519 0.018711 0.000043
0 0.010728 0.000537 0.018722 0.000045
0 0.010724 0.000553 0.018731 0.000043
0 0.010720 0.000572 0.018739 0.000036
0 0.010714 0.000585 0.018750 0.000045
0 0.010709 0.000604 0.018761 0.000044
0 0.010704 0.000622 0.018771 0.000045
0 0.010698 0.000639 0.018782 0.000041
0 0.010694 0.000656 0.018791 0.000047
0 0.010688 0.000671 0.018803 0.000047
0 0.011564 0.000600 0.021514 0.000030
0 0.011557 0.000595 0.021528 0.000035
0 0.010407 0.000728 0.019365 0.000043
0 0.010400 0.000720 0.019379 0.000050
0 0.010413 0.000735 0.019352 0.000043
0 0.010419 0.000750 0.019341 0.000035
0 0.010424 0.000755 0.019330 0.000034
0 0.010353 0.000567 0.019472 0.000023
0 0.010353 0.000584 0.019473 0.000026
0 0.012167 0.001256 0.020308 0.000018
0 0.010776 0.000905 0.018626 0.000033
0 0.010772 0.000917 0.018634 0.000032
0 0.010771 0.000935 0.018636 0.000036
0 0.010760 0.000959 0.018659 0.000033
0 0.010753 0.000972 0.018673 0.000035
0 0.010752 0.000988 0.018675 0.000036
0 0.010745 0.001000 0.018689 0.000036
0 0.010743 0.001017 0.018693 0.000035
0 0.010759 0.001057 0.018661 0.000037
0 0.011264 0.001511 0.022115 0.000019
0 0.011268 0.001519 0.022106 0.000018
0 0.011272 0.001524 0.022098 0.000021
0 0.011296 0.001557 0.022050 0.000022
0 0.011302 0.001560 0.022039 0.000020
0 0.011297 0.001580 0.022048 0.000020
0 0.011290 0.001601 0.022063 0.000024
0 0.011286 0.001595 0.022070 0.000019
0 0.011301 0.001586 0.022041 0.000021
0 0.011307 0.001566 0.022028 0.000019
0 0.011280 0.001615 0.022083 0.000023
0 0.011294 0.001606 0.022054 0.000024
0 0.011311 0.001572 0.022021 0.000021
0 0.011316 0.001579 0.022011 0.000019
0 0.011299 0.001614 0.022045 0.000020
0 0.011305 0.001591 0.022032 0.000019
0 0.011326 0.001591 0.021991 0.000018
0 0.011321 0.001586 0.022002 0.000019
0 0.011331 0.001594 0.021981 0.000020
0 0.011339 0.001608 0.021965 0.000019
0 0.011335 0.001599 0.021972 0.000019
0 0.011323 0.001614 0.021997 0.000023
0 0.011577 0.001849 0.021488 0.000023
0 0.011592 0.001867 0.021458 0.000020
0 0.011597 0.001875 0.021449 0.000023
0 0.011602 0.001878 0.021438 0.000022
0 0.011606 0.001889 0.021430 0.000021
0 0.011611 0.001893 0.021421 0.000024
0 0.011617 0.001898 0.021409 0.000024
0 0.011564 0.001896 0.021516 0.000022
0 0.011568 0.001903 0.021506 0.000022
0 0.011578 0.001914 0.021487 0.000022
0 0.011584 0.001917 0.021474 0.000017
0 0.011291 0.001576 0.022061 0.000022
0 0.011293 0.001551 0.022056 0.000021
0 0.011278 0.001527 0.022088 0.000018
0 0.011288 0.001571 0.022066 0.000019
0 0.011249 0.001521 0.022145 0.000019
0 0.011253 0.001526 0.022136 0.000020
0 0.011258 0.001528 0.022127 0.000020
0 0.011262 0.001538 0.022119 0.000020
0 0.011248 0.001546 0.022147 0.000021
0 0.011253 0.001549 0.022137 0.000021
0 0.011256 0.001557 0.022131 0.000020
0 0.011250 0.001579 0.022143 0.000022
0 0.011267 0.001545 0.022110 0.000021
0 0.011272 0.001547 0.022099 0.000021
0 0.011260 0.001567 0.022123 0.000025
0 0.011267 0.001567 0.022108 0.000021
0 0.011255 0.001588 0.022133 0.000019
0 0.011256 0.001604 0.022130 0.000019
0 0.011281 0.001535 0.022080 0.000022
0 0.011285 0.001541 0.022072 0.000021
0 0.011289 0.001546 0.022066 0.000022
0 0.011275 0.001554 0.022092 0.000022
0 0.011280 0.001560 0.022083 0.000020
0 0.011284 0.001564 0.022075 0.000020
0 0.011272 0.001573 0.022099 0.000019
0 0.011275 0.001580 0.022094 0.000019
0 0.011261 0.001585 0.022121 0.000019
0 0.011265 0.001591 0.022112 0.000020
0 0.011269 0.001599 0.022104 0.000020
0 0.011261 0.001610 0.022122 0.000019
0 0.011263 0.001619 0.022117 0.000019
0 0.011279 0.001583 0.022086 0.000021
0 0.011282 0.001590 0.022078 0.000022
0 0.010736 0.000488 0.018707 0.000049