0 0.000674 0.000892 0.001348 0.000317
0 0.011388 0.000118 0.021867 0.000024
0 0.011412 0.000151 0.021819 0.000014
0 0.011651 0.000809 0.021342 0.000017
0 0.011650 0.000794 0.021344 0.000020
0 0.011719 0.000721 0.021204 0.000018
0 0.011964 0.000209 0.020716 0.000032
0 0.012007 0.000131 0.020629 0.000038
0 0.010484 0.000059 0.019210 0.000034
0 0.010422 0.000108 0.019334 0.000031
0 0.011530 0.000056 0.021583 0.000023
0 0.011454 0.000118 0.021735 0.000018
0 0.011441 0.000112 0.021762 0.000025
0 0.011403 0.000035 0.021836 0.000020
0 0.011361 0.000013 0.021921 0.000019
0 0.011351 0.000057 0.021940 0.000029
0 0.011365 0.000103 0.021914 0.000028
0 0.011346 0.000197 0.021951 0.000032
0 0.011342 0.000211 0.021958 0.000030
0 0.011284 0.000051 0.022075 0.000027
0 0.011278 0.000061 0.022086 0.000029
0 0.011271 0.000087 0.022101 0.000025
0 0.011291 0.000437 0.022061 0.000031
0 0.011286 0.000429 0.022071 0.000031
0 0.011278 0.000404 0.022086 0.000031
0 0.001041 0.000342 0.002083 0.000239
0 0.000919 0.000612 0.001838 0.000501
0 0.000952 0.001686 0.001904 0.000443
0 0.000778 0.001890 0.001556 0.000338
0 0.011389 0.000147 0.021864 0.000023
0 0.011378 0.000129 0.021887 0.000024
0 0.000619 0.001055 0.001238 0.000294
0 0.011388 0.000352 0.021866 0.000035
0 0.000354 0.001277 0.000708 0.000452
0 0.000247 0.001069 0.000493 0.000330
0 0.000148 0.000574 0.000295 0.000241
0 0.000101 0.000370 0.000203 0.000217
0 0.011589 0.000954 0.021465 0.000029
0 0.011597 0.000985 0.021450 0.000030
0 0.011592 0.000940 0.021460 0.000031
0 0.011598 0.000971 0.021447 0.000033
0 0.011350 0.000701 0.021943 0.000025
0 0.011340 0.000682 0.021963 0.000028
0 0.011322 0.000601 0.021998 0.000032
0 0.011338 0.000270 0.021966 0.000033
0 0.011333 0.000282 0.021976 0.000032
0 0.011331 0.000293 0.021982 0.000032
0 0.011319 0.000332 0.022005 0.000024
0 0.011322 0.000342 0.021999 0.000026
0 0.011325 0.000354 0.021993 0.000026
0 0.011328 0.000365 0.021987 0.000025
0 0.011352 0.000450 0.021938 0.000027
0 0.011349 0.000440 0.021945 0.000029
0 0.011364 0.000452 0.021915 0.000026
0 0.011369 0.000446 0.021905 0.000029
0 0.011373 0.000439 0.021896 0.000026
0 0.011381 0.000425 0.021880 0.000026
0 0.011377 0.000370 0.021889 0.000031
0 0.011380 0.000384 0.021883 0.000036
0 0.011386 0.000336 0.021872 0.000031
0 0.000448 0.001278 0.000897 0.000431