0 0.000043 0.001624 0.000086 0.000087
0 0.000794 0.001070 0.001587 0.000148
0 0.000257 0.001150 0.000514 0.000110
0 0.000275 0.001107 0.000550 0.000092
0 0.000294 0.001068 0.000589 0.000089
0 0.000332 0.000992 0.000665 0.000091
0 0.000405 0.000610 0.000810 0.000085
0 0.000442 0.000548 0.000884 0.000097
0 0.000478 0.000822 0.000956 0.000090
0 0.000586 0.000486 0.001172 0.000114
0 0.000618 0.000178 0.001237 0.000076
0 0.000942 0.000490 0.001883 0.000167
0 0.001068 0.000044 0.002136 0.000086
0 0.000800 0.000779 0.001600 0.000134
0 0.000768 0.001121 0.001536 0.000150
0 0.000846 0.000961 0.001693 0.000124
0 0.000163 0.002072 0.000325 0.000154
0 0.000925 0.001115 0.001850 0.000108
0 0.000923 0.000808 0.001845 0.000115
0 0.000717 0.000961 0.001434 0.000201
0 0.000678 0.001047 0.001355 0.000255
0 0.000587 0.001235 0.001174 0.000253
0 0.000531 0.001340 0.001061 0.000163
0 0.000493 0.001416 0.000985 0.000228
0 0.000439 0.001518 0.000879 0.000179
0 0.000402 0.001604 0.000804 0.000210
0 0.000302 0.001797 0.000604 0.000179
0 0.000259 0.001886 0.000517 0.000175
0 0.000461 0.001745 0.000923 0.000122
0 0.000486 0.001714 0.000971 0.000113
0 0.000127 0.001171 0.000254 0.000094