0 0.012024 0.002129 0.020595 0.000018
0 0.011861 0.000260 0.020920 0.000038
0 0.011782 0.000266 0.021079 0.000036
0 0.011750 0.000476 0.021142 0.000051
0 0.011734 0.000422 0.021175 0.000045
0 0.011700 0.000373 0.021242 0.000037
0 0.011688 0.000394 0.021267 0.000039
0 0.011639 0.000474 0.021365 0.000038
0 0.011606 0.000480 0.021430 0.000051
0 0.011467 0.000085 0.021709 0.000017
0 0.011468 0.000104 0.021708 0.000019
0 0.011701 0.000162 0.021241 0.000016
0 0.011702 0.000142 0.021240 0.000018
0 0.011674 0.000143 0.021296 0.000020
0 0.011626 0.000234 0.021391 0.000018
0 0.011621 0.000148 0.021401 0.000017
0 0.011618 0.000107 0.021407 0.000023
0 0.011616 0.000069 0.021410 0.000018
0 0.011530 0.000097 0.021584 0.000018
0 0.011461 0.000445 0.021720 0.000045
0 0.010482 0.001990 0.019214 0.000066
0 0.010424 0.001364 0.019331 0.000046
0 0.010618 0.001308 0.018942 0.000131
0 0.010516 0.001459 0.019146 0.000134
0 0.010525 0.001481 0.019129 0.000135
0 0.011080 0.000302 0.018019 0.000121
0 0.010598 0.000425 0.018982 0.000179
0 0.011805 0.000263 0.021032 0.000039
0 0.011889 0.000257 0.020864 0.000041
0 0.010439 0.000470 0.019300 0.000103
0 0.011919 0.000258 0.020805 0.000038
0 0.012011 0.000250 0.020622 0.000038
0 0.011997 0.000252 0.020649 0.000044
0 0.012110 0.000147 0.020423 0.000039
0 0.012098 0.000154 0.020447 0.000042
0 0.012073 0.000155 0.020497 0.000042
0 0.012085 0.000151 0.020473 0.000038
0 0.012057 0.000152 0.020530 0.000039
0 0.012044 0.000151 0.020555 0.000037
0 0.012030 0.000146 0.020584 0.000038
0 0.012018 0.000154 0.020607 0.000039
0 0.012003 0.000157 0.020638 0.000041
0 0.012094 0.000035 0.020454 0.000045
0 0.012056 0.000074 0.020531 0.000042
0 0.012072 0.000029 0.020499 0.000037
0 0.012055 0.000034 0.020534 0.000040
0 0.012040 0.000078 0.020562 0.000040
0 0.012026 0.000073 0.020591 0.000045
0 0.012030 0.000033 0.020582 0.000034
0 0.012016 0.000069 0.020611 0.000041
0 0.012017 0.000036 0.020609 0.000037
0 0.012005 0.000068 0.020633 0.000034
0 0.012005 0.000034 0.020633 0.000031
0 0.011988 0.000033 0.020666 0.000029
0 0.011972 0.000074 0.020698 0.000039
0 0.011934 0.000249 0.020775 0.000049
0 0.010455 0.000468 0.019269 0.000110
0 0.010439 0.000372 0.019300 0.000080
0 0.012038 0.000249 0.020568 0.000038
0 0.010660 0.000952 0.018859 0.000203
0 0.010563 0.000952 0.019053 0.000196
0 0.010547 0.000955 0.019084 0.000197
0 0.010436 0.001012 0.019307 0.000095
0 0.010418 0.001001 0.019343 0.000096
0 0.010257 0.001892 0.019665 0.000168
0 0.010271 0.001886 0.019637 0.000186
0 0.010301 0.001843 0.019576 0.000178
0 0.010330 0.001789 0.019518 0.000179
0 0.010348 0.001728 0.019482 0.000080
0 0.010363 0.001744 0.019453 0.000140
0 0.010394 0.001672 0.019391 0.000075
0 0.010413 0.001646 0.019353 0.000052
0 0.010427 0.001610 0.019324 0.000199
0 0.010245 0.001551 0.019689 0.000043
0 0.010237 0.001335 0.019705 0.000039
0 0.010237 0.001058 0.019704 0.000035
0 0.010244 0.001032 0.019691 0.000033
0 0.010240 0.001004 0.019698 0.000042
0 0.010233 0.000972 0.019713 0.000041
0 0.010235 0.000913 0.019709 0.000050
0 0.010237 0.000792 0.019705 0.000045
0 0.010226 0.000763 0.019727 0.000050
0 0.010222 0.000730 0.019734 0.000042
0 0.010233 0.000698 0.019714 0.000045
0 0.010233 0.000665 0.019714 0.000044
0 0.010625 0.000958 0.018928 0.000190
0 0.010691 0.000960 0.018797 0.000095
0 0.010377 0.000432 0.019425 0.000182
0 0.010709 0.000961 0.018761 0.000188
0 0.010392 0.000421 0.019394 0.000207
0 0.010883 0.000623 0.018412 0.000049
0 0.010885 0.000585 0.018409 0.000030
0 0.010890 0.000867 0.018399 0.000039
0 0.010892 0.000839 0.018394 0.000025
0 0.010891 0.000787 0.018396 0.000034
0 0.010477 0.000745 0.019225 0.000132
0 0.010447 0.000773 0.019284 0.000174
0 0.010466 0.000779 0.019246 0.000163
0 0.010416 0.000769 0.019347 0.000177
0 0.010418 0.000902 0.019343 0.000085
0 0.010431 0.000768 0.019317 0.000068
0 0.010430 0.000706 0.019319 0.000060
0 0.010608 0.000809 0.018962 0.000108
0 0.010594 0.000821 0.018991 0.000085
0 0.010715 0.000724 0.018748 0.000098
0 0.010701 0.000727 0.018777 0.000090
0 0.010668 0.000738 0.018843 0.000104
0 0.010688 0.000732 0.018803 0.000092
0 0.010705 0.000825 0.018769 0.000086
0 0.010688 0.000824 0.018803 0.000087
0 0.010743 0.000698 0.018692 0.000095
0 0.010748 0.000821 0.018683 0.000160
0 0.010736 0.000955 0.018706 0.000203
0 0.010723 0.000970 0.018732 0.000070
0 0.012026 0.000249 0.020591 0.000037
0 0.012065 0.000250 0.020513 0.000038
0 0.012051 0.002086 0.020541 0.000045
0 0.012004 0.001463 0.020634 0.000042
0 0.011986 0.001482 0.020671 0.000040
0 0.011966 0.001505 0.020711 0.000036
0 0.011948 0.001521 0.020748 0.000037
0 0.011937 0.001530 0.020770 0.000033
0 0.011927 0.001540 0.020789 0.000035
0 0.011814 0.001790 0.021015 0.000034
0 0.011902 0.001862 0.020840 0.000032
0 0.011874 0.001853 0.020896 0.000018
0 0.011872 0.001831 0.020899 0.000018
0 0.011872 0.001809 0.020899 0.000020
0 0.011932 0.001825 0.020779 0.000016
0 0.011932 0.001802 0.020778 0.000017
0 0.011931 0.001776 0.020781 0.000019
0 0.011927 0.001754 0.020789 0.000026
0 0.011921 0.001730 0.020802 0.000031
0 0.011910 0.001701 0.020824 0.000029
0 0.011905 0.001680 0.020833 0.000034
0 0.011804 0.001801 0.021034 0.000037
0 0.011816 0.001641 0.021010 0.000037
0 0.011807 0.001651 0.021029 0.000031
0 0.011799 0.001664 0.021045 0.000038
0 0.011793 0.001682 0.021058 0.000030
0 0.011783 0.001695 0.021077 0.000034
0 0.011765 0.001725 0.021113 0.000037
0 0.011756 0.001738 0.021131 0.000036
0 0.011995 0.001476 0.020652 0.000039
0 0.012015 0.001457 0.020612 0.000038
0 0.011740 0.001761 0.021162 0.000036
0 0.012025 0.001449 0.020592 0.000035
0 0.012049 0.002043 0.020545 0.000033
0 0.012029 0.002003 0.020586 0.000035
0 0.012001 0.001990 0.020642 0.000020
0 0.011966 0.001960 0.020711 0.000032
0 0.011963 0.001902 0.020717 0.000031
0 0.012109 0.001836 0.020425 0.000017
0 0.012107 0.001814 0.020428 0.000018
0 0.012106 0.001602 0.020430 0.000019
0 0.012107 0.001627 0.020428 0.000017
0 0.012109 0.001770 0.020426 0.000018
0 0.012049 0.001855 0.020545 0.000016
0 0.012048 0.001836 0.020548 0.000019
0 0.012048 0.001812 0.020547 0.000018
0 0.012049 0.001731 0.020545 0.000016
0 0.012047 0.001711 0.020550 0.000017
0 0.012046 0.001691 0.020551 0.000020
0 0.012045 0.001646 0.020553 0.000017
0 0.012043 0.001623 0.020557 0.000014
0 0.012106 0.001729 0.020430 0.000015
0 0.012107 0.001705 0.020429 0.000015
0 0.012106 0.001664 0.020430 0.000016
0 0.012102 0.001539 0.020440 0.000018
0 0.012102 0.001518 0.020440 0.000016
0 0.012102 0.001493 0.020440 0.000019
0 0.012049 0.001438 0.020545 0.000034
0 0.011749 0.001747 0.021145 0.000031
0 0.011730 0.001775 0.021183 0.000031
0 0.012090 0.000302 0.020463 0.000037
0 0.012201 0.001085 0.020242 0.000027
0 0.012015 0.000459 0.020613 0.000038
0 0.012006 0.000499 0.020630 0.000041
0 0.011972 0.000505 0.020699 0.000041
0 0.011960 0.000504 0.020722 0.000039
0 0.011995 0.000457 0.020653 0.000037
0 0.011973 0.000461 0.020697 0.000034
0 0.011961 0.000461 0.020721 0.000039
0 0.011949 0.000506 0.020744 0.000042
0 0.011925 0.000503 0.020792 0.000037
0 0.011918 0.000364 0.020807 0.000032
0 0.011929 0.000367 0.020786 0.000036
0 0.011941 0.000365 0.020761 0.000034
0 0.011951 0.000365 0.020741 0.000035
0 0.011970 0.000362 0.020703 0.000043
0 0.011981 0.000360 0.020681 0.000034
0 0.012003 0.000360 0.020636 0.000034
0 0.012014 0.000360 0.020614 0.000037
0 0.012025 0.000356 0.020593 0.000033
0 0.012037 0.000360 0.020570 0.000036
0 0.010978 0.000479 0.018222 0.000038
0 0.012209 0.000083 0.020226 0.000044
0 0.012166 0.000387 0.020312 0.000029
0 0.012095 0.000424 0.020453 0.000030
0 0.012093 0.000398 0.020457 0.000035
0 0.012099 0.000349 0.020445 0.000029
0 0.012025 0.000450 0.020592 0.000034
0 0.012135 0.001141 0.020372 0.000024
0 0.011735 0.001949 0.021173 0.000034
0 0.012107 0.001146 0.020429 0.000019
0 0.011724 0.001967 0.021195 0.000034
0 0.011690 0.002020 0.021263 0.000021
0 0.011638 0.001934 0.021367 0.000040
0 0.011629 0.001946 0.021385 0.000039
0 0.011620 0.001964 0.021403 0.000039
0 0.011571 0.002044 0.021500 0.000044
0 0.011426 0.002186 0.021790 0.000036
0 0.011976 0.001558 0.020692 0.000030
0 0.011984 0.001390 0.020676 0.000029
0 0.012234 0.001359 0.020175 0.000040
0 0.011887 0.001605 0.020869 0.000037
0 0.011848 0.001559 0.020948 0.000032
0 0.011838 0.001482 0.020967 0.000032
0 0.011794 0.001408 0.021056 0.000039
0 0.011623 0.001857 0.021397 0.000031
0 0.011568 0.001334 0.021506 0.000016
0 0.012051 0.001230 0.020540 0.000023
0 0.011057 0.001127 0.018065 0.000018
0 0.012190 0.001291 0.020263 0.000026
0 0.012189 0.001201 0.020264 0.000014
0 0.012158 0.001184 0.020327 0.000019
0 0.012187 0.001178 0.020268 0.000022
0 0.012147 0.001212 0.020350 0.000021
0 0.012127 0.001196 0.020389 0.000020
0 0.012095 0.001208 0.020452 0.000030
0 0.010225 0.000607 0.019729 0.000049