0 0.007306 0.001605 0.012173 0.000625
0 0.015177 0.001597 0.027682 0.000369
0 0.003681 0.000804 0.006031 0.000195
0 0.003842 0.000783 0.005709 0.000151
0 0.003692 0.000445 0.006010 0.000174
0 0.003834 0.001197 0.005724 0.000137
0 0.004111 0.000980 0.005170 0.000167
0 0.004053 0.001160 0.005286 0.000161
0 0.003952 0.001196 0.005490 0.000188
0 0.003925 0.000926 0.005543 0.000195
0 0.004212 0.001060 0.004968 0.000106
0 0.004169 0.001223 0.005055 0.000120
0 0.004320 0.001242 0.004754 0.000139
0 0.005255 0.001339 0.007348 0.000072
0 0.005242 0.001381 0.007373 0.000071
0 0.005299 0.001417 0.007259 0.000073
0 0.005287 0.001456 0.007282 0.000067
0 0.005329 0.001540 0.007199 0.000072
0 0.005317 0.001584 0.007224 0.000066
0 0.003520 0.000480 0.006353 0.000199