0 0.016060 0.002074 0.030380 0.000026
0 0.016040 0.001238 0.030420 0.000025
0 0.016127 0.000820 0.030247 0.000029
0 0.016126 0.000941 0.030247 0.000038
0 0.016126 0.000770 0.030247 0.000042
0 0.016111 0.000694 0.030277 0.000041
0 0.016127 0.000513 0.030247 0.000026
0 0.016114 0.000512 0.030273 0.000033
0 0.016113 0.000478 0.030274 0.000028
0 0.016008 0.000939 0.030485 0.000035
0 0.016007 0.001063 0.030486 0.000035
0 0.015996 0.001054 0.030508 0.000031
0 0.016031 0.001205 0.030439 0.000025
0 0.015992 0.001235 0.030515 0.000021
0 0.015783 0.000919 0.030933 0.000038
0 0.015970 0.001225 0.030561 0.000017
0 0.015992 0.000970 0.030515 0.000025
0 0.015999 0.001203 0.030502 0.000020
0 0.015957 0.001203 0.030586 0.000021
0 0.015880 0.001256 0.030740 0.000027
0 0.015898 0.001188 0.030704 0.000022
0 0.015769 0.001163 0.030962 0.000034
0 0.015773 0.001103 0.030954 0.000031
0 0.015785 0.001109 0.030930 0.000026
0 0.015784 0.001041 0.030932 0.000038
0 0.015769 0.001018 0.030962 0.000032
0 0.016219 0.000727 0.030062 0.000036
0 0.016223 0.000789 0.030055 0.000033
0 0.016239 0.000760 0.030023 0.000029
0 0.016237 0.000703 0.030026 0.000034
0 0.016474 0.000285 0.029552 0.000037
0 0.016430 0.000321 0.029640 0.000021
0 0.016432 0.000291 0.029636 0.000020
0 0.016439 0.000125 0.029622 0.000012
0 0.016318 0.000126 0.029865 0.000023
0 0.016370 0.000294 0.029761 0.000031
0 0.016348 0.000296 0.029804 0.000016
0 0.015709 0.000180 0.031082 0.000027
0 0.015844 0.000163 0.030812 0.000026
0 0.015897 0.000168 0.030706 0.000024
0 0.016012 0.000158 0.030476 0.000018
0 0.016167 0.000109 0.030166 0.000033
0 0.016257 0.000307 0.029987 0.000026
0 0.016317 0.000302 0.029866 0.000027
0 0.016246 0.000344 0.030008 0.000032
0 0.016233 0.000306 0.030034 0.000031
0 0.016170 0.000341 0.030160 0.000015
0 0.016174 0.000316 0.030152 0.000018
0 0.016140 0.000316 0.030220 0.000021
0 0.016126 0.000433 0.030248 0.000025
0 0.016128 0.000403 0.030244 0.000035
0 0.016227 0.000446 0.030047 0.000038
0 0.016238 0.000456 0.030024 0.000038
0 0.015783 0.000968 0.030933 0.000052
0 0.015772 0.000839 0.030955 0.000041
0 0.016352 0.000574 0.029797 0.000038
0 0.015705 0.000379 0.031090 0.000018
0 0.016010 0.000357 0.030479 0.000022
0 0.015992 0.000328 0.030517 0.000041
0 0.015981 0.000372 0.030538 0.000038
0 0.015925 0.000331 0.030650 0.000037
0 0.015880 0.000364 0.030740 0.000021
0 0.015876 0.000339 0.030749 0.000024
0 0.015799 0.000341 0.030903 0.000035
0 0.015781 0.000347 0.030937 0.000036
0 0.015782 0.000372 0.030936 0.000017
0 0.015752 0.000378 0.030996 0.000022
0 0.015751 0.000352 0.030997 0.000018
0 0.015688 0.000352 0.031124 0.000033
0 0.015772 0.000731 0.030957 0.000039
0 0.015666 0.001436 0.031168 0.000020
0 0.015666 0.001392 0.031168 0.000038
0 0.015668 0.001330 0.031164 0.000044
0 0.015665 0.001251 0.031170 0.000035
0 0.015667 0.001197 0.031167 0.000037
0 0.015665 0.001126 0.031170 0.000040
0 0.015670 0.001070 0.031160 0.000041
0 0.015668 0.001014 0.031163 0.000038
0 0.015667 0.000946 0.031166 0.000040
0 0.015676 0.000643 0.031149 0.000033
0 0.015676 0.000588 0.031148 0.000044
0 0.016033 0.000322 0.030434 0.000032
0 0.016011 0.000506 0.030479 0.000038
0 0.016010 0.000564 0.030481 0.000045
0 0.015998 0.000552 0.030505 0.000035
0 0.015774 0.000673 0.030952 0.000031
0 0.015774 0.000610 0.030952 0.000037
0 0.015893 0.001136 0.030714 0.000030
0 0.015883 0.001158 0.030734 0.000036
0 0.015875 0.001098 0.030751 0.000027
0 0.015879 0.000881 0.030742 0.000028
0 0.015896 0.000972 0.030708 0.000043
0 0.015885 0.000510 0.030730 0.000028
0 0.015885 0.000596 0.030730 0.000035
0 0.015886 0.000649 0.030728 0.000037
0 0.015881 0.000784 0.030738 0.000038
0 0.015897 0.000761 0.030705 0.000034
0 0.015897 0.000662 0.030705 0.000039
0 0.015897 0.000593 0.030706 0.000046
0 0.015898 0.000523 0.030704 0.000052
0 0.015995 0.000916 0.030509 0.000035
0 0.016007 0.000863 0.030487 0.000044
0 0.016008 0.000813 0.030485 0.000038
0 0.016010 0.000735 0.030480 0.000028
0 0.015997 0.000692 0.030506 0.000037
0 0.016009 0.000673 0.030482 0.000035
0 0.016010 0.000606 0.030479 0.000028
0 0.015998 0.000618 0.030503 0.000031
0 0.016320 0.000534 0.029860 0.000015
0 0.016337 0.000572 0.029827 0.000034
0 0.016057 0.002036 0.030386 0.000036
0 0.015775 0.001731 0.030949 0.000038
0 0.015878 0.001649 0.030745 0.000048
0 0.015889 0.001596 0.030722 0.000033
0 0.015880 0.001571 0.030740 0.000035
0 0.015879 0.001528 0.030742 0.000037
0 0.015893 0.001460 0.030715 0.000041
0 0.015882 0.001443 0.030737 0.000039
0 0.015893 0.001380 0.030714 0.000036
0 0.015882 0.001388 0.030737 0.000044
0 0.015777 0.001869 0.030946 0.000039
0 0.015777 0.001786 0.030946 0.000030
0 0.015761 0.001785 0.030978 0.000035
0 0.015761 0.001684 0.030978 0.000021
0 0.016066 0.001494 0.030367 0.000040
0 0.015730 0.001681 0.031040 0.000023
0 0.015665 0.001679 0.031171 0.000021
0 0.015665 0.001521 0.031170 0.000031
0 0.015766 0.001462 0.030967 0.000046
0 0.015779 0.001409 0.030942 0.000035
0 0.015769 0.001207 0.030962 0.000038
0 0.016027 0.001498 0.030446 0.000037
0 0.015977 0.001632 0.030546 0.000040
0 0.015993 0.001590 0.030514 0.000041
0 0.015993 0.001549 0.030514 0.000036
0 0.016020 0.001539 0.030459 0.000037
0 0.015879 0.001782 0.030742 0.000038
0 0.015875 0.001833 0.030749 0.000038
0 0.015921 0.001741 0.030657 0.000028
0 0.016225 0.001441 0.030050 0.000018
0 0.016075 0.001978 0.030350 0.000037
0 0.016074 0.001888 0.030352 0.000031
0 0.016063 0.001845 0.030373 0.000031
0 0.016043 0.001889 0.030415 0.000041
0 0.015964 0.001971 0.030572 0.000021
0 0.015948 0.002063 0.030603 0.000044
0 0.015935 0.002110 0.030630 0.000054
0 0.015799 0.002082 0.030902 0.000041
0 0.015774 0.002053 0.030953 0.000021
0 0.015760 0.002021 0.030981 0.000021
0 0.015798 0.002021 0.030904 0.000018
0 0.015823 0.002024 0.030854 0.000023
0 0.015854 0.002009 0.030793 0.000028
0 0.015921 0.001971 0.030657 0.000025
0 0.016003 0.001876 0.030495 0.000033
0 0.016035 0.001826 0.030430 0.000030
0 0.016057 0.001789 0.030386 0.000022
0 0.016074 0.001733 0.030352 0.000044
0 0.016151 0.001644 0.030197 0.000031
0 0.016175 0.002109 0.030151 0.000045
0 0.016174 0.001977 0.030152 0.000037
0 0.016175 0.001901 0.030149 0.000046
0 0.016172 0.001800 0.030157 0.000051
0 0.015960 0.001443 0.030580 0.000028
0 0.016176 0.001525 0.030149 0.000032
0 0.016337 0.000704 0.029827 0.000039
0 0.016446 0.000959 0.029608 0.000033
0 0.016608 0.000687 0.029285 0.000038
0 0.016625 0.000347 0.029251 0.000041
0 0.016624 0.000489 0.029252 0.000028
0 0.016612 0.000419 0.029276 0.000035
0 0.016615 0.000346 0.029270 0.000032
0 0.016615 0.000297 0.029270 0.000038
0 0.016224 0.001083 0.030053 0.000031
0 0.016235 0.000973 0.030030 0.000039
0 0.016355 0.001166 0.029789 0.000034
0 0.016334 0.000963 0.029833 0.000038
0 0.016334 0.000911 0.029831 0.000040
0 0.016480 0.000893 0.029539 0.000032
0 0.016201 0.001485 0.030098 0.000025
0 0.016470 0.000867 0.029560 0.000041
0 0.016529 0.000742 0.029441 0.000028
0 0.016486 0.000786 0.029529 0.000038
0 0.016467 0.000520 0.029566 0.000024
0 0.016437 0.000526 0.029625 0.000018
0 0.016409 0.000521 0.029682 0.000026
0 0.016466 0.000752 0.029568 0.000018
0 0.016380 0.000760 0.029739 0.000039
0 0.016373 0.000807 0.029754 0.000028
0 0.016346 0.000801 0.029807 0.000020
0 0.016358 0.000745 0.029785 0.000025
0 0.016622 0.000736 0.029256 0.000032
0 0.016610 0.000854 0.029279 0.000038
0 0.016601 0.000898 0.029298 0.000044
0 0.016591 0.000872 0.029317 0.000039
0 0.016286 0.001414 0.029928 0.000027
0 0.016314 0.001408 0.029872 0.000023
0 0.016373 0.001411 0.029754 0.000018
0 0.016379 0.001381 0.029741 0.000031
0 0.016462 0.001559 0.029576 0.000051
0 0.016145 0.001345 0.030209 0.000036
0 0.016123 0.001262 0.030255 0.000041
0 0.016126 0.001212 0.030247 0.000041
0 0.016120 0.001121 0.030259 0.000035
0 0.016271 0.001266 0.029958 0.000036
0 0.016253 0.001265 0.029994 0.000048
0 0.016234 0.001199 0.030032 0.000028
0 0.016243 0.001176 0.030014 0.000041
0 0.016235 0.001133 0.030030 0.000044
0 0.016226 0.001147 0.030048 0.000034
0 0.016670 0.001381 0.029160 0.000064
0 0.016648 0.001174 0.029204 0.000022
0 0.016691 0.000951 0.029119 0.000032
0 0.016553 0.001070 0.029393 0.000038
0 0.016579 0.001013 0.029343 0.000047
0 0.016571 0.000980 0.029358 0.000040
0 0.016591 0.000949 0.029318 0.000040
0 0.016576 0.000942 0.029348 0.000035
0 0.015671 0.000512 0.031159 0.000040