0 0.010249 0.002110 0.019680 0.000193
0 0.011626 0.000386 0.021391 0.000054
0 0.011912 0.001264 0.020819 0.000056
0 0.011919 0.001071 0.020806 0.000064
0 0.011567 0.001748 0.021509 0.000029
0 0.011485 0.001536 0.021673 0.000064
0 0.011208 0.001361 0.022227 0.000073
0 0.012126 0.000547 0.020392 0.000060
0 0.012049 0.000428 0.020545 0.000060
0 0.011949 0.000850 0.020744 0.000062
0 0.011684 0.000734 0.021275 0.000031
0 0.011683 0.000273 0.021277 0.000052
0 0.011716 0.000211 0.021211 0.000052
0 0.011451 0.000293 0.021740 0.000062
0 0.011368 0.002088 0.021908 0.000056
0 0.011432 0.000243 0.021778 0.000062
0 0.011413 0.000180 0.021817 0.000062
0 0.011431 0.000303 0.021781 0.000058
0 0.011399 0.000545 0.021846 0.000060
0 0.011372 0.000467 0.021898 0.000062
0 0.011352 0.000408 0.021939 0.000060
0 0.011337 0.000351 0.021969 0.000054
0 0.011320 0.000310 0.022002 0.000052
0 0.011303 0.000261 0.022037 0.000062
0 0.011289 0.000151 0.022066 0.000054
0 0.011285 0.000202 0.022073 0.000060
0 0.010799 0.001361 0.018581 0.000209
0 0.011882 0.001632 0.020879 0.000070
0 0.012127 0.001825 0.020389 0.000066
0 0.012107 0.001831 0.020428 0.000068
0 0.011413 0.001985 0.021817 0.000042
0 0.011698 0.001823 0.021247 0.000031
0 0.011739 0.001801 0.021164 0.000041
0 0.011786 0.001782 0.021071 0.000050
0 0.012101 0.001945 0.020441 0.000037
0 0.012042 0.001915 0.020559 0.000037
0 0.012051 0.001970 0.020541 0.000035
0 0.012059 0.002015 0.020526 0.000029
0 0.012068 0.002054 0.020506 0.000041
0 0.012035 0.002116 0.020572 0.000035
0 0.012028 0.002082 0.020587 0.000039
0 0.012015 0.002039 0.020613 0.000035
0 0.012001 0.001999 0.020640 0.000035
0 0.011990 0.001962 0.020663 0.000031
0 0.011978 0.001918 0.020687 0.000029
0 0.011965 0.001878 0.020712 0.000033
0 0.011976 0.001822 0.020691 0.000060
0 0.012001 0.001819 0.020642 0.000070
0 0.012019 0.001829 0.020604 0.000073
0 0.012038 0.001828 0.020566 0.000075
0 0.012058 0.001823 0.020527 0.000070
0 0.012071 0.001831 0.020500 0.000071
0 0.012090 0.001828 0.020463 0.000075
0 0.013672 0.001266 0.026227 0.001512