0 0.015914 0.000486 0.030671 0.000036
0 0.015776 0.001033 0.030948 0.000038
0 0.016505 0.001514 0.029490 0.000040
0 0.016694 0.001483 0.029112 0.000025
0 0.016656 0.001487 0.029188 0.000031
0 0.016685 0.001244 0.029130 0.000021
0 0.016659 0.001270 0.029181 0.000020
0 0.016292 0.000951 0.029916 0.000032
0 0.016343 0.001062 0.029814 0.000035
0 0.016340 0.001132 0.029821 0.000041
0 0.016321 0.001201 0.029858 0.000041
0 0.016340 0.001187 0.029821 0.000026
0 0.016354 0.001268 0.029792 0.000029
0 0.016327 0.001247 0.029846 0.000049
0 0.016330 0.001315 0.029840 0.000040
0 0.016350 0.001395 0.029799 0.000045
0 0.016323 0.001393 0.029853 0.000033
0 0.016329 0.001467 0.029841 0.000047
0 0.016509 0.001453 0.029483 0.000040
0 0.016509 0.001389 0.029482 0.000038
0 0.016523 0.001352 0.029454 0.000041
0 0.016324 0.001541 0.029851 0.000033
0 0.015781 0.001233 0.030938 0.000035
0 0.016526 0.001245 0.029448 0.000042
0 0.015809 0.001236 0.030882 0.000037
0 0.015940 0.001029 0.030620 0.000024
0 0.015961 0.001069 0.030577 0.000048
0 0.015959 0.001154 0.030581 0.000044
0 0.015967 0.001212 0.030566 0.000050
0 0.015955 0.001304 0.030590 0.000028
0 0.015988 0.001278 0.030524 0.000053
0 0.015979 0.001552 0.030542 0.000047
0 0.015974 0.001480 0.030553 0.000038
0 0.015969 0.001410 0.030562 0.000038
0 0.015973 0.001362 0.030554 0.000037
0 0.015812 0.001445 0.030875 0.000035
0 0.015813 0.001486 0.030873 0.000038
0 0.015819 0.001638 0.030862 0.000048
0 0.015798 0.001636 0.030905 0.000038
0 0.015800 0.001576 0.030901 0.000044
0 0.015795 0.001500 0.030910 0.000032
0 0.015792 0.001446 0.030915 0.000035
0 0.015790 0.001374 0.030920 0.000039
0 0.015812 0.001037 0.030875 0.000029
0 0.016505 0.001327 0.029490 0.000040
0 0.016518 0.001202 0.029464 0.000039
0 0.015994 0.001355 0.030511 0.000035
0 0.015877 0.000795 0.030747 0.000023
0 0.015785 0.000835 0.030930 0.000018
0 0.015787 0.000799 0.030926 0.000032
0 0.015749 0.000838 0.031002 0.000019
0 0.015710 0.000806 0.031080 0.000022
0 0.015695 0.000843 0.031111 0.000027
0 0.015656 0.000844 0.031187 0.000019
0 0.015646 0.000810 0.031208 0.000037
0 0.015626 0.000112 0.031248 0.000023
0 0.015681 0.000112 0.031138 0.000032
0 0.015763 0.000284 0.030975 0.000044
0 0.015767 0.000357 0.030967 0.000038
0 0.015777 0.000484 0.030946 0.000044
0 0.015772 0.000573 0.030956 0.000029
0 0.015777 0.000622 0.030946 0.000041
0 0.015758 0.000632 0.030984 0.000037
0 0.015757 0.000572 0.030985 0.000037
0 0.015754 0.000504 0.030992 0.000036
0 0.015748 0.000395 0.031004 0.000031
0 0.015751 0.000355 0.030998 0.000041
0 0.015841 0.000835 0.030819 0.000026
0 0.015883 0.000825 0.030734 0.000018
0 0.016488 0.001157 0.029524 0.000027
0 0.015919 0.000824 0.030662 0.000027
0 0.016501 0.001116 0.029498 0.000043
0 0.016520 0.001096 0.029460 0.000038
0 0.016514 0.001022 0.029472 0.000044
0 0.016486 0.001020 0.029528 0.000040
0 0.016487 0.000976 0.029526 0.000044
0 0.016508 0.000815 0.029485 0.000038
0 0.016421 0.000758 0.029657 0.000030
0 0.016371 0.000800 0.029759 0.000037
0 0.016307 0.000722 0.029887 0.000046
0 0.016309 0.000797 0.029882 0.000036
0 0.016106 0.000776 0.030289 0.000025
0 0.016150 0.000743 0.030199 0.000022
0 0.016151 0.000804 0.030197 0.000039
0 0.016113 0.000811 0.030274 0.000030
0 0.016069 0.000775 0.030363 0.000028
0 0.016059 0.000818 0.030382 0.000022
0 0.016015 0.000820 0.030470 0.000029
0 0.016008 0.000783 0.030484 0.000026
0 0.015920 0.000796 0.030659 0.000027
0 0.015986 0.001203 0.030527 0.000050
0 0.015992 0.001415 0.030515 0.000052
0 0.016335 0.000462 0.029831 0.000026
0 0.015942 0.000410 0.030616 0.000039
0 0.016672 0.002150 0.029156 0.000030
0 0.016677 0.001972 0.029146 0.000023
0 0.016516 0.001651 0.029469 0.000039
0 0.016536 0.001631 0.029428 0.000043
0 0.016540 0.001718 0.029420 0.000052
0 0.016520 0.001738 0.029460 0.000040
0 0.016523 0.001877 0.029453 0.000028
0 0.016547 0.001917 0.029407 0.000025
0 0.016550 0.002153 0.029400 0.000042
0 0.016536 0.002152 0.029429 0.000038
0 0.016349 0.002163 0.029803 0.000026
0 0.016379 0.002171 0.029743 0.000036
0 0.016369 0.002026 0.029762 0.000041
0 0.016347 0.002031 0.029807 0.000027
0 0.016340 0.001951 0.029821 0.000028
0 0.016368 0.001892 0.029765 0.000035
0 0.016343 0.001870 0.029814 0.000045
0 0.016361 0.001812 0.029777 0.000043
0 0.016365 0.001746 0.029769 0.000038
0 0.015917 0.000389 0.030666 0.000035
0 0.015942 0.000340 0.030617 0.000042
0 0.016357 0.001676 0.029786 0.000043
0 0.015919 0.000268 0.030661 0.000038
0 0.016670 0.000120 0.029160 0.000023
0 0.016552 0.000080 0.029396 0.000045
0 0.016625 0.000118 0.029249 0.000032
0 0.016673 0.000232 0.029154 0.000034
0 0.016672 0.000771 0.029156 0.000033
0 0.016682 0.000450 0.029136 0.000038
0 0.016667 0.000358 0.029165 0.000038
0 0.016398 0.000227 0.029704 0.000028
0 0.016361 0.000305 0.029778 0.000041
0 0.016307 0.000071 0.029887 0.000020
0 0.016167 0.000302 0.030167 0.000023
0 0.016336 0.000542 0.029828 0.000026
0 0.016255 0.000554 0.029990 0.000031
0 0.016239 0.000512 0.030022 0.000023
0 0.016107 0.000557 0.030287 0.000026
0 0.015910 0.000347 0.030681 0.000028
0 0.015950 0.000549 0.030599 0.000040
0 0.016052 0.000564 0.030396 0.000035
0 0.015950 0.000633 0.030600 0.000033
0 0.016344 0.001733 0.029812 0.000040
0 0.016356 0.001614 0.029787 0.000041
0 0.015997 0.001492 0.030507 0.000032
0 0.016001 0.002198 0.030498 0.000029
0 0.015822 0.002179 0.030856 0.000046
0 0.015800 0.001704 0.030901 0.000047
0 0.015800 0.001768 0.030900 0.000044
0 0.015825 0.001796 0.030850 0.000043
0 0.015828 0.001862 0.030845 0.000041
0 0.015832 0.001984 0.030836 0.000045
0 0.015798 0.001935 0.030905 0.000017
0 0.016016 0.002058 0.030468 0.000040
0 0.015974 0.002027 0.030553 0.000017
0 0.015989 0.001993 0.030521 0.000045
0 0.016010 0.001974 0.030480 0.000039
0 0.015989 0.001914 0.030522 0.000043
0 0.016009 0.001896 0.030483 0.000034
0 0.015986 0.001831 0.030528 0.000048
0 0.016007 0.001780 0.030487 0.000042
0 0.015986 0.001763 0.030527 0.000050
0 0.016003 0.001686 0.030494 0.000045
0 0.015987 0.001707 0.030525 0.000037
0 0.015998 0.001542 0.030505 0.000035
0 0.015844 0.002203 0.030811 0.000038
0 0.016201 0.002174 0.030099 0.000043
0 0.016138 0.000985 0.030225 0.000036
0 0.016166 0.001905 0.030168 0.000041
0 0.016164 0.001067 0.030172 0.000037
0 0.016173 0.001131 0.030155 0.000035
0 0.016142 0.001134 0.030216 0.000048
0 0.016165 0.001211 0.030170 0.000047
0 0.016146 0.001213 0.030209 0.000043
0 0.016171 0.001278 0.030159 0.000047
0 0.016174 0.001347 0.030153 0.000046
0 0.016151 0.001331 0.030198 0.000033
0 0.016151 0.001419 0.030197 0.000038
0 0.016183 0.001414 0.030133 0.000042
0 0.016176 0.001468 0.030149 0.000042
0 0.016158 0.001470 0.030184 0.000043
0 0.016177 0.001558 0.030146 0.000038
0 0.016179 0.001613 0.030143 0.000041
0 0.016157 0.001638 0.030185 0.000040
0 0.016163 0.001746 0.030173 0.000047
0 0.016185 0.001758 0.030129 0.000034
0 0.016190 0.001828 0.030119 0.000038
0 0.016166 0.001834 0.030168 0.000039
0 0.015740 0.000275 0.031021 0.000034