0 0.011058 0.001987 0.018063 0.000058
0 0.010531 0.001215 0.019117 0.000042
0 0.010470 0.001147 0.019239 0.000051
0 0.010472 0.001177 0.019235 0.000051
0 0.010474 0.001201 0.019231 0.000050
0 0.010471 0.001235 0.019236 0.000050
0 0.010474 0.001256 0.019230 0.000049
0 0.010475 0.001288 0.019229 0.000052
0 0.010531 0.001162 0.019117 0.000045
0 0.010531 0.001188 0.019116 0.000046
0 0.010530 0.001240 0.019118 0.000041
0 0.011059 0.001964 0.018061 0.000055
0 0.010534 0.001299 0.019110 0.000044
0 0.010535 0.001328 0.019108 0.000045
0 0.010536 0.001359 0.019106 0.000043
0 0.010535 0.001382 0.019108 0.000045
0 0.010556 0.001138 0.019067 0.000049
0 0.010556 0.001168 0.019067 0.000047
0 0.010554 0.001201 0.019070 0.000046
0 0.010558 0.001220 0.019062 0.000048
0 0.010456 0.001390 0.019267 0.000047
0 0.010457 0.001363 0.019265 0.000047
0 0.010456 0.001335 0.019267 0.000046
0 0.010454 0.001306 0.019272 0.000047
0 0.010373 0.001368 0.019433 0.000047
0 0.010371 0.001394 0.019436 0.000047
0 0.010386 0.001161 0.019407 0.000051
0 0.010388 0.001187 0.019402 0.000052
0 0.010391 0.001208 0.019397 0.000053
0 0.010390 0.001239 0.019399 0.000053
0 0.010388 0.001272 0.019403 0.000052
0 0.010392 0.001295 0.019395 0.000052
0 0.010391 0.001323 0.019397 0.000052
0 0.010391 0.001352 0.019397 0.000050
0 0.010392 0.001380 0.019395 0.000050
0 0.010393 0.001409 0.019393 0.000052
0 0.010452 0.001167 0.019274 0.000045
0 0.010449 0.001191 0.019280 0.000047
0 0.010450 0.001216 0.019278 0.000049
0 0.010452 0.001247 0.019274 0.000047
0 0.010455 0.001277 0.019269 0.000044
0 0.010557 0.001254 0.019065 0.000046
0 0.010556 0.001282 0.019066 0.000049
0 0.010556 0.001310 0.019067 0.000048
0 0.010701 0.001250 0.018776 0.000047
0 0.010705 0.001339 0.018769 0.000045
0 0.010704 0.001363 0.018770 0.000045
0 0.010717 0.001130 0.018744 0.000051
0 0.010720 0.001154 0.018738 0.000050
0 0.010722 0.001209 0.018735 0.000050
0 0.010722 0.001242 0.018735 0.000046
0 0.010722 0.001266 0.018735 0.000045
0 0.010722 0.001296 0.018735 0.000047
0 0.010723 0.001323 0.018732 0.000047
0 0.010724 0.001349 0.018731 0.000048
0 0.010725 0.001378 0.018729 0.000047
0 0.010786 0.001244 0.018606 0.000050
0 0.010787 0.001272 0.018605 0.000047
0 0.010787 0.001301 0.018604 0.000049
0 0.010788 0.001327 0.018603 0.000049
0 0.010790 0.001358 0.018598 0.000044
0 0.010804 0.001196 0.018571 0.000059
0 0.010706 0.001310 0.018767 0.000045
0 0.010702 0.001229 0.018774 0.000047
0 0.010559 0.001335 0.019060 0.000052
0 0.010703 0.001202 0.018772 0.000047
0 0.010565 0.001351 0.019048 0.000049
0 0.010559 0.001397 0.019061 0.000048
0 0.010616 0.001151 0.018946 0.000049
0 0.010616 0.001177 0.018946 0.000047
0 0.010616 0.001202 0.018946 0.000045
0 0.010618 0.001234 0.018942 0.000042
0 0.010617 0.001258 0.018944 0.000045
0 0.010618 0.001285 0.018943 0.000045
0 0.010635 0.001136 0.018909 0.000051
0 0.010638 0.001159 0.018902 0.000050
0 0.010637 0.001190 0.018904 0.000051
0 0.010638 0.001219 0.018903 0.000049
0 0.010639 0.001248 0.018901 0.000050
0 0.010641 0.001272 0.018897 0.000050
0 0.010641 0.001295 0.018897 0.000050
0 0.010643 0.001327 0.018893 0.000051
0 0.010703 0.001174 0.018774 0.000047
0 0.010370 0.001312 0.019439 0.000047
0 0.010370 0.001285 0.019439 0.000047
0 0.010370 0.001259 0.019438 0.000045
0 0.010208 0.000978 0.019762 0.000047
0 0.010210 0.001027 0.019758 0.000055
0 0.010210 0.001059 0.019759 0.000052
0 0.010210 0.001087 0.019759 0.000052
0 0.010212 0.001111 0.019755 0.000053
0 0.010215 0.001167 0.019749 0.000052
0 0.010213 0.001196 0.019752 0.000050
0 0.010216 0.001246 0.019746 0.000053
0 0.010215 0.001280 0.019748 0.000052
0 0.010216 0.001305 0.019747 0.000047
0 0.010217 0.001333 0.019745 0.000051
0 0.010189 0.001165 0.019801 0.000044
0 0.010190 0.001193 0.019798 0.000045
0 0.010191 0.001218 0.019797 0.000045
0 0.010196 0.001269 0.019787 0.000046
0 0.010269 0.000773 0.019641 0.000047
0 0.010270 0.000800 0.019639 0.000047
0 0.010271 0.000828 0.019638 0.000047
0 0.010210 0.000996 0.019758 0.000053
0 0.010209 0.000948 0.019761 0.000050
0 0.010271 0.000882 0.019637 0.000045
0 0.010208 0.000922 0.019763 0.000047
0 0.010181 0.000749 0.019817 0.000050
0 0.010182 0.000776 0.019815 0.000047
0 0.010182 0.000804 0.019814 0.000047
0 0.010181 0.000834 0.019816 0.000050
0 0.010183 0.000860 0.019812 0.000048
0 0.010188 0.000910 0.019804 0.000042
0 0.010186 0.000939 0.019806 0.000047
0 0.010185 0.000971 0.019808 0.000046
0 0.010186 0.001000 0.019806 0.000046
0 0.010187 0.001051 0.019805 0.000046
0 0.010190 0.001077 0.019799 0.000043
0 0.010191 0.001102 0.019796 0.000045
0 0.010203 0.000754 0.019772 0.000051
0 0.010204 0.000814 0.019770 0.000050
0 0.010205 0.000841 0.019770 0.000047
0 0.010206 0.000866 0.019767 0.000046
0 0.010206 0.000896 0.019766 0.000049
0 0.010270 0.000854 0.019639 0.000047
0 0.010272 0.000912 0.019635 0.000047
0 0.010369 0.001231 0.019440 0.000048
0 0.010277 0.001184 0.019625 0.000047
0 0.010279 0.001241 0.019620 0.000047
0 0.010281 0.001296 0.019617 0.000049
0 0.010280 0.001324 0.019619 0.000047
0 0.010282 0.001354 0.019614 0.000051
0 0.010294 0.001092 0.019591 0.000047
0 0.010296 0.001123 0.019587 0.000047
0 0.010293 0.001147 0.019592 0.000045
0 0.010297 0.001179 0.019584 0.000047
0 0.010297 0.001205 0.019585 0.000047
0 0.010297 0.001230 0.019584 0.000047
0 0.010297 0.001257 0.019585 0.000046
0 0.010299 0.001290 0.019581 0.000047
0 0.010299 0.001313 0.019580 0.000046
0 0.010298 0.001339 0.019582 0.000046
0 0.010300 0.001370 0.019578 0.000047
0 0.010366 0.001171 0.019446 0.000051
0 0.010369 0.001205 0.019440 0.000046
0 0.010275 0.001208 0.019629 0.000050
0 0.010277 0.001159 0.019625 0.000047
0 0.010272 0.000938 0.019635 0.000047
0 0.010277 0.001132 0.019625 0.000047
0 0.010273 0.000965 0.019633 0.000048
0 0.010273 0.000991 0.019632 0.000047
0 0.010284 0.000705 0.019610 0.000048
0 0.010287 0.000734 0.019605 0.000045
0 0.010288 0.000789 0.019603 0.000047
0 0.010288 0.000817 0.019603 0.000047
0 0.010288 0.000843 0.019602 0.000049
0 0.010288 0.000870 0.019603 0.000047
0 0.010289 0.000897 0.019600 0.000047
0 0.010289 0.000924 0.019601 0.000049
0 0.010290 0.000951 0.019599 0.000047
0 0.010292 0.000983 0.019595 0.000046
0 0.010293 0.001009 0.019593 0.000046
0 0.010290 0.001034 0.019599 0.000047
0 0.010276 0.001048 0.019627 0.000047
0 0.010276 0.001076 0.019627 0.000047
0 0.010276 0.001104 0.019627 0.000047
0 0.010803 0.001168 0.018573 0.000058
0 0.010803 0.001144 0.018573 0.000050
0 0.010803 0.001115 0.018574 0.000054
0 0.010630 0.001889 0.018919 0.000057
0 0.010631 0.001947 0.018916 0.000057
0 0.010645 0.001599 0.018889 0.000063
0 0.010649 0.001679 0.018881 0.000061
0 0.010649 0.001706 0.018880 0.000057
0 0.010650 0.001735 0.018878 0.000060
0 0.010651 0.001762 0.018876 0.000062
0 0.010651 0.001791 0.018876 0.000059
0 0.010653 0.001816 0.018873 0.000058
0 0.010652 0.001845 0.018874 0.000058
0 0.010653 0.001873 0.018873 0.000057
0 0.010653 0.001901 0.018872 0.000061
0 0.010655 0.001929 0.018869 0.000059
0 0.010656 0.001958 0.018867 0.000059
0 0.010707 0.001582 0.018764 0.000058
0 0.010706 0.001608 0.018767 0.000057
0 0.010708 0.001660 0.018763 0.000055
0 0.010706 0.001684 0.018766 0.000056
0 0.010629 0.001917 0.018920 0.000059
0 0.010629 0.001862 0.018920 0.000058
0 0.010711 0.001799 0.018757 0.000055
0 0.010628 0.001831 0.018923 0.000057
0 0.010568 0.001711 0.019042 0.000060
0 0.010568 0.001771 0.019042 0.000057
0 0.010567 0.001801 0.019044 0.000057
0 0.010570 0.001825 0.019038 0.000060
0 0.010570 0.001852 0.019039 0.000061
0 0.010570 0.001881 0.019038 0.000057
0 0.010572 0.001906 0.019035 0.000061
0 0.010574 0.001934 0.019031 0.000060
0 0.010574 0.001963 0.019031 0.000059
0 0.010622 0.001589 0.018934 0.000057
0 0.010624 0.001618 0.018931 0.000057
0 0.010623 0.001643 0.018933 0.000056
0 0.010624 0.001671 0.018931 0.000056
0 0.010627 0.001727 0.018925 0.000057
0 0.010626 0.001755 0.018926 0.000051
0 0.010630 0.001783 0.018919 0.000052
0 0.010628 0.001807 0.018923 0.000058
0 0.010708 0.001714 0.018763 0.000057
0 0.010710 0.001824 0.018758 0.000057
0 0.010566 0.001657 0.019046 0.000058
0 0.010792 0.001710 0.018594 0.000056
0 0.010794 0.001793 0.018591 0.000053
0 0.010793 0.001821 0.018592 0.000057
0 0.010796 0.001849 0.018586 0.000057
0 0.010796 0.001901 0.018587 0.000055
0 0.010810 0.001585 0.018558 0.000062
0 0.010813 0.001612 0.018553 0.000059
0 0.010814 0.001638 0.018550 0.000060
0 0.010816 0.001667 0.018547 0.000054
0 0.010815 0.001694 0.018549 0.000058
0 0.010816 0.001721 0.018547 0.000056
0 0.010816 0.001777 0.018546 0.000057
0 0.010818 0.001833 0.018543 0.000056
0 0.010819 0.001888 0.018542 0.000057
0 0.010819 0.001916 0.018542 0.000056
0 0.011055 0.001857 0.018068 0.000057
0 0.011058 0.001905 0.018063 0.000056
0 0.011057 0.001932 0.018065 0.000057
0 0.010791 0.001735 0.018596 0.000059
0 0.010793 0.001684 0.018593 0.000056
0 0.010713 0.001883 0.018752 0.000059
0 0.010790 0.001655 0.018599 0.000050
0 0.010712 0.001908 0.018754 0.000057
0 0.010714 0.001940 0.018750 0.000055
0 0.010730 0.001588 0.018718 0.000060
0 0.010730 0.001619 0.018718 0.000057
0 0.010732 0.001645 0.018714 0.000059
0 0.010732 0.001674 0.018714 0.000057
0 0.010733 0.001695 0.018713 0.000060
0 0.010734 0.001728 0.018710 0.000057
0 0.010735 0.001756 0.018709 0.000059
0 0.010735 0.001806 0.018708 0.000062
0 0.010736 0.001841 0.018708 0.000056
0 0.010736 0.001862 0.018708 0.000062
0 0.010738 0.001918 0.018703 0.000059
0 0.010739 0.001948 0.018700 0.000059
0 0.010787 0.001568 0.018606 0.000056
0 0.010789 0.001600 0.018601 0.000053
0 0.010790 0.001629 0.018599 0.000055
0 0.010566 0.001687 0.019046 0.000062
0 0.010564 0.001631 0.019050 0.000059
0 0.010872 0.001179 0.018435 0.000055
0 0.010863 0.000852 0.018453 0.000053
0 0.010869 0.000897 0.018441 0.000042
0 0.010374 0.001613 0.019430 0.000056
0 0.010372 0.001635 0.019434 0.000056
0 0.010376 0.001670 0.019426 0.000055
0 0.010374 0.001694 0.019431 0.000055
0 0.010378 0.001752 0.019423 0.000058
0 0.010377 0.001779 0.019424 0.000052
0 0.010397 0.001619 0.019384 0.000061
0 0.010400 0.001646 0.019378 0.000060
0 0.010401 0.001674 0.019376 0.000060
0 0.010399 0.001734 0.019380 0.000059
0 0.010402 0.001757 0.019375 0.000057
0 0.010402 0.001787 0.019374 0.000059
0 0.010402 0.001814 0.019374 0.000059
0 0.010402 0.001843 0.019375 0.000058
0 0.010403 0.001868 0.019373 0.000059
0 0.010404 0.001898 0.019372 0.000058
0 0.010864 0.000874 0.018450 0.000050
0 0.010861 0.000821 0.018457 0.000060
0 0.010380 0.001915 0.019418 0.000050
0 0.010865 0.000757 0.018449 0.000059
0 0.010872 0.001207 0.018435 0.000054
0 0.010872 0.001234 0.018435 0.000057
0 0.010873 0.001262 0.018433 0.000055
0 0.010874 0.001290 0.018431 0.000057
0 0.010873 0.001342 0.018432 0.000055
0 0.010891 0.001108 0.018397 0.000064
0 0.010892 0.001159 0.018394 0.000058
0 0.010895 0.001189 0.018388 0.000060
0 0.010898 0.001215 0.018383 0.000059
0 0.010898 0.001296 0.018382 0.000057
0 0.010899 0.001348 0.018380 0.000059
0 0.010968 0.001082 0.018244 0.000062
0 0.010975 0.001094 0.018228 0.000059
0 0.010977 0.001176 0.018225 0.000060
0 0.010982 0.001230 0.018215 0.000049
0 0.011032 0.001151 0.018115 0.000050
0 0.010863 0.000736 0.018453 0.000050
0 0.010380 0.001889 0.019418 0.000057
0 0.010382 0.001942 0.019415 0.000057
0 0.010547 0.001953 0.019085 0.000052
0 0.010485 0.001779 0.019208 0.000060
0 0.010485 0.001835 0.019208 0.000060
0 0.010487 0.001864 0.019205 0.000059
0 0.010485 0.001919 0.019208 0.000059
0 0.010490 0.001942 0.019199 0.000061
0 0.010491 0.001969 0.019197 0.000060
0 0.010538 0.001594 0.019102 0.000056
0 0.010536 0.001620 0.019106 0.000055
0 0.010538 0.001647 0.019102 0.000056
0 0.010542 0.001680 0.019094 0.000058
0 0.010541 0.001705 0.019096 0.000057
0 0.010543 0.001734 0.019093 0.000057
0 0.010543 0.001762 0.019093 0.000054
0 0.010542 0.001788 0.019094 0.000060
0 0.010544 0.001818 0.019090 0.000056
0 0.010545 0.001867 0.019089 0.000052
0 0.010543 0.001896 0.019093 0.000052
0 0.010548 0.001927 0.019083 0.000054
0 0.010485 0.001807 0.019208 0.000057
0 0.010484 0.001753 0.019211 0.000058
0 0.010381 0.001971 0.019416 0.000053
0 0.010484 0.001723 0.019211 0.000057
0 0.010405 0.001923 0.019370 0.000060
0 0.010405 0.001951 0.019369 0.000058
0 0.010407 0.001980 0.019365 0.000059
0 0.010457 0.001631 0.019264 0.000055
0 0.010457 0.001658 0.019264 0.000055
0 0.010457 0.001686 0.019265 0.000059
0 0.010460 0.001715 0.019259 0.000055
0 0.010459 0.001741 0.019261 0.000052
0 0.010460 0.001768 0.019259 0.000054
0 0.010462 0.001797 0.019255 0.000055
0 0.010462 0.001824 0.019255 0.000055
0 0.010462 0.001851 0.019255 0.000056
0 0.010462 0.001879 0.019254 0.000057
0 0.010462 0.001906 0.019254 0.000057
0 0.010465 0.001962 0.019249 0.000052
0 0.010486 0.001657 0.019206 0.000057
0 0.010482 0.001699 0.019215 0.000063
0 0.010178 0.000720 0.019823 0.000054