0 0.012092 0.002041 0.020459 0.000072
0 0.012077 0.001906 0.020490 0.000083
0 0.011215 0.000188 0.022213 0.000042
0 0.011293 0.000333 0.022057 0.000042
0 0.011442 0.000136 0.021760 0.000045
0 0.011455 0.000877 0.021733 0.000080
0 0.011502 0.000852 0.021638 0.000066
0 0.011469 0.001013 0.021705 0.000074
0 0.011562 0.000664 0.021519 0.000047
0 0.011654 0.000654 0.021334 0.000034
0 0.012013 0.000080 0.020617 0.000034
0 0.012020 0.000556 0.020602 0.000044
0 0.012137 0.000499 0.020368 0.000040
0 0.012178 0.000747 0.020287 0.000049
0 0.012089 0.000816 0.020464 0.000047
0 0.012106 0.000904 0.020430 0.000057
0 0.010926 0.001017 0.018326 0.000104
0 0.011963 0.001163 0.020716 0.000064
0 0.011912 0.001266 0.020819 0.000072
0 0.011914 0.001380 0.020814 0.000063
0 0.011849 0.001450 0.020944 0.000061
0 0.011790 0.001620 0.021062 0.000042
0 0.011437 0.001071 0.021769 0.000064
0 0.011486 0.001406 0.021671 0.000057
0 0.011581 0.001860 0.021481 0.000070
0 0.011817 0.002055 0.021008 0.000063
0 0.011935 0.001693 0.020772 0.000070
0 0.013633 0.001145 0.026306 0.001256