0 0.011788 0.001218 0.021067 0.000018
0 0.011412 0.000718 0.021819 0.000016
0 0.011210 0.000762 0.022222 0.000015
0 0.011538 0.000545 0.021566 0.000017
0 0.011533 0.000558 0.021577 0.000016
0 0.011525 0.000573 0.021593 0.000017
0 0.011521 0.000536 0.021601 0.000016
0 0.011516 0.000548 0.021611 0.000016
0 0.011500 0.000577 0.021642 0.000007
0 0.011494 0.000571 0.021654 0.000016
0 0.011499 0.000631 0.021646 0.000020
0 0.011492 0.000617 0.021659 0.000016
0 0.011486 0.000601 0.021671 0.000017
0 0.011480 0.000587 0.021683 0.000018
0 0.011472 0.000568 0.021699 0.000018
0 0.011467 0.000555 0.021710 0.000014
0 0.011461 0.000542 0.021720 0.000014
0 0.011456 0.000528 0.021732 0.000015
0 0.011413 0.000545 0.021817 0.000016
0 0.011407 0.000558 0.021829 0.000014
0 0.011392 0.000580 0.021858 0.000013
0 0.011400 0.000568 0.021843 0.000013
0 0.011442 0.000739 0.021759 0.000017
0 0.011436 0.000724 0.021771 0.000018
0 0.011431 0.000712 0.021781 0.000012
0 0.011423 0.000694 0.021797 0.000015
0 0.011418 0.000681 0.021807 0.000015
0 0.011412 0.000667 0.021820 0.000017
0 0.011404 0.000650 0.021834 0.000019
0 0.011204 0.000777 0.022235 0.000017
0 0.011198 0.000789 0.022247 0.000017
0 0.011192 0.000803 0.022258 0.000017
0 0.011368 0.000878 0.021906 0.000017
0 0.011459 0.000780 0.021724 0.000018
0 0.011453 0.000766 0.021737 0.000016
0 0.011448 0.000753 0.021747 0.000016
0 0.011436 0.000785 0.021771 0.000010
0 0.011428 0.000789 0.021787 0.000016
0 0.011408 0.000788 0.021827 0.000020
0 0.011403 0.000802 0.021836 0.000014
0 0.011397 0.000814 0.021848 0.000016
0 0.011391 0.000827 0.021861 0.000016
0 0.011385 0.000841 0.021872 0.000016
0 0.011379 0.000854 0.021885 0.000015
0 0.011374 0.000866 0.021894 0.000013
0 0.011363 0.000891 0.021918 0.000015
0 0.011184 0.000821 0.022275 0.000015
0 0.011365 0.000898 0.021912 0.000017
0 0.011236 0.000752 0.022170 0.000016
0 0.011230 0.000766 0.022182 0.000017
0 0.011224 0.000780 0.022195 0.000016
0 0.011218 0.000795 0.022208 0.000017
0 0.011212 0.000808 0.022219 0.000015
0 0.011205 0.000822 0.022232 0.000017
0 0.011200 0.000835 0.022243 0.000016
0 0.011194 0.000849 0.022255 0.000017
0 0.011188 0.000862 0.022268 0.000016
0 0.011174 0.000850 0.022294 0.000016
0 0.011178 0.000835 0.022286 0.000015
0 0.011418 0.000731 0.021807 0.000013
0 0.011406 0.000703 0.021832 0.000017
0 0.011557 0.000501 0.021528 0.000016
0 0.011399 0.000688 0.021845 0.000016
0 0.011268 0.000631 0.022106 0.000017
0 0.011274 0.000617 0.022094 0.000016
0 0.011283 0.000599 0.022077 0.000016
0 0.011289 0.000584 0.022064 0.000013
0 0.011295 0.000570 0.022053 0.000018
0 0.011309 0.000535 0.022025 0.000016
0 0.011306 0.000503 0.022031 0.000013
0 0.011303 0.000487 0.022037 0.000016
0 0.011302 0.000470 0.022040 0.000015
0 0.011301 0.000447 0.022042 0.000014
0 0.011300 0.000427 0.022042 0.000016
0 0.011302 0.000409 0.022040 0.000014
0 0.011303 0.000390 0.022037 0.000020
0 0.011419 0.000530 0.021805 0.000017
0 0.011423 0.000512 0.021797 0.000019
0 0.011425 0.000421 0.021792 0.000018
0 0.011429 0.000411 0.021784 0.000018
0 0.011425 0.000386 0.021792 0.000017
0 0.011431 0.000389 0.021782 0.000015
0 0.011427 0.000369 0.021789 0.000016
0 0.011422 0.000350 0.021798 0.000017
0 0.011422 0.000368 0.021799 0.000015
0 0.011417 0.000349 0.021810 0.000018
0 0.011418 0.000335 0.021807 0.000014
0 0.011528 0.000521 0.021588 0.000015
0 0.011534 0.000507 0.021575 0.000016
0 0.011545 0.000530 0.021552 0.000013
0 0.011262 0.000646 0.022118 0.000013
0 0.011256 0.000660 0.022131 0.000014
0 0.011249 0.000674 0.022145 0.000016
0 0.011253 0.000714 0.022136 0.000017
0 0.011393 0.000674 0.021857 0.000016
0 0.011393 0.000622 0.021857 0.000016
0 0.011390 0.000600 0.021863 0.000019
0 0.011372 0.000622 0.021899 0.000016
0 0.011367 0.000607 0.021909 0.000013
0 0.011360 0.000595 0.021923 0.000013
0 0.011352 0.000589 0.021939 0.000009
0 0.011344 0.000583 0.021956 0.000012
0 0.011336 0.000576 0.021970 0.000012
0 0.011329 0.000568 0.021985 0.000013
0 0.011320 0.000566 0.022002 0.000013
0 0.011243 0.000736 0.022157 0.000018
0 0.011261 0.000696 0.022121 0.000017
0 0.011243 0.000689 0.022156 0.000012
0 0.011270 0.000679 0.022104 0.000015
0 0.011277 0.000663 0.022090 0.000014
0 0.011282 0.000649 0.022079 0.000016
0 0.011289 0.000635 0.022065 0.000016
0 0.011294 0.000622 0.022055 0.000016
0 0.011301 0.000607 0.022041 0.000014
0 0.011306 0.000594 0.022030 0.000016
0 0.011307 0.000580 0.022029 0.000015
0 0.011217 0.000748 0.022208 0.000015
0 0.011224 0.000734 0.022196 0.000015
0 0.011231 0.000716 0.022181 0.000015
0 0.011237 0.000702 0.022170 0.000015
0 0.011465 0.000796 0.021713 0.000016
0 0.011471 0.000808 0.021700 0.000016
0 0.011479 0.000826 0.021686 0.000018
0 0.011445 0.000798 0.021752 0.000016
0 0.012192 0.001023 0.020258 0.000014
0 0.012232 0.001014 0.020178 0.000019
0 0.012246 0.001005 0.020150 0.000014
0 0.012222 0.000934 0.020199 0.000015
0 0.012228 0.000946 0.020187 0.000012
0 0.012213 0.000913 0.020217 0.000017
0 0.012201 0.000883 0.020240 0.000015
0 0.012191 0.000898 0.020262 0.000016
0 0.012195 0.000868 0.020252 0.000013
0 0.012189 0.000856 0.020265 0.000018
0 0.012180 0.000837 0.020283 0.000019
0 0.012173 0.000854 0.020297 0.000018
0 0.012173 0.000818 0.020297 0.000017
0 0.012168 0.000806 0.020306 0.000014
0 0.012162 0.000812 0.020320 0.000017
0 0.012243 0.000594 0.020157 0.000015
0 0.012234 0.000616 0.020175 0.000017
0 0.012227 0.000630 0.020188 0.000015
0 0.012221 0.000644 0.020200 0.000016
0 0.012200 0.000692 0.020243 0.000018
0 0.012179 0.000692 0.020286 0.000015
0 0.012184 0.000680 0.020274 0.000016
0 0.012191 0.000663 0.020261 0.000018
0 0.012198 0.000649 0.020247 0.000015
0 0.012205 0.000633 0.020234 0.000017
0 0.012113 0.000831 0.020418 0.000015
0 0.012136 0.000731 0.020371 0.000018
0 0.012188 0.001011 0.020267 0.000016
0 0.012119 0.000848 0.020405 0.000015
0 0.012126 0.000863 0.020391 0.000016
0 0.011961 0.000902 0.020722 0.000013
0 0.011898 0.000848 0.020847 0.000018
0 0.011839 0.000811 0.020965 0.000017
0 0.011853 0.000779 0.020936 0.000014
0 0.011867 0.000802 0.020908 0.000015
0 0.011874 0.000784 0.020894 0.000016
0 0.011870 0.000779 0.020904 0.000015
0 0.011862 0.000797 0.020920 0.000016
0 0.011869 0.000762 0.020905 0.000017
0 0.011861 0.000762 0.020921 0.000016
0 0.011948 0.000867 0.020746 0.000014
0 0.011951 0.000879 0.020741 0.000013
0 0.011956 0.000890 0.020731 0.000013
0 0.011966 0.000917 0.020711 0.000014
0 0.012132 0.000877 0.020380 0.000015
0 0.011983 0.000955 0.020676 0.000013
0 0.011989 0.000969 0.020665 0.000014
0 0.011996 0.000986 0.020651 0.000013
0 0.012003 0.001004 0.020636 0.000017
0 0.012182 0.000997 0.020280 0.000018
0 0.012175 0.000982 0.020292 0.000012
0 0.012169 0.000966 0.020306 0.000018
0 0.012163 0.000952 0.020318 0.000015
0 0.012157 0.000938 0.020329 0.000013
0 0.012151 0.000923 0.020342 0.000013
0 0.012145 0.000910 0.020353 0.000014
0 0.012138 0.000894 0.020367 0.000014
0 0.012130 0.000714 0.020383 0.000016
0 0.012124 0.000700 0.020394 0.000016
0 0.012099 0.000799 0.020446 0.000014
0 0.011512 0.000663 0.021618 0.000016
0 0.011558 0.000724 0.021526 0.000017
0 0.011553 0.000709 0.021537 0.000014
0 0.011547 0.000747 0.021549 0.000016
0 0.011541 0.000733 0.021560 0.000014
0 0.011547 0.000695 0.021549 0.000014
0 0.011540 0.000678 0.021562 0.000016
0 0.011534 0.000714 0.021576 0.000016
0 0.011528 0.000701 0.021587 0.000016
0 0.011534 0.000666 0.021574 0.000016
0 0.011529 0.000652 0.021585 0.000016
0 0.011523 0.000687 0.021598 0.000013
0 0.011517 0.000675 0.021608 0.000016
0 0.011522 0.000637 0.021599 0.000016
0 0.011572 0.000756 0.021499 0.000016
0 0.011517 0.000621 0.021608 0.000017
0 0.011506 0.000649 0.021631 0.000016
0 0.011504 0.000887 0.021635 0.000016
0 0.011498 0.000873 0.021646 0.000015
0 0.011491 0.000856 0.021661 0.000017
0 0.011483 0.000888 0.021677 0.000016
0 0.011485 0.000842 0.021673 0.000017
0 0.011475 0.000867 0.021692 0.000015
0 0.011469 0.000854 0.021704 0.000016
0 0.011464 0.000841 0.021715 0.000016
0 0.011457 0.000826 0.021728 0.000018
0 0.011452 0.000812 0.021740 0.000015
0 0.011565 0.000740 0.021514 0.000016
0 0.011554 0.000763 0.021535 0.000016
0 0.012093 0.000786 0.020456 0.000014
0 0.011973 0.000643 0.020696 0.000010
0 0.012087 0.000772 0.020469 0.000012
0 0.012080 0.000757 0.020483 0.000014
0 0.012074 0.000739 0.020496 0.000012
0 0.012061 0.000690 0.020520 0.000015
0 0.012055 0.000695 0.020534 0.000017
0 0.012044 0.000662 0.020554 0.000013
0 0.012031 0.000650 0.020582 0.000009
0 0.012004 0.000640 0.020634 0.000008
0 0.011988 0.000647 0.020667 0.000010
0 0.011983 0.000636 0.020676 0.000010
0 0.011980 0.000664 0.020684 0.000014
0 0.011976 0.000655 0.020691 0.000013
0 0.011939 0.000608 0.020765 0.000016
0 0.011566 0.000791 0.021511 0.000017
0 0.011941 0.000622 0.020761 0.000016
0 0.011944 0.000628 0.020756 0.000018
0 0.011924 0.000654 0.020796 0.000010
0 0.011928 0.000624 0.020787 0.000026
0 0.011932 0.000604 0.020779 0.000018
0 0.011637 0.000742 0.021369 0.000016
0 0.011628 0.000762 0.021387 0.000020
0 0.011621 0.000776 0.021400 0.000017
0 0.011590 0.000798 0.021463 0.000016
0 0.011580 0.000773 0.021483 0.000013
0 0.011577 0.000819 0.021488 0.000016
0 0.011571 0.000804 0.021500 0.000015
0 0.011552 0.000514 0.021539 0.000015
0 0.011541 0.000491 0.021561 0.000014
0 0.011884 0.000880 0.020874 0.000016
0 0.011406 0.000173 0.021832 0.000016
0 0.011663 0.000263 0.021316 0.000018
0 0.011618 0.000319 0.021408 0.000016
0 0.011624 0.000304 0.021395 0.000014
0 0.011631 0.000288 0.021381 0.000016
0 0.011638 0.000272 0.021366 0.000016
0 0.011645 0.000257 0.021352 0.000018
0 0.011652 0.000241 0.021339 0.000015
0 0.011657 0.000229 0.021329 0.000015
0 0.011652 0.000149 0.021339 0.000017
0 0.011647 0.000136 0.021349 0.000013
0 0.011642 0.000122 0.021359 0.000014
0 0.011635 0.000110 0.021372 0.000018
0 0.011630 0.000096 0.021383 0.000016
0 0.011623 0.000080 0.021397 0.000019
0 0.011618 0.000065 0.021408 0.000014
0 0.011453 0.000094 0.021737 0.000017
0 0.011449 0.000114 0.021745 0.000017
0 0.011445 0.000131 0.021753 0.000018
0 0.011441 0.000153 0.021760 0.000017
0 0.011438 0.000173 0.021768 0.000018
0 0.011433 0.000193 0.021777 0.000019
0 0.011419 0.000261 0.021805 0.000017
0 0.011408 0.000316 0.021827 0.000016
0 0.011391 0.000247 0.021860 0.000014
0 0.011393 0.000232 0.021856 0.000017
0 0.011403 0.000209 0.021837 0.000016
0 0.011397 0.000213 0.021849 0.000020
0 0.011657 0.000276 0.021329 0.000017
0 0.011652 0.000292 0.021340 0.000014
0 0.011644 0.000304 0.021355 0.000019
0 0.011731 0.000243 0.021180 0.000014
0 0.011876 0.000119 0.020891 0.000016
0 0.011879 0.000097 0.020885 0.000016
0 0.011873 0.000100 0.020897 0.000017
0 0.011720 0.000311 0.021202 0.000014
0 0.011714 0.000297 0.021216 0.000015
0 0.011708 0.000281 0.021228 0.000017
0 0.011701 0.000267 0.021240 0.000017
0 0.011761 0.000314 0.021120 0.000017
0 0.011754 0.000299 0.021134 0.000016
0 0.011749 0.000284 0.021146 0.000016
0 0.011743 0.000270 0.021157 0.000015
0 0.011737 0.000257 0.021169 0.000016
0 0.011726 0.000231 0.021191 0.000014
0 0.011638 0.000319 0.021367 0.000016
0 0.011720 0.000217 0.021203 0.000016
0 0.011714 0.000201 0.021215 0.000014
0 0.011701 0.000171 0.021241 0.000016
0 0.011696 0.000157 0.021251 0.000015
0 0.011689 0.000141 0.021266 0.000016
0 0.011677 0.000113 0.021289 0.000015
0 0.011669 0.000096 0.021305 0.000016
0 0.011662 0.000079 0.021320 0.000018
0 0.011657 0.000063 0.021330 0.000015
0 0.011694 0.000250 0.021254 0.000017
0 0.011689 0.000237 0.021264 0.000015
0 0.011682 0.000232 0.021279 0.000007
0 0.011401 0.000192 0.021841 0.000016
0 0.011409 0.000154 0.021825 0.000018
0 0.011547 0.000478 0.021550 0.000014
0 0.011413 0.000135 0.021817 0.000019
0 0.011179 0.000115 0.022285 0.000015
0 0.011178 0.000128 0.022287 0.000015
0 0.011175 0.000149 0.022292 0.000016
0 0.011179 0.000191 0.022285 0.000016
0 0.011185 0.000237 0.022273 0.000011
0 0.011177 0.000229 0.022288 0.000013
0 0.011170 0.000221 0.022303 0.000015
0 0.011163 0.000215 0.022318 0.000011
0 0.006025 0.000453 0.010271 0.000111
0 0.006009 0.000491 0.010303 0.000108
0 0.016677 0.001839 0.029146 0.000023
0 0.016685 0.001839 0.029129 0.000099
0 0.016081 0.001761 0.030337 0.000085
0 0.015714 0.000934 0.031073 0.000057
0 0.015837 0.001095 0.030825 0.000084
0 0.015950 0.001372 0.030599 0.000082
0 0.016332 0.001199 0.029836 0.000084
0 0.016419 0.001406 0.029661 0.000063
0 0.016467 0.000066 0.029567 0.000091
0 0.016212 0.000785 0.030076 0.000082
0 0.016244 0.000739 0.030013 0.000030
0 0.016011 0.000264 0.030477 0.000028
0 0.015981 0.000259 0.030539 0.000080
0 0.015766 0.000635 0.030967 0.000034
0 0.014169 0.000516 0.025233 0.000329
0 0.013816 0.001216 0.025940 0.000550
0 0.013582 0.001800 0.026407 0.000393
0 0.011191 0.000194 0.022261 0.000014
0 0.011197 0.000203 0.022249 0.000012
0 0.011200 0.000252 0.022242 0.000012
0 0.011263 0.000319 0.022117 0.000012
0 0.011417 0.000116 0.021810 0.000018
0 0.011420 0.000098 0.021803 0.000016
0 0.011424 0.000083 0.021794 0.000009
0 0.011313 0.000328 0.022016 0.000007
0 0.011308 0.000323 0.022027 0.000012
0 0.011300 0.000364 0.022042 0.000015
0 0.011289 0.000303 0.022065 0.000013
0 0.011288 0.000344 0.022067 0.000011
0 0.011280 0.000337 0.022082 0.000013
0 0.011272 0.000327 0.022099 0.000012
0 0.011282 0.000296 0.022079 0.000011
0 0.011274 0.000288 0.022094 0.000013
0 0.011268 0.000281 0.022107 0.000012
0 0.011207 0.000260 0.022229 0.000014
0 0.011259 0.000272 0.022125 0.000014
0 0.011252 0.000265 0.022139 0.000015
0 0.011243 0.000254 0.022157 0.000013
0 0.011234 0.000246 0.022175 0.000013
0 0.011226 0.000237 0.022190 0.000015
0 0.011218 0.000229 0.022206 0.000013
0 0.011254 0.000311 0.022135 0.000012
0 0.011246 0.000302 0.022151 0.000012
0 0.011238 0.000294 0.022168 0.000012
0 0.011231 0.000286 0.022182 0.000012
0 0.011222 0.000277 0.022198 0.000012
0 0.011214 0.000268 0.022215 0.000011
0 0.011879 0.000139 0.020884 0.000019
0 0.011882 0.000160 0.020878 0.000018
0 0.011886 0.000179 0.020870 0.000014
0 0.011890 0.000198 0.020863 0.000015
0 0.011821 0.000550 0.021001 0.000016
0 0.011815 0.000536 0.021013 0.000014
0 0.011808 0.000521 0.021027 0.000018
0 0.011801 0.000505 0.021040 0.000017
0 0.011763 0.000504 0.021116 0.000016
0 0.011795 0.000489 0.021053 0.000016
0 0.011707 0.000583 0.021229 0.000019
0 0.011716 0.000562 0.021211 0.000016
0 0.011722 0.000548 0.021198 0.000017
0 0.011729 0.000535 0.021186 0.000016
0 0.011734 0.000522 0.021175 0.000015
0 0.011745 0.000498 0.021153 0.000016
0 0.011755 0.000474 0.021133 0.000018
0 0.011726 0.000325 0.021190 0.000017
0 0.011733 0.000340 0.021178 0.000016
0 0.011739 0.000355 0.021164 0.000014
0 0.011745 0.000370 0.021153 0.000016
0 0.011753 0.000386 0.021138 0.000017
0 0.011767 0.000328 0.021108 0.000019
0 0.011774 0.000343 0.021095 0.000014
0 0.011780 0.000386 0.021082 0.000016
0 0.011789 0.000380 0.021064 0.000018
0 0.011796 0.000396 0.021051 0.000016
0 0.011802 0.000410 0.021038 0.000015
0 0.011808 0.000426 0.021027 0.000015
0 0.011809 0.000443 0.021025 0.000013
0 0.011814 0.000439 0.021014 0.000015
0 0.011828 0.000567 0.020987 0.000015
0 0.011833 0.000580 0.020976 0.000017
0 0.011844 0.000605 0.020954 0.000015
0 0.011598 0.000360 0.021447 0.000016
0 0.011563 0.000488 0.021517 0.000017
0 0.011569 0.000476 0.021506 0.000016
0 0.011575 0.000463 0.021494 0.000016
0 0.011583 0.000444 0.021476 0.000016
0 0.011590 0.000428 0.021463 0.000015
0 0.011567 0.000433 0.021509 0.000014
0 0.011573 0.000419 0.021497 0.000013
0 0.011578 0.000406 0.021486 0.000015
0 0.011592 0.000411 0.021458 0.000016
0 0.011586 0.000387 0.021471 0.000014
0 0.011592 0.000375 0.021459 0.000016
0 0.011606 0.000392 0.021431 0.000016
0 0.011613 0.000376 0.021418 0.000017
0 0.011857 0.000635 0.020929 0.000017
0 0.011619 0.000362 0.021404 0.000018
0 0.011626 0.000346 0.021391 0.000018
0 0.011632 0.000333 0.021378 0.000015
0 0.011661 0.000686 0.021320 0.000018
0 0.011669 0.000669 0.021305 0.000016
0 0.011676 0.000653 0.021292 0.000017
0 0.011867 0.000565 0.020908 0.000017
0 0.011874 0.000581 0.020895 0.000018
0 0.011882 0.000600 0.020880 0.000015
0 0.011888 0.000615 0.020867 0.000016
0 0.011874 0.000614 0.020895 0.000018
0 0.011866 0.000656 0.020911 0.000015
0 0.011819 0.000452 0.021005 0.000016
0 0.011834 0.000506 0.020974 0.000015
0 0.011839 0.000496 0.020966 0.000014
0 0.011953 0.000235 0.020738 0.000014
0 0.012113 0.000250 0.020417 0.000017
0 0.012104 0.000271 0.020435 0.000017
0 0.012097 0.000287 0.020449 0.000015
0 0.012077 0.000274 0.020489 0.000015
0 0.012058 0.000292 0.020527 0.000017
0 0.012071 0.000287 0.020501 0.000017
0 0.012080 0.000323 0.020483 0.000020
0 0.012066 0.000352 0.020510 0.000022
0 0.011972 0.000313 0.020698 0.000016
0 0.011968 0.000297 0.020707 0.000017
0 0.011963 0.000280 0.020716 0.000019
0 0.011956 0.000249 0.020732 0.000017
0 0.011948 0.000219 0.020746 0.000013
0 0.012119 0.000179 0.020406 0.000018
0 0.011945 0.000202 0.020753 0.000016
0 0.011941 0.000186 0.020761 0.000014
0 0.011931 0.000134 0.020781 0.000016
0 0.011928 0.000116 0.020787 0.000018
0 0.011925 0.000099 0.020793 0.000016
0 0.011922 0.000080 0.020799 0.000017
0 0.011919 0.000060 0.020805 0.000018
0 0.011908 0.000284 0.020827 0.000016
0 0.011904 0.000267 0.020834 0.000015
0 0.011905 0.000213 0.020833 0.000018
0 0.011900 0.000247 0.020842 0.000017
0 0.011893 0.000219 0.020856 0.000017
0 0.012112 0.000194 0.020420 0.000018
0 0.012126 0.000163 0.020391 0.000013
0 0.011844 0.000508 0.020956 0.000016
0 0.012023 0.000360 0.020598 0.000010
0 0.011850 0.000523 0.020943 0.000013
0 0.011855 0.000535 0.020933 0.000014
0 0.011860 0.000549 0.020923 0.000016
0 0.011953 0.000480 0.020737 0.000018
0 0.011929 0.000367 0.020784 0.000019
0 0.011947 0.000381 0.020749 0.000015
0 0.012012 0.000386 0.020618 0.000009
0 0.010958 0.000542 0.018262 0.000027
0 0.012077 0.000517 0.020488 0.000016
0 0.012079 0.000387 0.020484 0.000015
0 0.012084 0.000398 0.020475 0.000017
0 0.012030 0.000363 0.020582 0.000009
0 0.012011 0.000359 0.020622 0.000008
0 0.012131 0.000151 0.020380 0.000014
0 0.012002 0.000357 0.020639 0.000009
0 0.010875 0.000360 0.018428 0.000010
0 0.011984 0.000356 0.020675 0.000012
0 0.012122 0.000343 0.020399 0.000018
0 0.012240 0.000272 0.020163 0.000015
0 0.012234 0.000258 0.020175 0.000014
0 0.012231 0.000245 0.020181 0.000013
0 0.012235 0.000206 0.020173 0.000017
0 0.012221 0.000228 0.020201 0.000016
0 0.012175 0.000186 0.020292 0.000016
0 0.011041 0.000240 0.018096 0.000053
0 0.012137 0.000138 0.020369 0.000016
0 0.011891 0.000865 0.020861 0.000016
0 0.011877 0.000895 0.020888 0.000017
0 0.011810 0.001371 0.021024 0.000016
0 0.011845 0.001453 0.020952 0.000014
0 0.012102 0.001349 0.020440 0.000017
0 0.012108 0.001335 0.020426 0.000016
0 0.012113 0.001322 0.020416 0.000015
0 0.011561 0.001608 0.021520 0.000016
0 0.011571 0.001587 0.021501 0.000016
0 0.011577 0.001575 0.021490 0.000016
0 0.011582 0.001562 0.021479 0.000015
0 0.011588 0.001548 0.021467 0.000016
0 0.011617 0.001470 0.021409 0.000015
0 0.011616 0.001484 0.021411 0.000017
0 0.011660 0.001450 0.021322 0.000012
0 0.011678 0.001459 0.021288 0.000009
0 0.011684 0.001452 0.021275 0.000009
0 0.011689 0.001463 0.021265 0.000008
0 0.011698 0.001460 0.021248 0.000015
0 0.011707 0.001461 0.021229 0.000010
0 0.011715 0.001460 0.021213 0.000008
0 0.011766 0.001509 0.021111 0.000016
0 0.011773 0.001528 0.021096 0.000016
0 0.011781 0.001545 0.021081 0.000015
0 0.011791 0.001568 0.021061 0.000015
0 0.011797 0.001586 0.021048 0.000018
0 0.011805 0.001599 0.021034 0.000015
0 0.011818 0.001389 0.021007 0.000014
0 0.011825 0.001406 0.020993 0.000015
0 0.011832 0.001423 0.020978 0.000015
0 0.011839 0.001441 0.020964 0.000014
0 0.012116 0.001365 0.020412 0.000016
0 0.012109 0.001379 0.020424 0.000015
0 0.011878 0.001418 0.020886 0.000015
0 0.011621 0.001343 0.021401 0.000020
0 0.011497 0.001580 0.021649 0.000015
0 0.011505 0.001565 0.021634 0.000016
0 0.011511 0.001550 0.021621 0.000015
0 0.011517 0.001534 0.021610 0.000019
0 0.011523 0.001521 0.021596 0.000015
0 0.011530 0.001506 0.021583 0.000016
0 0.011536 0.001493 0.021571 0.000016
0 0.011542 0.001479 0.021559 0.000017
0 0.011549 0.001464 0.021544 0.000015
0 0.011575 0.001402 0.021492 0.000015
0 0.011586 0.001401 0.021471 0.000014
0 0.011593 0.001402 0.021456 0.000012
0 0.011801 0.001302 0.021040 0.000013
0 0.011885 0.001404 0.020872 0.000013
0 0.011788 0.001345 0.021067 0.000012
0 0.011782 0.001356 0.021078 0.000017
0 0.011771 0.001385 0.021100 0.000017
0 0.011766 0.001398 0.021111 0.000017
0 0.011757 0.001414 0.021129 0.000015
0 0.011899 0.001323 0.020845 0.000014
0 0.011911 0.001346 0.020821 0.000014
0 0.011892 0.001339 0.020859 0.000015
0 0.011885 0.001354 0.020872 0.000016
0 0.011901 0.001367 0.020841 0.000017
0 0.011896 0.001379 0.020851 0.000016
0 0.011891 0.001390 0.020861 0.000015
0 0.011848 0.001409 0.020947 0.000014
0 0.011853 0.001474 0.020937 0.000017
0 0.011990 0.001747 0.020663 0.000015
0 0.011859 0.001489 0.020924 0.000015
0 0.012180 0.001424 0.020284 0.000016
0 0.012216 0.001576 0.020211 0.000014
0 0.012219 0.001618 0.020206 0.000016
0 0.012210 0.001624 0.020222 0.000017
0 0.012205 0.001601 0.020233 0.000015
0 0.012198 0.001615 0.020246 0.000015
0 0.012191 0.001634 0.020262 0.000016
0 0.012203 0.001652 0.020237 0.000015
0 0.012196 0.001668 0.020250 0.000017
0 0.012191 0.001682 0.020262 0.000017
0 0.012185 0.001695 0.020273 0.000016
0 0.012178 0.001710 0.020287 0.000017
0 0.012169 0.001731 0.020305 0.000015
0 0.012162 0.001747 0.020319 0.000017
0 0.012160 0.001702 0.020322 0.000015
0 0.012152 0.001769 0.020339 0.000015
0 0.012137 0.001803 0.020369 0.000017
0 0.012129 0.001822 0.020384 0.000016
0 0.012117 0.001849 0.020409 0.000014
0 0.011982 0.001619 0.020678 0.000016
0 0.011997 0.001633 0.020649 0.000017
0 0.011990 0.001647 0.020662 0.000015
0 0.011984 0.001663 0.020675 0.000014
0 0.011974 0.001637 0.020695 0.000016
0 0.011938 0.001624 0.020767 0.000014
0 0.011943 0.001637 0.020757 0.000017
0 0.011950 0.001652 0.020742 0.000014
0 0.012173 0.001408 0.020296 0.000017
0 0.012167 0.001392 0.020310 0.000017
0 0.012156 0.001366 0.020330 0.000016
0 0.011932 0.001608 0.020778 0.000015
0 0.011864 0.001501 0.020914 0.000017
0 0.011883 0.001495 0.020877 0.000016
0 0.011875 0.001525 0.020893 0.000015
0 0.011881 0.001538 0.020881 0.000017
0 0.011888 0.001555 0.020867 0.000016
0 0.011893 0.001568 0.020857 0.000016
0 0.011905 0.001544 0.020833 0.000018
0 0.011913 0.001563 0.020817 0.000015
0 0.011899 0.001582 0.020845 0.000017
0 0.011905 0.001597 0.020832 0.000017
0 0.011920 0.001581 0.020803 0.000014
0 0.011925 0.001595 0.020792 0.000015
0 0.011989 0.001604 0.020665 0.000016
0 0.012089 0.001423 0.020464 0.000018
0 0.012005 0.001567 0.020632 0.000015
0 0.012014 0.001597 0.020615 0.000017
0 0.012033 0.001553 0.020578 0.000015
0 0.012011 0.001555 0.020621 0.000015
0 0.012023 0.001528 0.020597 0.000015
0 0.012028 0.001515 0.020586 0.000015
0 0.012045 0.001526 0.020552 0.000016
0 0.012053 0.001460 0.020537 0.000014
0 0.012058 0.001446 0.020526 0.000015
0 0.012065 0.001483 0.020513 0.000013
0 0.012071 0.001419 0.020501 0.000012
0 0.012097 0.001409 0.020450 0.000016
0 0.011180 0.001174 0.022282 0.000016
0 0.011182 0.001190 0.022279 0.000014
0 0.011187 0.001206 0.022270 0.000016
0 0.011193 0.001206 0.022257 0.000018
0 0.012105 0.001219 0.020432 0.000022
0 0.011299 0.001193 0.022046 0.000016
0 0.011290 0.001173 0.022063 0.000017
0 0.011295 0.001179 0.022054 0.000015
0 0.011297 0.001186 0.022050 0.000015
0 0.011284 0.001116 0.022075 0.000016
0 0.011277 0.001133 0.022088 0.000016
0 0.011262 0.001168 0.022119 0.000019
0 0.011252 0.001187 0.022138 0.000017
0 0.011489 0.001121 0.021664 0.000016
0 0.011482 0.001137 0.021678 0.000016
0 0.011474 0.001155 0.021694 0.000019
0 0.011461 0.001138 0.021720 0.000015
0 0.011452 0.001160 0.021740 0.000016
0 0.011468 0.001171 0.021707 0.000014
0 0.011460 0.001186 0.021722 0.000019
0 0.011450 0.001211 0.021744 0.000015
0 0.011446 0.001172 0.021752 0.000015
0 0.011441 0.001185 0.021760 0.000013
0 0.011434 0.001198 0.021774 0.000015
0 0.011427 0.001215 0.021789 0.000017
0 0.011413 0.001295 0.021817 0.000017
0 0.011424 0.001269 0.021794 0.000014
0 0.011414 0.001244 0.021814 0.000016
0 0.011407 0.001261 0.021830 0.000015
0 0.011392 0.001292 0.021858 0.000016
0 0.011379 0.001321 0.021885 0.000019
0 0.012085 0.001198 0.020474 0.000018
0 0.012091 0.001214 0.020460 0.000015
0 0.012097 0.001226 0.020449 0.000016
0 0.011954 0.001200 0.020735 0.000015
0 0.011800 0.001279 0.021043 0.000016
0 0.011800 0.001259 0.021043 0.000018
0 0.011801 0.001240 0.021041 0.000016
0 0.011802 0.001220 0.021039 0.000018
0 0.011802 0.001201 0.021040 0.000015
0 0.011801 0.001181 0.021040 0.000016
0 0.010640 0.001111 0.018899 0.000036
0 0.011610 0.001275 0.021423 0.000017
0 0.011983 0.001182 0.020677 0.000016
0 0.011977 0.001195 0.020689 0.000017
0 0.011964 0.001174 0.020715 0.000016
0 0.011969 0.001211 0.020705 0.000018
0 0.011947 0.001263 0.020748 0.000016
0 0.012067 0.001156 0.020509 0.000016
0 0.011942 0.001276 0.020759 0.000014
0 0.011944 0.001222 0.020755 0.000017
0 0.011938 0.001234 0.020767 0.000015
0 0.011933 0.001248 0.020778 0.000015
0 0.011926 0.001262 0.020791 0.000016
0 0.011920 0.001276 0.020802 0.000015
0 0.011935 0.001291 0.020772 0.000012
0 0.011929 0.001303 0.020784 0.000013
0 0.011923 0.001317 0.020797 0.000013
0 0.011917 0.001330 0.020808 0.000018
0 0.011911 0.001296 0.020820 0.000013
0 0.011906 0.001309 0.020831 0.000015
0 0.011377 0.001360 0.021890 0.000017
0 0.011320 0.001392 0.022002 0.000015
0 0.011312 0.001382 0.022019 0.000013
0 0.011227 0.001320 0.022188 0.000013
0 0.011282 0.001418 0.022079 0.000012
0 0.011275 0.001407 0.022094 0.000015
0 0.011267 0.001396 0.022109 0.000013
0 0.011254 0.001375 0.022135 0.000013
0 0.011248 0.001362 0.022148 0.000014
0 0.011240 0.001349 0.022164 0.000015
0 0.011245 0.001273 0.022152 0.000016
0 0.011241 0.001258 0.022162 0.000015
0 0.011237 0.001241 0.022169 0.000018
0 0.011237 0.001222 0.022168 0.000015
0 0.011232 0.001294 0.022179 0.000016
0 0.011233 0.001335 0.022176 0.000013
0 0.011231 0.001226 0.022181 0.000017
0 0.011299 0.001438 0.022044 0.000014
0 0.011225 0.001196 0.022193 0.000009
0 0.011217 0.001193 0.022208 0.000017
0 0.011212 0.001176 0.022218 0.000019
0 0.011208 0.001160 0.022228 0.000016
0 0.011201 0.001143 0.022241 0.000018
0 0.011219 0.001302 0.022205 0.000014
0 0.011213 0.001287 0.022217 0.000014
0 0.011210 0.001261 0.022222 0.000017
0 0.011207 0.001272 0.022228 0.000017
0 0.011201 0.001255 0.022240 0.000016
0 0.011196 0.001238 0.022251 0.000016
0 0.011191 0.001223 0.022260 0.000014
0 0.011290 0.001427 0.022063 0.000012
0 0.011308 0.001448 0.022026 0.000014
0 0.011302 0.001371 0.022038 0.000013
0 0.011412 0.001527 0.021819 0.000014
0 0.011295 0.001362 0.022052 0.000015
0 0.011288 0.001351 0.022067 0.000015
0 0.011281 0.001339 0.022081 0.000012
0 0.011273 0.001326 0.022096 0.000014
0 0.011266 0.001313 0.022111 0.000015
0 0.011396 0.001548 0.021851 0.000014
0 0.011389 0.001537 0.021865 0.000014
0 0.011380 0.001524 0.021883 0.000015
0 0.011374 0.001515 0.021895 0.000014
0 0.011367 0.001506 0.021909 0.000012
0 0.011359 0.001496 0.021924 0.000012
0 0.011351 0.001487 0.021940 0.000012
0 0.011403 0.001508 0.021837 0.000015
0 0.011316 0.001456 0.022010 0.000012
0 0.011419 0.001507 0.021806 0.000015
0 0.011412 0.001496 0.021818 0.000012
0 0.011405 0.001481 0.021833 0.000013
0 0.011396 0.001470 0.021851 0.000014
0 0.011388 0.001460 0.021866 0.000013
0 0.011381 0.001451 0.021882 0.000015
0 0.011258 0.001299 0.022126 0.000014
0 0.011252 0.001286 0.022138 0.000017
0 0.011239 0.001170 0.022165 0.000013
0 0.011341 0.001478 0.021960 0.000012
0 0.011332 0.001470 0.021979 0.000012
0 0.011325 0.001463 0.021993 0.000012
0 0.011983 0.001733 0.020676 0.000017
0 0.011995 0.001760 0.020652 0.000017
0 0.011872 0.000909 0.020900 0.000015
0 0.011524 0.000931 0.021595 0.000015
0 0.011298 0.001036 0.022047 0.000017
0 0.011304 0.001023 0.022035 0.000016
0 0.011310 0.001011 0.022022 0.000014
0 0.011315 0.000998 0.022014 0.000018
0 0.011322 0.000982 0.021999 0.000017
0 0.011334 0.001002 0.021974 0.000015
0 0.011341 0.000988 0.021960 0.000014
0 0.011348 0.000973 0.021947 0.000016
0 0.011355 0.000958 0.021933 0.000016
0 0.011468 0.001122 0.021706 0.000018
0 0.011498 0.001101 0.021646 0.000016
0 0.010364 0.001092 0.019451 0.000024
0 0.011567 0.001084 0.021510 0.000015
0 0.011559 0.001067 0.021525 0.000013
0 0.011553 0.001051 0.021538 0.000016
0 0.011545 0.001034 0.021553 0.000015
0 0.011537 0.001026 0.021570 0.000008
0 0.011527 0.001038 0.021589 0.000019
0 0.011506 0.001086 0.021632 0.000016
0 0.011505 0.001039 0.021633 0.000016
0 0.011511 0.001025 0.021621 0.000016
0 0.011520 0.000976 0.021602 0.000016
0 0.011514 0.000962 0.021615 0.000015
0 0.011515 0.000950 0.021613 0.000015
0 0.011509 0.000949 0.021625 0.000015
0 0.011502 0.000934 0.021638 0.000017
0 0.011511 0.000902 0.021621 0.000016
0 0.011328 0.001018 0.021986 0.000017
0 0.011322 0.001032 0.021999 0.000016
0 0.011316 0.001045 0.022011 0.000014
0 0.011298 0.002014 0.022046 0.000015
0 0.011578 0.002045 0.021487 0.000016
0 0.011580 0.002065 0.021482 0.000018
0 0.011584 0.002086 0.021475 0.000015
0 0.011587 0.002106 0.021469 0.000015
0 0.011590 0.002125 0.021463 0.000018
0 0.011594 0.002143 0.021455 0.000017
0 0.011599 0.002163 0.021445 0.000016
0 0.011602 0.002182 0.021438 0.000018
0 0.011422 0.002191 0.021798 0.000016
0 0.011364 0.002050 0.021916 0.000016
0 0.011315 0.001980 0.022013 0.000014
0 0.011313 0.002056 0.022018 0.000016
0 0.011242 0.002218 0.022158 0.000015
0 0.011308 0.001062 0.022026 0.000018
0 0.011257 0.002050 0.022129 0.000015
0 0.011238 0.002027 0.022167 0.000015
0 0.011223 0.002017 0.022196 0.000018
0 0.011199 0.001124 0.022245 0.000018
0 0.011194 0.001099 0.022255 0.000017
0 0.011190 0.001080 0.022262 0.000018
0 0.011187 0.001063 0.022269 0.000015
0 0.011184 0.001043 0.022275 0.000017
0 0.011180 0.001024 0.022282 0.000016
0 0.011290 0.001104 0.022062 0.000016
0 0.011296 0.001091 0.022051 0.000016
0 0.011302 0.001076 0.022039 0.000017
0 0.011517 0.000919 0.021610 0.000017
0 0.011532 0.000954 0.021578 0.000017
0 0.012002 0.001776 0.020640 0.000015
0 0.011546 0.000988 0.021551 0.000017
0 0.012000 0.001095 0.020642 0.000014
0 0.012008 0.001079 0.020628 0.000014
0 0.012012 0.001119 0.020619 0.000015
0 0.012018 0.001104 0.020607 0.000014
0 0.012250 0.001159 0.020143 0.000014
0 0.012244 0.001144 0.020155 0.000015
0 0.012238 0.001129 0.020168 0.000015
0 0.012231 0.001113 0.020181 0.000012
0 0.012224 0.001097 0.020196 0.000014
0 0.012218 0.001082 0.020207 0.000015
0 0.012199 0.001039 0.020244 0.000013
0 0.011331 0.000962 0.021980 0.000015
0 0.011338 0.000946 0.021966 0.000016
0 0.011344 0.000933 0.021954 0.000013
0 0.011352 0.000938 0.021939 0.000014
0 0.011360 0.000945 0.021923 0.000016
0 0.011365 0.000933 0.021912 0.000016
0 0.011372 0.000918 0.021898 0.000015
0 0.011378 0.000907 0.021887 0.000013
0 0.011382 0.000894 0.021878 0.000016
0 0.011389 0.000880 0.021866 0.000018
0 0.011396 0.000863 0.021850 0.000015
0 0.011403 0.000848 0.021837 0.000018
0 0.011832 0.000826 0.020980 0.000016
0 0.011854 0.000947 0.020934 0.000017
0 0.011860 0.000934 0.020923 0.000015
0 0.011866 0.000923 0.020911 0.000015
0 0.012005 0.001132 0.020633 0.000017
0 0.011998 0.001147 0.020647 0.000018
0 0.011992 0.001114 0.020659 0.000017
0 0.011752 0.001052 0.021139 0.000014
0 0.011552 0.001002 0.021538 0.000015
0 0.011559 0.001015 0.021525 0.000016
0 0.011570 0.001043 0.021503 0.000015
0 0.011575 0.001057 0.021492 0.000018
0 0.011598 0.000868 0.021446 0.000015
0 0.011605 0.000883 0.021433 0.000015
0 0.011612 0.000902 0.021419 0.000015
0 0.011621 0.000923 0.021402 0.000017
0 0.011628 0.000936 0.021387 0.000013
0 0.011633 0.000950 0.021376 0.000014
0 0.011657 0.000958 0.021329 0.000016
0 0.011731 0.001024 0.021182 0.000015
0 0.011799 0.001163 0.021044 0.000017
0 0.011984 0.001130 0.020675 0.000017
0 0.011797 0.001142 0.021049 0.000018
0 0.011793 0.001115 0.021058 0.000017
0 0.011791 0.001094 0.021060 0.000018
0 0.011781 0.000968 0.021080 0.000017
0 0.011773 0.000959 0.021097 0.000017
0 0.011779 0.000944 0.021084 0.000017
0 0.011788 0.000927 0.021067 0.000016
0 0.011811 0.001043 0.021020 0.000016
0 0.011819 0.001027 0.021006 0.000019
0 0.011828 0.001007 0.020987 0.000017
0 0.011972 0.001160 0.020700 0.000013
0 0.011977 0.001146 0.020690 0.000016
0 0.011575 0.002026 0.021493 0.000016
0 0.011571 0.002008 0.021500 0.000015
0 0.011568 0.001988 0.021508 0.000017
0 0.011563 0.001968 0.021517 0.000015
0 0.011764 0.001672 0.021114 0.000017
0 0.011749 0.001658 0.021144 0.000015
0 0.011745 0.001670 0.021152 0.000013
0 0.011759 0.001687 0.021125 0.000016
0 0.011753 0.001700 0.021136 0.000015
0 0.011744 0.001720 0.021155 0.000017
0 0.011738 0.001685 0.021166 0.000015
0 0.011728 0.001707 0.021187 0.000017
0 0.011736 0.001738 0.021171 0.000014
0 0.011721 0.001723 0.021200 0.000014
0 0.011716 0.001736 0.021212 0.000015
0 0.011716 0.001782 0.021211 0.000018
0 0.011710 0.001750 0.021224 0.000016
0 0.011702 0.001766 0.021239 0.000017
0 0.011695 0.001782 0.021254 0.000017
0 0.011708 0.001801 0.021226 0.000015
0 0.011702 0.001815 0.021239 0.000017
0 0.011695 0.001831 0.021253 0.000016
0 0.011689 0.001846 0.021266 0.000015
0 0.011687 0.001803 0.021269 0.000014
0 0.011680 0.001817 0.021283 0.000015
0 0.011673 0.001831 0.021296 0.000017
0 0.011665 0.001849 0.021313 0.000018
0 0.011681 0.001862 0.021281 0.000016
0 0.011674 0.001878 0.021296 0.000018
0 0.011667 0.001893 0.021309 0.000016
0 0.011658 0.001866 0.021326 0.000017
0 0.011772 0.001657 0.021099 0.000015
0 0.011804 0.001650 0.021035 0.000022
0 0.011836 0.001727 0.020970 0.000019
0 0.011823 0.001645 0.020996 0.000017
0 0.011997 0.001816 0.020649 0.000015
0 0.011992 0.001803 0.020659 0.000015
0 0.011971 0.001753 0.020701 0.000014
0 0.011965 0.001738 0.020713 0.000016
0 0.011958 0.001723 0.020726 0.000018
0 0.011946 0.001693 0.020751 0.000016
0 0.011939 0.001677 0.020765 0.000018
0 0.011933 0.001662 0.020778 0.000017
0 0.011927 0.001649 0.020788 0.000015
0 0.011922 0.001635 0.020799 0.000016
0 0.011912 0.001618 0.020818 0.000015
0 0.011830 0.001661 0.020984 0.000018
0 0.011816 0.001624 0.021011 0.000015
0 0.011852 0.001764 0.020938 0.000016
0 0.011555 0.001620 0.021532 0.000017
0 0.011549 0.001634 0.021544 0.000017
0 0.011543 0.001650 0.021557 0.000016
0 0.011537 0.001664 0.021569 0.000016
0 0.011506 0.001730 0.021630 0.000019
0 0.011360 0.001674 0.021924 0.000012
0 0.011359 0.001687 0.021926 0.000011
0 0.011359 0.001699 0.021925 0.000011
0 0.011349 0.001678 0.021946 0.000011
0 0.011346 0.001665 0.021951 0.000012
0 0.011921 0.001927 0.020800 0.000016
0 0.010799 0.001907 0.018581 0.000053
0 0.011644 0.001898 0.021355 0.000015
0 0.011638 0.001911 0.021367 0.000016
0 0.011651 0.001932 0.021341 0.000014
0 0.011781 0.002074 0.021081 0.000016
0 0.011945 0.001984 0.020752 0.000015
0 0.011975 0.002055 0.020692 0.000017
0 0.011970 0.002042 0.020703 0.000017
0 0.011982 0.002151 0.020678 0.000013
0 0.011841 0.001985 0.020960 0.000015
0 0.011836 0.002000 0.020971 0.000015
0 0.011830 0.002013 0.020984 0.000016
0 0.011820 0.001983 0.021003 0.000015
0 0.011823 0.002027 0.020997 0.000016
0 0.011814 0.002044 0.021015 0.000023
0 0.011804 0.002071 0.021036 0.000014
0 0.011793 0.002043 0.021056 0.000018
0 0.011774 0.002089 0.021094 0.000017
0 0.012015 0.002149 0.020612 0.000010
0 0.011761 0.002117 0.021120 0.000016
0 0.011768 0.002153 0.021108 0.000013
0 0.011760 0.002168 0.021123 0.000018
0 0.011754 0.002132 0.021134 0.000017
0 0.011749 0.002147 0.021146 0.000017
0 0.011741 0.002161 0.021161 0.000017
0 0.011736 0.002175 0.021171 0.000014
0 0.011631 0.001975 0.021380 0.000017
0 0.011614 0.001964 0.021414 0.000017
0 0.011623 0.001992 0.021396 0.000016
0 0.011607 0.002041 0.021428 0.000015
0 0.011611 0.002064 0.021421 0.000023
0 0.012009 0.002136 0.020625 0.000020
0 0.012035 0.002146 0.020573 0.000014
0 0.011644 0.001946 0.021355 0.000016
0 0.011487 0.001864 0.021670 0.000017
0 0.011590 0.001944 0.021462 0.000018
0 0.011587 0.001926 0.021469 0.000016
0 0.011582 0.001909 0.021478 0.000016
0 0.011578 0.001893 0.021486 0.000016
0 0.011572 0.001874 0.021498 0.000018
0 0.011567 0.001857 0.021510 0.000018
0 0.011559 0.001922 0.021525 0.000019
0 0.011557 0.001941 0.021530 0.000018
0 0.011551 0.001923 0.021541 0.000016
0 0.011547 0.001907 0.021549 0.000017
0 0.011507 0.001789 0.021628 0.000017
0 0.011496 0.001821 0.021651 0.000017
0 0.011494 0.001883 0.021655 0.000018
0 0.012088 0.001984 0.020466 0.000019
0 0.011407 0.001931 0.021829 0.000010
0 0.011300 0.001928 0.022044 0.000016
0 0.012267 0.002011 0.020109 0.000015
0 0.012254 0.002042 0.020135 0.000016
0 0.012248 0.002056 0.020148 0.000016
0 0.012240 0.002073 0.020162 0.000017
0 0.012234 0.002087 0.020174 0.000014
0 0.012217 0.002125 0.020209 0.000015
0 0.012133 0.002137 0.020377 0.000011
0 0.012123 0.002115 0.020396 0.000016
0 0.012104 0.002018 0.020435 0.000015
0 0.012097 0.002004 0.020448 0.000019
0 0.013524 0.000437 0.026523 0.000360