0 0.016126 0.001978 0.030249 0.000043
0 0.016572 0.000252 0.029356 0.000040
0 0.016471 0.000887 0.029558 0.000053
0 0.016356 0.000693 0.029787 0.000048
0 0.016247 0.000855 0.030006 0.000068
0 0.016107 0.000815 0.030286 0.000046
0 0.016030 0.000875 0.030441 0.000024
0 0.015895 0.000736 0.030710 0.000035
0 0.015813 0.000738 0.030874 0.000043
0 0.015659 0.000585 0.031181 0.000043
0 0.016382 0.000601 0.029735 0.000027
0 0.016340 0.000567 0.029820 0.000025
0 0.016541 0.000296 0.029418 0.000037
0 0.016669 0.000056 0.029162 0.000041
0 0.016620 0.000020 0.029261 0.000030
0 0.016550 0.000031 0.029399 0.000044
0 0.016572 0.001450 0.029357 0.000031
0 0.016513 0.000181 0.029473 0.000038
0 0.016421 0.000265 0.029658 0.000043
0 0.016172 0.000424 0.030157 0.000037
0 0.016248 0.000093 0.030004 0.000048
0 0.016160 0.000158 0.030181 0.000055
0 0.016133 0.000276 0.030234 0.000033
0 0.016058 0.000464 0.030383 0.000035
0 0.015951 0.000388 0.030598 0.000026
0 0.015942 0.000246 0.030615 0.000044
0 0.015946 0.000074 0.030607 0.000046
0 0.015839 0.000260 0.030821 0.000048
0 0.015802 0.000291 0.030896 0.000047
0 0.015682 0.000102 0.031136 0.000046
0 0.016630 0.001052 0.029239 0.000038
0 0.016472 0.001290 0.029555 0.000054
0 0.016209 0.001928 0.030083 0.000048
0 0.015935 0.001582 0.030631 0.000043
0 0.016286 0.001917 0.029928 0.000035
0 0.016550 0.001777 0.029399 0.000043
0 0.016535 0.001638 0.029429 0.000046
0 0.016454 0.001811 0.029593 0.000036
0 0.016410 0.001593 0.029680 0.000034
0 0.016356 0.001689 0.029788 0.000050
0 0.016306 0.001709 0.029888 0.000034
0 0.016207 0.001650 0.030086 0.000041
0 0.016165 0.001577 0.030169 0.000046
0 0.016141 0.001684 0.030217 0.000038
0 0.016097 0.001772 0.030307 0.000045
0 0.015895 0.001764 0.030710 0.000019
0 0.015910 0.001681 0.030679 0.000041
0 0.015777 0.001543 0.030946 0.000053
0 0.016456 0.001075 0.029588 0.000038
0 0.015741 0.001133 0.031017 0.000040
0 0.015786 0.001007 0.030929 0.000040
0 0.015864 0.001156 0.030771 0.000059
0 0.016077 0.001098 0.030347 0.000038
0 0.016127 0.001254 0.030246 0.000041
0 0.016145 0.001364 0.030210 0.000051
0 0.016148 0.001146 0.030205 0.000040
0 0.016185 0.001333 0.030130 0.000039
0 0.016218 0.001018 0.030064 0.000046
0 0.016244 0.001207 0.030013 0.000051
0 0.016353 0.001406 0.029793 0.000042
0 0.016379 0.001029 0.029742 0.000033
0 0.016409 0.001090 0.029682 0.000037
0 0.015649 0.000311 0.031202 0.000049