0 0.012186 0.001600 0.020272 0.000039
0 0.010535 0.001900 0.019110 0.000041
0 0.011364 0.002056 0.021915 0.000063
0 0.011403 0.002022 0.021836 0.000058
0 0.011490 0.001955 0.021663 0.000072
0 0.011558 0.001918 0.021526 0.000039
0 0.011511 0.001560 0.021620 0.000051
0 0.010591 0.001903 0.018997 0.000051
0 0.011757 0.001905 0.021129 0.000031
0 0.010654 0.002084 0.018871 0.000133
0 0.010502 0.002026 0.019175 0.000046
0 0.011595 0.001905 0.021453 0.000041
0 0.011441 0.001698 0.021761 0.000060
0 0.011807 0.001912 0.021030 0.000031
0 0.011841 0.001909 0.020960 0.000034
0 0.011881 0.001922 0.020881 0.000041
0 0.011904 0.002054 0.020836 0.000039
0 0.011834 0.002037 0.020975 0.000039
0 0.012235 0.001906 0.020172 0.000092
0 0.012205 0.001753 0.020232 0.000075
0 0.012188 0.001743 0.020266 0.000070
0 0.012171 0.001743 0.020300 0.000080
0 0.011256 0.002063 0.022131 0.000072
0 0.011360 0.001674 0.021923 0.000046
0 0.012133 0.001721 0.020377 0.000087
0 0.011780 0.000761 0.021082 0.000046
0 0.011517 0.000119 0.021609 0.000036
0 0.011523 0.000163 0.021597 0.000036
0 0.011531 0.000208 0.021581 0.000039
0 0.011541 0.000257 0.021562 0.000036
0 0.011548 0.000311 0.021547 0.000034
0 0.011564 0.000404 0.021515 0.000031
0 0.011691 0.000182 0.021261 0.000041
0 0.011699 0.000229 0.021246 0.000039
0 0.011706 0.000278 0.021231 0.000043
0 0.011682 0.000135 0.021280 0.000043
0 0.011321 0.001711 0.022000 0.000048
0 0.011678 0.000087 0.021287 0.000039
0 0.012075 0.000683 0.020494 0.000077
0 0.012074 0.000580 0.020495 0.000046
0 0.012101 0.000516 0.020441 0.000063
0 0.012144 0.000461 0.020354 0.000058
0 0.012221 0.000321 0.020200 0.000063
0 0.011201 0.001835 0.022241 0.000060
0 0.011236 0.001797 0.022171 0.000060
0 0.011276 0.001752 0.022090 0.000058
0 0.012151 0.001735 0.020341 0.000087
0 0.012112 0.001707 0.020418 0.000084
0 0.012152 0.001606 0.020339 0.000036
0 0.012163 0.001340 0.020317 0.000041
0 0.012239 0.001261 0.020165 0.000051
0 0.012246 0.001304 0.020151 0.000051
0 0.012125 0.001219 0.020392 0.000043
0 0.012157 0.001208 0.020328 0.000036
0 0.012125 0.001262 0.020392 0.000039
0 0.012159 0.001254 0.020324 0.000041
0 0.012128 0.001303 0.020386 0.000034
0 0.012164 0.001301 0.020315 0.000043
0 0.012128 0.001344 0.020386 0.000039
0 0.012130 0.001388 0.020383 0.000039
0 0.012232 0.001166 0.020180 0.000048
0 0.012170 0.001384 0.020304 0.000036
0 0.012131 0.001433 0.020381 0.000039
0 0.012169 0.001429 0.020306 0.000043
0 0.012132 0.001479 0.020379 0.000034
0 0.012175 0.001472 0.020292 0.000034
0 0.012176 0.001517 0.020290 0.000041
0 0.012184 0.001561 0.020275 0.000039
0 0.012140 0.001521 0.020364 0.000036
0 0.012139 0.001564 0.020366 0.000043
0 0.012235 0.001216 0.020172 0.000048
0 0.012228 0.001125 0.020187 0.000063
0 0.012092 0.001700 0.020458 0.000084
0 0.012053 0.001232 0.020537 0.000060
0 0.012074 0.001657 0.020495 0.000084
0 0.012062 0.001618 0.020518 0.000060
0 0.012051 0.001559 0.020541 0.000053
0 0.012045 0.001512 0.020554 0.000036
0 0.012043 0.001464 0.020558 0.000041
0 0.012045 0.001417 0.020554 0.000039
0 0.012049 0.001378 0.020544 0.000039
0 0.012048 0.001334 0.020546 0.000043
0 0.012052 0.001283 0.020539 0.000060
0 0.012062 0.001184 0.020518 0.000080
0 0.012218 0.001090 0.020206 0.000060
0 0.012076 0.001138 0.020492 0.000080
0 0.012091 0.001108 0.020462 0.000072
0 0.012119 0.001069 0.020405 0.000087
0 0.012126 0.001041 0.020390 0.000070
0 0.012155 0.001053 0.020332 0.000070
0 0.012161 0.001023 0.020321 0.000063
0 0.012182 0.000999 0.020279 0.000077
0 0.012200 0.000995 0.020243 0.000070
0 0.012212 0.001049 0.020219 0.000060
0 0.013791 0.001238 0.025990 0.001182