0 0.011519 0.000485 0.021605 0.000039
0 0.012040 0.001393 0.020563 0.000087
0 0.011640 0.000264 0.021362 0.000041
0 0.011623 0.000155 0.021396 0.000046
0 0.011648 0.000313 0.021347 0.000039
0 0.011659 0.000378 0.021325 0.000039
0 0.011665 0.000428 0.021313 0.000031
0 0.012204 0.000613 0.020234 0.000055
0 0.012135 0.000709 0.020373 0.000058
0 0.012098 0.000758 0.020447 0.000070
0 0.012050 0.000829 0.020542 0.000053
0 0.011985 0.001519 0.020672 0.000077
0 0.012045 0.001451 0.020552 0.000058
0 0.011964 0.001622 0.020715 0.000077
0 0.011512 0.000436 0.021618 0.000034
0 0.011955 0.001720 0.020732 0.000084
0 0.012024 0.001715 0.020595 0.000080
0 0.011830 0.001680 0.020983 0.000072
0 0.011507 0.001546 0.021629 0.000080
0 0.011468 0.001592 0.021707 0.000065
0 0.011374 0.001672 0.021895 0.000065
0 0.011314 0.001739 0.022015 0.000060
0 0.011231 0.001827 0.022180 0.000058
0 0.011282 0.002055 0.022079 0.000055
0 0.011482 0.000239 0.021678 0.000029
0 0.011502 0.000376 0.021639 0.000039
0 0.013713 0.001321 0.026146 0.001128