0 0.004479 0.001077 0.008900 0.000303
0 0.012202 0.000749 0.020240 0.000044
0 0.012099 0.000679 0.020444 0.000059
0 0.012139 0.000612 0.020365 0.000061
0 0.012165 0.000569 0.020312 0.000051
0 0.012168 0.000469 0.020307 0.000047
0 0.012197 0.000426 0.020249 0.000049
0 0.012201 0.000504 0.020241 0.000053
0 0.012228 0.000457 0.020187 0.000047
0 0.012193 0.000787 0.020256 0.000051
0 0.011211 0.002002 0.022220 0.000059
0 0.012184 0.000811 0.020274 0.000044
0 0.012165 0.000839 0.020312 0.000042
0 0.012153 0.000870 0.020338 0.000032
0 0.012140 0.000902 0.020363 0.000044
0 0.012185 0.001005 0.020272 0.000061
0 0.012172 0.001056 0.020299 0.000057
0 0.012205 0.000945 0.020232 0.000064
0 0.012090 0.000423 0.020463 0.000062
0 0.012005 0.000626 0.020633 0.000066
0 0.011960 0.000353 0.020723 0.000062
0 0.011910 0.000418 0.020823 0.000068
0 0.015632 0.000666 0.031236 0.000242
0 0.011363 0.000264 0.021917 0.000062
0 0.011387 0.000332 0.021868 0.000062
0 0.011413 0.000399 0.021818 0.000059
0 0.011436 0.000457 0.021771 0.000059
0 0.011455 0.000097 0.021733 0.000057
0 0.011497 0.000193 0.021649 0.000053
0 0.011529 0.000245 0.021586 0.000066
0 0.011536 0.000704 0.021571 0.000057
0 0.011579 0.000762 0.021484 0.000070
0 0.011817 0.000190 0.021008 0.000055
0 0.011859 0.000111 0.020925 0.000059
0 0.011840 0.000243 0.020963 0.000062
0 0.011864 0.000304 0.020915 0.000062
0 0.011889 0.000357 0.020865 0.000059
0 0.012128 0.000931 0.020386 0.000047
0 0.012114 0.000978 0.020415 0.000036
0 0.012107 0.001007 0.020428 0.000038
0 0.012107 0.002066 0.020428 0.000061
0 0.012058 0.001950 0.020526 0.000061
0 0.012030 0.001890 0.020582 0.000066
0 0.012005 0.001822 0.020633 0.000066
0 0.011937 0.001551 0.020769 0.000053
0 0.011935 0.001399 0.020772 0.000061
0 0.011768 0.001463 0.021108 0.000047
0 0.011570 0.001437 0.021502 0.000068
0 0.011442 0.001995 0.021758 0.000064
0 0.011472 0.001946 0.021698 0.000057
0 0.011498 0.001900 0.021647 0.000051
0 0.011528 0.001847 0.021588 0.000059
0 0.011419 0.002044 0.021805 0.000051
0 0.011390 0.002087 0.021863 0.000059
0 0.011367 0.002133 0.021908 0.000047
0 0.011298 0.001851 0.022048 0.000051
0 0.012081 0.002003 0.020481 0.000061
0 0.012134 0.002128 0.020376 0.000053
0 0.012097 0.001049 0.020448 0.000027
0 0.012136 0.002004 0.020370 0.000070
0 0.012113 0.001127 0.020417 0.000062
0 0.012093 0.001085 0.020457 0.000027
0 0.012085 0.001116 0.020473 0.000032
0 0.012074 0.001160 0.020495 0.000040
0 0.012071 0.001203 0.020501 0.000028
0 0.012065 0.001245 0.020513 0.000036
0 0.012063 0.001285 0.020517 0.000036
0 0.012061 0.001321 0.020520 0.000025
0 0.012058 0.001361 0.020526 0.000030
0 0.011967 0.001124 0.020709 0.000085
0 0.012180 0.001448 0.020283 0.000023
0 0.012204 0.001851 0.020234 0.000059
0 0.012183 0.001777 0.020276 0.000062
0 0.012125 0.001676 0.020392 0.000051
0 0.012229 0.001919 0.020185 0.000059
0 0.013829 0.001165 0.025914 0.000930