0 0.011494 0.001504 0.021654 0.000074
0 0.011680 0.001092 0.021283 0.000082
0 0.011750 0.000748 0.021144 0.000100
0 0.011700 0.000884 0.021244 0.000082
0 0.011547 0.001450 0.021549 0.000085
0 0.011556 0.001376 0.021531 0.000085
0 0.011558 0.001315 0.021526 0.000074
0 0.011562 0.001250 0.021519 0.000085
0 0.011576 0.001172 0.021491 0.000085
0 0.011505 0.001426 0.021633 0.000089
0 0.011515 0.001363 0.021612 0.000074
0 0.011507 0.001289 0.021629 0.000074
0 0.011520 0.001216 0.021603 0.000078
0 0.011521 0.001151 0.021601 0.000082
0 0.011523 0.001072 0.021596 0.000093
0 0.011597 0.000747 0.021449 0.000082
0 0.011543 0.000791 0.021556 0.000067
0 0.011737 0.000966 0.021169 0.000067
0 0.011687 0.001016 0.021270 0.000085
0 0.011542 0.001526 0.021559 0.000089
0 0.011726 0.001112 0.021190 0.000085
0 0.011658 0.001519 0.021328 0.000082
0 0.011708 0.001482 0.021228 0.000089
0 0.012197 0.001656 0.020248 0.000126
0 0.012204 0.000884 0.020234 0.000097
0 0.012179 0.000747 0.020285 0.000104
0 0.011841 0.001025 0.020962 0.000074
0 0.011661 0.001447 0.021321 0.000085
0 0.011711 0.001404 0.021221 0.000082
0 0.011670 0.001374 0.021302 0.000074
0 0.011715 0.001330 0.021214 0.000082
0 0.011670 0.001302 0.021302 0.000078
0 0.011718 0.001257 0.021207 0.000078
0 0.011723 0.001185 0.021197 0.000089
0 0.011672 0.001235 0.021300 0.000085
0 0.011677 0.001164 0.021288 0.000093
0 0.011591 0.000830 0.021461 0.000093