0 0.009192 0.000906 0.017330 0.000436
0 0.011810 0.001189 0.021023 0.000015
0 0.011793 0.001172 0.021057 0.000014
0 0.011849 0.001062 0.020946 0.000015
0 0.011845 0.001079 0.020953 0.000016
0 0.011840 0.001095 0.020962 0.000015
0 0.011829 0.001097 0.020984 0.000015
0 0.011838 0.001113 0.020967 0.000015
0 0.011830 0.001138 0.020982 0.000015
0 0.011823 0.001138 0.020998 0.000016
0 0.011829 0.001155 0.020985 0.000015
0 0.011817 0.001155 0.021009 0.000015
0 0.011815 0.001163 0.021013 0.000015
0 0.011823 0.001172 0.020996 0.000015
0 0.011814 0.001172 0.021016 0.000014
0 0.011821 0.001181 0.021000 0.000015
0 0.011849 0.001146 0.020945 0.000015
0 0.011820 0.001189 0.021003 0.000014
0 0.011818 0.001198 0.021007 0.000015
0 0.011885 0.001029 0.020872 0.000017
0 0.011881 0.001045 0.020880 0.000015
0 0.011879 0.001052 0.020884 0.000015
0 0.011875 0.001071 0.020893 0.000015
0 0.011873 0.001086 0.020897 0.000017
0 0.011863 0.001086 0.020917 0.000015
0 0.011867 0.001104 0.020909 0.000014
0 0.011860 0.001104 0.020924 0.000015
0 0.011865 0.001112 0.020912 0.000014
0 0.011865 0.001121 0.020912 0.000014
0 0.011860 0.001138 0.020924 0.000016
0 0.011795 0.001163 0.021053 0.000015
0 0.011797 0.001155 0.021048 0.000014
0 0.011801 0.001140 0.021041 0.000015
0 0.011806 0.001113 0.021031 0.000015
0 0.011428 0.000281 0.021787 0.000019
0 0.011435 0.000298 0.021773 0.000020
0 0.010313 0.000462 0.019553 0.000036
0 0.011407 0.000596 0.021830 0.000018
0 0.011401 0.000799 0.021840 0.000018
0 0.011805 0.000835 0.021032 0.000015
0 0.011809 0.000848 0.021025 0.000013
0 0.011430 0.000869 0.021783 0.000021
0 0.011430 0.000959 0.021782 0.000018
0 0.011757 0.000942 0.021129 0.000020
0 0.011752 0.000947 0.021139 0.000021
0 0.011748 0.000951 0.021147 0.000019
0 0.011725 0.000980 0.021193 0.000015
0 0.011708 0.000962 0.021227 0.000020
0 0.011704 0.000967 0.021235 0.000020
0 0.011706 0.000990 0.021231 0.000010
0 0.011679 0.001049 0.021285 0.000018
0 0.011657 0.001003 0.021329 0.000015
0 0.011429 0.001069 0.021785 0.000020
0 0.010286 0.001181 0.019607 0.000025
0 0.011429 0.001181 0.021785 0.000021
0 0.011437 0.001162 0.021769 0.000020
0 0.011768 0.001145 0.021106 0.000015
0 0.011796 0.001123 0.021051 0.000015
0 0.011767 0.001196 0.021109 0.000021
0 0.011774 0.001202 0.021094 0.000021
0 0.011782 0.001211 0.021079 0.000021
0 0.011858 0.001146 0.020926 0.000013
0 0.011858 0.001155 0.020926 0.000014
0 0.009159 0.000919 0.017397 0.000436
0 0.011410 0.001939 0.021822 0.000020
0 0.011404 0.001759 0.021835 0.000022
0 0.000531 0.001728 0.001061 0.000055
0 0.011409 0.001830 0.021824 0.000020
0 0.011438 0.001866 0.021766 0.000020
0 0.002645 0.001777 0.003638 0.000084
0 0.002652 0.001783 0.003625 0.000084
0 0.002667 0.001768 0.003595 0.000041
0 0.002668 0.001791 0.003592 0.000074
0 0.000690 0.001850 0.001379 0.000049
0 0.000697 0.001896 0.001395 0.000049
0 0.000704 0.001942 0.001409 0.000047
0 0.000646 0.002045 0.001293 0.000046
0 0.011438 0.002054 0.021767 0.000022
0 0.010849 0.000696 0.018480 0.000041
0 0.010731 0.001155 0.018716 0.000015
0 0.010779 0.000783 0.018621 0.000028
0 0.000518 0.001285 0.001036 0.000054
0 0.011326 0.001469 0.021990 0.000007
0 0.000480 0.001455 0.000961 0.000041
0 0.000471 0.001535 0.000942 0.000052
0 0.000458 0.001597 0.000915 0.000051
0 0.000548 0.001512 0.001097 0.000037
0 0.000561 0.001439 0.001123 0.000049
0 0.000795 0.001695 0.001590 0.000089
0 0.000533 0.001553 0.001065 0.000048
0 0.000628 0.001933 0.001257 0.000049
0 0.000637 0.001982 0.001275 0.000048
0 0.000660 0.001817 0.001321 0.000040
0 0.011409 0.001537 0.021825 0.000021
0 0.000693 0.001487 0.001387 0.000058
0 0.011403 0.001384 0.021838 0.000019
0 0.010736 0.001417 0.018707 0.000021
0 0.011847 0.001163 0.020949 0.000015
0 0.011845 0.001172 0.020953 0.000015
0 0.011853 0.001171 0.020936 0.000015
0 0.011851 0.001180 0.020941 0.000015
0 0.011899 0.001058 0.020845 0.000015
0 0.011894 0.001075 0.020854 0.000015
0 0.011889 0.001108 0.020865 0.000017
0 0.011886 0.001126 0.020871 0.000015
0 0.010766 0.001135 0.018647 0.000015
0 0.011881 0.001143 0.020880 0.000014
0 0.000806 0.001112 0.001611 0.000090
0 0.000788 0.001190 0.001575 0.000093
0 0.011909 0.001275 0.020824 0.000019
0 0.010784 0.001318 0.018611 0.000022
0 0.010716 0.001288 0.018746 0.000019
0 0.011821 0.001250 0.021000 0.000019
0 0.011816 0.001248 0.021011 0.000020
0 0.011812 0.001242 0.021019 0.000020
0 0.011809 0.001239 0.021026 0.000016
0 0.011805 0.001236 0.021034 0.000016
0 0.011801 0.001230 0.021041 0.000020
0 0.011796 0.001228 0.021050 0.000020
0 0.011793 0.001221 0.021057 0.000020
0 0.011789 0.001220 0.021066 0.000018
0 0.000605 0.001280 0.001209 0.000104
0 0.010320 0.001289 0.019538 0.000030
0 0.010739 0.001401 0.018700 0.000021
0 0.011400 0.000264 0.021842 0.000018