0 0.000357 0.001390 0.000713 0.000041
0 0.000861 0.001580 0.001721 0.000063
0 0.000432 0.001762 0.000864 0.000040
0 0.000446 0.001662 0.000891 0.000056
0 0.000456 0.001638 0.000912 0.000041
0 0.000503 0.001792 0.001005 0.000032
0 0.000532 0.001669 0.001063 0.000039
0 0.000523 0.001648 0.001045 0.000043
0 0.000562 0.001942 0.001124 0.000032
0 0.000626 0.001537 0.001251 0.000040
0 0.000597 0.001487 0.001193 0.000039
0 0.000586 0.001469 0.001172 0.000040
0 0.000565 0.001440 0.001130 0.000032
0 0.000663 0.001343 0.001325 0.000033
0 0.000917 0.000516 0.001834 0.000068
0 0.000437 0.001855 0.000874 0.000053
0 0.000897 0.000574 0.001793 0.000042
0 0.000940 0.000419 0.001881 0.000045
0 0.000799 0.001643 0.001597 0.000067
0 0.000733 0.001350 0.001465 0.000031
0 0.000648 0.001442 0.001295 0.000033
0 0.000638 0.001422 0.001276 0.000033
0 0.000626 0.001406 0.001251 0.000030
0 0.000615 0.001390 0.001229 0.000032
0 0.000592 0.001362 0.001184 0.000031
0 0.000364 0.001815 0.000727 0.000051
0 0.000404 0.001056 0.000809 0.000040
0 0.000380 0.001071 0.000759 0.000045
0 0.000435 0.001800 0.000870 0.000037
0 0.000407 0.001913 0.000813 0.000025
0 0.000838 0.000786 0.001676 0.000037
0 0.000502 0.001596 0.001003 0.000032
0 0.000373 0.001606 0.000745 0.000063
0 0.000368 0.001496 0.000736 0.000078
0 0.000352 0.001636 0.000704 0.000068
0 0.000329 0.001668 0.000659 0.000062
0 0.000311 0.001691 0.000623 0.000062
0 0.000300 0.001540 0.000600 0.000060
0 0.000348 0.001525 0.000696 0.000068
0 0.000329 0.001553 0.000658 0.000064
0 0.000417 0.001520 0.000833 0.000054
0 0.000460 0.001531 0.000919 0.000043
0 0.000504 0.001522 0.001007 0.000034
0 0.000500 0.001561 0.001000 0.000030
0 0.000533 0.001787 0.001066 0.000026
0 0.000269 0.002125 0.000539 0.000023
0 0.000530 0.001758 0.001061 0.000025
0 0.000531 0.001730 0.001062 0.000024
0 0.000529 0.001701 0.001058 0.000018
0 0.000388 0.001811 0.000776 0.000025
0 0.000389 0.001869 0.000778 0.000026
0 0.000387 0.001781 0.000774 0.000029
0 0.000465 0.001741 0.000930 0.000022
0 0.000468 0.001965 0.000935 0.000027
0 0.000529 0.001954 0.001058 0.000030
0 0.000104 0.002037 0.000208 0.000071
0 0.000063 0.002116 0.000126 0.000033
0 0.000238 0.002010 0.000475 0.000030
0 0.000491 0.001491 0.000982 0.000018
0 0.000834 0.000821 0.001668 0.000036
0 0.000334 0.001398 0.000668 0.000049
0 0.003002 0.001796 0.002924 0.000018
0 0.002546 0.000773 0.003837 0.000027
0 0.002556 0.000747 0.003817 0.000026
0 0.002557 0.000772 0.003815 0.000030
0 0.014369 0.001170 0.024833 0.000030
0 0.000970 0.001195 0.001939 0.000063
0 0.000945 0.001280 0.001890 0.000067
0 0.000930 0.001323 0.001860 0.000053
0 0.003026 0.001708 0.002876 0.000022
0 0.003036 0.001730 0.002856 0.000019
0 0.003045 0.001752 0.002839 0.000021
0 0.003044 0.001797 0.002840 0.000021
0 0.003054 0.001819 0.002821 0.000020
0 0.003007 0.001820 0.002914 0.000019
0 0.002535 0.000776 0.003859 0.000027
0 0.003014 0.001798 0.002900 0.000018
0 0.003020 0.001821 0.002889 0.000018
0 0.003014 0.001851 0.002901 0.000019
0 0.003026 0.001851 0.002876 0.000020
0 0.003020 0.001878 0.002889 0.000018
0 0.003032 0.001876 0.002865 0.000018
0 0.003044 0.001873 0.002841 0.000019
0 0.003063 0.001841 0.002802 0.000019
0 0.000367 0.001290 0.000733 0.000053
0 0.000344 0.001280 0.000687 0.000057
0 0.000309 0.001332 0.000618 0.000044
0 0.000312 0.001383 0.000625 0.000058
0 0.002545 0.000748 0.003838 0.000028
0 0.002534 0.000751 0.003861 0.000026
0 0.000752 0.000723 0.001504 0.000047
0 0.000361 0.000959 0.000721 0.000049
0 0.000716 0.000644 0.001431 0.000038
0 0.000575 0.000547 0.001151 0.000052
0 0.000555 0.000546 0.001110 0.000049
0 0.000329 0.000561 0.000658 0.000046
0 0.000329 0.000690 0.000658 0.000053
0 0.000353 0.000684 0.000707 0.000056
0 0.000384 0.000557 0.000768 0.000056
0 0.000398 0.000678 0.000795 0.000056
0 0.000417 0.000674 0.000835 0.000055
0 0.000440 0.000670 0.000879 0.000056
0 0.000431 0.000546 0.000861 0.000048
0 0.000317 0.000951 0.000634 0.000050
0 0.000356 0.001068 0.000713 0.000046
0 0.000124 0.000796 0.000247 0.000042
0 0.000336 0.001066 0.000672 0.000051
0 0.000311 0.001068 0.000622 0.000044
0 0.000333 0.001173 0.000666 0.000042
0 0.000367 0.001174 0.000734 0.000032
0 0.000722 0.001051 0.001443 0.000039
0 0.000703 0.001160 0.001407 0.000033
0 0.000712 0.001175 0.001424 0.000030
0 0.000674 0.001262 0.001349 0.000039
0 0.000580 0.001348 0.001161 0.000032
0 0.000763 0.000043 0.001526 0.000032
0 0.000503 0.000394 0.001007 0.000028
0 0.000446 0.000086 0.000892 0.000027
0 0.000404 0.001697 0.000808 0.000065