0 0.004998 0.001150 0.007862 0.000354
0 0.011525 0.001959 0.021592 0.000047
0 0.011658 0.001941 0.021327 0.000046
0 0.011628 0.001970 0.021387 0.000050
0 0.011654 0.001908 0.021334 0.000049
0 0.011649 0.001879 0.021345 0.000046
0 0.011612 0.001912 0.021418 0.000047
0 0.011606 0.001881 0.021432 0.000044
0 0.011602 0.001851 0.021439 0.000047
0 0.011630 0.001790 0.021384 0.000044
0 0.011594 0.001822 0.021456 0.000049
0 0.011561 0.002109 0.021520 0.000044
0 0.011552 0.002080 0.021539 0.000049
0 0.011531 0.001987 0.021581 0.000052
0 0.011511 0.001903 0.021622 0.000044
0 0.011678 0.002027 0.021286 0.000055
0 0.012032 0.001364 0.020579 0.000052
0 0.012000 0.001394 0.020644 0.000050
0 0.010160 0.001403 0.019859 0.000060
0 0.010222 0.001335 0.019734 0.000062
0 0.011228 0.001348 0.022187 0.000032
0 0.011268 0.001192 0.022107 0.000032
0 0.012033 0.001240 0.020578 0.000059
0 0.012000 0.001268 0.020642 0.000063
0 0.012064 0.001333 0.020515 0.000055
0 0.012128 0.001277 0.020386 0.000047
0 0.011047 0.001248 0.018085 0.000049
0 0.011081 0.001214 0.018017 0.000049
0 0.011669 0.002003 0.021304 0.000047
0 0.011687 0.002057 0.021268 0.000049
0 0.004909 0.001229 0.008039 0.000350
0 0.011752 0.001913 0.021139 0.000042
0 0.004822 0.001303 0.008214 0.000354
0 0.004735 0.001382 0.008388 0.000351
0 0.004866 0.000595 0.008126 0.000354
0 0.004776 0.000674 0.008305 0.000353
0 0.004687 0.000751 0.008482 0.000357
0 0.004600 0.000826 0.008657 0.000353
0 0.011792 0.002093 0.021059 0.000043
0 0.011791 0.002060 0.021062 0.000046
0 0.011782 0.002032 0.021080 0.000039
0 0.011776 0.002001 0.021090 0.000034
0 0.011765 0.001972 0.021112 0.000044
0 0.011761 0.001942 0.021120 0.000044
0 0.011748 0.001881 0.021147 0.000050
0 0.011652 0.002089 0.021339 0.000049
0 0.011740 0.001855 0.021162 0.000043
0 0.011735 0.001823 0.021172 0.000043
0 0.011728 0.001794 0.021186 0.000039
0 0.011722 0.001766 0.021199 0.000043
0 0.011710 0.001740 0.021223 0.000052
0 0.011702 0.001712 0.021240 0.000042
0 0.011719 0.002169 0.021205 0.000040
0 0.011710 0.002145 0.021223 0.000050
0 0.011674 0.002172 0.021295 0.000043
0 0.011708 0.002111 0.021226 0.000039
0 0.011694 0.002086 0.021255 0.000049
0 0.011663 0.002117 0.021318 0.000047
0 0.012221 0.001070 0.020200 0.000060