0 0.015212 0.001505 0.027611 0.000212
0 0.007350 0.001519 0.012085 0.000357
0 0.002593 0.000927 0.003743 0.000121
0 0.002674 0.000800 0.003580 0.000121
0 0.002674 0.000932 0.003580 0.000125
0 0.002753 0.000804 0.003422 0.000125
0 0.002752 0.000929 0.003425 0.000125
0 0.002405 0.001156 0.004119 0.000123
0 0.002404 0.001289 0.004121 0.000112
0 0.002396 0.001415 0.004137 0.000114
0 0.002394 0.001542 0.004140 0.000116
0 0.002519 0.001296 0.003891 0.000112
0 0.002512 0.001417 0.003904 0.000116
0 0.002593 0.001298 0.003743 0.000112
0 0.002590 0.001420 0.003749 0.000109
0 0.002668 0.001300 0.003593 0.000116
0 0.002664 0.001423 0.003601 0.000116
0 0.002740 0.001302 0.003449 0.000114
0 0.002739 0.001426 0.003451 0.000116
0 0.002594 0.000793 0.003741 0.000125