0 0.016026 0.002190 0.030448 0.000023
0 0.007081 0.000670 0.012623 0.000303
0 0.015895 0.000190 0.030709 0.000019
0 0.015684 0.000283 0.031133 0.000023
0 0.015832 0.000330 0.030836 0.000020
0 0.015668 0.000591 0.031163 0.000023
0 0.015825 0.000590 0.030850 0.000022
0 0.015863 0.000630 0.030775 0.000014
0 0.016420 0.000156 0.029660 0.000022
0 0.006166 0.000334 0.009989 0.000034
0 0.006164 0.000370 0.009993 0.000036
0 0.004963 0.000332 0.007930 0.000027
0 0.004963 0.000365 0.007932 0.000029
0 0.003707 0.000442 0.005979 0.000091
0 0.014828 0.001063 0.028379 0.000252
0 0.015845 0.002155 0.030810 0.000013
0 0.015783 0.001091 0.030934 0.000022
0 0.016451 0.001111 0.029598 0.000019
0 0.016449 0.001134 0.029602 0.000015
0 0.016438 0.001415 0.029623 0.000022
0 0.006954 0.001478 0.012878 0.000372
0 0.014814 0.001465 0.028409 0.000227
0 0.003184 0.001887 0.002561 0.000101
0 0.003076 0.001977 0.002776 0.000065
0 0.015681 0.002029 0.031138 0.000029
0 0.015746 0.002010 0.031008 0.000017
0 0.015905 0.002011 0.030690 0.000015
0 0.015782 0.002179 0.030936 0.000017
0 0.015668 0.000177 0.031165 0.000014