0 0.015023 0.001001 0.027990 0.000117
0 0.011533 0.000928 0.021578 0.000007
0 0.011529 0.000929 0.021585 0.000007
0 0.011527 0.000929 0.021590 0.000007
0 0.011524 0.000929 0.021594 0.000006
0 0.011522 0.000930 0.021599 0.000007
0 0.011520 0.000929 0.021604 0.000006
0 0.011517 0.000930 0.021608 0.000007
0 0.011515 0.000930 0.021612 0.000007
0 0.011513 0.000930 0.021617 0.000007
0 0.011511 0.000930 0.021621 0.000007
0 0.011510 0.000914 0.021622 0.000006
0 0.011499 0.000915 0.021644 0.000006
0 0.011499 0.000931 0.021644 0.000007
0 0.011495 0.000931 0.021652 0.000007
0 0.011550 0.000925 0.021542 0.000006
0 0.011553 0.000925 0.021538 0.000006
0 0.011556 0.000926 0.021530 0.000007
0 0.011561 0.000924 0.021520 0.000006
0 0.011581 0.000923 0.021481 0.000007
0 0.011574 0.000923 0.021494 0.000008
0 0.011530 0.000929 0.021582 0.000007
0 0.011535 0.000928 0.021572 0.000007
0 0.010452 0.000924 0.019274 0.000008
0 0.011515 0.000913 0.021613 0.000007
0 0.011908 0.001482 0.020828 0.000004
0 0.011908 0.001478 0.020828 0.000004
0 0.011908 0.001474 0.020828 0.000003
0 0.011907 0.001469 0.020829 0.000004
0 0.011907 0.001464 0.020829 0.000004
0 0.011901 0.001476 0.020841 0.000003
0 0.011901 0.001473 0.020841 0.000003
0 0.011901 0.001469 0.020841 0.000002
0 0.011891 0.001470 0.020860 0.000003
0 0.011901 0.001464 0.020842 0.000004
0 0.011891 0.001464 0.020860 0.000004
0 0.011891 0.001460 0.020860 0.000003
0 0.011891 0.001456 0.020862 0.000004
0 0.011887 0.001471 0.020869 0.000003
0 0.011888 0.001467 0.020868 0.000003
0 0.011887 0.001474 0.020869 0.000003
0 0.011524 0.000913 0.021595 0.000006
0 0.011521 0.000913 0.021600 0.000008
0 0.011519 0.000913 0.021605 0.000007
0 0.010455 0.000924 0.019269 0.000007
0 0.010449 0.000924 0.019280 0.000008
0 0.011913 0.001467 0.020817 0.000003
0 0.011530 0.000463 0.021584 0.000004
0 0.011843 0.000447 0.020956 0.000004
0 0.011881 0.000366 0.020881 0.000004
0 0.010751 0.000475 0.018677 0.000005
0 0.011913 0.000379 0.020817 0.000003
0 0.014183 0.000410 0.025205 0.000080
0 0.012088 0.000440 0.020466 0.000003
0 0.012148 0.000353 0.020347 0.000004
0 0.012193 0.000360 0.020257 0.000004
0 0.011197 0.000285 0.022249 0.000004
0 0.011198 0.000281 0.022247 0.000003
0 0.011199 0.000277 0.022245 0.000004
0 0.010081 0.000265 0.020016 0.000006
0 0.011194 0.000265 0.022255 0.000006
0 0.011188 0.000261 0.022268 0.000009
0 0.011192 0.000262 0.022259 0.000005
0 0.011186 0.000256 0.022271 0.000010
0 0.010064 0.000253 0.020051 0.000016
0 0.010061 0.000249 0.020056 0.000012
0 0.011171 0.000232 0.022301 0.000006
0 0.011857 0.000441 0.020928 0.000004
0 0.011506 0.000464 0.021631 0.000004
0 0.010454 0.000909 0.019270 0.000007
0 0.011195 0.000289 0.022252 0.000006
0 0.010452 0.000909 0.019275 0.000007
0 0.010445 0.000909 0.019289 0.000007
0 0.014824 0.000661 0.028387 0.000079
0 0.011437 0.000745 0.021768 0.000002
0 0.011428 0.000760 0.021787 0.000006
0 0.011428 0.000745 0.021787 0.000006
0 0.011431 0.000628 0.021781 0.000006
0 0.011367 0.000765 0.021909 0.000005
0 0.011367 0.000760 0.021909 0.000005
0 0.011367 0.000756 0.021909 0.000004
0 0.011378 0.000770 0.021886 0.000005
0 0.011378 0.000763 0.021887 0.000006
0 0.011378 0.000754 0.021886 0.000006
0 0.011370 0.000631 0.021902 0.000008
0 0.011280 0.000617 0.022083 0.000007
0 0.011314 0.000536 0.022015 0.000008
0 0.011223 0.000670 0.022197 0.000006
0 0.010099 0.000674 0.019980 0.000011
0 0.011194 0.000294 0.022256 0.000005
0 0.011913 0.001463 0.020817 0.000004
0 0.011914 0.001473 0.020816 0.000004
0 0.013575 0.000443 0.026422 0.000173
0 0.011581 0.001404 0.021481 0.000006
0 0.011582 0.001360 0.021479 0.000007
0 0.011577 0.001360 0.021489 0.000007
0 0.011572 0.001360 0.021498 0.000007
0 0.011522 0.001494 0.021599 0.000002
0 0.011453 0.001476 0.021736 0.000003
0 0.011453 0.001465 0.021737 0.000002
0 0.011452 0.001461 0.021738 0.000004
0 0.011452 0.001457 0.021738 0.000004
0 0.011453 0.001452 0.021737 0.000003
0 0.011452 0.001447 0.021739 0.000004
0 0.011452 0.001442 0.021740 0.000004
0 0.011452 0.001437 0.021740 0.000003
0 0.011444 0.001463 0.021755 0.000006
0 0.011442 0.001454 0.021758 0.000007
0 0.011443 0.001445 0.021756 0.000006
0 0.011442 0.001431 0.021758 0.000006
0 0.011442 0.001423 0.021758 0.000006
0 0.011443 0.001413 0.021757 0.000006
0 0.011442 0.001378 0.021760 0.000006
0 0.011573 0.001378 0.021496 0.000006
0 0.011556 0.001361 0.021532 0.000006
0 0.011441 0.001351 0.021761 0.000006
0 0.010227 0.001618 0.019725 0.000005
0 0.014852 0.001010 0.028331 0.000115
0 0.014848 0.001147 0.028339 0.000114
0 0.014858 0.001282 0.028319 0.000114
0 0.015042 0.001136 0.027952 0.000095
0 0.015034 0.001272 0.027968 0.000114
0 0.015221 0.000880 0.027593 0.000116
0 0.013603 0.001628 0.026365 0.000174
0 0.013814 0.002158 0.025944 0.000020
0 0.011705 0.002141 0.021233 0.000008
0 0.011759 0.002095 0.021125 0.000004
0 0.011773 0.002096 0.021097 0.000005
0 0.011786 0.002101 0.021071 0.000006
0 0.011806 0.002120 0.021032 0.000006
0 0.011822 0.002152 0.020999 0.000009
0 0.013807 0.001929 0.025957 0.000047
0 0.011483 0.001603 0.021677 0.000006
0 0.011482 0.001596 0.021679 0.000006
0 0.011462 0.001549 0.021718 0.000006
0 0.010368 0.001630 0.019442 0.000008
0 0.011442 0.001369 0.021759 0.000006
0 0.010506 0.001366 0.019166 0.000009
0 0.011913 0.001478 0.020817 0.000004
0 0.011890 0.001405 0.020863 0.000007
0 0.011886 0.001405 0.020871 0.000006
0 0.011883 0.001405 0.020876 0.000008
0 0.011879 0.001405 0.020884 0.000008
0 0.011877 0.001406 0.020889 0.000007
0 0.011875 0.001406 0.020893 0.000006
0 0.011872 0.001406 0.020898 0.000007
0 0.011870 0.001406 0.020903 0.000008
0 0.011866 0.001406 0.020911 0.000006
0 0.011860 0.001408 0.020923 0.000007
0 0.011951 0.001407 0.020741 0.000004
0 0.011946 0.001431 0.020751 0.000004
0 0.011947 0.001424 0.020750 0.000004
0 0.011946 0.001420 0.020752 0.000004
0 0.011946 0.001416 0.020752 0.000004
0 0.011946 0.001411 0.020751 0.000004
0 0.014147 0.001392 0.025277 0.000036
0 0.011936 0.001475 0.020771 0.000003
0 0.011913 0.001487 0.020817 0.000003
0 0.011913 0.001482 0.020817 0.000003
0 0.011888 0.001405 0.020866 0.000007
0 0.011895 0.001406 0.020854 0.000009
0 0.011891 0.001441 0.020862 0.000003
0 0.011898 0.001407 0.020848 0.000007
0 0.011890 0.001438 0.020863 0.000002
0 0.011891 0.001434 0.020862 0.000004
0 0.011891 0.001431 0.020862 0.000003
0 0.011891 0.001427 0.020861 0.000004
0 0.011891 0.001424 0.020862 0.000004
0 0.011891 0.001419 0.020862 0.000004
0 0.011886 0.001441 0.020870 0.000004
0 0.011885 0.001438 0.020872 0.000003
0 0.011886 0.001434 0.020870 0.000003
0 0.011886 0.001431 0.020870 0.000002
0 0.011886 0.001427 0.020871 0.000004
0 0.011886 0.001424 0.020871 0.000003
0 0.011886 0.001420 0.020870 0.000003
0 0.011877 0.001442 0.020889 0.000004
0 0.011877 0.001436 0.020889 0.000004
0 0.011877 0.001431 0.020889 0.000004
0 0.011877 0.001424 0.020889 0.000003
0 0.011876 0.001420 0.020890 0.000003
0 0.011872 0.001421 0.020900 0.000004
0 0.011169 0.000231 0.022306 0.000006