0 0.011931 0.000895 0.020780 0.000024
0 0.012256 0.001703 0.020130 0.000024
0 0.010174 0.001999 0.019831 0.000068
0 0.010150 0.002018 0.019879 0.000058
0 0.010308 0.001566 0.019562 0.000038
0 0.010304 0.001583 0.019570 0.000031
0 0.010287 0.001594 0.019605 0.000045
0 0.010299 0.001590 0.019580 0.000038
0 0.010293 0.001537 0.019593 0.000034
0 0.010285 0.001563 0.019608 0.000031
0 0.010289 0.001546 0.019600 0.000031
0 0.011417 0.001821 0.021809 0.000034
0 0.012158 0.001402 0.020327 0.000031
0 0.012164 0.001443 0.020315 0.000031
0 0.012188 0.001380 0.020266 0.000034
0 0.012255 0.001479 0.020133 0.000014
0 0.012255 0.001565 0.020133 0.000014
0 0.012256 0.001580 0.020130 0.000017
0 0.012256 0.001599 0.020130 0.000014
0 0.012256 0.001616 0.020130 0.000014
0 0.012258 0.001635 0.020128 0.000017
0 0.012260 0.001655 0.020123 0.000017
0 0.012261 0.001674 0.020120 0.000014
0 0.012233 0.001707 0.020176 0.000031
0 0.012241 0.001705 0.020161 0.000027
0 0.010184 0.002020 0.019810 0.000041
0 0.010192 0.001965 0.019795 0.000055
0 0.010202 0.001974 0.019774 0.000058
0 0.010279 0.000664 0.019621 0.000034
0 0.011208 0.000536 0.022227 0.000017
0 0.011185 0.000436 0.022273 0.000024
0 0.011229 0.001262 0.022186 0.000031
0 0.011180 0.000835 0.022283 0.000027
0 0.011179 0.000912 0.022286 0.000031
0 0.011177 0.000989 0.022288 0.000027
0 0.011174 0.001022 0.022296 0.000031
0 0.011172 0.001061 0.022298 0.000027
0 0.011174 0.001104 0.022296 0.000031
0 0.011263 0.001299 0.022117 0.000031
0 0.012146 0.000502 0.020350 0.000031
0 0.010402 0.001715 0.019375 0.000021
0 0.012155 0.001111 0.020332 0.000031
0 0.012092 0.000984 0.020458 0.000024
0 0.012087 0.001010 0.020468 0.000021
0 0.012228 0.001277 0.020187 0.000021
0 0.012227 0.001260 0.020189 0.000021
0 0.012223 0.001167 0.020197 0.000021
0 0.007132 0.001053 0.012523 0.000640
0 0.014961 0.001058 0.028114 0.000404
0 0.011286 0.001482 0.022071 0.000034
0 0.010400 0.001743 0.019378 0.000027
0 0.012249 0.001707 0.020146 0.000031
0 0.012261 0.001698 0.020120 0.000027
0 0.011936 0.000880 0.020770 0.000021
0 0.012209 0.001753 0.020225 0.000027
0 0.012256 0.001892 0.020130 0.000024
0 0.012240 0.002097 0.020164 0.000031
0 0.012244 0.002117 0.020156 0.000038
0 0.012249 0.002128 0.020146 0.000031
0 0.012235 0.001970 0.020174 0.000017
0 0.012237 0.002018 0.020169 0.000024
0 0.012246 0.002063 0.020151 0.000024
0 0.012255 0.002027 0.020133 0.000021
0 0.012256 0.001957 0.020130 0.000017
0 0.012258 0.001975 0.020128 0.000021
0 0.012261 0.001989 0.020120 0.000021
0 0.012255 0.002066 0.020133 0.000024
0 0.012259 0.002080 0.020125 0.000031
0 0.012261 0.002010 0.020120 0.000021
0 0.012264 0.002040 0.020115 0.000027
0 0.012236 0.001948 0.020171 0.000021
0 0.012240 0.001938 0.020164 0.000021
0 0.012249 0.001934 0.020146 0.000027
0 0.012264 0.001927 0.020115 0.000027
0 0.007208 0.001311 0.012369 0.001089
0 0.015081 0.001311 0.027874 0.000753
0 0.011941 0.000839 0.020760 0.000021
0 0.011940 0.000864 0.020763 0.000031
0 0.012254 0.001871 0.020135 0.000031
0 0.012252 0.001852 0.020138 0.000027
0 0.012252 0.001830 0.020138 0.000024
0 0.012206 0.001898 0.020230 0.000024
0 0.012214 0.001761 0.020215 0.000038
0 0.012222 0.001767 0.020199 0.000034
0 0.012231 0.001770 0.020181 0.000027
0 0.012236 0.001779 0.020171 0.000031
0 0.012241 0.001787 0.020161 0.000034
0 0.012247 0.001797 0.020148 0.000034
0 0.012208 0.001808 0.020228 0.000021
0 0.012206 0.001828 0.020230 0.000027
0 0.012206 0.001852 0.020230 0.000027
0 0.012208 0.001876 0.020228 0.000027
0 0.012206 0.001921 0.020230 0.000027
0 0.012242 0.001888 0.020158 0.000024
0 0.012208 0.001939 0.020228 0.000024
0 0.012227 0.001820 0.020189 0.000024
0 0.012227 0.001840 0.020189 0.000024
0 0.012227 0.001861 0.020189 0.000024
0 0.012229 0.001880 0.020184 0.000027
0 0.012232 0.001897 0.020179 0.000027
0 0.012209 0.002087 0.020225 0.000031
0 0.012208 0.002126 0.020228 0.000034
0 0.012240 0.001840 0.020164 0.000031
0 0.012240 0.001866 0.020164 0.000027
0 0.011198 0.000380 0.022247 0.000021