0 0.005006 0.000854 0.007846 0.000108
0 0.004986 0.001163 0.007885 0.000098
0 0.005007 0.001111 0.007843 0.000103
0 0.005028 0.001060 0.007801 0.000103
0 0.005051 0.001011 0.007754 0.000103
0 0.005072 0.000957 0.007712 0.000103
0 0.004919 0.001059 0.008019 0.000101
0 0.004939 0.001007 0.007979 0.000101
0 0.004962 0.000957 0.007932 0.000103
0 0.004983 0.000905 0.007890 0.000103
0 0.006065 0.000707 0.010192 0.000126
0 0.005962 0.000948 0.010397 0.000131
0 0.005988 0.000888 0.010345 0.000133
0 0.006013 0.000828 0.010296 0.000131
0 0.006040 0.000765 0.010241 0.000126
0 0.015180 0.001369 0.027676 0.000538