0 0.011012 0.001958 0.018154 0.000020
0 0.011726 0.000056 0.021191 0.000003
0 0.011733 0.000039 0.021177 0.000003
0 0.011732 0.000037 0.021178 0.000003
0 0.011732 0.000033 0.021180 0.000003
0 0.011731 0.000030 0.021180 0.000003
0 0.011729 0.000071 0.021185 0.000005
0 0.011727 0.000065 0.021188 0.000005
0 0.011727 0.000059 0.021189 0.000004
0 0.011726 0.000053 0.021191 0.000003
0 0.011734 0.000046 0.021175 0.000004
0 0.011726 0.000050 0.021191 0.000003
0 0.011725 0.000047 0.021193 0.000004
0 0.011724 0.000044 0.021195 0.000004
0 0.011724 0.000041 0.021195 0.000003
0 0.011724 0.000038 0.021195 0.000003
0 0.011723 0.000035 0.021198 0.000005
0 0.011723 0.000064 0.021196 0.000003
0 0.011733 0.000043 0.021176 0.000004
0 0.011734 0.000049 0.021175 0.000004
0 0.011548 0.000101 0.021547 0.000003
0 0.011740 0.000053 0.021162 0.000004
0 0.011731 0.000085 0.021180 0.000006
0 0.011729 0.000087 0.021185 0.000006
0 0.011726 0.000089 0.021191 0.000005
0 0.011753 0.000044 0.021138 0.000003
0 0.011747 0.000040 0.021149 0.000004
0 0.011746 0.000030 0.021151 0.000004
0 0.011741 0.000059 0.021161 0.000004
0 0.011740 0.000050 0.021164 0.000003
0 0.011736 0.000058 0.021171 0.000004
0 0.011739 0.000047 0.021165 0.000003
0 0.011738 0.000041 0.021168 0.000005
0 0.011738 0.000037 0.021168 0.000003
0 0.011737 0.000034 0.021168 0.000004
0 0.011736 0.000031 0.021171 0.000003
0 0.011737 0.000065 0.021168 0.000003
0 0.011736 0.000061 0.021170 0.000003
0 0.011722 0.000061 0.021199 0.000004
0 0.011722 0.000058 0.021199 0.000004
0 0.011721 0.000055 0.021201 0.000004
0 0.011709 0.000038 0.021225 0.000003
0 0.011713 0.000058 0.021218 0.000005
0 0.011712 0.000056 0.021218 0.000003
0 0.011711 0.000053 0.021220 0.000004
0 0.011711 0.000050 0.021221 0.000003
0 0.011710 0.000047 0.021222 0.000003
0 0.011710 0.000044 0.021223 0.000003
0 0.011709 0.000041 0.021225 0.000003
0 0.011708 0.000034 0.021226 0.000004
0 0.011721 0.000052 0.021202 0.000003
0 0.011707 0.000031 0.021228 0.000003
0 0.010494 0.000049 0.019191 0.000009
0 0.010491 0.000047 0.019196 0.000009
0 0.010480 0.000054 0.019218 0.000011
0 0.010476 0.000054 0.019227 0.000010
0 0.010465 0.000078 0.019248 0.000014
0 0.011573 0.000085 0.021497 0.000006
0 0.011713 0.000062 0.021216 0.000003
0 0.011713 0.000064 0.021216 0.000003
0 0.011714 0.000068 0.021215 0.000003
0 0.011715 0.000071 0.021213 0.000003
0 0.011720 0.000049 0.021203 0.000004
0 0.011720 0.000046 0.021203 0.000004
0 0.011719 0.000043 0.021205 0.000003
0 0.011718 0.000040 0.021207 0.000004
0 0.011718 0.000037 0.021207 0.000003
0 0.011718 0.000033 0.021207 0.000004
0 0.011717 0.000031 0.021208 0.000003
0 0.011723 0.000067 0.021196 0.000003
0 0.011723 0.000070 0.021196 0.000003
0 0.011724 0.000074 0.021195 0.000003
0 0.011718 0.000089 0.021207 0.000004
0 0.011718 0.000086 0.021207 0.000004
0 0.011716 0.000080 0.021211 0.000005
0 0.011716 0.000077 0.021211 0.000004
0 0.011715 0.000074 0.021212 0.000003
0 0.011734 0.000084 0.021176 0.000005
0 0.011736 0.000082 0.021171 0.000006
0 0.011738 0.000080 0.021166 0.000005
0 0.011380 0.000245 0.021884 0.000005
0 0.011377 0.000290 0.021888 0.000005
0 0.011396 0.000352 0.021850 0.000004
0 0.011380 0.000339 0.021882 0.000005
0 0.011385 0.000336 0.021873 0.000004
0 0.011380 0.000302 0.021884 0.000005
0 0.011374 0.000248 0.021895 0.000007
0 0.011376 0.000246 0.021890 0.000006
0 0.011380 0.000250 0.021882 0.000005
0 0.011385 0.000278 0.021873 0.000003
0 0.011380 0.000253 0.021882 0.000004
0 0.011381 0.000257 0.021881 0.000004
0 0.011382 0.000260 0.021879 0.000003
0 0.011382 0.000262 0.021880 0.000004
0 0.011383 0.000265 0.021877 0.000004
0 0.011383 0.000269 0.021877 0.000005
0 0.011383 0.000272 0.021877 0.000005
0 0.011377 0.000287 0.021889 0.000003
0 0.011376 0.000284 0.021891 0.000003
0 0.011376 0.000281 0.021892 0.000004
0 0.011375 0.000278 0.021892 0.000005
0 0.011374 0.000298 0.021895 0.000003
0 0.011374 0.000295 0.021895 0.000004
0 0.011373 0.000292 0.021896 0.000004
0 0.011372 0.000289 0.021898 0.000004
0 0.011372 0.000286 0.021899 0.000004
0 0.011372 0.000283 0.021900 0.000003
0 0.011371 0.000280 0.021900 0.000003
0 0.011370 0.000277 0.021902 0.000003
0 0.011370 0.000273 0.021903 0.000004
0 0.011370 0.000270 0.021904 0.000003
0 0.011370 0.000267 0.021904 0.000003
0 0.011374 0.000265 0.021896 0.000003
0 0.011374 0.000268 0.021895 0.000004
0 0.011374 0.000271 0.021894 0.000004
0 0.011375 0.000274 0.021892 0.000004
0 0.011384 0.000275 0.021874 0.000004
0 0.011386 0.000281 0.021872 0.000004
0 0.011740 0.000079 0.021163 0.000006
0 0.012219 0.000208 0.020206 0.000007
0 0.012214 0.000269 0.020215 0.000007
0 0.012207 0.000297 0.020228 0.000007
0 0.012231 0.000224 0.020180 0.000006
0 0.012218 0.000254 0.020207 0.000007
0 0.011105 0.000291 0.017969 0.000007
0 0.012219 0.000226 0.020206 0.000005
0 0.012227 0.000265 0.020188 0.000007
0 0.012228 0.000229 0.020186 0.000006
0 0.011386 0.000284 0.021871 0.000004
0 0.011108 0.000183 0.017963 0.000009
0 0.011111 0.000136 0.017957 0.000009
0 0.011761 0.000034 0.021122 0.000005
0 0.011765 0.000029 0.021113 0.000003
0 0.011758 0.000056 0.021127 0.000005
0 0.011748 0.000069 0.021147 0.000007
0 0.011744 0.000074 0.021155 0.000006
0 0.012222 0.000301 0.020198 0.000005
0 0.012220 0.000306 0.020203 0.000006
0 0.012220 0.000322 0.020202 0.000006
0 0.012204 0.000363 0.020234 0.000008
0 0.011386 0.000288 0.021871 0.000004
0 0.011389 0.000306 0.021865 0.000003
0 0.011390 0.000309 0.021863 0.000004
0 0.011396 0.000347 0.021850 0.000003
0 0.011395 0.000344 0.021852 0.000003
0 0.011395 0.000341 0.021854 0.000003
0 0.010298 0.000238 0.019583 0.000009
0 0.010304 0.000235 0.019571 0.000011
0 0.012208 0.000401 0.020226 0.000007
0 0.012204 0.000394 0.020235 0.000007
0 0.012199 0.000389 0.020245 0.000007
0 0.012215 0.000346 0.020213 0.000007
0 0.012201 0.000359 0.020241 0.000007
0 0.012203 0.000344 0.020238 0.000007
0 0.012206 0.000345 0.020231 0.000007
0 0.011564 0.000099 0.021514 0.000006
0 0.011557 0.000086 0.021528 0.000007
0 0.011375 0.000304 0.021893 0.000004
0 0.011325 0.000193 0.021992 0.000005
0 0.010260 0.000090 0.019660 0.000010
0 0.010263 0.000090 0.019653 0.000010
0 0.011330 0.000194 0.021983 0.000005
0 0.011329 0.000192 0.021984 0.000004
0 0.011328 0.000189 0.021986 0.000004
0 0.011327 0.000198 0.021988 0.000005
0 0.011326 0.000196 0.021991 0.000004
0 0.011323 0.000170 0.021996 0.000004
0 0.010259 0.000098 0.019661 0.000006
0 0.011323 0.000166 0.021997 0.000003
0 0.011322 0.000163 0.021998 0.000002
0 0.011322 0.000160 0.021999 0.000003
0 0.011321 0.000157 0.022000 0.000003
0 0.011321 0.000153 0.022000 0.000003
0 0.011330 0.000155 0.021983 0.000006
0 0.011328 0.000152 0.021986 0.000006
0 0.010256 0.000094 0.019667 0.000007
0 0.011371 0.000099 0.021900 0.000006
0 0.011545 0.000093 0.021552 0.000005
0 0.010239 0.000153 0.019700 0.000011
0 0.010251 0.000136 0.019677 0.000010
0 0.010244 0.000111 0.019690 0.000011
0 0.010248 0.000137 0.019683 0.000016
0 0.010245 0.000140 0.019689 0.000016
0 0.010243 0.000143 0.019693 0.000016
0 0.010241 0.000146 0.019697 0.000016
0 0.010241 0.000151 0.019697 0.000016
0 0.010237 0.000156 0.019705 0.000012
0 0.011369 0.000101 0.021904 0.000006
0 0.010233 0.000162 0.019713 0.000011
0 0.010229 0.000163 0.019721 0.000011
0 0.010229 0.000167 0.019721 0.000011
0 0.010227 0.000169 0.019725 0.000011
0 0.010222 0.000169 0.019735 0.000012
0 0.010219 0.000173 0.019740 0.000010
0 0.011366 0.000099 0.021910 0.000005
0 0.011327 0.000148 0.021988 0.000007
0 0.011326 0.000145 0.021991 0.000006
0 0.011325 0.000141 0.021993 0.000006
0 0.011305 0.000178 0.022034 0.000006
0 0.011317 0.000200 0.022009 0.000005
0 0.011316 0.000197 0.022011 0.000005
0 0.011315 0.000195 0.022014 0.000005
0 0.011310 0.000186 0.022022 0.000006
0 0.011309 0.000184 0.022024 0.000005
0 0.011309 0.000182 0.022026 0.000005
0 0.011306 0.000180 0.022030 0.000006
0 0.011303 0.000154 0.022038 0.000005
0 0.011323 0.000138 0.021997 0.000007
0 0.011300 0.000155 0.022043 0.000006
0 0.011298 0.000158 0.022046 0.000005
0 0.011294 0.000166 0.022054 0.000003
0 0.011295 0.000162 0.022053 0.000004
0 0.013544 0.000349 0.026484 0.000039
0 0.002249 0.000345 0.004431 0.000030
0 0.002269 0.000320 0.004391 0.000030
0 0.011318 0.000203 0.022007 0.000004
0 0.011320 0.000207 0.022002 0.000005
0 0.011322 0.000210 0.021999 0.000004
0 0.011305 0.000153 0.022032 0.000006
0 0.011319 0.000138 0.022004 0.000005
0 0.011317 0.000138 0.022009 0.000006
0 0.011315 0.000140 0.022014 0.000005
0 0.011313 0.000155 0.022017 0.000004
0 0.011312 0.000152 0.022019 0.000004
0 0.011310 0.000149 0.022022 0.000005
0 0.011319 0.000180 0.022005 0.000005
0 0.011317 0.000178 0.022008 0.000005
0 0.011320 0.000191 0.022002 0.000007
0 0.011316 0.000172 0.022011 0.000005
0 0.011314 0.000169 0.022015 0.000005
0 0.011313 0.000166 0.022018 0.000005
0 0.011310 0.000161 0.022022 0.000005
0 0.011309 0.000158 0.022026 0.000005
0 0.011308 0.000154 0.022027 0.000005
0 0.010254 0.000134 0.019670 0.000011
0 0.010256 0.000131 0.019666 0.000012
0 0.010259 0.000127 0.019661 0.000012
0 0.010345 0.000094 0.019489 0.000012
0 0.011494 0.000047 0.021655 0.000003
0 0.011494 0.000050 0.021655 0.000003
0 0.010380 0.000054 0.019419 0.000003
0 0.011497 0.000058 0.021650 0.000005
0 0.010392 0.000092 0.019394 0.000007
0 0.010386 0.000107 0.019407 0.000014
0 0.010375 0.000111 0.019428 0.000020
0 0.010338 0.000187 0.019503 0.000012
0 0.010272 0.000163 0.019635 0.000014
0 0.010318 0.000193 0.019543 0.000018
0 0.010334 0.000106 0.019510 0.000012
0 0.010286 0.000145 0.019606 0.000016
0 0.010283 0.000151 0.019614 0.000015
0 0.010279 0.000152 0.019620 0.000016
0 0.010278 0.000155 0.019623 0.000015
0 0.010277 0.000159 0.019625 0.000013
0 0.011493 0.000044 0.021657 0.000003
0 0.010399 0.000046 0.019380 0.000007
0 0.011504 0.000051 0.021635 0.000005
0 0.011503 0.000048 0.021636 0.000005
0 0.011543 0.000093 0.021556 0.000006
0 0.011556 0.000074 0.021532 0.000005
0 0.011551 0.000076 0.021540 0.000006
0 0.011549 0.000078 0.021545 0.000007
0 0.011546 0.000078 0.021551 0.000007
0 0.011539 0.000081 0.021564 0.000007
0 0.010422 0.000074 0.019334 0.000006
0 0.011535 0.000106 0.021574 0.000004
0 0.011534 0.000100 0.021575 0.000004
0 0.011533 0.000097 0.021578 0.000004
0 0.011532 0.000094 0.021578 0.000004
0 0.010417 0.000114 0.019346 0.000009
0 0.010415 0.000101 0.019349 0.000010
0 0.010411 0.000046 0.019356 0.000009
0 0.011502 0.000045 0.021639 0.000005
0 0.010275 0.000125 0.019629 0.000011
0 0.010263 0.000135 0.019652 0.000013
0 0.010261 0.000125 0.019656 0.000010
0 0.010215 0.000235 0.019749 0.000015
0 0.010234 0.000211 0.019711 0.000015
0 0.010232 0.000214 0.019715 0.000015
0 0.010229 0.000216 0.019720 0.000013
0 0.010228 0.000219 0.019723 0.000015
0 0.010226 0.000221 0.019727 0.000015
0 0.010223 0.000224 0.019732 0.000015
0 0.010217 0.000231 0.019744 0.000011
0 0.010221 0.000211 0.019736 0.000013
0 0.010271 0.000166 0.019637 0.000011
0 0.010220 0.000207 0.019739 0.000013
0 0.010212 0.000222 0.019754 0.000014
0 0.010211 0.000218 0.019756 0.000013
0 0.010208 0.000211 0.019763 0.000013
0 0.010265 0.000117 0.019648 0.000013
0 0.010265 0.000119 0.019648 0.000011
0 0.010261 0.000122 0.019657 0.000012
0 0.010238 0.000211 0.019702 0.000009
0 0.010240 0.000208 0.019698 0.000009
0 0.010237 0.000194 0.019704 0.000011
0 0.010241 0.000204 0.019696 0.000011
0 0.010268 0.000169 0.019643 0.000014
0 0.010263 0.000159 0.019653 0.000011
0 0.010266 0.000172 0.019647 0.000015
0 0.010263 0.000172 0.019652 0.000011
0 0.010262 0.000176 0.019656 0.000015
0 0.010259 0.000179 0.019660 0.000015
0 0.010258 0.000181 0.019663 0.000013
0 0.010256 0.000184 0.019667 0.000015
0 0.010250 0.000174 0.019679 0.000011
0 0.010254 0.000187 0.019671 0.000015
0 0.010252 0.000189 0.019675 0.000013
0 0.010248 0.000192 0.019682 0.000015
0 0.010246 0.000195 0.019686 0.000015
0 0.010246 0.000199 0.019686 0.000011
0 0.010244 0.000202 0.019691 0.000011
0 0.011374 0.000301 0.021894 0.000004
0 0.011376 0.000311 0.021892 0.000004
0 0.010947 0.002065 0.018285 0.000016
0 0.011096 0.001191 0.017986 0.000009
0 0.012208 0.001234 0.020226 0.000007
0 0.012206 0.001249 0.020230 0.000006
0 0.012210 0.001287 0.020223 0.000007
0 0.012209 0.001256 0.020225 0.000007
0 0.011099 0.001271 0.017980 0.000009
0 0.012218 0.001241 0.020207 0.000007
0 0.011098 0.001239 0.017983 0.000009
0 0.011088 0.001174 0.018003 0.000007
0 0.012212 0.001111 0.020219 0.000005
0 0.011096 0.001151 0.017987 0.000007
0 0.012195 0.001110 0.020253 0.000006
0 0.012195 0.001134 0.020253 0.000006
0 0.012187 0.001143 0.020269 0.000006
0 0.012189 0.001125 0.020265 0.000007
0 0.012188 0.001111 0.020268 0.000007
0 0.012188 0.001090 0.020268 0.000006
0 0.012207 0.001292 0.020228 0.000007
0 0.012230 0.001128 0.020182 0.000003
0 0.012168 0.000813 0.020307 0.000008
0 0.011131 0.001191 0.017917 0.000007
0 0.012232 0.001166 0.020179 0.000003
0 0.012232 0.001163 0.020178 0.000003
0 0.011115 0.001158 0.017948 0.000004
0 0.011114 0.001154 0.017950 0.000004
0 0.012231 0.001149 0.020180 0.000002
0 0.012231 0.001146 0.020181 0.000003
0 0.012230 0.001143 0.020183 0.000003
0 0.011126 0.001187 0.017927 0.000007
0 0.012231 0.001132 0.020181 0.000003
0 0.011129 0.001190 0.017921 0.000007
0 0.012240 0.001183 0.020163 0.000007
0 0.012238 0.001188 0.020167 0.000005
0 0.012236 0.001175 0.020172 0.000005
0 0.012236 0.001159 0.020171 0.000007
0 0.012231 0.001139 0.020181 0.000003
0 0.012230 0.001136 0.020182 0.000002
0 0.012191 0.001069 0.020261 0.000005
0 0.012172 0.001291 0.020299 0.000007
0 0.012181 0.001218 0.020280 0.000006
0 0.012206 0.000964 0.020230 0.000007
0 0.000682 0.000841 0.001365 0.000075
0 0.010944 0.000779 0.018290 0.000010
0 0.010971 0.000789 0.018236 0.000011
0 0.010968 0.000787 0.018243 0.000012
0 0.010957 0.000783 0.018265 0.000011
0 0.010947 0.000778 0.018285 0.000018
0 0.010951 0.000761 0.018277 0.000015
0 0.012203 0.000927 0.020236 0.000007
0 0.011060 0.001251 0.018059 0.000009
0 0.011049 0.000925 0.018081 0.000008
0 0.011088 0.000944 0.018002 0.000010
0 0.012185 0.000886 0.020273 0.000005
0 0.011082 0.000905 0.018015 0.000008
0 0.012199 0.000867 0.020244 0.000007
0 0.012200 0.000842 0.020243 0.000007
0 0.012199 0.000812 0.020245 0.000007
0 0.000642 0.000824 0.001285 0.000072
0 0.000597 0.000788 0.001195 0.000075
0 0.000377 0.000966 0.000754 0.000100
0 0.000663 0.001042 0.001327 0.000095
0 0.012122 0.001238 0.020399 0.000002
0 0.011008 0.001205 0.018162 0.000007
0 0.010998 0.001202 0.018183 0.000009
0 0.010995 0.001200 0.018189 0.000009
0 0.010989 0.001079 0.018200 0.000018
0 0.012239 0.001040 0.020165 0.000003
0 0.012239 0.001034 0.020165 0.000003
0 0.012238 0.001025 0.020167 0.000003
0 0.012199 0.001048 0.020244 0.000005
0 0.012199 0.001020 0.020245 0.000009
0 0.012201 0.001083 0.020241 0.000008
0 0.012157 0.000982 0.020330 0.000007
0 0.012157 0.000970 0.020329 0.000007
0 0.011077 0.001058 0.018024 0.000009
0 0.011086 0.001042 0.018007 0.000012
0 0.012232 0.001169 0.020179 0.000001
0 0.012232 0.001171 0.020179 0.000002
0 0.012232 0.001174 0.020180 0.000003
0 0.000489 0.001764 0.000978 0.000055
0 0.010980 0.001793 0.018218 0.000017
0 0.010989 0.001748 0.018200 0.000016
0 0.011875 0.001790 0.020893 0.000005
0 0.010680 0.001785 0.018819 0.000007
0 0.010639 0.001762 0.018901 0.000011
0 0.011797 0.001767 0.021048 0.000004
0 0.000527 0.001783 0.001055 0.000042
0 0.000451 0.001748 0.000902 0.000069
0 0.012088 0.001481 0.020468 0.000005
0 0.010405 0.001687 0.019368 0.000005
0 0.000370 0.001726 0.000741 0.000059
0 0.000115 0.001707 0.000229 0.000082
0 0.012131 0.001674 0.020380 0.000005
0 0.012156 0.001648 0.020330 0.000003
0 0.012230 0.001700 0.020183 0.000008
0 0.012230 0.001684 0.020184 0.000007
0 0.012231 0.001736 0.020180 0.000006
0 0.012261 0.001805 0.020121 0.000005
0 0.012265 0.001800 0.020112 0.000005
0 0.011146 0.001793 0.017886 0.000009
0 0.010949 0.002084 0.018281 0.000014
0 0.002849 0.002006 0.003230 0.000023
0 0.000873 0.001395 0.001745 0.000046
0 0.000935 0.001418 0.001871 0.000054
0 0.000370 0.001076 0.000741 0.000122
0 0.000595 0.001024 0.001189 0.000094
0 0.000854 0.001040 0.001707 0.000062
0 0.010936 0.001831 0.018307 0.000015
0 0.010924 0.001844 0.018331 0.000016
0 0.010916 0.001847 0.018346 0.000016
0 0.010906 0.001850 0.018367 0.000017
0 0.000782 0.001852 0.001564 0.000037
0 0.000570 0.001791 0.001139 0.000051
0 0.012240 0.001738 0.020163 0.000005
0 0.012222 0.001810 0.020200 0.000007
0 0.012223 0.001670 0.020196 0.000007
0 0.012134 0.001568 0.020375 0.000007
0 0.011116 0.001180 0.017947 0.000002
0 0.012211 0.001349 0.020222 0.000007
0 0.012205 0.001423 0.020233 0.000007
0 0.012211 0.001392 0.020220 0.000007
0 0.012201 0.001370 0.020241 0.000006
0 0.012217 0.001316 0.020210 0.000007
0 0.012211 0.001321 0.020221 0.000007
0 0.012213 0.001304 0.020216 0.000007
0 0.012201 0.001289 0.020242 0.000007
0 0.012215 0.001335 0.020214 0.000007
0 0.012211 0.001600 0.020220 0.000005
0 0.011092 0.001443 0.017994 0.000010
0 0.011099 0.001432 0.017981 0.000009
0 0.011102 0.001424 0.017975 0.000008
0 0.012199 0.001313 0.020245 0.000007
0 0.012242 0.001156 0.020160 0.000007
0 0.011117 0.001186 0.017944 0.000003
0 0.011117 0.001183 0.017945 0.000005
0 0.012224 0.001423 0.020196 0.000007
0 0.012212 0.001439 0.020219 0.000008
0 0.012165 0.001345 0.020313 0.000007
0 0.012161 0.001406 0.020322 0.000007
0 0.012217 0.001567 0.020208 0.000005
0 0.012243 0.001591 0.020157 0.000007
0 0.012236 0.001524 0.020170 0.000009
0 0.012234 0.001542 0.020175 0.000005
0 0.012218 0.001499 0.020207 0.000007
0 0.012226 0.001469 0.020191 0.000006
0 0.012206 0.001449 0.020231 0.000007
0 0.011086 0.001440 0.018006 0.000022
0 0.000349 0.001191 0.000698 0.000086
0 0.000402 0.001145 0.000805 0.000059
0 0.000460 0.001161 0.000921 0.000098
0 0.000574 0.001192 0.001148 0.000089
0 0.000617 0.001207 0.001234 0.000087
0 0.012138 0.001335 0.020367 0.000006
0 0.012163 0.001416 0.020316 0.000007
0 0.012194 0.000861 0.020254 0.000008
0 0.012194 0.000791 0.020256 0.000007
0 0.011376 0.000313 0.021890 0.000004
0 0.011301 0.000257 0.022041 0.000006
0 0.011309 0.000284 0.022026 0.000005
0 0.011309 0.000287 0.022024 0.000005
0 0.011311 0.000290 0.022022 0.000005
0 0.011295 0.000243 0.022053 0.000005
0 0.011297 0.000249 0.022049 0.000006
0 0.011299 0.000251 0.022045 0.000005
0 0.011300 0.000254 0.022043 0.000006
0 0.011303 0.000262 0.022037 0.000007
0 0.011306 0.000279 0.022031 0.000005
0 0.011305 0.000267 0.022032 0.000005
0 0.011307 0.000270 0.022030 0.000005
0 0.011310 0.000278 0.022022 0.000005
0 0.011313 0.000283 0.022018 0.000007
0 0.011315 0.000286 0.022014 0.000005
0 0.011304 0.000240 0.022035 0.000006
0 0.011305 0.000243 0.022033 0.000006
0 0.011307 0.000282 0.022029 0.000005
0 0.011305 0.000276 0.022034 0.000004
0 0.011070 0.000826 0.018039 0.000018
0 0.011293 0.000276 0.022057 0.000005
0 0.011284 0.000257 0.022074 0.000005
0 0.011286 0.000260 0.022070 0.000005
0 0.011287 0.000262 0.022068 0.000005
0 0.011288 0.000265 0.022066 0.000004
0 0.011289 0.000267 0.022065 0.000005
0 0.011291 0.000269 0.022061 0.000005
0 0.011292 0.000273 0.022060 0.000006
0 0.011296 0.000281 0.022052 0.000006
0 0.011304 0.000273 0.022035 0.000004
0 0.011300 0.000291 0.022043 0.000005
0 0.011301 0.000294 0.022040 0.000005
0 0.011297 0.000258 0.022049 0.000005
0 0.011297 0.000261 0.022048 0.000005
0 0.011299 0.000263 0.022045 0.000004
0 0.011300 0.000266 0.022043 0.000005
0 0.011303 0.000270 0.022038 0.000004
0 0.011307 0.000246 0.022030 0.000005
0 0.011311 0.000245 0.022022 0.000005
0 0.011309 0.000251 0.022025 0.000005
0 0.011357 0.000267 0.021928 0.000006
0 0.011366 0.000288 0.021911 0.000006
0 0.011365 0.000282 0.021912 0.000005
0 0.011364 0.000277 0.021915 0.000005
0 0.011351 0.000275 0.021941 0.000005
0 0.011353 0.000273 0.021938 0.000005
0 0.011354 0.000271 0.021934 0.000005
0 0.011356 0.000269 0.021931 0.000005
0 0.011359 0.000264 0.021925 0.000005
0 0.011310 0.000254 0.022022 0.000006
0 0.011361 0.000263 0.021921 0.000006
0 0.011362 0.000261 0.021919 0.000006
0 0.011363 0.000259 0.021916 0.000005
0 0.011365 0.000257 0.021913 0.000005
0 0.011367 0.000255 0.021909 0.000005
0 0.011368 0.000253 0.021906 0.000007
0 0.011370 0.000251 0.021903 0.000007
0 0.011367 0.000295 0.021909 0.000006
0 0.011368 0.000301 0.021907 0.000005
0 0.011369 0.000307 0.021905 0.000006
0 0.011370 0.000313 0.021903 0.000005
0 0.011312 0.000258 0.022019 0.000005
0 0.011313 0.000262 0.022016 0.000006
0 0.011319 0.000272 0.022006 0.000005
0 0.011317 0.000269 0.022009 0.000006
0 0.011320 0.000265 0.022003 0.000005
0 0.011322 0.000268 0.021999 0.000005
0 0.011365 0.000377 0.021912 0.000007
0 0.011347 0.000308 0.021949 0.000005
0 0.011345 0.000292 0.021954 0.000005
0 0.011353 0.000292 0.021936 0.000005
0 0.011361 0.000308 0.021920 0.000005
0 0.011360 0.000296 0.021923 0.000004
0 0.011357 0.000287 0.021928 0.000005
0 0.011359 0.000291 0.021926 0.000005
0 0.011366 0.000333 0.021911 0.000003
0 0.011284 0.000254 0.022076 0.000005
0 0.011282 0.000251 0.022078 0.000005
0 0.011266 0.000285 0.022111 0.000006
0 0.012188 0.000729 0.020266 0.000006
0 0.012228 0.000638 0.020188 0.000006
0 0.012224 0.000637 0.020195 0.000006
0 0.012182 0.000776 0.020278 0.000007
0 0.012193 0.000761 0.020257 0.000007
0 0.012186 0.000761 0.020270 0.000007
0 0.011081 0.000755 0.018016 0.000010
0 0.012184 0.000722 0.020276 0.000005
0 0.011083 0.000722 0.018013 0.000009
0 0.012188 0.000617 0.020267 0.000007
0 0.012198 0.000664 0.020246 0.000007
0 0.012196 0.000695 0.020252 0.000006
0 0.012193 0.000689 0.020257 0.000006
0 0.012196 0.000674 0.020250 0.000005
0 0.012184 0.000698 0.020276 0.000006
0 0.012190 0.000651 0.020264 0.000007
0 0.012171 0.000653 0.020301 0.000007
0 0.012230 0.000639 0.020183 0.000007
0 0.012230 0.000644 0.020184 0.000003
0 0.012220 0.000633 0.020203 0.000003
0 0.012223 0.000632 0.020196 0.000003
0 0.012232 0.000892 0.020180 0.000004
0 0.012243 0.000684 0.020157 0.000006
0 0.012241 0.000683 0.020161 0.000007
0 0.012239 0.000684 0.020165 0.000006
0 0.012237 0.000684 0.020169 0.000005
0 0.012235 0.000684 0.020173 0.000006
0 0.012234 0.000684 0.020176 0.000005
0 0.012232 0.000684 0.020180 0.000006
0 0.012228 0.000684 0.020188 0.000006
0 0.012224 0.000685 0.020196 0.000005
0 0.012210 0.000694 0.020223 0.000006
0 0.012238 0.000639 0.020166 0.000007
0 0.012236 0.000639 0.020171 0.000007
0 0.012232 0.000634 0.020180 0.000003
0 0.012228 0.000633 0.020187 0.000003
0 0.012171 0.000645 0.020300 0.000007
0 0.012197 0.000620 0.020249 0.000005
0 0.011269 0.000288 0.022105 0.000005
0 0.012196 0.000423 0.020250 0.000007
0 0.012201 0.000536 0.020241 0.000007
0 0.012188 0.000522 0.020268 0.000005
0 0.012205 0.000518 0.020234 0.000008
0 0.012200 0.000516 0.020243 0.000007
0 0.012194 0.000495 0.020256 0.000005
0 0.012187 0.000463 0.020268 0.000007
0 0.012196 0.000449 0.020250 0.000006
0 0.012193 0.000467 0.020257 0.000006
0 0.012201 0.000626 0.020242 0.000007
0 0.012203 0.000463 0.020236 0.000006
0 0.012208 0.000424 0.020226 0.000008
0 0.012200 0.000409 0.020242 0.000007
0 0.012212 0.000417 0.020219 0.000008
0 0.010327 0.000395 0.019525 0.000007
0 0.011265 0.000340 0.022113 0.000006
0 0.011270 0.000292 0.022103 0.000005
0 0.012191 0.000541 0.020261 0.000006
0 0.012188 0.000563 0.020268 0.000007
0 0.012197 0.000571 0.020249 0.000006
0 0.012190 0.000578 0.020264 0.000008
0 0.000292 0.000621 0.000584 0.000040
0 0.012157 0.000560 0.020329 0.000005
0 0.012157 0.000548 0.020328 0.000005
0 0.012158 0.000533 0.020327 0.000007
0 0.012170 0.000543 0.020303 0.000005
0 0.012172 0.000543 0.020299 0.000008
0 0.012175 0.000544 0.020293 0.000007
0 0.012176 0.000556 0.020291 0.000006
0 0.012179 0.000544 0.020284 0.000005
0 0.012169 0.000527 0.020305 0.000005
0 0.012174 0.000536 0.020294 0.000004
0 0.012175 0.000518 0.020292 0.000007
0 0.011112 0.000551 0.017955 0.000005
0 0.012188 0.000598 0.020266 0.000007
0 0.012195 0.000606 0.020253 0.000005
0 0.002289 0.000294 0.004351 0.000030