0 0.000294 0.001506 0.000587 0.000022
0 0.001052 0.001106 0.002104 0.000013
0 0.000666 0.000998 0.001333 0.000015
0 0.000670 0.001013 0.001341 0.000015
0 0.000673 0.001029 0.001347 0.000015
0 0.000675 0.001045 0.001350 0.000015
0 0.000677 0.001060 0.001354 0.000014
0 0.000678 0.001077 0.001355 0.000012
0 0.000683 0.001091 0.001367 0.000012
0 0.000512 0.001054 0.001025 0.000013
0 0.000684 0.001106 0.001369 0.000013
0 0.000546 0.001077 0.001093 0.000018
0 0.000567 0.001089 0.001135 0.000030
0 0.000101 0.001023 0.000202 0.000027
0 0.001044 0.001111 0.002088 0.000015
0 0.001070 0.001106 0.002139 0.000014
0 0.000654 0.000951 0.001308 0.000013
0 0.001080 0.001103 0.002161 0.000022
0 0.013356 0.001106 0.022396 0.000009
0 0.013360 0.001102 0.022387 0.000012
0 0.001097 0.001099 0.002195 0.000019
0 0.001109 0.001093 0.002219 0.000026
0 0.001116 0.001092 0.002232 0.000014
0 0.013383 0.001131 0.022341 0.000009
0 0.013387 0.001129 0.022334 0.000010
0 0.013379 0.001132 0.022349 0.000009
0 0.013373 0.001134 0.022362 0.000011
0 0.013364 0.001133 0.022379 0.000011
0 0.013353 0.001136 0.022401 0.000007
0 0.013349 0.001138 0.022409 0.000008
0 0.000661 0.000982 0.001322 0.000011
0 0.000653 0.000938 0.001305 0.000012
0 0.001107 0.001581 0.002213 0.000036
0 0.001024 0.001025 0.002047 0.000023
0 0.012284 0.000662 0.024538 0.000015
0 0.000130 0.000722 0.000260 0.000021
0 0.000148 0.000687 0.000296 0.000018
0 0.000209 0.000676 0.000419 0.000027
0 0.000136 0.000801 0.000271 0.000015
0 0.000814 0.000725 0.001629 0.000028
0 0.001094 0.000981 0.002188 0.000029
0 0.001064 0.000980 0.002129 0.000027
0 0.001047 0.000985 0.002094 0.000026
0 0.001033 0.000995 0.002066 0.000022
0 0.001025 0.000992 0.002049 0.000026
0 0.001008 0.000999 0.002016 0.000025
0 0.001010 0.001024 0.002021 0.000022
0 0.001043 0.001026 0.002086 0.000027
0 0.000650 0.000927 0.001300 0.000012
0 0.001037 0.001012 0.002073 0.000026
0 0.001058 0.001003 0.002116 0.000022
0 0.001066 0.001022 0.002132 0.000025
0 0.000626 0.000929 0.001252 0.000012
0 0.000629 0.000941 0.001258 0.000013
0 0.012889 0.000917 0.023330 0.000010
0 0.000630 0.000953 0.001259 0.000012
0 0.000638 0.000996 0.001276 0.000012
0 0.000642 0.001008 0.001284 0.000012
0 0.000645 0.001021 0.001290 0.000010
0 0.000651 0.001052 0.001302 0.000010
0 0.000645 0.000906 0.001289 0.000011
0 0.000647 0.000917 0.001294 0.000011
0 0.001070 0.001146 0.002141 0.000022
0 0.001056 0.001151 0.002112 0.000019
0 0.001050 0.001144 0.002100 0.000014
0 0.000129 0.001466 0.000258 0.000010
0 0.000506 0.001393 0.001011 0.000018
0 0.000490 0.001385 0.000979 0.000011
0 0.000473 0.001385 0.000946 0.000011
0 0.000460 0.001382 0.000920 0.000012
0 0.000283 0.001511 0.000566 0.000017
0 0.012502 0.001377 0.024103 0.000046
0 0.000163 0.001516 0.000326 0.000025
0 0.000178 0.001476 0.000357 0.000015
0 0.000138 0.001451 0.000276 0.000013
0 0.000134 0.001440 0.000269 0.000030
0 0.000122 0.001440 0.000245 0.000010
0 0.000120 0.001447 0.000239 0.000025
0 0.000131 0.001470 0.000263 0.000012
0 0.000120 0.001462 0.000240 0.000010
0 0.001041 0.001147 0.002082 0.000026
0 0.000115 0.001456 0.000230 0.000007
0 0.000577 0.001548 0.001153 0.000031
0 0.000559 0.001616 0.001119 0.000027
0 0.000578 0.001619 0.001155 0.000027
0 0.000615 0.001624 0.001231 0.000030
0 0.000661 0.001611 0.001322 0.000032
0 0.001078 0.001590 0.002156 0.000036
0 0.001089 0.001141 0.002178 0.000019
0 0.000635 0.000977 0.001271 0.000012
0 0.000649 0.001039 0.001298 0.000013
0 0.000657 0.001083 0.001314 0.000011
0 0.000658 0.000967 0.001316 0.000012
0 0.000171 0.001431 0.000341 0.000023
0 0.000527 0.001395 0.001054 0.000014
0 0.000546 0.001455 0.001092 0.000026
0 0.000542 0.001396 0.001084 0.000015
0 0.000560 0.001398 0.001119 0.000011
0 0.001035 0.001141 0.002069 0.000012
0 0.001034 0.001150 0.002069 0.000018
0 0.001041 0.001159 0.002082 0.000020
0 0.000668 0.001180 0.001336 0.000013
0 0.000585 0.001208 0.001169 0.000032
0 0.000600 0.001221 0.001201 0.000032
0 0.000481 0.001206 0.000962 0.000012
0 0.000479 0.001213 0.000957 0.000012
0 0.000477 0.001219 0.000955 0.000012
0 0.000474 0.001239 0.000947 0.000014
0 0.000497 0.001225 0.000993 0.000012
0 0.000496 0.001237 0.000992 0.000011
0 0.000501 0.001245 0.001002 0.000010
0 0.012774 0.001240 0.023560 0.000007
0 0.000504 0.001234 0.001008 0.000012
0 0.000507 0.001227 0.001014 0.000012
0 0.000529 0.001240 0.001059 0.000015
0 0.000531 0.001247 0.001063 0.000013
0 0.000435 0.001255 0.000871 0.000030
0 0.000085 0.001186 0.000169 0.000020
0 0.000077 0.001168 0.000154 0.000020
0 0.000630 0.001287 0.001260 0.000032
0 0.000669 0.001280 0.001339 0.000026
0 0.000662 0.001476 0.001324 0.000028
0 0.000620 0.001409 0.001239 0.000012
0 0.000602 0.001464 0.001204 0.000026
0 0.000565 0.001458 0.001131 0.000024
0 0.000449 0.000277 0.000898 0.000027