0 0.010942 0.000073 0.018295 0.000068
0 0.012260 0.000397 0.020123 0.000041
0 0.000388 0.000811 0.000776 0.000292
0 0.000435 0.000916 0.000869 0.000219
0 0.000561 0.000427 0.001121 0.000217
0 0.000714 0.000984 0.001429 0.000218
0 0.001003 0.001962 0.002006 0.000296
0 0.000814 0.001619 0.001628 0.000237
0 0.000734 0.001503 0.001468 0.000192
0 0.000696 0.001394 0.001392 0.000300
0 0.012022 0.000405 0.020599 0.000046
0 0.012033 0.000236 0.020576 0.000037
0 0.011993 0.000073 0.020656 0.000048
0 0.011976 0.000237 0.020691 0.000040
0 0.011997 0.000400 0.020649 0.000047
0 0.012151 0.000062 0.020340 0.000043
0 0.012191 0.000055 0.020261 0.000045
0 0.012155 0.000394 0.020332 0.000045
0 0.011687 0.000230 0.021268 0.000048
0 0.011945 0.000234 0.020753 0.000052
0 0.011960 0.000234 0.020723 0.000045
0 0.012007 0.000068 0.020628 0.000045
0 0.012033 0.000067 0.020577 0.000049
0 0.012004 0.000233 0.020634 0.000045
0 0.012139 0.000062 0.020365 0.000046
0 0.012112 0.000060 0.020418 0.000033
0 0.012165 0.000059 0.020313 0.000043
0 0.012178 0.000059 0.020287 0.000035
0 0.012235 0.000390 0.020173 0.000050
0 0.000304 0.000635 0.000607 0.000314