0 0.010674 0.001761 0.018831 0.000056
0 0.011717 0.001523 0.021209 0.000033
0 0.011566 0.000088 0.021510 0.000047
0 0.011619 0.000111 0.021406 0.000044
0 0.011600 0.000123 0.021442 0.000049
0 0.011582 0.000132 0.021479 0.000049
0 0.011531 0.000162 0.021581 0.000053
0 0.000714 0.001884 0.001427 0.000129
0 0.000729 0.001998 0.001459 0.000123
0 0.000589 0.001756 0.001177 0.000088
0 0.000586 0.001990 0.001172 0.000087
0 0.000493 0.002038 0.000985 0.000092
0 0.000884 0.000476 0.001768 0.000138
0 0.000765 0.000202 0.001530 0.000100
0 0.000842 0.000242 0.001684 0.000093
0 0.000777 0.000291 0.001553 0.000108
0 0.000691 0.000251 0.001383 0.000087
0 0.000701 0.000342 0.001403 0.000113
0 0.000614 0.000285 0.001229 0.000091
0 0.000612 0.000369 0.001224 0.000096
0 0.000541 0.000414 0.001081 0.000107
0 0.000470 0.000382 0.000941 0.000133
0 0.000459 0.000458 0.000917 0.000099
0 0.000375 0.000411 0.000750 0.000092
0 0.000390 0.000498 0.000780 0.000111
0 0.000306 0.000459 0.000611 0.000093
0 0.000195 0.000205 0.000391 0.000188
0 0.011534 0.000028 0.021575 0.000036
0 0.011517 0.000108 0.021609 0.000047
0 0.011922 0.000078 0.020800 0.000038
0 0.011548 0.000152 0.021546 0.000045
0 0.011709 0.001496 0.021225 0.000028
0 0.011794 0.001801 0.021055 0.000036
0 0.012216 0.001180 0.020210 0.000032
0 0.012237 0.000962 0.020169 0.000040
0 0.012227 0.000937 0.020189 0.000040
0 0.012207 0.000856 0.020228 0.000039
0 0.012248 0.000832 0.020147 0.000040
0 0.012232 0.000779 0.020179 0.000052
0 0.012153 0.000046 0.020338 0.000036
0 0.011650 0.000095 0.021343 0.000050
0 0.011561 0.000146 0.021520 0.000054
0 0.011534 0.000105 0.021575 0.000047
0 0.012095 0.000021 0.020452 0.000033
0 0.010301 0.000649 0.019576 0.000033
0 0.011590 0.000078 0.021464 0.000044
0 0.011730 0.001543 0.021184 0.000037
0 0.011797 0.001722 0.021048 0.000031
0 0.011736 0.001564 0.021171 0.000034
0 0.012202 0.001101 0.020238 0.000034
0 0.012189 0.000808 0.020265 0.000037
0 0.012091 0.000508 0.020460 0.000039
0 0.012134 0.000025 0.020376 0.000036
0 0.012116 0.000068 0.020411 0.000042
0 0.012105 0.000049 0.020432 0.000036
0 0.000108 0.000286 0.000217 0.000148