0 0.000939 0.000716 0.001877 0.000098
0 0.000907 0.000685 0.001815 0.000076
0 0.000197 0.001733 0.000394 0.000118
0 0.000228 0.001632 0.000457 0.000123
0 0.000255 0.001530 0.000509 0.000116
0 0.000279 0.001419 0.000558 0.000121
0 0.000328 0.001563 0.000657 0.000098
0 0.000358 0.001463 0.000716 0.000111
0 0.000409 0.001290 0.000818 0.000079
0 0.000452 0.001267 0.000905 0.000079
0 0.000306 0.001676 0.000611 0.000118
0 0.000277 0.001782 0.000553 0.000108
0 0.000249 0.001885 0.000497 0.000118
0 0.000227 0.001976 0.000453 0.000143
0 0.000519 0.000688 0.001037 0.000298
0 0.000574 0.000604 0.001147 0.000066
0 0.000617 0.000582 0.001234 0.000081
0 0.000592 0.000861 0.001183 0.000084
0 0.000633 0.000838 0.001266 0.000091
0 0.000674 0.000820 0.001348 0.000074
0 0.000706 0.000546 0.001412 0.000079
0 0.000736 0.000752 0.001472 0.000086
0 0.000762 0.000799 0.001524 0.000071
0 0.000751 0.000538 0.001502 0.000101
0 0.000821 0.000711 0.001641 0.000079
0 0.000167 0.001846 0.000334 0.000084