0 0.012228 0.001397 0.020186 0.000027
0 0.000559 0.002044 0.001118 0.000057
0 0.001117 0.001426 0.002233 0.000059
0 0.000278 0.000683 0.000556 0.000051
0 0.000378 0.000868 0.000755 0.000063
0 0.000404 0.002172 0.000807 0.000054
0 0.000379 0.002131 0.000758 0.000049
0 0.000449 0.002138 0.000897 0.000057
0 0.000453 0.002071 0.000906 0.000052
0 0.000493 0.002037 0.000986 0.000049
0 0.000878 0.001432 0.001757 0.000061
0 0.000531 0.002007 0.001063 0.000049
0 0.000602 0.002006 0.001204 0.000060
0 0.000916 0.002081 0.001833 0.000040
0 0.000985 0.001606 0.001970 0.000053
0 0.000994 0.001627 0.001989 0.000052
0 0.000945 0.001639 0.001890 0.000050
0 0.000909 0.001672 0.001818 0.000048
0 0.000925 0.001442 0.001849 0.000057
0 0.000955 0.001238 0.001909 0.000053
0 0.000868 0.001706 0.001737 0.000050
0 0.000521 0.001035 0.001042 0.000057
0 0.000846 0.000225 0.001692 0.000058
0 0.000794 0.000265 0.001588 0.000052
0 0.000745 0.000311 0.001490 0.000051
0 0.000694 0.000355 0.001388 0.000050
0 0.000630 0.000402 0.001260 0.000052
0 0.000472 0.000978 0.000945 0.000063
0 0.000520 0.000987 0.001039 0.000057
0 0.000569 0.001044 0.001139 0.000055
0 0.000830 0.001326 0.001660 0.000059
0 0.000571 0.001093 0.001142 0.000057
0 0.000621 0.001101 0.001241 0.000057
0 0.000624 0.001150 0.001247 0.000059
0 0.000673 0.001157 0.001345 0.000054
0 0.000725 0.001214 0.001449 0.000058
0 0.000712 0.001273 0.001423 0.000056
0 0.000777 0.001318 0.001555 0.000059
0 0.000913 0.001694 0.001827 0.000052
0 0.000826 0.001738 0.001653 0.000050
0 0.012033 0.001198 0.020576 0.000020
0 0.012033 0.000559 0.020578 0.000023
0 0.010927 0.001915 0.018325 0.000024
0 0.011027 0.001936 0.018124 0.000023
0 0.010988 0.001979 0.018204 0.000019
0 0.011053 0.001917 0.018072 0.000025
0 0.010998 0.001872 0.018182 0.000027
0 0.012116 0.001865 0.020411 0.000025
0 0.011998 0.000589 0.020646 0.000027
0 0.012074 0.000528 0.020495 0.000025
0 0.010207 0.000382 0.019765 0.000032
0 0.011971 0.000964 0.020701 0.000022
0 0.011981 0.000974 0.020682 0.000019
0 0.012002 0.000993 0.020638 0.000018
0 0.011777 0.000909 0.021089 0.000026
0 0.011739 0.000859 0.021165 0.000021
0 0.010630 0.000872 0.018919 0.000028
0 0.010645 0.000894 0.018889 0.000031
0 0.010937 0.001922 0.018304 0.000021
0 0.012076 0.002073 0.020491 0.000023
0 0.000832 0.001761 0.001665 0.000050
0 0.011326 0.001246 0.021992 0.000024
0 0.000745 0.001805 0.001491 0.000051
0 0.000751 0.001828 0.001501 0.000052
0 0.000556 0.001856 0.001111 0.000051
0 0.000514 0.001894 0.001027 0.000052
0 0.000342 0.002044 0.000683 0.000054
0 0.000385 0.002005 0.000771 0.000052
0 0.011303 0.001249 0.022036 0.000020
0 0.011531 0.001129 0.021580 0.000022
0 0.012161 0.001925 0.020321 0.000023
0 0.000566 0.001294 0.001133 0.000050
0 0.000630 0.001371 0.001260 0.000034
0 0.011622 0.001449 0.021398 0.000022
0 0.012062 0.001929 0.020518 0.000022
0 0.012098 0.001882 0.020448 0.000023
0 0.012126 0.001857 0.020391 0.000024
0 0.012191 0.001897 0.020261 0.000024
0 0.000913 0.000177 0.001827 0.000072