0 0.012176 0.002045 0.020292 0.000088
0 0.011320 0.002086 0.022004 0.000098
0 0.012173 0.000669 0.020297 0.000114
0 0.012142 0.000661 0.020358 0.000130
0 0.012113 0.000656 0.020417 0.000159
0 0.012087 0.000648 0.020469 0.000130
0 0.012054 0.000644 0.020535 0.000137
0 0.011931 0.000176 0.020781 0.000078
0 0.010063 0.000334 0.020053 0.000251
0 0.010320 0.000989 0.019538 0.000215
0 0.011945 0.000088 0.020753 0.000078
0 0.011956 0.000262 0.020730 0.000075
0 0.011325 0.001993 0.021993 0.000107
0 0.012185 0.001908 0.020274 0.000088
0 0.011327 0.001830 0.021988 0.000088
0 0.011339 0.001764 0.021965 0.000104
0 0.011340 0.001689 0.021963 0.000091
0 0.011341 0.001620 0.021960 0.000085
0 0.010575 0.001139 0.019028 0.000091
0 0.010784 0.001375 0.018611 0.000251
0 0.010753 0.001044 0.018672 0.000247
0 0.010318 0.001134 0.019543 0.000172
0 0.010329 0.000896 0.019520 0.000179
0 0.010347 0.000662 0.019484 0.000205
0 0.012233 0.000709 0.020176 0.000150
0 0.012067 0.001028 0.020510 0.000059
0 0.012062 0.001097 0.020520 0.000072
0 0.012049 0.001162 0.020545 0.000078
0 0.012186 0.001778 0.020271 0.000088
0 0.012201 0.001659 0.020240 0.000059
0 0.012204 0.001596 0.020235 0.000075
0 0.012206 0.001523 0.020230 0.000072
0 0.012211 0.001412 0.020220 0.000078
0 0.012220 0.001285 0.020202 0.000078
0 0.012124 0.001954 0.020394 0.000068
0 0.012127 0.001889 0.020389 0.000075
0 0.012137 0.001821 0.020369 0.000081
0 0.012140 0.001705 0.020363 0.000078
0 0.012129 0.001638 0.020384 0.000088
0 0.012145 0.001568 0.020353 0.000091
0 0.012140 0.001458 0.020363 0.000072
0 0.012170 0.001139 0.020302 0.000078
0 0.012177 0.001077 0.020289 0.000085
0 0.012015 0.001622 0.020612 0.000075
0 0.012033 0.001549 0.020576 0.000091
0 0.012046 0.001415 0.020551 0.000072
0 0.012049 0.001354 0.020545 0.000065
0 0.012050 0.001289 0.020543 0.000065
0 0.012047 0.001225 0.020548 0.000062
0 0.010355 0.000540 0.019469 0.000195