0 0.000602 0.001873 0.001204 0.000081
0 0.000543 0.001932 0.001085 0.000066
0 0.000455 0.000686 0.000911 0.000120
0 0.000509 0.000844 0.001018 0.000042
0 0.000438 0.000851 0.000876 0.000062
0 0.000397 0.000901 0.000794 0.000057
0 0.000354 0.001313 0.000708 0.000070
0 0.000355 0.001412 0.000710 0.000078
0 0.000350 0.001512 0.000700 0.000080
0 0.000359 0.001613 0.000717 0.000079
0 0.000547 0.001616 0.001095 0.000079
0 0.000594 0.001668 0.001189 0.000082
0 0.000600 0.001468 0.001200 0.000075
0 0.000541 0.001406 0.001082 0.000069
0 0.000598 0.001359 0.001197 0.000078
0 0.000555 0.001206 0.001110 0.000087
0 0.000790 0.001202 0.001580 0.000074
0 0.000790 0.001410 0.001580 0.000080
0 0.000790 0.001512 0.001580 0.000065
0 0.000797 0.001615 0.001594 0.000082
0 0.000790 0.001717 0.001580 0.000080
0 0.000929 0.000172 0.001858 0.000082
0 0.000907 0.000559 0.001814 0.000080
0 0.000796 0.000488 0.001592 0.000104
0 0.000794 0.000610 0.001588 0.000092
0 0.000858 0.000686 0.001716 0.000081
0 0.000795 0.000736 0.001590 0.000077
0 0.000795 0.000840 0.001590 0.000079
0 0.000791 0.002027 0.001582 0.000067
0 0.000545 0.002029 0.001089 0.000092
0 0.000606 0.001981 0.001212 0.000086
0 0.000535 0.000572 0.001070 0.000150