0 0.016665 0.000062 0.029169 0.000057
0 0.005106 0.001898 0.007645 0.000081
0 0.005149 0.001762 0.007559 0.000082
0 0.005170 0.001689 0.007516 0.000082
0 0.005193 0.001618 0.007472 0.000081
0 0.005214 0.001549 0.007429 0.000082
0 0.004951 0.000597 0.007955 0.000101
0 0.004909 0.000661 0.008039 0.000101
0 0.004869 0.000728 0.008120 0.000102
0 0.004984 0.000821 0.007888 0.000102
0 0.005026 0.000754 0.007806 0.000100
0 0.005069 0.000689 0.007720 0.000100
0 0.005211 0.000462 0.007434 0.000101
0 0.005253 0.000397 0.007350 0.000101
0 0.005295 0.000331 0.007268 0.000103
0 0.005095 0.000369 0.007668 0.000102
0 0.005137 0.000304 0.007584 0.000101
0 0.005128 0.001828 0.007600 0.000079
0 0.016131 0.002019 0.030238 0.000065
0 0.016623 0.000174 0.029253 0.000052
0 0.004829 0.001911 0.008198 0.000085
0 0.004659 0.001557 0.008538 0.000081
0 0.004682 0.001480 0.008493 0.000081
0 0.004709 0.001391 0.008439 0.000081
0 0.004730 0.001318 0.008396 0.000080
0 0.004753 0.001246 0.008351 0.000081
0 0.004896 0.001336 0.008066 0.000082
0 0.004874 0.001404 0.008109 0.000081
0 0.004847 0.001494 0.008163 0.000079
0 0.004824 0.001570 0.008209 0.000081
0 0.005055 0.001445 0.007748 0.000086
0 0.005027 0.001518 0.007804 0.000087
0 0.004992 0.001604 0.007873 0.000087
0 0.004966 0.001672 0.007926 0.000087
0 0.004939 0.001742 0.007980 0.000086
0 0.004856 0.001837 0.008146 0.000084
0 0.005179 0.000237 0.007500 0.000101