0 0.005435 0.000847 0.006986 0.000073
0 0.005403 0.000234 0.007051 0.000144
0 0.004636 0.001629 0.008586 0.000067
0 0.004634 0.001715 0.008589 0.000068
0 0.004631 0.001803 0.008595 0.000070
0 0.004747 0.001637 0.008363 0.000071
0 0.004746 0.001725 0.008366 0.000070
0 0.004743 0.001811 0.008371 0.000071
0 0.004860 0.001645 0.008138 0.000071
0 0.004858 0.001732 0.008141 0.000071
0 0.004856 0.001820 0.008146 0.000073
0 0.006119 0.001636 0.010083 0.000133
0 0.005320 0.001776 0.007217 0.000074
0 0.005367 0.000302 0.007123 0.000142
0 0.004963 0.001010 0.007930 0.000065
0 0.005330 0.000368 0.007197 0.000145
0 0.005294 0.000438 0.007268 0.000145
0 0.005247 0.000524 0.007363 0.000144
0 0.005211 0.000591 0.007434 0.000144
0 0.005177 0.000656 0.007504 0.000144
0 0.005075 0.000789 0.007707 0.000067
0 0.005075 0.000881 0.007707 0.000065
0 0.005075 0.000972 0.007707 0.000067
0 0.016223 0.001095 0.030053 0.000125
0 0.004963 0.001189 0.007932 0.000067
0 0.004963 0.001100 0.007930 0.000065
0 0.016481 0.001679 0.029539 0.000080