0 0.000376 0.001657 0.000751 0.000075
0 0.000837 0.001677 0.001673 0.000060
0 0.000535 0.001620 0.001069 0.000076
0 0.000552 0.001611 0.001105 0.000068
0 0.000575 0.001440 0.001151 0.000065
0 0.000596 0.001493 0.001191 0.000079
0 0.000615 0.001549 0.001230 0.000076
0 0.000655 0.001660 0.001309 0.000083
0 0.000764 0.001457 0.001529 0.000072
0 0.000756 0.001398 0.001512 0.000062
0 0.000826 0.001404 0.001652 0.000076
0 0.000835 0.001316 0.001669 0.000075
0 0.000853 0.001694 0.001707 0.000049
0 0.000394 0.001720 0.000788 0.000076
0 0.000876 0.001715 0.001751 0.000051
0 0.000897 0.001739 0.001793 0.000060
0 0.000918 0.001508 0.001837 0.000062
0 0.000909 0.001322 0.001817 0.000065
0 0.000932 0.001345 0.001863 0.000070
0 0.000952 0.001366 0.001904 0.000057
0 0.000976 0.001385 0.001952 0.000057
0 0.000984 0.001661 0.001969 0.000076
0 0.000991 0.001731 0.001982 0.000067
0 0.000999 0.001270 0.001998 0.000073
0 0.000533 0.001554 0.001066 0.000072
0 0.000449 0.000066 0.000898 0.000049
0 0.000431 0.000067 0.000862 0.000057
0 0.000416 0.000060 0.000832 0.000076
0 0.000227 0.000721 0.000453 0.000072
0 0.000261 0.000815 0.000522 0.000078
0 0.000297 0.000909 0.000594 0.000083
0 0.000388 0.000715 0.000777 0.000059
0 0.000453 0.000994 0.000907 0.000072
0 0.000517 0.000873 0.001035 0.000073
0 0.000519 0.000798 0.001038 0.000073
0 0.000522 0.000723 0.001045 0.000075
0 0.000530 0.000653 0.001059 0.000076
0 0.000538 0.000588 0.001075 0.000076
0 0.000544 0.000513 0.001088 0.000072
0 0.000539 0.001331 0.001078 0.000076
0 0.000499 0.001223 0.000998 0.000072
0 0.000439 0.001346 0.000877 0.000075
0 0.000457 0.001401 0.000914 0.000072
0 0.000477 0.001452 0.000953 0.000075
0 0.000495 0.001508 0.000990 0.000075
0 0.000514 0.001499 0.001029 0.000073
0 0.000557 0.001385 0.001114 0.000073
0 0.000417 0.000189 0.000835 0.000079
0 0.000427 0.000108 0.000855 0.000073
0 0.000978 0.001246 0.001956 0.000059
0 0.000955 0.001229 0.001910 0.000060
0 0.000932 0.001209 0.001864 0.000056
0 0.000721 0.001178 0.001442 0.000076
0 0.000202 0.001159 0.000404 0.000079
0 0.000183 0.001085 0.000367 0.000097
0 0.000155 0.001006 0.000310 0.000097
0 0.000353 0.001269 0.000705 0.000056
0 0.000404 0.001474 0.000807 0.000092
0 0.000419 0.001531 0.000839 0.000073
0 0.000446 0.001580 0.000892 0.000099
0 0.000454 0.001635 0.000909 0.000056
0 0.000496 0.001752 0.000991 0.000076
0 0.000512 0.001804 0.001025 0.000060
0 0.000534 0.001859 0.001067 0.000072
0 0.000553 0.001673 0.001106 0.000070
0 0.000571 0.001732 0.001142 0.000072
0 0.000610 0.001777 0.001221 0.000075
0 0.000611 0.001837 0.001223 0.000075
0 0.000517 0.002069 0.001034 0.000078
0 0.000497 0.002007 0.000994 0.000078
0 0.000476 0.001950 0.000952 0.000081
0 0.000455 0.001890 0.000911 0.000068
0 0.000439 0.001828 0.000877 0.000083
0 0.000414 0.001776 0.000828 0.000079
0 0.000287 0.001393 0.000574 0.000092
0 0.000727 0.001106 0.001455 0.000081
0 0.000912 0.001188 0.001824 0.000057
0 0.000363 0.001103 0.000726 0.000067
0 0.000868 0.001140 0.001736 0.000064
0 0.000806 0.001072 0.001611 0.000060
0 0.000785 0.001107 0.001569 0.000076
0 0.000816 0.000975 0.001631 0.000052
0 0.000797 0.000909 0.001594 0.000070
0 0.000827 0.000881 0.001654 0.000073
0 0.000807 0.000812 0.001614 0.000057
0 0.000835 0.000784 0.001669 0.000051
0 0.000922 0.000817 0.001845 0.000070
0 0.000944 0.000840 0.001888 0.000062
0 0.000967 0.000858 0.001933 0.000062
0 0.000990 0.000750 0.001979 0.000064
0 0.001012 0.000771 0.002024 0.000060
0 0.000968 0.000731 0.001935 0.000062
0 0.000959 0.000675 0.001917 0.000052
0 0.001031 0.000921 0.002062 0.000062
0 0.001056 0.000812 0.002112 0.000062
0 0.000916 0.000666 0.001832 0.000070
0 0.001017 0.001704 0.002034 0.000045
0 0.001013 0.001777 0.002027 0.000057
0 0.000372 0.001029 0.000743 0.000065
0 0.000091 0.000728 0.000183 0.000083