0 0.001012 0.000806 0.002025 0.000064
0 0.000611 0.001419 0.001222 0.000058
0 0.000588 0.001554 0.001175 0.000061
0 0.000539 0.001576 0.001077 0.000061
0 0.000552 0.001508 0.001105 0.000061
0 0.000562 0.001443 0.001123 0.000059
0 0.000573 0.001377 0.001146 0.000063
0 0.000425 0.001329 0.000850 0.000064
0 0.000460 0.001373 0.000920 0.000059
0 0.000424 0.001579 0.000848 0.000061
0 0.000398 0.001466 0.000796 0.000055
0 0.000369 0.001602 0.000738 0.000059
0 0.000275 0.001523 0.000550 0.000057
0 0.000286 0.001454 0.000572 0.000055
0 0.000302 0.001387 0.000603 0.000053
0 0.000323 0.001251 0.000646 0.000062
0 0.012502 0.000947 0.024104 0.000074
0 0.000582 0.000410 0.001164 0.000057
0 0.000538 0.000687 0.001075 0.000094
0 0.000599 0.001484 0.001198 0.000062
0 0.000561 0.001690 0.001122 0.000057
0 0.000985 0.000945 0.001969 0.000057
0 0.000551 0.001758 0.001101 0.000063
0 0.000925 0.001288 0.001851 0.000058
0 0.000863 0.001527 0.001727 0.000061
0 0.000398 0.001716 0.000796 0.000061
0 0.000377 0.001850 0.000753 0.000064
0 0.000334 0.001808 0.000668 0.000059
0 0.000215 0.001863 0.000429 0.000052
0 0.000226 0.001795 0.000452 0.000063
0 0.000760 0.001459 0.001520 0.000065
0 0.000711 0.001487 0.001421 0.000062
0 0.000738 0.001598 0.001475 0.000061
0 0.000689 0.001621 0.001377 0.000062
0 0.000725 0.001668 0.001449 0.000055
0 0.000712 0.001735 0.001423 0.000056
0 0.000665 0.001757 0.001331 0.000063
0 0.000651 0.001829 0.001301 0.000063
0 0.000490 0.001850 0.000981 0.000064
0 0.000502 0.001786 0.001003 0.000069
0 0.000561 0.000503 0.001122 0.000063