0 0.011599 0.000464 0.021444 0.000024
0 0.011474 0.000455 0.021696 0.000022
0 0.011490 0.000164 0.021662 0.000021
0 0.011517 0.000079 0.021609 0.000018
0 0.011548 0.000150 0.021547 0.000022
0 0.011470 0.000228 0.021703 0.000023
0 0.011506 0.000320 0.021631 0.000023
0 0.011524 0.000256 0.021595 0.000024
0 0.011347 0.000261 0.021950 0.000022
0 0.011345 0.000239 0.021952 0.000023
0 0.011357 0.000197 0.021928 0.000022
0 0.011360 0.000173 0.021923 0.000022
0 0.005025 0.000459 0.007807 0.000123
0 0.005053 0.000345 0.007751 0.000125
0 0.004994 0.000569 0.007869 0.000121
0 0.004964 0.000681 0.007929 0.000123
0 0.004932 0.000792 0.007994 0.000123
0 0.004686 0.001872 0.008485 0.000126
0 0.004718 0.001761 0.008420 0.000126
0 0.004748 0.001650 0.008360 0.000125
0 0.004781 0.001539 0.008296 0.000124
0 0.005054 0.001294 0.007749 0.000113
0 0.004919 0.001274 0.008020 0.000114
0 0.004849 0.001103 0.008159 0.000123
0 0.004884 0.000983 0.008089 0.000122
0 0.011541 0.000171 0.021561 0.000022
0 0.011470 0.000479 0.021703 0.000025
0 0.011623 0.000382 0.021396 0.000024
0 0.011458 0.000313 0.021727 0.000024
0 0.011622 0.000358 0.021398 0.000021
0 0.011674 0.000171 0.021295 0.000022
0 0.011691 0.000106 0.021262 0.000019
0 0.011691 0.000061 0.021262 0.000021
0 0.011524 0.000235 0.021595 0.000022
0 0.011495 0.000407 0.021653 0.000024
0 0.011530 0.000215 0.021583 0.000026
0 0.011470 0.000207 0.021703 0.000025
0 0.011549 0.000610 0.021545 0.000027
0 0.011554 0.000566 0.021535 0.000028
0 0.011611 0.000424 0.021420 0.000024
0 0.011614 0.000404 0.021415 0.000024
0 0.011631 0.000338 0.021382 0.000022
0 0.011634 0.000318 0.021374 0.000024
0 0.011640 0.000295 0.021362 0.000025
0 0.011646 0.000273 0.021350 0.000028
0 0.011652 0.000232 0.021338 0.000028
0 0.011656 0.000210 0.021331 0.000025
0 0.011671 0.000191 0.021300 0.000024
0 0.011673 0.000150 0.021298 0.000021
0 0.011685 0.000128 0.021274 0.000024
0 0.011681 0.000083 0.021281 0.000024
0 0.011465 0.000270 0.021712 0.000025
0 0.005084 0.000233 0.007689 0.000121