0 0.005055 0.001858 0.007748 0.000143
0 0.004973 0.000711 0.007911 0.000077
0 0.016322 0.000843 0.029857 0.000211
0 0.016373 0.001167 0.029754 0.000168
0 0.005306 0.001413 0.007244 0.000109
0 0.005316 0.001500 0.007226 0.000107
0 0.006059 0.001494 0.010203 0.000109
0 0.004958 0.001329 0.007940 0.000075
0 0.004958 0.001233 0.007942 0.000080
0 0.004974 0.001002 0.007909 0.000090
0 0.004970 0.000908 0.007917 0.000088
0 0.004973 0.000615 0.007911 0.000078
0 0.005035 0.001777 0.007786 0.000145
0 0.004810 0.001020 0.008237 0.000088
0 0.004790 0.001251 0.008277 0.000088
0 0.004784 0.001342 0.008288 0.000090
0 0.004777 0.001550 0.008304 0.000087
0 0.004773 0.001646 0.008311 0.000088
0 0.004768 0.001743 0.008321 0.000087
0 0.004925 0.001825 0.008008 0.000145
0 0.004943 0.001901 0.007971 0.000143
0 0.004964 0.001977 0.007929 0.000143
0 0.016471 0.000791 0.029558 0.000185