0 0.010223 0.001299 0.019733 0.000174
0 0.010832 0.001234 0.018514 0.000134
0 0.010624 0.001769 0.018930 0.000284
0 0.010697 0.001880 0.018784 0.000119
0 0.010893 0.001244 0.018392 0.000147
0 0.010830 0.000794 0.018519 0.000078
0 0.010941 0.001258 0.018297 0.000130
0 0.010367 0.001096 0.019444 0.000117
0 0.010979 0.000133 0.018220 0.000139
0 0.011042 0.000500 0.018094 0.000295
0 0.010858 0.001592 0.018462 0.000067
0 0.011532 0.001311 0.021578 0.000106
0 0.010456 0.001725 0.019267 0.000280
0 0.011836 0.001386 0.020971 0.000108
0 0.011887 0.001411 0.020868 0.000135
0 0.011977 0.001646 0.020689 0.000074
0 0.011971 0.001697 0.020701 0.000065
0 0.011963 0.001745 0.020718 0.000072
0 0.011923 0.000731 0.020797 0.000074
0 0.011315 0.001564 0.022013 0.000096
0 0.011648 0.000933 0.021346 0.000078
0 0.011669 0.000937 0.021306 0.000093
0 0.010300 0.001669 0.019578 0.000276