0 0.012132 0.002191 0.020378 0.000046
0 0.004811 0.000778 0.008235 0.000149
0 0.004811 0.000540 0.008235 0.000150
0 0.005102 0.000344 0.007653 0.000150
0 0.005073 0.000503 0.007710 0.000150
0 0.005339 0.000433 0.007179 0.000153
0 0.005310 0.000592 0.007237 0.000149
0 0.005346 0.000880 0.007164 0.000150
0 0.005321 0.001040 0.007215 0.000150
0 0.005091 0.000788 0.007676 0.000146
0 0.005065 0.000948 0.007728 0.000149
0 0.004785 0.000938 0.008287 0.000149
0 0.011969 0.002088 0.020705 0.000063
0 0.004774 0.001197 0.008310 0.000148
0 0.004747 0.001357 0.008363 0.000150
0 0.005044 0.001352 0.007769 0.000149
0 0.005358 0.001281 0.007142 0.000148
0 0.005332 0.001442 0.007194 0.000145
0 0.005291 0.001669 0.007275 0.000148
0 0.005265 0.001828 0.007327 0.000149
0 0.015842 0.001706 0.030816 0.000230
0 0.005731 0.002051 0.010859 0.000173
0 0.004838 0.000380 0.008181 0.000153