0 0.000193 0.001765 0.000386 0.000118
0 0.000410 0.001481 0.000820 0.000121
0 0.000973 0.000841 0.001946 0.000121
0 0.001018 0.000800 0.002037 0.000118
0 0.001016 0.000562 0.002033 0.000116
0 0.000762 0.001100 0.001524 0.000123
0 0.000656 0.001255 0.001312 0.000136
0 0.000661 0.000952 0.001323 0.000116
0 0.000632 0.000867 0.001265 0.000116
0 0.000587 0.000668 0.001173 0.000126
0 0.000492 0.000935 0.000984 0.000116
0 0.000423 0.001080 0.000845 0.000118
0 0.000456 0.001161 0.000912 0.000126
0 0.000352 0.001313 0.000704 0.000121
0 0.000478 0.001344 0.000955 0.000134
0 0.000133 0.001612 0.000266 0.000121
0 0.000505 0.001421 0.001009 0.000111
0 0.000506 0.001335 0.001011 0.000096
0 0.000404 0.001572 0.000808 0.000131
0 0.000370 0.001490 0.000739 0.000123
0 0.000341 0.001407 0.000681 0.000128
0 0.000307 0.001329 0.000615 0.000108
0 0.000206 0.001372 0.000411 0.000108
0 0.000297 0.001611 0.000594 0.000098
0 0.000261 0.001636 0.000521 0.000113
0 0.000232 0.001553 0.000463 0.000123
0 0.000199 0.001473 0.000399 0.000123
0 0.000171 0.001396 0.000343 0.000126
0 0.000911 0.000705 0.001821 0.000111