0 0.000079 0.002038 0.000158 0.000082
0 0.000547 0.000297 0.001093 0.000093
0 0.000669 0.000634 0.001339 0.000081
0 0.000672 0.000689 0.001344 0.000084
0 0.000684 0.000785 0.001369 0.000081
0 0.000698 0.000823 0.001396 0.000074
0 0.000657 0.000597 0.001314 0.000082
0 0.000656 0.000540 0.001311 0.000079
0 0.000641 0.000501 0.001283 0.000086
0 0.000643 0.000443 0.001286 0.000075
0 0.000630 0.000419 0.001260 0.000094
0 0.000627 0.000350 0.001254 0.000079
0 0.000617 0.000355 0.001235 0.000106
0 0.000674 0.000283 0.001347 0.000082
0 0.000665 0.000212 0.001329 0.000077
0 0.000654 0.000143 0.001308 0.000088
0 0.000644 0.000075 0.001289 0.000081
0 0.000511 0.000091 0.001021 0.000089
0 0.000524 0.000154 0.001048 0.000081
0 0.000519 0.000190 0.001037 0.000077
0 0.000531 0.000214 0.001062 0.000082
0 0.000704 0.000490 0.001407 0.000088
0 0.000725 0.000629 0.001450 0.000084
0 0.000759 0.000837 0.001518 0.000075
0 0.000962 0.000313 0.001923 0.000081
0 0.012535 0.000831 0.024036 0.000112
0 0.001017 0.000223 0.002033 0.000082
0 0.001032 0.000289 0.002063 0.000084
0 0.001071 0.000478 0.002141 0.000081
0 0.001002 0.000516 0.002005 0.000088
0 0.000996 0.000385 0.001991 0.000081
0 0.000982 0.000322 0.001964 0.000081
0 0.000974 0.000383 0.001948 0.000088
0 0.000924 0.000417 0.001848 0.000086
0 0.000746 0.000764 0.001492 0.000081
0 0.000941 0.000609 0.001881 0.000089
0 0.000917 0.000479 0.001833 0.000079
0 0.000902 0.000413 0.001805 0.000077
0 0.000865 0.000516 0.001729 0.000074
0 0.000788 0.000606 0.001576 0.000082
0 0.000820 0.000674 0.001641 0.000086
0 0.000814 0.000741 0.001627 0.000086
0 0.000825 0.000805 0.001650 0.000079
0 0.000532 0.000260 0.001063 0.000077
0 0.000554 0.000353 0.001109 0.000082
0 0.000053 0.001908 0.000105 0.000072
0 0.000555 0.000398 0.001110 0.000075
0 0.000472 0.001386 0.000944 0.000075
0 0.000519 0.001225 0.001037 0.000079
0 0.000538 0.001229 0.001075 0.000070
0 0.000721 0.000982 0.001442 0.000091
0 0.000712 0.000920 0.001424 0.000079
0 0.000698 0.000881 0.001396 0.000081
0 0.000388 0.001353 0.000776 0.000081
0 0.000417 0.001482 0.000833 0.000091
0 0.000363 0.001518 0.000726 0.000072
0 0.000357 0.001582 0.000714 0.000082
0 0.000344 0.001512 0.000689 0.000082
0 0.000308 0.001616 0.000616 0.000089
0 0.000270 0.001543 0.000540 0.000063
0 0.000207 0.001513 0.000413 0.000075
0 0.000199 0.001579 0.000399 0.000084
0 0.000180 0.001873 0.000359 0.000077
0 0.000122 0.001969 0.000244 0.000084
0 0.000084 0.001771 0.000168 0.000088
0 0.000038 0.001843 0.000075 0.000075
0 0.000468 0.001259 0.000936 0.000079
0 0.000507 0.001156 0.001014 0.000079
0 0.000516 0.001096 0.001031 0.000086
0 0.000602 0.000869 0.001205 0.000081
0 0.000560 0.000429 0.001120 0.000079
0 0.000564 0.000468 0.001128 0.000065
0 0.000582 0.000312 0.001164 0.000096
0 0.000590 0.000594 0.001180 0.000081
0 0.000602 0.000662 0.001203 0.000075
0 0.000613 0.000731 0.001225 0.000082
0 0.000622 0.000800 0.001243 0.000072
0 0.000633 0.000866 0.001266 0.000075
0 0.000617 0.000933 0.001233 0.000082
0 0.000529 0.001161 0.001059 0.000081
0 0.000632 0.001003 0.001265 0.000074
0 0.000575 0.000995 0.001151 0.000086
0 0.000586 0.001065 0.001171 0.000072
0 0.000600 0.001130 0.001200 0.000081
0 0.000551 0.000993 0.001102 0.000079
0 0.000551 0.001133 0.001102 0.000060
0 0.000578 0.001126 0.001157 0.000081
0 0.000592 0.001195 0.001183 0.000081
0 0.012581 0.000971 0.023945 0.000096