0 0.011365 0.002015 0.021912 0.000078
0 0.011387 0.000266 0.021868 0.000095
0 0.010316 0.000797 0.019547 0.000204
0 0.010610 0.001459 0.018958 0.000157
0 0.010917 0.001422 0.018345 0.000159
0 0.010803 0.001035 0.018572 0.000197
0 0.010541 0.000525 0.019096 0.000135
0 0.010232 0.000943 0.019715 0.000130
0 0.010375 0.000690 0.019429 0.000171
0 0.010461 0.000517 0.019257 0.000204
0 0.011195 0.000875 0.022252 0.000109
0 0.011248 0.000786 0.022147 0.000093
0 0.011326 0.000649 0.021991 0.000102
0 0.011309 0.000399 0.022026 0.000090
0 0.011347 0.000339 0.021949 0.000085
0 0.011396 0.000550 0.021851 0.000081
0 0.011345 0.001968 0.021952 0.000107
0 0.011289 0.000716 0.022065 0.000081
0 0.011442 0.000185 0.021760 0.000085
0 0.011451 0.000454 0.021740 0.000083
0 0.011497 0.000384 0.021649 0.000081
0 0.011538 0.000307 0.021568 0.000078
0 0.011586 0.000221 0.021471 0.000100
0 0.011471 0.000726 0.021701 0.000133
0 0.011596 0.001016 0.021452 0.000116
0 0.011483 0.000106 0.021676 0.000088
0 0.011224 0.001634 0.022196 0.000104
0 0.011232 0.001695 0.022179 0.000107
0 0.011259 0.001732 0.022124 0.000090
0 0.011334 0.001921 0.021974 0.000085
0 0.010282 0.000876 0.019614 0.000187