0 0.010788 0.001428 0.018604 0.000094
0 0.010744 0.001374 0.018690 0.000094
0 0.011927 0.000921 0.020789 0.000059
0 0.011821 0.000760 0.021001 0.000061
0 0.011989 0.000764 0.020665 0.000072
0 0.011550 0.000348 0.021542 0.000047
0 0.011567 0.000386 0.021510 0.000066
0 0.010708 0.000980 0.018762 0.000096
0 0.010869 0.001463 0.018440 0.000087
0 0.010823 0.001464 0.018534 0.000079
0 0.010807 0.001284 0.018564 0.000070
0 0.010544 0.001067 0.019091 0.000084
0 0.010417 0.000873 0.019345 0.000040
0 0.010392 0.000834 0.019394 0.000041
0 0.010367 0.000792 0.019446 0.000038
0 0.010343 0.000750 0.019492 0.000034
0 0.010347 0.000593 0.019485 0.000158
0 0.010385 0.000569 0.019408 0.000133
0 0.010396 0.000526 0.019387 0.000130
0 0.010474 0.000696 0.019231 0.000116
0 0.010632 0.000874 0.018914 0.000123
0 0.010569 0.000923 0.019040 0.000126
0 0.010671 0.001104 0.018837 0.000130
0 0.011025 0.001821 0.018128 0.000098
0 0.010964 0.001906 0.018251 0.000101
0 0.010857 0.001940 0.018464 0.000119
0 0.011037 0.001426 0.018104 0.000098
0 0.010929 0.001332 0.018321 0.000140
0 0.010857 0.001211 0.018464 0.000119
0 0.011963 0.000982 0.020717 0.000059
0 0.011982 0.001010 0.020679 0.000061
0 0.012033 0.001089 0.020577 0.000059
0 0.011839 0.001921 0.020964 0.000064
0 0.010722 0.001340 0.018734 0.000087
0 0.010666 0.001247 0.018846 0.000075
0 0.010687 0.001282 0.018804 0.000066
0 0.010723 0.001291 0.018732 0.000082
0 0.010650 0.001195 0.018879 0.000098
0 0.012131 0.001607 0.020381 0.000059
0 0.012150 0.001580 0.020344 0.000061
0 0.011963 0.001783 0.020717 0.000059
0 0.011947 0.001810 0.020749 0.000064
0 0.011923 0.001825 0.020796 0.000062
0 0.011788 0.001958 0.021067 0.000058
0 0.011817 0.001940 0.021008 0.000066
0 0.011309 0.001231 0.022025 0.000027
0 0.011876 0.001212 0.020892 0.000069
0 0.011319 0.001262 0.022004 0.000032
0 0.011430 0.001425 0.021783 0.000037
0 0.011526 0.001616 0.021591 0.000066
0 0.011620 0.001909 0.021402 0.000085
0 0.011592 0.001911 0.021458 0.000079
0 0.012024 0.001726 0.020595 0.000061
0 0.011976 0.001760 0.020691 0.000076
0 0.012040 0.001707 0.020563 0.000059
0 0.012056 0.001686 0.020530 0.000066
0 0.012069 0.001655 0.020504 0.000066
0 0.012110 0.001627 0.020423 0.000079
0 0.012010 0.001569 0.020623 0.000082
0 0.010786 0.001109 0.018606 0.000122