0 0.011872 0.002144 0.020898 0.000082
0 0.010708 0.000919 0.018763 0.000178
0 0.011701 0.000422 0.021242 0.000067
0 0.011606 0.000252 0.021431 0.000073
0 0.010294 0.001117 0.019590 0.000265
0 0.010240 0.001458 0.019698 0.000143
0 0.010396 0.001733 0.019387 0.000124
0 0.010355 0.001641 0.019468 0.000120
0 0.010348 0.001367 0.019482 0.000145
0 0.010499 0.001401 0.019180 0.000151
0 0.010481 0.001368 0.019217 0.000143
0 0.010564 0.001593 0.019051 0.000263
0 0.010682 0.001645 0.018815 0.000139
0 0.010754 0.001780 0.018671 0.000300
0 0.010759 0.001041 0.018660 0.000155
0 0.010718 0.000976 0.018743 0.000194
0 0.010681 0.000905 0.018817 0.000186
0 0.011890 0.002118 0.020863 0.000071
0 0.010671 0.000879 0.018837 0.000145
0 0.010655 0.000815 0.018868 0.000182
0 0.010629 0.000813 0.018920 0.000182
0 0.010615 0.000760 0.018948 0.000182
0 0.010593 0.000728 0.018992 0.000196
0 0.010578 0.000694 0.019022 0.000196
0 0.010484 0.000574 0.019210 0.000163
0 0.010466 0.000539 0.019247 0.000161
0 0.010429 0.000483 0.019321 0.000153
0 0.010410 0.000448 0.019359 0.000147
0 0.010375 0.000382 0.019428 0.000147
0 0.010357 0.000346 0.019464 0.000147
0 0.010340 0.000313 0.019498 0.000155
0 0.010321 0.000284 0.019536 0.000157
0 0.011734 0.000229 0.021175 0.000080
0 0.011691 0.000163 0.021260 0.000090
0 0.011655 0.000085 0.021332 0.000088
0 0.011724 0.000119 0.021195 0.000084
0 0.011814 0.001772 0.021015 0.000076
0 0.011798 0.001841 0.021046 0.000069
0 0.011788 0.001887 0.021066 0.000082
0 0.012095 0.001349 0.020453 0.000112
0 0.012074 0.001441 0.020494 0.000084
0 0.012061 0.001408 0.020521 0.000086
0 0.011470 0.001740 0.021704 0.000086
0 0.011239 0.001324 0.022166 0.000086
0 0.012027 0.000957 0.020588 0.000075
0 0.012097 0.000726 0.020450 0.000086
0 0.012135 0.000593 0.020373 0.000080
0 0.012187 0.000366 0.020270 0.000069
0 0.012013 0.000405 0.020618 0.000080
0 0.012044 0.000364 0.020555 0.000076
0 0.012055 0.000046 0.020533 0.000076
0 0.012066 0.000068 0.020511 0.000084
0 0.012087 0.000202 0.020470 0.000086
0 0.012060 0.000160 0.020522 0.000084
0 0.012036 0.000108 0.020570 0.000078
0 0.012027 0.000081 0.020588 0.000069
0 0.012011 0.000061 0.020621 0.000082
0 0.011999 0.000041 0.020645 0.000071
0 0.011967 0.000222 0.020709 0.000086
0 0.011919 0.000249 0.020804 0.000090
0 0.011926 0.000152 0.020790 0.000088
0 0.011915 0.000131 0.020813 0.000082
0 0.011876 0.000065 0.020890 0.000078
0 0.011760 0.000274 0.021123 0.000084
0 0.011643 0.000064 0.021357 0.000073
0 0.010300 0.000251 0.019578 0.000157