0 0.011355 0.001217 0.021932 0.000031
0 0.010565 0.000988 0.019049 0.000136
0 0.010845 0.000942 0.018488 0.000141
0 0.010784 0.000946 0.018610 0.000136
0 0.010812 0.000940 0.018554 0.000139
0 0.010688 0.000961 0.018803 0.000142
0 0.010635 0.000958 0.018909 0.000139
0 0.010609 0.000957 0.018961 0.000136
0 0.010587 0.000973 0.019005 0.000137
0 0.010307 0.001306 0.019565 0.000125
0 0.011345 0.001139 0.021952 0.000031
0 0.010337 0.001298 0.019505 0.000131
0 0.010363 0.001304 0.019453 0.000127
0 0.010388 0.001311 0.019403 0.000133
0 0.010443 0.001300 0.019292 0.000136
0 0.010472 0.001306 0.019234 0.000128
0 0.010522 0.001316 0.019134 0.000139
0 0.010554 0.001296 0.019071 0.000134
0 0.010359 0.000795 0.019460 0.000106
0 0.010454 0.000813 0.019271 0.000120
0 0.010674 0.000794 0.018830 0.000120
0 0.010695 0.000782 0.018789 0.000120
0 0.010832 0.000476 0.018514 0.000137
0 0.010806 0.000477 0.018567 0.000139
0 0.010783 0.000480 0.018612 0.000139
0 0.010759 0.000469 0.018661 0.000139
0 0.010732 0.000482 0.018714 0.000142
0 0.010637 0.000487 0.018905 0.000133
0 0.010611 0.000488 0.018956 0.000136
0 0.010588 0.000489 0.019003 0.000137
0 0.010536 0.000499 0.019107 0.000136
0 0.010513 0.000501 0.019152 0.000136
0 0.010492 0.000499 0.019194 0.000139
0 0.010465 0.000505 0.019249 0.000136
0 0.010418 0.000493 0.019342 0.000139
0 0.010822 0.000776 0.018534 0.000122
0 0.010796 0.000766 0.018587 0.000120
0 0.010604 0.001300 0.018970 0.000133
0 0.010634 0.001300 0.018910 0.000128
0 0.010660 0.001305 0.018860 0.000133
0 0.010383 0.001503 0.019413 0.000128
0 0.010313 0.001468 0.019553 0.000134
0 0.010783 0.001784 0.018612 0.000128
0 0.010728 0.001799 0.018723 0.000136
0 0.010676 0.001815 0.018827 0.000134
0 0.010649 0.001823 0.018881 0.000134
0 0.010615 0.001797 0.018949 0.000133
0 0.010587 0.001801 0.019005 0.000134
0 0.010565 0.001803 0.019049 0.000137
0 0.010537 0.001812 0.019105 0.000137
0 0.010457 0.001822 0.019265 0.000133
0 0.010433 0.001823 0.019312 0.000137
0 0.010401 0.001833 0.019376 0.000133
0 0.010378 0.001847 0.019422 0.000130
0 0.010352 0.001853 0.019474 0.000134
0 0.010289 0.001828 0.019600 0.000139
0 0.010359 0.001500 0.019460 0.000130
0 0.010442 0.001488 0.019294 0.000136
0 0.010717 0.001292 0.018745 0.000137
0 0.010469 0.001493 0.019240 0.000128
0 0.010747 0.001287 0.018685 0.000128
0 0.010801 0.001284 0.018576 0.000134
0 0.010831 0.001275 0.018516 0.000128
0 0.010882 0.001353 0.018414 0.000134
0 0.010820 0.001484 0.018539 0.000131
0 0.010796 0.001475 0.018587 0.000134
0 0.010771 0.001471 0.018636 0.000133
0 0.010719 0.001466 0.018741 0.000136
0 0.010664 0.001475 0.018850 0.000134
0 0.010639 0.001469 0.018901 0.000136
0 0.010609 0.001473 0.018960 0.000128
0 0.010581 0.001482 0.019016 0.000139
0 0.010550 0.001490 0.019078 0.000134
0 0.010519 0.001502 0.019141 0.000139
0 0.010497 0.001497 0.019185 0.000130
0 0.010821 0.000308 0.018538 0.000100
0 0.010180 0.000324 0.019818 0.000039
0 0.010479 0.000813 0.019220 0.000114
0 0.012074 0.000654 0.020495 0.000028
0 0.012074 0.000568 0.020495 0.000023
0 0.012233 0.000345 0.020177 0.000072
0 0.011908 0.000358 0.020826 0.000030
0 0.011817 0.000365 0.021010 0.000027
0 0.011798 0.000281 0.021046 0.000028
0 0.011679 0.000375 0.021284 0.000034
0 0.011636 0.000373 0.021372 0.000028
0 0.011584 0.000379 0.021476 0.000033
0 0.011606 0.000708 0.021430 0.000036
0 0.011528 0.000383 0.021586 0.000028
0 0.011471 0.000385 0.021701 0.000030
0 0.011378 0.000388 0.021887 0.000033
0 0.011434 0.000561 0.021776 0.000041
0 0.011331 0.000395 0.021981 0.000031
0 0.011272 0.000380 0.022099 0.000028
0 0.012072 0.000610 0.020499 0.000027
0 0.012077 0.000697 0.020490 0.000027
0 0.011179 0.000362 0.022285 0.000039
0 0.012070 0.000742 0.020502 0.000031
0 0.012197 0.000814 0.020249 0.000031
0 0.012196 0.000772 0.020251 0.000033
0 0.012200 0.000729 0.020242 0.000039
0 0.012198 0.000687 0.020248 0.000030
0 0.012198 0.000645 0.020248 0.000028
0 0.012199 0.000597 0.020246 0.000030
0 0.012192 0.000551 0.020258 0.000025
0 0.012114 0.000562 0.020415 0.000037
0 0.012116 0.000607 0.020411 0.000030
0 0.012116 0.000651 0.020411 0.000036
0 0.012116 0.000693 0.020411 0.000033
0 0.012113 0.000823 0.020417 0.000025
0 0.012118 0.000782 0.020408 0.000027
0 0.012070 0.000833 0.020502 0.000031
0 0.012077 0.000784 0.020490 0.000028
0 0.011223 0.000370 0.022198 0.000034
0 0.010992 0.001657 0.018194 0.000084
0 0.010504 0.000806 0.019171 0.000116
0 0.011511 0.000472 0.021621 0.000084
0 0.011472 0.000474 0.021699 0.000061
0 0.011414 0.001094 0.021814 0.000055
0 0.011350 0.001257 0.021943 0.000030
0 0.011394 0.000830 0.021854 0.000033
0 0.011495 0.000169 0.021652 0.000025
0 0.010831 0.001759 0.018518 0.000131
0 0.010811 0.001783 0.018558 0.000130
0 0.010757 0.001798 0.018665 0.000131
0 0.010482 0.001809 0.019214 0.000134
0 0.010408 0.001335 0.019363 0.000127
0 0.010450 0.001021 0.019278 0.000130
0 0.010398 0.001007 0.019382 0.000095
0 0.010625 0.000794 0.018929 0.000116
0 0.010553 0.000801 0.019072 0.000116
0 0.010529 0.000804 0.019121 0.000112
0 0.011490 0.000475 0.021663 0.000062
0 0.011481 0.000221 0.021681 0.000064
0 0.012156 0.000411 0.020331 0.000059
0 0.011506 0.000218 0.021630 0.000061
0 0.012137 0.000400 0.020369 0.000066
0 0.012114 0.000402 0.020415 0.000067
0 0.011667 0.001020 0.021308 0.000062
0 0.011767 0.000191 0.021110 0.000081
0 0.011745 0.000197 0.021154 0.000069
0 0.011726 0.000198 0.021192 0.000064
0 0.011703 0.000191 0.021237 0.000077
0 0.011680 0.000198 0.021283 0.000058
0 0.011659 0.000200 0.021325 0.000062
0 0.011630 0.000199 0.021383 0.000061
0 0.011610 0.000198 0.021423 0.000059
0 0.011455 0.000162 0.021732 0.000036
0 0.011587 0.000216 0.021468 0.000064
0 0.011566 0.000214 0.021510 0.000066
0 0.011528 0.000211 0.021586 0.000072
0 0.010265 0.001847 0.019649 0.000142