0 0.012239 0.001510 0.020166 0.000088
0 0.010359 0.001740 0.019461 0.000136
0 0.010391 0.001687 0.019396 0.000136
0 0.010413 0.001672 0.019353 0.000138
0 0.010485 0.001629 0.019208 0.000170
0 0.010514 0.001679 0.019150 0.000117
0 0.010569 0.001557 0.019040 0.000071
0 0.010555 0.001451 0.019068 0.000067
0 0.010546 0.001399 0.019087 0.000057
0 0.010542 0.001309 0.019094 0.000065
0 0.010538 0.001262 0.019102 0.000078
0 0.010538 0.001216 0.019102 0.000071
0 0.010535 0.001170 0.019109 0.000080
0 0.010528 0.001069 0.019122 0.000075
0 0.010522 0.001024 0.019135 0.000076
0 0.010525 0.000975 0.019128 0.000073
0 0.010515 0.000930 0.019148 0.000059
0 0.010514 0.000884 0.019150 0.000075
0 0.010508 0.000838 0.019163 0.000071
0 0.010369 0.001693 0.019441 0.000138
0 0.010305 0.001733 0.019568 0.000134
0 0.010697 0.001406 0.018785 0.000170
0 0.010277 0.001749 0.019625 0.000138
0 0.010231 0.002080 0.019717 0.000178
0 0.010254 0.002077 0.019670 0.000172
0 0.010281 0.002070 0.019616 0.000176
0 0.010323 0.002053 0.019532 0.000172
0 0.010367 0.002039 0.019445 0.000172
0 0.010434 0.002026 0.019310 0.000172
0 0.010457 0.002022 0.019264 0.000168
0 0.010477 0.002002 0.019225 0.000170
0 0.010502 0.002009 0.019174 0.000172
0 0.010525 0.002027 0.019128 0.000166
0 0.010549 0.002013 0.019081 0.000170
0 0.010589 0.002004 0.019001 0.000178
0 0.010615 0.001998 0.018949 0.000170
0 0.010636 0.001997 0.018906 0.000180
0 0.010215 0.001798 0.019748 0.000145
0 0.010234 0.001777 0.019711 0.000138
0 0.010255 0.001754 0.019668 0.000141
0 0.010497 0.000573 0.019184 0.000103
0 0.010672 0.001878 0.018835 0.000128
0 0.012227 0.001425 0.020188 0.000094
0 0.011995 0.001535 0.020652 0.000061
0 0.012045 0.001954 0.020553 0.000044
0 0.012148 0.001867 0.020346 0.000054
0 0.012137 0.001812 0.020369 0.000069
0 0.012118 0.001668 0.020406 0.000054
0 0.012106 0.001619 0.020430 0.000054
0 0.012102 0.001580 0.020440 0.000044
0 0.012093 0.001533 0.020456 0.000050
0 0.012088 0.001487 0.020468 0.000046
0 0.012130 0.001476 0.020384 0.000078
0 0.012142 0.001569 0.020359 0.000088
0 0.012161 0.001557 0.020320 0.000082
0 0.012146 0.001468 0.020350 0.000092
0 0.012166 0.001463 0.020311 0.000086
0 0.012181 0.001543 0.020281 0.000082
0 0.012186 0.001451 0.020270 0.000084
0 0.012208 0.001433 0.020227 0.000084
0 0.012215 0.001525 0.020212 0.000084
0 0.012045 0.001906 0.020553 0.000055
0 0.012010 0.001579 0.020622 0.000057
0 0.010700 0.001818 0.018779 0.000166
0 0.011934 0.001852 0.020775 0.000099
0 0.010487 0.000703 0.019204 0.000073
0 0.010703 0.000505 0.018772 0.000071
0 0.010717 0.000555 0.018744 0.000052
0 0.010711 0.000600 0.018757 0.000057
0 0.010714 0.000656 0.018750 0.000054
0 0.010714 0.000702 0.018750 0.000071
0 0.010721 0.000796 0.018737 0.000075
0 0.010724 0.000842 0.018731 0.000078
0 0.010739 0.001028 0.018701 0.000076
0 0.010741 0.001070 0.018696 0.000073
0 0.010746 0.001120 0.018686 0.000076
0 0.010754 0.001213 0.018671 0.000067
0 0.010758 0.001264 0.018662 0.000063
0 0.010774 0.001357 0.018630 0.000073
0 0.010501 0.000746 0.019176 0.000059
0 0.010605 0.000545 0.018968 0.000130
0 0.010504 0.001480 0.019171 0.000178
0 0.010206 0.002090 0.019767 0.000170