0 0.001446 0.001736 0.001573 0.000172
0 0.011966 0.000548 0.020712 0.000113
0 0.011632 0.001337 0.021380 0.000096
0 0.010391 0.001651 0.019397 0.000204
0 0.010478 0.001428 0.019223 0.000199
0 0.010551 0.001251 0.019076 0.000204
0 0.010576 0.001206 0.019026 0.000187
0 0.010620 0.001074 0.018938 0.000194
0 0.010676 0.000942 0.018826 0.000204
0 0.010701 0.000875 0.018777 0.000194
0 0.010739 0.000813 0.018702 0.000187
0 0.010765 0.000748 0.018648 0.000135
0 0.010779 0.000690 0.018621 0.000201
0 0.010800 0.000648 0.018579 0.000201
0 0.010819 0.000607 0.018540 0.000182
0 0.010867 0.000510 0.018445 0.000214