0 0.000593 0.001763 0.001187 0.000198
0 0.000830 0.001067 0.001659 0.000182
0 0.010395 0.001348 0.019389 0.000119
0 0.000976 0.000651 0.001952 0.000213
0 0.010440 0.001202 0.019298 0.000153
0 0.011479 0.001417 0.021685 0.000081
0 0.010302 0.001565 0.019574 0.000123
0 0.000873 0.000921 0.001745 0.000213
0 0.000992 0.000936 0.001984 0.000203
0 0.000666 0.001920 0.001333 0.000215
0 0.000950 0.001073 0.001900 0.000209
0 0.000903 0.001222 0.001807 0.000211
0 0.000858 0.001355 0.001715 0.000217
0 0.000741 0.001347 0.001482 0.000209
0 0.000768 0.001634 0.001536 0.000226
0 0.000711 0.001778 0.001422 0.000199
0 0.010521 0.000958 0.019137 0.000148