0 0.011668 0.001044 0.021307 0.000078
0 0.012034 0.001319 0.020575 0.000035
0 0.010305 0.000582 0.019568 0.000110
0 0.010281 0.000637 0.019616 0.000115
0 0.010252 0.000744 0.019675 0.000117
0 0.010209 0.000960 0.019762 0.000091
0 0.010201 0.001050 0.019776 0.000112
0 0.010529 0.001874 0.019120 0.000177
0 0.010503 0.001919 0.019173 0.000186
0 0.010470 0.001974 0.019238 0.000192
0 0.011350 0.000444 0.021943 0.000095
0 0.011534 0.000479 0.021575 0.000069
0 0.011561 0.000502 0.021520 0.000073
0 0.011590 0.000500 0.021463 0.000084
0 0.011636 0.000522 0.021372 0.000091
0 0.011707 0.000580 0.021228 0.000087
0 0.011729 0.000584 0.021185 0.000091
0 0.011749 0.000597 0.021144 0.000091
0 0.011779 0.000602 0.021085 0.000087
0 0.011803 0.000616 0.021037 0.000101
0 0.011686 0.001077 0.021271 0.000076
0 0.011712 0.001085 0.021219 0.000089
0 0.011736 0.001135 0.021171 0.000084
0 0.011768 0.001146 0.021106 0.000076
0 0.011794 0.001145 0.021056 0.000093
0 0.011819 0.001165 0.021006 0.000086
0 0.011831 0.000624 0.020982 0.000093
0 0.011292 0.001814 0.022058 0.000054
0 0.011965 0.002000 0.020714 0.000069
0 0.010322 0.000530 0.019534 0.000114