0 0.011709 0.002201 0.021224 0.000056
0 0.010675 0.001600 0.018828 0.000052
0 0.010657 0.001380 0.018866 0.000054
0 0.010680 0.001269 0.018818 0.000049
0 0.010498 0.001686 0.019183 0.000056
0 0.010467 0.001636 0.019245 0.000067
0 0.010465 0.001575 0.019248 0.000061
0 0.010426 0.001316 0.019327 0.000049
0 0.010417 0.001174 0.019344 0.000049
0 0.010386 0.001020 0.019406 0.000056
0 0.010386 0.000972 0.019406 0.000060
0 0.010373 0.000918 0.019433 0.000051
0 0.010381 0.000862 0.019416 0.000038
0 0.010351 0.000783 0.019477 0.000054
0 0.010349 0.000740 0.019481 0.000054
0 0.010359 0.000691 0.019460 0.000054
0 0.010269 0.000712 0.019641 0.000052
0 0.010250 0.000662 0.019679 0.000043
0 0.010258 0.000615 0.019662 0.000043
0 0.010325 0.000562 0.019529 0.000042
0 0.010322 0.000513 0.019536 0.000052
0 0.010662 0.001498 0.018855 0.000043
0 0.010180 0.000454 0.019819 0.000067
0 0.011629 0.002053 0.021385 0.000047
0 0.010373 0.000819 0.019433 0.000043
0 0.011538 0.002067 0.021566 0.000045
0 0.011458 0.002086 0.021727 0.000047
0 0.011347 0.002091 0.021949 0.000051
0 0.011800 0.001645 0.021043 0.000049
0 0.011945 0.001352 0.020752 0.000045
0 0.011933 0.001302 0.020776 0.000049
0 0.011914 0.001255 0.020814 0.000060
0 0.011928 0.001195 0.020787 0.000065
0 0.011708 0.000855 0.021228 0.000047
0 0.011732 0.001013 0.021180 0.000045
0 0.011745 0.001166 0.021152 0.000051
0 0.011754 0.001217 0.021135 0.000052
0 0.011567 0.001407 0.021508 0.000042
0 0.011578 0.001360 0.021487 0.000042
0 0.011533 0.001063 0.021576 0.000047
0 0.010660 0.001553 0.018859 0.000049
0 0.010668 0.001444 0.018842 0.000052
0 0.010556 0.000623 0.019067 0.000051
0 0.010407 0.001120 0.019365 0.000049
0 0.010323 0.000451 0.019532 0.000047