0 0.011980 0.000540 0.020682 0.000078
0 0.010346 0.001035 0.019486 0.000065
0 0.010344 0.001752 0.019491 0.000146
0 0.010477 0.001614 0.019225 0.000156
0 0.010732 0.001345 0.018714 0.000153
0 0.010342 0.000695 0.019494 0.000075
0 0.010347 0.000776 0.019484 0.000068
0 0.010346 0.001217 0.019486 0.000078
0 0.010531 0.000841 0.019117 0.000075
0 0.010532 0.000674 0.019114 0.000078
0 0.010523 0.000508 0.019132 0.000085
0 0.010528 0.000750 0.019122 0.000075
0 0.010541 0.001188 0.019096 0.000085
0 0.010345 0.000866 0.019489 0.000072
0 0.010346 0.001324 0.019486 0.000059
0 0.011971 0.000251 0.020700 0.000065
0 0.010347 0.000950 0.019484 0.000072
0 0.010353 0.001412 0.019474 0.000072
0 0.010055 0.001276 0.020069 0.000293
0 0.011281 0.000145 0.022080 0.000062
0 0.011271 0.000241 0.022101 0.000065
0 0.011335 0.000225 0.021972 0.000059
0 0.011335 0.000135 0.021972 0.000068
0 0.011440 0.000120 0.021762 0.000052
0 0.011440 0.000203 0.021762 0.000055
0 0.011506 0.000195 0.021631 0.000059
0 0.011505 0.000288 0.021634 0.000068
0 0.011675 0.000197 0.021293 0.000049
0 0.010214 0.001879 0.019751 0.000153