0 0.011246 0.001898 0.022152 0.000085
0 0.010362 0.001377 0.019454 0.000071
0 0.010548 0.001847 0.019083 0.000076
0 0.010550 0.001798 0.019078 0.000078
0 0.010673 0.001521 0.018832 0.000072
0 0.010674 0.001466 0.018830 0.000074
0 0.010721 0.001037 0.018737 0.000078
0 0.010721 0.000976 0.018737 0.000085
0 0.010721 0.000563 0.018737 0.000336
0 0.010352 0.001452 0.019475 0.000113
0 0.010371 0.001313 0.019437 0.000076
0 0.010519 0.001988 0.019141 0.000072
0 0.010392 0.001192 0.019394 0.000072
0 0.010400 0.001128 0.019379 0.000071
0 0.010411 0.001071 0.019356 0.000071
0 0.010440 0.000879 0.019298 0.000067
0 0.010450 0.000818 0.019279 0.000071
0 0.010474 0.000698 0.019231 0.000074
0 0.010482 0.000635 0.019215 0.000071
0 0.010492 0.000575 0.019195 0.000074
0 0.010544 0.001896 0.019090 0.000071
0 0.010513 0.002034 0.019152 0.000074
0 0.011258 0.001718 0.022128 0.000085
0 0.011493 0.001710 0.021657 0.000083
0 0.011305 0.001731 0.022032 0.000074
0 0.011332 0.001932 0.021980 0.000085
0 0.011388 0.001759 0.021867 0.000085
0 0.011413 0.001769 0.021817 0.000087
0 0.011495 0.001801 0.021652 0.000072
0 0.011469 0.001794 0.021705 0.000082
0 0.011440 0.001785 0.021762 0.000078
0 0.011459 0.001694 0.021724 0.000082
0 0.012107 0.000159 0.020429 0.000080
0 0.010379 0.001256 0.019420 0.000078
0 0.012052 0.000138 0.020539 0.000080
0 0.012026 0.000135 0.020591 0.000091
0 0.012004 0.000118 0.020634 0.000087
0 0.011691 0.000287 0.021260 0.000050
0 0.011713 0.000340 0.021217 0.000048
0 0.010665 0.001573 0.018849 0.000082
0 0.010517 0.002083 0.019145 0.000069
0 0.010527 0.001941 0.019124 0.000074
0 0.010509 0.000464 0.019160 0.000071