0 0.012208 0.001236 0.020227 0.000095
0 0.001531 0.000704 0.001403 0.000105
0 0.001537 0.000469 0.001389 0.000070
0 0.001558 0.000257 0.001349 0.000065
0 0.001874 0.001774 0.000716 0.000132
0 0.001535 0.000135 0.001395 0.000055
0 0.001529 0.000079 0.001406 0.000062
0 0.001548 0.000579 0.001368 0.000055
0 0.001532 0.000934 0.001400 0.000090
0 0.011826 0.000317 0.020991 0.000090
0 0.001531 0.001233 0.001403 0.000085
0 0.008245 0.000198 0.014761 0.000067
0 0.008243 0.000418 0.014763 0.000067
0 0.008249 0.000630 0.014753 0.000057
0 0.008249 0.000861 0.014753 0.000055
0 0.008250 0.001305 0.014750 0.000057
0 0.001564 0.001136 0.001336 0.000070
0 0.011843 0.000806 0.020956 0.000090
0 0.012174 0.001237 0.020294 0.000097
0 0.011907 0.000146 0.020830 0.000077
0 0.012025 0.000865 0.020593 0.000127
0 0.012033 0.000116 0.020577 0.000087
0 0.012016 0.000171 0.020612 0.000087
0 0.012034 0.000240 0.020574 0.000090
0 0.011908 0.000035 0.020827 0.000065
0 0.011907 0.000087 0.020830 0.000080
0 0.011905 0.000207 0.020832 0.000075
0 0.011912 0.000940 0.020819 0.000077
0 0.011904 0.000277 0.020835 0.000070
0 0.011909 0.000326 0.020824 0.000072
0 0.011897 0.000398 0.020849 0.000087
0 0.011845 0.001287 0.020954 0.000087
0 0.011912 0.000695 0.020819 0.000077
0 0.011916 0.000758 0.020811 0.000067
0 0.008246 0.001079 0.014758 0.000060