0 0.011266 0.002215 0.022111 0.000028
0 0.011407 0.001137 0.021828 0.000046
0 0.011361 0.001126 0.021921 0.000048
0 0.011338 0.001123 0.021966 0.000052
0 0.011291 0.001109 0.022061 0.000053
0 0.011267 0.001101 0.022109 0.000059
0 0.011244 0.001099 0.022154 0.000052
0 0.011215 0.001098 0.022213 0.000052
0 0.011192 0.001089 0.022258 0.000054
0 0.011438 0.000989 0.021767 0.000043
0 0.011464 0.000994 0.021715 0.000045
0 0.011489 0.000997 0.021666 0.000047
0 0.011512 0.001002 0.021618 0.000050
0 0.011542 0.001008 0.021559 0.000053
0 0.011555 0.000957 0.021532 0.000049
0 0.011528 0.000952 0.021586 0.000050
0 0.011501 0.000945 0.021641 0.000049
0 0.011473 0.000946 0.021697 0.000052
0 0.011448 0.000942 0.021747 0.000048
0 0.011356 0.000971 0.021930 0.000048
0 0.011385 0.000978 0.021874 0.000045
0 0.011409 0.000986 0.021824 0.000046
0 0.011419 0.000939 0.021806 0.000049
0 0.011394 0.000929 0.021856 0.000053
0 0.011371 0.000925 0.021901 0.000049
0 0.011386 0.001128 0.021871 0.000046
0 0.011431 0.001141 0.021781 0.000049
0 0.011429 0.001246 0.021785 0.000050
0 0.011452 0.001146 0.021738 0.000055
0 0.011478 0.001258 0.021686 0.000048
0 0.011503 0.001259 0.021636 0.000047
0 0.011525 0.001265 0.021593 0.000053
0 0.011578 0.001358 0.021487 0.000050
0 0.011590 0.001299 0.021462 0.000047
0 0.011752 0.001364 0.021139 0.000056
0 0.011817 0.001173 0.021010 0.000045
0 0.011803 0.001207 0.021037 0.000049
0 0.011797 0.001248 0.021048 0.000050
0 0.011902 0.001301 0.020838 0.000033
0 0.011916 0.001276 0.020811 0.000034
0 0.011916 0.001239 0.020811 0.000031
0 0.011929 0.001186 0.020786 0.000029
0 0.011938 0.001160 0.020768 0.000027
0 0.012210 0.000642 0.020223 0.000043
0 0.011601 0.000794 0.021442 0.000049
0 0.011642 0.000808 0.021358 0.000047
0 0.011667 0.000812 0.021308 0.000057
0 0.011639 0.000942 0.021365 0.000034
0 0.011544 0.001166 0.021555 0.000052
0 0.011525 0.001161 0.021593 0.000045
0 0.011501 0.001154 0.021641 0.000052
0 0.011478 0.001149 0.021686 0.000053
0 0.011301 0.000960 0.022041 0.000046
0 0.011331 0.000970 0.021980 0.000052
0 0.011343 0.000922 0.021957 0.000044
0 0.011317 0.000906 0.022009 0.000064
0 0.010780 0.001641 0.018619 0.000049
0 0.010789 0.001605 0.018601 0.000045
0 0.010797 0.001567 0.018585 0.000045
0 0.010805 0.001529 0.018570 0.000047
0 0.010507 0.001774 0.019164 0.000048
0 0.010514 0.001741 0.019151 0.000044
0 0.010527 0.001710 0.019124 0.000045
0 0.010532 0.001678 0.019115 0.000041
0 0.010550 0.001617 0.019078 0.000048
0 0.010559 0.001568 0.019060 0.000053
0 0.010567 0.001538 0.019044 0.000056
0 0.010589 0.001482 0.019001 0.000055
0 0.010598 0.001444 0.018983 0.000049
0 0.010866 0.000934 0.018447 0.000043
0 0.010872 0.000902 0.018434 0.000048
0 0.010893 0.000841 0.018393 0.000046
0 0.010903 0.000777 0.018373 0.000047
0 0.010914 0.000739 0.018350 0.000047
0 0.010900 0.000176 0.018380 0.000191
0 0.010800 0.000339 0.018579 0.000082
0 0.010338 0.000335 0.019504 0.000050
0 0.010345 0.000302 0.019488 0.000049
0 0.010361 0.000465 0.019456 0.000044
0 0.010772 0.001683 0.018635 0.000045
0 0.010759 0.001722 0.018660 0.000043
0 0.010745 0.001758 0.018689 0.000044
0 0.012113 0.000623 0.020417 0.000050
0 0.011292 0.000905 0.022059 0.000048
0 0.011279 0.000954 0.022084 0.000050
0 0.011255 0.000947 0.022134 0.000048
0 0.011227 0.000942 0.022188 0.000054
0 0.011196 0.000938 0.022251 0.000054
0 0.011262 0.000899 0.022118 0.000052
0 0.011431 0.000761 0.021781 0.000048
0 0.012174 0.000493 0.020295 0.000040
0 0.012154 0.000621 0.020336 0.000047
0 0.012183 0.000632 0.020277 0.000047
0 0.012089 0.000614 0.020465 0.000049
0 0.010740 0.001799 0.018698 0.000047
0 0.012062 0.000608 0.020519 0.000052
0 0.012017 0.000599 0.020609 0.000047
0 0.011970 0.000586 0.020702 0.000052
0 0.011931 0.000578 0.020781 0.000048
0 0.011468 0.000373 0.021706 0.000037
0 0.011284 0.000520 0.022075 0.000049
0 0.011309 0.000525 0.022025 0.000047
0 0.011336 0.000530 0.021971 0.000055
0 0.011336 0.000187 0.021971 0.000024
0 0.010728 0.001839 0.018723 0.000047
0 0.011456 0.001250 0.021731 0.000049
0 0.011407 0.001238 0.021828 0.000052
0 0.011345 0.002196 0.021953 0.000048
0 0.011242 0.001756 0.022159 0.000052
0 0.011288 0.001763 0.022066 0.000050
0 0.011419 0.001793 0.021806 0.000050
0 0.011395 0.001789 0.021853 0.000052
0 0.011371 0.001786 0.021901 0.000053
0 0.011347 0.001780 0.021948 0.000052
0 0.011390 0.001728 0.021862 0.000052
0 0.011414 0.001735 0.021815 0.000052
0 0.011368 0.001711 0.021908 0.000049
0 0.011342 0.001705 0.021960 0.000062
0 0.011316 0.001696 0.022012 0.000059
0 0.011291 0.001687 0.022061 0.000062
0 0.011267 0.001682 0.022109 0.000057
0 0.011241 0.001677 0.022161 0.000056
0 0.011216 0.001672 0.022211 0.000052
0 0.011194 0.001667 0.022256 0.000053
0 0.011468 0.001568 0.021706 0.000049
0 0.011443 0.001570 0.021756 0.000045
0 0.011415 0.001567 0.021813 0.000047
0 0.011386 0.001566 0.021871 0.000052
0 0.011362 0.001561 0.021919 0.000048
0 0.011333 0.001560 0.021978 0.000062
0 0.011308 0.001557 0.022027 0.000048
0 0.011285 0.001544 0.022073 0.000049
0 0.011265 0.001760 0.022113 0.000050
0 0.011209 0.001752 0.022224 0.000062
0 0.011382 0.001235 0.021878 0.000047
0 0.011210 0.001923 0.022222 0.000055
0 0.011398 0.002132 0.021847 0.000044
0 0.011372 0.002129 0.021899 0.000049
0 0.011350 0.002126 0.021944 0.000046
0 0.011322 0.002116 0.021998 0.000057
0 0.011299 0.002114 0.022046 0.000047
0 0.011278 0.002109 0.022086 0.000054
0 0.011256 0.002104 0.022131 0.000053
0 0.011231 0.002100 0.022181 0.000054
0 0.011208 0.002089 0.022226 0.000052
0 0.011212 0.001981 0.022220 0.000052
0 0.011239 0.001988 0.022165 0.000052
0 0.011265 0.001993 0.022113 0.000046
0 0.011286 0.002000 0.022070 0.000047
0 0.011312 0.002006 0.022018 0.000049
0 0.011337 0.002010 0.021969 0.000052
0 0.011362 0.002017 0.021919 0.000054
0 0.011378 0.001964 0.021887 0.000050
0 0.011354 0.001960 0.021935 0.000052
0 0.011327 0.001957 0.021989 0.000048
0 0.011303 0.001954 0.022036 0.000053
0 0.011283 0.001946 0.022077 0.000054
0 0.011262 0.001937 0.022118 0.000058
0 0.011239 0.001931 0.022165 0.000054
0 0.011255 0.001539 0.022134 0.000050
0 0.011227 0.001534 0.022188 0.000052
0 0.011203 0.001520 0.022238 0.000048
0 0.011475 0.001520 0.021693 0.000049
0 0.011343 0.001329 0.021957 0.000046
0 0.011321 0.001323 0.022000 0.000047
0 0.011295 0.001320 0.022052 0.000045
0 0.011353 0.001378 0.021937 0.000047
0 0.011330 0.001375 0.021982 0.000044
0 0.011308 0.001368 0.022027 0.000050
0 0.011282 0.001368 0.022079 0.000049
0 0.011256 0.001363 0.022131 0.000050
0 0.011272 0.001309 0.022100 0.000049
0 0.011249 0.001307 0.022145 0.000047
0 0.011231 0.001357 0.022181 0.000052
0 0.011212 0.001344 0.022220 0.000050
0 0.011224 0.001296 0.022195 0.000052
0 0.011189 0.001338 0.022265 0.000050
0 0.011200 0.001290 0.022242 0.000049
0 0.011200 0.001198 0.022242 0.000055
0 0.011223 0.001200 0.022197 0.000056
0 0.011247 0.001205 0.022150 0.000052
0 0.011270 0.001210 0.022102 0.000048
0 0.011291 0.001215 0.022061 0.000052
0 0.011317 0.001220 0.022009 0.000052
0 0.011339 0.001225 0.021964 0.000049
0 0.011361 0.001230 0.021921 0.000049
0 0.011367 0.001336 0.021910 0.000044
0 0.011374 0.001384 0.021894 0.000053
0 0.011389 0.001340 0.021865 0.000047
0 0.011209 0.001470 0.022224 0.000052
0 0.011450 0.001519 0.021742 0.000052
0 0.011426 0.001521 0.021790 0.000043
0 0.011403 0.001517 0.021837 0.000044
0 0.011379 0.001512 0.021885 0.000049
0 0.011354 0.001503 0.021935 0.000059
0 0.011329 0.001499 0.021984 0.000058
0 0.011303 0.001492 0.022036 0.000057
0 0.011282 0.001486 0.022079 0.000044
0 0.011260 0.001481 0.022122 0.000052
0 0.011235 0.001475 0.022172 0.000063
0 0.011189 0.001468 0.022265 0.000053
0 0.011399 0.001385 0.021844 0.000044
0 0.011210 0.001415 0.022222 0.000030
0 0.011495 0.001404 0.021652 0.000045
0 0.011507 0.001358 0.021629 0.000048
0 0.011475 0.001400 0.021693 0.000041
0 0.011483 0.001353 0.021677 0.000046
0 0.011450 0.001400 0.021742 0.000039
0 0.011456 0.001354 0.021731 0.000053
0 0.011434 0.001346 0.021774 0.000049
0 0.011423 0.001390 0.021797 0.000047
0 0.011414 0.001343 0.021815 0.000045
0 0.010338 0.000515 0.019504 0.000059