0 0.010081 0.000471 0.020016 0.000033
0 0.007859 0.002208 0.015533 0.000035
0 0.015819 0.000979 0.030863 0.000073
0 0.015780 0.000831 0.030941 0.000084
0 0.015863 0.000654 0.030774 0.000083
0 0.016035 0.000364 0.030429 0.000074
0 0.016156 0.000218 0.030189 0.000070
0 0.016254 0.000065 0.029993 0.000083
0 0.008260 0.000738 0.014730 0.000088
0 0.008416 0.000426 0.014417 0.000035
0 0.007914 0.002040 0.015421 0.000049
0 0.015788 0.001377 0.030923 0.000080
0 0.007977 0.001842 0.015297 0.000096
0 0.008049 0.001768 0.015152 0.000108
0 0.008139 0.001503 0.014972 0.000093
0 0.008153 0.001160 0.014945 0.000099
0 0.008177 0.000992 0.014895 0.000071
0 0.008192 0.000851 0.014867 0.000074
0 0.008298 0.000578 0.014653 0.000079
0 0.008494 0.000307 0.014261 0.000106
0 0.015801 0.001224 0.030898 0.000061
0 0.011232 0.000101 0.022178 0.000028
0 0.011183 0.000486 0.022277 0.000022
0 0.001526 0.000967 0.001412 0.000031
0 0.011237 0.000506 0.022168 0.000027
0 0.011236 0.000483 0.022170 0.000026
0 0.011279 0.000488 0.022084 0.000029
0 0.011297 0.000472 0.022049 0.000026
0 0.011169 0.001379 0.022305 0.000035
0 0.001259 0.002024 0.001947 0.000024
0 0.001362 0.001859 0.001740 0.000038
0 0.001675 0.001528 0.001115 0.000025
0 0.001537 0.000879 0.001389 0.000029
0 0.011583 0.000117 0.021477 0.000025
0 0.001553 0.000767 0.001359 0.000035
0 0.001741 0.000417 0.000981 0.000030
0 0.001840 0.000287 0.000784 0.000052
0 0.001984 0.000194 0.000495 0.000044
0 0.002030 0.000127 0.000405 0.000039
0 0.002088 0.000017 0.000288 0.000033
0 0.011450 0.000340 0.021743 0.000026
0 0.011598 0.000012 0.021447 0.000023
0 0.008662 0.000145 0.013927 0.000143