0 0.001332 0.001111 0.001801 0.000049
0 0.001297 0.001073 0.001869 0.000057
0 0.008092 0.001080 0.015066 0.000544
0 0.008233 0.001271 0.014784 0.000544
0 0.008357 0.001433 0.014536 0.000571
0 0.008812 0.001744 0.013625 0.000677
0 0.016011 0.000362 0.030479 0.000128
0 0.016217 0.000755 0.030067 0.000107
0 0.016293 0.000861 0.029915 0.000090
0 0.016375 0.000071 0.029750 0.000098
0 0.016485 0.000259 0.029530 0.000108
0 0.016541 0.000342 0.029417 0.000092
0 0.011810 0.000236 0.021023 0.000059
0 0.011863 0.000223 0.020916 0.000037
0 0.011866 0.000244 0.020911 0.000044
0 0.011852 0.000573 0.020939 0.000035
0 0.011879 0.000616 0.020884 0.000039
0 0.012079 0.000562 0.020484 0.000043
0 0.012011 0.000631 0.020621 0.000045
0 0.011990 0.000626 0.020664 0.000038
0 0.001176 0.000812 0.002112 0.000054
0 0.007865 0.000666 0.015520 0.000371