0 0.011681 0.002091 0.021281 0.000020
0 0.008008 0.001932 0.015233 0.000098
0 0.001372 0.001445 0.001721 0.000022
0 0.001334 0.001280 0.001797 0.000026
0 0.001552 0.001084 0.001360 0.000023
0 0.012021 0.000996 0.020600 0.000023
0 0.012237 0.001003 0.020169 0.000017
0 0.012212 0.000753 0.020218 0.000015
0 0.001739 0.000576 0.000986 0.000023
0 0.007967 0.002058 0.015316 0.000110
0 0.008128 0.001589 0.014994 0.000099
0 0.011853 0.001321 0.020937 0.000009
0 0.008064 0.001460 0.015123 0.000135
0 0.008022 0.001324 0.015206 0.000163
0 0.008211 0.001233 0.014829 0.000119
0 0.008177 0.000984 0.014895 0.000141
0 0.008231 0.001139 0.014788 0.000107
0 0.008220 0.000856 0.014810 0.000197
0 0.008423 0.000612 0.014403 0.000078
0 0.008580 0.000438 0.014091 0.000092
0 0.001533 0.001194 0.001398 0.000024
0 0.011912 0.001144 0.020818 0.000021
0 0.011670 0.002037 0.021302 0.000017
0 0.011730 0.001670 0.021182 0.000016
0 0.011663 0.002055 0.021316 0.000016
0 0.012118 0.002002 0.020407 0.000024
0 0.012263 0.002053 0.020116 0.000022
0 0.012253 0.002053 0.020138 0.000022
0 0.012178 0.001769 0.020288 0.000019
0 0.012152 0.001765 0.020338 0.000022
0 0.001325 0.001917 0.001813 0.000017
0 0.001454 0.001595 0.001556 0.000024
0 0.011816 0.001556 0.021010 0.000016
0 0.011938 0.001259 0.020768 0.000018
0 0.011798 0.001549 0.021047 0.000015
0 0.011794 0.001561 0.021055 0.000018
0 0.011771 0.001563 0.021100 0.000017
0 0.012143 0.001284 0.020358 0.000021
0 0.012099 0.001213 0.020444 0.000023
0 0.012009 0.001303 0.020625 0.000022
0 0.012004 0.001325 0.020635 0.000022
0 0.011995 0.001321 0.020653 0.000020
0 0.008600 0.000341 0.014050 0.000122