0 0.001780 0.001074 0.000904 0.000092
0 0.008858 0.000636 0.013533 0.000476
0 0.008044 0.001853 0.015162 0.000339
0 0.008111 0.001858 0.015028 0.000480
0 0.008198 0.001755 0.014855 0.000458
0 0.008333 0.001510 0.014584 0.000397
0 0.008432 0.000990 0.014385 0.000525
0 0.008472 0.000870 0.014306 0.000528
0 0.008491 0.000678 0.014267 0.000312
0 0.008554 0.000783 0.014141 0.000396
0 0.008686 0.000732 0.013878 0.000384
0 0.008613 0.000756 0.014024 0.000394
0 0.008272 0.001517 0.014705 0.000267
0 0.001807 0.000807 0.000850 0.000079
0 0.011250 0.000351 0.022142 0.000050
0 0.011249 0.000382 0.022145 0.000049
0 0.011371 0.000805 0.021901 0.000077
0 0.011377 0.000870 0.021889 0.000060
0 0.011626 0.000389 0.021391 0.000050
0 0.011229 0.001419 0.022185 0.000070
0 0.001330 0.001906 0.001805 0.000119
0 0.001346 0.001871 0.001773 0.000062
0 0.001950 0.000894 0.000564 0.000087
0 0.001848 0.000937 0.000768 0.000096
0 0.007978 0.001878 0.015293 0.000473