0 0.001363 0.002195 0.001739 0.000048
0 0.011198 0.001857 0.022246 0.000047
0 0.008240 0.000932 0.014770 0.000074
0 0.008169 0.001220 0.014912 0.000171
0 0.008132 0.001508 0.014986 0.000082
0 0.008065 0.001825 0.015121 0.000046
0 0.008744 0.001295 0.013761 0.000198
0 0.008841 0.000319 0.013567 0.000325
0 0.008571 0.000494 0.014108 0.000363
0 0.007958 0.002160 0.015333 0.000136
0 0.015640 0.002119 0.031221 0.000142
0 0.015939 0.000319 0.030622 0.000127
0 0.001873 0.000625 0.000719 0.000092
0 0.002036 0.001250 0.000391 0.000108
0 0.002071 0.001228 0.000322 0.000066
0 0.001520 0.001175 0.001425 0.000055
0 0.001451 0.001477 0.001562 0.000057
0 0.011283 0.000855 0.022078 0.000055
0 0.011189 0.001863 0.022266 0.000057
0 0.008289 0.000446 0.014672 0.000175