0 0.012013 0.002179 0.020618 0.000102
0 0.012159 0.001298 0.020326 0.000117
0 0.004700 0.001124 0.008458 0.000487
0 0.004606 0.001356 0.008644 0.000487
0 0.004979 0.001605 0.007899 0.000485
0 0.004886 0.001830 0.008086 0.000487
0 0.011387 0.000048 0.021868 0.000087
0 0.011473 0.000265 0.021697 0.000092
0 0.011490 0.000196 0.021662 0.000092
0 0.011575 0.000319 0.021493 0.000092
0 0.012127 0.001149 0.020389 0.000120
0 0.012166 0.001802 0.020311 0.000099
0 0.011943 0.001982 0.020756 0.000102
0 0.012157 0.001857 0.020328 0.000107
0 0.012140 0.001904 0.020364 0.000105
0 0.012131 0.001955 0.020381 0.000105
0 0.012111 0.001995 0.020421 0.000102
0 0.012102 0.002042 0.020439 0.000094
0 0.012088 0.002082 0.020467 0.000092
0 0.012073 0.002125 0.020497 0.000102
0 0.012018 0.001787 0.020608 0.000099
0 0.011982 0.001885 0.020678 0.000102
0 0.004795 0.000894 0.008267 0.000492