0 0.010123 0.001067 0.019933 0.000158
0 0.010700 0.000483 0.018779 0.000104
0 0.010368 0.001204 0.019443 0.000131
0 0.010351 0.001173 0.019478 0.000132
0 0.010411 0.001021 0.019356 0.000163
0 0.010578 0.000210 0.019022 0.000100
0 0.010595 0.000295 0.018990 0.000102
0 0.010616 0.000331 0.018948 0.000096
0 0.010683 0.000452 0.018812 0.000073
0 0.010742 0.000556 0.018695 0.000100
0 0.010892 0.000840 0.018394 0.000105
0 0.010794 0.000622 0.018590 0.000099
0 0.010918 0.000885 0.018343 0.000102
0 0.010505 0.000936 0.019169 0.000172
0 0.010562 0.001574 0.019055 0.000175
0 0.010421 0.001674 0.019337 0.000172
0 0.010322 0.001146 0.019534 0.000129
0 0.010160 0.001038 0.019858 0.000154
0 0.010387 0.001248 0.019405 0.000123
0 0.010662 0.000418 0.018854 0.000072
0 0.011493 0.001689 0.021656 0.000097
0 0.011883 0.000796 0.020876 0.000067
0 0.011713 0.001421 0.021217 0.000070
0 0.011762 0.001367 0.021119 0.000075
0 0.011818 0.001322 0.021007 0.000085
0 0.011971 0.000943 0.020701 0.000069
0 0.011952 0.000908 0.020738 0.000072
0 0.011917 0.000853 0.020808 0.000075
0 0.011899 0.000828 0.020846 0.000072
0 0.011858 0.000725 0.020928 0.000067
0 0.010625 0.000378 0.018929 0.000091
0 0.011817 0.000668 0.021009 0.000073
0 0.011786 0.000608 0.021070 0.000065
0 0.011755 0.000540 0.021133 0.000069
0 0.011735 0.000515 0.021173 0.000064
0 0.011737 0.000734 0.021168 0.000073
0 0.011674 0.000617 0.021294 0.000072
0 0.010161 0.000200 0.019856 0.000129
0 0.010117 0.000349 0.019945 0.000180