0 0.011337 0.000324 0.021969 0.000054
0 0.010643 0.001327 0.018893 0.000076
0 0.010230 0.000839 0.019718 0.000131
0 0.010150 0.000630 0.019878 0.000131
0 0.010676 0.000811 0.018826 0.000080
0 0.010667 0.000849 0.018845 0.000075
0 0.010643 0.000895 0.018892 0.000078
0 0.010575 0.001264 0.019029 0.000092
0 0.010708 0.001235 0.018763 0.000080
0 0.010620 0.001386 0.018938 0.000076
0 0.011257 0.000289 0.022129 0.000058
0 0.010605 0.001434 0.018969 0.000083
0 0.010554 0.001475 0.019070 0.000078
0 0.010331 0.001584 0.019517 0.000139
0 0.010316 0.001750 0.019546 0.000100
0 0.010662 0.000757 0.018854 0.000078
0 0.010598 0.001010 0.018983 0.000074
0 0.010211 0.000887 0.019756 0.000080
0 0.010177 0.001018 0.019825 0.000131