0 0.010172 0.001879 0.019834 0.000174
0 0.010547 0.001258 0.019084 0.000223
0 0.010561 0.001154 0.019056 0.000205
0 0.010668 0.000559 0.018842 0.000212
0 0.010691 0.001108 0.018797 0.000169
0 0.010365 0.001588 0.019449 0.000228
0 0.010386 0.001549 0.019407 0.000210
0 0.010431 0.001471 0.019317 0.000212
0 0.010474 0.001396 0.019231 0.000207
0 0.010503 0.001346 0.019172 0.000220
0 0.010527 0.001308 0.019125 0.000215
0 0.010405 0.001505 0.019368 0.000230
0 0.011172 0.001463 0.022299 0.000074
0 0.010837 0.000918 0.018505 0.000212
0 0.010742 0.001262 0.018695 0.000159
0 0.010755 0.001336 0.018669 0.000159
0 0.010785 0.001476 0.018609 0.000151
0 0.010882 0.001874 0.018415 0.000159
0 0.010075 0.000491 0.020029 0.000154
0 0.010049 0.000476 0.020080 0.000164
0 0.010136 0.001029 0.019907 0.000251
0 0.010455 0.001425 0.019268 0.000223
0 0.010590 0.001018 0.019000 0.000141