0 0.011989 0.002175 0.020665 0.000078
0 0.012225 0.001950 0.020193 0.000157
0 0.004765 0.001519 0.008327 0.000635
0 0.004964 0.000601 0.007928 0.000645
0 0.005053 0.000907 0.007751 0.000645
0 0.011584 0.000077 0.021475 0.000139
0 0.012110 0.001098 0.020423 0.000150
0 0.012115 0.001478 0.020412 0.000096
0 0.012197 0.001442 0.020248 0.000089
0 0.012173 0.002147 0.020298 0.000164
0 0.011942 0.002168 0.020759 0.000078
0 0.012079 0.001833 0.020485 0.000071
0 0.012062 0.001902 0.020519 0.000082
0 0.012055 0.001966 0.020532 0.000075
0 0.012037 0.002038 0.020569 0.000082
0 0.012014 0.002100 0.020615 0.000071
0 0.011982 0.002032 0.020678 0.000064
0 0.011955 0.002095 0.020733 0.000075
0 0.004677 0.001202 0.008504 0.000649