0 0.011478 0.000130 0.021686 0.000039
0 0.011384 0.000117 0.021875 0.000045
0 0.011568 0.002157 0.021507 0.000090
0 0.011161 0.001990 0.022321 0.000075
0 0.011175 0.001807 0.022292 0.000051
0 0.011162 0.001552 0.022319 0.000090
0 0.011175 0.001364 0.022292 0.000089
0 0.011178 0.001274 0.022287 0.000087
0 0.011186 0.001110 0.022270 0.000085
0 0.011212 0.000650 0.022218 0.000085
0 0.011227 0.000386 0.022189 0.000081
0 0.011217 0.000563 0.022209 0.000081
0 0.011229 0.000285 0.022184 0.000083
0 0.015345 0.000747 0.027345 0.000590
0 0.006111 0.000498 0.010099 0.000421
0 0.004627 0.001579 0.008602 0.000216
0 0.004642 0.001342 0.008573 0.000214
0 0.004652 0.001107 0.008553 0.000208
0 0.004662 0.000873 0.008534 0.000216
0 0.012181 0.002131 0.020281 0.000057
0 0.012245 0.002165 0.020153 0.000083
0 0.011216 0.001915 0.022211 0.000053
0 0.011901 0.000192 0.020840 0.000045
0 0.011432 0.000124 0.021779 0.000047
0 0.011538 0.000138 0.021566 0.000043
0 0.011611 0.000147 0.021421 0.000039
0 0.011664 0.000155 0.021316 0.000043
0 0.011722 0.000163 0.021198 0.000047
0 0.011781 0.000175 0.021080 0.000039
0 0.011838 0.000182 0.020967 0.000033
0 0.011968 0.000194 0.020707 0.000045
0 0.011416 0.001951 0.021811 0.000047
0 0.012036 0.000203 0.020570 0.000047
0 0.012092 0.000210 0.020460 0.000051
0 0.012146 0.000225 0.020352 0.000053
0 0.012203 0.000230 0.020236 0.000051
0 0.011767 0.001990 0.021110 0.000043
0 0.011710 0.001983 0.021223 0.000041
0 0.011644 0.001977 0.021355 0.000041
0 0.004674 0.000636 0.008509 0.000214