0 0.012238 0.000905 0.020166 0.000147
0 0.012171 0.000829 0.020300 0.000140
0 0.011513 0.002108 0.021617 0.000128
0 0.011506 0.002030 0.021631 0.000125
0 0.011494 0.001945 0.021656 0.000128
0 0.011429 0.001492 0.021786 0.000136
0 0.011407 0.001178 0.021828 0.000128
0 0.011385 0.001039 0.021873 0.000128
0 0.011374 0.000857 0.021895 0.000144
0 0.005156 0.000848 0.007545 0.000744
0 0.005062 0.001035 0.007733 0.000733
0 0.004968 0.001220 0.007922 0.000740
0 0.004874 0.001409 0.008109 0.000733
0 0.004780 0.001588 0.008297 0.000736