0 0.012038 0.001984 0.020566 0.000078
0 0.012028 0.002150 0.020587 0.000083
0 0.004840 0.000753 0.008177 0.000336
0 0.004814 0.001050 0.008228 0.000344
0 0.004787 0.001351 0.008283 0.000344
0 0.005128 0.000623 0.007601 0.000344
0 0.005103 0.000925 0.007652 0.000341
0 0.005076 0.001222 0.007705 0.000344
0 0.005050 0.001519 0.007758 0.000341
0 0.012188 0.001715 0.020268 0.000073
0 0.012185 0.001761 0.020274 0.000073
0 0.012179 0.001805 0.020285 0.000075
0 0.012172 0.001849 0.020299 0.000073
0 0.012166 0.001899 0.020311 0.000086
0 0.012155 0.001947 0.020333 0.000081
0 0.012147 0.001997 0.020348 0.000078
0 0.012220 0.001754 0.020203 0.000070
0 0.012218 0.001798 0.020207 0.000073
0 0.012212 0.001844 0.020219 0.000067
0 0.012209 0.001887 0.020225 0.000078
0 0.012195 0.001931 0.020252 0.000075
0 0.012187 0.001982 0.020270 0.000075
0 0.012181 0.002031 0.020282 0.000075
0 0.012172 0.002080 0.020299 0.000078
0 0.012166 0.002115 0.020311 0.000078
0 0.012138 0.002078 0.020368 0.000078
0 0.012127 0.002131 0.020389 0.000073
0 0.012116 0.002177 0.020411 0.000078
0 0.012161 0.002170 0.020321 0.000081
0 0.012034 0.002044 0.020576 0.000091
0 0.012025 0.002092 0.020593 0.000070
0 0.004865 0.000454 0.008126 0.000338