0 0.011306 0.000900 0.022030 0.000056
0 0.011226 0.000815 0.022192 0.000056
0 0.005181 0.000440 0.007495 0.000268
0 0.005093 0.000575 0.007671 0.000268
0 0.005004 0.000710 0.007849 0.000272
0 0.004889 0.000885 0.008079 0.000268
0 0.004801 0.001021 0.008255 0.000270
0 0.004710 0.001154 0.008438 0.000270
0 0.004623 0.001290 0.008611 0.000268
0 0.004059 0.001773 0.005275 0.000647
0 0.011437 0.000183 0.021768 0.000056
0 0.011285 0.000878 0.022074 0.000062
0 0.011246 0.000836 0.022151 0.000059
0 0.011425 0.000721 0.021792 0.000056
0 0.011443 0.000834 0.021756 0.000052
0 0.011422 0.000855 0.021799 0.000055
0 0.011464 0.000802 0.021715 0.000050
0 0.011499 0.000752 0.021646 0.000058
0 0.011541 0.000676 0.021561 0.000058
0 0.011483 0.000131 0.021677 0.000063
0 0.005271 0.000307 0.007315 0.000264