0 0.001183 0.000280 0.002099 0.000047
0 0.001159 0.000270 0.002147 0.000045
0 0.008106 0.000467 0.015039 0.000159
0 0.015822 0.000547 0.030856 0.000056
0 0.008167 0.000687 0.014916 0.000151
0 0.008255 0.000920 0.014741 0.000060
0 0.008365 0.001491 0.014520 0.000096
0 0.008221 0.001744 0.014807 0.000043
0 0.008341 0.001965 0.014568 0.000109
0 0.011169 0.000511 0.022305 0.000031
0 0.011277 0.001330 0.022090 0.000029
0 0.011376 0.001495 0.021890 0.000019
0 0.011341 0.000916 0.021962 0.000020
0 0.011341 0.000901 0.021962 0.000016
0 0.001759 0.001956 0.000946 0.000053
0 0.001765 0.001510 0.000935 0.000051
0 0.001136 0.000266 0.002192 0.000055
0 0.008369 0.000069 0.014512 0.000069