0 0.011166 0.001574 0.022312 0.000085
0 0.011193 0.001493 0.022257 0.000079
0 0.011339 0.000666 0.021965 0.000081
0 0.011355 0.000633 0.021933 0.000079
0 0.011374 0.000594 0.021896 0.000087
0 0.011393 0.000560 0.021856 0.000079
0 0.011408 0.000520 0.021827 0.000077
0 0.011428 0.000494 0.021787 0.000083
0 0.011445 0.000461 0.021753 0.000077
0 0.011462 0.000432 0.021718 0.000077
0 0.011481 0.000388 0.021682 0.000081
0 0.011502 0.000355 0.021640 0.000081
0 0.011519 0.000319 0.021605 0.000071
0 0.011658 0.000040 0.021327 0.000077
0 0.010436 0.000172 0.019307 0.000210
0 0.004584 0.001684 0.008690 0.000364
0 0.004664 0.001487 0.008530 0.000366
0 0.004784 0.001204 0.008289 0.000366
0 0.004862 0.001019 0.008134 0.000366
0 0.004939 0.000834 0.007979 0.000366
0 0.005017 0.000649 0.007824 0.000366
0 0.011323 0.000700 0.021997 0.000083
0 0.011306 0.000735 0.022031 0.000081
0 0.011310 0.001200 0.022024 0.000075
0 0.011561 0.000562 0.021522 0.000090
0 0.011211 0.001457 0.022221 0.000079
0 0.011236 0.001426 0.022171 0.000067
0 0.011241 0.001385 0.022161 0.000075
0 0.011255 0.001344 0.022132 0.000088
0 0.011654 0.000391 0.021335 0.000083
0 0.011632 0.000438 0.021379 0.000085
0 0.011607 0.000473 0.021428 0.000089
0 0.011582 0.000525 0.021480 0.000090
0 0.011497 0.000716 0.021650 0.000094
0 0.011286 0.001235 0.022070 0.000079
0 0.011474 0.000757 0.021694 0.000098
0 0.011454 0.000813 0.021736 0.000092
0 0.011433 0.000857 0.021778 0.000090
0 0.011404 0.000900 0.021834 0.000085
0 0.011387 0.000938 0.021869 0.000094
0 0.011364 0.000984 0.021915 0.000100
0 0.011347 0.001038 0.021950 0.000079
0 0.011274 0.001277 0.022095 0.000073
0 0.005212 0.000212 0.007432 0.000366