0 0.001256 0.000497 0.001952 0.000037
0 0.011254 0.000312 0.022135 0.000047
0 0.008236 0.000643 0.014778 0.000250
0 0.008237 0.000995 0.014775 0.000233
0 0.008079 0.001889 0.015092 0.000240
0 0.007898 0.001606 0.015455 0.000066
0 0.008445 0.001842 0.014360 0.000256
0 0.008273 0.001815 0.014703 0.000264
0 0.008658 0.001827 0.013934 0.000337
0 0.011267 0.000307 0.022108 0.000056
0 0.011311 0.000304 0.022020 0.000045
0 0.001233 0.000681 0.001998 0.000035
0 0.011242 0.000679 0.022159 0.000023
0 0.011235 0.000623 0.022172 0.000045
0 0.011286 0.000910 0.022071 0.000039
0 0.011294 0.000659 0.022055 0.000031
0 0.001193 0.002077 0.002078 0.000066
0 0.001205 0.001573 0.002054 0.000047
0 0.001410 0.001795 0.001643 0.000056
0 0.001661 0.000681 0.001143 0.000043
0 0.008288 0.000149 0.014674 0.000120