0 0.001309 0.001826 0.001846 0.000041
0 0.001526 0.000938 0.001413 0.000038
0 0.008881 0.000350 0.013489 0.000090
0 0.008696 0.000702 0.013858 0.000062
0 0.008682 0.001061 0.013885 0.000071
0 0.008732 0.001744 0.013787 0.000097
0 0.008804 0.001908 0.013643 0.000085
0 0.007914 0.001822 0.015423 0.000052
0 0.007956 0.001551 0.015338 0.000074
0 0.008023 0.001338 0.015205 0.000036
0 0.008005 0.001201 0.015239 0.000065
0 0.008169 0.000940 0.014912 0.000081
0 0.008394 0.000566 0.014462 0.000109
0 0.008427 0.000391 0.014396 0.000082