0 0.001283 0.001194 0.001899 0.000021
0 0.001980 0.000424 0.000503 0.000037
0 0.008208 0.000574 0.014834 0.000054
0 0.008181 0.000839 0.014887 0.000068
0 0.008188 0.000939 0.014874 0.000074
0 0.008058 0.001340 0.015135 0.000062
0 0.008075 0.001525 0.015100 0.000045
0 0.008637 0.001795 0.013976 0.000029
0 0.008554 0.001971 0.014141 0.000134
0 0.008546 0.001349 0.014157 0.000052
0 0.008584 0.001085 0.014083 0.000091
0 0.008564 0.000671 0.014123 0.000062
0 0.008640 0.000423 0.013971 0.000066
0 0.001663 0.000185 0.001137 0.000021
0 0.001565 0.000622 0.001334 0.000045
0 0.001715 0.000869 0.001033 0.000039
0 0.001930 0.000436 0.000605 0.000047
0 0.008313 0.000217 0.014623 0.000050