0 0.001998 0.001486 0.000469 0.000037
0 0.001517 0.000721 0.001431 0.000071
0 0.001436 0.000734 0.001593 0.000071
0 0.008273 0.001895 0.014704 0.000134
0 0.008186 0.001682 0.014879 0.000234
0 0.008089 0.001477 0.015072 0.000139
0 0.008691 0.001443 0.013868 0.000071
0 0.008590 0.001104 0.014069 0.000244
0 0.008522 0.000932 0.014207 0.000189
0 0.016027 0.000206 0.030446 0.000034
0 0.008204 0.000650 0.014842 0.000176
0 0.008108 0.000636 0.015033 0.000263
0 0.008011 0.000752 0.015228 0.000160
0 0.007870 0.001532 0.015510 0.000192
0 0.007955 0.000894 0.015339 0.000197