0 0.011545 0.001924 0.021553 0.000069
0 0.011596 0.000754 0.021451 0.000059
0 0.010421 0.000834 0.019337 0.000100
0 0.011450 0.000130 0.021742 0.000072
0 0.011690 0.000422 0.021264 0.000058
0 0.011695 0.000488 0.021252 0.000059
0 0.011606 0.000914 0.021432 0.000085
0 0.011722 0.000933 0.021198 0.000069
0 0.011720 0.000860 0.021203 0.000073
0 0.011781 0.000851 0.021082 0.000067
0 0.011604 0.000837 0.021434 0.000058
0 0.010848 0.002074 0.018483 0.000061
0 0.010551 0.000203 0.019076 0.000117
0 0.011802 0.000947 0.021040 0.000061
0 0.011827 0.000942 0.020988 0.000056
0 0.011853 0.000930 0.020937 0.000064
0 0.011885 0.000925 0.020874 0.000059
0 0.011903 0.000932 0.020836 0.000067
0 0.011918 0.000826 0.020806 0.000035
0 0.011915 0.000667 0.020813 0.000061
0 0.010365 0.000833 0.019450 0.000097
0 0.010822 0.002037 0.018534 0.000070
0 0.011832 0.001107 0.020979 0.000033
0 0.011132 0.002154 0.017916 0.000091
0 0.010319 0.000264 0.019541 0.000102
0 0.010346 0.000244 0.019487 0.000091
0 0.010407 0.000707 0.019365 0.000105
0 0.010331 0.001379 0.019517 0.000041
0 0.010334 0.001416 0.019510 0.000046
0 0.010334 0.001455 0.019510 0.000041
0 0.010340 0.001495 0.019499 0.000052
0 0.010793 0.001963 0.018593 0.000094
0 0.010730 0.001930 0.018719 0.000093
0 0.010393 0.000385 0.019393 0.000097
0 0.010700 0.001907 0.018779 0.000096
0 0.010768 0.001946 0.018642 0.000091
0 0.010819 0.001995 0.018541 0.000072
0 0.010327 0.001310 0.019524 0.000041
0 0.010329 0.001344 0.019520 0.000041
0 0.010363 0.001525 0.019452 0.000038
0 0.010383 0.000240 0.019412 0.000090
0 0.010365 0.000390 0.019450 0.000097
0 0.011890 0.001065 0.020862 0.000035
0 0.011785 0.001072 0.021072 0.000030
0 0.010414 0.001253 0.019351 0.000037
0 0.011541 0.001853 0.021560 0.000073
0 0.011653 0.001560 0.021336 0.000065
0 0.011648 0.001450 0.021348 0.000059
0 0.011642 0.001370 0.021359 0.000069
0 0.011589 0.001670 0.021465 0.000067
0 0.011613 0.001773 0.021418 0.000078
0 0.011620 0.001864 0.021404 0.000069
0 0.011622 0.001940 0.021399 0.000070
0 0.011530 0.001765 0.021584 0.000070
0 0.011553 0.002018 0.021537 0.000072
0 0.011666 0.001722 0.021310 0.000070
0 0.011569 0.001965 0.021504 0.000062
0 0.011565 0.002104 0.021514 0.000064
0 0.011568 0.002183 0.021507 0.000065
0 0.011636 0.002121 0.021371 0.000061
0 0.011481 0.001258 0.021682 0.000033
0 0.011572 0.001493 0.021500 0.000072
0 0.011582 0.001359 0.021479 0.000059
0 0.010424 0.001411 0.019330 0.000096
0 0.011662 0.001630 0.021320 0.000059
0 0.011673 0.001804 0.021296 0.000064
0 0.011768 0.001108 0.021107 0.000037
0 0.011832 0.001705 0.020979 0.000033
0 0.011763 0.001398 0.021117 0.000064
0 0.011755 0.001314 0.021133 0.000058
0 0.011747 0.001247 0.021149 0.000070
0 0.011768 0.001471 0.021107 0.000061
0 0.011771 0.001549 0.021100 0.000065
0 0.011841 0.001577 0.020960 0.000062
0 0.011869 0.001586 0.020904 0.000050
0 0.011831 0.001666 0.020981 0.000030
0 0.011892 0.001698 0.020860 0.000046
0 0.011677 0.001880 0.021289 0.000062
0 0.011753 0.001793 0.021138 0.000059
0 0.011764 0.001817 0.021114 0.000053
0 0.011777 0.001845 0.021089 0.000069
0 0.011901 0.001832 0.020841 0.000047
0 0.011842 0.001797 0.020958 0.000059
0 0.011986 0.002121 0.020671 0.000049
0 0.011694 0.002072 0.021254 0.000065
0 0.011684 0.001955 0.021275 0.000070
0 0.010346 0.000679 0.019487 0.000100