0 0.011226 0.001783 0.022191 0.000029
0 0.011303 0.000598 0.022036 0.000027
0 0.008221 0.000119 0.014809 0.000119
0 0.008466 0.000310 0.014318 0.000168
0 0.008646 0.000595 0.013958 0.000099
0 0.008483 0.001082 0.014284 0.000160
0 0.008301 0.001195 0.014649 0.000132
0 0.008274 0.001654 0.014702 0.000096
0 0.008283 0.001911 0.014684 0.000115
0 0.008174 0.002063 0.014902 0.000077
0 0.011209 0.000426 0.022225 0.000035
0 0.011303 0.000674 0.022036 0.000028
0 0.011262 0.001606 0.022119 0.000032
0 0.011374 0.000600 0.021895 0.000033
0 0.011423 0.000580 0.021796 0.000020
0 0.011445 0.000632 0.021753 0.000032
0 0.011481 0.000608 0.021681 0.000039
0 0.011597 0.000781 0.021449 0.000033
0 0.011323 0.001159 0.021996 0.000037
0 0.011209 0.001157 0.022225 0.000035
0 0.011265 0.001730 0.022113 0.000017
0 0.011197 0.001813 0.022249 0.000021
0 0.007965 0.000041 0.015321 0.000079