0 0.011448 0.001483 0.021746 0.000037
0 0.011453 0.001428 0.021738 0.000040
0 0.016262 0.000537 0.029976 0.000091
0 0.008441 0.000865 0.014367 0.000184
0 0.007909 0.001176 0.015432 0.000283
0 0.008118 0.000953 0.015014 0.000198
0 0.008341 0.001623 0.014567 0.000189
0 0.008483 0.001503 0.014285 0.000189
0 0.008209 0.001876 0.014833 0.000187
0 0.008581 0.001788 0.014088 0.000234
0 0.008769 0.001842 0.013712 0.000189
0 0.008879 0.001169 0.013493 0.000105
0 0.011295 0.000313 0.022053 0.000049
0 0.011838 0.000637 0.020968 0.000031
0 0.011831 0.000359 0.020981 0.000024
0 0.011833 0.000303 0.020977 0.000021
0 0.011830 0.000286 0.020983 0.000019
0 0.011910 0.000130 0.020822 0.000033
0 0.012267 0.000623 0.020110 0.000038
0 0.001235 0.001148 0.001995 0.000049
0 0.001372 0.001563 0.001720 0.000054
0 0.002103 0.001805 0.000258 0.000052
0 0.011442 0.001502 0.021760 0.000037
0 0.008026 0.000527 0.015197 0.000150