0 0.011894 0.001888 0.020855 0.000016
0 0.011880 0.002073 0.020883 0.000031
0 0.008522 0.000499 0.014206 0.000339
0 0.008404 0.000779 0.014442 0.000263
0 0.008034 0.000876 0.015182 0.000168
0 0.007852 0.002087 0.015546 0.000210
0 0.008148 0.002114 0.014954 0.000094
0 0.008219 0.001770 0.014812 0.000078
0 0.008293 0.001503 0.014664 0.000160
0 0.016278 0.001605 0.029945 0.000055
0 0.008426 0.001452 0.014397 0.000180
0 0.008587 0.001466 0.014075 0.000146
0 0.008663 0.000860 0.013924 0.000092
0 0.008713 0.001820 0.013824 0.000145
0 0.012079 0.000400 0.020485 0.000031
0 0.001512 0.001778 0.001440 0.000033
0 0.001735 0.001386 0.000995 0.000043
0 0.001691 0.001685 0.001083 0.000038
0 0.002018 0.001771 0.000428 0.000045
0 0.001176 0.002058 0.002113 0.000055
0 0.011664 0.002193 0.021316 0.000018
0 0.011687 0.002184 0.021269 0.000020
0 0.011665 0.002175 0.021312 0.000026
0 0.011752 0.001977 0.021139 0.000027
0 0.011731 0.001964 0.021180 0.000024
0 0.011736 0.001947 0.021171 0.000027
0 0.011838 0.001940 0.020966 0.000021
0 0.016111 0.000277 0.030278 0.000037