0 0.001943 0.001507 0.000578 0.000066
0 0.001693 0.000365 0.001079 0.000089
0 0.001557 0.000968 0.001350 0.000063
0 0.001549 0.000946 0.001367 0.000071
0 0.008447 0.001528 0.014357 0.000275
0 0.008574 0.001608 0.014102 0.000226
0 0.008699 0.001717 0.013851 0.000186
0 0.008565 0.000538 0.014120 0.000215
0 0.008482 0.000458 0.014287 0.000212
0 0.008367 0.000344 0.014515 0.000142
0 0.008199 0.001089 0.014852 0.000283
0 0.008061 0.000955 0.015128 0.000184
0 0.008071 0.000599 0.015107 0.000092
0 0.007853 0.000357 0.015545 0.000136