0 0.012168 0.001709 0.020308 0.000033
0 0.012176 0.001725 0.020292 0.000031
0 0.011998 0.001824 0.020646 0.000036
0 0.002193 0.002095 0.000078 0.000054
0 0.001654 0.000135 0.001156 0.000038
0 0.008516 0.001963 0.014218 0.000144
0 0.016679 0.001187 0.029142 0.000056
0 0.008421 0.001797 0.014409 0.000136
0 0.016039 0.000906 0.030422 0.000059
0 0.008228 0.001327 0.014793 0.000090
0 0.008053 0.000936 0.015144 0.000069
0 0.008244 0.000424 0.014761 0.000084
0 0.008367 0.000204 0.014517 0.000113
0 0.016307 0.000356 0.029885 0.000077