0 0.012012 0.002141 0.020619 0.000031
0 0.011975 0.002084 0.020693 0.000028
0 0.007995 0.001886 0.015260 0.000131
0 0.007885 0.001539 0.015480 0.000385
0 0.008220 0.001360 0.014811 0.000155
0 0.008446 0.001306 0.014358 0.000065
0 0.016401 0.001623 0.029699 0.000082
0 0.008497 0.001172 0.014255 0.000064
0 0.008474 0.001045 0.014302 0.000077
0 0.016391 0.001939 0.029718 0.000070
0 0.001999 0.000406 0.000467 0.000031
0 0.012105 0.001350 0.020432 0.000037
0 0.012066 0.001498 0.020511 0.000023
0 0.001802 0.001005 0.000861 0.000033
0 0.012105 0.001750 0.020434 0.000036
0 0.012059 0.001715 0.020525 0.000021
0 0.012060 0.001696 0.020522 0.000018
0 0.007918 0.002018 0.015414 0.000125