0 0.001849 0.002079 0.000767 0.000023
0 0.008090 0.001455 0.015071 0.000049
0 0.008027 0.000401 0.015196 0.000111
0 0.001360 0.000390 0.001745 0.000028
0 0.008541 0.002047 0.014168 0.000043
0 0.008405 0.001949 0.014440 0.000091
0 0.008351 0.001896 0.014549 0.000096
0 0.016567 0.001825 0.029367 0.000041
0 0.016095 0.001195 0.030310 0.000059
0 0.008136 0.001641 0.014978 0.000109
0 0.008140 0.001268 0.014970 0.000075
0 0.012024 0.000121 0.020595 0.000031
0 0.008176 0.001073 0.014898 0.000057
0 0.008187 0.000871 0.014877 0.000035
0 0.008257 0.000715 0.014735 0.000043
0 0.008273 0.000617 0.014703 0.000039
0 0.008233 0.000115 0.014783 0.000048
0 0.007886 0.000803 0.015478 0.000059
0 0.007923 0.000710 0.015404 0.000041
0 0.007916 0.000539 0.015417 0.000039
0 0.011949 0.000437 0.020745 0.000035
0 0.012190 0.000059 0.020262 0.000032
0 0.012034 0.001730 0.020574 0.000028
0 0.011869 0.001040 0.020904 0.000013
0 0.011815 0.001379 0.021014 0.000013
0 0.001690 0.001559 0.001084 0.000028
0 0.001722 0.001348 0.001020 0.000019
0 0.011867 0.001292 0.020910 0.000016
0 0.011843 0.001379 0.020958 0.000015
0 0.011820 0.001363 0.021003 0.000015
0 0.011809 0.001345 0.021024 0.000013
0 0.011900 0.000876 0.020843 0.000019
0 0.011969 0.001528 0.020705 0.000029
0 0.012204 0.000069 0.020236 0.000031
0 0.012056 0.000970 0.020531 0.000015
0 0.011964 0.001213 0.020715 0.000035
0 0.012001 0.001003 0.020641 0.000043
0 0.011952 0.000923 0.020739 0.000037
0 0.012230 0.000779 0.020183 0.000016
0 0.011942 0.000669 0.020758 0.000029
0 0.011986 0.000609 0.020670 0.000033
0 0.012084 0.000708 0.020476 0.000016
0 0.008098 0.000261 0.015055 0.000104