0 0.011173 0.001083 0.022296 0.000082
0 0.011722 0.000093 0.021199 0.000088
0 0.005133 0.000718 0.007591 0.000381
0 0.006060 0.000977 0.010202 0.000453
0 0.005942 0.001194 0.010437 0.000453
0 0.005780 0.001474 0.010762 0.000426
0 0.005660 0.001694 0.011002 0.000420
0 0.011182 0.000459 0.022278 0.000074
0 0.011272 0.000467 0.022099 0.000070
0 0.011328 0.000538 0.021986 0.000070
0 0.011529 0.000439 0.021585 0.000080
0 0.011684 0.000158 0.021276 0.000078
0 0.012125 0.000044 0.020394 0.000076
0 0.011209 0.001009 0.022224 0.000094
0 0.012075 0.000047 0.020493 0.000074
0 0.011782 0.000254 0.021079 0.000086
0 0.011733 0.000344 0.021176 0.000090
0 0.011687 0.000429 0.021268 0.000088
0 0.011519 0.000715 0.021606 0.000082
0 0.011456 0.000836 0.021731 0.000088
0 0.011411 0.000908 0.021820 0.000096
0 0.011368 0.000996 0.021907 0.000092
0 0.011329 0.001069 0.021984 0.000090
0 0.011268 0.000902 0.022107 0.000084
0 0.005228 0.000544 0.007402 0.000381