0 0.012099 0.002210 0.020446 0.000041
0 0.012123 0.000038 0.020397 0.000037
0 0.003853 0.000386 0.005687 0.000282
0 0.003827 0.001126 0.005738 0.000282
0 0.004254 0.001016 0.004885 0.000286
0 0.003460 0.001945 0.006473 0.000354
0 0.012176 0.000194 0.020292 0.000047
0 0.012109 0.000058 0.020425 0.000037
0 0.012131 0.000021 0.020381 0.000033
0 0.012247 0.000275 0.020148 0.000037
0 0.012222 0.000033 0.020199 0.000043
0 0.012188 0.000210 0.020266 0.000043
0 0.012201 0.000223 0.020240 0.000039
0 0.012213 0.000238 0.020217 0.000037
0 0.012226 0.000246 0.020192 0.000037
0 0.012238 0.000260 0.020166 0.000043
0 0.003490 0.000695 0.006412 0.000360