0 0.011765 0.001232 0.021113 0.000039
0 0.010418 0.000199 0.019343 0.000119
0 0.010205 0.000201 0.019769 0.000132
0 0.011419 0.000204 0.021805 0.000089
0 0.011528 0.000709 0.021587 0.000085
0 0.011469 0.000751 0.021704 0.000106
0 0.011286 0.001035 0.022070 0.000106
0 0.011357 0.001084 0.021929 0.000121
0 0.011388 0.001058 0.021867 0.000091
0 0.011425 0.001049 0.021793 0.000115
0 0.011393 0.001184 0.021857 0.000098
0 0.011427 0.001176 0.021788 0.000084
0 0.011462 0.001175 0.021719 0.000121
0 0.011565 0.001029 0.021513 0.000119
0 0.011457 0.001036 0.021728 0.000130
0 0.011447 0.000184 0.021750 0.000093
0 0.011475 0.000190 0.021692 0.000098
0 0.011358 0.001223 0.021927 0.000098
0 0.011225 0.001466 0.022192 0.000121
0 0.010186 0.001577 0.019807 0.000182
0 0.010470 0.001623 0.019238 0.000130
0 0.010561 0.001675 0.019056 0.000279
0 0.010731 0.001737 0.018716 0.000214
0 0.010856 0.001640 0.018467 0.000108
0 0.010875 0.001765 0.018429 0.000154
0 0.010514 0.000683 0.019151 0.000167
0 0.010384 0.000193 0.019410 0.000104
0 0.011766 0.001190 0.021111 0.000037
0 0.010266 0.000174 0.019647 0.000117
0 0.010122 0.001531 0.019934 0.000188
0 0.010153 0.001557 0.019872 0.000199
0 0.010291 0.001609 0.019596 0.000180
0 0.010359 0.001623 0.019460 0.000193
0 0.010500 0.001635 0.019178 0.000158
0 0.010603 0.001695 0.018972 0.000162
0 0.010637 0.001710 0.018905 0.000171
0 0.010664 0.001730 0.018850 0.000180
0 0.010701 0.001747 0.018776 0.000182
0 0.010804 0.001774 0.018570 0.000169
0 0.010844 0.001766 0.018491 0.000149
0 0.010555 0.001072 0.019068 0.000189
0 0.010487 0.001017 0.019204 0.000184
0 0.010485 0.001199 0.019209 0.000180
0 0.010413 0.001090 0.019352 0.000241
0 0.010374 0.001022 0.019431 0.000184
0 0.010128 0.001101 0.019922 0.000130
0 0.010091 0.001129 0.019996 0.000145
0 0.010948 0.001792 0.018283 0.000134
0 0.010978 0.001809 0.018223 0.000119
0 0.011012 0.001824 0.018154 0.000123
0 0.011051 0.001828 0.018077 0.000128
0 0.011085 0.001842 0.018008 0.000123
0 0.010869 0.001223 0.018441 0.000061
0 0.010889 0.001390 0.018400 0.000061
0 0.010888 0.001494 0.018403 0.000061
0 0.010896 0.001554 0.018386 0.000067
0 0.011748 0.000113 0.021147 0.000037
0 0.011749 0.000149 0.021144 0.000035
0 0.011756 0.000185 0.021130 0.000039
0 0.011750 0.000230 0.021142 0.000033
0 0.011754 0.000275 0.021135 0.000041
0 0.011752 0.000317 0.021140 0.000035
0 0.011754 0.000362 0.021135 0.000041
0 0.011750 0.000434 0.021142 0.000039
0 0.011753 0.000524 0.021137 0.000045
0 0.011762 0.000564 0.021118 0.000039
0 0.011758 0.000603 0.021128 0.000039
0 0.011760 0.000640 0.021123 0.000035
0 0.011760 0.000680 0.021123 0.000033
0 0.011759 0.000721 0.021125 0.000039
0 0.011760 0.000772 0.021123 0.000046
0 0.011760 0.000813 0.021123 0.000037
0 0.011764 0.000860 0.021116 0.000033
0 0.011762 0.000908 0.021118 0.000037
0 0.011760 0.000944 0.021123 0.000035
0 0.011764 0.000986 0.021116 0.000033
0 0.011765 0.001028 0.021113 0.000032
0 0.011768 0.001072 0.021106 0.000037
0 0.011767 0.001148 0.021108 0.000037
0 0.011552 0.001601 0.021539 0.000171
0 0.011666 0.001607 0.021312 0.000117
0 0.011898 0.001734 0.020848 0.000117
0 0.012106 0.001375 0.020431 0.000054
0 0.010942 0.001279 0.018295 0.000072
0 0.010535 0.001237 0.019108 0.000182
0 0.010382 0.001211 0.019415 0.000193
0 0.010954 0.000434 0.018271 0.000150
0 0.010992 0.000191 0.018194 0.000178
0 0.011051 0.000203 0.018077 0.000132
0 0.010892 0.000165 0.018395 0.000115
0 0.010925 0.000164 0.018328 0.000136
0 0.011771 0.001292 0.021101 0.000067
0 0.012015 0.001318 0.020613 0.000050
0 0.012100 0.001215 0.020443 0.000054
0 0.011987 0.000726 0.020668 0.000078
0 0.012027 0.000942 0.020589 0.000104
0 0.012160 0.000931 0.020324 0.000098
0 0.012195 0.000944 0.020252 0.000095
0 0.012097 0.001152 0.020448 0.000058
0 0.011967 0.000477 0.020709 0.000085
0 0.011937 0.000396 0.020769 0.000082
0 0.012176 0.000479 0.020290 0.000104
0 0.012160 0.000718 0.020324 0.000091
0 0.012126 0.000715 0.020391 0.000093
0 0.012088 0.000721 0.020467 0.000085
0 0.010205 0.001112 0.019769 0.000193