0 0.011916 0.001771 0.020811 0.000111
0 0.004900 0.001707 0.008058 0.000244
0 0.004552 0.001048 0.008753 0.000246
0 0.004540 0.001323 0.008776 0.000239
0 0.004942 0.000476 0.007974 0.000244
0 0.004932 0.000775 0.007992 0.000246
0 0.004921 0.001091 0.008016 0.000239
0 0.004910 0.001408 0.008037 0.000241
0 0.012113 0.000071 0.020417 0.000049
0 0.012085 0.001723 0.020472 0.000094
0 0.012216 0.000181 0.020210 0.000101
0 0.012171 0.001374 0.020302 0.000096
0 0.012119 0.001568 0.020404 0.000089
0 0.012140 0.001479 0.020362 0.000098
0 0.012211 0.001256 0.020220 0.000101
0 0.012053 0.002052 0.020538 0.000098
0 0.004561 0.000773 0.008734 0.000241