0 0.011207 0.002141 0.022228 0.000132
0 0.012197 0.000701 0.020249 0.000121
0 0.004677 0.001447 0.008504 0.000651
0 0.004773 0.001752 0.008312 0.000648
0 0.004861 0.000522 0.008136 0.000659
0 0.004957 0.000821 0.007943 0.000651
0 0.005053 0.001121 0.007751 0.000655
0 0.012063 0.000278 0.020516 0.000135
0 0.012085 0.000335 0.020474 0.000121
0 0.012102 0.000399 0.020439 0.000121
0 0.012134 0.000518 0.020375 0.000139
0 0.012179 0.000628 0.020284 0.000125
0 0.012162 0.000575 0.020319 0.000117
0 0.012179 0.000418 0.020284 0.000125
0 0.012121 0.000461 0.020402 0.000125
0 0.012043 0.000226 0.020557 0.000132
0 0.012095 0.000121 0.020452 0.000121
0 0.012143 0.000304 0.020356 0.000132
0 0.012003 0.000071 0.020637 0.000128
0 0.012206 0.000463 0.020231 0.000128
0 0.012223 0.000532 0.020196 0.000117
0 0.012217 0.000746 0.020209 0.000125
0 0.012107 0.000196 0.020428 0.000114
0 0.012015 0.000125 0.020613 0.000135
0 0.004580 0.001148 0.008696 0.000659