0 0.011973 0.001834 0.020697 0.000066
0 0.004705 0.002071 0.008447 0.000317
0 0.015394 0.000804 0.027248 0.001282
0 0.005006 0.001419 0.007846 0.000335
0 0.004830 0.001346 0.008197 0.000332
0 0.004847 0.001610 0.008163 0.000324
0 0.004864 0.001877 0.008130 0.000327
0 0.005023 0.001683 0.007812 0.000332
0 0.004671 0.001540 0.008516 0.000332
0 0.004688 0.001804 0.008481 0.000324
0 0.011321 0.002092 0.022000 0.000102
0 0.011861 0.002042 0.020921 0.000059
0 0.011785 0.002133 0.021073 0.000072
0 0.011886 0.002010 0.020870 0.000061
0 0.011922 0.001968 0.020799 0.000064
0 0.012112 0.001960 0.020419 0.000059
0 0.011254 0.000746 0.022134 0.000092
0 0.011291 0.001336 0.022061 0.000097
0 0.011812 0.002103 0.021019 0.000059
0 0.011837 0.002070 0.020970 0.000069
0 0.015217 0.001025 0.027602 0.001274