0 0.011561 0.000249 0.021522 0.000053
0 0.011546 0.000247 0.021551 0.000052
0 0.004799 0.000611 0.008260 0.000163
0 0.004775 0.000749 0.008308 0.000168
0 0.004752 0.000887 0.008354 0.000169
0 0.005078 0.000394 0.007701 0.000168
0 0.005047 0.000567 0.007763 0.000164
0 0.005025 0.000704 0.007808 0.000167
0 0.004999 0.000841 0.007860 0.000167
0 0.004977 0.000979 0.007904 0.000165
0 0.015314 0.001496 0.027408 0.000321
0 0.015271 0.001257 0.027494 0.000310
0 0.003607 0.001751 0.006179 0.000380
0 0.011283 0.000082 0.022076 0.000026
0 0.011351 0.000164 0.021941 0.000046
0 0.011400 0.000028 0.021842 0.000034
0 0.011404 0.000194 0.021835 0.000049
0 0.011421 0.000195 0.021801 0.000050
0 0.011468 0.000221 0.021707 0.000050
0 0.011502 0.000233 0.021639 0.000041
0 0.011629 0.000110 0.021385 0.000027
0 0.011639 0.000139 0.021364 0.000025
0 0.011189 0.000897 0.022264 0.000031
0 0.004823 0.000474 0.008211 0.000164