0 0.011369 0.002184 0.021905 0.000073
0 0.011200 0.000648 0.022243 0.000076
0 0.015837 0.000854 0.030826 0.000096
0 0.015887 0.000753 0.030726 0.000106
0 0.015961 0.000720 0.030578 0.000110
0 0.016025 0.000646 0.030449 0.000092
0 0.016165 0.000509 0.030169 0.000078
0 0.016302 0.000419 0.029895 0.000092
0 0.016722 0.000860 0.029055 0.000108
0 0.016544 0.001159 0.029412 0.000092
0 0.016072 0.001638 0.030356 0.000198
0 0.015671 0.001990 0.031159 0.000209
0 0.015831 0.001858 0.030838 0.000104
0 0.011199 0.000402 0.022245 0.000076
0 0.011355 0.000119 0.021933 0.000076
0 0.011232 0.000668 0.022180 0.000076
0 0.011494 0.000497 0.021655 0.000081
0 0.011368 0.002094 0.021907 0.000092
0 0.011490 0.000413 0.021663 0.000083
0 0.011457 0.000041 0.021728 0.000074
0 0.011634 0.000080 0.021375 0.000057
0 0.011598 0.000334 0.021446 0.000071
0 0.011704 0.000124 0.021235 0.000088
0 0.011740 0.000089 0.021162 0.000076
0 0.011761 0.000165 0.021121 0.000083
0 0.012184 0.001324 0.020274 0.000069
0 0.012081 0.001518 0.020481 0.000078
0 0.012143 0.001975 0.020356 0.000104
0 0.011932 0.002093 0.020780 0.000065
0 0.011762 0.001708 0.021120 0.000073
0 0.011513 0.002032 0.021618 0.000071
0 0.011532 0.002107 0.021579 0.000078
0 0.015702 0.000983 0.031095 0.000092