0 0.010684 0.001468 0.018811 0.000151
0 0.010666 0.000983 0.018847 0.000151
0 0.011761 0.001052 0.021120 0.000107
0 0.011750 0.001166 0.021143 0.000092
0 0.011675 0.001043 0.021293 0.000100
0 0.011719 0.001173 0.021204 0.000097
0 0.011679 0.001302 0.021285 0.000097
0 0.011671 0.001392 0.021300 0.000088
0 0.011645 0.001324 0.021352 0.000088
0 0.011633 0.001435 0.021377 0.000090
0 0.011616 0.001534 0.021412 0.000097
0 0.011617 0.001457 0.021410 0.000110
0 0.011632 0.001015 0.021379 0.000107
0 0.011608 0.001122 0.021427 0.000092
0 0.011587 0.001182 0.021469 0.000075
0 0.011601 0.001241 0.021440 0.000092
0 0.011591 0.001297 0.021462 0.000083
0 0.011564 0.001234 0.021515 0.000083
0 0.011548 0.001300 0.021546 0.000112
0 0.011529 0.001347 0.021584 0.000119
0 0.011523 0.001450 0.021596 0.000110
0 0.011490 0.001537 0.021663 0.000124
0 0.011468 0.001579 0.021707 0.000090
0 0.010586 0.000876 0.019007 0.000161
0 0.010569 0.000926 0.019041 0.000173
0 0.010387 0.001807 0.019404 0.000178
0 0.010396 0.001728 0.019387 0.000180
0 0.010860 0.000952 0.018458 0.000156
0 0.010838 0.001004 0.018502 0.000163
0 0.010753 0.001314 0.018673 0.000117
0 0.010629 0.001593 0.018920 0.000158
0 0.011786 0.001128 0.021070 0.000085
0 0.011731 0.000738 0.021181 0.000083
0 0.011704 0.000791 0.021235 0.000088
0 0.012002 0.001227 0.020638 0.000102
0 0.010672 0.000795 0.018834 0.000153
0 0.010618 0.000860 0.018943 0.000119
0 0.011550 0.001871 0.021542 0.000110
0 0.011600 0.001644 0.021442 0.000095
0 0.011616 0.001599 0.021412 0.000097
0 0.011670 0.001691 0.021302 0.000090
0 0.011868 0.001611 0.020907 0.000102
0 0.012215 0.001521 0.020212 0.000112
0 0.011853 0.001568 0.020938 0.000107
0 0.011854 0.001355 0.020936 0.000105
0 0.011924 0.001138 0.020796 0.000110
0 0.011971 0.001077 0.020702 0.000085
0 0.011942 0.001010 0.020759 0.000088
0 0.011984 0.001187 0.020675 0.000100
0 0.011842 0.000927 0.020959 0.000107
0 0.012021 0.001084 0.020602 0.000105
0 0.012037 0.001117 0.020569 0.000102
0 0.012053 0.001151 0.020536 0.000107
0 0.012139 0.001346 0.020366 0.000112
0 0.012115 0.001297 0.020414 0.000112
0 0.012136 0.001078 0.020371 0.000088
0 0.012085 0.000958 0.020473 0.000105
0 0.012221 0.000504 0.020201 0.000093
0 0.011691 0.001201 0.021260 0.000090
0 0.011808 0.000607 0.021028 0.000100
0 0.011837 0.000523 0.020968 0.000088
0 0.011899 0.000711 0.020845 0.000122
0 0.011841 0.000686 0.020961 0.000078
0 0.010647 0.001541 0.018884 0.000156