0 0.011425 0.002134 0.021792 0.000083
0 0.011575 0.000503 0.021493 0.000130
0 0.011452 0.001284 0.021738 0.000149
0 0.011436 0.001646 0.021770 0.000083
0 0.011538 0.001591 0.021567 0.000086
0 0.011507 0.001241 0.021629 0.000196
0 0.011556 0.000483 0.021531 0.000123
0 0.011528 0.000482 0.021587 0.000113
0 0.011597 0.000497 0.021449 0.000130
0 0.011906 0.000634 0.020830 0.000113
0 0.011620 0.000508 0.021403 0.000113
0 0.011715 0.000533 0.021213 0.000123
0 0.011740 0.000550 0.021163 0.000103
0 0.011760 0.000570 0.021123 0.000130
0 0.011833 0.000603 0.020978 0.000110
0 0.011851 0.000610 0.020942 0.000123
0 0.011403 0.001254 0.021836 0.000156
0 0.011375 0.001249 0.021892 0.000159
0 0.011433 0.000628 0.021776 0.000140
0 0.011413 0.000628 0.021816 0.000140
0 0.011305 0.000598 0.022032 0.000153
0 0.011324 0.000616 0.021994 0.000149
0 0.011343 0.000615 0.021956 0.000126
0 0.011372 0.000619 0.021898 0.000130
0 0.011340 0.001020 0.021962 0.000166
0 0.010914 0.000820 0.018350 0.000086
0 0.010820 0.000784 0.018538 0.000093
0 0.010599 0.000701 0.018981 0.000093
0 0.010719 0.000747 0.018740 0.000086
0 0.010706 0.001762 0.018766 0.000090
0 0.011097 0.000857 0.017985 0.000173
0 0.010572 0.000917 0.019035 0.000239
0 0.010952 0.001013 0.018274 0.000166
0 0.011870 0.000616 0.020902 0.000123
0 0.011890 0.000626 0.020862 0.000116
0 0.001349 0.000624 0.001767 0.000153
0 0.011874 0.001173 0.020894 0.000126
0 0.012161 0.001754 0.020321 0.000073
0 0.012183 0.001855 0.020277 0.000070
0 0.012078 0.001824 0.020487 0.000060
0 0.011967 0.001415 0.020708 0.000120
0 0.012024 0.001437 0.020594 0.000143
0 0.011889 0.001192 0.020864 0.000133
0 0.011850 0.000958 0.020944 0.000056
0 0.011864 0.000324 0.020914 0.000063
0 0.011652 0.000525 0.021339 0.000126
0 0.011674 0.001192 0.021295 0.000219
0 0.011536 0.001212 0.021571 0.000226
0 0.011584 0.000696 0.021475 0.000183
0 0.011485 0.001217 0.021673 0.000156
0 0.001499 0.000686 0.001465 0.000176
0 0.012037 0.000414 0.020568 0.000123
0 0.012213 0.000191 0.020217 0.000123
0 0.012155 0.000704 0.020333 0.000113
0 0.012157 0.000438 0.020329 0.000113
0 0.012120 0.000681 0.020403 0.000133
0 0.012077 0.000678 0.020489 0.000126
0 0.012131 0.000433 0.020381 0.000103
0 0.012087 0.000407 0.020469 0.000103
0 0.012008 0.000656 0.020626 0.000123
0 0.012059 0.000678 0.020525 0.000126
0 0.012067 0.000407 0.020509 0.000103
0 0.012014 0.000397 0.020614 0.000116
0 0.011947 0.000633 0.020748 0.000136
0 0.011975 0.000639 0.020692 0.000110
0 0.011962 0.000375 0.020718 0.000126
0 0.011942 0.000367 0.020758 0.000136
0 0.011871 0.000402 0.020900 0.000066
0 0.010939 0.001111 0.018300 0.000183