0 0.011964 0.001012 0.020715 0.000160
0 0.012006 0.001885 0.020630 0.000134
0 0.011480 0.001896 0.021684 0.000144
0 0.011499 0.001826 0.021645 0.000144
0 0.010416 0.001457 0.019347 0.000434
0 0.010361 0.001302 0.019457 0.000451
0 0.010798 0.001587 0.018582 0.000241
0 0.010781 0.001530 0.018617 0.000247
0 0.010770 0.001455 0.018638 0.000257
0 0.010735 0.001385 0.018709 0.000190
0 0.010713 0.001323 0.018752 0.000247
0 0.010685 0.001241 0.018808 0.000251
0 0.010610 0.000832 0.018959 0.000301
0 0.010582 0.000787 0.019015 0.000304
0 0.010535 0.000703 0.019109 0.000297
0 0.010490 0.000682 0.019198 0.000301
0 0.010475 0.000570 0.019229 0.000190
0 0.010447 0.000633 0.019285 0.000297
0 0.010428 0.000606 0.019322 0.000297
0 0.011736 0.000398 0.021172 0.000120
0 0.011754 0.000389 0.021135 0.000124
0 0.011842 0.000336 0.020959 0.000157
0 0.010996 0.001156 0.018186 0.000187
0 0.012148 0.001190 0.020346 0.000134
0 0.012077 0.001121 0.020489 0.000164
0 0.010901 0.001064 0.018377 0.000157
0 0.010866 0.001051 0.018447 0.000164
0 0.010885 0.001056 0.018408 0.000160
0 0.010919 0.001108 0.018340 0.000150
0 0.010939 0.001109 0.018300 0.000187
0 0.010851 0.001763 0.018478 0.000190
0 0.011828 0.000904 0.020986 0.000130
0 0.010875 0.001751 0.018429 0.000267
0 0.010514 0.000703 0.019150 0.000231
0 0.011941 0.001002 0.020760 0.000160
0 0.011862 0.001898 0.020918 0.000154
0 0.011854 0.001833 0.020936 0.000137
0 0.011817 0.001719 0.021009 0.000124
0 0.011871 0.000937 0.020901 0.000144
0 0.010400 0.000591 0.019378 0.000301