0 0.001858 0.001496 0.000749 0.000087
0 0.008309 0.001606 0.014631 0.000437
0 0.007895 0.000657 0.015461 0.000246
0 0.007940 0.001132 0.015371 0.000193
0 0.007973 0.001332 0.015304 0.000385
0 0.008053 0.001360 0.015143 0.000233
0 0.008068 0.001571 0.015113 0.000463
0 0.008142 0.001514 0.014966 0.000206
0 0.008179 0.001653 0.014891 0.000480
0 0.008455 0.001626 0.014339 0.000356
0 0.001457 0.001460 0.001551 0.000085
0 0.008532 0.001598 0.014185 0.000391
0 0.008592 0.001588 0.014065 0.000530
0 0.008683 0.001490 0.013885 0.000661
0 0.008783 0.001631 0.013685 0.000320
0 0.008841 0.001466 0.013569 0.000513
0 0.001248 0.000549 0.001968 0.000076
0 0.001273 0.001066 0.001918 0.000072
0 0.007848 0.000412 0.015555 0.000257