0 0.011460 0.000756 0.021723 0.000083
0 0.010804 0.001443 0.018570 0.000121
0 0.010911 0.001322 0.018357 0.000113
0 0.010872 0.001300 0.018434 0.000124
0 0.010821 0.001295 0.018537 0.000130
0 0.010652 0.000947 0.018874 0.000147
0 0.010743 0.000720 0.018692 0.000111
0 0.010698 0.000474 0.018783 0.000150
0 0.010631 0.000359 0.018917 0.000147
0 0.010738 0.001038 0.018702 0.000150
0 0.010707 0.001020 0.018764 0.000135
0 0.010772 0.001188 0.018635 0.000158
0 0.010731 0.001538 0.018716 0.000108
0 0.010737 0.001457 0.018704 0.000134
0 0.010700 0.001385 0.018778 0.000132
0 0.010701 0.001331 0.018776 0.000121
0 0.010480 0.001046 0.019218 0.000161
0 0.010567 0.000609 0.019044 0.000156
0 0.010716 0.000523 0.018747 0.000137
0 0.010604 0.000332 0.018970 0.000145
0 0.010715 0.001423 0.018750 0.000134
0 0.010628 0.001187 0.018922 0.000135
0 0.010693 0.000776 0.018793 0.000163
0 0.010663 0.000812 0.018852 0.000165
0 0.010625 0.000867 0.018929 0.000165
0 0.010506 0.000991 0.019166 0.000148
0 0.010863 0.001126 0.018453 0.000167
0 0.010778 0.001637 0.018623 0.000080
0 0.010648 0.000399 0.018883 0.000152
0 0.010649 0.001367 0.018881 0.000122
0 0.011698 0.001403 0.021247 0.000085
0 0.011624 0.001238 0.021396 0.000045
0 0.011582 0.001302 0.021479 0.000054
0 0.011731 0.001475 0.021180 0.000074
0 0.011955 0.002152 0.020733 0.000078
0 0.012061 0.001995 0.020520 0.000071
0 0.012243 0.001494 0.020156 0.000108
0 0.012230 0.001258 0.020183 0.000085
0 0.012183 0.000602 0.020276 0.000080
0 0.012130 0.000209 0.020384 0.000083
0 0.011675 0.000446 0.021293 0.000072
0 0.011651 0.001151 0.021341 0.000083
0 0.011443 0.000588 0.021757 0.000063
0 0.011427 0.000561 0.021788 0.000058
0 0.011381 0.000651 0.021881 0.000074
0 0.011254 0.000547 0.022135 0.000089
0 0.010682 0.000975 0.018814 0.000150
0 0.010944 0.001057 0.018290 0.000150
0 0.010895 0.001042 0.018388 0.000154
0 0.010831 0.001119 0.018517 0.000160
0 0.010768 0.000817 0.018642 0.000128
0 0.010662 0.000443 0.018855 0.000156
0 0.010533 0.000974 0.019113 0.000189