0 0.011453 0.001355 0.021738 0.000065
0 0.011506 0.001603 0.021630 0.000054
0 0.011282 0.002092 0.022080 0.000051
0 0.011303 0.002045 0.022037 0.000057
0 0.011246 0.000870 0.022151 0.000051
0 0.008682 0.001822 0.013886 0.000161
0 0.008439 0.001523 0.014372 0.000134
0 0.008343 0.001214 0.014564 0.000267
0 0.008300 0.000945 0.014651 0.000204
0 0.008227 0.000774 0.014796 0.000256
0 0.008151 0.000576 0.014948 0.000321
0 0.008062 0.000468 0.015125 0.000174
0 0.007945 0.000261 0.015361 0.000262
0 0.015819 0.001178 0.030862 0.000120