0 0.001833 0.001728 0.000799 0.000040
0 0.001628 0.001830 0.001207 0.000035
0 0.008724 0.000398 0.013802 0.000105
0 0.008599 0.001160 0.014052 0.000097
0 0.008448 0.001514 0.014354 0.000065
0 0.008540 0.001721 0.014169 0.000042
0 0.008330 0.002049 0.014590 0.000077
0 0.008146 0.001866 0.014958 0.000108
0 0.008026 0.001641 0.015198 0.000048
0 0.008144 0.001488 0.014962 0.000051
0 0.008146 0.001269 0.014958 0.000043
0 0.008188 0.001098 0.014873 0.000045
0 0.008248 0.000932 0.014754 0.000065
0 0.008231 0.000692 0.014787 0.000049
0 0.002000 0.000380 0.000464 0.000045
0 0.001654 0.000924 0.001156 0.000018
0 0.001620 0.000896 0.001224 0.000019
0 0.001590 0.001108 0.001283 0.000032
0 0.001470 0.001671 0.001524 0.000021
0 0.008129 0.000124 0.014993 0.000064