0 0.012257 0.001112 0.020129 0.000057
0 0.001610 0.001474 0.001243 0.000087
0 0.001571 0.001543 0.001322 0.000090
0 0.001557 0.001566 0.001350 0.000081
0 0.001544 0.001602 0.001376 0.000080
0 0.001488 0.001512 0.001487 0.000096
0 0.001549 0.001380 0.001365 0.000095
0 0.001580 0.001340 0.001304 0.000098
0 0.001606 0.001318 0.001252 0.000081
0 0.001608 0.001297 0.001248 0.000090
0 0.001635 0.001268 0.001195 0.000092
0 0.001688 0.001638 0.001089 0.000087
0 0.001673 0.001657 0.001118 0.000081
0 0.001650 0.001687 0.001165 0.000069
0 0.001646 0.001711 0.001172 0.000086
0 0.001618 0.001766 0.001229 0.000074
0 0.001591 0.001792 0.001282 0.000069
0 0.001577 0.001811 0.001310 0.000098
0 0.001630 0.001886 0.001205 0.000077
0 0.001680 0.001786 0.001105 0.000095
0 0.001719 0.001740 0.001026 0.000078
0 0.001728 0.001726 0.001008 0.000095
0 0.001747 0.001688 0.000970 0.000089
0 0.001680 0.002003 0.001105 0.000089
0 0.001691 0.002027 0.001083 0.000083
0 0.001863 0.001549 0.000738 0.000048
0 0.001856 0.001444 0.000753 0.000063
0 0.001860 0.001374 0.000744 0.000062
0 0.001829 0.001136 0.000806 0.000089
0 0.001830 0.001057 0.000805 0.000066
0 0.001772 0.001101 0.000921 0.000044
0 0.001583 0.001518 0.001298 0.000093
0 0.001623 0.001451 0.001218 0.000092
0 0.012242 0.001124 0.020158 0.000063
0 0.001651 0.001409 0.001162 0.000095
0 0.008020 0.001091 0.015211 0.000844
0 0.008161 0.001446 0.014927 0.000546
0 0.008290 0.001743 0.014670 0.000318
0 0.008374 0.002019 0.014501 0.000207
0 0.008436 0.000746 0.014378 0.000790
0 0.008614 0.000624 0.014023 0.000685
0 0.008782 0.000552 0.013686 0.000659
0 0.007856 0.000103 0.015538 0.000071
0 0.001379 0.000748 0.001705 0.000057
0 0.001363 0.000881 0.001738 0.000081
0 0.001267 0.000992 0.001931 0.000066
0 0.001250 0.001030 0.001964 0.000087
0 0.001242 0.001073 0.001980 0.000081
0 0.001245 0.001118 0.001975 0.000066
0 0.001214 0.001219 0.002036 0.000072
0 0.001320 0.001058 0.001824 0.000072
0 0.001325 0.001017 0.001813 0.000071
0 0.001377 0.001247 0.001710 0.000081
0 0.001428 0.001343 0.001608 0.000084
0 0.001429 0.001102 0.001607 0.000087
0 0.001437 0.001062 0.001589 0.000101
0 0.001501 0.001127 0.001462 0.000093
0 0.001534 0.001048 0.001396 0.000096
0 0.001494 0.000924 0.001476 0.000083
0 0.001497 0.000871 0.001470 0.000120
0 0.001535 0.000799 0.001393 0.000095
0 0.001591 0.000895 0.001283 0.000107
0 0.001585 0.000733 0.001295 0.000156
0 0.001659 0.001377 0.001146 0.000090
0 0.001769 0.001041 0.000925 0.000074
0 0.001823 0.000964 0.000819 0.000065
0 0.001819 0.000866 0.000826 0.000069
0 0.001753 0.000948 0.000958 0.000068
0 0.001954 0.000741 0.000556 0.000074
0 0.001959 0.000705 0.000547 0.000047
0 0.001947 0.000663 0.000571 0.000059
0 0.001947 0.000607 0.000570 0.000065
0 0.001938 0.000558 0.000589 0.000060
0 0.001930 0.000506 0.000604 0.000087
0 0.001926 0.000459 0.000612 0.000068
0 0.001909 0.000387 0.000646 0.000099
0 0.001920 0.000284 0.000624 0.000080
0 0.011279 0.001646 0.022084 0.000062
0 0.011307 0.001526 0.022028 0.000053
0 0.011296 0.001859 0.022050 0.000062
0 0.011316 0.001953 0.022011 0.000051
0 0.001247 0.002175 0.001969 0.000111
0 0.011365 0.001888 0.021912 0.000063
0 0.011410 0.001948 0.021823 0.000066
0 0.011461 0.002023 0.021721 0.000072
0 0.011526 0.001798 0.021591 0.000071
0 0.011540 0.001822 0.021563 0.000065
0 0.011564 0.001882 0.021514 0.000068
0 0.011577 0.001918 0.021490 0.000060
0 0.011584 0.001957 0.021476 0.000053
0 0.012016 0.001245 0.020610 0.000047
0 0.012020 0.001205 0.020602 0.000053
0 0.012057 0.001131 0.020528 0.000065
0 0.012070 0.001119 0.020503 0.000062
0 0.012099 0.001115 0.020445 0.000063
0 0.012119 0.001111 0.020405 0.000057
0 0.012195 0.001063 0.020252 0.000060
0 0.001960 0.000791 0.000544 0.000075
0 0.002029 0.000895 0.000406 0.000084
0 0.002022 0.000807 0.000420 0.000056
0 0.002152 0.000405 0.000161 0.000078
0 0.001752 0.000889 0.000961 0.000056
0 0.001748 0.000830 0.000968 0.000057
0 0.001755 0.000777 0.000954 0.000050
0 0.001812 0.000697 0.000840 0.000059
0 0.001751 0.000724 0.000963 0.000065
0 0.001742 0.000666 0.000981 0.000050
0 0.001801 0.000533 0.000862 0.000057
0 0.001732 0.000562 0.001001 0.000071
0 0.001739 0.000507 0.000986 0.000066
0 0.001724 0.000447 0.001017 0.000072
0 0.001794 0.000418 0.000876 0.000059
0 0.001186 0.002099 0.002093 0.000078
0 0.001870 0.002187 0.000724 0.000051
0 0.002175 0.000611 0.000114 0.000036
0 0.002017 0.000709 0.000429 0.000060
0 0.002117 0.000605 0.000231 0.000066
0 0.002115 0.000553 0.000235 0.000059
0 0.002101 0.000502 0.000263 0.000071
0 0.002105 0.000446 0.000255 0.000060
0 0.002094 0.000400 0.000276 0.000059
0 0.002081 0.000332 0.000301 0.000075
0 0.002087 0.000234 0.000291 0.000102
0 0.001975 0.000348 0.000515 0.000056
0 0.001987 0.000417 0.000490 0.000069
0 0.001990 0.000471 0.000484 0.000060
0 0.001996 0.000521 0.000472 0.000057
0 0.002001 0.000567 0.000462 0.000053
0 0.002005 0.000625 0.000455 0.000077
0 0.007893 0.000991 0.015464 0.000812