0 0.007954 0.002095 0.015342 0.000040
0 0.008043 0.001728 0.015164 0.000030
0 0.008013 0.001428 0.015224 0.000043
0 0.008073 0.001356 0.015104 0.000075
0 0.008021 0.001115 0.015207 0.000019
0 0.008014 0.001034 0.015221 0.000051
0 0.008051 0.000914 0.015147 0.000031
0 0.008067 0.000778 0.015116 0.000047
0 0.015812 0.000461 0.030875 0.000042
0 0.008150 0.000595 0.014950 0.000031
0 0.008192 0.000475 0.014867 0.000057
0 0.008306 0.000380 0.014638 0.000073
0 0.008309 0.000275 0.014632 0.000107
0 0.008300 0.000167 0.014649 0.000073