0 0.002106 0.000900 0.000253 0.000069
0 0.002090 0.000339 0.000284 0.000074
0 0.006111 0.000331 0.010100 0.000277
0 0.006111 0.000598 0.010100 0.000277
0 0.003850 0.001786 0.005693 0.000507
0 0.012021 0.000287 0.020600 0.000074
0 0.012024 0.000590 0.020595 0.000077
0 0.012154 0.000769 0.020334 0.000069
0 0.012150 0.000963 0.020342 0.000062
0 0.012028 0.000895 0.020587 0.000079
0 0.012154 0.001272 0.020334 0.000067
0 0.012048 0.001568 0.020546 0.000101
0 0.012165 0.001392 0.020314 0.000069
0 0.012165 0.001505 0.020314 0.000064
0 0.012148 0.000713 0.020347 0.000082
0 0.012045 0.001762 0.020554 0.000089
0 0.012036 0.001905 0.020572 0.000072
0 0.012037 0.001964 0.020569 0.000072
0 0.002101 0.000036 0.000263 0.000067
0 0.002090 0.000101 0.000284 0.000069
0 0.002093 0.000227 0.000279 0.000089
0 0.004611 0.000596 0.008634 0.000227