0 0.011766 0.000937 0.021110 0.000107
0 0.010722 0.000856 0.018734 0.000193
0 0.010429 0.001476 0.019320 0.000120
0 0.010375 0.001399 0.019429 0.000120
0 0.010440 0.001156 0.019298 0.000153
0 0.010524 0.001131 0.019130 0.000145
0 0.010568 0.001166 0.019042 0.000137
0 0.010595 0.001474 0.018988 0.000162
0 0.010675 0.001496 0.018830 0.000145
0 0.010741 0.001169 0.018697 0.000105
0 0.010916 0.001535 0.018346 0.000044
0 0.010353 0.001111 0.019473 0.000124
0 0.011008 0.001514 0.018163 0.000063
0 0.011017 0.001236 0.018145 0.000179
0 0.011038 0.001250 0.018102 0.000179
0 0.011085 0.001297 0.018008 0.000160
0 0.011063 0.001272 0.018053 0.000174
0 0.010853 0.001419 0.018473 0.000065
0 0.010867 0.001213 0.018445 0.000149
0 0.010898 0.001204 0.018382 0.000160
0 0.010423 0.001239 0.019333 0.000116
0 0.010333 0.001219 0.019513 0.000061
0 0.010857 0.000859 0.018466 0.000090
0 0.011011 0.001665 0.018156 0.000166
0 0.010397 0.001121 0.019384 0.000143
0 0.010484 0.001107 0.019210 0.000141
0 0.010626 0.001187 0.018927 0.000145
0 0.010525 0.001469 0.019128 0.000130
0 0.010575 0.001459 0.019029 0.000124
0 0.010629 0.001503 0.018921 0.000134
0 0.010793 0.001500 0.018592 0.000166
0 0.010877 0.001490 0.018425 0.000038
0 0.011059 0.001676 0.018061 0.000174
0 0.010361 0.001300 0.019457 0.000052
0 0.011081 0.001688 0.018016 0.000172
0 0.010660 0.000479 0.018859 0.000080
0 0.010734 0.000185 0.018710 0.000065
0 0.010685 0.000832 0.018809 0.000202
0 0.010780 0.000849 0.018619 0.000210
0 0.011095 0.000208 0.017988 0.000072
0 0.011014 0.000460 0.018150 0.000080
0 0.010293 0.001280 0.019593 0.000053
0 0.010951 0.001230 0.018277 0.000162
0 0.010864 0.000418 0.018451 0.000103
0 0.012191 0.000289 0.020261 0.000052
0 0.011978 0.000585 0.020687 0.000071
0 0.011982 0.001560 0.020679 0.000059
0 0.010922 0.001660 0.018335 0.000057
0 0.012102 0.001444 0.020438 0.000072
0 0.002179 0.001380 0.000106 0.000101
0 0.011028 0.001712 0.018122 0.000124
0 0.012246 0.001749 0.020151 0.000086
0 0.012155 0.000756 0.020332 0.000059
0 0.012118 0.000575 0.020407 0.000036
0 0.011954 0.000598 0.020735 0.000097
0 0.010451 0.001109 0.019277 0.000155
0 0.011977 0.000673 0.020688 0.000053
0 0.011990 0.000724 0.020662 0.000052
0 0.012015 0.000690 0.020614 0.000040
0 0.012018 0.000658 0.020606 0.000034
0 0.011964 0.000508 0.020715 0.000055
0 0.011976 0.000640 0.020690 0.000055
0 0.012013 0.000191 0.020617 0.000038
0 0.012058 0.000197 0.020526 0.000038
0 0.011975 0.001334 0.020692 0.000053
0 0.010405 0.001578 0.019369 0.000103
0 0.010860 0.000772 0.018458 0.000067
0 0.010687 0.000331 0.018805 0.000090
0 0.011108 0.001688 0.017964 0.000160
0 0.010822 0.001521 0.018535 0.000166
0 0.010883 0.001615 0.018413 0.000063
0 0.011824 0.000448 0.020994 0.000053
0 0.011743 0.000365 0.021157 0.000048
0 0.011780 0.000374 0.021082 0.000038
0 0.011890 0.000103 0.020862 0.000050
0 0.011850 0.000229 0.020942 0.000050
0 0.001778 0.000384 0.000909 0.000082
0 0.011478 0.001559 0.021687 0.000069
0 0.010743 0.000137 0.018693 0.000065
0 0.010694 0.001396 0.018790 0.000067
0 0.010687 0.001181 0.018805 0.000206
0 0.011391 0.001231 0.021860 0.000042
0 0.011410 0.001168 0.021823 0.000050
0 0.011395 0.001197 0.021853 0.000044
0 0.011442 0.001409 0.021760 0.000074
0 0.011496 0.001631 0.021651 0.000057
0 0.010295 0.001336 0.019589 0.000059