0 0.012210 0.002066 0.020224 0.000052
0 0.011738 0.001380 0.021167 0.000052
0 0.011588 0.001181 0.021466 0.000046
0 0.011660 0.001218 0.021322 0.000049
0 0.011682 0.001228 0.021279 0.000047
0 0.011702 0.001358 0.021240 0.000046
0 0.011722 0.001371 0.021199 0.000042
0 0.011773 0.001398 0.021097 0.000050
0 0.011864 0.001443 0.020915 0.000046
0 0.011922 0.001468 0.020798 0.000049
0 0.012027 0.001396 0.020588 0.000045
0 0.012009 0.001386 0.020624 0.000045
0 0.012083 0.001425 0.020476 0.000042
0 0.011943 0.001359 0.020757 0.000045
0 0.011927 0.001351 0.020789 0.000043
0 0.011906 0.001340 0.020831 0.000046
0 0.011891 0.001329 0.020861 0.000045
0 0.012157 0.001461 0.020328 0.000049
0 0.012120 0.001441 0.020403 0.000046
0 0.012197 0.001478 0.020248 0.000043
0 0.012173 0.001588 0.020298 0.000047
0 0.012248 0.001778 0.020147 0.000050
0 0.012240 0.001810 0.020162 0.000050
0 0.011623 0.001201 0.021396 0.000045
0 0.011530 0.001155 0.021582 0.000053
0 0.011513 0.001143 0.021617 0.000043
0 0.005427 0.001017 0.007004 0.000170
0 0.005597 0.000623 0.011126 0.000209
0 0.004840 0.000242 0.008177 0.000171
0 0.004822 0.000393 0.008213 0.000167
0 0.004804 0.000552 0.008250 0.000171
0 0.004785 0.000714 0.008287 0.000169
0 0.004663 0.000921 0.008531 0.000170
0 0.004895 0.001047 0.008068 0.000171
0 0.005237 0.001024 0.007383 0.000170
0 0.005215 0.001205 0.007427 0.000169
0 0.005411 0.001156 0.007035 0.000169
0 0.011340 0.001189 0.021964 0.000050
0 0.005394 0.001298 0.007069 0.000169
0 0.016566 0.000647 0.029367 0.000304
0 0.005085 0.001585 0.007688 0.000169
0 0.005068 0.001736 0.007721 0.000170
0 0.005052 0.001877 0.007754 0.000170
0 0.011274 0.001027 0.022095 0.000050
0 0.011246 0.001138 0.022151 0.000050
0 0.011265 0.001152 0.022113 0.000043
0 0.011321 0.001175 0.022001 0.000053
0 0.012236 0.001848 0.020170 0.000047
0 0.011833 0.000938 0.020978 0.000040
0 0.011680 0.001856 0.021284 0.000059
0 0.011817 0.001042 0.021008 0.000042
0 0.012150 0.001582 0.020343 0.000049
0 0.012040 0.001411 0.020562 0.000043
0 0.011988 0.001380 0.020667 0.000046
0 0.011905 0.001465 0.020834 0.000049
0 0.011832 0.001427 0.020979 0.000047
0 0.011813 0.001415 0.021016 0.000052
0 0.011697 0.001240 0.021248 0.000050
0 0.011644 0.001209 0.021355 0.000046
0 0.011605 0.001191 0.021433 0.000047
0 0.011564 0.001174 0.021515 0.000052
0 0.011551 0.001163 0.021541 0.000039
0 0.011566 0.001303 0.021511 0.000039
0 0.011445 0.001111 0.021754 0.000043
0 0.011381 0.001347 0.021880 0.000059
0 0.011373 0.001423 0.021898 0.000056
0 0.011362 0.001501 0.021918 0.000053
0 0.011358 0.001535 0.021927 0.000047
0 0.011353 0.001579 0.021938 0.000049
0 0.011315 0.001879 0.022013 0.000063
0 0.011301 0.001988 0.022040 0.000060
0 0.011294 0.002064 0.022055 0.000060
0 0.012138 0.001455 0.020366 0.000046
0 0.012101 0.001432 0.020442 0.000047
0 0.012179 0.001471 0.020285 0.000047
0 0.011307 0.001953 0.022028 0.000050
0 0.011796 0.001002 0.021052 0.000042
0 0.011592 0.000088 0.021459 0.000053
0 0.011608 0.000096 0.021426 0.000047
0 0.011368 0.001457 0.021907 0.000053
0 0.011342 0.001667 0.021959 0.000052
0 0.011377 0.001391 0.021888 0.000050
0 0.011314 0.001919 0.022016 0.000053
0 0.011291 0.002103 0.022061 0.000052
0 0.011285 0.002141 0.022072 0.000052
0 0.011299 0.002027 0.022044 0.000057
0 0.011827 0.000973 0.020989 0.000043
0 0.012216 0.002029 0.020210 0.000050
0 0.012207 0.002105 0.020229 0.000057
0 0.012201 0.002142 0.020240 0.000053
0 0.012196 0.002181 0.020251 0.000052
0 0.011626 0.000111 0.021390 0.000052
0 0.011802 0.000931 0.021038 0.000043
0 0.011805 0.000897 0.021033 0.000049
0 0.011791 0.001065 0.021061 0.000040
0 0.011820 0.001012 0.021004 0.000039
0 0.005618 0.000452 0.011085 0.000210