0 0.011442 0.001682 0.021758 0.000080
0 0.006244 0.001832 0.009834 0.000189
0 0.004819 0.000532 0.008220 0.000143
0 0.004824 0.000747 0.008209 0.000139
0 0.004827 0.000964 0.008203 0.000140
0 0.004832 0.001179 0.008193 0.000140
0 0.004834 0.001394 0.008190 0.000139
0 0.006239 0.001631 0.009842 0.000188
0 0.006249 0.002036 0.009824 0.000189
0 0.011449 0.001912 0.021745 0.000065
0 0.011420 0.000606 0.021804 0.000066
0 0.011424 0.000950 0.021796 0.000065
0 0.011422 0.001027 0.021798 0.000055
0 0.010309 0.001259 0.019561 0.000065
0 0.010317 0.001398 0.019545 0.000069
0 0.011411 0.000289 0.021820 0.000066
0 0.004813 0.000316 0.008230 0.000142