0 0.011487 0.001041 0.021668 0.000079
0 0.010381 0.001355 0.019418 0.000123
0 0.010772 0.000936 0.018634 0.000104
0 0.010782 0.000883 0.018615 0.000087
0 0.010736 0.001529 0.018706 0.000120
0 0.010718 0.001779 0.018743 0.000117
0 0.010712 0.001709 0.018755 0.000114
0 0.010467 0.001688 0.019245 0.000128
0 0.010589 0.001492 0.019000 0.000160
0 0.010485 0.001427 0.019208 0.000130
0 0.010463 0.001864 0.019252 0.000032
0 0.010403 0.001606 0.019373 0.000076
0 0.010390 0.001232 0.019399 0.000126
0 0.011462 0.001041 0.021720 0.000073
0 0.010443 0.002057 0.019292 0.000094
0 0.010381 0.002064 0.019418 0.000099
0 0.010192 0.002038 0.019795 0.000114
0 0.010161 0.001527 0.019856 0.000125
0 0.010187 0.000952 0.019805 0.000120
0 0.010199 0.000906 0.019781 0.000123
0 0.010194 0.000765 0.019791 0.000122
0 0.010204 0.000652 0.019770 0.000134
0 0.010202 0.000568 0.019774 0.000122
0 0.010220 0.000395 0.019739 0.000125
0 0.010757 0.001325 0.018664 0.000102
0 0.010747 0.001378 0.018685 0.000105
0 0.010690 0.001335 0.018799 0.000136
0 0.010807 0.000498 0.018564 0.000076
0 0.012220 0.000038 0.020204 0.000070
0 0.011803 0.000535 0.021036 0.000070
0 0.011490 0.000534 0.021664 0.000032
0 0.011488 0.000709 0.021666 0.000029
0 0.011493 0.000676 0.021657 0.000029
0 0.011498 0.000607 0.021647 0.000032
0 0.011490 0.000573 0.021664 0.000037
0 0.010337 0.001622 0.019504 0.000081
0 0.010399 0.001536 0.019380 0.000104
0 0.010179 0.001418 0.019821 0.000123
0 0.010166 0.001461 0.019847 0.000122
0 0.010393 0.001858 0.019392 0.000038
0 0.010350 0.001669 0.019478 0.000075
0 0.010483 0.001364 0.019212 0.000125
0 0.010676 0.001809 0.018827 0.000093
0 0.010725 0.001654 0.018729 0.000123
0 0.010762 0.001198 0.018655 0.000105
0 0.010792 0.000694 0.018594 0.000084
0 0.010806 0.000648 0.018566 0.000078
0 0.010814 0.000607 0.018550 0.000081
0 0.010803 0.000543 0.018573 0.000081
0 0.010222 0.000327 0.019735 0.000126