0 0.012070 0.000547 0.020503 0.000049
0 0.012027 0.000390 0.020588 0.000049
0 0.000558 0.000298 0.001115 0.000144
0 0.000717 0.000790 0.001434 0.000121
0 0.001061 0.001754 0.002121 0.000141
0 0.000970 0.001819 0.001939 0.000144
0 0.000876 0.001894 0.001751 0.000149
0 0.000773 0.001951 0.001545 0.000159
0 0.000598 0.001646 0.001196 0.000137
0 0.000700 0.001575 0.001400 0.000146
0 0.000595 0.001516 0.001190 0.000137
0 0.000891 0.001317 0.001782 0.000134
0 0.000887 0.001436 0.001774 0.000131
0 0.000793 0.001384 0.001586 0.000137
0 0.000699 0.001453 0.001398 0.000146
0 0.011758 0.000174 0.021128 0.000076
0 0.011994 0.000246 0.020655 0.000052
0 0.012002 0.000288 0.020639 0.000052
0 0.012011 0.000323 0.020621 0.000050
0 0.012021 0.000356 0.020600 0.000049
0 0.012241 0.000983 0.020160 0.000073
0 0.011773 0.000899 0.021097 0.000057
0 0.010354 0.000814 0.019471 0.000105
0 0.000391 0.000167 0.000782 0.000159