0 0.001448 0.000371 0.001568 0.000057
0 0.002055 0.001286 0.000353 0.000056
0 0.001889 0.001167 0.000687 0.000049
0 0.001876 0.001149 0.000713 0.000038
0 0.001861 0.001131 0.000741 0.000048
0 0.001814 0.001072 0.000837 0.000067
0 0.001840 0.001037 0.000784 0.000024
0 0.001851 0.001011 0.000762 0.000056
0 0.001839 0.001097 0.000786 0.000043
0 0.002080 0.001310 0.000305 0.000035
0 0.002040 0.001270 0.000384 0.000052
0 0.001848 0.000776 0.000768 0.000136
0 0.002026 0.001249 0.000412 0.000057
0 0.002007 0.001230 0.000451 0.000063
0 0.001988 0.001211 0.000487 0.000065
0 0.001978 0.001192 0.000508 0.000056
0 0.001964 0.001265 0.000536 0.000049
0 0.001953 0.001250 0.000559 0.000044
0 0.001961 0.001169 0.000542 0.000063
0 0.001948 0.001150 0.000569 0.000067
0 0.001899 0.001185 0.000666 0.000054
0 0.001915 0.001200 0.000634 0.000046
0 0.001927 0.001217 0.000609 0.000044
0 0.001940 0.001234 0.000585 0.000048
0 0.002124 0.001044 0.000215 0.000067
0 0.002106 0.001019 0.000252 0.000067
0 0.002088 0.000994 0.000288 0.000081
0 0.002070 0.000976 0.000325 0.000071
0 0.002051 0.000954 0.000362 0.000075
0 0.002033 0.000929 0.000398 0.000081
0 0.002014 0.000906 0.000437 0.000073
0 0.001993 0.000884 0.000477 0.000076
0 0.001978 0.000862 0.000508 0.000068
0 0.001959 0.000833 0.000546 0.000079
0 0.001942 0.000815 0.000581 0.000071
0 0.001910 0.000767 0.000644 0.000078
0 0.002041 0.001361 0.000382 0.000041
0 0.002024 0.001352 0.000416 0.000054
0 0.002014 0.001333 0.000437 0.000048
0 0.002003 0.001317 0.000459 0.000044
0 0.001990 0.001299 0.000483 0.000051
0 0.001932 0.001131 0.000601 0.000067
0 0.001917 0.001114 0.000630 0.000063
0 0.001904 0.001097 0.000656 0.000059
0 0.001925 0.001470 0.000613 0.000043
0 0.001899 0.001442 0.000666 0.000051
0 0.001887 0.001425 0.000691 0.000048
0 0.001877 0.001406 0.000711 0.000043
0 0.001859 0.001393 0.000745 0.000054
0 0.001851 0.001376 0.000762 0.000043
0 0.001837 0.001358 0.000790 0.000048
0 0.001821 0.001348 0.000823 0.000056
0 0.001795 0.001639 0.000873 0.000035
0 0.001803 0.001644 0.000859 0.000036
0 0.001830 0.001659 0.000804 0.000043
0 0.001838 0.001686 0.000788 0.000036
0 0.001845 0.001694 0.000774 0.000036
0 0.001857 0.001701 0.000749 0.000033
0 0.001862 0.001655 0.000739 0.000029
0 0.001881 0.001709 0.000703 0.000038
0 0.001868 0.001740 0.000729 0.000033
0 0.001832 0.001755 0.000800 0.000038
0 0.001912 0.001455 0.000640 0.000044
0 0.001938 0.001487 0.000589 0.000046
0 0.001894 0.001077 0.000676 0.000051
0 0.001953 0.001503 0.000559 0.000043
0 0.001880 0.001058 0.000705 0.000051
0 0.001860 0.001040 0.000743 0.000065
0 0.001997 0.001475 0.000471 0.000043
0 0.001982 0.001459 0.000500 0.000043
0 0.001969 0.001440 0.000526 0.000046
0 0.001956 0.001423 0.000552 0.000048
0 0.001942 0.001410 0.000581 0.000048
0 0.001918 0.001369 0.000628 0.000044
0 0.001891 0.001335 0.000682 0.000056
0 0.001876 0.001325 0.000713 0.000049
0 0.001862 0.001308 0.000739 0.000049
0 0.001851 0.001289 0.000762 0.000049
0 0.001837 0.001273 0.000790 0.000052
0 0.001822 0.001255 0.000821 0.000051
0 0.001797 0.001304 0.000869 0.000048
0 0.001975 0.001534 0.000514 0.000044
0 0.001963 0.001521 0.000538 0.000046
0 0.002157 0.001091 0.000150 0.000076
0 0.001886 0.000851 0.000693 0.000065
0 0.001845 0.001771 0.000774 0.000033
0 0.001266 0.000203 0.001932 0.000070
0 0.001147 0.000050 0.002171 0.000052
0 0.001159 0.000066 0.002147 0.000056
0 0.001169 0.000086 0.002127 0.000046
0 0.001185 0.000102 0.002094 0.000048
0 0.001197 0.000115 0.002070 0.000052
0 0.001210 0.000130 0.002045 0.000067
0 0.001224 0.000148 0.002017 0.000063
0 0.001238 0.000163 0.001988 0.000073
0 0.001283 0.000221 0.001899 0.000062
0 0.001902 0.000870 0.000660 0.000062
0 0.001296 0.000241 0.001873 0.000063
0 0.001309 0.000261 0.001846 0.000065
0 0.001325 0.000282 0.001814 0.000057
0 0.001385 0.000355 0.001694 0.000048
0 0.001377 0.000420 0.001710 0.000048
0 0.001391 0.000427 0.001682 0.000054
0 0.001417 0.000364 0.001631 0.000046
0 0.001408 0.000428 0.001649 0.000049
0 0.001134 0.000035 0.002196 0.000044
0 0.008321 0.000033 0.014607 0.000063
0 0.008357 0.000056 0.014536 0.000109
0 0.008393 0.000079 0.014463 0.000155
0 0.008078 0.000409 0.015095 0.000127
0 0.008054 0.000662 0.015142 0.000222
0 0.008035 0.000862 0.015180 0.000208
0 0.008024 0.001062 0.015203 0.000217
0 0.008039 0.001314 0.015172 0.000221
0 0.008033 0.001573 0.015184 0.000224
0 0.008428 0.000553 0.014394 0.000747
0 0.008031 0.001825 0.015188 0.000141
0 0.008118 0.001856 0.015014 0.000152
0 0.008269 0.001861 0.014711 0.000216
0 0.008437 0.001920 0.014376 0.000170
0 0.008371 0.001939 0.014508 0.000097
0 0.008562 0.000953 0.014126 0.000476
0 0.008510 0.001185 0.014230 0.000390
0 0.008501 0.001397 0.014248 0.000319
0 0.008420 0.001743 0.014410 0.000341
0 0.016528 0.000322 0.029444 0.000102
0 0.001425 0.000435 0.001615 0.000049
0 0.001715 0.000219 0.001034 0.000092
0 0.001734 0.000249 0.000997 0.000076
0 0.002044 0.000642 0.000376 0.000071
0 0.002011 0.000598 0.000443 0.000063
0 0.001990 0.000571 0.000483 0.000073
0 0.001970 0.000547 0.000524 0.000079
0 0.002124 0.001153 0.000215 0.000054
0 0.002107 0.001143 0.000250 0.000065
0 0.002094 0.001121 0.000276 0.000062
0 0.002080 0.001106 0.000305 0.000054
0 0.002065 0.001084 0.000335 0.000065
0 0.002049 0.001067 0.000366 0.000065
0 0.002024 0.001026 0.000416 0.000057
0 0.002005 0.001015 0.000455 0.000071
0 0.001996 0.000989 0.000473 0.000052
0 0.001980 0.000970 0.000504 0.000062
0 0.001964 0.000949 0.000536 0.000063
0 0.001948 0.000934 0.000569 0.000060
0 0.001930 0.000918 0.000605 0.000075
0 0.001915 0.000894 0.000634 0.000062
0 0.002026 0.000617 0.000412 0.000073
0 0.002060 0.000666 0.000345 0.000078
0 0.001757 0.000263 0.000951 0.000070
0 0.002080 0.000689 0.000305 0.000070
0 0.001775 0.000290 0.000914 0.000075
0 0.001790 0.000312 0.000884 0.000071
0 0.001808 0.000337 0.000849 0.000075
0 0.001824 0.000362 0.000816 0.000079
0 0.001846 0.000382 0.000772 0.000071
0 0.001857 0.000411 0.000749 0.000082
0 0.001876 0.000436 0.000713 0.000089
0 0.001890 0.000466 0.000684 0.000094
0 0.001914 0.000483 0.000636 0.000075
0 0.001936 0.000503 0.000593 0.000073
0 0.001955 0.000525 0.000554 0.000070
0 0.002191 0.000826 0.000083 0.000068
0 0.002167 0.000805 0.000130 0.000081
0 0.002154 0.000781 0.000156 0.000067
0 0.002129 0.000763 0.000207 0.000082
0 0.002118 0.000735 0.000227 0.000071
0 0.002097 0.000716 0.000270 0.000068
0 0.001838 0.001763 0.000788 0.000033
0 0.001852 0.001778 0.000760 0.000033
0 0.001438 0.000441 0.001588 0.000057
0 0.001614 0.000864 0.001237 0.000049
0 0.001447 0.000881 0.001570 0.000049
0 0.001431 0.000878 0.001603 0.000046
0 0.001415 0.000873 0.001635 0.000048
0 0.001398 0.000871 0.001668 0.000041
0 0.001381 0.000863 0.001702 0.000044
0 0.001365 0.000861 0.001735 0.000043
0 0.001348 0.000854 0.001769 0.000049
0 0.001629 0.000868 0.001206 0.000048
0 0.001595 0.000859 0.001273 0.000052
0 0.001527 0.001038 0.001410 0.000051
0 0.001582 0.000854 0.001300 0.000049
0 0.001564 0.000844 0.001336 0.000060
0 0.001548 0.000850 0.001369 0.000044
0 0.001533 0.000841 0.001397 0.000041
0 0.001515 0.000837 0.001434 0.000049
0 0.001504 0.000834 0.001456 0.000049
0 0.001487 0.000825 0.001491 0.000051
0 0.001469 0.000823 0.001525 0.000048
0 0.001460 0.000886 0.001544 0.000049
0 0.001479 0.000893 0.001507 0.000048
0 0.001495 0.000898 0.001475 0.000048
0 0.001510 0.000901 0.001444 0.000044
0 0.001494 0.001030 0.001477 0.000052
0 0.001462 0.001022 0.001540 0.000040
0 0.001447 0.001015 0.001570 0.000052
0 0.001432 0.001009 0.001600 0.000054
0 0.001416 0.001007 0.001633 0.000056
0 0.001398 0.001003 0.001668 0.000052
0 0.001367 0.000991 0.001730 0.000052
0 0.001351 0.000985 0.001763 0.000054
0 0.001334 0.000981 0.001795 0.000052
0 0.001647 0.000881 0.001170 0.000059
0 0.001641 0.000946 0.001182 0.000048
0 0.001623 0.000934 0.001219 0.000049
0 0.001606 0.000927 0.001253 0.000046
0 0.001589 0.000924 0.001286 0.000046
0 0.001558 0.000916 0.001349 0.000056
0 0.001543 0.000915 0.001379 0.000052
0 0.001524 0.000907 0.001416 0.000054
0 0.001437 0.000815 0.001590 0.000048
0 0.001421 0.000808 0.001623 0.000052
0 0.001405 0.000803 0.001653 0.000051
0 0.001403 0.000673 0.001657 0.000051
0 0.001374 0.000664 0.001716 0.000046
0 0.001359 0.000655 0.001747 0.000048
0 0.001630 0.000661 0.001204 0.000065
0 0.001610 0.000654 0.001245 0.000073
0 0.001588 0.000650 0.001288 0.000065
0 0.001569 0.000643 0.001326 0.000070
0 0.001551 0.000637 0.001363 0.000068
0 0.001529 0.000630 0.001405 0.000067
0 0.001508 0.000623 0.001448 0.000056
0 0.001492 0.000621 0.001481 0.000065
0 0.001472 0.000619 0.001521 0.000060
0 0.001447 0.000610 0.001570 0.000068
0 0.001430 0.000605 0.001605 0.000062
0 0.001411 0.000598 0.001643 0.000070
0 0.001391 0.000592 0.001682 0.000067
0 0.001372 0.000581 0.001720 0.000057
0 0.001353 0.000579 0.001759 0.000070
0 0.001388 0.000669 0.001688 0.000056
0 0.001421 0.000678 0.001623 0.000052
0 0.001390 0.000799 0.001684 0.000056
0 0.001438 0.000681 0.001588 0.000052
0 0.001372 0.000793 0.001720 0.000051
0 0.001359 0.000788 0.001747 0.000049
0 0.001339 0.000786 0.001785 0.000059
0 0.001666 0.000708 0.001131 0.000125
0 0.001646 0.000742 0.001172 0.000051
0 0.001648 0.000666 0.001168 0.000076
0 0.001628 0.000737 0.001208 0.000056
0 0.001613 0.000733 0.001239 0.000051
0 0.001595 0.000727 0.001273 0.000052
0 0.001581 0.000720 0.001302 0.000048
0 0.001567 0.000718 0.001330 0.000046
0 0.001547 0.000713 0.001371 0.000052
0 0.001533 0.000712 0.001397 0.000049
0 0.001517 0.000704 0.001430 0.000048
0 0.001501 0.000697 0.001462 0.000043
0 0.001486 0.000696 0.001493 0.000046
0 0.001468 0.000688 0.001527 0.000052
0 0.001511 0.001036 0.001442 0.000054
0 0.001351 0.001065 0.001763 0.000070
0 0.001811 0.001847 0.000843 0.000071
0 0.001417 0.001520 0.001631 0.000060
0 0.001393 0.001608 0.001678 0.000081
0 0.001369 0.001603 0.001726 0.000084
0 0.001347 0.001591 0.001771 0.000079
0 0.001328 0.001490 0.001808 0.000059
0 0.001345 0.001494 0.001775 0.000068
0 0.001362 0.001506 0.001741 0.000060
0 0.001379 0.001503 0.001706 0.000071
0 0.001397 0.001507 0.001670 0.000063
0 0.001434 0.001527 0.001596 0.000062
0 0.001369 0.001075 0.001726 0.000075
0 0.001454 0.001526 0.001556 0.000067
0 0.001470 0.001534 0.001523 0.000060
0 0.001490 0.001536 0.001485 0.000070
0 0.001508 0.001536 0.001448 0.000068
0 0.001525 0.001551 0.001414 0.000075
0 0.001544 0.001552 0.001377 0.000075
0 0.001587 0.001395 0.001290 0.000062
0 0.001566 0.001389 0.001332 0.000062
0 0.001416 0.001617 0.001633 0.000089
0 0.001438 0.001616 0.001588 0.000078
0 0.001462 0.001625 0.001540 0.000073
0 0.001486 0.001629 0.001493 0.000073
0 0.001761 0.001892 0.000942 0.000106
0 0.001751 0.001981 0.000963 0.000065
0 0.001710 0.001994 0.001044 0.000025
0 0.001634 0.001832 0.001196 0.000173
0 0.001580 0.001894 0.001304 0.000032
0 0.001605 0.001772 0.001255 0.000032
0 0.001551 0.001943 0.001363 0.000049
0 0.001464 0.001918 0.001535 0.000038
0 0.001470 0.001887 0.001523 0.000030
0 0.001476 0.001852 0.001513 0.000033
0 0.001423 0.001907 0.001619 0.000032
0 0.001421 0.001880 0.001623 0.000038
0 0.001431 0.001828 0.001603 0.000025
0 0.001440 0.001777 0.001584 0.000038
0 0.001555 0.001659 0.001355 0.000063
0 0.001530 0.001641 0.001403 0.000075
0 0.001507 0.001635 0.001450 0.000078
0 0.001548 0.001379 0.001369 0.000063
0 0.001529 0.001374 0.001405 0.000063
0 0.001509 0.001370 0.001446 0.000062
0 0.001503 0.001283 0.001458 0.000071
0 0.001556 0.001297 0.001353 0.000071
0 0.001577 0.001303 0.001310 0.000068
0 0.001596 0.001138 0.001271 0.000056
0 0.001608 0.001062 0.001249 0.000052
0 0.001577 0.001126 0.001310 0.000063
0 0.001558 0.001125 0.001349 0.000067
0 0.001590 0.001057 0.001284 0.000052
0 0.001574 0.001054 0.001316 0.000056
0 0.001541 0.001119 0.001383 0.000059
0 0.001559 0.001048 0.001347 0.000059
0 0.001503 0.001112 0.001458 0.000070
0 0.001485 0.001103 0.001495 0.000070
0 0.001468 0.001093 0.001527 0.000057
0 0.001451 0.001092 0.001562 0.000059
0 0.001433 0.001084 0.001598 0.000060
0 0.001411 0.001081 0.001643 0.000068
0 0.001393 0.001076 0.001678 0.000062
0 0.001538 0.001291 0.001389 0.000070
0 0.001482 0.001279 0.001501 0.000071
0 0.001492 0.001365 0.001481 0.000052
0 0.001465 0.001272 0.001533 0.000075
0 0.001474 0.001360 0.001517 0.000062
0 0.001456 0.001355 0.001552 0.000063
0 0.001437 0.001347 0.001590 0.000057
0 0.001419 0.001344 0.001627 0.000060
0 0.001399 0.001341 0.001665 0.000068
0 0.001382 0.001336 0.001700 0.000063
0 0.001363 0.001332 0.001739 0.000062
0 0.001345 0.001321 0.001775 0.000062
0 0.001330 0.001318 0.001804 0.000056
0 0.001321 0.001228 0.001822 0.000057
0 0.001336 0.001236 0.001791 0.000063
0 0.001356 0.001242 0.001753 0.000060
0 0.001373 0.001246 0.001718 0.000065
0 0.001392 0.001251 0.001680 0.000062
0 0.001410 0.001258 0.001645 0.000060
0 0.001429 0.001261 0.001607 0.000063
0 0.001448 0.001268 0.001568 0.000068
0 0.007842 0.000164 0.015566 0.000325