0 0.010133 0.001563 0.019912 0.000192
0 0.010985 0.000908 0.018208 0.000298
0 0.010302 0.001585 0.019575 0.000197
0 0.010342 0.001617 0.019494 0.000195
0 0.010529 0.001705 0.019121 0.000195
0 0.010670 0.001701 0.018839 0.000195
0 0.010905 0.001814 0.018369 0.000197
0 0.010212 0.000874 0.019755 0.000134
0 0.010232 0.000718 0.019714 0.000108
0 0.010279 0.000486 0.019621 0.000102
0 0.010282 0.000441 0.019614 0.000115
0 0.010729 0.001174 0.018720 0.000298
0 0.010838 0.001154 0.018502 0.000277
0 0.010893 0.001192 0.018392 0.000298
0 0.010991 0.001223 0.018197 0.000292
0 0.010254 0.000539 0.019671 0.000106
0 0.010250 0.000641 0.019678 0.000106
0 0.010227 0.000830 0.019724 0.000119
0 0.010617 0.000231 0.018945 0.000327
0 0.010400 0.001627 0.019379 0.000206
0 0.010431 0.001662 0.019317 0.000195
0 0.010482 0.001678 0.019215 0.000193
0 0.010634 0.001672 0.018911 0.000208
0 0.010692 0.001744 0.018794 0.000203
0 0.010830 0.001749 0.018519 0.000203
0 0.010823 0.001814 0.018533 0.000205
0 0.010941 0.001838 0.018297 0.000193
0 0.010770 0.001740 0.018639 0.000199
0 0.010950 0.001239 0.018278 0.000290
0 0.010848 0.000886 0.018483 0.000296
0 0.010891 0.000901 0.018397 0.000303
0 0.010230 0.001580 0.019719 0.000206