0 0.002269 0.002014 0.004390 0.000040
0 0.001259 0.001024 0.001947 0.000028
0 0.001363 0.001212 0.001738 0.000028
0 0.001376 0.001169 0.001713 0.000034
0 0.001383 0.001168 0.001698 0.000032
0 0.001378 0.001211 0.001709 0.000033
0 0.001390 0.001171 0.001684 0.000030
0 0.001398 0.001166 0.001669 0.000035
0 0.001394 0.001218 0.001676 0.000036
0 0.001421 0.001219 0.001623 0.000044
0 0.001419 0.001159 0.001626 0.000049
0 0.001236 0.001025 0.001993 0.000024
0 0.001253 0.001025 0.001959 0.000026
0 0.001265 0.001024 0.001935 0.000026
0 0.001349 0.001214 0.001767 0.000034
0 0.001277 0.001024 0.001910 0.000030
0 0.001283 0.001024 0.001898 0.000024
0 0.001290 0.001024 0.001885 0.000027
0 0.001304 0.001024 0.001857 0.000027
0 0.001310 0.001024 0.001845 0.000027
0 0.001316 0.001019 0.001832 0.000032
0 0.001324 0.001023 0.001817 0.000029
0 0.001331 0.001020 0.001801 0.000035
0 0.001347 0.001022 0.001770 0.000033
0 0.001355 0.001019 0.001755 0.000035
0 0.001363 0.001007 0.001739 0.000056
0 0.001356 0.001214 0.001752 0.000034
0 0.001341 0.001210 0.001781 0.000028
0 0.001315 0.001165 0.001834 0.000043
0 0.001248 0.001209 0.001969 0.000022
0 0.001328 0.001173 0.001809 0.000032
0 0.001334 0.001170 0.001796 0.000032
0 0.001341 0.001170 0.001781 0.000032
0 0.001349 0.001173 0.001767 0.000027
0 0.001355 0.001170 0.001754 0.000034
0 0.001362 0.001174 0.001741 0.000027
0 0.001220 0.001208 0.002025 0.000019
0 0.001224 0.001209 0.002017 0.000021
0 0.001228 0.001209 0.002007 0.000023
0 0.001233 0.001212 0.001998 0.000029
0 0.001240 0.001209 0.001984 0.000021
0 0.001254 0.001213 0.001957 0.000027
0 0.001334 0.001210 0.001796 0.000026
0 0.001260 0.001213 0.001944 0.000026
0 0.001266 0.001211 0.001932 0.000026
0 0.001273 0.001212 0.001919 0.000027
0 0.001279 0.001213 0.001906 0.000030
0 0.001286 0.001212 0.001892 0.000027
0 0.001293 0.001213 0.001879 0.000029
0 0.001298 0.001212 0.001867 0.000026
0 0.001306 0.001216 0.001853 0.000030
0 0.001313 0.001211 0.001838 0.000026
0 0.001320 0.001213 0.001824 0.000029
0 0.001328 0.001212 0.001809 0.000024
0 0.001376 0.001008 0.001711 0.000058
0 0.001238 0.001060 0.001989 0.000021
0 0.001242 0.001059 0.001980 0.000021
0 0.001514 0.000384 0.001437 0.000018
0 0.001542 0.000598 0.001380 0.000021
0 0.001544 0.000556 0.001376 0.000022
0 0.001544 0.000532 0.001377 0.000019
0 0.001544 0.000512 0.001376 0.000019
0 0.001545 0.000488 0.001374 0.000016
0 0.001544 0.000468 0.001376 0.000022
0 0.001544 0.000442 0.001377 0.000024
0 0.001544 0.000421 0.001376 0.000018
0 0.001544 0.000401 0.001376 0.000016
0 0.001547 0.000383 0.001370 0.000021
0 0.001548 0.000362 0.001368 0.000012
0 0.001513 0.000403 0.001438 0.000017
0 0.001248 0.001063 0.001968 0.000026
0 0.001513 0.000423 0.001439 0.000018
0 0.001516 0.000440 0.001433 0.000016
0 0.001512 0.000461 0.001441 0.000017
0 0.001508 0.000480 0.001448 0.000018
0 0.001509 0.000501 0.001446 0.000016
0 0.001511 0.000520 0.001442 0.000018
0 0.001513 0.000541 0.001438 0.000017
0 0.001510 0.000581 0.001444 0.000017
0 0.001509 0.000600 0.001446 0.000018
0 0.001511 0.000622 0.001443 0.000018
0 0.001508 0.000641 0.001448 0.000017
0 0.001542 0.000618 0.001380 0.000022
0 0.001542 0.000659 0.001380 0.000023
0 0.001542 0.000683 0.001380 0.000021
0 0.001541 0.000703 0.001382 0.000022
0 0.001255 0.001065 0.001953 0.000028
0 0.001261 0.001064 0.001943 0.000026
0 0.001275 0.001065 0.001915 0.000028
0 0.001280 0.001062 0.001904 0.000027
0 0.001299 0.001065 0.001866 0.000030
0 0.001307 0.001064 0.001850 0.000034
0 0.001314 0.001066 0.001836 0.000030
0 0.001321 0.001066 0.001822 0.000029
0 0.001328 0.001066 0.001808 0.000030
0 0.001336 0.001067 0.001792 0.000029
0 0.001343 0.001065 0.001778 0.000030
0 0.001359 0.001067 0.001746 0.000032
0 0.001368 0.001070 0.001727 0.000040
0 0.001378 0.001072 0.001707 0.000044
0 0.001232 0.001063 0.002001 0.000026
0 0.001217 0.001059 0.002031 0.000021
0 0.001211 0.001060 0.002042 0.000021
0 0.001209 0.001024 0.002046 0.000023
0 0.001542 0.000844 0.001381 0.000022
0 0.001542 0.000822 0.001381 0.000026
0 0.001542 0.000796 0.001381 0.000022
0 0.001542 0.000769 0.001380 0.000016
0 0.001542 0.000726 0.001381 0.000018
0 0.001321 0.001173 0.001822 0.000027
0 0.001308 0.001170 0.001848 0.000029
0 0.001511 0.000682 0.001443 0.000017
0 0.001374 0.001505 0.001717 0.000024
0 0.001277 0.001506 0.001911 0.000024
0 0.001283 0.001507 0.001899 0.000026
0 0.001290 0.001507 0.001885 0.000027
0 0.001296 0.001505 0.001871 0.000026
0 0.001303 0.001507 0.001858 0.000028
0 0.001310 0.001507 0.001845 0.000026
0 0.001318 0.001505 0.001829 0.000023
0 0.001324 0.001505 0.001817 0.000026
0 0.001337 0.001507 0.001789 0.000026
0 0.001359 0.001506 0.001747 0.000029
0 0.001366 0.001508 0.001733 0.000028
0 0.001381 0.001507 0.001702 0.000029
0 0.001256 0.001508 0.001952 0.000026
0 0.001389 0.001507 0.001686 0.000027
0 0.001396 0.001509 0.001673 0.000030
0 0.001405 0.001509 0.001653 0.000030
0 0.001412 0.001507 0.001640 0.000028
0 0.001427 0.001513 0.001610 0.000039
0 0.001228 0.001322 0.002009 0.000022
0 0.001236 0.001321 0.001992 0.000027
0 0.001242 0.001322 0.001981 0.000022
0 0.001251 0.001322 0.001963 0.000022
0 0.001261 0.001322 0.001943 0.000023
0 0.001267 0.001322 0.001930 0.000024
0 0.001262 0.001510 0.001940 0.000033
0 0.001250 0.001507 0.001965 0.000026
0 0.001302 0.001170 0.001859 0.000030
0 0.001345 0.001468 0.001775 0.000024
0 0.001265 0.001469 0.001933 0.000028
0 0.001271 0.001468 0.001922 0.000027
0 0.001270 0.001507 0.001924 0.000024
0 0.001276 0.001469 0.001912 0.000022
0 0.001288 0.001470 0.001889 0.000021
0 0.001294 0.001471 0.001877 0.000019
0 0.001298 0.001470 0.001867 0.000023
0 0.001305 0.001469 0.001854 0.000022
0 0.001310 0.001468 0.001845 0.000027
0 0.001316 0.001469 0.001833 0.000026
0 0.001338 0.001471 0.001788 0.000021
0 0.001351 0.001469 0.001763 0.000024
0 0.001242 0.001507 0.001980 0.000027
0 0.001357 0.001468 0.001750 0.000026
0 0.001364 0.001468 0.001737 0.000027
0 0.001376 0.001466 0.001711 0.000028
0 0.001383 0.001466 0.001698 0.000030
0 0.001388 0.001466 0.001688 0.000032
0 0.001401 0.001466 0.001663 0.000026
0 0.001407 0.001467 0.001651 0.000027
0 0.001413 0.001467 0.001637 0.000029
0 0.001222 0.001506 0.002021 0.000024
0 0.001229 0.001508 0.002006 0.000027
0 0.001236 0.001508 0.001993 0.000026
0 0.001273 0.001325 0.001919 0.000019
0 0.001283 0.001323 0.001898 0.000021
0 0.001298 0.001323 0.001867 0.000019
0 0.001405 0.001367 0.001655 0.000039
0 0.001315 0.001358 0.001834 0.000026
0 0.001323 0.001362 0.001818 0.000033
0 0.001330 0.001362 0.001805 0.000032
0 0.001338 0.001361 0.001788 0.000030
0 0.001345 0.001362 0.001774 0.000032
0 0.001353 0.001361 0.001759 0.000030
0 0.001362 0.001366 0.001741 0.000034
0 0.001374 0.001361 0.001715 0.000030
0 0.001384 0.001358 0.001697 0.000028
0 0.001390 0.001367 0.001684 0.000039
0 0.001398 0.001364 0.001668 0.000034
0 0.001413 0.001359 0.001639 0.000027
0 0.001303 0.001322 0.001858 0.000024
0 0.001423 0.001321 0.001619 0.000024
0 0.001420 0.001366 0.001624 0.000036
0 0.001428 0.001313 0.001608 0.000038
0 0.001428 0.001375 0.001608 0.000054
0 0.001219 0.001174 0.002026 0.000026
0 0.001234 0.001173 0.001996 0.000024
0 0.001270 0.001174 0.001924 0.000026
0 0.001277 0.001173 0.001911 0.000028
0 0.001283 0.001173 0.001898 0.000027
0 0.001289 0.001174 0.001887 0.000024
0 0.001295 0.001169 0.001874 0.000029
0 0.001308 0.001361 0.001848 0.000030
0 0.001301 0.001359 0.001862 0.000024
0 0.001293 0.001356 0.001878 0.000027
0 0.001287 0.001367 0.001890 0.000035
0 0.001310 0.001321 0.001845 0.000027
0 0.001320 0.001320 0.001824 0.000026
0 0.001332 0.001323 0.001800 0.000023
0 0.001350 0.001321 0.001764 0.000027
0 0.001356 0.001318 0.001752 0.000028
0 0.001374 0.001322 0.001715 0.000026
0 0.001380 0.001323 0.001704 0.000021
0 0.001392 0.001322 0.001680 0.000024
0 0.001398 0.001321 0.001668 0.000024
0 0.001404 0.001320 0.001656 0.000026
0 0.001411 0.001323 0.001643 0.000019
0 0.001416 0.001320 0.001632 0.000023
0 0.001222 0.001322 0.002019 0.000023
0 0.001221 0.001356 0.002022 0.000022
0 0.001227 0.001359 0.002010 0.000024
0 0.001232 0.001357 0.002000 0.000023
0 0.001238 0.001360 0.001988 0.000029
0 0.001246 0.001361 0.001973 0.000029
0 0.001252 0.001361 0.001960 0.000030
0 0.001259 0.001362 0.001945 0.000030
0 0.001266 0.001359 0.001932 0.000028
0 0.001273 0.001363 0.001918 0.000033
0 0.001280 0.001361 0.001904 0.000029
0 0.001507 0.000664 0.001450 0.000021
0 0.001510 0.000702 0.001444 0.000021
0 0.002248 0.002013 0.004433 0.000041
0 0.001273 0.000623 0.001919 0.000013
0 0.001268 0.000819 0.001928 0.000012
0 0.001271 0.000807 0.001923 0.000011
0 0.001270 0.000795 0.001924 0.000011
0 0.001271 0.000769 0.001923 0.000009
0 0.001271 0.000757 0.001922 0.000011
0 0.001271 0.000734 0.001923 0.000012
0 0.001271 0.000721 0.001923 0.000011
0 0.001271 0.000695 0.001922 0.000011
0 0.001272 0.000684 0.001920 0.000010
0 0.001271 0.000671 0.001922 0.000011
0 0.001272 0.000646 0.001920 0.000012
0 0.001273 0.000609 0.001919 0.000012
0 0.001271 0.000844 0.001923 0.000011
0 0.001273 0.000597 0.001919 0.000011
0 0.001273 0.000585 0.001919 0.000012
0 0.001273 0.000561 0.001919 0.000013
0 0.001273 0.000549 0.001919 0.000012
0 0.001273 0.000536 0.001918 0.000012
0 0.001273 0.000525 0.001918 0.000011
0 0.001273 0.000513 0.001919 0.000013
0 0.001274 0.000501 0.001916 0.000011
0 0.001274 0.000488 0.001916 0.000011
0 0.001273 0.000463 0.001918 0.000012
0 0.001273 0.000451 0.001918 0.000011
0 0.001270 0.000831 0.001924 0.000012
0 0.001253 0.000555 0.001959 0.000011
0 0.001353 0.000485 0.001759 0.000013
0 0.001251 0.000837 0.001963 0.000012
0 0.001326 0.000581 0.001813 0.000013
0 0.001328 0.000553 0.001808 0.000015
0 0.001352 0.000545 0.001760 0.000015
0 0.001352 0.000606 0.001760 0.000015
0 0.001326 0.000594 0.001812 0.000013
0 0.001324 0.000622 0.001817 0.000013
0 0.001351 0.000637 0.001763 0.000015
0 0.001351 0.000684 0.001763 0.000013
0 0.001350 0.000745 0.001764 0.000013
0 0.001325 0.000844 0.001815 0.000013
0 0.001271 0.000781 0.001922 0.000012
0 0.001248 0.000826 0.001968 0.000012
0 0.001254 0.000569 0.001956 0.000011
0 0.001250 0.000813 0.001965 0.000012
0 0.001253 0.000800 0.001959 0.000011
0 0.001252 0.000789 0.001960 0.000011
0 0.001252 0.000768 0.001960 0.000010
0 0.001252 0.000757 0.001960 0.000011
0 0.001252 0.000736 0.001961 0.000012
0 0.001250 0.000726 0.001964 0.000011
0 0.001253 0.000684 0.001959 0.000010
0 0.001254 0.000673 0.001956 0.000010
0 0.001253 0.000663 0.001959 0.000010
0 0.001254 0.000600 0.001957 0.000011
0 0.001274 0.000439 0.001916 0.000011
0 0.001273 0.000426 0.001918 0.000011
0 0.001274 0.000414 0.001916 0.000011
0 0.007913 0.001042 0.015424 0.000083
0 0.001211 0.000428 0.002042 0.000010
0 0.001212 0.000439 0.002041 0.000011
0 0.001214 0.000385 0.002037 0.000011
0 0.001211 0.000373 0.002042 0.000015
0 0.001212 0.000358 0.002041 0.000012
0 0.007923 0.001955 0.015404 0.000081
0 0.007912 0.001781 0.015425 0.000077
0 0.007910 0.001627 0.015429 0.000069
0 0.007912 0.001488 0.015427 0.000073
0 0.007910 0.001344 0.015429 0.000077
0 0.007915 0.001189 0.015420 0.000084
0 0.008529 0.001763 0.014191 0.000220
0 0.001275 0.000402 0.001915 0.000011
0 0.008558 0.001503 0.014134 0.000157
0 0.008560 0.001215 0.014130 0.000026
0 0.008561 0.001047 0.014129 0.000024
0 0.008562 0.000892 0.014125 0.000026
0 0.008562 0.000736 0.014125 0.000024
0 0.008564 0.000581 0.014122 0.000021
0 0.008566 0.000458 0.014118 0.000016
0 0.008207 0.000607 0.014836 0.000504
0 0.008101 0.000602 0.015049 0.000507
0 0.008023 0.000595 0.015205 0.000518
0 0.007947 0.000592 0.015357 0.000515
0 0.001213 0.000418 0.002039 0.000010
0 0.001213 0.000468 0.002039 0.000010
0 0.001212 0.000480 0.002041 0.000011
0 0.001213 0.000501 0.002038 0.000011
0 0.001274 0.000364 0.001916 0.000013
0 0.001253 0.000704 0.001959 0.000011
0 0.001253 0.000653 0.001959 0.000011
0 0.001254 0.000641 0.001957 0.000012
0 0.001252 0.000631 0.001961 0.000011
0 0.001253 0.000620 0.001959 0.000012
0 0.001254 0.000589 0.001957 0.000011
0 0.001255 0.000536 0.001955 0.000011
0 0.001255 0.000505 0.001955 0.000010
0 0.001253 0.000463 0.001959 0.000011
0 0.001256 0.000453 0.001952 0.000009
0 0.001252 0.000443 0.001960 0.000009
0 0.001255 0.000432 0.001953 0.000010
0 0.001253 0.000421 0.001959 0.000010
0 0.001255 0.000380 0.001955 0.000012
0 0.001253 0.000366 0.001959 0.000011
0 0.001213 0.000678 0.002038 0.000012
0 0.001213 0.000643 0.002039 0.000013
0 0.001213 0.000630 0.002038 0.000012
0 0.001213 0.000617 0.002038 0.000013
0 0.001212 0.000567 0.002041 0.000013
0 0.001213 0.000556 0.002039 0.000012
0 0.001214 0.000512 0.002037 0.000009
0 0.001351 0.000561 0.001763 0.000013
0 0.001352 0.000501 0.001760 0.000013
0 0.001507 0.000721 0.001450 0.000019
0 0.001404 0.000797 0.001657 0.000015
0 0.001431 0.000714 0.001602 0.000015
0 0.001431 0.000728 0.001603 0.000013
0 0.001433 0.000747 0.001599 0.000013
0 0.001431 0.000762 0.001603 0.000013
0 0.001431 0.000780 0.001602 0.000015
0 0.001430 0.000795 0.001604 0.000016
0 0.001430 0.000812 0.001604 0.000013
0 0.001429 0.000828 0.001606 0.000016
0 0.001400 0.000849 0.001665 0.000017
0 0.001405 0.000831 0.001655 0.000015
0 0.001402 0.000814 0.001660 0.000015
0 0.001405 0.000763 0.001655 0.000015
0 0.001430 0.000679 0.001604 0.000016
0 0.001403 0.000747 0.001659 0.000016
0 0.001403 0.000729 0.001659 0.000016
0 0.001406 0.000713 0.001652 0.000013
0 0.001402 0.000696 0.001661 0.000015
0 0.001407 0.000679 0.001649 0.000012
0 0.001404 0.000664 0.001657 0.000015
0 0.001408 0.000634 0.001648 0.000013
0 0.001404 0.000619 0.001656 0.000016
0 0.001404 0.000603 0.001656 0.000016
0 0.001404 0.000587 0.001657 0.000016
0 0.001404 0.000559 0.001656 0.000016
0 0.001431 0.000695 0.001603 0.000018
0 0.001431 0.000661 0.001602 0.000015
0 0.001275 0.000390 0.001915 0.000012
0 0.001435 0.000426 0.001594 0.000016
0 0.001512 0.000743 0.001441 0.000017
0 0.001509 0.000763 0.001446 0.000016
0 0.001510 0.000785 0.001444 0.000017
0 0.001511 0.000804 0.001442 0.000017
0 0.001510 0.000824 0.001444 0.000017
0 0.001507 0.000845 0.001450 0.000018
0 0.001484 0.000359 0.001496 0.000017
0 0.001475 0.000356 0.001515 0.000018
0 0.001433 0.000377 0.001598 0.000015
0 0.001435 0.000394 0.001595 0.000016
0 0.001433 0.000411 0.001599 0.000016
0 0.001433 0.000446 0.001598 0.000016
0 0.001430 0.000645 0.001604 0.000013
0 0.001433 0.000460 0.001599 0.000015
0 0.001433 0.000478 0.001599 0.000015
0 0.001433 0.000494 0.001599 0.000015
0 0.001432 0.000512 0.001600 0.000017
0 0.001433 0.000528 0.001598 0.000015
0 0.001431 0.000546 0.001603 0.000013
0 0.001432 0.000561 0.001600 0.000016
0 0.001431 0.000579 0.001602 0.000015
0 0.001431 0.000595 0.001603 0.000016
0 0.001431 0.000611 0.001603 0.000016
0 0.001433 0.000627 0.001599 0.000016
0 0.001407 0.000544 0.001651 0.000012
0 0.001405 0.000529 0.001653 0.000016
0 0.001407 0.000512 0.001651 0.000015
0 0.001326 0.000761 0.001813 0.000015
0 0.001329 0.000609 0.001807 0.000013
0 0.001353 0.000592 0.001759 0.000013
0 0.001330 0.000636 0.001805 0.000012
0 0.001328 0.000648 0.001808 0.000012
0 0.001329 0.000664 0.001807 0.000015
0 0.001329 0.000678 0.001807 0.000012
0 0.001330 0.000692 0.001804 0.000013
0 0.001332 0.000703 0.001800 0.000010
0 0.001324 0.000717 0.001816 0.000021
0 0.001351 0.000698 0.001763 0.000013
0 0.001328 0.000747 0.001808 0.000012
0 0.001350 0.000727 0.001764 0.000015
0 0.001407 0.000499 0.001651 0.000015
0 0.001352 0.000759 0.001760 0.000015
0 0.001351 0.000777 0.001763 0.000012
0 0.001351 0.000789 0.001763 0.000012
0 0.001351 0.000805 0.001763 0.000012
0 0.001350 0.000818 0.001764 0.000013
0 0.001351 0.000831 0.001763 0.000013
0 0.001349 0.000846 0.001766 0.000016
0 0.001328 0.000775 0.001808 0.000013
0 0.001328 0.000789 0.001809 0.000013
0 0.001326 0.000816 0.001812 0.000013
0 0.001273 0.000476 0.001918 0.000012
0 0.001352 0.000575 0.001760 0.000013
0 0.001353 0.000530 0.001758 0.000015
0 0.001330 0.000539 0.001805 0.000015
0 0.001327 0.000525 0.001811 0.000016
0 0.001410 0.000484 0.001644 0.000013
0 0.001409 0.000467 0.001647 0.000013
0 0.001407 0.000452 0.001651 0.000013
0 0.001406 0.000437 0.001652 0.000015
0 0.001406 0.000421 0.001652 0.000015
0 0.001410 0.000375 0.001644 0.000013
0 0.001411 0.000362 0.001643 0.000015
0 0.001332 0.000358 0.001800 0.000013
0 0.001331 0.000371 0.001803 0.000015
0 0.001353 0.000362 0.001758 0.000016
0 0.001354 0.000378 0.001756 0.000013
0 0.001353 0.000392 0.001759 0.000012
0 0.001353 0.000408 0.001758 0.000015
0 0.001353 0.000422 0.001758 0.000012
0 0.001329 0.000414 0.001807 0.000015
0 0.001326 0.000428 0.001812 0.000015
0 0.001329 0.000442 0.001807 0.000013
0 0.001332 0.000456 0.001800 0.000013
0 0.001353 0.000440 0.001758 0.000013
0 0.001330 0.000470 0.001804 0.000012
0 0.001330 0.000484 0.001804 0.000013
0 0.001328 0.000508 0.001809 0.000012
0 0.001355 0.000470 0.001755 0.000015
0 0.001259 0.001471 0.001945 0.000022
0 0.001247 0.001469 0.001970 0.000026
0 0.001237 0.001469 0.001990 0.000023
0 0.001891 0.000854 0.000683 0.000039
0 0.002004 0.000765 0.000457 0.000030
0 0.002010 0.000764 0.000444 0.000032
0 0.002022 0.000765 0.000420 0.000032
0 0.002030 0.000763 0.000404 0.000028
0 0.002041 0.000765 0.000382 0.000033
0 0.002050 0.000762 0.000365 0.000026
0 0.002056 0.000765 0.000353 0.000027
0 0.002062 0.000760 0.000340 0.000027
0 0.001864 0.000853 0.000736 0.000046
0 0.001873 0.000855 0.000718 0.000041
0 0.001883 0.000857 0.000699 0.000040
0 0.001913 0.000863 0.000638 0.000030
0 0.001990 0.000765 0.000484 0.000033
0 0.001920 0.000864 0.000624 0.000033
0 0.001927 0.000862 0.000611 0.000034
0 0.001941 0.000859 0.000581 0.000035
0 0.001948 0.000862 0.000568 0.000032
0 0.001955 0.000862 0.000554 0.000034
0 0.001963 0.000861 0.000539 0.000034
0 0.001969 0.000863 0.000526 0.000035
0 0.001976 0.000864 0.000511 0.000035
0 0.001983 0.000864 0.000498 0.000033
0 0.001990 0.000865 0.000485 0.000034
0 0.001996 0.000864 0.000472 0.000035
0 0.001998 0.000764 0.000469 0.000027
0 0.001983 0.000766 0.000498 0.000034
0 0.001974 0.000712 0.000515 0.000023
0 0.001873 0.000765 0.000719 0.000035
0 0.001987 0.000716 0.000490 0.000026
0 0.001994 0.000715 0.000477 0.000022
0 0.002000 0.000715 0.000465 0.000026
0 0.002006 0.000710 0.000452 0.000029
0 0.002012 0.000712 0.000440 0.000026
0 0.002021 0.000712 0.000423 0.000027
0 0.002028 0.000713 0.000408 0.000026
0 0.002034 0.000715 0.000396 0.000022
0 0.002040 0.000715 0.000385 0.000022
0 0.002046 0.000712 0.000373 0.000028
0 0.002053 0.000711 0.000358 0.000028
0 0.001887 0.000763 0.000691 0.000035
0 0.001976 0.000765 0.000511 0.000032
0 0.001893 0.000759 0.000678 0.000029
0 0.001906 0.000760 0.000652 0.000028
0 0.001914 0.000761 0.000637 0.000032
0 0.001926 0.000765 0.000613 0.000035
0 0.001932 0.000760 0.000600 0.000028
0 0.001937 0.000765 0.000591 0.000033
0 0.001945 0.000761 0.000574 0.000027
0 0.001952 0.000763 0.000560 0.000029
0 0.001958 0.000760 0.000548 0.000027
0 0.001965 0.000760 0.000535 0.000029
0 0.001970 0.000763 0.000523 0.000024
0 0.002004 0.000863 0.000456 0.000035
0 0.002011 0.000863 0.000443 0.000035
0 0.002016 0.000863 0.000432 0.000033
0 0.001937 0.001246 0.000591 0.000043
0 0.002017 0.000925 0.000431 0.000038
0 0.002033 0.000924 0.000399 0.000036
0 0.002041 0.000927 0.000383 0.000044
0 0.002048 0.000928 0.000367 0.000045
0 0.002056 0.000924 0.000352 0.000036
0 0.002065 0.000929 0.000334 0.000038
0 0.002073 0.000926 0.000319 0.000041
0 0.002090 0.000928 0.000284 0.000043
0 0.002098 0.000931 0.000268 0.000046
0 0.001918 0.001247 0.000629 0.000052
0 0.001926 0.001258 0.000612 0.000063
0 0.001949 0.001255 0.000566 0.000057
0 0.002024 0.000862 0.000416 0.000036
0 0.001959 0.001259 0.000547 0.000066
0 0.001970 0.001254 0.000523 0.000051
0 0.002149 0.001715 0.000167 0.000024
0 0.001986 0.001251 0.000493 0.000052
0 0.002004 0.001257 0.000457 0.000068
0 0.002029 0.001259 0.000407 0.000066
0 0.002047 0.001253 0.000370 0.000054
0 0.002053 0.001246 0.000358 0.000038
0 0.002073 0.001263 0.000319 0.000066
0 0.002091 0.001253 0.000283 0.000051
0 0.002102 0.001255 0.000260 0.000052
0 0.002009 0.000920 0.000445 0.000033
0 0.002002 0.000920 0.000460 0.000033
0 0.001996 0.000920 0.000472 0.000034
0 0.001989 0.000921 0.000486 0.000035
0 0.002031 0.000867 0.000402 0.000028
0 0.002038 0.000866 0.000389 0.000032
0 0.002045 0.000865 0.000374 0.000030
0 0.002052 0.000865 0.000361 0.000033
0 0.002060 0.000864 0.000345 0.000035
0 0.002065 0.000869 0.000334 0.000032
0 0.002072 0.000866 0.000321 0.000034
0 0.002080 0.000865 0.000305 0.000036
0 0.002087 0.000870 0.000291 0.000029
0 0.002094 0.000869 0.000276 0.000022
0 0.001864 0.000924 0.000736 0.000051
0 0.001873 0.000920 0.000719 0.000041
0 0.001881 0.000922 0.000703 0.000041
0 0.001891 0.000920 0.000683 0.000044
0 0.001908 0.000923 0.000648 0.000043
0 0.001916 0.000924 0.000632 0.000040
0 0.001925 0.000924 0.000615 0.000039
0 0.001932 0.000924 0.000600 0.000038
0 0.001940 0.000921 0.000584 0.000034
0 0.001947 0.000921 0.000570 0.000043
0 0.001964 0.000922 0.000537 0.000036
0 0.001974 0.000923 0.000517 0.000038
0 0.001982 0.000921 0.000501 0.000038
0 0.001981 0.000714 0.000502 0.000024
0 0.001967 0.000710 0.000530 0.000024
0 0.001231 0.001468 0.002002 0.000024
0 0.001954 0.000478 0.000556 0.000024
0 0.001928 0.000477 0.000608 0.000024
0 0.001965 0.000475 0.000535 0.000021
0 0.001986 0.000439 0.000493 0.000022
0 0.001992 0.000438 0.000480 0.000024
0 0.002011 0.000558 0.000443 0.000024
0 0.001908 0.000476 0.000648 0.000022
0 0.001914 0.000475 0.000636 0.000021
0 0.001934 0.000479 0.000596 0.000023
0 0.001940 0.000479 0.000584 0.000024
0 0.001945 0.000478 0.000575 0.000022
0 0.001949 0.000479 0.000567 0.000023
0 0.001959 0.000478 0.000546 0.000022
0 0.001980 0.000437 0.000504 0.000026
0 0.001968 0.000478 0.000527 0.000024
0 0.001972 0.000480 0.000519 0.000023
0 0.001979 0.000480 0.000506 0.000023
0 0.001984 0.000477 0.000496 0.000019
0 0.001988 0.000477 0.000488 0.000021
0 0.001993 0.000480 0.000478 0.000026
0 0.001998 0.000480 0.000468 0.000023
0 0.001894 0.000477 0.000677 0.000026
0 0.001888 0.000476 0.000689 0.000026
0 0.001900 0.000758 0.000665 0.000026
0 0.001999 0.000559 0.000467 0.000026
0 0.001873 0.000478 0.000718 0.000027
0 0.001973 0.000412 0.000518 0.000012
0 0.001961 0.000711 0.000542 0.000028
0 0.001877 0.000431 0.000711 0.000035
0 0.002245 0.001946 0.004438 0.000085
0 0.002159 0.001501 0.000147 0.000015
0 0.002157 0.001513 0.000149 0.000016
0 0.002158 0.001525 0.000148 0.000016
0 0.002158 0.001536 0.000148 0.000017
0 0.002157 0.001547 0.000149 0.000015
0 0.002158 0.001558 0.000148 0.000012
0 0.002157 0.001569 0.000149 0.000013
0 0.002155 0.001465 0.000153 0.000019
0 0.002033 0.001716 0.000398 0.000027
0 0.001869 0.000430 0.000726 0.000038
0 0.001882 0.000431 0.000700 0.000030
0 0.001975 0.000432 0.000514 0.000024
0 0.001887 0.000428 0.000690 0.000036
0 0.001896 0.000428 0.000673 0.000034
0 0.001902 0.000430 0.000661 0.000033
0 0.001908 0.000432 0.000648 0.000028
0 0.001928 0.000437 0.000609 0.000029
0 0.001935 0.000433 0.000595 0.000027
0 0.001943 0.000437 0.000578 0.000024
0 0.001949 0.000437 0.000566 0.000026
0 0.001955 0.000435 0.000555 0.000026
0 0.001960 0.000435 0.000544 0.000027
0 0.001969 0.000435 0.000526 0.000027
0 0.001869 0.000544 0.000727 0.000038
0 0.001875 0.000550 0.000715 0.000030
0 0.001883 0.000550 0.000699 0.000033
0 0.002017 0.000609 0.000430 0.000030
0 0.001933 0.000608 0.000597 0.000027
0 0.001940 0.000610 0.000584 0.000033
0 0.001945 0.000608 0.000574 0.000029
0 0.001958 0.000606 0.000548 0.000030
0 0.001965 0.000608 0.000535 0.000029
0 0.001970 0.000609 0.000525 0.000034
0 0.001983 0.000609 0.000498 0.000032
0 0.001992 0.000608 0.000481 0.000028
0 0.001998 0.000607 0.000468 0.000029
0 0.002005 0.000607 0.000455 0.000029
0 0.002011 0.000609 0.000441 0.000029
0 0.002024 0.000608 0.000416 0.000030
0 0.001889 0.000555 0.000687 0.000026
0 0.001868 0.000702 0.000728 0.000039
0 0.001877 0.000707 0.000711 0.000027
0 0.001889 0.000706 0.000687 0.000028
0 0.001896 0.000710 0.000673 0.000028
0 0.001902 0.000707 0.000659 0.000029
0 0.001914 0.000708 0.000636 0.000027
0 0.001922 0.000709 0.000621 0.000032
0 0.001928 0.000709 0.000609 0.000030
0 0.001934 0.000710 0.000596 0.000030
0 0.001943 0.000710 0.000579 0.000027
0 0.001948 0.000709 0.000568 0.000027
0 0.001919 0.000607 0.000626 0.000029
0 0.001914 0.000605 0.000637 0.000028
0 0.001907 0.000605 0.000650 0.000026
0 0.001899 0.000605 0.000666 0.000032
0 0.001895 0.000553 0.000674 0.000029
0 0.001902 0.000552 0.000661 0.000027
0 0.001908 0.000553 0.000649 0.000028
0 0.001914 0.000559 0.000637 0.000026
0 0.001920 0.000557 0.000624 0.000026
0 0.001927 0.000557 0.000611 0.000027
0 0.001933 0.000553 0.000597 0.000028
0 0.001947 0.000557 0.000571 0.000028
0 0.001953 0.000557 0.000558 0.000028
0 0.001966 0.000555 0.000533 0.000030
0 0.002005 0.000556 0.000455 0.000027
0 0.001927 0.000605 0.000611 0.000027
0 0.001830 0.000900 0.000804 0.000032
0 0.001939 0.000553 0.000585 0.000029
0 0.001959 0.000557 0.000546 0.000026
0 0.001973 0.000555 0.000518 0.000028
0 0.001978 0.000557 0.000507 0.000024
0 0.001986 0.000558 0.000493 0.000026
0 0.001992 0.000555 0.000480 0.000026
0 0.002029 0.000609 0.000406 0.000030
0 0.001873 0.000604 0.000718 0.000030
0 0.001881 0.000608 0.000702 0.000028
0 0.001888 0.000606 0.000689 0.000032
0 0.002154 0.001244 0.000157 0.000033
0 0.002161 0.001249 0.000141 0.000043
0 0.001860 0.001479 0.000744 0.000062
0 0.001353 0.001804 0.001759 0.000029
0 0.001233 0.001803 0.001998 0.000028
0 0.001253 0.001800 0.001959 0.000024
0 0.001261 0.001806 0.001943 0.000032
0 0.001275 0.001802 0.001914 0.000029
0 0.001283 0.001806 0.001899 0.000030
0 0.001296 0.001804 0.001871 0.000029
0 0.001304 0.001805 0.001857 0.000028
0 0.001310 0.001804 0.001844 0.000029
0 0.001318 0.001803 0.001829 0.000026
0 0.001331 0.001802 0.001803 0.000026
0 0.001345 0.001810 0.001774 0.000039
0 0.001359 0.001805 0.001746 0.000028
0 0.001220 0.001802 0.002023 0.000019
0 0.001367 0.001804 0.001731 0.000029
0 0.001374 0.001805 0.001717 0.000028
0 0.001380 0.001806 0.001704 0.000032
0 0.001396 0.001808 0.001673 0.000038
0 0.001403 0.001803 0.001659 0.000030
0 0.001410 0.001803 0.001644 0.000030
0 0.001418 0.001806 0.001628 0.000039
0 0.001425 0.001755 0.001614 0.000039
0 0.001426 0.001812 0.001612 0.000045
0 0.001222 0.001611 0.002019 0.000021
0 0.001228 0.001608 0.002009 0.000024
0 0.001226 0.001800 0.002013 0.000021
0 0.001419 0.001764 0.001627 0.000027
0 0.001872 0.001482 0.000720 0.000056
0 0.001303 0.001763 0.001858 0.000034
0 0.001390 0.001925 0.001684 0.000050
0 0.001396 0.001987 0.001672 0.000052
0 0.001220 0.001767 0.002023 0.000026
0 0.001233 0.001763 0.001998 0.000032
0 0.001240 0.001761 0.001984 0.000033
0 0.001255 0.001761 0.001955 0.000033
0 0.001262 0.001762 0.001940 0.000030
0 0.001270 0.001765 0.001924 0.000027
0 0.001276 0.001759 0.001912 0.000034
0 0.001289 0.001761 0.001886 0.000034
0 0.001296 0.001765 0.001871 0.000027
0 0.001311 0.001763 0.001842 0.000028
0 0.001409 0.001763 0.001645 0.000028
0 0.001318 0.001760 0.001829 0.000033
0 0.001325 0.001763 0.001815 0.000032
0 0.001333 0.001766 0.001799 0.000029
0 0.001339 0.001766 0.001785 0.000026
0 0.001346 0.001763 0.001772 0.000030
0 0.001353 0.001763 0.001758 0.000033
0 0.001361 0.001762 0.001743 0.000033
0 0.001368 0.001763 0.001729 0.000028
0 0.001374 0.001760 0.001715 0.000034
0 0.001388 0.001761 0.001688 0.000032
0 0.001396 0.001760 0.001672 0.000034
0 0.001234 0.001608 0.001996 0.000028
0 0.001241 0.001609 0.001982 0.000023
0 0.001246 0.001608 0.001972 0.000026
0 0.001338 0.001650 0.001788 0.000030
0 0.001261 0.001647 0.001943 0.000029
0 0.001268 0.001646 0.001928 0.000024
0 0.001274 0.001645 0.001916 0.000023
0 0.001280 0.001652 0.001904 0.000034
0 0.001287 0.001649 0.001890 0.000024
0 0.001293 0.001649 0.001878 0.000030
0 0.001306 0.001647 0.001852 0.000027
0 0.001312 0.001646 0.001840 0.000023
0 0.001318 0.001647 0.001828 0.000029
0 0.001325 0.001649 0.001815 0.000029
0 0.001331 0.001650 0.001801 0.000030
0 0.001353 0.001644 0.001759 0.000023
0 0.001254 0.001608 0.001957 0.000029
0 0.001358 0.001651 0.001748 0.000036
0 0.001365 0.001645 0.001734 0.000023
0 0.001370 0.001645 0.001723 0.000028
0 0.001376 0.001646 0.001711 0.000026
0 0.001384 0.001650 0.001696 0.000030
0 0.001390 0.001649 0.001684 0.000033
0 0.001397 0.001645 0.001670 0.000028
0 0.001411 0.001647 0.001641 0.000029
0 0.001421 0.001646 0.001623 0.000024
0 0.001429 0.001654 0.001607 0.000040
0 0.001221 0.001471 0.002022 0.000022
0 0.001255 0.001648 0.001955 0.000028
0 0.001248 0.001651 0.001969 0.000035
0 0.001241 0.001646 0.001982 0.000026
0 0.001234 0.001645 0.001996 0.000023
0 0.001260 0.001611 0.001944 0.000019
0 0.001265 0.001605 0.001933 0.000030
0 0.001273 0.001609 0.001919 0.000022
0 0.001278 0.001603 0.001908 0.000028
0 0.001285 0.001606 0.001895 0.000028
0 0.001291 0.001606 0.001882 0.000029
0 0.001304 0.001608 0.001857 0.000022
0 0.001316 0.001608 0.001832 0.000028
0 0.001328 0.001604 0.001809 0.000032
0 0.001341 0.001608 0.001781 0.000024
0 0.001347 0.001608 0.001770 0.000026
0 0.001361 0.001607 0.001743 0.000027
0 0.001367 0.001608 0.001731 0.000026
0 0.001372 0.001609 0.001719 0.000023
0 0.001378 0.001611 0.001707 0.000022
0 0.001385 0.001608 0.001694 0.000027
0 0.001392 0.001609 0.001681 0.000026
0 0.001398 0.001609 0.001668 0.000026
0 0.001404 0.001604 0.001656 0.000026
0 0.001415 0.001606 0.001633 0.000032
0 0.001428 0.001601 0.001608 0.000041
0 0.001222 0.001645 0.002019 0.000024
0 0.001228 0.001646 0.002007 0.000026
0 0.001384 0.001930 0.001697 0.000035
0 0.001376 0.001934 0.001713 0.000029
0 0.001368 0.001934 0.001729 0.000033
0 0.001883 0.001390 0.000699 0.000056
0 0.002072 0.001461 0.000321 0.000010
0 0.002132 0.001567 0.000201 0.000012
0 0.002128 0.001552 0.000207 0.000015
0 0.002130 0.001537 0.000204 0.000013
0 0.002128 0.001522 0.000207 0.000015
0 0.002126 0.001504 0.000213 0.000016
0 0.002129 0.001489 0.000206 0.000019
0 0.002138 0.001468 0.000188 0.000015
0 0.002157 0.001489 0.000151 0.000017
0 0.001860 0.001379 0.000744 0.000073
0 0.001873 0.001386 0.000719 0.000066
0 0.001892 0.001398 0.000679 0.000050
0 0.002022 0.001395 0.000420 0.000047
0 0.001902 0.001399 0.000661 0.000046
0 0.001909 0.001395 0.000646 0.000052
0 0.001921 0.001393 0.000622 0.000062
0 0.001929 0.001392 0.000607 0.000054
0 0.001941 0.001396 0.000583 0.000051
0 0.001951 0.001399 0.000562 0.000050
0 0.001962 0.001389 0.000541 0.000063
0 0.001972 0.001390 0.000521 0.000055
0 0.001982 0.001393 0.000500 0.000056
0 0.001994 0.001396 0.000477 0.000051
0 0.002003 0.001398 0.000459 0.000047
0 0.002073 0.001481 0.000319 0.000016
0 0.002072 0.001496 0.000320 0.000016
0 0.002071 0.001510 0.000322 0.000015
0 0.002071 0.001527 0.000322 0.000016
0 0.001883 0.001472 0.000699 0.000055
0 0.001893 0.001479 0.000678 0.000067
0 0.001916 0.001452 0.000632 0.000019
0 0.001940 0.001561 0.000584 0.000017
0 0.001936 0.001547 0.000592 0.000021
0 0.001937 0.001530 0.000589 0.000019
0 0.001935 0.001516 0.000595 0.000022
0 0.001937 0.001496 0.000591 0.000016
0 0.001940 0.001483 0.000584 0.000012
0 0.001974 0.001474 0.000517 0.000027
0 0.001973 0.001490 0.000518 0.000024
0 0.001974 0.001506 0.000517 0.000022
0 0.001971 0.001521 0.000522 0.000022
0 0.001970 0.001567 0.000523 0.000029
0 0.002036 0.001572 0.000393 0.000017
0 0.002041 0.001556 0.000383 0.000017
0 0.002041 0.001541 0.000383 0.000015
0 0.002041 0.001510 0.000382 0.000017
0 0.002048 0.001489 0.000367 0.000015
0 0.002059 0.001460 0.000346 0.000027
0 0.002068 0.001573 0.000328 0.000015
0 0.002070 0.001559 0.000324 0.000016
0 0.002070 0.001543 0.000324 0.000016
0 0.002012 0.001396 0.000440 0.000050
0 0.002032 0.001401 0.000400 0.000046
0 0.001360 0.001932 0.001744 0.000030
0 0.001232 0.001937 0.002000 0.000027
0 0.001348 0.001982 0.001768 0.000036
0 0.001338 0.001982 0.001788 0.000038
0 0.001319 0.001984 0.001826 0.000044
0 0.001310 0.001983 0.001845 0.000044
0 0.001298 0.001982 0.001869 0.000043
0 0.001289 0.001979 0.001887 0.000039
0 0.001270 0.001981 0.001924 0.000038
0 0.001260 0.001983 0.001944 0.000043
0 0.001252 0.001979 0.001961 0.000039
0 0.001240 0.001983 0.001984 0.000046
0 0.001233 0.001977 0.001998 0.000035
0 0.001239 0.001937 0.001986 0.000026
0 0.002042 0.001397 0.000381 0.000052
0 0.001254 0.001929 0.001956 0.000039
0 0.001265 0.001935 0.001935 0.000029
0 0.001273 0.001932 0.001919 0.000033
0 0.001286 0.001934 0.001892 0.000032
0 0.001302 0.001929 0.001859 0.000036
0 0.001311 0.001933 0.001842 0.000032
0 0.001320 0.001934 0.001825 0.000030
0 0.001328 0.001930 0.001809 0.000036
0 0.001336 0.001935 0.001792 0.000032
0 0.001343 0.001935 0.001778 0.000030
0 0.001352 0.001932 0.001760 0.000030
0 0.001358 0.001982 0.001748 0.000043
0 0.001222 0.002061 0.002019 0.000018
0 0.001241 0.002105 0.001982 0.000018
0 0.001240 0.002117 0.001985 0.000012
0 0.002052 0.001401 0.000359 0.000045
0 0.002062 0.001396 0.000341 0.000056
0 0.002073 0.001397 0.000319 0.000055
0 0.002081 0.001393 0.000301 0.000069
0 0.002093 0.001400 0.000278 0.000051
0 0.002101 0.001393 0.000262 0.000063
0 0.002114 0.001407 0.000237 0.000044
0 0.002122 0.001405 0.000219 0.000044
0 0.002132 0.001403 0.000200 0.000046
0 0.002142 0.001393 0.000180 0.000062
0 0.002154 0.001396 0.000157 0.000057
0 0.002163 0.001394 0.000137 0.000058
0 0.002175 0.001403 0.000114 0.000047
0 0.002192 0.001409 0.000081 0.000049
0 0.002125 0.001077 0.000214 0.000027
0 0.001385 0.001214 0.001694 0.000034
0 0.001241 0.001025 0.001982 0.000026
0 0.001309 0.001606 0.001846 0.000030
0 0.001352 0.001506 0.001760 0.000027
0 0.001242 0.002127 0.001980 0.000011
0 0.001250 0.002073 0.001964 0.000015
0 0.001287 0.002199 0.001891 0.000019
0 0.001228 0.002130 0.002009 0.000022
0 0.007904 0.000508 0.015443 0.000353