0 0.004696 0.002095 0.008465 0.000270
0 0.011523 0.001678 0.021597 0.000072
0 0.001516 0.000674 0.001433 0.000142
0 0.001460 0.000527 0.001543 0.000238
0 0.001390 0.000395 0.001685 0.000304
0 0.001390 0.000303 0.001684 0.000120
0 0.001372 0.000426 0.001721 0.000125
0 0.001287 0.000099 0.001891 0.000112
0 0.001290 0.000262 0.001884 0.000128
0 0.011187 0.001372 0.022269 0.000096
0 0.011191 0.001041 0.022260 0.000101
0 0.008798 0.001846 0.013654 0.000569
0 0.008686 0.001607 0.013879 0.000502
0 0.008623 0.001498 0.014004 0.000502
0 0.008574 0.001408 0.014101 0.000473
0 0.008527 0.001320 0.014196 0.000473
0 0.008481 0.001240 0.014287 0.000489
0 0.008429 0.001148 0.014392 0.000475
0 0.008365 0.001036 0.014521 0.000513
0 0.008300 0.000922 0.014650 0.000526
0 0.008241 0.000846 0.014769 0.000454
0 0.008177 0.000709 0.014897 0.000526
0 0.008114 0.000594 0.015021 0.000515
0 0.008056 0.000481 0.015137 0.000481
0 0.008004 0.000410 0.015242 0.000414
0 0.001652 0.000922 0.001161 0.000142
0 0.001765 0.000961 0.000934 0.000117
0 0.001764 0.001067 0.000937 0.000339
0 0.001796 0.000250 0.000872 0.000142
0 0.011786 0.002144 0.021071 0.000085
0 0.011633 0.001866 0.021376 0.000075
0 0.011380 0.001587 0.021882 0.000072
0 0.011365 0.001637 0.021913 0.000069
0 0.011230 0.000902 0.022183 0.000112
0 0.002123 0.000992 0.000218 0.000179
0 0.002112 0.000555 0.000241 0.000150
0 0.001959 0.000615 0.000547 0.000296
0 0.001855 0.000286 0.000754 0.000064
0 0.001844 0.000239 0.000777 0.000045
0 0.011553 0.001730 0.021538 0.000069
0 0.001819 0.001173 0.000826 0.000131
0 0.011556 0.001545 0.021531 0.000077
0 0.011529 0.001490 0.021584 0.000069
0 0.002126 0.001639 0.000213 0.000166
0 0.002039 0.001471 0.000387 0.000123
0 0.002025 0.001581 0.000414 0.000123
0 0.001950 0.001371 0.000564 0.000334
0 0.001913 0.001323 0.000639 0.000280
0 0.001910 0.001243 0.000645 0.000125
0 0.001877 0.001370 0.000710 0.000123
0 0.001851 0.001247 0.000762 0.000288
0 0.007949 0.000300 0.015353 0.000494