0 0.011927 0.000967 0.020789 0.000044
0 0.011722 0.000186 0.021199 0.000038
0 0.001293 0.000757 0.001878 0.000131
0 0.001317 0.000687 0.001830 0.000054
0 0.001267 0.000644 0.001931 0.000105
0 0.001272 0.000585 0.001921 0.000061
0 0.001222 0.000528 0.002021 0.000127
0 0.001198 0.000487 0.002067 0.000061
0 0.001117 0.000316 0.002230 0.000120
0 0.001186 0.000397 0.002092 0.000048
0 0.008512 0.001843 0.014226 0.000213
0 0.008567 0.001977 0.014117 0.000249
0 0.008437 0.001698 0.014377 0.000229
0 0.008331 0.001511 0.014588 0.000324
0 0.008235 0.001243 0.014779 0.000202
0 0.008187 0.001130 0.014877 0.000205
0 0.008135 0.001020 0.014981 0.000223
0 0.008043 0.000860 0.015164 0.000312
0 0.007990 0.000674 0.015269 0.000153
0 0.007946 0.000591 0.015359 0.000213
0 0.007902 0.000486 0.015446 0.000202
0 0.007867 0.000394 0.015515 0.000133
0 0.007812 0.000286 0.015625 0.000222
0 0.001379 0.000895 0.001706 0.000121
0 0.001393 0.000954 0.001679 0.000131
0 0.001403 0.001039 0.001659 0.000158
0 0.011632 0.000118 0.021378 0.000057
0 0.012238 0.001319 0.020167 0.000047
0 0.012120 0.001200 0.020402 0.000051
0 0.011901 0.000071 0.020841 0.000053
0 0.011873 0.000147 0.020896 0.000046
0 0.011830 0.000170 0.020984 0.000053
0 0.011748 0.000374 0.021146 0.000055
0 0.011693 0.000243 0.021256 0.000028
0 0.012027 0.001199 0.020589 0.000058
0 0.011978 0.001087 0.020687 0.000061
0 0.011897 0.000869 0.020850 0.000044
0 0.001476 0.001093 0.001512 0.000055
0 0.011863 0.000629 0.020917 0.000059
0 0.011726 0.000532 0.021191 0.000063
0 0.001936 0.002011 0.000592 0.000059
0 0.001755 0.001721 0.000953 0.000144
0 0.001775 0.001651 0.000915 0.000065
0 0.001640 0.001286 0.001185 0.000062
0 0.001584 0.001331 0.001297 0.000057
0 0.001586 0.001242 0.001293 0.000063
0 0.001506 0.001179 0.001452 0.000124
0 0.007812 0.000152 0.015625 0.000186