0 0.012191 0.001129 0.020260 0.000061
0 0.008443 0.001379 0.014365 0.000184
0 0.001584 0.001037 0.001297 0.000059
0 0.001565 0.001076 0.001334 0.000132
0 0.001537 0.000987 0.001391 0.000105
0 0.001505 0.000862 0.001454 0.000050
0 0.001524 0.000887 0.001417 0.000088
0 0.001319 0.000463 0.001826 0.000067
0 0.001310 0.000319 0.001844 0.000051
0 0.001238 0.000203 0.001988 0.000065
0 0.001219 0.000081 0.002027 0.000058
0 0.008485 0.001454 0.014279 0.000164
0 0.008395 0.001273 0.014460 0.000152
0 0.011812 0.000393 0.021018 0.000062
0 0.008360 0.001205 0.014529 0.000197
0 0.008325 0.001119 0.014600 0.000184
0 0.008282 0.001034 0.014686 0.000191
0 0.008242 0.000944 0.014765 0.000179
0 0.008202 0.000859 0.014846 0.000183
0 0.008143 0.000744 0.014964 0.000217
0 0.008048 0.000578 0.015153 0.000311
0 0.008002 0.000420 0.015247 0.000205
0 0.007939 0.000296 0.015373 0.000218
0 0.007888 0.000176 0.015475 0.000187
0 0.001666 0.001136 0.001132 0.000059
0 0.001683 0.001252 0.001098 0.000051
0 0.001710 0.001337 0.001045 0.000078
0 0.001800 0.001501 0.000864 0.000116
0 0.012164 0.000997 0.020315 0.000061
0 0.012044 0.000763 0.020555 0.000054
0 0.012098 0.000494 0.020447 0.000046
0 0.012097 0.000439 0.020449 0.000046
0 0.012014 0.000660 0.020616 0.000050
0 0.011923 0.000676 0.020797 0.000054
0 0.011871 0.000568 0.020900 0.000054
0 0.011922 0.000458 0.020799 0.000050
0 0.011844 0.000300 0.020955 0.000061
0 0.011755 0.000100 0.021132 0.000066
0 0.001917 0.001706 0.000630 0.000058
0 0.002012 0.001789 0.000441 0.000051
0 0.001958 0.001831 0.000549 0.000057
0 0.001907 0.001896 0.000651 0.000166
0 0.002023 0.002008 0.000419 0.000061
0 0.008776 0.002126 0.013698 0.000152
0 0.008732 0.002030 0.013785 0.000191
0 0.008700 0.001937 0.013850 0.000159
0 0.008650 0.001849 0.013950 0.000187
0 0.008515 0.001550 0.014220 0.000190
0 0.008550 0.001638 0.014149 0.000207
0 0.007837 0.000092 0.015576 0.000179