0 0.002003 0.000155 0.000458 0.000127
0 0.001138 0.001234 0.002188 0.000104
0 0.008211 0.001186 0.014827 0.000460
0 0.015833 0.000997 0.030834 0.000257
0 0.015718 0.000116 0.031065 0.000200
0 0.008134 0.000845 0.014982 0.000146
0 0.008668 0.000298 0.013915 0.000553
0 0.008603 0.000542 0.014044 0.000507
0 0.008518 0.000695 0.014214 0.000507
0 0.008467 0.000890 0.014315 0.000413
0 0.008393 0.000993 0.014463 0.000348
0 0.008302 0.001050 0.014645 0.000494
0 0.001221 0.001593 0.002022 0.000172
0 0.002014 0.000364 0.000436 0.000125
0 0.001199 0.001440 0.002065 0.000104
0 0.001220 0.001392 0.002025 0.000117
0 0.001245 0.001518 0.001975 0.000130
0 0.001516 0.001254 0.001433 0.000330
0 0.001653 0.001020 0.001158 0.000117
0 0.001696 0.001041 0.001072 0.000127
0 0.001822 0.000886 0.000820 0.000218
0 0.001832 0.000752 0.000801 0.000268
0 0.001874 0.000704 0.000717 0.000120
0 0.001975 0.000469 0.000513 0.000138
0 0.007838 0.001434 0.015574 0.000806