0 0.010950 0.001878 0.018279 0.000196
0 0.010951 0.001329 0.018276 0.000153
0 0.010641 0.001104 0.018896 0.000290
0 0.010699 0.001133 0.018781 0.000288
0 0.010732 0.001157 0.018715 0.000294
0 0.010797 0.001215 0.018584 0.000292
0 0.010863 0.001260 0.018453 0.000292
0 0.010885 0.001254 0.018408 0.000292
0 0.010942 0.001270 0.018294 0.000303
0 0.010575 0.001051 0.019029 0.000286
0 0.011068 0.001353 0.018043 0.000298
0 0.011061 0.000441 0.018056 0.000321
0 0.011046 0.001063 0.018087 0.000294
0 0.011019 0.001070 0.018140 0.000292
0 0.010829 0.000944 0.018521 0.000294
0 0.010863 0.000322 0.018453 0.000323
0 0.010613 0.001103 0.018952 0.000292
0 0.010540 0.001025 0.019099 0.000288
0 0.010921 0.000353 0.018336 0.000323
0 0.010243 0.000874 0.019692 0.000268
0 0.010153 0.000832 0.019872 0.000294
0 0.010174 0.000821 0.019831 0.000292
0 0.010203 0.000871 0.019772 0.000290
0 0.010077 0.001339 0.020025 0.000196
0 0.010335 0.000942 0.019509 0.000302
0 0.010115 0.000790 0.019948 0.000292
0 0.010259 0.000890 0.019661 0.000296
0 0.010516 0.001030 0.019147 0.000286
0 0.010299 0.000893 0.019581 0.000290
0 0.010363 0.000940 0.019454 0.000294
0 0.010396 0.000962 0.019387 0.000276
0 0.010423 0.000970 0.019332 0.000276
0 0.010460 0.001011 0.019260 0.000288
0 0.010483 0.001006 0.019212 0.000294
0 0.010881 0.000338 0.018416 0.000327
0 0.010741 0.000907 0.018696 0.000305
0 0.010710 0.001449 0.018759 0.000106
0 0.010527 0.001621 0.019124 0.000196
0 0.010333 0.001530 0.019514 0.000198
0 0.010379 0.001529 0.019421 0.000192
0 0.010400 0.001562 0.019378 0.000198
0 0.010441 0.001560 0.019296 0.000194
0 0.010466 0.001581 0.019246 0.000198
0 0.010494 0.001610 0.019190 0.000194
0 0.010567 0.001632 0.019044 0.000202
0 0.010295 0.001469 0.019589 0.000200
0 0.010588 0.001664 0.019002 0.000192
0 0.010617 0.001676 0.018944 0.000200
0 0.010649 0.001707 0.018881 0.000180
0 0.010683 0.001714 0.018813 0.000206
0 0.010736 0.001763 0.018707 0.000190
0 0.010877 0.001803 0.018424 0.000200
0 0.010296 0.001527 0.019587 0.000200
0 0.010243 0.001487 0.019692 0.000166
0 0.010685 0.000841 0.018808 0.000296
0 0.010270 0.000597 0.019638 0.000286
0 0.010607 0.000796 0.018964 0.000288
0 0.010519 0.000743 0.019141 0.000292
0 0.010495 0.000692 0.019189 0.000166
0 0.010480 0.000762 0.019220 0.000223
0 0.010455 0.000724 0.019269 0.000243
0 0.010302 0.000616 0.019574 0.000296
0 0.010172 0.000507 0.019835 0.000294
0 0.010211 0.001462 0.019757 0.000198
0 0.010114 0.000501 0.019951 0.000302
0 0.010087 0.000488 0.020005 0.000298
0 0.010074 0.001403 0.020031 0.000202
0 0.010122 0.001400 0.019935 0.000204
0 0.010144 0.001427 0.019891 0.000188
0 0.010172 0.001454 0.019835 0.000190
0 0.010080 0.000752 0.020018 0.000294