0 0.011922 0.000232 0.020799 0.000065
0 0.008410 0.001171 0.014430 0.000194
0 0.008835 0.002118 0.013580 0.000148
0 0.008784 0.001999 0.013682 0.000202
0 0.008734 0.001881 0.013781 0.000197
0 0.008664 0.001752 0.013921 0.000240
0 0.008616 0.001618 0.014019 0.000199
0 0.008577 0.001528 0.014096 0.000197
0 0.008546 0.001452 0.014157 0.000171
0 0.008504 0.001371 0.014243 0.000183
0 0.008472 0.001282 0.014306 0.000178
0 0.008355 0.001061 0.014539 0.000221
0 0.001305 0.000266 0.001854 0.000088
0 0.008292 0.000930 0.014665 0.000241
0 0.008238 0.000804 0.014773 0.000194
0 0.008203 0.000723 0.014844 0.000180
0 0.008170 0.000642 0.014909 0.000179
0 0.008148 0.000572 0.014954 0.000159
0 0.008099 0.000477 0.015052 0.000179
0 0.008065 0.000389 0.015121 0.000167
0 0.008028 0.000316 0.015194 0.000179
0 0.007990 0.000236 0.015269 0.000180
0 0.001256 0.000170 0.001952 0.000054
0 0.001369 0.000339 0.001726 0.000055
0 0.012218 0.000959 0.020207 0.000055
0 0.001905 0.001450 0.000655 0.000048
0 0.012231 0.000652 0.020181 0.000048
0 0.012004 0.000068 0.020634 0.000053
0 0.012026 0.000514 0.020591 0.000053
0 0.011981 0.000372 0.020681 0.000055
0 0.011815 0.000322 0.021012 0.000051
0 0.002161 0.002002 0.000142 0.000057
0 0.002025 0.001806 0.000415 0.000077
0 0.001876 0.001534 0.000712 0.000104
0 0.001907 0.001488 0.000651 0.000051
0 0.001816 0.001390 0.000831 0.000058
0 0.001410 0.000421 0.001645 0.000053
0 0.001802 0.001301 0.000860 0.000054
0 0.001771 0.001197 0.000923 0.000059
0 0.001731 0.001117 0.001002 0.000055
0 0.001601 0.000936 0.001262 0.000051
0 0.001576 0.000829 0.001313 0.000051
0 0.001483 0.000684 0.001498 0.000086
0 0.001463 0.000666 0.001539 0.000061
0 0.001417 0.000609 0.001630 0.000109
0 0.001450 0.000500 0.001563 0.000050
0 0.007939 0.000140 0.015373 0.000205