0 0.001979 0.001717 0.000506 0.000028
0 0.001983 0.001743 0.000498 0.000044
0 0.001831 0.000807 0.000803 0.000035
0 0.001828 0.000867 0.000809 0.000039
0 0.001810 0.000866 0.000844 0.000034
0 0.001794 0.000862 0.000876 0.000031
0 0.001777 0.000858 0.000911 0.000031
0 0.001756 0.000856 0.000951 0.000044
0 0.001736 0.000859 0.000992 0.000042
0 0.001718 0.000859 0.001029 0.000050
0 0.001699 0.000850 0.001067 0.000048
0 0.001683 0.000847 0.001098 0.000039
0 0.001663 0.000849 0.001138 0.000043
0 0.001645 0.000849 0.001175 0.000046
0 0.001627 0.000851 0.001210 0.000050
0 0.001609 0.000852 0.001246 0.000042
0 0.001590 0.000842 0.001285 0.000051
0 0.001570 0.000838 0.001323 0.000050
0 0.001550 0.000836 0.001364 0.000051
0 0.001530 0.000837 0.001405 0.000051
0 0.001508 0.000834 0.001447 0.000061
0 0.001487 0.000836 0.001490 0.000055
0 0.001455 0.000889 0.001555 0.000066
0 0.001616 0.000673 0.001232 0.000036
0 0.001780 0.000199 0.000905 0.000051
0 0.001815 0.000207 0.000833 0.000038
0 0.001711 0.000296 0.001043 0.000032
0 0.001742 0.000358 0.000980 0.000046
0 0.001725 0.000353 0.001014 0.000028
0 0.001709 0.000355 0.001047 0.000042
0 0.001688 0.000357 0.001088 0.000047
0 0.001672 0.000349 0.001120 0.000036
0 0.001650 0.000342 0.001165 0.000052
0 0.001654 0.000290 0.001157 0.000052
0 0.001676 0.000288 0.001112 0.000040
0 0.001690 0.000297 0.001084 0.000038
0 0.001859 0.000312 0.000746 0.000035
0 0.001833 0.000212 0.000799 0.000031
0 0.001846 0.000310 0.000773 0.000036
0 0.001832 0.000311 0.000801 0.000028
0 0.001812 0.000310 0.000840 0.000036
0 0.001794 0.000301 0.000876 0.000040
0 0.001780 0.000304 0.000905 0.000035
0 0.001761 0.000301 0.000943 0.000046
0 0.001743 0.000302 0.000978 0.000036
0 0.001866 0.000219 0.000732 0.000042
0 0.001851 0.000214 0.000762 0.000035
0 0.001440 0.000835 0.001584 0.000074
0 0.001419 0.000828 0.001626 0.000058
0 0.001395 0.000778 0.001675 0.000102
0 0.001605 0.001043 0.001254 0.000036
0 0.001771 0.001001 0.000923 0.000054
0 0.001752 0.001005 0.000960 0.000065
0 0.001732 0.001008 0.001000 0.000059
0 0.001713 0.000964 0.001039 0.000023
0 0.001712 0.001014 0.001041 0.000059
0 0.001696 0.001017 0.001071 0.000054
0 0.001655 0.001027 0.001155 0.000059
0 0.001635 0.001035 0.001193 0.000059
0 0.001617 0.001035 0.001230 0.000054
0 0.001581 0.001042 0.001303 0.000050
0 0.001813 0.000994 0.000838 0.000039
0 0.001559 0.001051 0.001346 0.000054
0 0.001521 0.001060 0.001423 0.000059
0 0.001502 0.001060 0.001460 0.000054
0 0.001464 0.001073 0.001537 0.000058
0 0.001445 0.001076 0.001573 0.000054
0 0.001433 0.001084 0.001598 0.000057
0 0.001415 0.001088 0.001634 0.000054
0 0.001394 0.001014 0.001677 0.000063
0 0.001405 0.001002 0.001655 0.000079
0 0.001790 0.000992 0.000884 0.000055
0 0.001830 0.000987 0.000805 0.000036
0 0.001425 0.000763 0.001614 0.000043
0 0.001633 0.000784 0.001197 0.000046
0 0.001438 0.000765 0.001588 0.000031
0 0.001456 0.000766 0.001553 0.000047
0 0.001807 0.000803 0.000850 0.000042
0 0.001791 0.000803 0.000882 0.000034
0 0.001777 0.000800 0.000911 0.000031
0 0.001757 0.000795 0.000949 0.000043
0 0.001738 0.000797 0.000988 0.000044
0 0.001721 0.000794 0.001023 0.000043
0 0.001701 0.000791 0.001063 0.000038
0 0.001614 0.000782 0.001236 0.000034
0 0.001811 0.000943 0.000842 0.000019
0 0.001596 0.000782 0.001273 0.000038
0 0.001579 0.000780 0.001307 0.000046
0 0.001563 0.000775 0.001338 0.000048
0 0.001528 0.000774 0.001409 0.000042
0 0.001509 0.000770 0.001445 0.000043
0 0.001490 0.000769 0.001484 0.000036
0 0.001473 0.000766 0.001519 0.000051
0 0.016412 0.000750 0.029677 0.000052
0 0.001746 0.000957 0.000972 0.000020
0 0.001764 0.000360 0.000937 0.000050
0 0.001783 0.000363 0.000899 0.000035
0 0.001797 0.000363 0.000870 0.000038
0 0.001771 0.000637 0.000923 0.000036
0 0.001742 0.000687 0.000980 0.000036
0 0.001755 0.000690 0.000953 0.000035
0 0.001775 0.000694 0.000915 0.000034
0 0.001812 0.000693 0.000840 0.000038
0 0.001838 0.000702 0.000789 0.000034
0 0.001827 0.000535 0.000811 0.000047
0 0.001804 0.000638 0.000856 0.000039
0 0.001839 0.000640 0.000787 0.000035
0 0.001821 0.000638 0.000821 0.000038
0 0.001753 0.000634 0.000958 0.000043
0 0.001704 0.000685 0.001057 0.000038
0 0.001734 0.000632 0.000996 0.000046
0 0.001699 0.000626 0.001067 0.000044
0 0.001681 0.000622 0.001102 0.000046
0 0.001629 0.000617 0.001206 0.000039
0 0.001612 0.000615 0.001240 0.000051
0 0.001594 0.000613 0.001277 0.000050
0 0.001576 0.000608 0.001313 0.000043
0 0.001560 0.000614 0.001344 0.000039
0 0.001542 0.000611 0.001380 0.000035
0 0.001720 0.000690 0.001025 0.000043
0 0.001683 0.000683 0.001098 0.000044
0 0.001526 0.000605 0.001413 0.000036
0 0.008083 0.001002 0.015084 0.000219
0 0.008357 0.000334 0.014535 0.000118
0 0.008128 0.000482 0.014995 0.000147
0 0.008117 0.000651 0.015015 0.000149
0 0.008104 0.000815 0.015042 0.000152
0 0.008093 0.001193 0.015064 0.000233
0 0.008144 0.001401 0.014962 0.000242
0 0.008197 0.001655 0.014857 0.000237
0 0.008418 0.001933 0.014413 0.000149
0 0.008433 0.002116 0.014385 0.000140
0 0.001404 0.000621 0.001657 0.000093
0 0.001666 0.000684 0.001132 0.000036
0 0.001434 0.000597 0.001596 0.000047
0 0.001430 0.000657 0.001604 0.000048
0 0.001454 0.000656 0.001557 0.000031
0 0.001468 0.000659 0.001529 0.000035
0 0.001489 0.000659 0.001486 0.000046
0 0.001561 0.000675 0.001342 0.000046
0 0.001578 0.000671 0.001309 0.000036
0 0.001599 0.000674 0.001267 0.000032
0 0.001648 0.000679 0.001169 0.000035
0 0.001506 0.000664 0.001452 0.000042
0 0.001506 0.000605 0.001452 0.000040
0 0.001818 0.000369 0.000827 0.000048
0 0.001803 0.000474 0.000858 0.000032
0 0.001709 0.000466 0.001047 0.000038
0 0.001812 0.000530 0.000840 0.000035
0 0.001795 0.000531 0.000874 0.000030
0 0.001777 0.000527 0.000911 0.000034
0 0.001759 0.000525 0.000945 0.000032
0 0.001736 0.000522 0.000992 0.000043
0 0.001849 0.000476 0.000766 0.000036
0 0.001832 0.000474 0.000801 0.000036
0 0.001817 0.000473 0.000829 0.000047
0 0.001784 0.000468 0.000897 0.000028
0 0.001703 0.000521 0.001059 0.000035
0 0.001763 0.000470 0.000939 0.000039
0 0.001727 0.000466 0.001010 0.000043
0 0.001693 0.000462 0.001077 0.000039
0 0.001667 0.000514 0.001130 0.000030
0 0.001567 0.000506 0.001330 0.000040
0 0.001416 0.000443 0.001632 0.000083
0 0.001424 0.000498 0.001616 0.000026
0 0.001858 0.000372 0.000748 0.000034
0 0.001835 0.000366 0.000795 0.000046
0 0.001718 0.000519 0.001029 0.000046
0 0.001673 0.000460 0.001118 0.000048
0 0.001469 0.000599 0.001527 0.000044
0 0.001534 0.000441 0.001397 0.000047
0 0.001453 0.000597 0.001559 0.000043
0 0.001446 0.000433 0.001571 0.000046
0 0.001441 0.000491 0.001582 0.000040
0 0.001460 0.000493 0.001545 0.000047
0 0.001477 0.000494 0.001510 0.000046
0 0.001498 0.000495 0.001468 0.000038
0 0.001480 0.000439 0.001504 0.000044
0 0.001497 0.000443 0.001470 0.000043
0 0.001516 0.000440 0.001433 0.000048
0 0.001551 0.000501 0.001362 0.000039
0 0.001682 0.000519 0.001100 0.000048
0 0.001570 0.000445 0.001323 0.000047
0 0.001587 0.000509 0.001291 0.000048
0 0.001586 0.000447 0.001293 0.000042
0 0.001604 0.000449 0.001256 0.000048
0 0.001622 0.000445 0.001220 0.000050
0 0.001625 0.000511 0.001214 0.000038
0 0.001643 0.000515 0.001179 0.000054
0 0.001638 0.000453 0.001189 0.000036
0 0.001657 0.000457 0.001151 0.000042
0 0.001428 0.000994 0.001608 0.000079
0 0.001452 0.000997 0.001561 0.000067
0 0.001486 0.001000 0.001492 0.000054
0 0.002005 0.001963 0.000453 0.000046
0 0.001795 0.001980 0.000874 0.000047
0 0.001815 0.001975 0.000833 0.000048
0 0.001833 0.001977 0.000799 0.000057
0 0.001889 0.001974 0.000687 0.000052
0 0.001909 0.001966 0.000646 0.000046
0 0.001931 0.001966 0.000602 0.000035
0 0.001946 0.001966 0.000573 0.000048
0 0.001965 0.001964 0.000535 0.000051
0 0.001982 0.001964 0.000500 0.000047
0 0.002021 0.001958 0.000423 0.000050
0 0.001775 0.001979 0.000915 0.000047
0 0.002039 0.001956 0.000386 0.000051
0 0.002080 0.001885 0.000305 0.000062
0 0.002063 0.001892 0.000337 0.000048
0 0.002044 0.001894 0.000376 0.000050
0 0.002029 0.001895 0.000407 0.000050
0 0.002011 0.001898 0.000443 0.000047
0 0.001992 0.001901 0.000480 0.000048
0 0.001974 0.001900 0.000516 0.000054
0 0.001957 0.001903 0.000551 0.000051
0 0.001771 0.001915 0.000923 0.000054
0 0.001752 0.001918 0.000960 0.000058
0 0.001918 0.001898 0.000628 0.000057
0 0.001587 0.001630 0.001291 0.000079
0 0.001596 0.001714 0.001273 0.000086
0 0.001569 0.001720 0.001325 0.000071
0 0.001545 0.001726 0.001374 0.000085
0 0.001525 0.001730 0.001415 0.000078
0 0.001509 0.001744 0.001445 0.000077
0 0.001493 0.001662 0.001478 0.000075
0 0.001519 0.001648 0.001427 0.000079
0 0.001538 0.001644 0.001388 0.000073
0 0.001563 0.001638 0.001338 0.000074
0 0.001609 0.001623 0.001246 0.000079
0 0.001757 0.001981 0.000949 0.000044
0 0.001634 0.001623 0.001195 0.000070
0 0.001657 0.001613 0.001151 0.000061
0 0.001677 0.001610 0.001110 0.000071
0 0.001725 0.001601 0.001014 0.000067
0 0.001747 0.001594 0.000970 0.000073
0 0.001772 0.001589 0.000921 0.000067
0 0.001784 0.001578 0.000897 0.000070
0 0.001702 0.001958 0.001061 0.000109
0 0.001734 0.001925 0.000996 0.000047
0 0.001941 0.001903 0.000581 0.000047
0 0.001907 0.001906 0.000651 0.000036
0 0.001641 0.001700 0.001183 0.000077
0 0.002110 0.002063 0.000244 0.000040
0 0.002015 0.002144 0.000435 0.000050
0 0.002034 0.002135 0.000396 0.000046
0 0.002052 0.002137 0.000360 0.000040
0 0.002068 0.002133 0.000327 0.000051
0 0.002088 0.002131 0.000289 0.000052
0 0.002108 0.002128 0.000248 0.000050
0 0.002126 0.002129 0.000211 0.000050
0 0.002144 0.002126 0.000177 0.000040
0 0.002126 0.002064 0.000211 0.000038
0 0.002040 0.002074 0.000384 0.000047
0 0.001975 0.002137 0.000514 0.000043
0 0.002019 0.002076 0.000427 0.000051
0 0.002003 0.002079 0.000457 0.000051
0 0.001984 0.002077 0.000496 0.000052
0 0.001968 0.002079 0.000529 0.000052
0 0.001933 0.002083 0.000598 0.000043
0 0.001920 0.002083 0.000624 0.000035
0 0.001897 0.002087 0.000671 0.000048
0 0.001878 0.002090 0.000707 0.000047
0 0.002060 0.001724 0.000344 0.000036
0 0.001992 0.002139 0.000480 0.000051
0 0.001957 0.002141 0.000551 0.000047
0 0.001888 0.001910 0.000689 0.000047
0 0.001764 0.002099 0.000937 0.000051
0 0.001868 0.001911 0.000728 0.000046
0 0.001843 0.001905 0.000779 0.000058
0 0.001830 0.001913 0.000805 0.000052
0 0.001811 0.001919 0.000842 0.000046
0 0.001793 0.001919 0.000878 0.000050
0 0.001714 0.002140 0.001037 0.000104
0 0.001742 0.002164 0.000980 0.000048
0 0.001745 0.002105 0.000974 0.000052
0 0.001770 0.002168 0.000925 0.000051
0 0.001784 0.002100 0.000897 0.000050
0 0.001921 0.002152 0.000622 0.000052
0 0.001788 0.002164 0.000888 0.000051
0 0.001809 0.002160 0.000846 0.000050
0 0.001804 0.002094 0.000856 0.000050
0 0.001820 0.002093 0.000823 0.000055
0 0.001823 0.002155 0.000819 0.000044
0 0.001842 0.002156 0.000781 0.000052
0 0.001864 0.002158 0.000736 0.000057
0 0.001882 0.002156 0.000699 0.000052
0 0.001901 0.002153 0.000663 0.000052
0 0.001619 0.001705 0.001226 0.000074
0 0.001678 0.001707 0.001108 0.000086
0 0.001505 0.000994 0.001454 0.000059
0 0.001797 0.001121 0.000870 0.000055
0 0.001436 0.001274 0.001592 0.000067
0 0.001416 0.001276 0.001632 0.000055
0 0.001395 0.001251 0.001675 0.000110
0 0.001403 0.001202 0.001659 0.000063
0 0.001432 0.001205 0.001600 0.000061
0 0.001454 0.001206 0.001557 0.000052
0 0.001848 0.001103 0.000768 0.000048
0 0.001834 0.001113 0.000797 0.000039
0 0.001815 0.001117 0.000833 0.000051
0 0.001778 0.001127 0.000909 0.000055
0 0.001479 0.001263 0.001506 0.000065
0 0.001756 0.001131 0.000951 0.000055
0 0.001739 0.001137 0.000986 0.000048
0 0.001721 0.001139 0.001023 0.000050
0 0.001688 0.001139 0.001088 0.000058
0 0.001680 0.001148 0.001104 0.000058
0 0.001662 0.001152 0.001140 0.000052
0 0.001642 0.001158 0.001181 0.000058
0 0.001623 0.001162 0.001218 0.000055
0 0.001576 0.001163 0.001313 0.000058
0 0.001459 0.001271 0.001547 0.000067
0 0.001502 0.001257 0.001460 0.000057
0 0.001545 0.001181 0.001374 0.000052
0 0.001835 0.001188 0.000795 0.000065
0 0.001528 0.000989 0.001409 0.000062
0 0.001538 0.000978 0.001388 0.000065
0 0.001569 0.000980 0.001325 0.000062
0 0.001589 0.000977 0.001287 0.000058
0 0.001608 0.000974 0.001248 0.000054
0 0.001617 0.000963 0.001230 0.000057
0 0.001650 0.000968 0.001165 0.000036
0 0.001666 0.000963 0.001132 0.000051
0 0.001856 0.001184 0.000752 0.000062
0 0.001792 0.001196 0.000880 0.000067
0 0.001527 0.001253 0.001411 0.000055
0 0.001759 0.001197 0.000945 0.000055
0 0.001739 0.001204 0.000986 0.000062
0 0.001717 0.001205 0.001031 0.000058
0 0.001696 0.001212 0.001071 0.000062
0 0.001674 0.001216 0.001116 0.000061
0 0.001662 0.001232 0.001140 0.000067
0 0.001641 0.001234 0.001183 0.000062
0 0.001600 0.001245 0.001264 0.000066
0 0.001544 0.001253 0.001376 0.000071
0 0.001565 0.001175 0.001334 0.000055
0 0.001526 0.001185 0.001413 0.000055
0 0.001689 0.001694 0.001086 0.000081
0 0.001794 0.001407 0.000876 0.000066
0 0.001558 0.001466 0.001348 0.000071
0 0.001583 0.001454 0.001299 0.000067
0 0.001604 0.001457 0.001256 0.000081
0 0.001628 0.001452 0.001208 0.000079
0 0.001654 0.001440 0.001157 0.000065
0 0.001675 0.001440 0.001114 0.000070
0 0.001711 0.001439 0.001043 0.000074
0 0.001721 0.001428 0.001023 0.000079
0 0.001755 0.001431 0.000953 0.000074
0 0.001815 0.001407 0.000833 0.000087
0 0.001464 0.001491 0.001537 0.000087
0 0.001852 0.001395 0.000760 0.000065
0 0.001863 0.001387 0.000738 0.000052
0 0.001838 0.001665 0.000789 0.000096
0 0.001818 0.001573 0.000827 0.000075
0 0.001812 0.001657 0.000840 0.000071
0 0.001788 0.001668 0.000888 0.000081
0 0.001763 0.001674 0.000939 0.000078
0 0.001738 0.001682 0.000988 0.000086
0 0.001714 0.001680 0.001037 0.000073
0 0.001510 0.001483 0.001443 0.000082
0 0.001426 0.001428 0.001612 0.000077
0 0.001507 0.001189 0.001449 0.000054
0 0.001721 0.001351 0.001023 0.000057
0 0.001479 0.001185 0.001506 0.000061
0 0.001878 0.001388 0.000707 0.000039
0 0.001874 0.001313 0.000716 0.000065
0 0.001850 0.001321 0.000764 0.000061
0 0.001830 0.001325 0.000805 0.000063
0 0.001804 0.001330 0.000856 0.000058
0 0.001787 0.001336 0.000890 0.000065
0 0.001762 0.001341 0.000941 0.000061
0 0.001732 0.001339 0.001000 0.000063
0 0.001697 0.001356 0.001069 0.000061
0 0.001453 0.001405 0.001559 0.000066
0 0.001674 0.001362 0.001116 0.000057
0 0.001648 0.001360 0.001169 0.000058
0 0.001634 0.001374 0.001195 0.000059
0 0.001616 0.001380 0.001232 0.000057
0 0.001584 0.001378 0.001297 0.000061
0 0.001571 0.001384 0.001321 0.000065
0 0.001550 0.001390 0.001364 0.000059
0 0.001506 0.001399 0.001452 0.000063
0 0.001484 0.001403 0.001496 0.000059
0 0.008487 0.000203 0.014275 0.000065