0 0.011885 0.000160 0.020872 0.000032
0 0.001482 0.000565 0.001501 0.000063
0 0.008650 0.000921 0.013950 0.000121
0 0.008622 0.000808 0.014006 0.000120
0 0.008598 0.000719 0.014055 0.000129
0 0.008576 0.000627 0.014098 0.000114
0 0.008541 0.000510 0.014168 0.000133
0 0.016366 0.002101 0.029768 0.000088
0 0.001374 0.000131 0.001717 0.000187
0 0.001423 0.000146 0.001619 0.000148
0 0.001406 0.000249 0.001653 0.000033
0 0.001461 0.000412 0.001542 0.000040
0 0.001487 0.000478 0.001491 0.000040
0 0.001490 0.000509 0.001484 0.000046
0 0.001603 0.000177 0.001259 0.000064
0 0.001644 0.001923 0.001177 0.000046
0 0.001607 0.000043 0.001251 0.000086
0 0.001637 0.000274 0.001191 0.000047
0 0.001686 0.000450 0.001092 0.000156
0 0.001953 0.000807 0.000557 0.000044
0 0.001976 0.000872 0.000512 0.000044
0 0.001970 0.001022 0.000525 0.000080
0 0.001986 0.000988 0.000492 0.000032
0 0.002005 0.001118 0.000454 0.000082
0 0.002016 0.001194 0.000432 0.000055
0 0.002014 0.001236 0.000436 0.000082
0 0.002053 0.001272 0.000358 0.000037
0 0.002061 0.001338 0.000343 0.000070
0 0.008676 0.001009 0.013897 0.000116
0 0.008697 0.001114 0.013856 0.000117
0 0.008729 0.001229 0.013793 0.000114
0 0.008749 0.001334 0.013752 0.000118
0 0.008256 0.000065 0.014739 0.000123
0 0.008407 0.000407 0.014436 0.000130
0 0.008337 0.000312 0.014576 0.000110
0 0.008099 0.000316 0.015053 0.000109
0 0.008112 0.000406 0.015027 0.000121
0 0.008144 0.000523 0.014962 0.000122
0 0.008183 0.000709 0.014884 0.000149
0 0.008050 0.001182 0.015151 0.000070
0 0.008051 0.001270 0.015148 0.000066
0 0.008048 0.001379 0.015155 0.000071
0 0.008046 0.001510 0.015159 0.000078
0 0.008042 0.001713 0.015166 0.000195
0 0.008133 0.001783 0.014985 0.000142
0 0.008199 0.001831 0.014851 0.000145
0 0.008256 0.001874 0.014739 0.000157
0 0.008323 0.001920 0.014604 0.000161
0 0.008401 0.001961 0.014448 0.000130
0 0.008467 0.001955 0.014316 0.000131
0 0.008560 0.001929 0.014130 0.000143
0 0.008624 0.001885 0.014002 0.000153
0 0.008691 0.001843 0.013869 0.000156
0 0.008756 0.001788 0.013738 0.000174
0 0.008818 0.001635 0.013614 0.000103
0 0.008814 0.001528 0.013621 0.000116
0 0.008771 0.001423 0.013708 0.000116
0 0.002105 0.001374 0.000254 0.000032
0 0.001582 0.001862 0.001300 0.000123
0 0.011872 0.000089 0.020899 0.000036
0 0.011191 0.001651 0.022262 0.000021
0 0.011191 0.001671 0.022262 0.000021
0 0.011189 0.000922 0.022266 0.000021
0 0.011338 0.000664 0.021967 0.000035
0 0.011209 0.000422 0.022225 0.000054
0 0.011230 0.000501 0.022183 0.000043
0 0.011236 0.000526 0.022171 0.000043
0 0.011242 0.000543 0.022160 0.000054
0 0.011250 0.000575 0.022143 0.000043
0 0.011290 0.000434 0.022063 0.000034
0 0.011204 0.000403 0.022236 0.000044
0 0.010072 0.001051 0.020035 0.000024
0 0.011189 0.001494 0.022266 0.000021
0 0.011201 0.001807 0.022241 0.000030
0 0.001556 0.001823 0.001353 0.000071
0 0.011171 0.002138 0.022301 0.000041
0 0.011195 0.001738 0.022252 0.000026
0 0.011555 0.002214 0.021533 0.000038
0 0.012142 0.002192 0.020358 0.000044
0 0.012239 0.002137 0.020164 0.000046
0 0.012235 0.000736 0.020172 0.000030
0 0.012234 0.000714 0.020175 0.000028
0 0.012169 0.000297 0.020304 0.000036
0 0.012148 0.000254 0.020348 0.000039
0 0.012116 0.000369 0.020411 0.000038
0 0.011966 0.000157 0.020711 0.000049
0 0.011941 0.000074 0.020761 0.000039
0 0.011196 0.001605 0.022251 0.000022
0 0.011389 0.002096 0.021865 0.000044
0 0.012241 0.000758 0.020160 0.000032
0 0.012098 0.000142 0.020447 0.000038
0 0.001514 0.001793 0.001436 0.000178
0 0.001408 0.001663 0.001648 0.000073
0 0.001376 0.001703 0.001713 0.000050
0 0.001365 0.001649 0.001735 0.000038
0 0.001362 0.001559 0.001740 0.000020
0 0.001381 0.001517 0.001702 0.000036
0 0.001374 0.001376 0.001717 0.000038
0 0.001378 0.001172 0.001707 0.000044
0 0.001360 0.001107 0.001744 0.000031
0 0.001374 0.001069 0.001717 0.000059
0 0.001409 0.001009 0.001646 0.000029
0 0.002111 0.001765 0.000242 0.000076
0 0.002091 0.001420 0.000283 0.000057
0 0.002155 0.001611 0.000154 0.000026
0 0.002040 0.001807 0.000383 0.000055
0 0.001962 0.001854 0.000541 0.000057
0 0.001915 0.001920 0.000633 0.000068
0 0.001839 0.001957 0.000787 0.000053
0 0.001713 0.001959 0.001039 0.000062
0 0.001688 0.001916 0.001088 0.000050
0 0.011884 0.000136 0.020875 0.000033
0 0.011881 0.000112 0.020880 0.000029
0 0.011946 0.000097 0.020750 0.000047
0 0.011928 0.000026 0.020787 0.000049
0 0.012061 0.000050 0.020522 0.000040
0 0.004573 0.000906 0.008711 0.000092