0 0.011714 0.002004 0.021214 0.000044
0 0.008534 0.001445 0.014181 0.000218
0 0.001386 0.000390 0.001692 0.000058
0 0.001376 0.000326 0.001712 0.000232
0 0.007857 0.002084 0.015536 0.000145
0 0.007814 0.002006 0.015622 0.000145
0 0.008756 0.001928 0.013738 0.000067
0 0.008700 0.001757 0.013850 0.000159
0 0.008586 0.001539 0.014079 0.000228
0 0.008473 0.001331 0.014305 0.000200
0 0.001506 0.000600 0.001452 0.000054
0 0.008421 0.001214 0.014409 0.000194
0 0.008382 0.001136 0.014487 0.000203
0 0.008312 0.001022 0.014627 0.000231
0 0.008186 0.000827 0.014879 0.000295
0 0.008143 0.000689 0.014963 0.000183
0 0.008064 0.000597 0.015123 0.000208
0 0.007981 0.000416 0.015288 0.000265
0 0.001410 0.000563 0.001645 0.000148
0 0.001489 0.000677 0.001486 0.000126
0 0.011718 0.002109 0.021206 0.000045
0 0.002081 0.001877 0.000302 0.000047
0 0.011722 0.002162 0.021200 0.000052
0 0.011616 0.001817 0.021411 0.000041
0 0.011314 0.001262 0.022016 0.000051
0 0.011193 0.000931 0.022256 0.000050
0 0.010174 0.001212 0.019831 0.000050
0 0.007904 0.002156 0.015441 0.000146
0 0.008762 0.002048 0.013726 0.000034
0 0.002119 0.001750 0.000226 0.000032
0 0.001514 0.000746 0.001437 0.000041
0 0.001838 0.001227 0.000788 0.000046
0 0.001831 0.001169 0.000801 0.000047
0 0.001793 0.001112 0.000878 0.000043
0 0.001784 0.001081 0.000896 0.000047
0 0.001723 0.001065 0.001018 0.000052
0 0.001657 0.001009 0.001151 0.000125
0 0.001562 0.000770 0.001340 0.000115
0 0.007823 0.000244 0.015604 0.000206