0 0.002134 0.001599 0.000197 0.000027
0 0.001839 0.001019 0.000787 0.000026
0 0.001807 0.001016 0.000850 0.000027
0 0.001819 0.001055 0.000827 0.000033
0 0.001779 0.001018 0.000907 0.000029
0 0.001763 0.001053 0.000938 0.000030
0 0.001756 0.001021 0.000952 0.000023
0 0.001723 0.001020 0.001018 0.000029
0 0.001740 0.001056 0.000984 0.000031
0 0.001689 0.001018 0.001086 0.000032
0 0.001663 0.001021 0.001137 0.000028
0 0.001653 0.001057 0.001157 0.000032
0 0.001626 0.001058 0.001212 0.000032
0 0.001599 0.001058 0.001266 0.000032
0 0.001575 0.001018 0.001314 0.000033
0 0.001548 0.001023 0.001368 0.000027
0 0.001541 0.001057 0.001383 0.000028
0 0.001515 0.001023 0.001434 0.000031
0 0.001514 0.001057 0.001437 0.000027
0 0.001482 0.001018 0.001499 0.000034
0 0.001490 0.001060 0.001485 0.000029
0 0.001430 0.001023 0.001605 0.000033
0 0.001431 0.001063 0.001602 0.000035
0 0.001480 0.000962 0.001505 0.000016
0 0.001499 0.000956 0.001465 0.000019
0 0.001548 0.000954 0.001368 0.000020
0 0.001574 0.000956 0.001317 0.000031
0 0.001601 0.000953 0.001263 0.000025
0 0.001625 0.000953 0.001214 0.000015
0 0.001651 0.000952 0.001163 0.000019
0 0.001679 0.000954 0.001106 0.000025
0 0.001847 0.001052 0.000770 0.000027
0 0.001872 0.001018 0.000721 0.000025
0 0.001730 0.000951 0.001003 0.000017
0 0.001903 0.001058 0.000659 0.000035
0 0.001792 0.001174 0.000881 0.000036
0 0.001796 0.001131 0.000872 0.000034
0 0.001817 0.001168 0.000830 0.000032
0 0.001829 0.001130 0.000807 0.000035
0 0.001847 0.001166 0.000770 0.000029
0 0.001854 0.001126 0.000755 0.000031
0 0.001889 0.001128 0.000687 0.000037
0 0.001920 0.001126 0.000624 0.000034
0 0.001953 0.001127 0.000559 0.000032
0 0.001987 0.001126 0.000490 0.000033
0 0.001907 0.001170 0.000650 0.000032
0 0.001933 0.001169 0.000599 0.000032
0 0.001958 0.001166 0.000547 0.000033
0 0.001993 0.001168 0.000479 0.000034
0 0.002024 0.001162 0.000416 0.000016
0 0.002018 0.001142 0.000428 0.000016
0 0.002027 0.001125 0.000411 0.000014
0 0.002064 0.001055 0.000336 0.000010
0 0.002050 0.001041 0.000365 0.000013
0 0.002051 0.001026 0.000362 0.000013
0 0.002048 0.001010 0.000368 0.000012
0 0.002013 0.001012 0.000439 0.000027
0 0.002020 0.001054 0.000425 0.000034
0 0.001986 0.001013 0.000493 0.000031
0 0.001984 0.001053 0.000496 0.000037
0 0.001957 0.001015 0.000550 0.000031
0 0.001933 0.001016 0.000599 0.000028
0 0.001930 0.001051 0.000604 0.000030
0 0.001900 0.001018 0.000664 0.000029
0 0.001706 0.000953 0.001052 0.000020
0 0.001757 0.000952 0.000949 0.000027
0 0.001766 0.001131 0.000932 0.000035
0 0.002035 0.000434 0.000393 0.000008
0 0.002028 0.000407 0.000408 0.000007
0 0.002033 0.000399 0.000399 0.000008
0 0.002035 0.000388 0.000393 0.000010
0 0.002033 0.000294 0.000399 0.000008
0 0.002021 0.000284 0.000422 0.000008
0 0.002015 0.000276 0.000433 0.000007
0 0.002024 0.000266 0.000416 0.000007
0 0.002020 0.000259 0.000425 0.000007
0 0.002023 0.000248 0.000419 0.000008
0 0.002014 0.000241 0.000436 0.000007
0 0.002021 0.000227 0.000422 0.000006
0 0.002018 0.000219 0.000428 0.000008
0 0.002013 0.000209 0.000439 0.000009
0 0.002011 0.000183 0.000442 0.000009
0 0.008819 0.002109 0.013612 0.000058
0 0.004704 0.000095 0.008450 0.000034
0 0.008802 0.002008 0.013647 0.000058
0 0.008750 0.001817 0.013749 0.000064
0 0.016184 0.001799 0.030133 0.000041
0 0.008743 0.001715 0.013763 0.000063
0 0.008718 0.001614 0.013815 0.000063
0 0.008752 0.001398 0.013746 0.000101
0 0.008227 0.001374 0.014795 0.000047
0 0.008199 0.001264 0.014852 0.000082
0 0.008172 0.001149 0.014907 0.000080
0 0.008146 0.001034 0.014958 0.000079
0 0.008187 0.000949 0.014875 0.000042
0 0.008675 0.000668 0.013900 0.000121
0 0.008671 0.000451 0.013909 0.000122
0 0.002031 0.000417 0.000402 0.000008
0 0.002077 0.000434 0.000311 0.000018
0 0.001783 0.000951 0.000898 0.000023
0 0.002038 0.000442 0.000388 0.000007
0 0.001806 0.000953 0.000852 0.000029
0 0.001837 0.000950 0.000790 0.000016
0 0.001889 0.000950 0.000687 0.000021
0 0.001911 0.000950 0.000641 0.000019
0 0.001936 0.000947 0.000593 0.000025
0 0.001964 0.000947 0.000536 0.000025
0 0.001991 0.000946 0.000482 0.000027
0 0.002027 0.000933 0.000411 0.000016
0 0.002024 0.000915 0.000416 0.000015
0 0.008702 0.000908 0.013846 0.000077
0 0.002015 0.000898 0.000433 0.000014
0 0.002015 0.000881 0.000433 0.000014
0 0.002070 0.000869 0.000325 0.000009
0 0.002061 0.000840 0.000342 0.000019
0 0.002087 0.000848 0.000291 0.000019
0 0.002055 0.000725 0.000353 0.000008
0 0.002053 0.000715 0.000359 0.000007
0 0.002045 0.000708 0.000373 0.000008
0 0.002044 0.000673 0.000376 0.000010
0 0.002047 0.000650 0.000371 0.000009
0 0.002048 0.000632 0.000368 0.000007
0 0.002047 0.000622 0.000371 0.000008
0 0.002047 0.000615 0.000371 0.000007
0 0.002053 0.000604 0.000359 0.000008
0 0.002044 0.000509 0.000376 0.000010
0 0.002040 0.000491 0.000385 0.000007
0 0.002040 0.000474 0.000385 0.000008
0 0.002033 0.000464 0.000399 0.000006
0 0.002037 0.000456 0.000391 0.000008
0 0.001766 0.001171 0.000932 0.000017
0 0.001730 0.001129 0.001003 0.000037
0 0.002104 0.001595 0.000257 0.000032
0 0.002195 0.002006 0.000074 0.000051
0 0.002134 0.002094 0.000197 0.000018
0 0.002131 0.002126 0.000202 0.000019
0 0.002152 0.002126 0.000160 0.000019
0 0.002177 0.002124 0.000111 0.000019
0 0.002201 0.002104 0.000063 0.000049
0 0.002164 0.001622 0.000137 0.000039
0 0.002157 0.001489 0.000151 0.000043
0 0.002101 0.001497 0.000262 0.000040
0 0.002047 0.001499 0.000371 0.000042
0 0.001947 0.001487 0.000570 0.000025
0 0.001911 0.001491 0.000641 0.000032
0 0.001873 0.001491 0.000718 0.000028
0 0.001840 0.001494 0.000784 0.000026
0 0.001656 0.001470 0.001152 0.000012
0 0.001671 0.001491 0.001123 0.000016
0 0.001571 0.001495 0.001323 0.000014
0 0.001588 0.001473 0.001289 0.000012
0 0.001777 0.001416 0.000909 0.000025
0 0.001809 0.001423 0.000847 0.000045
0 0.001850 0.001423 0.000764 0.000042
0 0.001886 0.001420 0.000693 0.000040
0 0.002118 0.001432 0.000228 0.000012
0 0.002045 0.001432 0.000373 0.000009
0 0.002070 0.001418 0.000325 0.000015
0 0.002065 0.001393 0.000334 0.000014
0 0.002061 0.001378 0.000342 0.000015
0 0.001924 0.001420 0.000616 0.000040
0 0.002024 0.001365 0.000416 0.000041
0 0.001997 0.001367 0.000470 0.000040
0 0.002151 0.002093 0.000162 0.000021
0 0.002169 0.002026 0.000125 0.000030
0 0.001931 0.001369 0.000602 0.000036
0 0.002145 0.002025 0.000174 0.000027
0 0.002075 0.001597 0.000314 0.000031
0 0.002045 0.001601 0.000373 0.000021
0 0.002025 0.001598 0.000413 0.000021
0 0.002057 0.001633 0.000351 0.000029
0 0.002085 0.001630 0.000294 0.000019
0 0.002111 0.001633 0.000242 0.000031
0 0.002135 0.001632 0.000194 0.000029
0 0.002092 0.001701 0.000279 0.000026
0 0.002063 0.001700 0.000339 0.000033
0 0.002060 0.001739 0.000345 0.000032
0 0.002095 0.001738 0.000274 0.000016
0 0.002118 0.001701 0.000228 0.000020
0 0.002139 0.001700 0.000185 0.000028
0 0.002142 0.001734 0.000180 0.000034
0 0.002171 0.001725 0.000123 0.000045
0 0.002179 0.001795 0.000105 0.000034
0 0.002151 0.001798 0.000162 0.000032
0 0.002125 0.001797 0.000214 0.000017
0 0.002068 0.001838 0.000328 0.000027
0 0.002127 0.001834 0.000211 0.000030
0 0.002149 0.001834 0.000165 0.000029
0 0.002177 0.001831 0.000111 0.000030
0 0.002080 0.001889 0.000305 0.000016
0 0.002078 0.001907 0.000308 0.000017
0 0.002111 0.001932 0.000242 0.000015
0 0.002172 0.001990 0.000120 0.000024
0 0.002142 0.001991 0.000180 0.000016
0 0.002122 0.001992 0.000220 0.000017
0 0.002124 0.002026 0.000217 0.000021
0 0.001963 0.001369 0.000539 0.000039
0 0.001893 0.001368 0.000678 0.000039
0 0.001738 0.001169 0.000989 0.000030
0 0.001787 0.001283 0.000889 0.000035
0 0.001819 0.001282 0.000827 0.000030
0 0.001850 0.001241 0.000764 0.000034
0 0.001844 0.001284 0.000775 0.000036
0 0.001877 0.001241 0.000710 0.000033
0 0.001884 0.001286 0.000696 0.000038
0 0.001909 0.001241 0.000647 0.000036
0 0.001910 0.001281 0.000644 0.000035
0 0.001941 0.001282 0.000582 0.000035
0 0.001970 0.001241 0.000525 0.000034
0 0.001971 0.001281 0.000522 0.000038
0 0.002018 0.001237 0.000428 0.000017
0 0.002027 0.001261 0.000411 0.000023
0 0.002020 0.001283 0.000425 0.000014
0 0.002031 0.001301 0.000402 0.000015
0 0.001482 0.001132 0.001499 0.000035
0 0.001517 0.001133 0.001431 0.000034
0 0.001518 0.001176 0.001428 0.000022
0 0.001544 0.001176 0.001377 0.000019
0 0.001545 0.001132 0.001374 0.000036
0 0.001576 0.001131 0.001311 0.000037
0 0.001568 0.001175 0.001328 0.000035
0 0.001595 0.001173 0.001274 0.000034
0 0.001611 0.001135 0.001243 0.000035
0 0.001624 0.001173 0.001217 0.000034
0 0.001638 0.001128 0.001189 0.000039
0 0.001668 0.001129 0.001129 0.000037
0 0.001683 0.001174 0.001098 0.000032
0 0.001699 0.001128 0.001066 0.000038
0 0.001709 0.001174 0.001046 0.000036
0 0.001816 0.001240 0.000832 0.000039
0 0.001793 0.001246 0.000878 0.000030
0 0.001864 0.001373 0.000735 0.000035
0 0.001759 0.001284 0.000946 0.000034
0 0.001822 0.001368 0.000821 0.000040
0 0.001790 0.001370 0.000884 0.000039
0 0.001757 0.001370 0.000949 0.000038
0 0.001729 0.001376 0.001006 0.000034
0 0.001692 0.001372 0.001080 0.000037
0 0.001656 0.001373 0.001152 0.000036
0 0.001625 0.001373 0.001214 0.000038
0 0.001595 0.001375 0.001274 0.000036
0 0.001564 0.001377 0.001337 0.000029
0 0.001527 0.001375 0.001411 0.000041
0 0.001519 0.001249 0.001425 0.000020
0 0.001494 0.001292 0.001477 0.000021
0 0.001524 0.001294 0.001417 0.000020
0 0.001544 0.001248 0.001377 0.000019
0 0.001547 0.001284 0.001371 0.000029
0 0.001572 0.001255 0.001320 0.000020
0 0.001595 0.001245 0.001274 0.000030
0 0.001578 0.001288 0.001308 0.000032
0 0.001622 0.001249 0.001220 0.000027
0 0.001608 0.001288 0.001249 0.000033
0 0.001646 0.001248 0.001172 0.000032
0 0.001638 0.001288 0.001189 0.000030
0 0.001672 0.001247 0.001120 0.000035
0 0.001666 0.001288 0.001132 0.000036
0 0.001702 0.001248 0.001060 0.000029
0 0.001702 0.001289 0.001060 0.000032
0 0.001732 0.001247 0.001001 0.000029
0 0.001729 0.001288 0.001006 0.000034
0 0.001755 0.001242 0.000955 0.000035
0 0.008642 0.000236 0.013966 0.000124