0 0.010703 0.001607 0.018773 0.000097
0 0.010625 0.001071 0.018928 0.000191
0 0.010606 0.000932 0.018966 0.000119
0 0.010428 0.001483 0.019322 0.000053
0 0.010426 0.001437 0.019326 0.000064
0 0.010436 0.001397 0.019306 0.000053
0 0.010444 0.001313 0.019291 0.000061
0 0.010457 0.001273 0.019264 0.000052
0 0.010509 0.000865 0.019160 0.000053
0 0.010471 0.001185 0.019237 0.000061
0 0.010492 0.001073 0.019195 0.000053
0 0.010511 0.000959 0.019157 0.000058
0 0.010518 0.000788 0.019142 0.000069
0 0.010535 0.000750 0.019110 0.000049
0 0.010538 0.000712 0.019102 0.000055
0 0.010533 0.000677 0.019113 0.000069
0 0.010819 0.000655 0.018541 0.000138
0 0.010792 0.000638 0.018595 0.000138
0 0.010768 0.000622 0.018642 0.000094
0 0.010742 0.000603 0.018695 0.000113
0 0.010714 0.000587 0.018750 0.000138
0 0.010684 0.000586 0.018810 0.000154
0 0.010661 0.000576 0.018857 0.000139
0 0.010638 0.000573 0.018902 0.000130
0 0.010596 0.000467 0.018986 0.000138
0 0.010361 0.000653 0.019457 0.000094
0 0.010369 0.000616 0.019440 0.000094
0 0.010370 0.000567 0.019439 0.000103
0 0.010312 0.000342 0.019555 0.000268
0 0.010126 0.000771 0.019926 0.000276
0 0.010107 0.000739 0.019964 0.000280
0 0.010624 0.000945 0.018930 0.000130
0 0.010660 0.001214 0.018859 0.000128
0 0.011611 0.001152 0.021422 0.000049
0 0.010624 0.001272 0.018931 0.000147
0 0.011580 0.001223 0.021483 0.000056
0 0.011602 0.001105 0.021438 0.000055
0 0.011673 0.001666 0.021296 0.000105
0 0.011700 0.001700 0.021244 0.000085
0 0.011692 0.001566 0.021258 0.000091
0 0.011767 0.001675 0.021109 0.000070
0 0.012120 0.000253 0.020404 0.000042
0 0.012116 0.000602 0.020411 0.000058
0 0.012050 0.000883 0.020542 0.000036
0 0.012047 0.000846 0.020549 0.000044
0 0.011867 0.000945 0.020909 0.000083
0 0.011450 0.000989 0.021743 0.000045
0 0.011352 0.000222 0.021938 0.000091
0 0.010080 0.001435 0.020018 0.000269
0 0.010110 0.001447 0.019958 0.000269
0 0.010269 0.001318 0.019640 0.000092
0 0.010269 0.001227 0.019640 0.000102
0 0.010285 0.001132 0.019609 0.000092
0 0.010306 0.001055 0.019566 0.000102
0 0.010599 0.001599 0.018980 0.000086
0 0.010501 0.001637 0.019177 0.000132
0 0.010801 0.001670 0.018577 0.000078
0 0.010724 0.001331 0.018730 0.000091
0 0.010799 0.001033 0.018581 0.000136
0 0.010694 0.001271 0.018790 0.000130
0 0.010671 0.001315 0.018837 0.000080
0 0.010688 0.001190 0.018802 0.000132
0 0.010679 0.001062 0.018821 0.000166
0 0.010644 0.001331 0.018890 0.000081
0 0.010054 0.000225 0.020071 0.000274