0 0.002062 0.000186 0.000339 0.000026
0 0.002073 0.000120 0.000319 0.000024
0 0.001683 0.001376 0.001098 0.000062
0 0.001716 0.001362 0.001033 0.000051
0 0.001724 0.001344 0.001016 0.000046
0 0.001735 0.001335 0.000994 0.000069
0 0.001752 0.001319 0.000960 0.000065
0 0.001771 0.001304 0.000923 0.000061
0 0.001803 0.001243 0.000858 0.000114
0 0.001863 0.001430 0.000738 0.000070
0 0.001839 0.001445 0.000787 0.000073
0 0.001801 0.001476 0.000862 0.000071
0 0.001782 0.001498 0.000901 0.000062
0 0.001741 0.001525 0.000982 0.000061
0 0.001762 0.001513 0.000941 0.000074
0 0.001795 0.001579 0.000874 0.000067
0 0.001800 0.001558 0.000864 0.000059
0 0.001821 0.001545 0.000821 0.000071
0 0.001858 0.001515 0.000748 0.000036
0 0.001862 0.001512 0.000740 0.000057
0 0.001880 0.001500 0.000703 0.000071
0 0.001670 0.001391 0.001124 0.000044
0 0.001684 0.001305 0.001096 0.000053
0 0.001701 0.001294 0.001063 0.000043
0 0.001632 0.001196 0.001199 0.000043
0 0.001676 0.000961 0.001112 0.000092
0 0.001714 0.001081 0.001037 0.000035
0 0.001700 0.001093 0.001065 0.000038
0 0.001687 0.001104 0.001090 0.000038
0 0.001674 0.001115 0.001116 0.000038
0 0.001628 0.001145 0.001208 0.000036
0 0.001587 0.001181 0.001291 0.000040
0 0.001604 0.001222 0.001256 0.000031
0 0.001654 0.001183 0.001157 0.000032
0 0.001704 0.001278 0.001057 0.000043
0 0.001667 0.001173 0.001130 0.000035
0 0.001681 0.001163 0.001102 0.000042
0 0.001695 0.001150 0.001073 0.000039
0 0.001723 0.001127 0.001018 0.000035
0 0.001733 0.001093 0.000998 0.000101
0 0.001777 0.001232 0.000911 0.000051
0 0.001762 0.001242 0.000941 0.000053
0 0.001746 0.001257 0.000972 0.000058
0 0.001866 0.001410 0.000732 0.000067
0 0.001914 0.001480 0.000636 0.000066
0 0.001981 0.001629 0.000502 0.000070
0 0.008341 0.001309 0.014568 0.000206
0 0.002090 0.002015 0.000285 0.000067
0 0.002103 0.002048 0.000258 0.000065
0 0.002118 0.002077 0.000228 0.000067
0 0.002117 0.002118 0.000230 0.000073
0 0.008804 0.002030 0.013643 0.000201
0 0.008656 0.001931 0.013938 0.000176
0 0.008529 0.001720 0.014192 0.000238
0 0.008424 0.001505 0.014401 0.000232
0 0.008279 0.001149 0.014692 0.000179
0 0.002067 0.001949 0.000329 0.000059
0 0.008219 0.001016 0.014812 0.000175
0 0.008134 0.000802 0.014983 0.000273
0 0.008058 0.000530 0.015133 0.000135
0 0.008036 0.000455 0.015178 0.000083
0 0.007985 0.000384 0.015279 0.000162
0 0.007931 0.000139 0.015387 0.000277
0 0.016452 0.002133 0.029595 0.000131
0 0.016315 0.001861 0.029870 0.000075
0 0.002076 0.001989 0.000313 0.000058
0 0.002090 0.001866 0.000285 0.000081
0 0.001963 0.001642 0.000539 0.000062
0 0.001960 0.001727 0.000545 0.000063
0 0.001940 0.001656 0.000583 0.000070
0 0.001906 0.001665 0.000653 0.000067
0 0.001903 0.001688 0.000659 0.000063
0 0.001883 0.001705 0.000697 0.000066
0 0.001852 0.001717 0.000760 0.000063
0 0.001902 0.001782 0.000661 0.000071
0 0.001925 0.001754 0.000614 0.000051
0 0.001939 0.001743 0.000585 0.000070
0 0.001981 0.001712 0.000502 0.000065
0 0.002066 0.001890 0.000331 0.000088
0 0.002013 0.001697 0.000439 0.000088
0 0.001958 0.001960 0.000549 0.000081
0 0.001981 0.001945 0.000502 0.000081
0 0.002042 0.002093 0.000380 0.000038
0 0.002060 0.002034 0.000344 0.000035
0 0.002076 0.002069 0.000313 0.000039
0 0.002010 0.001929 0.000445 0.000071
0 0.002029 0.001904 0.000407 0.000079
0 0.001663 0.000992 0.001138 0.000036
0 0.001649 0.001008 0.001167 0.000039
0 0.001606 0.001040 0.001252 0.000031
0 0.001491 0.000770 0.001482 0.000024
0 0.001555 0.000864 0.001354 0.000027
0 0.001562 0.000857 0.001340 0.000026
0 0.001558 0.000731 0.001348 0.000067
0 0.001528 0.000742 0.001409 0.000024
0 0.001522 0.000747 0.001421 0.000023
0 0.001515 0.000753 0.001435 0.000024
0 0.001506 0.000758 0.001452 0.000024
0 0.001499 0.000765 0.001466 0.000024
0 0.001485 0.000775 0.001494 0.000024
0 0.001536 0.000879 0.001393 0.000027
0 0.001476 0.000782 0.001512 0.000024
0 0.001469 0.000749 0.001527 0.000036
0 0.001456 0.000759 0.001553 0.000034
0 0.001435 0.000765 0.001594 0.000063
0 0.001477 0.000744 0.001510 0.000034
0 0.001487 0.000734 0.001490 0.000034
0 0.001500 0.000714 0.001464 0.000048
0 0.001497 0.000605 0.001470 0.000058
0 0.001547 0.000869 0.001370 0.000028
0 0.001524 0.000890 0.001417 0.000030
0 0.001471 0.000637 0.001523 0.000046
0 0.001619 0.001029 0.001226 0.000039
0 0.002001 0.000098 0.000461 0.000016
0 0.008779 0.000067 0.013692 0.000101
0 0.001600 0.000991 0.001264 0.000035
0 0.001614 0.000981 0.001236 0.000036
0 0.001629 0.000970 0.001206 0.000034
0 0.001643 0.000960 0.001179 0.000032
0 0.001656 0.000950 0.001153 0.000034
0 0.001631 0.001016 0.001201 0.000035
0 0.001588 0.001002 0.001289 0.000035
0 0.001514 0.000895 0.001437 0.000027
0 0.001573 0.001012 0.001317 0.000035
0 0.001578 0.001061 0.001309 0.000038
0 0.001562 0.001023 0.001340 0.000032
0 0.001503 0.000963 0.001458 0.000030
0 0.001541 0.000926 0.001382 0.000058
0 0.001475 0.000835 0.001515 0.000022
0 0.001483 0.000854 0.001498 0.000019
0 0.001490 0.000866 0.001484 0.000022
0 0.001478 0.000630 0.001508 0.000046
0 0.001459 0.000645 0.001547 0.000046
0 0.001658 0.001121 0.001149 0.000039
0 0.001250 0.000109 0.001964 0.000043
0 0.001239 0.000155 0.001986 0.000018
0 0.001235 0.000147 0.001994 0.000016
0 0.001231 0.000138 0.002002 0.000018
0 0.001302 0.000224 0.001860 0.000039
0 0.001294 0.000208 0.001876 0.000034
0 0.001279 0.000174 0.001907 0.000036
0 0.001275 0.000156 0.001915 0.000027
0 0.001268 0.000139 0.001929 0.000027
0 0.001193 0.000053 0.002078 0.000047
0 0.001245 0.000172 0.001974 0.000018
0 0.001189 0.000027 0.002086 0.000046
0 0.001550 0.001032 0.001364 0.000034
0 0.001531 0.001046 0.001403 0.000038
0 0.001553 0.001080 0.001358 0.000031
0 0.001563 0.001069 0.001338 0.000035
0 0.001590 0.001047 0.001285 0.000038
0 0.001602 0.001169 0.001260 0.000034
0 0.001615 0.001157 0.001234 0.000036
0 0.001243 0.000163 0.001978 0.000019
0 0.001249 0.000180 0.001966 0.000018
0 0.001450 0.000652 0.001563 0.000046
0 0.001329 0.000310 0.001807 0.000042
0 0.001438 0.000660 0.001588 0.000046
0 0.001430 0.000668 0.001604 0.000047
0 0.001405 0.000664 0.001655 0.000057
0 0.001379 0.000667 0.001706 0.000055
0 0.001406 0.000592 0.001653 0.000106
0 0.001374 0.000339 0.001716 0.000094
0 0.001358 0.000335 0.001748 0.000018
0 0.001364 0.000344 0.001736 0.000023
0 0.001287 0.000258 0.001891 0.000015
0 0.001252 0.000188 0.001960 0.000019
0 0.001285 0.000250 0.001895 0.000016
0 0.001281 0.000243 0.001903 0.000017
0 0.001277 0.000235 0.001911 0.000018
0 0.001273 0.000228 0.001919 0.000016
0 0.001271 0.000220 0.001923 0.000015
0 0.001267 0.000213 0.001931 0.000016
0 0.001261 0.000203 0.001941 0.000019
0 0.001257 0.000195 0.001950 0.000019
0 0.015705 0.001682 0.031089 0.000078