0 0.011673 0.000625 0.021298 0.000206
0 0.011646 0.000924 0.021352 0.000215
0 0.010435 0.000388 0.019309 0.000189
0 0.010460 0.000922 0.019258 0.000186
0 0.010481 0.000661 0.019217 0.000166
0 0.010500 0.000414 0.019178 0.000268
0 0.010463 0.001209 0.019253 0.000284
0 0.010496 0.001235 0.019186 0.000277
0 0.010578 0.000679 0.019022 0.000281
0 0.010572 0.000439 0.019035 0.000166
0 0.010694 0.000569 0.018791 0.000258
0 0.010710 0.000974 0.018758 0.000251
0 0.010395 0.000436 0.019389 0.000271
0 0.010378 0.001030 0.019422 0.000219
0 0.010567 0.001176 0.019045 0.000271
0 0.011247 0.000987 0.022150 0.000088
0 0.011252 0.001062 0.022139 0.000075
0 0.011335 0.000494 0.021972 0.000108
0 0.011537 0.001651 0.021570 0.000137
0 0.011792 0.001061 0.021059 0.000157
0 0.011746 0.001253 0.021151 0.000202
0 0.010412 0.000649 0.019356 0.000274