0 0.011630 0.001470 0.021384 0.000105
0 0.011613 0.001505 0.021416 0.000112
0 0.010172 0.001741 0.019835 0.000183
0 0.010681 0.001011 0.018816 0.000217
0 0.010657 0.000751 0.018864 0.000185
0 0.010679 0.000695 0.018820 0.000151
0 0.010702 0.000635 0.018774 0.000134
0 0.010724 0.000601 0.018732 0.000149
0 0.010747 0.000534 0.018685 0.000117
0 0.010795 0.000444 0.018589 0.000127
0 0.011369 0.001548 0.021905 0.000100
0 0.011350 0.001581 0.021942 0.000102
0 0.011474 0.001303 0.021696 0.000117
0 0.012051 0.000170 0.020540 0.000110
0 0.012079 0.000127 0.020484 0.000102
0 0.012082 0.000101 0.020478 0.000090
0 0.012098 0.000065 0.020448 0.000090
0 0.012238 0.000404 0.020166 0.000095
0 0.012220 0.000428 0.020203 0.000100
0 0.011053 0.000131 0.018073 0.000149
0 0.010453 0.001178 0.019273 0.000185
0 0.010427 0.001195 0.019325 0.000146
0 0.011287 0.002172 0.022069 0.000100
0 0.011264 0.002181 0.022115 0.000083
0 0.011454 0.001815 0.021734 0.000117
0 0.011474 0.001787 0.021696 0.000105
0 0.011502 0.001738 0.021640 0.000120
0 0.011534 0.001673 0.021574 0.000098
0 0.011547 0.001630 0.021549 0.000107
0 0.010149 0.001781 0.019881 0.000176