0 0.011730 0.001242 0.021182 0.000048
0 0.001302 0.000482 0.001861 0.000140
0 0.008401 0.002214 0.014448 0.000036
0 0.007814 0.002010 0.015622 0.000239
0 0.007817 0.001342 0.015617 0.000233
0 0.001116 0.000320 0.002232 0.000093
0 0.001170 0.000364 0.002124 0.000070
0 0.001211 0.000388 0.002042 0.000121
0 0.001257 0.000429 0.001950 0.000082
0 0.001379 0.000527 0.001706 0.000081
0 0.008326 0.002041 0.014597 0.000099
0 0.001416 0.000638 0.001633 0.000099
0 0.001541 0.000615 0.001383 0.000079
0 0.001770 0.000821 0.000925 0.000078
0 0.001927 0.000997 0.000610 0.000154
0 0.002007 0.001040 0.000450 0.000057
0 0.002033 0.000988 0.000399 0.000068
0 0.002026 0.001041 0.000412 0.000127
0 0.008359 0.002149 0.014532 0.000104
0 0.008290 0.001938 0.014670 0.000085
0 0.012096 0.002089 0.020450 0.000074
0 0.008763 0.001052 0.013724 0.000109
0 0.007975 0.000418 0.015300 0.000113
0 0.008053 0.000479 0.015145 0.000115
0 0.008139 0.000565 0.014971 0.000133
0 0.008252 0.000648 0.014746 0.000137
0 0.008425 0.000792 0.014399 0.000132
0 0.008594 0.000910 0.014063 0.000113
0 0.008689 0.000992 0.013873 0.000110
0 0.008834 0.001102 0.013583 0.000113
0 0.008265 0.001830 0.014719 0.000112
0 0.008835 0.001444 0.013580 0.000180
0 0.008667 0.001314 0.013916 0.000164
0 0.008084 0.001238 0.015083 0.000180
0 0.008156 0.001421 0.014939 0.000105
0 0.008192 0.001519 0.014866 0.000101
0 0.008206 0.001620 0.014838 0.000107
0 0.008234 0.001715 0.014782 0.000101
0 0.002092 0.001077 0.000279 0.000079
0 0.002153 0.001380 0.000157 0.000067
0 0.002054 0.001322 0.000355 0.000065
0 0.011882 0.000432 0.020879 0.000073
0 0.001216 0.002054 0.002031 0.000062
0 0.001433 0.002014 0.001597 0.000070
0 0.001324 0.001950 0.001817 0.000078
0 0.001227 0.001357 0.002010 0.000149
0 0.001185 0.001260 0.002094 0.000082
0 0.011591 0.000070 0.021462 0.000053
0 0.011926 0.000228 0.020792 0.000062
0 0.012128 0.000494 0.020388 0.000051
0 0.002053 0.001271 0.000358 0.000064
0 0.012210 0.000458 0.020222 0.000048
0 0.012057 0.001958 0.020529 0.000064
0 0.011997 0.001751 0.020648 0.000065
0 0.011890 0.001408 0.020862 0.000070
0 0.012195 0.002029 0.020252 0.000062
0 0.011718 0.000164 0.021207 0.000054
0 0.012212 0.000573 0.020219 0.000064
0 0.001155 0.002086 0.002153 0.000109
0 0.001119 0.002095 0.002227 0.000060
0 0.001117 0.001972 0.002229 0.000132
0 0.001153 0.001975 0.002159 0.000105
0 0.001977 0.001246 0.000510 0.000070
0 0.001385 0.001284 0.001695 0.000073
0 0.001431 0.001388 0.001603 0.000053
0 0.001492 0.001550 0.001481 0.000087
0 0.001494 0.001649 0.001475 0.000062
0 0.001564 0.001867 0.001337 0.000129
0 0.001561 0.001788 0.001343 0.000045
0 0.001610 0.001976 0.001245 0.000056
0 0.001603 0.001920 0.001258 0.000037
0 0.001654 0.002116 0.001155 0.000047
0 0.001656 0.002177 0.001153 0.000064
0 0.001368 0.002049 0.001728 0.000109
0 0.001279 0.002047 0.001907 0.000064
0 0.001264 0.001937 0.001937 0.000143
0 0.001207 0.001958 0.002050 0.000143
0 0.007886 0.000344 0.015479 0.000110