0 0.012110 0.000457 0.020423 0.000075
0 0.011454 0.001326 0.021735 0.000119
0 0.004603 0.000964 0.008651 0.000383
0 0.004998 0.000728 0.007861 0.000379
0 0.004967 0.001125 0.007922 0.000386
0 0.004940 0.001597 0.007978 0.000383
0 0.004908 0.002036 0.008042 0.000373
0 0.011166 0.000218 0.022310 0.000146
0 0.011184 0.000788 0.022274 0.000078
0 0.011189 0.000713 0.022266 0.000058
0 0.011194 0.000591 0.022255 0.000064
0 0.011205 0.000447 0.022232 0.000068
0 0.011191 0.000225 0.022260 0.000125
0 0.011208 0.000379 0.022227 0.000061
0 0.011482 0.001345 0.021679 0.000122
0 0.011273 0.001959 0.022096 0.000078
0 0.011339 0.001780 0.021966 0.000071
0 0.011273 0.001878 0.022096 0.000071
0 0.011339 0.002136 0.021966 0.000071
0 0.011296 0.001621 0.022052 0.000064
0 0.011357 0.001580 0.021929 0.000064
0 0.011350 0.001644 0.021943 0.000071
0 0.011329 0.001905 0.021985 0.000064
0 0.011207 0.000522 0.022230 0.000075
0 0.011365 0.001296 0.021913 0.000166
0 0.011311 0.001257 0.022021 0.000135
0 0.011416 0.001326 0.021810 0.000146
0 0.011337 0.001839 0.021968 0.000061
0 0.004632 0.000564 0.008592 0.000383