0 0.000833 0.001748 0.001666 0.000255
0 0.000917 0.001779 0.001834 0.000294
0 0.000384 0.000724 0.000769 0.000274
0 0.000644 0.000789 0.001289 0.000241
0 0.000891 0.000499 0.001782 0.000318
0 0.001109 0.001273 0.002218 0.000310
0 0.000996 0.001278 0.001992 0.000247
0 0.000805 0.001184 0.001610 0.000295
0 0.000353 0.001088 0.000705 0.000334
0 0.000178 0.001669 0.000356 0.000368
0 0.000329 0.001631 0.000659 0.000297
0 0.000414 0.001653 0.000828 0.000295
0 0.000163 0.002166 0.000326 0.000133
0 0.000199 0.002197 0.000397 0.000073
0 0.000238 0.002180 0.000476 0.000104
0 0.001061 0.001790 0.002123 0.000300
0 0.000999 0.001790 0.001998 0.000228
0 0.000263 0.000341 0.000527 0.000251