0 0.011206 0.002069 0.022232 0.000061
0 0.011256 0.002038 0.022132 0.000069
0 0.004709 0.000914 0.008439 0.000364
0 0.004647 0.001280 0.008564 0.000364
0 0.004592 0.001595 0.008672 0.000364
0 0.004969 0.001177 0.007920 0.000361
0 0.005023 0.000862 0.007811 0.000361
0 0.006202 0.000535 0.009916 0.000460
0 0.006443 0.000662 0.009435 0.000369
0 0.011482 0.001949 0.021680 0.000048
0 0.011536 0.001935 0.021571 0.000046
0 0.011594 0.001927 0.021454 0.000041
0 0.011731 0.001972 0.021181 0.000043
0 0.011803 0.002058 0.021038 0.000043
0 0.012034 0.001968 0.020575 0.000051
0 0.011931 0.001941 0.020781 0.000048
0 0.012192 0.002041 0.020258 0.000061
0 0.010595 0.000194 0.018989 0.000114
0 0.012201 0.000817 0.020241 0.000114
0 0.011406 0.001974 0.021832 0.000048
0 0.011361 0.001992 0.021921 0.000053
0 0.004764 0.000601 0.008328 0.000358