0 0.000921 0.002151 0.001842 0.000092
0 0.000805 0.000994 0.001611 0.000120
0 0.000673 0.000185 0.001346 0.000127
0 0.000761 0.000170 0.001522 0.000136
0 0.000830 0.000187 0.001661 0.000099
0 0.000931 0.000183 0.001862 0.000130
0 0.001064 0.000308 0.002127 0.000121
0 0.000889 0.000619 0.001779 0.000136
0 0.000801 0.000645 0.001601 0.000132
0 0.000742 0.000615 0.001485 0.000102
0 0.000671 0.000474 0.001342 0.000098
0 0.000641 0.000611 0.001283 0.000141
0 0.000720 0.000993 0.001440 0.000140
0 0.000900 0.001006 0.001800 0.000105
0 0.000749 0.002073 0.001497 0.000094
0 0.000978 0.001401 0.001956 0.000130
0 0.000638 0.001732 0.001277 0.000131
0 0.000795 0.001761 0.001591 0.000090
0 0.000939 0.001729 0.001877 0.000101
0 0.001038 0.001639 0.002076 0.000134
0 0.000323 0.001495 0.000646 0.000116
0 0.000214 0.001690 0.000429 0.000097
0 0.000194 0.001982 0.000389 0.000092
0 0.000169 0.002193 0.000338 0.000076
0 0.000580 0.002042 0.001160 0.000127
0 0.000648 0.002028 0.001295 0.000099
0 0.000382 0.000109 0.000764 0.000126