0 0.001836 0.001452 0.000792 0.000044
0 0.001634 0.000530 0.001197 0.000047
0 0.001600 0.000529 0.001264 0.000047
0 0.001585 0.000530 0.001294 0.000047
0 0.001572 0.000529 0.001320 0.000043
0 0.001554 0.000534 0.001355 0.000054
0 0.001543 0.000532 0.001379 0.000047
0 0.001525 0.000536 0.001414 0.000047
0 0.001509 0.000535 0.001447 0.000048
0 0.001498 0.000535 0.001469 0.000043
0 0.001482 0.000483 0.001500 0.000065
0 0.001502 0.000473 0.001460 0.000048
0 0.001518 0.000473 0.001428 0.000046
0 0.001535 0.000470 0.001394 0.000047
0 0.001549 0.000472 0.001366 0.000052
0 0.001566 0.000469 0.001332 0.000051
0 0.001580 0.000474 0.001305 0.000049
0 0.001595 0.000466 0.001274 0.000055
0 0.001613 0.000469 0.001238 0.000050
0 0.001627 0.000465 0.001211 0.000061
0 0.001666 0.000518 0.001132 0.000050
0 0.001683 0.000521 0.001099 0.000061
0 0.001694 0.000522 0.001076 0.000065
0 0.001711 0.000520 0.001042 0.000065
0 0.001726 0.000518 0.001013 0.000065
0 0.001743 0.000517 0.000978 0.000056
0 0.001760 0.000515 0.000945 0.000058
0 0.001777 0.000518 0.000909 0.000067
0 0.001795 0.000539 0.000874 0.000050
0 0.001813 0.000539 0.000839 0.000043
0 0.001826 0.000537 0.000813 0.000046
0 0.001615 0.000529 0.001234 0.000051
0 0.001650 0.000530 0.001164 0.000040
0 0.001824 0.001443 0.000815 0.000043
0 0.001684 0.000718 0.001096 0.000044
0 0.001591 0.000819 0.001282 0.000037
0 0.001604 0.000817 0.001257 0.000037
0 0.001616 0.000814 0.001233 0.000045
0 0.001629 0.000814 0.001207 0.000041
0 0.001640 0.000815 0.001184 0.000043
0 0.001653 0.000814 0.001158 0.000035
0 0.001644 0.000710 0.001177 0.000034
0 0.001629 0.000714 0.001207 0.000046
0 0.001620 0.000710 0.001224 0.000038
0 0.001608 0.000713 0.001249 0.000039
0 0.001595 0.000715 0.001275 0.000043
0 0.001584 0.000714 0.001297 0.000040
0 0.001571 0.000718 0.001321 0.000044
0 0.001559 0.000716 0.001346 0.000041
0 0.001545 0.000718 0.001374 0.000044
0 0.001533 0.000719 0.001399 0.000044
0 0.001521 0.000720 0.001422 0.000045
0 0.001508 0.000659 0.001448 0.000058
0 0.001527 0.000655 0.001411 0.000050
0 0.001544 0.000659 0.001377 0.000050
0 0.001559 0.000657 0.001346 0.000050
0 0.001574 0.000655 0.001316 0.000053
0 0.001591 0.000656 0.001283 0.000050
0 0.001606 0.000652 0.001252 0.000051
0 0.001623 0.000652 0.001219 0.000052
0 0.001638 0.000651 0.001189 0.000054
0 0.001653 0.000652 0.001159 0.000038
0 0.001670 0.000658 0.001124 0.000056
0 0.001670 0.000719 0.001124 0.000045
0 0.001841 0.000536 0.000781 0.000050
0 0.001858 0.000535 0.000749 0.000047
0 0.001874 0.000534 0.000717 0.000048
0 0.001918 0.000494 0.000629 0.000041
0 0.001456 0.000251 0.001552 0.000053
0 0.001455 0.000329 0.001554 0.000061
0 0.001555 0.000039 0.001354 0.000027
0 0.001554 0.000015 0.001357 0.000021
0 0.001606 0.000030 0.001253 0.000056
0 0.002048 0.000778 0.000368 0.000085
0 0.002032 0.000771 0.000401 0.000061
0 0.002017 0.000771 0.000430 0.000052
0 0.002051 0.000683 0.000363 0.000020
0 0.002070 0.000787 0.000325 0.000103
0 0.001970 0.000780 0.000525 0.000080
0 0.001988 0.000810 0.000488 0.000035
0 0.001998 0.000818 0.000468 0.000035
0 0.002009 0.000827 0.000446 0.000036
0 0.002021 0.000830 0.000423 0.000034
0 0.002030 0.000842 0.000404 0.000034
0 0.002043 0.000850 0.000379 0.000034
0 0.002053 0.000857 0.000359 0.000035
0 0.002064 0.000866 0.000337 0.000036
0 0.002074 0.000872 0.000316 0.000036
0 0.002086 0.000883 0.000293 0.000031
0 0.002099 0.000825 0.000266 0.000023
0 0.002108 0.000800 0.000248 0.000023
0 0.002126 0.000763 0.000213 0.000024
0 0.002164 0.000759 0.000136 0.000050
0 0.002179 0.000752 0.000106 0.000048
0 0.002191 0.000755 0.000082 0.000052
0 0.002207 0.000754 0.000050 0.000056
0 0.001931 0.000896 0.000603 0.000063
0 0.001478 0.000265 0.001508 0.000087
0 0.001497 0.000267 0.001471 0.000075
0 0.001477 0.000350 0.001509 0.000047
0 0.001664 0.000389 0.001137 0.000103
0 0.001922 0.000518 0.000620 0.000052
0 0.001908 0.000491 0.000649 0.000033
0 0.001902 0.000484 0.000660 0.000025
0 0.001884 0.000473 0.000697 0.000050
0 0.001869 0.000472 0.000727 0.000050
0 0.001852 0.000471 0.000761 0.000058
0 0.001833 0.000462 0.000799 0.000076
0 0.001814 0.000457 0.000837 0.000071
0 0.001794 0.000462 0.000875 0.000080
0 0.001752 0.000430 0.000960 0.000084
0 0.001732 0.000419 0.000999 0.000096
0 0.001712 0.000436 0.001040 0.000073
0 0.001688 0.000429 0.001088 0.000082
0 0.001640 0.000328 0.001184 0.000059
0 0.001493 0.000350 0.001478 0.000047
0 0.001599 0.000375 0.001267 0.000023
0 0.001603 0.000316 0.001259 0.000079
0 0.001624 0.000323 0.001216 0.000070
0 0.001584 0.000349 0.001297 0.000046
0 0.001570 0.000348 0.001324 0.000048
0 0.001585 0.000289 0.001294 0.000046
0 0.001570 0.000285 0.001324 0.000045
0 0.001554 0.000282 0.001357 0.000056
0 0.001552 0.000348 0.001359 0.000050
0 0.001535 0.000276 0.001394 0.000067
0 0.001516 0.000277 0.001433 0.000066
0 0.001522 0.000347 0.001419 0.000046
0 0.001506 0.000351 0.001452 0.000051
0 0.001565 0.000817 0.001334 0.000043
0 0.001553 0.000823 0.001358 0.000037
0 0.001536 0.000819 0.001392 0.000046
0 0.001387 0.000445 0.001689 0.000042
0 0.008635 0.000952 0.013979 0.000170
0 0.008678 0.000799 0.013893 0.000241
0 0.001232 0.000165 0.002000 0.000020
0 0.001231 0.000192 0.002003 0.000017
0 0.001222 0.000126 0.002019 0.000017
0 0.001221 0.000027 0.002022 0.000054
0 0.001204 0.000032 0.002056 0.000058
0 0.001265 0.000101 0.001935 0.000088
0 0.001299 0.000213 0.001865 0.000027
0 0.001354 0.000210 0.001756 0.000024
0 0.001411 0.000246 0.001643 0.000058
0 0.001394 0.000257 0.001676 0.000050
0 0.001377 0.000255 0.001710 0.000048
0 0.001359 0.000256 0.001745 0.000050
0 0.001341 0.000257 0.001782 0.000051
0 0.001325 0.000258 0.001814 0.000050
0 0.001309 0.000258 0.001846 0.000051
0 0.001292 0.000260 0.001880 0.000050
0 0.001270 0.000220 0.001924 0.000014
0 0.001274 0.000260 0.001916 0.000045
0 0.001257 0.000263 0.001950 0.000060
0 0.001302 0.000449 0.001861 0.000038
0 0.001289 0.000447 0.001886 0.000032
0 0.001278 0.000450 0.001908 0.000026
0 0.001312 0.000447 0.001841 0.000036
0 0.001325 0.000446 0.001815 0.000038
0 0.001337 0.000445 0.001790 0.000037
0 0.001348 0.000443 0.001769 0.000036
0 0.001359 0.000443 0.001745 0.000034
0 0.008592 0.001069 0.014065 0.000170
0 0.008557 0.001170 0.014136 0.000162
0 0.008520 0.001271 0.014211 0.000161
0 0.008484 0.000475 0.014282 0.000180
0 0.007938 0.000252 0.015374 0.000071
0 0.007973 0.000412 0.015305 0.000102
0 0.008003 0.000561 0.015243 0.000080
0 0.008013 0.000683 0.015224 0.000090
0 0.008055 0.000830 0.015141 0.000060
0 0.008217 0.000823 0.014816 0.000055
0 0.008215 0.000680 0.014819 0.000118
0 0.008192 0.000502 0.014865 0.000116
0 0.008162 0.000300 0.014927 0.000152
0 0.008375 0.000683 0.014500 0.000109
0 0.008245 0.000035 0.014761 0.000068
0 0.008854 0.000764 0.013543 0.000064
0 0.008609 0.000512 0.014031 0.000096
0 0.008348 0.000419 0.014555 0.000274
0 0.008459 0.001421 0.014332 0.000184
0 0.008364 0.000816 0.014522 0.000048
0 0.008471 0.000819 0.014308 0.000112
0 0.008215 0.001182 0.014821 0.000665
0 0.016087 0.001121 0.030326 0.000050
0 0.004912 0.001165 0.008034 0.000046
0 0.004900 0.001197 0.008057 0.000046
0 0.004867 0.001282 0.008123 0.000047
0 0.004867 0.001235 0.008123 0.000047
0 0.008282 0.001961 0.014686 0.000139
0 0.008292 0.001873 0.014665 0.000158
0 0.008330 0.001776 0.014590 0.000160
0 0.008368 0.001673 0.014514 0.000164
0 0.008409 0.001555 0.014432 0.000176
0 0.001374 0.000443 0.001715 0.000033
0 0.001400 0.000442 0.001664 0.000041
0 0.001525 0.000825 0.001414 0.000038
0 0.001412 0.000442 0.001640 0.000039
0 0.001339 0.000708 0.001786 0.000040
0 0.001353 0.000710 0.001758 0.000037
0 0.001353 0.000659 0.001758 0.000028
0 0.001364 0.000657 0.001736 0.000023
0 0.001367 0.000707 0.001730 0.000040
0 0.001381 0.000708 0.001702 0.000036
0 0.001393 0.000704 0.001679 0.000042
0 0.001407 0.000705 0.001650 0.000047
0 0.001422 0.000705 0.001621 0.000045
0 0.001437 0.000709 0.001591 0.000045
0 0.001449 0.000707 0.001565 0.000050
0 0.001461 0.000705 0.001542 0.000057
0 0.001449 0.000655 0.001565 0.000028
0 0.001438 0.000656 0.001589 0.000027
0 0.001427 0.000656 0.001610 0.000031
0 0.001415 0.000655 0.001635 0.000030
0 0.001406 0.000655 0.001653 0.000027
0 0.001395 0.000657 0.001674 0.000031
0 0.001351 0.000823 0.001762 0.000035
0 0.001365 0.000823 0.001734 0.000038
0 0.001379 0.000827 0.001706 0.000045
0 0.001394 0.000826 0.001676 0.000048
0 0.001410 0.000827 0.001644 0.000046
0 0.001425 0.000828 0.001614 0.000042
0 0.001441 0.000827 0.001583 0.000046
0 0.001453 0.000826 0.001559 0.000048
0 0.001466 0.000826 0.001533 0.000048
0 0.001482 0.000823 0.001500 0.000045
0 0.001494 0.000823 0.001475 0.000046
0 0.001331 0.000657 0.001803 0.000034
0 0.001345 0.000542 0.001774 0.000035
0 0.001358 0.000541 0.001748 0.000034
0 0.001355 0.000587 0.001755 0.000032
0 0.001424 0.000409 0.001617 0.000074
0 0.001402 0.000384 0.001661 0.000057
0 0.001385 0.000383 0.001695 0.000056
0 0.001370 0.000387 0.001725 0.000052
0 0.001351 0.000386 0.001763 0.000053
0 0.001335 0.000387 0.001794 0.000050
0 0.001319 0.000390 0.001826 0.000049
0 0.001301 0.000388 0.001863 0.000056
0 0.001282 0.000389 0.001899 0.000054
0 0.001299 0.000541 0.001865 0.000023
0 0.001310 0.000540 0.001844 0.000033
0 0.001335 0.000539 0.001794 0.000039
0 0.001342 0.000587 0.001779 0.000035
0 0.001368 0.000586 0.001729 0.000030
0 0.001371 0.000541 0.001722 0.000031
0 0.001379 0.000584 0.001706 0.000033
0 0.001391 0.000585 0.001683 0.000030
0 0.001405 0.000584 0.001654 0.000019
0 0.001415 0.000583 0.001634 0.000030
0 0.001429 0.000581 0.001606 0.000026
0 0.001439 0.000581 0.001586 0.000024
0 0.001453 0.000579 0.001559 0.000040
0 0.001451 0.000531 0.001563 0.000042
0 0.001435 0.000538 0.001594 0.000040
0 0.001419 0.000536 0.001627 0.000031
0 0.001406 0.000539 0.001653 0.000037
0 0.001394 0.000540 0.001676 0.000035
0 0.001381 0.000540 0.001702 0.000033
0 0.001956 0.000888 0.000552 0.000040
0 0.001970 0.000897 0.000524 0.000031
0 0.001942 0.000928 0.000580 0.000037
0 0.001647 0.001161 0.001170 0.000041
0 0.001750 0.000714 0.000964 0.000045
0 0.001738 0.000714 0.000989 0.000042
0 0.001726 0.000715 0.001013 0.000036
0 0.001712 0.000716 0.001040 0.000036
0 0.001701 0.000715 0.001062 0.000035
0 0.001687 0.000658 0.001089 0.000050
0 0.001704 0.000659 0.001057 0.000049
0 0.001720 0.000659 0.001024 0.000051
0 0.001736 0.000658 0.000993 0.000042
0 0.001750 0.000657 0.000964 0.000046
0 0.001766 0.000655 0.000931 0.000050
0 0.001784 0.000656 0.000896 0.000047
0 0.001798 0.000655 0.000869 0.000048
0 0.001812 0.000652 0.000840 0.000051
0 0.001829 0.000655 0.000807 0.000042
0 0.001842 0.000654 0.000780 0.000044
0 0.001855 0.000650 0.000754 0.000047
0 0.001865 0.000661 0.000734 0.000054
0 0.001737 0.000918 0.000990 0.000046
0 0.001730 0.000939 0.001005 0.000045
0 0.001723 0.000963 0.001019 0.000046
0 0.001721 0.000983 0.001023 0.000035
0 0.001708 0.001000 0.001049 0.000038
0 0.001707 0.001020 0.001050 0.000044
0 0.001694 0.001040 0.001076 0.000037
0 0.001687 0.001058 0.001089 0.000035
0 0.001680 0.001077 0.001104 0.000040
0 0.001670 0.001098 0.001124 0.000048
0 0.001664 0.001120 0.001137 0.000042
0 0.001763 0.000713 0.000938 0.000039
0 0.001776 0.000713 0.000912 0.000043
0 0.001788 0.000710 0.000888 0.000045
0 0.001694 0.000809 0.001077 0.000036
0 0.001747 0.001558 0.000969 0.000039
0 0.001735 0.001550 0.000994 0.000042
0 0.001726 0.001541 0.001013 0.000040
0 0.001715 0.001533 0.001034 0.000038
0 0.001701 0.001522 0.001062 0.000043
0 0.001715 0.001481 0.001035 0.000051
0 0.001731 0.001490 0.001002 0.000043
0 0.001741 0.001498 0.000982 0.000043
0 0.001752 0.001507 0.000960 0.000041
0 0.001775 0.001521 0.000915 0.000043
0 0.001786 0.001529 0.000893 0.000045
0 0.001796 0.001538 0.000871 0.000040
0 0.001681 0.000813 0.001102 0.000028
0 0.001708 0.000812 0.001049 0.000037
0 0.001801 0.000711 0.000862 0.000043
0 0.001721 0.000808 0.001023 0.000042
0 0.001735 0.000808 0.000994 0.000040
0 0.001748 0.000805 0.000968 0.000043
0 0.001758 0.000814 0.000949 0.000051
0 0.001787 0.000825 0.000890 0.000070
0 0.001803 0.000841 0.000858 0.000066
0 0.001764 0.000868 0.000935 0.000035
0 0.001760 0.000881 0.000945 0.000049
0 0.001745 0.000899 0.000975 0.000043
0 0.001851 0.000710 0.000762 0.000050
0 0.001842 0.000704 0.000780 0.000037
0 0.001826 0.000703 0.000811 0.000029
0 0.001814 0.000712 0.000837 0.000045
0 0.001662 0.001140 0.001140 0.000038
0 0.001644 0.001181 0.001177 0.000037
0 0.001769 0.001574 0.000926 0.000040
0 0.001634 0.001201 0.001196 0.000042
0 0.001466 0.001454 0.001533 0.000017
0 0.001501 0.001404 0.001462 0.000022
0 0.001500 0.001415 0.001464 0.000021
0 0.001496 0.001425 0.001473 0.000020
0 0.001953 0.001287 0.000558 0.000027
0 0.001990 0.001189 0.000484 0.000025
0 0.001895 0.001121 0.000674 0.000028
0 0.001918 0.001313 0.000629 0.000031
0 0.001891 0.001430 0.000683 0.000044
0 0.001888 0.001486 0.000689 0.000034
0 0.001873 0.001480 0.000719 0.000043
0 0.001860 0.001470 0.000745 0.000044
0 0.001848 0.001461 0.000768 0.000044
0 0.001878 0.001420 0.000709 0.000048
0 0.001867 0.001412 0.000731 0.000045
0 0.001854 0.001401 0.000757 0.000049
0 0.001842 0.001393 0.000780 0.000045
0 0.001829 0.001385 0.000806 0.000050
0 0.001818 0.001375 0.000829 0.000047
0 0.001806 0.001367 0.000852 0.000050
0 0.001794 0.001357 0.000875 0.000047
0 0.001782 0.001349 0.000900 0.000047
0 0.001765 0.001344 0.000934 0.000050
0 0.001754 0.001390 0.000957 0.000043
0 0.001766 0.001397 0.000933 0.000041
0 0.001777 0.001407 0.000909 0.000041
0 0.001789 0.001414 0.000886 0.000043
0 0.001801 0.001425 0.000863 0.000044
0 0.001811 0.001434 0.000841 0.000043
0 0.001464 0.001445 0.001537 0.000014
0 0.001462 0.001437 0.001539 0.000014
0 0.001460 0.001429 0.001544 0.000014
0 0.001514 0.001377 0.001436 0.000022
0 0.001625 0.001222 0.001214 0.000041
0 0.001619 0.001240 0.001227 0.000036
0 0.001617 0.001257 0.001230 0.000030
0 0.001613 0.001272 0.001238 0.000039
0 0.001598 0.001291 0.001268 0.000041
0 0.001591 0.001312 0.001283 0.000039
0 0.001586 0.001331 0.001293 0.000036
0 0.001578 0.001347 0.001308 0.000031
0 0.001574 0.001368 0.001316 0.000032
0 0.001569 0.001386 0.001325 0.000037
0 0.001552 0.001423 0.001359 0.000032
0 0.001542 0.001442 0.001381 0.000041
0 0.001545 0.001534 0.001374 0.000048
0 0.001511 0.001386 0.001443 0.000020
0 0.001458 0.001422 0.001548 0.000013
0 0.001507 0.001396 0.001451 0.000021
0 0.001490 0.001314 0.001484 0.000028
0 0.001499 0.001319 0.001467 0.000028
0 0.001505 0.001327 0.001454 0.000025
0 0.001512 0.001330 0.001440 0.000028
0 0.001526 0.001335 0.001413 0.000022
0 0.001531 0.001341 0.001403 0.000029
0 0.001441 0.001320 0.001582 0.000017
0 0.001443 0.001330 0.001579 0.000015
0 0.001444 0.001340 0.001576 0.000015
0 0.001445 0.001349 0.001574 0.000015
0 0.001456 0.001406 0.001553 0.000013
0 0.001457 0.001413 0.001550 0.000013
0 0.001758 0.001566 0.000948 0.000038
0 0.001781 0.001581 0.000901 0.000036
0 0.001953 0.000938 0.000558 0.000038
0 0.001616 0.001956 0.001233 0.000025
0 0.001694 0.001914 0.001076 0.000024
0 0.001702 0.001924 0.001059 0.000029
0 0.001713 0.001931 0.001039 0.000025
0 0.001722 0.001937 0.001020 0.000025
0 0.001734 0.001901 0.000995 0.000032
0 0.001726 0.001893 0.001013 0.000030
0 0.001715 0.001887 0.001035 0.000033
0 0.001706 0.001879 0.001053 0.000032
0 0.001697 0.001872 0.001070 0.000030
0 0.001686 0.001866 0.001092 0.000032
0 0.001678 0.001859 0.001109 0.000031
0 0.001668 0.001854 0.001129 0.000029
0 0.001659 0.001847 0.001147 0.000030
0 0.001650 0.001837 0.001164 0.000030
0 0.001640 0.001830 0.001185 0.000034
0 0.001631 0.001824 0.001203 0.000031
0 0.001621 0.001818 0.001222 0.000030
0 0.001610 0.001912 0.001245 0.000025
0 0.001619 0.001919 0.001227 0.000026
0 0.001627 0.001926 0.001209 0.000027
0 0.001638 0.001933 0.001189 0.000026
0 0.001647 0.001940 0.001170 0.000026
0 0.001656 0.001947 0.001152 0.000030
0 0.001666 0.001955 0.001132 0.000025
0 0.001676 0.001962 0.001113 0.000026
0 0.001685 0.001970 0.001094 0.000026
0 0.001695 0.001976 0.001074 0.000027
0 0.001587 0.001935 0.001290 0.000025
0 0.001596 0.001942 0.001272 0.000026
0 0.001675 0.001899 0.001114 0.000025
0 0.001666 0.001893 0.001132 0.000027
0 0.001656 0.001886 0.001152 0.000027
0 0.002062 0.001017 0.000341 0.000034
0 0.001965 0.000943 0.000535 0.000035
0 0.001976 0.000951 0.000511 0.000036
0 0.001986 0.000962 0.000492 0.000039
0 0.001998 0.000967 0.000469 0.000036
0 0.002008 0.000977 0.000449 0.000035
0 0.001980 0.000901 0.000505 0.000040
0 0.001991 0.000910 0.000481 0.000036
0 0.002001 0.000919 0.000462 0.000037
0 0.002012 0.000925 0.000440 0.000043
0 0.002024 0.000934 0.000416 0.000035
0 0.002036 0.000939 0.000393 0.000035
0 0.002046 0.000949 0.000372 0.000036
0 0.002067 0.000965 0.000330 0.000037
0 0.002040 0.001002 0.000385 0.000038
0 0.001647 0.001877 0.001170 0.000026
0 0.002030 0.000993 0.000404 0.000035
0 0.002019 0.000984 0.000425 0.000034
0 0.001889 0.001008 0.000687 0.000063
0 0.001936 0.001019 0.000592 0.000039
0 0.001938 0.001071 0.000588 0.000030
0 0.001600 0.001906 0.001264 0.000025
0 0.001591 0.001810 0.001283 0.000054
0 0.001612 0.001809 0.001239 0.000031
0 0.001602 0.001842 0.001260 0.000021
0 0.001610 0.001850 0.001244 0.000025
0 0.001618 0.001859 0.001229 0.000028
0 0.001629 0.001864 0.001207 0.000026
0 0.001638 0.001871 0.001189 0.000027
0 0.001606 0.001950 0.001252 0.000028
0 0.001627 0.001963 0.001211 0.000024
0 0.001794 0.001588 0.000877 0.000034
0 0.001636 0.001970 0.001193 0.000023
0 0.001793 0.001736 0.000878 0.000030
0 0.001782 0.001729 0.000900 0.000030
0 0.001771 0.001721 0.000922 0.000032
0 0.001808 0.001696 0.000848 0.000036
0 0.001798 0.001690 0.000869 0.000033
0 0.001786 0.001682 0.000893 0.000035
0 0.001760 0.001713 0.000944 0.000033
0 0.001749 0.001706 0.000967 0.000034
0 0.001740 0.001697 0.000984 0.000031
0 0.001728 0.001690 0.001008 0.000032
0 0.001717 0.001682 0.001031 0.000034
0 0.001707 0.001674 0.001050 0.000031
0 0.001694 0.001666 0.001076 0.000032
0 0.001685 0.001656 0.001094 0.000030
0 0.001672 0.001651 0.001119 0.000035
0 0.001662 0.001622 0.001140 0.000053
0 0.001687 0.001611 0.001089 0.000034
0 0.001698 0.001618 0.001069 0.000038
0 0.001711 0.001625 0.001043 0.000036
0 0.001720 0.001635 0.001024 0.000035
0 0.001730 0.001643 0.001004 0.000037
0 0.001741 0.001650 0.000982 0.000036
0 0.001753 0.001658 0.000959 0.000038
0 0.001764 0.001664 0.000937 0.000041
0 0.001774 0.001673 0.000916 0.000041
0 0.001836 0.001623 0.000792 0.000031
0 0.001826 0.001613 0.000813 0.000029
0 0.001813 0.001606 0.000839 0.000040
0 0.001803 0.001598 0.000859 0.000038
0 0.001741 0.001778 0.000982 0.000032
0 0.001730 0.001770 0.001004 0.000032
0 0.001721 0.001765 0.001023 0.000030
0 0.001708 0.001801 0.001049 0.000030
0 0.001645 0.001976 0.001174 0.000025
0 0.001653 0.001985 0.001158 0.000027
0 0.001662 0.001993 0.001140 0.000027
0 0.001672 0.002003 0.001121 0.000027
0 0.001681 0.002012 0.001102 0.000026
0 0.001689 0.002018 0.001085 0.000026
0 0.001755 0.001839 0.000954 0.000034
0 0.001771 0.001796 0.000922 0.000033
0 0.001762 0.001792 0.000941 0.000030
0 0.001750 0.001784 0.000964 0.000033
0 0.001739 0.001820 0.000986 0.000026
0 0.001729 0.001813 0.001006 0.000026
0 0.001719 0.001806 0.001027 0.000029
0 0.001698 0.001792 0.001068 0.000026
0 0.001709 0.001756 0.001046 0.000034
0 0.001689 0.001786 0.001087 0.000024
0 0.001676 0.001778 0.001111 0.000031
0 0.001665 0.001770 0.001134 0.000034
0 0.001657 0.001761 0.001151 0.000030
0 0.001645 0.001756 0.001174 0.000033
0 0.001637 0.001748 0.001190 0.000030
0 0.001621 0.001721 0.001223 0.000062
0 0.001651 0.001711 0.001163 0.000027
0 0.001659 0.001719 0.001147 0.000034
0 0.001671 0.001726 0.001122 0.000032
0 0.001681 0.001736 0.001103 0.000030
0 0.001690 0.001743 0.001084 0.000031
0 0.001700 0.001749 0.001064 0.000030
0 0.007883 0.000074 0.015485 0.000145