0 0.011626 0.001931 0.021390 0.000060
0 0.011528 0.001794 0.021587 0.000066
0 0.005952 0.000618 0.010418 0.000355
0 0.005375 0.001163 0.007107 0.000299
0 0.005261 0.001364 0.007334 0.000296
0 0.005165 0.001527 0.007527 0.000304
0 0.005070 0.001697 0.007718 0.000299
0 0.005340 0.001860 0.007177 0.000310
0 0.011256 0.000176 0.022131 0.000053
0 0.011323 0.000052 0.021997 0.000060
0 0.011777 0.000145 0.021088 0.000055
0 0.011974 0.000240 0.020695 0.000055
0 0.011373 0.001714 0.021897 0.000061
0 0.011448 0.001484 0.021747 0.000056
0 0.011320 0.001489 0.022003 0.000058
0 0.011337 0.001670 0.021969 0.000066
0 0.011677 0.001999 0.021289 0.000061
0 0.011162 0.000343 0.022319 0.000060
0 0.011813 0.000197 0.021017 0.000063
0 0.011851 0.000249 0.020941 0.000061
0 0.011911 0.000218 0.020822 0.000063
0 0.011916 0.000153 0.020811 0.000061
0 0.011944 0.000191 0.020754 0.000063
0 0.012041 0.000327 0.020561 0.000060
0 0.012003 0.000279 0.020637 0.000063
0 0.012123 0.000636 0.020397 0.000066
0 0.011446 0.001669 0.021751 0.000061
0 0.011350 0.001534 0.021942 0.000058
0 0.011563 0.001839 0.021517 0.000060
0 0.005783 0.000386 0.010754 0.000347