0 0.013979 0.000377 0.025612 0.000102
0 0.001419 0.000635 0.001626 0.000051
0 0.001509 0.000882 0.001445 0.000048
0 0.001511 0.000852 0.001442 0.000050
0 0.001472 0.000877 0.001520 0.000048
0 0.001478 0.000853 0.001508 0.000044
0 0.001486 0.000795 0.001492 0.000041
0 0.001390 0.000804 0.001685 0.000050
0 0.001354 0.000817 0.001756 0.000071
0 0.001364 0.000772 0.001737 0.000045
0 0.001369 0.000741 0.001727 0.000041
0 0.001413 0.000473 0.001638 0.000042
0 0.001407 0.000504 0.001650 0.000040
0 0.001402 0.000531 0.001661 0.000042
0 0.001397 0.000560 0.001671 0.000038
0 0.001389 0.000620 0.001686 0.000044
0 0.001383 0.000653 0.001699 0.000045
0 0.001379 0.000685 0.001707 0.000047
0 0.001403 0.000751 0.001658 0.000041
0 0.001404 0.000721 0.001655 0.000048
0 0.001409 0.000691 0.001646 0.000048
0 0.001522 0.000821 0.001421 0.000055
0 0.001526 0.000788 0.001413 0.000055
0 0.001502 0.000909 0.001459 0.000045
0 0.001559 0.000554 0.001347 0.000052
0 0.001510 0.000645 0.001444 0.000052
0 0.001514 0.000612 0.001437 0.000048
0 0.001515 0.000578 0.001434 0.000054
0 0.001528 0.000518 0.001408 0.000050
0 0.001535 0.000489 0.001395 0.000042
0 0.001540 0.000455 0.001383 0.000031
0 0.001575 0.000500 0.001315 0.000074
0 0.001564 0.000525 0.001337 0.000054
0 0.001554 0.000588 0.001355 0.000045
0 0.001469 0.000927 0.001526 0.000072
0 0.001548 0.000623 0.001368 0.000051
0 0.001545 0.000656 0.001374 0.000048
0 0.001543 0.000692 0.001379 0.000055
0 0.001538 0.000728 0.001389 0.000062
0 0.001530 0.000753 0.001404 0.000057
0 0.001501 0.000674 0.001462 0.000051
0 0.001493 0.000734 0.001479 0.000051
0 0.001491 0.000766 0.001481 0.000044
0 0.001418 0.000666 0.001627 0.000055
0 0.001426 0.000601 0.001612 0.000044
0 0.001622 0.001009 0.001220 0.000052
0 0.001430 0.000571 0.001605 0.000045
0 0.001252 0.000644 0.001960 0.000092
0 0.008774 0.002093 0.013702 0.000231
0 0.008718 0.002099 0.013813 0.000229
0 0.008610 0.001998 0.014030 0.000166
0 0.008480 0.001926 0.014291 0.000169
0 0.008106 0.001896 0.015039 0.000152
0 0.007927 0.001920 0.015395 0.000123
0 0.007891 0.002115 0.015469 0.000186
0 0.008710 0.001163 0.013831 0.000167
0 0.008638 0.001098 0.013973 0.000201
0 0.008525 0.001055 0.014201 0.000326
0 0.008436 0.000983 0.014377 0.000331
0 0.008359 0.000913 0.014532 0.000327
0 0.016285 0.000652 0.029931 0.000071
0 0.005098 0.000506 0.007662 0.000095
0 0.008282 0.000789 0.014686 0.000487
0 0.008162 0.000701 0.014926 0.000493
0 0.008053 0.000586 0.015144 0.000506
0 0.007956 0.000489 0.015338 0.000499
0 0.001264 0.000658 0.001936 0.000089
0 0.001287 0.000704 0.001891 0.000042
0 0.001280 0.000743 0.001904 0.000069
0 0.001365 0.000263 0.001734 0.000030
0 0.001434 0.000539 0.001597 0.000047
0 0.001439 0.000509 0.001585 0.000050
0 0.001416 0.000443 0.001632 0.000042
0 0.001421 0.000414 0.001623 0.000048
0 0.001455 0.000450 0.001555 0.000051
0 0.001477 0.000387 0.001511 0.000028
0 0.001459 0.000334 0.001547 0.000034
0 0.001427 0.000352 0.001610 0.000041
0 0.001352 0.000315 0.001759 0.000047
0 0.001294 0.000674 0.001877 0.000034
0 0.001343 0.000350 0.001778 0.000045
0 0.001330 0.000440 0.001805 0.000042
0 0.001328 0.000473 0.001808 0.000037
0 0.001327 0.000503 0.001810 0.000045
0 0.001310 0.000558 0.001845 0.000045
0 0.001309 0.000589 0.001847 0.000045
0 0.001304 0.000622 0.001856 0.000041
0 0.001308 0.000659 0.001848 0.000027
0 0.001585 0.001027 0.001294 0.000059
0 0.001637 0.000914 0.001191 0.000058
0 0.001131 0.001911 0.002203 0.000017
0 0.001890 0.000999 0.000684 0.000035
0 0.001951 0.002089 0.000563 0.000023
0 0.002024 0.002165 0.000416 0.000016
0 0.002031 0.002090 0.000403 0.000075
0 0.002041 0.002086 0.000382 0.000074
0 0.002059 0.002064 0.000347 0.000147
0 0.002094 0.001210 0.000276 0.000076
0 0.002047 0.001171 0.000370 0.000076
0 0.002023 0.001150 0.000419 0.000076
0 0.002011 0.001139 0.000441 0.000072
0 0.001974 0.001120 0.000516 0.000120
0 0.001945 0.001178 0.000574 0.000040
0 0.001952 0.001120 0.000560 0.000038
0 0.001961 0.001057 0.000543 0.000045
0 0.001850 0.001061 0.000765 0.000037
0 0.001857 0.001016 0.000749 0.000040
0 0.001864 0.000963 0.000735 0.000028
0 0.001867 0.000942 0.000730 0.000037
0 0.001870 0.000921 0.000724 0.000028
0 0.001902 0.000948 0.000660 0.000030
0 0.001954 0.002008 0.000556 0.000017
0 0.001950 0.001957 0.000564 0.000021
0 0.001751 0.001892 0.000962 0.000069
0 0.001340 0.001911 0.001784 0.000091
0 0.001129 0.001884 0.002206 0.000021
0 0.001153 0.001885 0.002157 0.000014
0 0.001150 0.001940 0.002164 0.000014
0 0.001154 0.001913 0.002156 0.000014
0 0.001240 0.001908 0.001983 0.000091
0 0.001256 0.001904 0.001953 0.000105
0 0.001277 0.001909 0.001910 0.000091
0 0.001311 0.001906 0.001842 0.000092
0 0.001409 0.001887 0.001647 0.000109
0 0.001735 0.001887 0.000993 0.000072
0 0.001467 0.001897 0.001531 0.000095
0 0.001504 0.001913 0.001456 0.000067
0 0.001529 0.001894 0.001407 0.000106
0 0.001566 0.001900 0.001332 0.000092
0 0.001612 0.001893 0.001240 0.000084
0 0.001651 0.001892 0.001162 0.000075
0 0.001667 0.001877 0.001131 0.000112
0 0.001712 0.001887 0.001040 0.000085
0 0.001896 0.000974 0.000672 0.000041
0 0.001883 0.001026 0.000698 0.000041
0 0.001591 0.000993 0.001283 0.000051
0 0.001878 0.001057 0.000709 0.000044
0 0.001714 0.000892 0.001037 0.000034
0 0.001721 0.000851 0.001022 0.000031
0 0.001721 0.000828 0.001022 0.000035
0 0.001732 0.000788 0.001000 0.000027
0 0.001702 0.000809 0.001061 0.000037
0 0.001705 0.000785 0.001054 0.000030
0 0.001713 0.000766 0.001039 0.000023
0 0.001650 0.000604 0.001165 0.000058
0 0.001648 0.000635 0.001167 0.000047
0 0.001637 0.000705 0.001190 0.000050
0 0.001626 0.000768 0.001213 0.000050
0 0.001683 0.000638 0.001099 0.000035
0 0.001666 0.000739 0.001132 0.000041
0 0.001655 0.000804 0.001153 0.000059
0 0.001622 0.000797 0.001220 0.000038
0 0.001606 0.000865 0.001251 0.000055
0 0.001605 0.000904 0.001254 0.000051
0 0.001600 0.000933 0.001264 0.000055
0 0.001594 0.000962 0.001276 0.000054
0 0.001710 0.000912 0.001045 0.000031
0 0.001707 0.000931 0.001050 0.000030
0 0.001699 0.000974 0.001066 0.000037
0 0.001761 0.000992 0.000942 0.000033
0 0.001884 0.001164 0.000697 0.000081
0 0.001846 0.001151 0.000772 0.000062
0 0.001832 0.001139 0.000800 0.000076
0 0.001743 0.001074 0.000978 0.000091
0 0.001772 0.001103 0.000921 0.000092
0 0.001784 0.001018 0.000897 0.000035
0 0.001787 0.000838 0.000890 0.000020
0 0.001816 0.000867 0.000832 0.000020
0 0.001763 0.000971 0.000937 0.000035
0 0.001690 0.001031 0.001083 0.000079
0 0.001773 0.000904 0.000918 0.000037
0 0.001693 0.000856 0.001078 0.000035
0 0.001690 0.000880 0.001085 0.000033
0 0.001682 0.000928 0.001100 0.000035
0 0.001681 0.000955 0.001102 0.000028
0 0.001655 0.000998 0.001153 0.000067
0 0.001665 0.001014 0.001134 0.000079
0 0.001678 0.001022 0.001109 0.000069
0 0.007812 0.000520 0.015625 0.000195