0 0.011187 0.001093 0.022269 0.000095
0 0.011316 0.000911 0.022010 0.000063
0 0.004762 0.001054 0.008333 0.000295
0 0.004795 0.001391 0.008267 0.000288
0 0.004824 0.001668 0.008210 0.000290
0 0.005218 0.001532 0.007420 0.000290
0 0.005191 0.001253 0.007475 0.000297
0 0.005158 0.000908 0.007541 0.000290
0 0.005132 0.000632 0.007593 0.000300
0 0.011179 0.000684 0.022285 0.000105
0 0.011307 0.000860 0.022029 0.000068
0 0.011338 0.001148 0.021966 0.000063
0 0.011174 0.001729 0.022295 0.000095
0 0.011350 0.001243 0.021942 0.000058
0 0.011369 0.001478 0.021906 0.000061
0 0.011172 0.001360 0.022298 0.000097
0 0.011199 0.001472 0.022246 0.000088
0 0.011229 0.001724 0.022186 0.000090
0 0.011299 0.000816 0.022044 0.000068
0 0.011294 0.000765 0.022055 0.000063
0 0.011324 0.001004 0.021995 0.000068
0 0.011256 0.001711 0.022131 0.000097
0 0.004737 0.000781 0.008382 0.000290