0 0.011350 0.000135 0.021943 0.000069
0 0.011301 0.000181 0.022042 0.000069
0 0.011259 0.000220 0.022124 0.000074
0 0.011213 0.000263 0.022217 0.000085
0 0.004806 0.001937 0.008244 0.000406
0 0.004756 0.001689 0.008345 0.000408
0 0.004706 0.001440 0.008446 0.000403
0 0.005211 0.000885 0.007435 0.000403
0 0.005258 0.001120 0.007341 0.000396
0 0.005308 0.001349 0.007242 0.000401
0 0.005060 0.001658 0.007737 0.000398
0 0.005011 0.001426 0.007836 0.000401
0 0.004965 0.001192 0.007926 0.000401
0 0.004918 0.000961 0.008021 0.000401
0 0.004871 0.000729 0.008115 0.000401
0 0.004647 0.001149 0.008562 0.000398