0 0.004670 0.001610 0.008516 0.000124
0 0.004669 0.001414 0.008520 0.000124
0 0.004642 0.001157 0.008574 0.000123
0 0.004639 0.000961 0.008580 0.000124
0 0.004636 0.000767 0.008585 0.000127
0 0.004976 0.001343 0.007905 0.000123
0 0.004977 0.001539 0.007903 0.000124
0 0.005029 0.001991 0.007799 0.000124
0 0.005027 0.001799 0.007803 0.000120
0 0.005353 0.001971 0.007151 0.000123
0 0.005351 0.001776 0.007155 0.000126
0 0.005290 0.001505 0.007277 0.000122
0 0.004974 0.001149 0.007908 0.000122
0 0.005076 0.000885 0.007705 0.000128
0 0.005073 0.000692 0.007711 0.000126
0 0.005000 0.000385 0.007857 0.000124