0 0.011277 0.000678 0.022089 0.000023
0 0.005116 0.001766 0.007624 0.000125
0 0.011608 0.000906 0.021428 0.000054
0 0.011602 0.000811 0.021439 0.000051
0 0.011604 0.000741 0.021435 0.000049
0 0.011596 0.000565 0.021451 0.000054
0 0.011598 0.000504 0.021447 0.000047
0 0.011587 0.000181 0.021470 0.000049
0 0.011585 0.000107 0.021473 0.000049
0 0.005122 0.001907 0.007613 0.000126
0 0.005111 0.001624 0.007636 0.000123
0 0.011320 0.001622 0.022002 0.000024
0 0.005109 0.001481 0.007639 0.000123
0 0.005101 0.001302 0.007655 0.000123
0 0.005099 0.001159 0.007658 0.000123
0 0.005094 0.001013 0.007670 0.000122
0 0.005088 0.000869 0.007681 0.000126
0 0.005084 0.000687 0.007689 0.000127
0 0.005078 0.000544 0.007700 0.000123
0 0.005077 0.000400 0.007704 0.000127
0 0.011608 0.000976 0.021428 0.000047
0 0.011611 0.001122 0.021420 0.000053
0 0.011606 0.001050 0.021432 0.000049
0 0.011613 0.001201 0.021416 0.000056
0 0.011351 0.001594 0.021941 0.000027
0 0.011615 0.001366 0.021413 0.000053
0 0.011611 0.001277 0.021420 0.000050
0 0.011583 0.000417 0.021477 0.000047
0 0.011581 0.000261 0.021481 0.000067
0 0.011973 0.002029 0.020698 0.000026
0 0.011771 0.002034 0.021101 0.000026
0 0.011596 0.000642 0.021451 0.000041
0 0.011592 0.000347 0.021458 0.000041
0 0.011573 0.002145 0.021496 0.000056
0 0.011632 0.001891 0.021378 0.000051
0 0.011628 0.001818 0.021386 0.000060
0 0.011628 0.001752 0.021386 0.000054
0 0.011625 0.001669 0.021394 0.000060
0 0.011628 0.001583 0.021386 0.000049
0 0.011625 0.001511 0.021394 0.000053
0 0.011625 0.001443 0.021394 0.000049
0 0.005069 0.000260 0.007719 0.000125