0 0.011623 0.001711 0.021398 0.000105
0 0.011623 0.001843 0.021398 0.000082
0 0.011342 0.001437 0.021959 0.000100
0 0.011390 0.001540 0.021863 0.000095
0 0.011287 0.001011 0.022070 0.000087
0 0.011348 0.001115 0.021947 0.000095
0 0.011313 0.000928 0.022018 0.000090
0 0.011353 0.000814 0.021937 0.000092
0 0.011606 0.000394 0.021432 0.000082
0 0.011668 0.000225 0.021307 0.000087
0 0.011708 0.000118 0.021226 0.000082
0 0.011695 0.000148 0.021253 0.000082
0 0.011794 0.000067 0.021055 0.000097
0 0.011983 0.000459 0.020677 0.000095
0 0.011966 0.000425 0.020711 0.000097
0 0.011951 0.000392 0.020741 0.000092
0 0.011935 0.000363 0.020774 0.000092
0 0.011874 0.000232 0.020894 0.000095
0 0.011841 0.000154 0.020961 0.000102
0 0.011826 0.000127 0.020991 0.000090
0 0.006331 0.001926 0.009659 0.000540
0 0.006413 0.001674 0.009496 0.000538
0 0.004982 0.001657 0.007894 0.000458
0 0.005053 0.001444 0.007751 0.000456
0 0.005140 0.001175 0.007578 0.000451
0 0.005208 0.000961 0.007441 0.000453
0 0.004771 0.001215 0.008315 0.000453
0 0.004841 0.001002 0.008176 0.000458
0 0.004928 0.000733 0.008001 0.000458
0 0.011421 0.001277 0.021800 0.000092
0 0.011471 0.001375 0.021702 0.000087
0 0.011579 0.001619 0.021484 0.000095
0 0.011552 0.000195 0.021538 0.000087
0 0.011639 0.001742 0.021365 0.000110
0 0.011689 0.002166 0.021265 0.000118
0 0.011670 0.002139 0.021303 0.000105
0 0.012013 0.000520 0.020617 0.000108
0 0.012000 0.000481 0.020643 0.000108
0 0.011854 0.000197 0.020935 0.000113
0 0.011807 0.000093 0.021029 0.000110
0 0.011299 0.000970 0.022046 0.000087
0 0.011537 0.000641 0.021569 0.000095
0 0.011591 0.000480 0.021460 0.000090
0 0.011643 0.000315 0.021357 0.000087
0 0.011658 0.000267 0.021327 0.000090
0 0.011492 0.000361 0.021659 0.000087
0 0.011660 0.001787 0.021323 0.000087
0 0.011455 0.000480 0.021734 0.000100
0 0.011340 0.000843 0.021963 0.000084
0 0.011411 0.000648 0.021820 0.000097
0 0.011902 0.002094 0.020838 0.000097
0 0.011888 0.002049 0.020866 0.000095
0 0.011559 0.001582 0.021524 0.000097
0 0.011593 0.001647 0.021456 0.000095
0 0.011579 0.000518 0.021484 0.000095
0 0.011567 0.000555 0.021508 0.000097
0 0.011504 0.000319 0.021635 0.000090
0 0.011605 0.001696 0.021434 0.000095
0 0.011676 0.001817 0.021291 0.000092
0 0.004998 0.000517 0.007862 0.000456