0 0.010467 0.002129 0.019245 0.000069
0 0.011834 0.002010 0.020974 0.000055
0 0.011851 0.001899 0.020941 0.000071
0 0.012114 0.001832 0.020415 0.000059
0 0.011968 0.000352 0.020708 0.000080
0 0.012145 0.000205 0.020354 0.000063
0 0.012191 0.000165 0.020261 0.000059
0 0.012083 0.000257 0.020477 0.000067
0 0.012243 0.001064 0.020156 0.000075
0 0.012199 0.000936 0.020246 0.000080
0 0.012151 0.000850 0.020341 0.000080
0 0.012000 0.000936 0.020643 0.000073
0 0.012091 0.000666 0.020461 0.000078
0 0.011882 0.000135 0.020880 0.000082
0 0.011942 0.000287 0.020759 0.000080
0 0.011880 0.000634 0.020882 0.000084
0 0.011802 0.000433 0.021039 0.000082
0 0.005142 0.001552 0.007574 0.000329
0 0.005066 0.001365 0.007725 0.000329
0 0.004993 0.001174 0.007872 0.000331
0 0.004917 0.000983 0.008023 0.000331
0 0.004843 0.000789 0.008172 0.000329
0 0.004779 0.001866 0.008300 0.000327
0 0.015864 0.001489 0.030773 0.000298
0 0.015734 0.001261 0.031032 0.000344
0 0.011957 0.001966 0.020728 0.000059
0 0.011807 0.001944 0.021028 0.000054
0 0.010898 0.001913 0.018383 0.000065
0 0.011750 0.001984 0.021144 0.000065
0 0.010793 0.001845 0.018593 0.000067
0 0.010849 0.001804 0.018481 0.000057
0 0.010902 0.001757 0.018375 0.000067
0 0.010952 0.001719 0.018275 0.000063
0 0.011016 0.001666 0.018147 0.000059
0 0.011066 0.001411 0.018047 0.000078
0 0.011031 0.001323 0.018116 0.000078
0 0.011002 0.001248 0.018175 0.000080
0 0.010975 0.001176 0.018229 0.000082
0 0.010936 0.001084 0.018306 0.000084
0 0.010907 0.001009 0.018365 0.000080
0 0.010846 0.000853 0.018486 0.000078
0 0.010911 0.000567 0.018357 0.000082
0 0.010916 0.000296 0.018347 0.000065
0 0.010873 0.000466 0.018432 0.000084
0 0.010800 0.000439 0.018578 0.000075
0 0.010726 0.000533 0.018727 0.000073
0 0.010636 0.000312 0.018907 0.000073
0 0.011166 0.002181 0.022311 0.000065
0 0.011531 0.002176 0.021580 0.000067
0 0.011693 0.002033 0.021257 0.000061
0 0.011648 0.002078 0.021346 0.000059
0 0.011809 0.002094 0.021026 0.000063
0 0.003542 0.000407 0.006309 0.000512