0 0.011202 0.001410 0.022240 0.000049
0 0.005661 0.000099 0.010999 0.000198
0 0.005109 0.000452 0.007638 0.000253
0 0.005068 0.000678 0.007720 0.000257
0 0.005003 0.001042 0.007851 0.000253
0 0.004965 0.001265 0.007928 0.000259
0 0.004925 0.001489 0.008007 0.000257
0 0.004883 0.001714 0.008092 0.000257
0 0.004843 0.001940 0.008171 0.000253
0 0.005615 0.000304 0.011092 0.000316
0 0.005721 0.001208 0.010879 0.000316
0 0.005582 0.000567 0.011158 0.000320
0 0.005582 0.000836 0.011158 0.000314
0 0.005582 0.001127 0.011158 0.000293
0 0.005911 0.000151 0.010500 0.000295
0 0.005864 0.000401 0.010592 0.000322
0 0.005817 0.000666 0.010687 0.000320
0 0.005770 0.000931 0.010782 0.000320
0 0.005149 0.000225 0.007559 0.000253