0 0.011233 0.001238 0.022177 0.000024
0 0.001767 0.000935 0.000930 0.000051
0 0.001806 0.001173 0.000852 0.000077
0 0.001850 0.001159 0.000765 0.000061
0 0.001870 0.001163 0.000724 0.000081
0 0.001887 0.001157 0.000689 0.000076
0 0.001926 0.001149 0.000613 0.000069
0 0.001985 0.001139 0.000494 0.000071
0 0.002008 0.001141 0.000448 0.000073
0 0.002029 0.001139 0.000406 0.000067
0 0.002037 0.001315 0.000390 0.000066
0 0.002020 0.001330 0.000425 0.000060
0 0.001998 0.001327 0.000468 0.000080
0 0.001979 0.001331 0.000506 0.000065
0 0.001959 0.001323 0.000547 0.000082
0 0.001936 0.001334 0.000592 0.000066
0 0.001914 0.001337 0.000637 0.000082
0 0.001785 0.001158 0.000894 0.000113
0 0.001805 0.000927 0.000854 0.000059
0 0.001820 0.000996 0.000825 0.000051
0 0.001823 0.000923 0.000819 0.000060
0 0.001857 0.000992 0.000750 0.000049
0 0.001874 0.000990 0.000717 0.000050
0 0.001891 0.000985 0.000682 0.000048
0 0.001910 0.000986 0.000643 0.000048
0 0.001928 0.000983 0.000608 0.000050
0 0.001947 0.000980 0.000571 0.000052
0 0.001967 0.000982 0.000530 0.000048
0 0.001985 0.000977 0.000495 0.000037
0 0.002003 0.000974 0.000457 0.000049
0 0.002024 0.000974 0.000416 0.000048
0 0.002022 0.000901 0.000421 0.000070
0 0.001960 0.000910 0.000545 0.000065
0 0.001941 0.000914 0.000582 0.000056
0 0.001880 0.000918 0.000704 0.000060
0 0.001863 0.000920 0.000739 0.000054
0 0.001869 0.001346 0.000726 0.000078
0 0.001850 0.001346 0.000765 0.000067
0 0.002052 0.001488 0.000361 0.000058
0 0.002035 0.001488 0.000395 0.000057
0 0.001919 0.001726 0.000625 0.000043
0 0.001934 0.001728 0.000596 0.000033
0 0.001953 0.001724 0.000559 0.000049
0 0.001970 0.001722 0.000524 0.000047
0 0.001985 0.001718 0.000495 0.000041
0 0.001970 0.001669 0.000524 0.000038
0 0.001986 0.001664 0.000492 0.000044
0 0.001999 0.001664 0.000467 0.000043
0 0.002018 0.001716 0.000428 0.000045
0 0.002064 0.001653 0.000337 0.000037
0 0.001841 0.001846 0.000782 0.000092
0 0.001823 0.001884 0.000818 0.000049
0 0.001812 0.001833 0.000841 0.000043
0 0.001792 0.001907 0.000880 0.000050
0 0.001778 0.001919 0.000908 0.000045
0 0.001919 0.001674 0.000626 0.000045
0 0.001891 0.001691 0.000683 0.000079
0 0.001865 0.001546 0.000734 0.000094
0 0.001970 0.001557 0.000524 0.000048
0 0.002039 0.001552 0.000386 0.000048
0 0.002022 0.001556 0.000420 0.000047
0 0.002015 0.001496 0.000433 0.000052
0 0.001995 0.001492 0.000474 0.000060
0 0.002005 0.001554 0.000454 0.000047
0 0.001989 0.001554 0.000487 0.000036
0 0.001980 0.001503 0.000504 0.000055
0 0.001889 0.001565 0.000686 0.000041
0 0.001961 0.001500 0.000543 0.000053
0 0.001954 0.001559 0.000557 0.000041
0 0.001942 0.001498 0.000580 0.000052
0 0.001922 0.001500 0.000620 0.000048
0 0.001907 0.001507 0.000650 0.000052
0 0.001904 0.001567 0.000656 0.000039
0 0.001840 0.000994 0.000785 0.000045
0 0.001804 0.000999 0.000855 0.000044
0 0.001746 0.001885 0.000973 0.000042
0 0.001509 0.000117 0.001445 0.000088
0 0.001464 0.000184 0.001537 0.000067
0 0.001441 0.000200 0.001582 0.000072
0 0.001424 0.000218 0.001616 0.000070
0 0.001404 0.000235 0.001655 0.000063
0 0.001384 0.000248 0.001697 0.000067
0 0.001367 0.000268 0.001731 0.000067
0 0.001347 0.000289 0.001771 0.000077
0 0.001325 0.000303 0.001814 0.000074
0 0.001308 0.000316 0.001847 0.000059
0 0.001389 0.000480 0.001687 0.000080
0 0.001422 0.000570 0.001621 0.000081
0 0.001427 0.000552 0.001610 0.000064
0 0.001401 0.000470 0.001663 0.000067
0 0.001447 0.000529 0.001571 0.000055
0 0.001499 0.000486 0.001466 0.000063
0 0.001480 0.000165 0.001505 0.000070
0 0.008412 0.000711 0.014426 0.000198
0 0.001789 0.001002 0.000886 0.000055
0 0.008451 0.000950 0.014348 0.000159
0 0.008076 0.000434 0.015099 0.000316
0 0.008424 0.000263 0.014403 0.000022
0 0.008541 0.000244 0.014167 0.000056
0 0.008156 0.000656 0.014938 0.000318
0 0.008011 0.000864 0.015229 0.000211
0 0.008069 0.001004 0.015111 0.000314
0 0.008150 0.001204 0.014951 0.000263
0 0.008231 0.001382 0.014789 0.000245
0 0.008297 0.001560 0.014657 0.000210
0 0.008363 0.001730 0.014523 0.000188
0 0.008431 0.001886 0.014389 0.000158
0 0.008605 0.001691 0.014040 0.000115
0 0.008573 0.001525 0.014104 0.000128
0 0.008534 0.001343 0.014182 0.000126
0 0.008495 0.001150 0.014260 0.000132
0 0.001516 0.000470 0.001433 0.000058
0 0.001553 0.000441 0.001359 0.000064
0 0.001570 0.000424 0.001324 0.000064
0 0.001589 0.000411 0.001286 0.000058
0 0.001973 0.000660 0.000517 0.000100
0 0.001921 0.000679 0.000622 0.000080
0 0.001917 0.000761 0.000631 0.000055
0 0.001898 0.000761 0.000669 0.000060
0 0.001896 0.000679 0.000673 0.000079
0 0.001874 0.000688 0.000716 0.000072
0 0.001881 0.000763 0.000702 0.000054
0 0.001842 0.000770 0.000780 0.000062
0 0.001805 0.000774 0.000854 0.000055
0 0.001770 0.000781 0.000925 0.000050
0 0.001750 0.000782 0.000963 0.000056
0 0.001732 0.000782 0.001001 0.000057
0 0.001711 0.000776 0.001042 0.000072
0 0.001730 0.000964 0.001003 0.000103
0 0.001769 0.001003 0.000927 0.000047
0 0.002009 0.000750 0.000446 0.000058
0 0.014404 0.000768 0.024764 0.000054
0 0.001891 0.000275 0.000683 0.000058
0 0.001480 0.000413 0.001505 0.000084
0 0.001603 0.000394 0.001259 0.000072
0 0.001607 0.000341 0.001251 0.000085
0 0.001584 0.000324 0.001296 0.000073
0 0.001542 0.000355 0.001381 0.000079
0 0.001511 0.000380 0.001442 0.000067
0 0.001501 0.000395 0.001462 0.000074
0 0.001441 0.000425 0.001582 0.000077
0 0.001826 0.000280 0.000812 0.000020
0 0.001428 0.000450 0.001609 0.000065
0 0.001647 0.000552 0.001170 0.000069
0 0.001623 0.000593 0.001218 0.000062
0 0.001591 0.000611 0.001283 0.000060
0 0.001727 0.000278 0.001010 0.000022
0 0.001775 0.000281 0.000914 0.000024
0 0.001766 0.001931 0.000933 0.000047
0 0.001775 0.001873 0.000915 0.000037
0 0.011223 0.001212 0.022197 0.000029
0 0.011190 0.000350 0.022263 0.000026
0 0.011161 0.000399 0.022320 0.000023
0 0.012212 0.000831 0.020219 0.000035
0 0.012171 0.000842 0.020300 0.000013
0 0.012172 0.000858 0.020298 0.000014
0 0.012172 0.000874 0.020299 0.000014
0 0.012174 0.000890 0.020295 0.000012
0 0.012174 0.000904 0.020295 0.000012
0 0.012176 0.000920 0.020292 0.000013
0 0.012175 0.000954 0.020293 0.000014
0 0.012215 0.000887 0.020213 0.000029
0 0.012230 0.000957 0.020183 0.000033
0 0.012236 0.000996 0.020171 0.000026
0 0.012239 0.001067 0.020165 0.000033
0 0.012185 0.001160 0.020274 0.000012
0 0.012184 0.001177 0.020275 0.000012
0 0.011201 0.000374 0.022240 0.000024
0 0.011170 0.000298 0.022303 0.000024
0 0.001431 0.000841 0.001602 0.000058
0 0.011165 0.000286 0.022313 0.000023
0 0.001461 0.000810 0.001542 0.000060
0 0.001495 0.000783 0.001475 0.000057
0 0.001513 0.000771 0.001439 0.000052
0 0.001528 0.000761 0.001408 0.000051
0 0.001540 0.000743 0.001383 0.000055
0 0.001554 0.000729 0.001356 0.000063
0 0.001582 0.000714 0.001299 0.000057
0 0.001582 0.000627 0.001299 0.000068
0 0.001555 0.000652 0.001354 0.000054
0 0.001544 0.000665 0.001377 0.000071
0 0.001523 0.000681 0.001419 0.000073
0 0.001501 0.000700 0.001463 0.000072
0 0.001469 0.000724 0.001527 0.000058
0 0.011208 0.000021 0.022227 0.000031
0 0.011285 0.000015 0.022072 0.000020
0 0.012186 0.001220 0.020271 0.000016
0 0.012190 0.001265 0.020263 0.000012
0 0.012189 0.001307 0.020264 0.000018
0 0.012239 0.001235 0.020165 0.000029
0 0.011487 0.001845 0.021668 0.000024
0 0.011447 0.001811 0.021750 0.000031
0 0.011492 0.001860 0.021659 0.000025
0 0.011497 0.001872 0.021648 0.000026
0 0.011542 0.001979 0.021559 0.000025
0 0.011549 0.001994 0.021544 0.000022
0 0.011555 0.002005 0.021534 0.000023
0 0.011378 0.001646 0.021887 0.000029
0 0.011368 0.001544 0.021906 0.000032
0 0.011402 0.001607 0.021838 0.000038
0 0.011466 0.001554 0.021710 0.000032
0 0.011457 0.001559 0.021730 0.000033
0 0.011412 0.001506 0.021818 0.000030
0 0.011431 0.001491 0.021781 0.000026
0 0.011240 0.001328 0.022162 0.000034
0 0.011637 0.002088 0.021370 0.000029
0 0.011653 0.002082 0.021336 0.000031
0 0.011662 0.002067 0.021318 0.000029
0 0.012199 0.001440 0.020244 0.000014
0 0.012245 0.001397 0.020152 0.000032
0 0.012251 0.001438 0.020141 0.000024
0 0.012253 0.001476 0.020136 0.000026
0 0.012201 0.001472 0.020241 0.000013
0 0.012202 0.001488 0.020238 0.000012
0 0.012200 0.001454 0.020242 0.000014
0 0.012199 0.001425 0.020244 0.000016
0 0.011688 0.002051 0.021266 0.000035
0 0.012198 0.001409 0.020247 0.000015
0 0.012196 0.001395 0.020251 0.000013
0 0.012211 0.001702 0.020221 0.000028
0 0.012211 0.001741 0.020220 0.000034
0 0.012215 0.001775 0.020212 0.000028
0 0.012219 0.001821 0.020206 0.000029
0 0.001445 0.000825 0.001574 0.000059
0 0.001415 0.000854 0.001634 0.000058
0 0.001786 0.001665 0.000893 0.000084
0 0.001667 0.001604 0.001129 0.000051
0 0.001639 0.001625 0.001187 0.000044
0 0.001622 0.001638 0.001221 0.000050
0 0.001607 0.001581 0.001251 0.000045
0 0.001627 0.001563 0.001211 0.000050
0 0.001647 0.001554 0.001170 0.000047
0 0.001723 0.001305 0.001019 0.000093
0 0.001682 0.001317 0.001101 0.000076
0 0.001660 0.001338 0.001145 0.000094
0 0.001637 0.001357 0.001190 0.000090
0 0.001635 0.001375 0.001194 0.000077
0 0.001617 0.001393 0.001231 0.000080
0 0.001593 0.001412 0.001278 0.000084
0 0.001571 0.001432 0.001321 0.000090
0 0.001485 0.001290 0.001495 0.000064
0 0.001544 0.001241 0.001377 0.000054
0 0.001651 0.001611 0.001163 0.000051
0 0.001680 0.001587 0.001105 0.000052
0 0.001401 0.000867 0.001663 0.000058
0 0.001658 0.001541 0.001148 0.000040
0 0.001791 0.001719 0.000883 0.000041
0 0.001776 0.001730 0.000912 0.000045
0 0.001763 0.001742 0.000938 0.000042
0 0.001749 0.001752 0.000966 0.000042
0 0.001721 0.001776 0.001022 0.000045
0 0.001695 0.001803 0.001075 0.000048
0 0.001681 0.001749 0.001102 0.000047
0 0.001759 0.001680 0.000946 0.000050
0 0.001742 0.001497 0.000981 0.000090
0 0.001743 0.001537 0.000978 0.000045
0 0.001713 0.001483 0.001038 0.000058
0 0.001726 0.001547 0.001012 0.000044
0 0.001710 0.001565 0.001044 0.000054
0 0.001697 0.001578 0.001071 0.000050
0 0.001695 0.001512 0.001075 0.000051
0 0.001613 0.001181 0.001239 0.000064
0 0.001663 0.001160 0.001139 0.000043
0 0.001654 0.001126 0.001156 0.000122
0 0.001646 0.001108 0.001171 0.000062
0 0.001621 0.000876 0.001222 0.000099
0 0.001602 0.000881 0.001261 0.000062
0 0.001582 0.000896 0.001299 0.000065
0 0.001566 0.000915 0.001332 0.000061
0 0.001548 0.000927 0.001368 0.000063
0 0.001531 0.000944 0.001402 0.000064
0 0.001513 0.000957 0.001438 0.000057
0 0.001495 0.000974 0.001475 0.000062
0 0.001466 0.000992 0.001531 0.000057
0 0.001440 0.001018 0.001584 0.000064
0 0.001420 0.001037 0.001624 0.000058
0 0.001370 0.001063 0.001724 0.000062
0 0.001350 0.000912 0.001764 0.000060
0 0.001369 0.000895 0.001726 0.000056
0 0.001385 0.000879 0.001694 0.000055
0 0.001620 0.000945 0.001224 0.000056
0 0.001603 0.000954 0.001259 0.000057
0 0.001599 0.000969 0.001266 0.000052
0 0.001467 0.001261 0.001530 0.000062
0 0.001574 0.001157 0.001316 0.000062
0 0.001572 0.001173 0.001320 0.000060
0 0.001534 0.001201 0.001397 0.000063
0 0.001507 0.001219 0.001451 0.000054
0 0.001503 0.001236 0.001458 0.000058
0 0.001486 0.001249 0.001493 0.000060
0 0.001399 0.001130 0.001667 0.000064
0 0.001582 0.000979 0.001300 0.000060
0 0.001447 0.001088 0.001571 0.000059
0 0.001462 0.001078 0.001540 0.000064
0 0.001513 0.001039 0.001438 0.000054
0 0.001525 0.001020 0.001415 0.000056
0 0.001544 0.001011 0.001377 0.000055
0 0.001557 0.000994 0.001350 0.000051
0 0.007999 0.000225 0.015252 0.000257