0 0.001794 0.001909 0.000877 0.000053
0 0.001822 0.001851 0.000820 0.000045
0 0.001742 0.000630 0.000979 0.000031
0 0.001756 0.000589 0.000953 0.000033
0 0.001760 0.000633 0.000945 0.000029
0 0.001774 0.000639 0.000917 0.000031
0 0.001789 0.000644 0.000886 0.000033
0 0.001806 0.000646 0.000852 0.000026
0 0.001829 0.000614 0.000807 0.000031
0 0.001844 0.000619 0.000776 0.000028
0 0.001834 0.000660 0.000797 0.000033
0 0.001857 0.000622 0.000750 0.000039
0 0.001872 0.000627 0.000719 0.000030
0 0.001888 0.000628 0.000689 0.000033
0 0.001903 0.000635 0.000659 0.000030
0 0.001916 0.000640 0.000632 0.000031
0 0.001911 0.000682 0.000642 0.000031
0 0.001932 0.000644 0.000600 0.000030
0 0.001950 0.000647 0.000564 0.000021
0 0.001728 0.000626 0.001008 0.000033
0 0.001714 0.000622 0.001036 0.000030
0 0.001726 0.000582 0.001012 0.000031
0 0.001650 0.000604 0.001164 0.000031
0 0.001623 0.000387 0.001219 0.000024
0 0.001593 0.000542 0.001277 0.000030
0 0.001576 0.000578 0.001312 0.000030
0 0.001591 0.000585 0.001283 0.000032
0 0.001606 0.000589 0.001253 0.000033
0 0.001621 0.000594 0.001222 0.000033
0 0.001636 0.000599 0.001192 0.000030
0 0.001610 0.000547 0.001245 0.000030
0 0.001711 0.000579 0.001042 0.000029
0 0.001624 0.000551 0.001217 0.000032
0 0.001638 0.000555 0.001188 0.000029
0 0.001652 0.000562 0.001160 0.000028
0 0.001667 0.000565 0.001129 0.000026
0 0.001667 0.000605 0.001129 0.000029
0 0.001681 0.000613 0.001103 0.000035
0 0.001696 0.000572 0.001072 0.000033
0 0.001961 0.000653 0.000543 0.000033
0 0.001957 0.000695 0.000550 0.000031
0 0.001975 0.000699 0.000514 0.000028
0 0.001668 0.000773 0.001127 0.000047
0 0.001826 0.000766 0.000812 0.000035
0 0.001789 0.000810 0.000886 0.000040
0 0.001795 0.000758 0.000875 0.000036
0 0.001781 0.000750 0.000902 0.000031
0 0.001708 0.000785 0.001048 0.000044
0 0.001715 0.000736 0.001034 0.000033
0 0.001688 0.000778 0.001088 0.000043
0 0.001650 0.000765 0.001164 0.000043
0 0.001866 0.000832 0.000733 0.000048
0 0.001630 0.000758 0.001205 0.000039
0 0.001610 0.000754 0.001245 0.000042
0 0.001620 0.000706 0.001224 0.000036
0 0.001603 0.000701 0.001258 0.000040
0 0.001573 0.000689 0.001319 0.000042
0 0.001558 0.000683 0.001348 0.000038
0 0.001541 0.000683 0.001382 0.000035
0 0.001857 0.000776 0.000750 0.000036
0 0.001904 0.000792 0.000657 0.000034
0 0.002004 0.000709 0.000456 0.000030
0 0.002069 0.000864 0.000326 0.000076
0 0.002019 0.000671 0.000427 0.000031
0 0.002048 0.000680 0.000368 0.000033
0 0.002051 0.000722 0.000363 0.000032
0 0.002067 0.000727 0.000330 0.000032
0 0.002093 0.000704 0.000279 0.000051
0 0.002066 0.000840 0.000332 0.000033
0 0.002050 0.000833 0.000364 0.000033
0 0.002026 0.000881 0.000412 0.000040
0 0.001888 0.000837 0.000689 0.000040
0 0.002031 0.000829 0.000402 0.000035
0 0.002001 0.000819 0.000463 0.000036
0 0.001983 0.000868 0.000497 0.000048
0 0.001964 0.000862 0.000537 0.000049
0 0.001953 0.000804 0.000558 0.000033
0 0.001927 0.000851 0.000611 0.000040
0 0.001910 0.000845 0.000643 0.000040
0 0.001632 0.000396 0.001200 0.000044
0 0.001652 0.000400 0.001160 0.000039
0 0.001624 0.000445 0.001217 0.000042
0 0.001876 0.000345 0.000712 0.000030
0 0.001772 0.000264 0.000921 0.000057
0 0.001796 0.000271 0.000873 0.000050
0 0.001819 0.000273 0.000826 0.000064
0 0.001792 0.000324 0.000881 0.000032
0 0.001825 0.000331 0.000814 0.000035
0 0.001840 0.000336 0.000784 0.000036
0 0.001871 0.000290 0.000723 0.000057
0 0.001897 0.000295 0.000670 0.000067
0 0.001758 0.000311 0.000949 0.000032
0 0.001922 0.000307 0.000621 0.000055
0 0.001925 0.000363 0.000615 0.000035
0 0.001950 0.000309 0.000564 0.000054
0 0.001958 0.000374 0.000549 0.000039
0 0.001978 0.000317 0.000509 0.000066
0 0.002002 0.000328 0.000461 0.000062
0 0.001992 0.000384 0.000480 0.000037
0 0.001772 0.000315 0.000921 0.000034
0 0.001739 0.000308 0.000987 0.000036
0 0.002029 0.000394 0.000406 0.000037
0 0.008062 0.001496 0.015126 0.000274
0 0.008401 0.000317 0.014448 0.000214
0 0.008337 0.000487 0.014575 0.000230
0 0.008290 0.000637 0.014670 0.000225
0 0.008241 0.000787 0.014769 0.000257
0 0.008194 0.000952 0.014862 0.000276
0 0.008506 0.000133 0.014238 0.000130
0 0.008099 0.001352 0.015052 0.000237
0 0.008468 0.001733 0.014313 0.000186
0 0.001722 0.000302 0.001021 0.000037
0 0.008500 0.001921 0.014251 0.000200
0 0.001708 0.000128 0.001048 0.000021
0 0.001858 0.000124 0.000748 0.000030
0 0.001875 0.000127 0.000714 0.000022
0 0.014359 0.000086 0.024853 0.000017
0 0.001685 0.000293 0.001093 0.000042
0 0.001704 0.000297 0.001055 0.000040
0 0.002010 0.000391 0.000444 0.000038
0 0.002049 0.000400 0.000366 0.000034
0 0.001639 0.000446 0.001186 0.000035
0 0.001702 0.000466 0.001061 0.000037
0 0.001816 0.000501 0.000833 0.000035
0 0.001830 0.000455 0.000805 0.000046
0 0.001814 0.000449 0.000837 0.000043
0 0.001753 0.000478 0.000959 0.000028
0 0.001758 0.000433 0.000949 0.000044
0 0.001734 0.000478 0.000996 0.000033
0 0.001718 0.000472 0.001029 0.000035
0 0.001740 0.000427 0.000985 0.000043
0 0.001886 0.000472 0.000693 0.000040
0 0.001723 0.000425 0.001017 0.000040
0 0.001705 0.000418 0.001053 0.000042
0 0.001691 0.000455 0.001082 0.000024
0 0.001671 0.000458 0.001122 0.000032
0 0.001687 0.000413 0.001089 0.000043
0 0.001667 0.000408 0.001129 0.000045
0 0.001656 0.000454 0.001152 0.000031
0 0.001851 0.000509 0.000763 0.000034
0 0.001903 0.000478 0.000659 0.000046
0 0.002030 0.000334 0.000404 0.000072
0 0.001994 0.000552 0.000476 0.000035
0 0.002057 0.000346 0.000351 0.000059
0 0.002068 0.000380 0.000328 0.000091
0 0.002090 0.000563 0.000285 0.000081
0 0.002083 0.000533 0.000298 0.000046
0 0.002049 0.000522 0.000366 0.000039
0 0.002030 0.000513 0.000404 0.000042
0 0.002012 0.000510 0.000440 0.000039
0 0.001972 0.000548 0.000520 0.000038
0 0.001886 0.000518 0.000693 0.000032
0 0.001955 0.000543 0.000554 0.000035
0 0.001975 0.000500 0.000514 0.000039
0 0.001996 0.000507 0.000473 0.000032
0 0.001921 0.000532 0.000623 0.000035
0 0.001958 0.000492 0.000549 0.000041
0 0.001942 0.000487 0.000581 0.000037
0 0.001902 0.000527 0.000661 0.000035
0 0.001532 0.000735 0.001401 0.000046
0 0.001495 0.000839 0.001475 0.000054
0 0.001473 0.000893 0.001518 0.000052
0 0.001747 0.001667 0.000970 0.000060
0 0.001419 0.001396 0.001627 0.000040
0 0.001397 0.001432 0.001670 0.000029
0 0.001382 0.001428 0.001701 0.000026
0 0.001366 0.001423 0.001733 0.000029
0 0.001353 0.001421 0.001758 0.000027
0 0.001367 0.001382 0.001731 0.000041
0 0.001386 0.001389 0.001693 0.000036
0 0.001770 0.001670 0.000924 0.000061
0 0.001455 0.001448 0.001555 0.000029
0 0.001792 0.001678 0.000881 0.000058
0 0.001817 0.001683 0.000829 0.000050
0 0.001841 0.001684 0.000782 0.000046
0 0.001834 0.001735 0.000797 0.000045
0 0.001810 0.001750 0.000845 0.000030
0 0.001853 0.001741 0.000757 0.000040
0 0.001872 0.001746 0.000721 0.000046
0 0.001443 0.001445 0.001579 0.000022
0 0.001470 0.001451 0.001524 0.000028
0 0.001893 0.001750 0.000678 0.000038
0 0.001611 0.001447 0.001241 0.000038
0 0.001741 0.001482 0.000983 0.000035
0 0.001711 0.001519 0.001042 0.000033
0 0.001678 0.001511 0.001108 0.000035
0 0.001662 0.001505 0.001141 0.000032
0 0.001629 0.001496 0.001207 0.000031
0 0.001648 0.001456 0.001169 0.000037
0 0.001612 0.001489 0.001239 0.000029
0 0.001579 0.001483 0.001306 0.000031
0 0.001486 0.001456 0.001492 0.000025
0 0.001548 0.001473 0.001369 0.000029
0 0.001532 0.001470 0.001401 0.000032
0 0.001557 0.001432 0.001350 0.000039
0 0.001537 0.001427 0.001389 0.000043
0 0.001522 0.001422 0.001420 0.000035
0 0.001504 0.001416 0.001456 0.000040
0 0.001486 0.001414 0.001492 0.000040
0 0.001879 0.001693 0.000706 0.000052
0 0.001913 0.001755 0.000638 0.000045
0 0.001745 0.001531 0.000974 0.000034
0 0.001973 0.001885 0.000518 0.000056
0 0.002080 0.001910 0.000304 0.000033
0 0.002060 0.001906 0.000344 0.000045
0 0.002018 0.001969 0.000429 0.000059
0 0.002036 0.001899 0.000393 0.000052
0 0.002016 0.001894 0.000433 0.000053
0 0.001986 0.001963 0.000492 0.000074
0 0.001997 0.001891 0.000471 0.000046
0 0.001954 0.001880 0.000556 0.000047
0 0.002073 0.001977 0.000319 0.000063
0 0.001933 0.001876 0.000598 0.000053
0 0.001907 0.001942 0.000651 0.000063
0 0.001914 0.001872 0.000636 0.000041
0 0.001895 0.001868 0.000674 0.000042
0 0.001877 0.001863 0.000710 0.000044
0 0.001847 0.001926 0.000771 0.000063
0 0.001862 0.001856 0.000740 0.000038
0 0.002098 0.001915 0.000268 0.000050
0 0.002105 0.001986 0.000254 0.000052
0 0.001927 0.001698 0.000611 0.000039
0 0.002066 0.001736 0.000332 0.000049
0 0.001943 0.001707 0.000579 0.000040
0 0.001954 0.001764 0.000556 0.000042
0 0.001973 0.001768 0.000518 0.000042
0 0.001964 0.001712 0.000537 0.000051
0 0.002006 0.001721 0.000452 0.000040
0 0.001995 0.001774 0.000475 0.000040
0 0.002045 0.001731 0.000374 0.000051
0 0.002052 0.001788 0.000361 0.000044
0 0.002119 0.001923 0.000226 0.000059
0 0.002076 0.001792 0.000313 0.000043
0 0.002087 0.001741 0.000290 0.000049
0 0.002098 0.001796 0.000268 0.000040
0 0.002112 0.001743 0.000241 0.000046
0 0.002132 0.001749 0.000201 0.000045
0 0.002117 0.001804 0.000230 0.000039
0 0.002139 0.001790 0.000186 0.000076
0 0.001758 0.001485 0.000949 0.000036
0 0.001764 0.001533 0.000936 0.000033
0 0.001497 0.000901 0.001471 0.000045
0 0.001443 0.001241 0.001579 0.000017
0 0.001967 0.001047 0.000530 0.000049
0 0.002011 0.000995 0.000442 0.000052
0 0.002038 0.001002 0.000389 0.000039
0 0.002039 0.001063 0.000387 0.000051
0 0.002054 0.001012 0.000357 0.000051
0 0.002119 0.001199 0.000226 0.000054
0 0.001404 0.001232 0.001657 0.000019
0 0.001395 0.001272 0.001674 0.000054
0 0.001910 0.000962 0.000643 0.000037
0 0.001441 0.001284 0.001583 0.000052
0 0.001503 0.001259 0.001458 0.000018
0 0.001464 0.001291 0.001536 0.000048
0 0.001487 0.001297 0.001490 0.000050
0 0.001509 0.001301 0.001446 0.000051
0 0.001533 0.001307 0.001399 0.000046
0 0.001554 0.001315 0.001357 0.000054
0 0.001926 0.001028 0.000613 0.000047
0 0.001880 0.001014 0.000704 0.000048
0 0.001601 0.001328 0.001262 0.000054
0 0.001654 0.000886 0.001156 0.000052
0 0.001516 0.000846 0.001433 0.000053
0 0.001516 0.000907 0.001433 0.000056
0 0.001554 0.000858 0.001357 0.000054
0 0.001564 0.000922 0.001336 0.000049
0 0.001585 0.000929 0.001294 0.000052
0 0.001593 0.000870 0.001277 0.000051
0 0.001635 0.000881 0.001194 0.000047
0 0.001674 0.000894 0.001116 0.000049
0 0.001837 0.001007 0.000790 0.000048
0 0.001631 0.000944 0.001201 0.000052
0 0.001651 0.000951 0.001162 0.000052
0 0.001732 0.000910 0.001000 0.000049
0 0.001723 0.000970 0.001019 0.000046
0 0.001764 0.000983 0.000936 0.000054
0 0.001788 0.000990 0.000888 0.000052
0 0.001831 0.000943 0.000803 0.000047
0 0.001576 0.001324 0.001312 0.000052
0 0.001622 0.001290 0.001220 0.000019
0 0.001797 0.001495 0.000869 0.000036
0 0.001927 0.001532 0.000611 0.000040
0 0.001966 0.001617 0.000531 0.000033
0 0.001982 0.001564 0.000501 0.000063
0 0.001950 0.001583 0.000564 0.000029
0 0.001964 0.001539 0.000537 0.000039
0 0.001946 0.001533 0.000571 0.000040
0 0.001939 0.001577 0.000587 0.000029
0 0.001918 0.001573 0.000628 0.000035
0 0.001910 0.001526 0.000643 0.000035
0 0.002035 0.001578 0.000395 0.000066
0 0.001887 0.001522 0.000691 0.000043
0 0.001849 0.001554 0.000767 0.000033
0 0.001832 0.001551 0.000801 0.000029
0 0.001852 0.001509 0.000761 0.000039
0 0.001834 0.001503 0.000797 0.000033
0 0.001797 0.001542 0.000871 0.000035
0 0.001815 0.001500 0.000835 0.000038
0 0.002028 0.001630 0.000408 0.000030
0 0.002062 0.001587 0.000340 0.000066
0 0.001623 0.001332 0.001219 0.000055
0 0.001806 0.001383 0.000852 0.000052
0 0.001669 0.001347 0.001126 0.000051
0 0.001691 0.001353 0.001082 0.000048
0 0.001714 0.001360 0.001036 0.000053
0 0.001721 0.001321 0.001023 0.000037
0 0.001737 0.001364 0.000991 0.000052
0 0.001760 0.001370 0.000943 0.000053
0 0.001780 0.001376 0.000903 0.000052
0 0.001827 0.001388 0.000810 0.000052
0 0.002087 0.001598 0.000290 0.000075
0 0.001873 0.001401 0.000717 0.000056
0 0.001899 0.001407 0.000666 0.000044
0 0.001943 0.001422 0.000579 0.000045
0 0.001907 0.001363 0.000651 0.000031
0 0.002009 0.001435 0.000446 0.000053
0 0.002034 0.001438 0.000397 0.000056
0 0.002010 0.001390 0.000444 0.000033
0 0.013739 0.000288 0.026093 0.000053