0 0.011478 0.001983 0.021687 0.000070
0 0.008693 0.001848 0.013865 0.000083
0 0.008426 0.001471 0.014399 0.000098
0 0.008511 0.001512 0.014229 0.000086
0 0.008582 0.001539 0.014086 0.000089
0 0.008659 0.001557 0.013931 0.000071
0 0.008736 0.001578 0.013777 0.000086
0 0.008812 0.001601 0.013627 0.000074
0 0.008845 0.001885 0.013561 0.000090
0 0.008770 0.001865 0.013710 0.000089
0 0.008619 0.001822 0.014012 0.000086
0 0.011542 0.002111 0.021560 0.000048
0 0.008541 0.001799 0.014168 0.000076
0 0.008480 0.001772 0.014290 0.000070
0 0.008399 0.001758 0.014452 0.000096
0 0.001334 0.000940 0.001796 0.000164
0 0.001386 0.000706 0.001692 0.000105
0 0.001367 0.000520 0.001730 0.000090
0 0.001288 0.000926 0.001889 0.000149
0 0.001269 0.001514 0.001927 0.000093
0 0.008360 0.001441 0.014530 0.000076
0 0.008319 0.001732 0.014613 0.000076
0 0.008285 0.001423 0.014680 0.000086
0 0.008242 0.001710 0.014765 0.000092
0 0.008156 0.000154 0.014938 0.000139
0 0.008137 0.000488 0.014976 0.000167
0 0.008084 0.000734 0.015081 0.000197
0 0.008064 0.000451 0.015123 0.000198
0 0.008038 0.000979 0.015175 0.000205
0 0.008019 0.000719 0.015211 0.000137
0 0.007978 0.000930 0.015293 0.000164
0 0.015754 0.000415 0.030993 0.000098
0 0.015881 0.000106 0.030738 0.000124
0 0.015716 0.001077 0.031068 0.000204
0 0.007943 0.001107 0.015364 0.000115
0 0.007928 0.001198 0.015394 0.000096
0 0.007936 0.001527 0.015378 0.000171
0 0.008015 0.001656 0.015219 0.000087
0 0.008090 0.001664 0.015070 0.000085
0 0.008164 0.001688 0.014923 0.000092
0 0.008203 0.001397 0.014844 0.000083
0 0.001665 0.001486 0.001135 0.000034
0 0.001764 0.001531 0.000936 0.000029
0 0.001775 0.001723 0.000915 0.000041
0 0.011585 0.000029 0.021474 0.000053
0 0.011599 0.000426 0.021444 0.000053
0 0.011608 0.000505 0.021427 0.000057
0 0.011609 0.000561 0.021424 0.000048
0 0.011590 0.000721 0.021463 0.000052
0 0.012121 0.000070 0.020402 0.000042
0 0.012110 0.000111 0.020423 0.000045
0 0.012128 0.000025 0.020386 0.000045
0 0.012061 0.000081 0.020521 0.000040
0 0.012064 0.000056 0.020514 0.000041
0 0.012068 0.000029 0.020507 0.000042
0 0.011653 0.000811 0.021338 0.000057
0 0.011629 0.000886 0.021384 0.000037
0 0.011559 0.000857 0.021524 0.000057
0 0.011651 0.001131 0.021342 0.000044
0 0.011974 0.001181 0.020694 0.000067
0 0.012008 0.001211 0.020627 0.000059
0 0.011763 0.002217 0.021117 0.000025
0 0.011593 0.000323 0.021457 0.000023
0 0.011599 0.000033 0.021445 0.000056
0 0.001861 0.001758 0.000742 0.000036
0 0.011196 0.000936 0.022251 0.000049
0 0.002006 0.001794 0.000453 0.000045
0 0.002115 0.001652 0.000234 0.000051
0 0.002123 0.000410 0.000219 0.000066
0 0.002129 0.000326 0.000207 0.000076
0 0.002142 0.000275 0.000180 0.000053
0 0.011242 0.000441 0.022159 0.000053
0 0.011326 0.000083 0.021991 0.000045
0 0.011199 0.000981 0.022246 0.000044
0 0.011194 0.001201 0.022255 0.000056
0 0.011743 0.002218 0.021156 0.000026
0 0.011907 0.002208 0.020829 0.000027
0 0.011959 0.002104 0.020725 0.000049
0 0.012040 0.002146 0.020563 0.000025
0 0.011316 0.000130 0.022010 0.000053
0 0.011236 0.000229 0.022170 0.000060
0 0.011210 0.000311 0.022223 0.000055
0 0.011199 0.000365 0.022244 0.000064
0 0.008107 0.000224 0.015036 0.000150