0 0.001829 0.001885 0.000806 0.000031
0 0.008360 0.000690 0.014529 0.000089
0 0.008608 0.001306 0.014034 0.000015
0 0.008593 0.001276 0.014063 0.000025
0 0.008551 0.001227 0.014147 0.000032
0 0.008583 0.001192 0.014083 0.000027
0 0.008575 0.001156 0.014099 0.000018
0 0.008555 0.001129 0.014139 0.000021
0 0.008569 0.001047 0.014112 0.000035
0 0.008486 0.000866 0.014277 0.000070
0 0.008470 0.000816 0.014310 0.000057
0 0.008422 0.000778 0.014406 0.000050
0 0.008383 0.000724 0.014483 0.000077
0 0.008326 0.000637 0.014597 0.000108
0 0.001876 0.001661 0.000712 0.000037
0 0.008347 0.000596 0.014556 0.000089
0 0.008288 0.000585 0.014674 0.000089
0 0.008328 0.000537 0.014594 0.000042
0 0.008286 0.000515 0.014679 0.000068
0 0.008265 0.000477 0.014720 0.000066
0 0.008276 0.000447 0.014698 0.000050
0 0.008235 0.000421 0.014781 0.000064
0 0.007962 0.000191 0.015326 0.000147
0 0.008190 0.000398 0.014871 0.000072
0 0.008149 0.000388 0.014952 0.000074
0 0.008123 0.000343 0.015004 0.000072
0 0.008596 0.001338 0.014058 0.000017
0 0.008641 0.001388 0.013968 0.000015
0 0.008594 0.001445 0.014062 0.000027
0 0.008607 0.001477 0.014035 0.000056
0 0.001882 0.001238 0.000701 0.000015
0 0.001890 0.001199 0.000684 0.000014
0 0.001891 0.001178 0.000683 0.000022
0 0.001898 0.001114 0.000668 0.000012
0 0.001893 0.001097 0.000678 0.000011
0 0.001909 0.001043 0.000647 0.000015
0 0.001871 0.001049 0.000723 0.000012
0 0.001919 0.000887 0.000627 0.000021
0 0.001845 0.000840 0.000774 0.000025
0 0.001703 0.000697 0.001059 0.000022
0 0.001663 0.000712 0.001138 0.000028
0 0.001639 0.000679 0.001186 0.000035
0 0.001378 0.000280 0.001708 0.000032
0 0.001317 0.000213 0.001831 0.000028
0 0.001261 0.000153 0.001941 0.000042
0 0.008549 0.002054 0.014152 0.000039
0 0.008551 0.001934 0.014148 0.000049
0 0.008544 0.001891 0.014162 0.000016
0 0.008607 0.001841 0.014035 0.000030
0 0.008588 0.001765 0.014073 0.000028
0 0.008587 0.001665 0.014076 0.000074
0 0.008618 0.001584 0.014014 0.000050
0 0.008647 0.001522 0.013956 0.000014
0 0.008086 0.000273 0.015078 0.000111