0 0.007927 0.000339 0.015396 0.000052
0 0.008778 0.001493 0.013695 0.000048
0 0.008717 0.000138 0.013816 0.000024
0 0.008745 0.000137 0.013760 0.000025
0 0.008778 0.000152 0.013695 0.000041
0 0.008814 0.000287 0.013622 0.000037
0 0.008852 0.001493 0.013547 0.000060
0 0.008814 0.001357 0.013622 0.000039
0 0.008800 0.001406 0.013650 0.000048
0 0.008788 0.001454 0.013674 0.000048
0 0.016491 0.000314 0.029519 0.000021
0 0.008756 0.001547 0.013737 0.000041
0 0.008738 0.001599 0.013774 0.000041
0 0.008711 0.001694 0.013827 0.000043
0 0.008699 0.001737 0.013852 0.000048
0 0.008683 0.001793 0.013884 0.000042
0 0.008694 0.001890 0.013863 0.000054
0 0.008666 0.001844 0.013919 0.000041
0 0.008666 0.000137 0.013919 0.000030
0 0.008625 0.000130 0.014000 0.000025
0 0.008607 0.001996 0.014036 0.000046
0 0.008264 0.000150 0.014722 0.000023
0 0.007954 0.000168 0.015343 0.000030
0 0.008038 0.000165 0.015175 0.000027
0 0.008078 0.000162 0.015095 0.000027
0 0.008115 0.000158 0.015019 0.000028
0 0.008153 0.000152 0.014944 0.000027
0 0.008190 0.000148 0.014869 0.000026
0 0.008237 0.000147 0.014777 0.000031
0 0.008296 0.000148 0.014658 0.000026
0 0.008583 0.000130 0.014085 0.000029
0 0.008340 0.000147 0.014569 0.000030
0 0.008380 0.000141 0.014489 0.000032
0 0.008413 0.000142 0.014425 0.000026
0 0.008442 0.000140 0.014365 0.000025
0 0.008482 0.000137 0.014287 0.000025
0 0.008515 0.000134 0.014221 0.000024
0 0.008549 0.000133 0.014152 0.000025
0 0.008619 0.001894 0.014012 0.000040
0 0.008593 0.001921 0.014065 0.000040
0 0.007953 0.000396 0.015344 0.000052
0 0.008121 0.000824 0.015008 0.000046
0 0.008227 0.001201 0.014795 0.000050
0 0.008216 0.001139 0.014818 0.000046
0 0.008200 0.001082 0.014851 0.000041
0 0.008188 0.001034 0.014875 0.000031
0 0.008170 0.000979 0.014910 0.000044
0 0.008156 0.000927 0.014937 0.000041
0 0.008136 0.000866 0.014979 0.000044
0 0.008100 0.000763 0.015050 0.000053
0 0.008257 0.001311 0.014735 0.000043
0 0.008083 0.000712 0.015084 0.000037
0 0.015886 0.000581 0.030728 0.000029
0 0.008062 0.000661 0.015126 0.000043
0 0.008039 0.000599 0.015172 0.000056
0 0.008020 0.000554 0.015209 0.000047
0 0.008003 0.000510 0.015244 0.000048
0 0.007982 0.000467 0.015285 0.000058
0 0.008243 0.001254 0.014764 0.000046
0 0.008276 0.001386 0.014697 0.000042
0 0.008563 0.001952 0.014124 0.000044
0 0.008353 0.001917 0.014544 0.000042
0 0.008533 0.002012 0.014185 0.000039
0 0.008550 0.002136 0.014151 0.000032
0 0.008516 0.002061 0.014218 0.000033
0 0.008531 0.002199 0.014188 0.000028
0 0.008480 0.002100 0.014290 0.000045
0 0.008364 0.002030 0.014522 0.000048
0 0.008358 0.001974 0.014534 0.000036
0 0.008357 0.001857 0.014536 0.000039
0 0.008283 0.001427 0.014684 0.000047
0 0.008352 0.001810 0.014545 0.000033
0 0.008351 0.001759 0.014549 0.000041
0 0.008344 0.001711 0.014562 0.000041
0 0.008332 0.001640 0.014586 0.000037
0 0.008322 0.001593 0.014606 0.000038
0 0.008306 0.001530 0.014638 0.000042
0 0.008298 0.001481 0.014653 0.000041
0 0.007854 0.000087 0.015542 0.000043