0 0.001889 0.000300 0.000686 0.000041
0 0.001837 0.000614 0.000790 0.000045
0 0.001705 0.000796 0.001054 0.000023
0 0.001667 0.000788 0.001129 0.000021
0 0.001761 0.000642 0.000943 0.000041
0 0.001747 0.000649 0.000971 0.000045
0 0.001799 0.000629 0.000866 0.000041
0 0.001773 0.000636 0.000917 0.000041
0 0.001849 0.000613 0.000767 0.000027
0 0.001714 0.000814 0.001036 0.000027
0 0.001896 0.000487 0.000672 0.000016
0 0.001927 0.000490 0.000609 0.000022
0 0.001942 0.000477 0.000580 0.000020
0 0.001943 0.000466 0.000578 0.000012
0 0.001948 0.000454 0.000567 0.000017
0 0.001910 0.000471 0.000645 0.000019
0 0.001707 0.000807 0.001050 0.000027
0 0.001728 0.000849 0.001008 0.000028
0 0.001489 0.001028 0.001486 0.000041
0 0.001719 0.000895 0.001026 0.000032
0 0.001477 0.000885 0.001510 0.000015
0 0.001510 0.000867 0.001445 0.000017
0 0.001531 0.001011 0.001403 0.000030
0 0.001582 0.000952 0.001299 0.000028
0 0.001588 0.000944 0.001288 0.000022
0 0.001595 0.000940 0.001275 0.000025
0 0.001719 0.000908 0.001027 0.000028
0 0.001746 0.000909 0.000972 0.000022
0 0.001727 0.000887 0.001011 0.000028
0 0.001734 0.000881 0.000997 0.000027
0 0.001739 0.000872 0.000986 0.000028
0 0.001746 0.000866 0.000972 0.000027
0 0.001752 0.000860 0.000961 0.000027
0 0.001767 0.000889 0.000930 0.000029
0 0.001915 0.000455 0.000634 0.000018
0 0.001910 0.000440 0.000645 0.000016
0 0.001947 0.000438 0.000571 0.000016
0 0.001986 0.000212 0.000493 0.000035
0 0.001952 0.000289 0.000560 0.000022
0 0.001957 0.000274 0.000551 0.000021
0 0.001955 0.000260 0.000555 0.000022
0 0.001955 0.000243 0.000555 0.000027
0 0.001924 0.000255 0.000617 0.000029
0 0.001975 0.000214 0.000514 0.000035
0 0.001995 0.000242 0.000474 0.000036
0 0.001947 0.000425 0.000570 0.000018
0 0.002000 0.000204 0.000465 0.000040
0 0.002010 0.000206 0.000443 0.000055
0 0.002023 0.000198 0.000418 0.000048
0 0.002032 0.000233 0.000401 0.000049
0 0.002039 0.000185 0.000387 0.000044
0 0.002060 0.000168 0.000344 0.000024
0 0.001954 0.000303 0.000557 0.000017
0 0.001953 0.000315 0.000558 0.000017
0 0.001927 0.000288 0.000611 0.000016
0 0.001927 0.000301 0.000611 0.000013
0 0.001903 0.000290 0.000658 0.000038
0 0.001925 0.000315 0.000613 0.000011
0 0.001923 0.000328 0.000618 0.000014
0 0.001924 0.000343 0.000616 0.000017
0 0.001922 0.000356 0.000621 0.000016
0 0.001916 0.000370 0.000632 0.000016
0 0.001922 0.000384 0.000620 0.000014
0 0.001953 0.000330 0.000558 0.000018
0 0.001952 0.000345 0.000561 0.000019
0 0.001949 0.000373 0.000566 0.000019
0 0.001948 0.000386 0.000569 0.000021
0 0.001950 0.000400 0.000565 0.000018
0 0.001950 0.000415 0.000563 0.000017
0 0.001475 0.000901 0.001514 0.000014
0 0.001480 0.000929 0.001504 0.000014
0 0.002113 0.000174 0.000238 0.000017
0 0.008175 0.001293 0.014899 0.000091
0 0.008306 0.001506 0.014639 0.000047
0 0.008287 0.001455 0.014677 0.000042
0 0.008274 0.001442 0.014701 0.000035
0 0.008237 0.001404 0.014775 0.000073
0 0.008311 0.001296 0.014628 0.000045
0 0.008250 0.001230 0.014750 0.000096
0 0.008210 0.001148 0.014830 0.000098
0 0.008585 0.001941 0.014080 0.000056
0 0.008150 0.000801 0.014950 0.000078
0 0.016523 0.001411 0.029454 0.000041
0 0.016620 0.001572 0.029261 0.000041
0 0.016706 0.001742 0.029088 0.000043
0 0.007946 0.000487 0.015358 0.000067
0 0.007903 0.000369 0.015444 0.000183
0 0.008313 0.001554 0.014625 0.000116
0 0.008560 0.001893 0.014130 0.000045
0 0.001511 0.000886 0.001443 0.000018
0 0.008364 0.002096 0.014521 0.000226
0 0.008308 0.000549 0.014635 0.000160
0 0.008261 0.000697 0.014728 0.000051
0 0.008387 0.000626 0.014476 0.000150
0 0.008610 0.000384 0.014030 0.000240
0 0.008666 0.000204 0.013918 0.000105
0 0.008714 0.000268 0.013822 0.000182
0 0.008524 0.002194 0.014202 0.000068
0 0.008541 0.001827 0.014167 0.000069
0 0.008262 0.002143 0.014725 0.000110
0 0.008490 0.001745 0.014269 0.000064
0 0.008374 0.001601 0.014502 0.000084
0 0.008416 0.001652 0.014418 0.000084
0 0.008458 0.001687 0.014335 0.000084
0 0.008531 0.001773 0.014188 0.000015
0 0.001241 0.000335 0.001983 0.000043
0 0.001331 0.000168 0.001803 0.000018
0 0.001337 0.000180 0.001790 0.000026
0 0.001377 0.001040 0.001710 0.000021
0 0.001294 0.000568 0.001877 0.000028
0 0.001300 0.000589 0.001864 0.000022
0 0.001301 0.000608 0.001862 0.000030
0 0.001308 0.000636 0.001849 0.000017
0 0.001308 0.000655 0.001848 0.000028
0 0.001313 0.000680 0.001839 0.000034
0 0.001380 0.001081 0.001704 0.000030
0 0.001358 0.000209 0.001748 0.000027
0 0.001384 0.001099 0.001697 0.000029
0 0.001389 0.001116 0.001685 0.000030
0 0.001416 0.001158 0.001632 0.000021
0 0.001424 0.001170 0.001616 0.000021
0 0.001435 0.001181 0.001593 0.000020
0 0.001513 0.001139 0.001437 0.000042
0 0.001278 0.000409 0.001908 0.000022
0 0.001270 0.000428 0.001924 0.000028
0 0.001276 0.000513 0.001911 0.000016
0 0.001264 0.000482 0.001937 0.000019
0 0.001288 0.000471 0.001888 0.000020
0 0.001262 0.000278 0.001941 0.000019
0 0.001234 0.000304 0.001996 0.000022
0 0.001262 0.000293 0.001941 0.000022
0 0.001277 0.000307 0.001910 0.000025
0 0.001236 0.000317 0.001993 0.000031
0 0.001248 0.000376 0.001969 0.000022
0 0.001245 0.000360 0.001974 0.000021
0 0.001267 0.000348 0.001931 0.000028
0 0.001368 0.000277 0.001729 0.000027
0 0.001352 0.000247 0.001761 0.000022
0 0.001344 0.000233 0.001777 0.000016
0 0.001362 0.000225 0.001740 0.000028
0 0.002081 0.000160 0.000302 0.000022
0 0.002122 0.000200 0.000221 0.000032
0 0.001885 0.000332 0.000694 0.000029
0 0.001930 0.002097 0.000604 0.000012
0 0.001865 0.001826 0.000733 0.000034
0 0.001853 0.001844 0.000758 0.000034
0 0.001897 0.001914 0.000670 0.000027
0 0.001908 0.001927 0.000649 0.000022
0 0.001913 0.001939 0.000638 0.000019
0 0.001911 0.001958 0.000643 0.000026
0 0.001968 0.002193 0.000528 0.000060
0 0.001992 0.001860 0.000480 0.000019
0 0.001950 0.002203 0.000565 0.000057
0 0.001936 0.002199 0.000593 0.000043
0 0.001924 0.002191 0.000616 0.000033
0 0.001913 0.002192 0.000638 0.000034
0 0.001894 0.002192 0.000677 0.000029
0 0.001883 0.002193 0.000698 0.000032
0 0.001872 0.001839 0.000719 0.000033
0 0.001977 0.001810 0.000510 0.000023
0 0.001776 0.000555 0.000912 0.000037
0 0.001651 0.001548 0.001163 0.000031
0 0.001590 0.000693 0.001284 0.000052
0 0.001607 0.000693 0.001251 0.000047
0 0.001729 0.000656 0.001007 0.000034
0 0.001740 0.000656 0.000984 0.000028
0 0.001662 0.001549 0.001141 0.000048
0 0.001674 0.001577 0.001115 0.000041
0 0.001609 0.001494 0.001246 0.000036
0 0.001962 0.001782 0.000540 0.000025
0 0.001794 0.001496 0.000877 0.000028
0 0.001806 0.001506 0.000852 0.000023
0 0.001884 0.001616 0.000696 0.000034
0 0.001897 0.001638 0.000670 0.000023
0 0.001835 0.001759 0.000793 0.000017
0 0.001954 0.001769 0.000557 0.000028
0 0.001873 0.002190 0.000718 0.000023
0 0.001862 0.002192 0.000740 0.000029
0 0.001852 0.002193 0.000760 0.000032
0 0.001576 0.002047 0.001312 0.000049
0 0.001570 0.002178 0.001324 0.000019
0 0.001572 0.002157 0.001320 0.000016
0 0.001574 0.002137 0.001316 0.000014
0 0.001572 0.002118 0.001321 0.000014
0 0.001572 0.002101 0.001320 0.000015
0 0.001568 0.002066 0.001328 0.000045
0 0.001587 0.002030 0.001290 0.000043
0 0.001842 0.002192 0.000781 0.000030
0 0.001623 0.002014 0.001218 0.000048
0 0.001639 0.002016 0.001187 0.000052
0 0.001843 0.000330 0.000778 0.000044
0 0.001855 0.000322 0.000755 0.000046
0 0.001867 0.000313 0.000730 0.000051
0 0.001879 0.000300 0.000707 0.000032
0 0.001669 0.002000 0.001127 0.000032
0 0.001674 0.002014 0.001115 0.000035
0 0.001682 0.002030 0.001100 0.000036
0 0.001692 0.002042 0.001080 0.000034
0 0.001701 0.002056 0.001062 0.000039
0 0.001715 0.002066 0.001035 0.000029
0 0.001718 0.002077 0.001029 0.000037
0 0.001732 0.002088 0.001000 0.000028
0 0.001742 0.002098 0.000981 0.000028
0 0.001748 0.002111 0.000968 0.000029
0 0.001757 0.002121 0.000951 0.000030
0 0.001764 0.002134 0.000937 0.000031
0 0.001773 0.002144 0.000919 0.000034
0 0.001789 0.002168 0.000885 0.000025
0 0.001797 0.002178 0.000870 0.000028
0 0.001807 0.002192 0.000851 0.000033
0 0.001832 0.002192 0.000800 0.000030
0 0.001576 0.000699 0.001312 0.000042
0 0.001629 0.000463 0.001206 0.000029
0 0.002088 0.000184 0.000289 0.000026
0 0.001485 0.000485 0.001495 0.000027
0 0.001524 0.000335 0.001416 0.000028
0 0.001535 0.000335 0.001395 0.000020
0 0.001537 0.000347 0.001390 0.000016
0 0.001530 0.000378 0.001404 0.000039
0 0.001499 0.000455 0.001466 0.000036
0 0.001484 0.000499 0.001496 0.000034
0 0.001511 0.000390 0.001443 0.000034
0 0.001529 0.000313 0.001405 0.000020
0 0.001532 0.000529 0.001400 0.000010
0 0.001534 0.000543 0.001397 0.000013
0 0.001537 0.000557 0.001390 0.000010
0 0.001539 0.000570 0.001386 0.000011
0 0.001507 0.000536 0.001450 0.000022
0 0.001554 0.000634 0.001357 0.000011
0 0.001542 0.000283 0.001381 0.000027
0 0.001528 0.000302 0.001408 0.000019
0 0.001632 0.000481 0.001201 0.000016
0 0.002051 0.000282 0.000363 0.000018
0 0.002095 0.000200 0.000273 0.000020
0 0.002091 0.000214 0.000282 0.000016
0 0.002078 0.000227 0.000308 0.000020
0 0.002062 0.000239 0.000340 0.000022
0 0.002062 0.000255 0.000341 0.000017
0 0.002086 0.000265 0.000291 0.000034
0 0.002030 0.000309 0.000405 0.000021
0 0.001513 0.000282 0.001437 0.000033
0 0.002030 0.000336 0.000404 0.000042
0 0.001517 0.000210 0.001431 0.000034
0 0.001480 0.000309 0.001504 0.000043
0 0.001495 0.000347 0.001474 0.000039
0 0.001490 0.000306 0.001483 0.000035
0 0.001481 0.000275 0.001501 0.000033
0 0.001549 0.000622 0.001367 0.000010
0 0.001546 0.000609 0.001372 0.000012
0 0.001545 0.000597 0.001375 0.000009
0 0.001690 0.000507 0.001083 0.000041
0 0.001645 0.000580 0.001174 0.000015
0 0.001649 0.000599 0.001167 0.000016
0 0.001631 0.000617 0.001202 0.000022
0 0.001637 0.000530 0.001190 0.000015
0 0.001635 0.000515 0.001195 0.000013
0 0.001683 0.000503 0.001098 0.000029
0 0.001687 0.000460 0.001090 0.000041
0 0.001529 0.000641 0.001407 0.000029
0 0.001695 0.000463 0.001075 0.000045
0 0.001705 0.000520 0.001054 0.000033
0 0.001717 0.000524 0.001031 0.000037
0 0.001730 0.000506 0.001004 0.000067
0 0.001717 0.000436 0.001031 0.000031
0 0.001734 0.000465 0.000997 0.000022
0 0.001642 0.000564 0.001181 0.000015
0 0.001640 0.000547 0.001184 0.000015
0 0.001596 0.000489 0.001271 0.000023
0 0.001595 0.000527 0.001275 0.000033
0 0.001599 0.000541 0.001266 0.000033
0 0.001604 0.000555 0.001257 0.000034
0 0.001605 0.000589 0.001255 0.000034
0 0.001611 0.000606 0.001242 0.000030
0 0.001575 0.000532 0.001315 0.000046
0 0.001448 0.000676 0.001569 0.000024
0 0.001506 0.000550 0.001451 0.000026
0 0.001513 0.000561 0.001437 0.000021
0 0.001508 0.000578 0.001448 0.000026
0 0.001516 0.000590 0.001432 0.000023
0 0.001521 0.000603 0.001422 0.000021
0 0.001520 0.000616 0.001425 0.000026
0 0.001522 0.000631 0.001420 0.000025
0 0.008227 0.000583 0.014796 0.000145