0 0.011925 0.002162 0.020792 0.000071
0 0.001466 0.000557 0.001532 0.000117
0 0.008024 0.000703 0.015201 0.000377
0 0.008137 0.000787 0.014976 0.000441
0 0.008271 0.000965 0.014709 0.000368
0 0.008379 0.001105 0.014492 0.000371
0 0.008476 0.001218 0.014298 0.000423
0 0.008577 0.001388 0.014096 0.000461
0 0.008731 0.001569 0.013787 0.000249
0 0.008791 0.001720 0.013668 0.000282
0 0.001349 0.000496 0.001766 0.000115
0 0.001371 0.000605 0.001722 0.000073
0 0.001600 0.000785 0.001264 0.000093
0 0.011416 0.001568 0.021811 0.000035
0 0.001710 0.000923 0.001044 0.000112
0 0.002115 0.001718 0.000234 0.000146
0 0.002132 0.001638 0.000200 0.000112
0 0.011826 0.001993 0.020990 0.000055
0 0.011984 0.001866 0.020675 0.000053
0 0.012006 0.002186 0.020630 0.000053
0 0.011581 0.001712 0.021481 0.000044
0 0.011358 0.001711 0.021926 0.000077
0 0.011370 0.001704 0.021903 0.000086
0 0.011335 0.001698 0.021972 0.000079
0 0.007920 0.000637 0.015410 0.000406