0 0.011963 0.001902 0.020717 0.000063
0 0.011934 0.001826 0.020774 0.000065
0 0.004813 0.000513 0.008231 0.000279
0 0.004863 0.000678 0.008131 0.000279
0 0.004943 0.000953 0.007971 0.000289
0 0.005027 0.001231 0.007804 0.000284
0 0.005074 0.001391 0.007709 0.000284
0 0.005132 0.001584 0.007593 0.000285
0 0.005297 0.001844 0.007263 0.000322
0 0.011220 0.000046 0.022203 0.000058
0 0.011256 0.001359 0.022132 0.000065
0 0.011986 0.001957 0.020671 0.000060
0 0.011600 0.001351 0.021443 0.000063
0 0.011642 0.001418 0.021358 0.000063
0 0.011372 0.001426 0.021899 0.000063
0 0.011336 0.002205 0.021972 0.000058
0 0.011616 0.001331 0.021410 0.000070
0 0.011591 0.001370 0.021461 0.000070
0 0.011613 0.001449 0.021417 0.000078
0 0.011915 0.001764 0.020814 0.000062
0 0.011923 0.001796 0.020796 0.000065
0 0.015789 0.000937 0.030923 0.000249