0 0.012055 0.001969 0.020533 0.000062
0 0.011702 0.000633 0.021238 0.000072
0 0.012151 0.001949 0.020340 0.000051
0 0.012052 0.001322 0.020538 0.000076
0 0.012039 0.001297 0.020566 0.000068
0 0.012025 0.001263 0.020593 0.000074
0 0.012013 0.001238 0.020617 0.000078
0 0.012000 0.001217 0.020643 0.000068
0 0.011987 0.001193 0.020669 0.000070
0 0.011953 0.001124 0.020736 0.000068
0 0.011928 0.001073 0.020788 0.000072
0 0.011918 0.001050 0.020807 0.000068
0 0.011907 0.001029 0.020828 0.000078
0 0.011894 0.000999 0.020855 0.000076
0 0.011866 0.000954 0.020912 0.000080
0 0.011691 0.000600 0.021261 0.000076
0 0.011216 0.001184 0.022210 0.000084
0 0.011670 0.000530 0.021303 0.000064
0 0.011660 0.000494 0.021324 0.000062
0 0.011570 0.000237 0.021502 0.000082
0 0.011450 0.000393 0.021744 0.000070
0 0.011446 0.000271 0.021750 0.000080
0 0.016193 0.001329 0.030114 0.000473
0 0.005326 0.000962 0.007205 0.000364
0 0.005110 0.000510 0.007638 0.000362
0 0.004678 0.001193 0.008500 0.000346
0 0.004626 0.000990 0.008605 0.000342
0 0.004805 0.000877 0.008246 0.000401
0 0.004880 0.000750 0.008097 0.000401
0 0.004554 0.000360 0.008748 0.000346
0 0.012142 0.002025 0.020360 0.000056
0 0.011314 0.000878 0.022016 0.000082
0 0.012068 0.001846 0.020506 0.000051
0 0.011491 0.000311 0.021662 0.000082
0 0.012064 0.001887 0.020514 0.000049
0 0.012120 0.002189 0.020403 0.000062
0 0.011940 0.001098 0.020764 0.000076
0 0.011763 0.000759 0.021116 0.000095
0 0.011727 0.000683 0.021188 0.000086
0 0.011714 0.000652 0.021216 0.000082
0 0.011677 0.000563 0.021288 0.000076
0 0.011739 0.000296 0.021164 0.000041
0 0.011740 0.000249 0.021163 0.000041
0 0.011601 0.000271 0.021441 0.000097
0 0.011584 0.000250 0.021475 0.000097
0 0.011488 0.000121 0.021666 0.000099
0 0.011477 0.000342 0.021689 0.000095
0 0.011462 0.000362 0.021718 0.000082
0 0.011289 0.000901 0.022066 0.000082
0 0.011508 0.000563 0.021626 0.000080
0 0.011492 0.000582 0.021658 0.000074
0 0.011436 0.000677 0.021771 0.000078
0 0.011378 0.000522 0.021887 0.000084
0 0.011380 0.000774 0.021884 0.000091
0 0.011562 0.000203 0.021518 0.000080
0 0.011574 0.000441 0.021494 0.000080
0 0.011549 0.000464 0.021546 0.000093
0 0.011534 0.000512 0.021575 0.000078
0 0.011314 0.000610 0.022014 0.000076
0 0.011392 0.000498 0.021860 0.000082
0 0.011421 0.000432 0.021802 0.000078
0 0.011465 0.000624 0.021713 0.000080
0 0.007858 0.001933 0.015535 0.000249