0 0.001576 0.001048 0.001311 0.000009
0 0.001652 0.000770 0.001161 0.000019
0 0.001713 0.000938 0.001038 0.000018
0 0.001681 0.000947 0.001103 0.000014
0 0.001683 0.000934 0.001099 0.000015
0 0.001685 0.000921 0.001094 0.000012
0 0.001688 0.000910 0.001088 0.000013
0 0.001723 0.000876 0.001018 0.000019
0 0.001722 0.000857 0.001020 0.000015
0 0.001727 0.000843 0.001010 0.000016
0 0.001692 0.000886 0.001081 0.000015
0 0.001695 0.000861 0.001075 0.000016
0 0.001857 0.000871 0.000751 0.000029
0 0.001851 0.000838 0.000763 0.000031
0 0.001845 0.000820 0.000773 0.000031
0 0.001841 0.000801 0.000782 0.000027
0 0.001836 0.000784 0.000791 0.000027
0 0.001899 0.001450 0.000666 0.000020
0 0.001869 0.001483 0.000727 0.000022
0 0.001863 0.001475 0.000738 0.000020
0 0.001855 0.001464 0.000754 0.000024
0 0.001834 0.001494 0.000796 0.000030
0 0.001820 0.001438 0.000824 0.000021
0 0.001708 0.000969 0.001049 0.000017
0 0.001673 0.000969 0.001118 0.000014
0 0.001676 0.000992 0.001113 0.000011
0 0.001780 0.001152 0.000904 0.000029
0 0.001649 0.000816 0.001166 0.000017
0 0.001615 0.000764 0.001234 0.000017
0 0.001617 0.000780 0.001230 0.000016
0 0.001614 0.000797 0.001236 0.000018
0 0.001611 0.000811 0.001242 0.000017
0 0.001610 0.000828 0.001245 0.000017
0 0.001608 0.000841 0.001248 0.000014
0 0.001787 0.001167 0.000890 0.000029
0 0.001764 0.001202 0.000935 0.000026
0 0.001746 0.001160 0.000971 0.000022
0 0.001670 0.001002 0.001123 0.000015
0 0.001742 0.001148 0.000979 0.000021
0 0.001745 0.001137 0.000975 0.000016
0 0.001764 0.001126 0.000935 0.000029
0 0.001761 0.001111 0.000942 0.000025
0 0.001745 0.001085 0.000975 0.000019
0 0.001740 0.001074 0.000984 0.000018
0 0.001691 0.001049 0.001082 0.000045
0 0.001700 0.001016 0.001065 0.000017
0 0.001700 0.001001 0.001065 0.000017
0 0.001814 0.001434 0.000836 0.000021
0 0.001804 0.001366 0.000857 0.000020
0 0.001748 0.001388 0.000969 0.000023
0 0.001965 0.001735 0.000534 0.000028
0 0.001918 0.001662 0.000628 0.000027
0 0.001915 0.001723 0.000635 0.000020
0 0.001928 0.001682 0.000608 0.000027
0 0.001936 0.001692 0.000592 0.000022
0 0.001944 0.001704 0.000576 0.000024
0 0.001952 0.001715 0.000559 0.000020
0 0.001920 0.001732 0.000624 0.000025
0 0.001959 0.001727 0.000546 0.000023
0 0.001920 0.001742 0.000625 0.000034
0 0.001973 0.001749 0.000519 0.000027
0 0.001888 0.001662 0.000689 0.000046
0 0.001950 0.001773 0.000565 0.000024
0 0.001959 0.001782 0.000547 0.000022
0 0.001963 0.001794 0.000538 0.000024
0 0.001960 0.001806 0.000544 0.000033
0 0.001991 0.001771 0.000483 0.000023
0 0.001999 0.001781 0.000467 0.000024
0 0.002008 0.001792 0.000448 0.000020
0 0.001971 0.001819 0.000522 0.000031
0 0.002010 0.001804 0.000445 0.000025
0 0.001902 0.001699 0.000661 0.000024
0 0.001821 0.001220 0.000823 0.000027
0 0.001761 0.001379 0.000943 0.000021
0 0.001881 0.001410 0.000702 0.000022
0 0.001769 0.001368 0.000926 0.000022
0 0.001775 0.001356 0.000915 0.000026
0 0.001789 0.001336 0.000887 0.000024
0 0.001799 0.001313 0.000866 0.000026
0 0.001818 0.001331 0.000827 0.000022
0 0.001811 0.001304 0.000843 0.000022
0 0.001817 0.001294 0.000830 0.000022
0 0.001788 0.001243 0.000889 0.000027
0 0.001889 0.001419 0.000687 0.000021
0 0.001873 0.001394 0.000719 0.000021
0 0.001828 0.001235 0.000808 0.000026
0 0.001906 0.001386 0.000652 0.000026
0 0.001856 0.001369 0.000753 0.000027
0 0.001848 0.001360 0.000769 0.000025
0 0.001879 0.001331 0.000707 0.000026
0 0.001848 0.001344 0.000768 0.000019
0 0.001847 0.001332 0.000771 0.000017
0 0.001865 0.001303 0.000734 0.000027
0 0.001847 0.001277 0.000770 0.000031
0 0.001842 0.001262 0.000781 0.000027
0 0.001652 0.000802 0.001161 0.000017
0 0.001602 0.000544 0.001261 0.000026
0 0.001990 0.001841 0.000484 0.000029
0 0.001618 0.000571 0.001229 0.000022
0 0.001655 0.000061 0.001155 0.000090
0 0.001481 0.000109 0.001502 0.000027
0 0.001488 0.000125 0.001489 0.000020
0 0.001502 0.000183 0.001460 0.000021
0 0.001477 0.000210 0.001511 0.000022
0 0.001486 0.000233 0.001493 0.000020
0 0.001499 0.000267 0.001467 0.000017
0 0.001512 0.000303 0.001441 0.000017
0 0.001523 0.000240 0.001418 0.000017
0 0.001648 0.000127 0.001168 0.000019
0 0.001639 0.000148 0.001185 0.000030
0 0.001663 0.000162 0.001139 0.000018
0 0.001656 0.000183 0.001152 0.000028
0 0.001667 0.000198 0.001131 0.000026
0 0.001666 0.000218 0.001132 0.000028
0 0.001682 0.000232 0.001101 0.000023
0 0.001685 0.000251 0.001095 0.000025
0 0.001686 0.000270 0.001093 0.000026
0 0.001689 0.000290 0.001086 0.000027
0 0.001694 0.000307 0.001077 0.000030
0 0.001706 0.000323 0.001052 0.000026
0 0.001223 0.000074 0.002018 0.000041
0 0.008784 0.002064 0.013681 0.000173
0 0.008577 0.002030 0.014095 0.000191
0 0.008270 0.000908 0.014711 0.000280
0 0.008115 0.000226 0.015019 0.000197
0 0.008201 0.000195 0.014848 0.000220
0 0.008055 0.000497 0.015140 0.000219
0 0.008134 0.000461 0.014981 0.000232
0 0.008244 0.000441 0.014762 0.000189
0 0.008168 0.000699 0.014914 0.000201
0 0.008255 0.000648 0.014740 0.000175
0 0.008338 0.000627 0.014575 0.000188
0 0.008201 0.000910 0.014847 0.000175
0 0.008360 0.000953 0.014530 0.000227
0 0.008745 0.001900 0.013761 0.000170
0 0.001847 0.000612 0.000770 0.000290
0 0.008339 0.000291 0.014571 0.000374
0 0.008486 0.000683 0.014278 0.000427
0 0.001953 0.001187 0.000558 0.000308
0 0.008465 0.001271 0.014319 0.000426
0 0.008439 0.001341 0.014371 0.000132
0 0.008261 0.001144 0.014729 0.000081
0 0.008585 0.001793 0.014079 0.000296
0 0.008621 0.001694 0.014009 0.000355
0 0.001710 0.000359 0.001045 0.000029
0 0.001715 0.000374 0.001034 0.000027
0 0.001717 0.000396 0.001030 0.000030
0 0.001397 0.000241 0.001669 0.000018
0 0.001364 0.000318 0.001736 0.000015
0 0.001367 0.000328 0.001731 0.000014
0 0.001371 0.000342 0.001722 0.000016
0 0.001421 0.000311 0.001623 0.000015
0 0.001411 0.000290 0.001642 0.000019
0 0.001449 0.000315 0.001567 0.000021
0 0.001446 0.000302 0.001571 0.000018
0 0.001441 0.000278 0.001583 0.000017
0 0.001404 0.000251 0.001657 0.000015
0 0.001390 0.000218 0.001685 0.000020
0 0.001357 0.000295 0.001750 0.000015
0 0.001382 0.000194 0.001700 0.000019
0 0.001403 0.000159 0.001658 0.000016
0 0.001401 0.000146 0.001661 0.000020
0 0.001374 0.000119 0.001717 0.000027
0 0.001676 0.000619 0.001112 0.000044
0 0.001642 0.000646 0.001181 0.000019
0 0.001634 0.000629 0.001195 0.000022
0 0.001627 0.000599 0.001211 0.000022
0 0.001648 0.000566 0.001168 0.000038
0 0.001361 0.000305 0.001741 0.000015
0 0.001354 0.000283 0.001757 0.000014
0 0.001724 0.000431 0.001016 0.000030
0 0.001839 0.000762 0.000786 0.000024
0 0.001758 0.000516 0.000948 0.000026
0 0.001771 0.000535 0.000922 0.000026
0 0.001768 0.000553 0.000928 0.000027
0 0.001772 0.000572 0.000921 0.000026
0 0.001775 0.000589 0.000914 0.000027
0 0.001788 0.000624 0.000889 0.000024
0 0.001809 0.000678 0.000846 0.000027
0 0.001800 0.000698 0.000863 0.000036
0 0.001822 0.000728 0.000819 0.000026
0 0.001302 0.000221 0.001861 0.000017
0 0.001331 0.000318 0.001802 0.000015
0 0.001303 0.000234 0.001857 0.000019
0 0.001285 0.000172 0.001893 0.000017
0 0.001284 0.000150 0.001896 0.000030
0 0.001331 0.000210 0.001803 0.000014
0 0.001338 0.000234 0.001789 0.000014
0 0.001346 0.000258 0.001773 0.000015
0 0.001308 0.000247 0.001848 0.000019
0 0.001315 0.000259 0.001835 0.000013
0 0.001327 0.000305 0.001811 0.000019
0 0.001979 0.001830 0.000505 0.000032
0 0.002022 0.001816 0.000421 0.000021
0 0.001575 0.000995 0.001314 0.000019
0 0.001394 0.000523 0.001677 0.000016
0 0.001450 0.000404 0.001565 0.000021
0 0.001469 0.000346 0.001526 0.000024
0 0.001567 0.000407 0.001331 0.000021
0 0.001585 0.000375 0.001293 0.000047
0 0.001608 0.000440 0.001248 0.000042
0 0.001620 0.000484 0.001225 0.000041
0 0.001597 0.000508 0.001270 0.000020
0 0.001594 0.000497 0.001275 0.000019
0 0.001587 0.000481 0.001290 0.000021
0 0.001585 0.000466 0.001294 0.000021
0 0.001579 0.000449 0.001307 0.000018
0 0.001575 0.000436 0.001314 0.000022
0 0.001519 0.000604 0.001426 0.000019
0 0.001520 0.000619 0.001425 0.000019
0 0.001526 0.000630 0.001412 0.000017
0 0.001529 0.000643 0.001407 0.000019
0 0.001535 0.000655 0.001395 0.000019
0 0.001539 0.000669 0.001386 0.000019
0 0.001556 0.000617 0.001353 0.000021
0 0.001553 0.000605 0.001359 0.000019
0 0.001548 0.000592 0.001368 0.000019
0 0.001475 0.000360 0.001514 0.000021
0 0.001483 0.000390 0.001498 0.000021
0 0.001461 0.000433 0.001542 0.000022
0 0.001407 0.000545 0.001650 0.000015
0 0.001410 0.000477 0.001645 0.000019
0 0.001405 0.000466 0.001654 0.000016
0 0.001403 0.000456 0.001658 0.000015
0 0.001400 0.000444 0.001665 0.000014
0 0.001390 0.000410 0.001684 0.000015
0 0.001380 0.000385 0.001704 0.000021
0 0.001416 0.000500 0.001632 0.000019
0 0.001422 0.000511 0.001621 0.000014
0 0.001427 0.000535 0.001610 0.000016
0 0.001406 0.000557 0.001652 0.000017
0 0.001499 0.000435 0.001466 0.000022
0 0.001409 0.000567 0.001646 0.000015
0 0.001413 0.000578 0.001639 0.000017
0 0.001417 0.000589 0.001630 0.000017
0 0.001482 0.000507 0.001499 0.000024
0 0.001525 0.000521 0.001415 0.000022
0 0.001516 0.000491 0.001433 0.000026
0 0.001513 0.000478 0.001439 0.000019
0 0.001479 0.000492 0.001506 0.000020
0 0.001470 0.000462 0.001525 0.000021
0 0.001570 0.000655 0.001324 0.000020
0 0.001547 0.000693 0.001371 0.000020
0 0.001555 0.000719 0.001354 0.000020
0 0.001631 0.000899 0.001202 0.000015
0 0.001465 0.000648 0.001534 0.000020
0 0.001461 0.000638 0.001542 0.000017
0 0.001456 0.000626 0.001552 0.000018
0 0.001452 0.000607 0.001560 0.000019
0 0.001603 0.000859 0.001258 0.000019
0 0.001601 0.000876 0.001263 0.000020
0 0.001595 0.000895 0.001274 0.000018
0 0.001593 0.000911 0.001278 0.000017
0 0.001628 0.000924 0.001208 0.000014
0 0.001635 0.000887 0.001194 0.000014
0 0.001475 0.000682 0.001514 0.000019
0 0.001636 0.000873 0.001193 0.000014
0 0.001638 0.000861 0.001188 0.000015
0 0.001642 0.000834 0.001180 0.000016
0 0.001624 0.000950 0.001216 0.000014
0 0.001621 0.000963 0.001221 0.000015
0 0.001621 0.000975 0.001222 0.000013
0 0.001618 0.000989 0.001228 0.000015
0 0.001614 0.001014 0.001237 0.000015
0 0.001585 0.000963 0.001293 0.000017
0 0.001466 0.000660 0.001532 0.000019
0 0.001434 0.000649 0.001596 0.000017
0 0.001559 0.000733 0.001346 0.000018
0 0.001540 0.000823 0.001383 0.000013
0 0.001589 0.000721 0.001287 0.000018
0 0.001584 0.000708 0.001296 0.000019
0 0.001581 0.000694 0.001302 0.000019
0 0.001578 0.000681 0.001309 0.000019
0 0.001574 0.000668 0.001317 0.000017
0 0.001519 0.000918 0.001426 0.000015
0 0.001527 0.000868 0.001410 0.000015
0 0.001527 0.000858 0.001409 0.000015
0 0.001528 0.000844 0.001408 0.000016
0 0.001530 0.000984 0.001404 0.000018
0 0.001443 0.000682 0.001578 0.000019
0 0.001504 0.000787 0.001455 0.000020
0 0.001503 0.000761 0.001459 0.000015
0 0.001497 0.000752 0.001470 0.000018
0 0.001491 0.000741 0.001481 0.000020
0 0.001466 0.000752 0.001533 0.000020
0 0.001454 0.000731 0.001557 0.000020
0 0.001486 0.000717 0.001491 0.000019
0 0.001450 0.000706 0.001564 0.000019
0 0.001449 0.000694 0.001567 0.000019
0 0.001397 0.000534 0.001670 0.000017
0 0.001389 0.000512 0.001686 0.000017
0 0.002026 0.001826 0.000413 0.000026
0 0.001386 0.000500 0.001692 0.000016
0 0.002141 0.001818 0.000182 0.000038
0 0.002136 0.001797 0.000192 0.000043
0 0.002109 0.001829 0.000245 0.000028
0 0.002099 0.001816 0.000267 0.000028
0 0.002132 0.001786 0.000200 0.000033
0 0.002119 0.001775 0.000226 0.000034
0 0.002092 0.001804 0.000280 0.000029
0 0.002081 0.001793 0.000302 0.000029
0 0.002111 0.001765 0.000242 0.000033
0 0.002100 0.001750 0.000263 0.000040
0 0.002073 0.001781 0.000319 0.000030
0 0.002065 0.001766 0.000334 0.000027
0 0.002058 0.001756 0.000349 0.000027
0 0.002092 0.001738 0.000280 0.000034
0 0.002085 0.001726 0.000294 0.000033
0 0.002075 0.001714 0.000314 0.000033
0 0.002046 0.001730 0.000373 0.000023
0 0.002049 0.001741 0.000366 0.000026
0 0.002059 0.001689 0.000347 0.000033
0 0.002052 0.001676 0.000360 0.000033
0 0.002041 0.001665 0.000383 0.000033
0 0.002123 0.001852 0.000218 0.000022
0 0.002149 0.001831 0.000167 0.000038
0 0.002201 0.001835 0.000062 0.000038
0 0.002071 0.001894 0.000322 0.000022
0 0.002032 0.001834 0.000400 0.000028
0 0.001995 0.001852 0.000475 0.000033
0 0.002002 0.001865 0.000460 0.000033
0 0.002017 0.001874 0.000430 0.000027
0 0.002027 0.001887 0.000410 0.000023
0 0.002034 0.001897 0.000396 0.000024
0 0.002040 0.001905 0.000384 0.000023
0 0.002054 0.001930 0.000357 0.000020
0 0.002066 0.001883 0.000333 0.000022
0 0.002081 0.001905 0.000302 0.000020
0 0.002186 0.001847 0.000092 0.000052
0 0.002058 0.001869 0.000349 0.000022
0 0.002049 0.001859 0.000366 0.000025
0 0.002107 0.001926 0.000251 0.000037
0 0.002075 0.001945 0.000314 0.000033
0 0.002116 0.001919 0.000233 0.000020
0 0.002152 0.001889 0.000161 0.000043
0 0.002156 0.001878 0.000152 0.000032
0 0.002165 0.001868 0.000135 0.000046
0 0.002187 0.001855 0.000091 0.000034
0 0.002006 0.001686 0.000453 0.000029
0 0.002001 0.001671 0.000462 0.000027
0 0.001991 0.001661 0.000482 0.000029
0 0.002036 0.001984 0.000393 0.000039
0 0.001977 0.002038 0.000510 0.000027
0 0.001961 0.002007 0.000543 0.000020
0 0.001999 0.002014 0.000467 0.000038
0 0.002022 0.002007 0.000420 0.000038
0 0.001972 0.001996 0.000520 0.000019
0 0.001981 0.001988 0.000502 0.000029
0 0.001991 0.001982 0.000483 0.000024
0 0.002000 0.001976 0.000464 0.000023
0 0.002023 0.001996 0.000419 0.000043
0 0.002024 0.001945 0.000415 0.000022
0 0.001960 0.000951 0.000544 0.000184
0 0.002005 0.001958 0.000454 0.000027
0 0.002004 0.001968 0.000456 0.000022
0 0.001357 0.000408 0.001750 0.000020
0 0.001368 0.000431 0.001729 0.000016
0 0.001370 0.000443 0.001723 0.000016
0 0.001371 0.000455 0.001722 0.000017
0 0.001379 0.000467 0.001706 0.000014
0 0.001378 0.000478 0.001708 0.000017
0 0.001385 0.000489 0.001695 0.000015
0 0.001960 0.002053 0.000544 0.000020
0 0.001941 0.001023 0.000583 0.000133
0 0.002035 0.001650 0.000394 0.000031
0 0.001982 0.001580 0.000500 0.000033
0 0.002027 0.001640 0.000410 0.000027
0 0.002014 0.001628 0.000436 0.000034
0 0.002007 0.001614 0.000450 0.000034
0 0.001977 0.001633 0.000511 0.000026
0 0.001994 0.001591 0.000477 0.000033
0 0.001965 0.001624 0.000535 0.000027
0 0.001964 0.001610 0.000537 0.000019
0 0.001952 0.001601 0.000559 0.000027
0 0.001940 0.001591 0.000584 0.000029
0 0.001974 0.001564 0.000517 0.000034
0 0.002011 0.001319 0.000442 0.000099
0 0.001966 0.001552 0.000531 0.000033
0 0.001934 0.001567 0.000597 0.000026
0 0.001941 0.001527 0.000582 0.000040
0 0.002160 0.001568 0.000145 0.000034
0 0.002162 0.001558 0.000141 0.000050
0 0.002127 0.001500 0.000209 0.000040
0 0.002108 0.001510 0.000248 0.000063
0 0.008387 0.001312 0.014477 0.000068
0 0.001628 0.001328 0.001208 0.000039
0 0.007984 0.000259 0.015283 0.000205