0 0.008864 0.001752 0.013521 0.000112
0 0.001213 0.000218 0.002038 0.000017
0 0.001188 0.000153 0.002088 0.000019
0 0.001172 0.000373 0.002120 0.000017
0 0.001170 0.000441 0.002124 0.000017
0 0.001179 0.000447 0.002106 0.000019
0 0.001172 0.000338 0.002120 0.000017
0 0.001199 0.000387 0.002067 0.000017
0 0.001205 0.000495 0.002054 0.000017
0 0.001201 0.000317 0.002063 0.000016
0 0.001229 0.000319 0.002006 0.000019
0 0.001239 0.000362 0.001987 0.000017
0 0.001226 0.000433 0.002011 0.000017
0 0.001225 0.000449 0.002013 0.000019
0 0.001236 0.000437 0.001992 0.000017
0 0.001235 0.000455 0.001994 0.000019
0 0.001236 0.000511 0.001993 0.000017
0 0.001258 0.000441 0.001949 0.000021
0 0.001267 0.000483 0.001931 0.000041
0 0.001203 0.000247 0.002059 0.000019
0 0.001216 0.000151 0.002032 0.000016
0 0.002203 0.001683 0.000057 0.000045
0 0.001243 0.000211 0.001978 0.000019
0 0.002093 0.001291 0.000278 0.000029
0 0.002090 0.001312 0.000284 0.000032
0 0.002090 0.001329 0.000284 0.000029
0 0.001965 0.001143 0.000534 0.000035
0 0.001959 0.001171 0.000545 0.000040
0 0.001966 0.001339 0.000533 0.000059
0 0.001961 0.001364 0.000542 0.000043
0 0.002054 0.001297 0.000356 0.000029
0 0.002076 0.001343 0.000311 0.000028
0 0.002071 0.001378 0.000323 0.000033
0 0.002066 0.001413 0.000332 0.000032
0 0.008760 0.001337 0.013729 0.000241
0 0.002077 0.001420 0.000309 0.000032
0 0.002076 0.001437 0.000311 0.000032
0 0.001233 0.000169 0.001998 0.000020
0 0.001245 0.000135 0.001974 0.000015
0 0.001244 0.000175 0.001976 0.000019
0 0.001260 0.000329 0.001945 0.000023
0 0.001262 0.000216 0.001940 0.000019
0 0.001265 0.000178 0.001935 0.000020
0 0.001264 0.000159 0.001936 0.000015
0 0.001331 0.000419 0.001803 0.000017
0 0.001331 0.000395 0.001802 0.000015
0 0.001342 0.000426 0.001780 0.000017
0 0.001342 0.000402 0.001780 0.000020
0 0.001330 0.000372 0.001805 0.000021
0 0.001330 0.000348 0.001803 0.000016
0 0.001344 0.000355 0.001776 0.000017
0 0.001343 0.000332 0.001777 0.000021
0 0.001331 0.000327 0.001802 0.000016
0 0.001346 0.000311 0.001772 0.000019
0 0.001332 0.000302 0.001801 0.000020
0 0.001346 0.000288 0.001773 0.000021
0 0.001346 0.000263 0.001772 0.000019
0 0.001346 0.000241 0.001772 0.000021
0 0.001347 0.000219 0.001770 0.000020
0 0.001348 0.000197 0.001768 0.000021
0 0.001335 0.000212 0.001795 0.000016
0 0.001328 0.000441 0.001808 0.000017
0 0.001342 0.000447 0.001780 0.000019
0 0.001340 0.000470 0.001785 0.000017
0 0.001303 0.000359 0.001858 0.000019
0 0.001265 0.000139 0.001934 0.000021
0 0.001299 0.000099 0.001865 0.000021
0 0.001300 0.000233 0.001863 0.000037
0 0.001311 0.000081 0.001842 0.000019
0 0.001311 0.000132 0.001842 0.000019
0 0.001311 0.000153 0.001843 0.000019
0 0.001305 0.000313 0.001854 0.000015
0 0.001302 0.000424 0.001860 0.000021
0 0.001350 0.000569 0.001764 0.000021
0 0.001301 0.000452 0.001862 0.000019
0 0.001297 0.000540 0.001870 0.000021
0 0.001327 0.000558 0.001811 0.000017
0 0.001327 0.000530 0.001811 0.000015
0 0.001327 0.000485 0.001810 0.000019
0 0.001338 0.000514 0.001789 0.000023
0 0.001340 0.000492 0.001784 0.000016
0 0.002097 0.001277 0.000270 0.000036
0 0.002101 0.001253 0.000262 0.000028
0 0.002078 0.001327 0.000309 0.000027
0 0.001907 0.001053 0.000649 0.000045
0 0.007813 0.000178 0.015624 0.000028
0 0.007812 0.000246 0.015625 0.000028
0 0.007812 0.000315 0.015625 0.000028
0 0.007814 0.000050 0.015622 0.000092
0 0.006211 0.000493 0.009899 0.000157
0 0.001698 0.000795 0.001069 0.000095
0 0.001731 0.000860 0.001003 0.000061
0 0.001752 0.000919 0.000960 0.000071
0 0.001773 0.000973 0.000918 0.000099
0 0.001799 0.001143 0.000866 0.000087
0 0.001867 0.000903 0.000730 0.000072
0 0.001915 0.000841 0.000633 0.000049
0 0.001917 0.000875 0.000630 0.000035
0 0.001927 0.000902 0.000611 0.000039
0 0.001924 0.000920 0.000617 0.000032
0 0.001918 0.000973 0.000628 0.000035
0 0.001913 0.001001 0.000637 0.000031
0 0.008558 0.000855 0.014135 0.000201
0 0.008589 0.000954 0.014073 0.000252
0 0.008552 0.001341 0.014146 0.000392
0 0.008852 0.001515 0.013547 0.000204
0 0.007890 0.000305 0.015470 0.000392
0 0.007919 0.000304 0.015413 0.000424
0 0.007950 0.000297 0.015350 0.000468
0 0.007981 0.000318 0.015288 0.000471
0 0.008020 0.000337 0.015211 0.000469
0 0.008059 0.000357 0.015133 0.000476
0 0.008107 0.000385 0.015036 0.000473
0 0.008830 0.001882 0.013590 0.000252
0 0.008641 0.001072 0.013969 0.000253
0 0.008766 0.001828 0.013718 0.000387
0 0.008820 0.001463 0.013610 0.000223
0 0.008790 0.001405 0.013669 0.000233
0 0.008695 0.001661 0.013859 0.000385
0 0.008730 0.001268 0.013790 0.000235
0 0.008625 0.001501 0.014000 0.000381
0 0.008693 0.001181 0.013864 0.000229
0 0.001913 0.001023 0.000638 0.000036
0 0.001908 0.001073 0.000649 0.000033
0 0.002087 0.001255 0.000291 0.000033
0 0.001894 0.001041 0.000676 0.000031
0 0.002007 0.001209 0.000451 0.000035
0 0.002004 0.001231 0.000455 0.000035
0 0.001992 0.001249 0.000480 0.000057
0 0.001998 0.001279 0.000468 0.000035
0 0.002060 0.001162 0.000345 0.000031
0 0.002056 0.001187 0.000353 0.000033
0 0.002054 0.001203 0.000355 0.000028
0 0.002052 0.001222 0.000360 0.000033
0 0.002050 0.001237 0.000365 0.000032
0 0.002047 0.001257 0.000369 0.000033
0 0.002041 0.001270 0.000381 0.000033
0 0.002043 0.001291 0.000379 0.000033
0 0.002038 0.001328 0.000389 0.000032
0 0.002044 0.001365 0.000376 0.000031
0 0.002051 0.001314 0.000362 0.000028
0 0.002060 0.001244 0.000344 0.000029
0 0.002089 0.001228 0.000286 0.000032
0 0.002008 0.001181 0.000449 0.000039
0 0.002010 0.001156 0.000444 0.000048
0 0.002016 0.001131 0.000432 0.000037
0 0.001950 0.001110 0.000565 0.000044
0 0.001896 0.001020 0.000673 0.000040
0 0.001902 0.000994 0.000661 0.000033
0 0.001970 0.000964 0.000524 0.000037
0 0.001966 0.000991 0.000531 0.000043
0 0.001963 0.001011 0.000539 0.000043
0 0.001959 0.001063 0.000547 0.000037
0 0.001955 0.001091 0.000555 0.000035
0 0.001949 0.001142 0.000566 0.000031
0 0.002025 0.001153 0.000414 0.000060
0 0.001948 0.001164 0.000569 0.000032
0 0.001982 0.001003 0.000500 0.000057
0 0.001972 0.001072 0.000521 0.000037
0 0.001969 0.001091 0.000527 0.000040
0 0.001966 0.001121 0.000533 0.000036
0 0.002022 0.001116 0.000420 0.000029
0 0.002021 0.001080 0.000422 0.000040
0 0.001335 0.000189 0.001795 0.000019
0 0.001336 0.000166 0.001792 0.000017
0 0.001337 0.000146 0.001791 0.000017
0 0.002120 0.001297 0.000224 0.000032
0 0.002147 0.001436 0.000170 0.000072
0 0.002135 0.001528 0.000193 0.000075
0 0.002130 0.001512 0.000204 0.000032
0 0.002126 0.001545 0.000212 0.000032
0 0.002136 0.001475 0.000193 0.000029
0 0.002139 0.001440 0.000186 0.000032
0 0.002149 0.001361 0.000167 0.000032
0 0.002105 0.001501 0.000255 0.000031
0 0.002098 0.001463 0.000269 0.000032
0 0.002100 0.001443 0.000263 0.000029
0 0.002105 0.001408 0.000254 0.000032
0 0.002115 0.001415 0.000233 0.000029
0 0.002118 0.001395 0.000228 0.000025
0 0.002120 0.001378 0.000225 0.000031
0 0.002112 0.001356 0.000241 0.000037
0 0.002121 0.001359 0.000221 0.000031
0 0.002124 0.001344 0.000216 0.000032
0 0.002174 0.001426 0.000117 0.000036
0 0.002175 0.001453 0.000114 0.000036
0 0.002173 0.001471 0.000117 0.000031
0 0.002068 0.001947 0.000328 0.000056
0 0.002081 0.001857 0.000302 0.000043
0 0.002077 0.001896 0.000310 0.000045
0 0.002074 0.001914 0.000316 0.000041
0 0.002095 0.001892 0.000274 0.000040
0 0.002094 0.001931 0.000277 0.000052
0 0.002088 0.001951 0.000288 0.000040
0 0.002085 0.001989 0.000295 0.000043
0 0.002132 0.001981 0.000200 0.000037
0 0.002171 0.001490 0.000122 0.000031
0 0.002136 0.001890 0.000192 0.000119
0 0.002137 0.001891 0.000191 0.000041
0 0.002172 0.001554 0.000120 0.000049
0 0.002180 0.001480 0.000104 0.000072
0 0.002159 0.001578 0.000146 0.000039
0 0.002162 0.001563 0.000140 0.000032
0 0.002167 0.001506 0.000130 0.000039
0 0.002131 0.001322 0.000203 0.000033
0 0.002114 0.001337 0.000236 0.000032
0 0.002100 0.001874 0.000265 0.000055
0 0.001839 0.001424 0.000785 0.000091
0 0.001405 0.001055 0.001655 0.000043
0 0.001411 0.001054 0.001642 0.000020
0 0.001413 0.001041 0.001638 0.000016
0 0.001414 0.001013 0.001636 0.000015
0 0.001412 0.001000 0.001640 0.000021
0 0.001407 0.001006 0.001650 0.000039
0 0.001401 0.000981 0.001662 0.000039
0 0.001398 0.000977 0.001668 0.000033
0 0.001395 0.000971 0.001674 0.000032
0 0.001392 0.000963 0.001680 0.000035
0 0.001392 0.000859 0.001680 0.000023
0 0.001405 0.000868 0.001655 0.000024
0 0.001403 0.000888 0.001657 0.000021
0 0.001402 0.000903 0.001661 0.000021
0 0.001423 0.001079 0.001618 0.000032
0 0.001426 0.001079 0.001611 0.000033
0 0.001430 0.001079 0.001605 0.000040
0 0.001402 0.001055 0.001661 0.000040
0 0.001398 0.001049 0.001668 0.000035
0 0.001395 0.001041 0.001674 0.000036
0 0.001876 0.001245 0.000711 0.000096
0 0.001866 0.001449 0.000732 0.000035
0 0.001866 0.001417 0.000733 0.000051
0 0.001856 0.001372 0.000752 0.000080
0 0.001862 0.001333 0.000739 0.000077
0 0.001878 0.001313 0.000707 0.000045
0 0.001897 0.001329 0.000671 0.000060
0 0.001903 0.001262 0.000658 0.000071
0 0.001883 0.001207 0.000699 0.000077
0 0.001392 0.001035 0.001680 0.000041
0 0.001377 0.000954 0.001711 0.000049
0 0.001377 0.001022 0.001710 0.000044
0 0.001371 0.000945 0.001722 0.000040
0 0.001366 0.001001 0.001733 0.000037
0 0.001369 0.001002 0.001726 0.000033
0 0.001375 0.001019 0.001715 0.000031
0 0.001388 0.001033 0.001688 0.000045
0 0.002082 0.001839 0.000300 0.000044
0 0.002096 0.001745 0.000272 0.000045
0 0.001350 0.000154 0.001764 0.000017
0 0.001425 0.000199 0.001615 0.000024
0 0.001370 0.000567 0.001724 0.000033
0 0.001378 0.000515 0.001709 0.000020
0 0.001415 0.000507 0.001634 0.000020
0 0.001418 0.000484 0.001627 0.000021
0 0.001417 0.000453 0.001630 0.000023
0 0.001419 0.000430 0.001626 0.000020
0 0.001418 0.000396 0.001628 0.000027
0 0.001434 0.000403 0.001596 0.000024
0 0.001434 0.000376 0.001595 0.000032
0 0.001420 0.000371 0.001624 0.000024
0 0.001419 0.000339 0.001625 0.000023
0 0.001421 0.000314 0.001623 0.000025
0 0.001439 0.000293 0.001587 0.000024
0 0.001436 0.000347 0.001593 0.000025
0 0.001441 0.000181 0.001582 0.000029
0 0.001438 0.000145 0.001588 0.000029
0 0.001425 0.000140 0.001615 0.000024
0 0.001367 0.000480 0.001731 0.000019
0 0.001367 0.000459 0.001729 0.000017
0 0.001382 0.000434 0.001701 0.000028
0 0.001387 0.000235 0.001691 0.000031
0 0.001351 0.000103 0.001763 0.000019
0 0.001338 0.000096 0.001787 0.000021
0 0.001388 0.000119 0.001689 0.000033
0 0.001388 0.000180 0.001688 0.000027
0 0.001375 0.000176 0.001714 0.000016
0 0.001376 0.000197 0.001712 0.000021
0 0.001373 0.000230 0.001718 0.000020
0 0.001388 0.000262 0.001689 0.000023
0 0.001381 0.000408 0.001702 0.000027
0 0.001372 0.000253 0.001721 0.000020
0 0.001385 0.000295 0.001694 0.000027
0 0.001384 0.000323 0.001696 0.000028
0 0.001372 0.000311 0.001721 0.000024
0 0.001373 0.000347 0.001718 0.000019
0 0.001385 0.000351 0.001695 0.000019
0 0.001369 0.000401 0.001726 0.000019
0 0.001424 0.000169 0.001617 0.000023
0 0.001423 0.000225 0.001618 0.000023
0 0.002096 0.001717 0.000272 0.000059
0 0.001878 0.001514 0.000708 0.000081
0 0.002041 0.001623 0.000381 0.000037
0 0.002036 0.001663 0.000392 0.000056
0 0.002022 0.001623 0.000420 0.000049
0 0.002020 0.001649 0.000424 0.000049
0 0.002015 0.001681 0.000434 0.000043
0 0.002012 0.001699 0.000441 0.000047
0 0.002008 0.001739 0.000449 0.000039
0 0.002026 0.001739 0.000413 0.000047
0 0.002021 0.001774 0.000422 0.000044
0 0.002015 0.001833 0.000434 0.000047
0 0.002002 0.001795 0.000461 0.000041
0 0.002005 0.001762 0.000454 0.000047
0 0.002098 0.001657 0.000269 0.000064
0 0.002119 0.001704 0.000226 0.000059
0 0.002117 0.001722 0.000230 0.000044
0 0.002112 0.001757 0.000241 0.000047
0 0.002112 0.001785 0.000241 0.000053
0 0.002046 0.001601 0.000372 0.000044
0 0.002047 0.001565 0.000369 0.000043
0 0.002053 0.001548 0.000358 0.000059
0 0.001957 0.001550 0.000551 0.000044
0 0.001880 0.001457 0.000704 0.000061
0 0.001885 0.001423 0.000695 0.000056
0 0.001941 0.001515 0.000582 0.000049
0 0.001953 0.001611 0.000559 0.000060
0 0.001927 0.001625 0.000611 0.000055
0 0.001931 0.001595 0.000602 0.000053
0 0.001936 0.001575 0.000591 0.000047
0 0.001968 0.001466 0.000528 0.000065
0 0.002025 0.001584 0.000415 0.000048
0 0.001971 0.001435 0.000523 0.000048
0 0.001977 0.001401 0.000511 0.000041
0 0.001956 0.001400 0.000553 0.000045
0 0.001953 0.001421 0.000559 0.000056
0 0.002037 0.001511 0.000390 0.000051
0 0.002027 0.001527 0.000410 0.000079
0 0.002028 0.001562 0.000408 0.000057
0 0.007864 0.000311 0.015522 0.000357