0 0.002110 0.001826 0.000245 0.000037
0 0.001380 0.000576 0.001704 0.000039
0 0.001368 0.000628 0.001728 0.000039
0 0.001354 0.000674 0.001756 0.000038
0 0.001352 0.000698 0.001760 0.000045
0 0.001338 0.000726 0.001789 0.000046
0 0.001321 0.000823 0.001822 0.000045
0 0.001316 0.000847 0.001833 0.000043
0 0.001276 0.000821 0.001913 0.000055
0 0.001285 0.000792 0.001894 0.000040
0 0.001286 0.000744 0.001892 0.000047
0 0.001303 0.000694 0.001858 0.000044
0 0.001304 0.000716 0.001856 0.000037
0 0.001312 0.000669 0.001840 0.000040
0 0.001331 0.000620 0.001803 0.000040
0 0.001334 0.000595 0.001797 0.000048
0 0.001343 0.000568 0.001778 0.000045
0 0.001349 0.000545 0.001766 0.000042
0 0.001356 0.000517 0.001752 0.000040
0 0.001363 0.000496 0.001738 0.000046
0 0.001376 0.000447 0.001712 0.000046
0 0.001380 0.000419 0.001704 0.000044
0 0.001389 0.000396 0.001687 0.000045
0 0.001396 0.000370 0.001671 0.000042
0 0.001405 0.000349 0.001654 0.000044
0 0.001417 0.000297 0.001630 0.000043
0 0.001424 0.000270 0.001616 0.000043
0 0.001429 0.000246 0.001605 0.000043
0 0.001438 0.000218 0.001588 0.000042
0 0.001483 0.000230 0.001499 0.000026
0 0.001470 0.000248 0.001524 0.000035
0 0.001374 0.000598 0.001717 0.000040
0 0.001478 0.000675 0.001508 0.000039
0 0.001458 0.000298 0.001548 0.000038
0 0.001488 0.000653 0.001489 0.000040
0 0.001433 0.000691 0.001598 0.000034
0 0.001443 0.000670 0.001577 0.000040
0 0.001448 0.000645 0.001568 0.000037
0 0.001454 0.000626 0.001555 0.000039
0 0.001459 0.000580 0.001546 0.000037
0 0.001472 0.000557 0.001519 0.000037
0 0.001478 0.000534 0.001508 0.000037
0 0.001485 0.000512 0.001495 0.000036
0 0.001485 0.000491 0.001494 0.000034
0 0.001496 0.000467 0.001473 0.000038
0 0.001503 0.000447 0.001459 0.000039
0 0.001510 0.000422 0.001444 0.000035
0 0.001510 0.000401 0.001444 0.000034
0 0.001539 0.000309 0.001386 0.000025
0 0.001533 0.000332 0.001399 0.000036
0 0.001526 0.000355 0.001411 0.000036
0 0.001547 0.000404 0.001370 0.000035
0 0.001547 0.000428 0.001370 0.000036
0 0.001537 0.000476 0.001391 0.000038
0 0.001558 0.000680 0.001349 0.000033
0 0.001526 0.000496 0.001413 0.000037
0 0.001518 0.000518 0.001428 0.000034
0 0.001513 0.000538 0.001438 0.000032
0 0.001511 0.000564 0.001442 0.000038
0 0.001499 0.000584 0.001466 0.000036
0 0.001493 0.000608 0.001478 0.000037
0 0.001487 0.000627 0.001490 0.000036
0 0.001470 0.000718 0.001525 0.000036
0 0.001475 0.000698 0.001514 0.000038
0 0.001458 0.000277 0.001548 0.000045
0 0.001447 0.000326 0.001571 0.000040
0 0.002110 0.001791 0.000245 0.000037
0 0.001330 0.000277 0.001804 0.000035
0 0.001350 0.000242 0.001764 0.000030
0 0.001362 0.000202 0.001740 0.000027
0 0.008652 0.001690 0.013947 0.000108
0 0.008173 0.001244 0.014903 0.000136
0 0.008235 0.001260 0.014780 0.000116
0 0.008265 0.001211 0.014720 0.000091
0 0.007981 0.001309 0.015287 0.000164
0 0.007992 0.001615 0.015266 0.000094
0 0.008057 0.002126 0.015135 0.000213
0 0.008082 0.001778 0.015085 0.000119
0 0.008189 0.001847 0.014873 0.000107
0 0.008194 0.002110 0.014861 0.000237
0 0.008337 0.002068 0.014577 0.000242
0 0.008373 0.001789 0.014504 0.000090
0 0.008431 0.001716 0.014388 0.000121
0 0.008468 0.001755 0.014313 0.000111
0 0.008476 0.002026 0.014297 0.000245
0 0.008621 0.001985 0.014008 0.000246
0 0.008708 0.001638 0.013834 0.000093
0 0.008787 0.001602 0.013676 0.000088
0 0.008822 0.001669 0.013606 0.000083
0 0.008805 0.001803 0.013640 0.000110
0 0.008508 0.001186 0.014233 0.000126
0 0.008587 0.001131 0.014077 0.000107
0 0.008438 0.000868 0.014375 0.000125
0 0.008261 0.000846 0.014728 0.000471
0 0.008167 0.000747 0.014916 0.000569
0 0.008070 0.000612 0.015110 0.000680
0 0.007973 0.000505 0.015305 0.000695
0 0.001350 0.000262 0.001764 0.000030
0 0.001322 0.000299 0.001820 0.000050
0 0.001446 0.000351 0.001572 0.000047
0 0.001312 0.000349 0.001840 0.000045
0 0.001439 0.000377 0.001586 0.000037
0 0.001427 0.000400 0.001610 0.000039
0 0.001420 0.000427 0.001625 0.000043
0 0.001418 0.000452 0.001627 0.000047
0 0.001393 0.000548 0.001677 0.000040
0 0.001399 0.000528 0.001667 0.000040
0 0.001406 0.000478 0.001652 0.000046
0 0.001259 0.000364 0.001947 0.000043
0 0.001245 0.000389 0.001974 0.000048
0 0.001250 0.000412 0.001965 0.000035
0 0.001290 0.000424 0.001885 0.000049
0 0.001277 0.000445 0.001911 0.000044
0 0.001276 0.000473 0.001912 0.000050
0 0.001231 0.000494 0.002002 0.000035
0 0.001221 0.000514 0.002023 0.000042
0 0.001209 0.000541 0.002046 0.000036
0 0.001206 0.000565 0.002052 0.000046
0 0.001192 0.000587 0.002081 0.000045
0 0.001187 0.000616 0.002089 0.000049
0 0.001244 0.000598 0.001976 0.000051
0 0.001251 0.000575 0.001963 0.000048
0 0.001261 0.000547 0.001942 0.000040
0 0.001265 0.000521 0.001934 0.000042
0 0.001270 0.000500 0.001925 0.000052
0 0.001243 0.000442 0.001978 0.000042
0 0.001297 0.000397 0.001871 0.000052
0 0.001304 0.000372 0.001857 0.000036
0 0.001269 0.000342 0.001926 0.000038
0 0.001288 0.000299 0.001887 0.000027
0 0.001428 0.000711 0.001608 0.000042
0 0.001454 0.000758 0.001555 0.000027
0 0.001418 0.000759 0.001627 0.000036
0 0.001371 0.002113 0.001721 0.000032
0 0.001412 0.002098 0.001640 0.000033
0 0.001414 0.002127 0.001636 0.000035
0 0.001418 0.002153 0.001629 0.000035
0 0.001516 0.001983 0.001432 0.000036
0 0.001499 0.002021 0.001466 0.000028
0 0.001535 0.002010 0.001395 0.000032
0 0.001538 0.002040 0.001388 0.000029
0 0.001541 0.002062 0.001382 0.000033
0 0.001548 0.002092 0.001367 0.000031
0 0.001550 0.002115 0.001364 0.000026
0 0.001504 0.002075 0.001456 0.000028
0 0.001504 0.002105 0.001456 0.000032
0 0.001507 0.002128 0.001451 0.000031
0 0.001510 0.002163 0.001444 0.000029
0 0.001551 0.002147 0.001362 0.000033
0 0.001651 0.002087 0.001163 0.000029
0 0.001649 0.002122 0.001165 0.000030
0 0.001664 0.002141 0.001136 0.000019
0 0.001695 0.002106 0.001074 0.000031
0 0.001688 0.002052 0.001089 0.000025
0 0.001687 0.002018 0.001091 0.000027
0 0.001680 0.001995 0.001104 0.000031
0 0.001676 0.001966 0.001113 0.000034
0 0.001676 0.001938 0.001112 0.000033
0 0.001644 0.002009 0.001176 0.000027
0 0.001638 0.001978 0.001187 0.000028
0 0.001636 0.001950 0.001192 0.000034
0 0.001793 0.001894 0.000879 0.000047
0 0.001720 0.001756 0.001024 0.000056
0 0.001410 0.002071 0.001645 0.000035
0 0.001360 0.002087 0.001745 0.000036
0 0.001439 0.000832 0.001587 0.000038
0 0.001358 0.002057 0.001749 0.000033
0 0.002131 0.001697 0.000203 0.000060
0 0.002119 0.001681 0.000226 0.000046
0 0.002014 0.001649 0.000435 0.000058
0 0.001963 0.001697 0.000539 0.000079
0 0.001970 0.001718 0.000525 0.000033
0 0.001961 0.001881 0.000543 0.000030
0 0.001951 0.001858 0.000562 0.000033
0 0.001922 0.001873 0.000620 0.000021
0 0.001922 0.001892 0.000621 0.000030
0 0.001930 0.001946 0.000605 0.000026
0 0.001929 0.001922 0.000607 0.000028
0 0.001930 0.001977 0.000605 0.000031
0 0.001966 0.001912 0.000532 0.000026
0 0.001971 0.001961 0.000522 0.000036
0 0.001974 0.002021 0.000517 0.000032
0 0.001932 0.002003 0.000601 0.000029
0 0.001934 0.002034 0.000597 0.000032
0 0.001819 0.001920 0.000825 0.000030
0 0.001821 0.001951 0.000822 0.000030
0 0.001821 0.001975 0.000822 0.000030
0 0.001825 0.002008 0.000814 0.000027
0 0.001829 0.002031 0.000807 0.000028
0 0.001831 0.002061 0.000802 0.000032
0 0.001781 0.001933 0.000902 0.000028
0 0.001787 0.002021 0.000890 0.000028
0 0.001785 0.002045 0.000894 0.000028
0 0.001789 0.002076 0.000887 0.000031
0 0.001168 0.002131 0.002128 0.000066
0 0.001360 0.002028 0.001745 0.000033
0 0.001483 0.001864 0.001499 0.000063
0 0.001428 0.001812 0.001608 0.000066
0 0.001296 0.001639 0.001872 0.000080
0 0.001274 0.001333 0.001916 0.000076
0 0.001603 0.000519 0.001258 0.000031
0 0.001596 0.000543 0.001272 0.000030
0 0.001591 0.000561 0.001283 0.000030
0 0.001626 0.000540 0.001213 0.000029
0 0.001616 0.000585 0.001233 0.000030
0 0.001611 0.000606 0.001242 0.000025
0 0.001580 0.000582 0.001304 0.000028
0 0.001582 0.000600 0.001300 0.000029
0 0.001575 0.000624 0.001314 0.000028
0 0.001591 0.000665 0.001281 0.000037
0 0.001587 0.000703 0.001290 0.000026
0 0.001559 0.000804 0.001346 0.000027
0 0.001539 0.000759 0.001387 0.000027
0 0.001528 0.000800 0.001408 0.000032
0 0.001550 0.000822 0.001364 0.000033
0 0.001548 0.000845 0.001369 0.000028
0 0.001535 0.000883 0.001395 0.000030
0 0.001509 0.000859 0.001446 0.000035
0 0.001504 0.000878 0.001456 0.000036
0 0.001529 0.000902 0.001406 0.000032
0 0.001493 0.000914 0.001478 0.000026
0 0.001510 0.000983 0.001445 0.000031
0 0.001481 0.001020 0.001502 0.000055
0 0.001387 0.000868 0.001691 0.000032
0 0.001388 0.000901 0.001689 0.000030
0 0.001377 0.000943 0.001710 0.000068
0 0.001415 0.000926 0.001634 0.000030
0 0.001415 0.000897 0.001634 0.000037
0 0.001427 0.000851 0.001611 0.000038
0 0.001665 0.000801 0.001134 0.000033
0 0.001652 0.000733 0.001161 0.000028
0 0.001671 0.000678 0.001122 0.000020
0 0.001573 0.001202 0.001317 0.000037
0 0.001287 0.001254 0.001891 0.000078
0 0.001446 0.001154 0.001573 0.000068
0 0.001497 0.001236 0.001471 0.000045
0 0.001533 0.001236 0.001398 0.000064
0 0.001552 0.001226 0.001360 0.000067
0 0.001896 0.001110 0.000672 0.000046
0 0.001893 0.001133 0.000679 0.000039
0 0.001892 0.001158 0.000680 0.000033
0 0.001843 0.001035 0.000779 0.000056
0 0.008536 0.001003 0.014178 0.000079
0 0.008517 0.000997 0.014216 0.000053
0 0.001824 0.001153 0.000816 0.000036
0 0.001772 0.001150 0.000920 0.000055
0 0.001583 0.001186 0.001298 0.000065
0 0.001641 0.000774 0.001182 0.000030
0 0.001574 0.001069 0.001316 0.000049
0 0.001594 0.001057 0.001277 0.000036
0 0.001604 0.001036 0.001257 0.000026
0 0.001597 0.000934 0.001270 0.000031
0 0.001594 0.000957 0.001277 0.000030
0 0.001613 0.000999 0.001239 0.000032
0 0.001624 0.000939 0.001215 0.000038
0 0.001648 0.000882 0.001168 0.000038
0 0.001653 0.000860 0.001158 0.000033
0 0.001654 0.000838 0.001157 0.000035
0 0.001659 0.000820 0.001147 0.000033
0 0.001619 0.000855 0.001226 0.000033
0 0.001630 0.000814 0.001205 0.000031
0 0.007890 0.000448 0.015469 0.000400