0 0.001690 0.001578 0.001084 0.000033
0 0.001608 0.001531 0.001249 0.000023
0 0.001936 0.000582 0.000593 0.000048
0 0.001927 0.000605 0.000609 0.000046
0 0.001921 0.000629 0.000621 0.000048
0 0.001915 0.000655 0.000634 0.000036
0 0.001899 0.000699 0.000666 0.000040
0 0.001871 0.000668 0.000722 0.000036
0 0.001887 0.000720 0.000690 0.000047
0 0.001990 0.000701 0.000484 0.000060
0 0.001976 0.000758 0.000511 0.000051
0 0.002000 0.000733 0.000464 0.000039
0 0.002009 0.000698 0.000446 0.000035
0 0.002020 0.000665 0.000423 0.000029
0 0.002029 0.000635 0.000406 0.000033
0 0.002014 0.000649 0.000437 0.000030
0 0.002023 0.000614 0.000418 0.000029
0 0.002037 0.000605 0.000390 0.000025
0 0.002045 0.000583 0.000374 0.000019
0 0.002052 0.000548 0.000361 0.000026
0 0.002062 0.000510 0.000341 0.000029
0 0.002070 0.000524 0.000324 0.000022
0 0.002073 0.000471 0.000317 0.000025
0 0.001949 0.000507 0.000566 0.000039
0 0.001943 0.000532 0.000578 0.000041
0 0.001915 0.000498 0.000634 0.000039
0 0.001842 0.000450 0.000781 0.000037
0 0.001792 0.000508 0.000881 0.000027
0 0.001794 0.000493 0.000876 0.000029
0 0.001800 0.000478 0.000864 0.000026
0 0.001805 0.000462 0.000855 0.000028
0 0.001809 0.000447 0.000847 0.000029
0 0.001803 0.000578 0.000859 0.000029
0 0.001819 0.000504 0.000827 0.000035
0 0.001826 0.000485 0.000811 0.000033
0 0.001831 0.000468 0.000802 0.000033
0 0.001808 0.000433 0.000848 0.000030
0 0.001912 0.000518 0.000641 0.000041
0 0.001820 0.000400 0.000825 0.000028
0 0.001796 0.000597 0.000873 0.000036
0 0.001789 0.000617 0.000886 0.000036
0 0.001882 0.000613 0.000701 0.000042
0 0.001878 0.000630 0.000707 0.000037
0 0.001874 0.000650 0.000716 0.000043
0 0.001898 0.000576 0.000669 0.000035
0 0.001901 0.000555 0.000662 0.000040
0 0.001905 0.000537 0.000654 0.000034
0 0.002081 0.000484 0.000302 0.000022
0 0.002089 0.000454 0.000286 0.000027
0 0.002098 0.000421 0.000268 0.000028
0 0.001695 0.000858 0.001074 0.000025
0 0.001656 0.000760 0.001153 0.000023
0 0.001647 0.000777 0.001170 0.000033
0 0.001643 0.000791 0.001178 0.000029
0 0.001643 0.000807 0.001179 0.000025
0 0.001635 0.000822 0.001194 0.000031
0 0.001632 0.000838 0.001200 0.000031
0 0.001628 0.000916 0.001208 0.000031
0 0.001676 0.000899 0.001112 0.000057
0 0.001691 0.000874 0.001082 0.000027
0 0.001717 0.000882 0.001030 0.000033
0 0.001663 0.000666 0.001139 0.000030
0 0.001721 0.000862 0.001023 0.000037
0 0.001699 0.000842 0.001067 0.000033
0 0.001703 0.000827 0.001058 0.000026
0 0.001726 0.000845 0.001012 0.000035
0 0.001734 0.000811 0.000995 0.000039
0 0.001707 0.000810 0.001050 0.000033
0 0.001711 0.000795 0.001043 0.000030
0 0.001747 0.000776 0.000971 0.000034
0 0.001755 0.000756 0.000955 0.000034
0 0.001657 0.000745 0.001151 0.000031
0 0.001667 0.000715 0.001130 0.000028
0 0.001989 0.000772 0.000487 0.000041
0 0.001898 0.001065 0.000669 0.000028
0 0.001978 0.000811 0.000508 0.000041
0 0.001967 0.000849 0.000529 0.000039
0 0.001970 0.000805 0.000524 0.000028
0 0.001954 0.000844 0.000556 0.000046
0 0.001947 0.000921 0.000571 0.000043
0 0.001938 0.000961 0.000588 0.000035
0 0.001927 0.000997 0.000610 0.000031
0 0.001915 0.001035 0.000634 0.000042
0 0.001907 0.001000 0.000650 0.000060
0 0.001906 0.001069 0.000652 0.000034
0 0.001669 0.000698 0.001127 0.000031
0 0.001896 0.001107 0.000673 0.000035
0 0.001886 0.001144 0.000692 0.000036
0 0.001867 0.001156 0.000731 0.000054
0 0.001875 0.001181 0.000714 0.000033
0 0.001848 0.001215 0.000768 0.000060
0 0.001864 0.001225 0.000736 0.000025
0 0.001855 0.001253 0.000755 0.000041
0 0.001844 0.001292 0.000776 0.000043
0 0.001676 0.000682 0.001113 0.000026
0 0.001787 0.000526 0.000890 0.000028
0 0.001781 0.000537 0.000901 0.000031
0 0.001775 0.000569 0.000914 0.000033
0 0.001418 0.000115 0.001628 0.000019
0 0.001323 0.000334 0.001818 0.000026
0 0.001315 0.000360 0.001835 0.000028
0 0.001307 0.000388 0.001850 0.000035
0 0.001309 0.000416 0.001846 0.000026
0 0.001297 0.000441 0.001869 0.000028
0 0.001403 0.000202 0.001658 0.000021
0 0.001410 0.000229 0.001644 0.000019
0 0.001452 0.000120 0.001560 0.000021
0 0.001410 0.000173 0.001645 0.000025
0 0.001424 0.000051 0.001616 0.000023
0 0.001334 0.000257 0.001796 0.000033
0 0.001434 0.000014 0.001597 0.000019
0 0.001510 0.000056 0.001444 0.000024
0 0.001518 0.000107 0.001429 0.000027
0 0.001517 0.000025 0.001430 0.000016
0 0.001522 0.000219 0.001421 0.000018
0 0.001374 0.000367 0.001716 0.000033
0 0.001365 0.000400 0.001735 0.000034
0 0.001407 0.000428 0.001651 0.000017
0 0.001402 0.000460 0.001660 0.000020
0 0.001328 0.000310 0.001808 0.000024
0 0.001348 0.000173 0.001767 0.000033
0 0.001485 0.000400 0.001493 0.000055
0 0.008197 0.001216 0.014856 0.000180
0 0.008322 0.000721 0.014606 0.000249
0 0.008463 0.000505 0.014325 0.000237
0 0.008380 0.000788 0.014489 0.000272
0 0.008559 0.000603 0.014133 0.000247
0 0.008476 0.000888 0.014298 0.000277
0 0.008360 0.001275 0.014530 0.000449
0 0.008289 0.001335 0.014672 0.000230
0 0.008316 0.001096 0.014618 0.000256
0 0.008239 0.001264 0.014772 0.000196
0 0.008259 0.001028 0.014732 0.000238
0 0.001362 0.000109 0.001740 0.000023
0 0.008123 0.001694 0.015005 0.000248
0 0.008086 0.001836 0.015078 0.000270
0 0.008134 0.002049 0.014981 0.000126
0 0.008285 0.001839 0.014680 0.000154
0 0.008216 0.001525 0.014819 0.000208
0 0.008490 0.000161 0.014270 0.000207
0 0.008466 0.000984 0.014317 0.001133
0 0.001363 0.000062 0.001738 0.000035
0 0.001357 0.000088 0.001751 0.000031
0 0.001439 0.000243 0.001586 0.000016
0 0.001465 0.000482 0.001535 0.000047
0 0.001766 0.000589 0.000932 0.000031
0 0.001739 0.000397 0.000987 0.000025
0 0.001693 0.000619 0.001078 0.000033
0 0.001625 0.000795 0.001214 0.000033
0 0.001683 0.000655 0.001098 0.000032
0 0.001686 0.000635 0.001092 0.000031
0 0.001766 0.000351 0.000933 0.000032
0 0.001764 0.000365 0.000937 0.000031
0 0.001757 0.000382 0.000950 0.000030
0 0.001754 0.000394 0.000957 0.000030
0 0.001735 0.000361 0.000993 0.000075
0 0.001745 0.000426 0.000974 0.000030
0 0.001719 0.000614 0.001026 0.000033
0 0.001741 0.000443 0.000982 0.000029
0 0.001723 0.000429 0.001018 0.000048
0 0.001731 0.000476 0.001002 0.000031
0 0.001727 0.000489 0.001009 0.000028
0 0.001724 0.000506 0.001016 0.000027
0 0.001722 0.000523 0.001020 0.000024
0 0.001713 0.000536 0.001038 0.000033
0 0.001710 0.000500 0.001045 0.000025
0 0.001716 0.000474 0.001033 0.000032
0 0.001696 0.000592 0.001072 0.000033
0 0.001652 0.000691 0.001160 0.000047
0 0.001458 0.000515 0.001549 0.000040
0 0.001679 0.000038 0.001105 0.000057
0 0.001467 0.000548 0.001531 0.000036
0 0.001499 0.000538 0.001466 0.000034
0 0.001490 0.000589 0.001483 0.000036
0 0.001475 0.000632 0.001514 0.000033
0 0.001450 0.000596 0.001565 0.000039
0 0.001583 0.000392 0.001298 0.000063
0 0.001608 0.000423 0.001249 0.000055
0 0.001626 0.000438 0.001212 0.000033
0 0.001703 0.000069 0.001059 0.000064
0 0.001764 0.000292 0.000937 0.000054
0 0.001638 0.000733 0.001188 0.000050
0 0.001357 0.000666 0.001751 0.000035
0 0.001317 0.000621 0.001830 0.000052
0 0.001334 0.000567 0.001796 0.000047
0 0.001334 0.000525 0.001796 0.000033
0 0.001347 0.000497 0.001769 0.000040
0 0.001294 0.000516 0.001875 0.000024
0 0.001282 0.000540 0.001900 0.000029
0 0.001286 0.000569 0.001893 0.000021
0 0.001277 0.000591 0.001910 0.000028
0 0.001757 0.000739 0.000951 0.000034
0 0.001716 0.000779 0.001033 0.000033
0 0.001725 0.000749 0.001015 0.000031
0 0.001677 0.001424 0.001110 0.000028
0 0.001718 0.001375 0.001029 0.000037
0 0.001711 0.001396 0.001042 0.000042
0 0.001701 0.001333 0.001063 0.000028
0 0.001696 0.001353 0.001072 0.000026
0 0.001691 0.001368 0.001082 0.000025
0 0.001685 0.001387 0.001093 0.000030
0 0.001704 0.001421 0.001056 0.000035
0 0.001703 0.001444 0.001058 0.000033
0 0.001692 0.001469 0.001081 0.000041
0 0.001673 0.001440 0.001119 0.000026
0 0.001732 0.001326 0.000999 0.000040
0 0.001666 0.001464 0.001133 0.000030
0 0.001688 0.001490 0.001088 0.000041
0 0.001836 0.001289 0.000792 0.000023
0 0.001835 0.001327 0.000795 0.000035
0 0.001824 0.001366 0.000816 0.000038
0 0.001803 0.001439 0.000858 0.000039
0 0.001794 0.001433 0.000876 0.000033
0 0.001785 0.001465 0.000895 0.000034
0 0.001794 0.001475 0.000876 0.000034
0 0.001728 0.001350 0.001007 0.000040
0 0.001736 0.001298 0.000992 0.000041
0 0.001534 0.001130 0.001395 0.000027
0 0.001770 0.001185 0.000925 0.000039
0 0.001669 0.001018 0.001126 0.000030
0 0.001662 0.001034 0.001140 0.000031
0 0.001655 0.001057 0.001154 0.000031
0 0.001769 0.001053 0.000927 0.000035
0 0.001764 0.001079 0.000936 0.000036
0 0.001800 0.001083 0.000864 0.000043
0 0.001789 0.001107 0.000886 0.000041
0 0.001786 0.001138 0.000893 0.000038
0 0.001775 0.001158 0.000914 0.000042
0 0.001766 0.001204 0.000932 0.000030
0 0.001705 0.001316 0.001054 0.000029
0 0.001740 0.001161 0.000984 0.000039
0 0.001735 0.001184 0.000994 0.000035
0 0.001731 0.001203 0.001002 0.000034
0 0.001724 0.001227 0.001017 0.000036
0 0.001754 0.001232 0.000956 0.000045
0 0.001745 0.001279 0.000975 0.000035
0 0.001715 0.001246 0.001034 0.000034
0 0.001708 0.001269 0.001049 0.000036
0 0.001708 0.001293 0.001048 0.000024
0 0.001782 0.001513 0.000900 0.000047
0 0.001548 0.001141 0.001369 0.000027
0 0.001678 0.000974 0.001108 0.000029
0 0.001646 0.001328 0.001173 0.000025
0 0.001645 0.001231 0.001175 0.000024
0 0.001631 0.001284 0.001201 0.000025
0 0.001627 0.001300 0.001211 0.000026
0 0.001623 0.001319 0.001219 0.000023
0 0.001618 0.001334 0.001228 0.000024
0 0.001666 0.001256 0.001133 0.000028
0 0.001659 0.001276 0.001146 0.000027
0 0.001654 0.001294 0.001156 0.000031
0 0.001650 0.001314 0.001164 0.000026
0 0.001639 0.001351 0.001185 0.000026
0 0.001574 0.001310 0.001317 0.000022
0 0.001635 0.001366 0.001193 0.000025
0 0.001613 0.001351 0.001238 0.000025
0 0.001607 0.001367 0.001250 0.000025
0 0.001605 0.001386 0.001255 0.000023
0 0.001624 0.001400 0.001216 0.000023
0 0.001619 0.001424 0.001227 0.000026
0 0.001611 0.001443 0.001242 0.000033
0 0.001600 0.001501 0.001264 0.000045
0 0.001485 0.001353 0.001494 0.000034
0 0.001571 0.001324 0.001323 0.000020
0 0.001551 0.001305 0.001362 0.000023
0 0.001542 0.001158 0.001379 0.000026
0 0.001573 0.001208 0.001318 0.000025
0 0.001539 0.001172 0.001385 0.000022
0 0.001534 0.001189 0.001395 0.000025
0 0.001530 0.001204 0.001405 0.000023
0 0.001527 0.001223 0.001411 0.000022
0 0.001522 0.001236 0.001420 0.000022
0 0.001518 0.001255 0.001429 0.000022
0 0.001514 0.001269 0.001436 0.000020
0 0.001504 0.001242 0.001456 0.000028
0 0.001583 0.001193 0.001298 0.000022
0 0.001572 0.001225 0.001321 0.000024
0 0.001557 0.001290 0.001351 0.000021
0 0.001569 0.001240 0.001327 0.000025
0 0.001565 0.001258 0.001335 0.000024
0 0.001608 0.001194 0.001248 0.000027
0 0.001595 0.001227 0.001274 0.000026
0 0.001592 0.001245 0.001281 0.000024
0 0.001587 0.001260 0.001290 0.000024
0 0.001582 0.001278 0.001299 0.000025
0 0.001579 0.001292 0.001307 0.000021
0 0.001561 0.001273 0.001342 0.000022
0 0.001673 0.000992 0.001118 0.000030
0 0.001704 0.000997 0.001057 0.000036
0 0.001727 0.000733 0.001009 0.000029
0 0.001531 0.001740 0.001403 0.000060
0 0.001790 0.000931 0.000885 0.000040
0 0.001790 0.000952 0.000884 0.000039
0 0.001786 0.000968 0.000893 0.000039
0 0.001786 0.001004 0.000892 0.000056
0 0.001937 0.000286 0.000591 0.000083
0 0.001409 0.001612 0.001646 0.000069
0 0.001439 0.001619 0.001585 0.000027
0 0.001453 0.001651 0.001558 0.000050
0 0.001520 0.001725 0.001424 0.000055
0 0.001552 0.001766 0.001360 0.000065
0 0.001818 0.000976 0.000829 0.000043
0 0.001518 0.001942 0.001429 0.000053
0 0.001521 0.001873 0.001422 0.000039
0 0.001513 0.001865 0.001438 0.000041
0 0.001502 0.001914 0.001461 0.000046
0 0.001488 0.001906 0.001488 0.000054
0 0.001478 0.001897 0.001508 0.000045
0 0.001506 0.001853 0.001452 0.000038
0 0.001488 0.001837 0.001487 0.000042
0 0.001467 0.001883 0.001531 0.000051
0 0.001808 0.000898 0.000849 0.000037
0 0.001828 0.000955 0.000807 0.000046
0 0.001464 0.001811 0.001536 0.000044
0 0.001837 0.000766 0.000790 0.000045
0 0.001734 0.000719 0.000996 0.000030
0 0.001736 0.000702 0.000992 0.000033
0 0.001740 0.000688 0.000985 0.000028
0 0.001765 0.000720 0.000935 0.000040
0 0.001770 0.000699 0.000924 0.000044
0 0.001765 0.000666 0.000935 0.000044
0 0.001745 0.000667 0.000974 0.000033
0 0.001741 0.000642 0.000983 0.000034
0 0.001821 0.000720 0.000823 0.000036
0 0.001837 0.000791 0.000791 0.000036
0 0.001830 0.000929 0.000803 0.000043
0 0.001831 0.000808 0.000802 0.000032
0 0.001828 0.000828 0.000808 0.000035
0 0.001821 0.000846 0.000823 0.000037
0 0.001878 0.000774 0.000707 0.000036
0 0.001871 0.000797 0.000722 0.000036
0 0.001864 0.000820 0.000737 0.000041
0 0.001848 0.000865 0.000768 0.000042
0 0.001842 0.000887 0.000781 0.000044
0 0.001835 0.000908 0.000794 0.000043
0 0.001459 0.001872 0.001547 0.000042
0 0.001459 0.001803 0.001547 0.000033
0 0.001696 0.001017 0.001073 0.000030
0 0.001651 0.001077 0.001162 0.000031
0 0.001594 0.001045 0.001276 0.000031
0 0.001593 0.001066 0.001279 0.000026
0 0.001584 0.001080 0.001295 0.000027
0 0.001580 0.001098 0.001305 0.000029
0 0.001578 0.001116 0.001309 0.000030
0 0.001570 0.001134 0.001324 0.000031
0 0.001646 0.001100 0.001172 0.000030
0 0.001638 0.001116 0.001187 0.000031
0 0.001629 0.001139 0.001207 0.000033
0 0.001628 0.001157 0.001208 0.000028
0 0.001604 0.001008 0.001256 0.000026
0 0.001618 0.001183 0.001229 0.000033
0 0.001647 0.001207 0.001170 0.000030
0 0.001653 0.001186 0.001159 0.000031
0 0.001655 0.001165 0.001154 0.000033
0 0.001663 0.001143 0.001138 0.000030
0 0.001668 0.001125 0.001129 0.000032
0 0.001674 0.001102 0.001117 0.000027
0 0.001680 0.001084 0.001103 0.000030
0 0.001693 0.001043 0.001079 0.000026
0 0.001599 0.001027 0.001266 0.000027
0 0.001610 0.000992 0.001244 0.000026
0 0.001450 0.001794 0.001565 0.000033
0 0.001420 0.001983 0.001624 0.000054
0 0.001440 0.001786 0.001584 0.000043
0 0.001433 0.001779 0.001598 0.000034
0 0.001426 0.001767 0.001613 0.000034
0 0.001416 0.001761 0.001632 0.000038
0 0.001409 0.001747 0.001646 0.000042
0 0.001388 0.001772 0.001689 0.000034
0 0.001392 0.001732 0.001680 0.000040
0 0.001380 0.001719 0.001705 0.000045
0 0.001343 0.001841 0.001778 0.000043
0 0.001473 0.002046 0.001519 0.000024
0 0.001614 0.000974 0.001237 0.000030
0 0.001505 0.002072 0.001454 0.000018
0 0.001510 0.002067 0.001444 0.000057
0 0.001379 0.001015 0.001707 0.000023
0 0.001586 0.001002 0.001292 0.000039
0 0.001577 0.001048 0.001311 0.000030
0 0.001602 0.000960 0.001260 0.000021
0 0.001609 0.000927 0.001247 0.000033
0 0.001626 0.000937 0.001213 0.000024
0 0.001619 0.000956 0.001227 0.000027
0 0.008406 0.000438 0.014439 0.000214