0 0.008241 0.001058 0.014767 0.000056
0 0.008228 0.001263 0.014795 0.000066
0 0.007941 0.000413 0.015367 0.000190
0 0.008030 0.000558 0.015190 0.000203
0 0.008062 0.000595 0.015127 0.000221
0 0.008094 0.000618 0.015061 0.000248
0 0.008163 0.000611 0.014923 0.000191
0 0.008207 0.000552 0.014837 0.000173
0 0.008702 0.000111 0.013846 0.000129
0 0.008669 0.000328 0.013911 0.000099
0 0.008652 0.000545 0.013947 0.000107
0 0.008608 0.000898 0.014033 0.000034
0 0.008612 0.001030 0.014027 0.000132
0 0.008691 0.001245 0.013869 0.000161
0 0.008205 0.002132 0.014839 0.000065
0 0.008217 0.001994 0.014816 0.000100
0 0.008248 0.001860 0.014754 0.000061
0 0.008264 0.001646 0.014721 0.000066
0 0.008261 0.001457 0.014729 0.000090
0 0.007962 0.000236 0.015326 0.000046