0 0.001782 0.001582 0.000900 0.000273
0 0.002054 0.000077 0.000356 0.000077
0 0.001802 0.000697 0.000859 0.000238
0 0.001851 0.000744 0.000762 0.000234
0 0.001848 0.000483 0.000768 0.000183
0 0.001878 0.000809 0.000708 0.000225
0 0.001913 0.000601 0.000638 0.000128
0 0.001931 0.000877 0.000601 0.000218
0 0.001955 0.000928 0.000554 0.000295
0 0.001976 0.000700 0.000513 0.000180
0 0.001976 0.000146 0.000512 0.000119
0 0.001991 0.000191 0.000482 0.000112
0 0.002002 0.000210 0.000461 0.000119
0 0.002013 0.000222 0.000438 0.000109
0 0.002024 0.000241 0.000416 0.000116
0 0.002035 0.000259 0.000394 0.000119
0 0.002048 0.000276 0.000368 0.000109
0 0.002057 0.000297 0.000351 0.000112
0 0.002072 0.000284 0.000320 0.000100
0 0.002079 0.000315 0.000305 0.000103
0 0.002070 0.000549 0.000324 0.000103
0 0.002102 0.000181 0.000260 0.000093
0 0.002113 0.000191 0.000239 0.000093
0 0.002124 0.000210 0.000216 0.000112
0 0.002100 0.000313 0.000264 0.000067
0 0.002108 0.000318 0.000249 0.000064
0 0.002114 0.000326 0.000236 0.000067
0 0.001766 0.000382 0.000932 0.000180
0 0.001735 0.000911 0.000995 0.000260
0 0.001673 0.000846 0.001119 0.000260
0 0.001457 0.000708 0.001551 0.000254
0 0.008031 0.001055 0.015187 0.001455
0 0.008112 0.001098 0.015025 0.001599
0 0.008203 0.001192 0.014844 0.001535
0 0.008339 0.001219 0.014572 0.001314
0 0.008463 0.001177 0.014323 0.001018
0 0.008604 0.001151 0.014041 0.000748
0 0.008708 0.001190 0.013834 0.000485
0 0.001330 0.000702 0.001804 0.000183
0 0.001411 0.000620 0.001642 0.000212
0 0.001370 0.000859 0.001725 0.000292
0 0.001453 0.000469 0.001558 0.000135
0 0.001464 0.000297 0.001536 0.000151
0 0.001714 0.000575 0.001036 0.000244
0 0.001524 0.000222 0.001417 0.000116
0 0.001599 0.000419 0.001266 0.000279
0 0.001582 0.000305 0.001300 0.000096
0 0.001582 0.000156 0.001300 0.000125
0 0.001574 0.000886 0.001316 0.000206
0 0.001606 0.000679 0.001253 0.000228
0 0.001639 0.000451 0.001187 0.000234
0 0.001638 0.000165 0.001188 0.000145
0 0.001632 0.000832 0.001200 0.000283
0 0.001680 0.000524 0.001103 0.000283
0 0.001699 0.000257 0.001066 0.000180
0 0.002083 0.000405 0.000298 0.000077
0 0.002049 0.000080 0.000367 0.000071
0 0.001754 0.001579 0.000957 0.000157
0 0.002040 0.000055 0.000384 0.000090
0 0.001422 0.001217 0.001620 0.000231
0 0.001386 0.001439 0.001692 0.000270
0 0.001393 0.001174 0.001678 0.000215
0 0.001394 0.001304 0.001676 0.000077
0 0.001355 0.001431 0.001755 0.000234
0 0.001343 0.001074 0.001779 0.000215
0 0.001307 0.001283 0.001850 0.000241
0 0.001296 0.001182 0.001873 0.000122
0 0.001277 0.001495 0.001911 0.000202
0 0.001253 0.001402 0.001958 0.000183
0 0.011176 0.001566 0.022290 0.000061
0 0.011165 0.001627 0.022314 0.000055
0 0.001324 0.001656 0.001817 0.000183
0 0.001352 0.001693 0.001760 0.000244
0 0.001427 0.001550 0.001610 0.000254
0 0.001401 0.001784 0.001662 0.000177
0 0.001458 0.001627 0.001549 0.000254
0 0.001419 0.001866 0.001626 0.000225
0 0.001528 0.001538 0.001409 0.000251
0 0.001487 0.001799 0.001491 0.000270
0 0.001559 0.001604 0.001346 0.000273
0 0.001517 0.001890 0.001431 0.000286
0 0.001620 0.001728 0.001225 0.000295
0 0.001650 0.001802 0.001163 0.000283
0 0.001737 0.001630 0.000990 0.000080
0 0.001462 0.000973 0.001540 0.000257
0 0.001469 0.001270 0.001525 0.000273
0 0.001498 0.001387 0.001469 0.000225
0 0.001894 0.001378 0.000675 0.000212
0 0.002031 0.000058 0.000403 0.000109
0 0.002053 0.000843 0.000359 0.000074
0 0.002072 0.000880 0.000320 0.000058
0 0.002056 0.000805 0.000353 0.000183
0 0.002149 0.000673 0.000167 0.000087
0 0.002095 0.000429 0.000274 0.000093
0 0.002172 0.000456 0.000120 0.000103
0 0.002025 0.001323 0.000414 0.000283
0 0.001987 0.001301 0.000490 0.000257
0 0.001937 0.001193 0.000590 0.000177
0 0.001922 0.001426 0.000620 0.000244
0 0.001814 0.001312 0.000836 0.000305
0 0.001518 0.000989 0.001428 0.000251
0 0.001783 0.001299 0.000899 0.000241
0 0.001819 0.001190 0.000826 0.000067
0 0.001769 0.000943 0.000927 0.000254
0 0.001739 0.001187 0.000985 0.000189
0 0.001695 0.001184 0.001075 0.000273
0 0.001697 0.001485 0.001070 0.000260
0 0.001660 0.001457 0.001144 0.000234
0 0.001604 0.001073 0.001256 0.000218
0 0.001596 0.001362 0.001272 0.000263
0 0.001563 0.001322 0.001338 0.000254
0 0.001534 0.001159 0.001396 0.000270
0 0.007938 0.000989 0.015375 0.001182