0 0.008032 0.002202 0.015185 0.000061
0 0.008054 0.001779 0.015142 0.000057
0 0.008609 0.000299 0.014033 0.000050
0 0.008594 0.000374 0.014062 0.000039
0 0.008569 0.000605 0.014112 0.000052
0 0.008544 0.000787 0.014163 0.000048
0 0.008528 0.000879 0.014193 0.000068
0 0.008526 0.001031 0.014198 0.000077
0 0.008528 0.001111 0.014193 0.000081
0 0.008527 0.001183 0.014196 0.000106
0 0.008558 0.001349 0.014134 0.000068
0 0.008608 0.001599 0.014033 0.000152
0 0.008655 0.001748 0.013940 0.000156
0 0.008674 0.001774 0.013902 0.000208
0 0.008681 0.001871 0.013889 0.000314
0 0.008760 0.002026 0.013730 0.000026
0 0.008809 0.002035 0.013631 0.000049
0 0.008401 0.000611 0.014447 0.000073
0 0.008362 0.000688 0.014527 0.000073
0 0.008272 0.000724 0.014707 0.000067
0 0.008196 0.000718 0.014858 0.000195
0 0.008144 0.000841 0.014961 0.000038
0 0.008094 0.001448 0.015061 0.000058
0 0.008613 0.000215 0.014024 0.000060