0 0.001135 0.001645 0.002194 0.000066
0 0.001511 0.000741 0.001443 0.000066
0 0.001456 0.000546 0.001553 0.000051
0 0.001464 0.000525 0.001536 0.000060
0 0.001476 0.000505 0.001512 0.000055
0 0.001489 0.000454 0.001486 0.000049
0 0.001495 0.000791 0.001474 0.000064
0 0.001504 0.000766 0.001457 0.000061
0 0.001534 0.000690 0.001396 0.000040
0 0.002008 0.001481 0.000448 0.000036
0 0.001534 0.000821 0.001396 0.000055
0 0.001542 0.000794 0.001381 0.000055
0 0.001560 0.000746 0.001344 0.000057
0 0.001566 0.000717 0.001332 0.000054
0 0.001534 0.000664 0.001396 0.000064
0 0.001547 0.000610 0.001371 0.000078
0 0.001451 0.000574 0.001563 0.000042
0 0.001425 0.000492 0.001615 0.000060
0 0.001439 0.000593 0.001586 0.000052
0 0.001433 0.000616 0.001598 0.000054
0 0.001404 0.000562 0.001657 0.000057
0 0.001419 0.000664 0.001626 0.000052
0 0.001408 0.000686 0.001648 0.000057
0 0.001383 0.000635 0.001698 0.000051
0 0.001400 0.000708 0.001663 0.000052
0 0.001372 0.000657 0.001721 0.000058
0 0.001396 0.000731 0.001672 0.000045
0 0.001367 0.000681 0.001729 0.000052
0 0.001385 0.000752 0.001695 0.000055
0 0.001376 0.000778 0.001712 0.000057
0 0.001367 0.000801 0.001731 0.000052
0 0.001341 0.000752 0.001782 0.000052
0 0.001334 0.000774 0.001797 0.000054
0 0.001575 0.000684 0.001315 0.000039
0 0.001589 0.000644 0.001285 0.000060
0 0.001600 0.000620 0.001264 0.000051
0 0.001778 0.000808 0.000909 0.000063
0 0.001436 0.001115 0.001592 0.000052
0 0.001418 0.001034 0.001628 0.000046
0 0.001428 0.001140 0.001607 0.000055
0 0.001410 0.001066 0.001644 0.000054
0 0.001396 0.001091 0.001672 0.000067
0 0.001354 0.000823 0.001756 0.000066
0 0.012198 0.000802 0.020247 0.000036
0 0.012206 0.000815 0.020232 0.000031
0 0.012212 0.000825 0.020219 0.000037
0 0.012226 0.000739 0.020191 0.000031
0 0.012208 0.000627 0.020227 0.000037
0 0.012216 0.000587 0.020211 0.000040
0 0.001815 0.000816 0.000835 0.000057
0 0.001782 0.000767 0.000900 0.000067
0 0.001771 0.000712 0.000921 0.000058
0 0.001582 0.000545 0.001301 0.000055
0 0.001707 0.000790 0.001051 0.000037
0 0.001733 0.000725 0.000998 0.000049
0 0.001703 0.000582 0.001058 0.000033
0 0.001715 0.000620 0.001035 0.000060
0 0.001700 0.000670 0.001065 0.000061
0 0.001693 0.000699 0.001078 0.000049
0 0.001690 0.000719 0.001084 0.000036
0 0.001670 0.000738 0.001125 0.000075
0 0.001670 0.000770 0.001124 0.000049
0 0.001605 0.000444 0.001255 0.000073
0 0.001623 0.000547 0.001218 0.000054
0 0.001598 0.000496 0.001268 0.000055
0 0.001616 0.000571 0.001233 0.000054
0 0.001588 0.000518 0.001288 0.000046
0 0.001545 0.000136 0.001374 0.000025
0 0.011945 0.000432 0.020752 0.000028
0 0.011953 0.000415 0.020737 0.000028
0 0.001269 0.000186 0.001925 0.000045
0 0.001359 0.000067 0.001746 0.000048
0 0.001351 0.000075 0.001763 0.000043
0 0.001339 0.000020 0.001787 0.000037
0 0.001342 0.000088 0.001780 0.000045
0 0.001329 0.000030 0.001807 0.000045
0 0.001308 0.000048 0.001848 0.000042
0 0.001299 0.000069 0.001866 0.000048
0 0.001314 0.000128 0.001836 0.000042
0 0.001290 0.000084 0.001883 0.000052
0 0.001296 0.000151 0.001872 0.000042
0 0.001273 0.000107 0.001918 0.000046
0 0.001287 0.000163 0.001890 0.000040
0 0.001264 0.000113 0.001937 0.000048
0 0.001278 0.000173 0.001909 0.000045
0 0.001255 0.000129 0.001953 0.000043
0 0.001493 0.000276 0.001479 0.000084
0 0.001260 0.000197 0.001945 0.000045
0 0.001251 0.000209 0.001962 0.000045
0 0.001241 0.000221 0.001981 0.000045
0 0.001243 0.000154 0.001979 0.000051
0 0.001235 0.000231 0.001994 0.000036
0 0.001228 0.000163 0.002008 0.000045
0 0.001219 0.000174 0.002027 0.000045
0 0.001203 0.000201 0.002059 0.000048
0 0.001191 0.000028 0.002083 0.000051
0 0.001175 0.000055 0.002115 0.000051
0 0.008491 0.001457 0.014268 0.000901
0 0.008211 0.001062 0.014827 0.000904
0 0.008103 0.000786 0.015043 0.000725
0 0.008033 0.000546 0.015183 0.000585
0 0.001379 0.000042 0.001707 0.000045
0 0.001497 0.000314 0.001470 0.000046
0 0.001920 0.000394 0.000624 0.000024
0 0.011888 0.000213 0.020867 0.000036
0 0.011982 0.000292 0.020678 0.000025
0 0.011970 0.000324 0.020703 0.000028
0 0.011908 0.000313 0.020826 0.000030
0 0.011912 0.000293 0.020820 0.000031
0 0.001903 0.000050 0.000658 0.000079
0 0.001894 0.000078 0.000676 0.000072
0 0.001886 0.000107 0.000692 0.000073
0 0.001878 0.000148 0.000708 0.000069
0 0.001869 0.000177 0.000727 0.000075
0 0.001851 0.000016 0.000762 0.000028
0 0.001847 0.000037 0.000771 0.000043
0 0.001846 0.000066 0.000772 0.000037
0 0.001833 0.000105 0.000798 0.000034
0 0.001825 0.000133 0.000814 0.000028
0 0.011864 0.000200 0.020915 0.000024
0 0.001487 0.000339 0.001490 0.000052
0 0.011867 0.000180 0.020909 0.000025
0 0.001823 0.000155 0.000818 0.000024
0 0.001604 0.000253 0.001256 0.000030
0 0.001593 0.000264 0.001278 0.000030
0 0.001534 0.000166 0.001396 0.000043
0 0.001528 0.000342 0.001407 0.000046
0 0.001521 0.000365 0.001421 0.000051
0 0.001513 0.000390 0.001438 0.000055
0 0.001507 0.000418 0.001449 0.000057
0 0.001498 0.000435 0.001467 0.000054
0 0.001449 0.000449 0.001565 0.000045
0 0.001469 0.000408 0.001527 0.000040
0 0.001470 0.000382 0.001525 0.000055
0 0.001478 0.000362 0.001508 0.000055
0 0.001453 0.001066 0.001559 0.000054
0 0.001435 0.000991 0.001595 0.000052
0 0.001465 0.001034 0.001535 0.000037
0 0.001901 0.001379 0.000662 0.000052
0 0.001951 0.001517 0.000562 0.000037
0 0.001974 0.001460 0.000517 0.000048
0 0.001948 0.001372 0.000568 0.000030
0 0.001941 0.001390 0.000582 0.000031
0 0.001924 0.001629 0.000617 0.000037
0 0.001925 0.001499 0.000613 0.000031
0 0.001913 0.001475 0.000639 0.000030
0 0.001904 0.001595 0.000657 0.000037
0 0.001894 0.001546 0.000676 0.000028
0 0.001892 0.001440 0.000680 0.000031
0 0.001967 0.001305 0.000531 0.000040
0 0.001854 0.001531 0.000757 0.000052
0 0.001864 0.001498 0.000736 0.000049
0 0.001871 0.001469 0.000722 0.000052
0 0.001913 0.001359 0.000639 0.000043
0 0.001939 0.001492 0.000587 0.000025
0 0.001917 0.001321 0.000630 0.000057
0 0.001929 0.001299 0.000607 0.000051
0 0.001946 0.001266 0.000573 0.000036
0 0.001944 0.001233 0.000576 0.000063
0 0.001717 0.001274 0.001031 0.000052
0 0.001698 0.001240 0.001069 0.000043
0 0.001687 0.001379 0.001089 0.000055
0 0.001661 0.001367 0.001142 0.000033
0 0.001648 0.001502 0.001168 0.000055
0 0.001643 0.001455 0.001178 0.000086
0 0.001669 0.001228 0.001126 0.000037
0 0.001665 0.001336 0.001134 0.000054
0 0.001630 0.001280 0.001205 0.000049
0 0.001624 0.001321 0.001217 0.000063
0 0.001960 0.001583 0.000543 0.000061
0 0.001984 0.001437 0.000496 0.000045
0 0.001614 0.001399 0.001237 0.000040
0 0.001947 0.001634 0.000570 0.000042
0 0.002023 0.001406 0.000419 0.000048
0 0.002046 0.001376 0.000372 0.000022
0 0.002030 0.001381 0.000405 0.000057
0 0.002025 0.001270 0.000415 0.000040
0 0.002018 0.001228 0.000428 0.000046
0 0.002042 0.001263 0.000381 0.000039
0 0.002060 0.001299 0.000345 0.000045
0 0.002074 0.001237 0.000317 0.000055
0 0.002215 0.001785 0.000034 0.000042
0 0.002198 0.001963 0.000067 0.000034
0 0.002131 0.001613 0.000202 0.000048
0 0.002072 0.001803 0.000319 0.000040
0 0.002001 0.001851 0.000463 0.000043
0 0.001970 0.001556 0.000524 0.000061
0 0.001916 0.001727 0.000632 0.000052
0 0.001987 0.001337 0.000491 0.000037
0 0.001885 0.001873 0.000695 0.000042
0 0.001885 0.001715 0.000695 0.000054
0 0.001880 0.001660 0.000705 0.000036
0 0.001866 0.001838 0.000732 0.000037
0 0.001859 0.001857 0.000747 0.000040
0 0.001851 0.001805 0.000762 0.000028
0 0.001836 0.001813 0.000792 0.000039
0 0.001812 0.001674 0.000841 0.000051
0 0.001793 0.001713 0.000878 0.000064
0 0.001835 0.001614 0.000794 0.000031
0 0.002016 0.001352 0.000431 0.000031
0 0.002003 0.001367 0.000458 0.000039
0 0.002000 0.001501 0.000464 0.000037
0 0.001999 0.001323 0.000467 0.000030
0 0.001614 0.001251 0.001237 0.000036
0 0.001592 0.001364 0.001280 0.000043
0 0.001444 0.000970 0.001577 0.000049
0 0.001601 0.001127 0.001262 0.000058
0 0.001715 0.000957 0.001033 0.000031
0 0.001675 0.000895 0.001115 0.000063
0 0.001670 0.000941 0.001124 0.000075
0 0.001639 0.000872 0.001186 0.000049
0 0.001670 0.001036 0.001124 0.000037
0 0.001645 0.000992 0.001173 0.000037
0 0.001659 0.001056 0.001145 0.000039
0 0.001636 0.001021 0.001192 0.000046
0 0.001631 0.001166 0.001201 0.000039
0 0.001630 0.001124 0.001204 0.000042
0 0.001621 0.000921 0.001223 0.000052
0 0.001612 0.000949 0.001240 0.000058
0 0.001603 0.000971 0.001259 0.000061
0 0.001611 0.001093 0.001242 0.000042
0 0.001584 0.001022 0.001296 0.000067
0 0.001710 0.001101 0.001044 0.000028
0 0.001582 0.001050 0.001301 0.000052
0 0.001575 0.001076 0.001313 0.000052
0 0.001550 0.001153 0.001364 0.000055
0 0.001545 0.001182 0.001374 0.000055
0 0.001533 0.001204 0.001399 0.000055
0 0.001533 0.000846 0.001399 0.000040
0 0.001518 0.000869 0.001428 0.000061
0 0.001493 0.000943 0.001479 0.000058
0 0.001480 0.000842 0.001504 0.000060
0 0.001484 0.000967 0.001495 0.000052
0 0.001474 0.000868 0.001517 0.000045
0 0.001476 0.000993 0.001512 0.000060
0 0.001451 0.000937 0.001561 0.000043
0 0.001472 0.001020 0.001519 0.000042
0 0.001730 0.000878 0.001004 0.000057
0 0.001719 0.001150 0.001026 0.000028
0 0.001581 0.001402 0.001303 0.000061
0 0.002023 0.001140 0.000417 0.000031
0 0.001558 0.001351 0.001349 0.000051
0 0.001569 0.001232 0.001326 0.000063
0 0.001549 0.001303 0.001366 0.000072
0 0.001537 0.001317 0.001390 0.000046
0 0.001507 0.001282 0.001449 0.000064
0 0.001516 0.001255 0.001433 0.000058
0 0.001528 0.001231 0.001407 0.000052
0 0.001651 0.001195 0.001162 0.000034
0 0.002088 0.001217 0.000289 0.000036
0 0.002071 0.001186 0.000323 0.000031
0 0.002061 0.001199 0.000342 0.000027
0 0.002053 0.001159 0.000358 0.000033
0 0.002004 0.001197 0.000457 0.000030
0 0.002013 0.001056 0.000438 0.000039
0 0.002006 0.001080 0.000453 0.000037
0 0.001750 0.000870 0.000963 0.000070
0 0.001997 0.001097 0.000471 0.000042
0 0.001985 0.001124 0.000494 0.000051
0 0.001970 0.001184 0.000524 0.000045
0 0.001960 0.001203 0.000545 0.000042
0 0.001834 0.000901 0.000795 0.000069
0 0.001814 0.000855 0.000836 0.000046
0 0.001810 0.000968 0.000844 0.000052
0 0.001798 0.000994 0.000869 0.000067
0 0.001784 0.000921 0.000897 0.000046
0 0.001780 0.000949 0.000904 0.000037
0 0.001733 0.000988 0.000999 0.000040
0 0.001742 0.001164 0.000980 0.000073
0 0.001745 0.001053 0.000975 0.000052
0 0.001763 0.000919 0.000939 0.000040
0 0.007902 0.000138 0.015446 0.000273