0 0.008063 0.002159 0.015124 0.000037
0 0.008523 0.001205 0.014204 0.000135
0 0.008769 0.000251 0.013712 0.000124
0 0.008733 0.000285 0.013783 0.000127
0 0.008665 0.000362 0.013921 0.000201
0 0.016307 0.000438 0.029886 0.000028
0 0.016405 0.000261 0.029690 0.000031
0 0.008516 0.000506 0.014218 0.000113
0 0.008494 0.000594 0.014262 0.000104
0 0.008449 0.000673 0.014352 0.000075
0 0.008407 0.000762 0.014436 0.000071
0 0.008482 0.001221 0.014285 0.000095
0 0.008063 0.001954 0.015124 0.000131
0 0.008456 0.001298 0.014337 0.000067
0 0.008416 0.001391 0.014418 0.000064
0 0.008391 0.001452 0.014467 0.000078
0 0.008349 0.001542 0.014552 0.000107
0 0.008303 0.001647 0.014643 0.000164
0 0.008255 0.001691 0.014740 0.000117
0 0.008183 0.001769 0.014885 0.000096
0 0.008154 0.001804 0.014943 0.000152
0 0.008109 0.001842 0.015032 0.000127
0 0.016632 0.000063 0.029237 0.000032