0 0.008754 0.001893 0.013742 0.000134
0 0.008727 0.001816 0.013795 0.000104
0 0.008632 0.001570 0.013986 0.000172
0 0.008526 0.001403 0.014199 0.000183
0 0.008481 0.001313 0.014287 0.000163
0 0.008422 0.001207 0.014405 0.000127
0 0.008386 0.001138 0.014477 0.000106
0 0.008336 0.001026 0.014578 0.000134
0 0.008273 0.000930 0.014703 0.000139
0 0.008210 0.000823 0.014831 0.000120
0 0.008105 0.000650 0.015040 0.000178
0 0.008007 0.000429 0.015237 0.000149
0 0.007949 0.000356 0.015352 0.000170
0 0.007918 0.000296 0.015414 0.000165