0 0.001194 0.001938 0.002076 0.000081
0 0.001357 0.000833 0.001751 0.000076
0 0.001347 0.000834 0.001771 0.000068
0 0.001334 0.000837 0.001795 0.000066
0 0.001335 0.000748 0.001794 0.000068
0 0.001333 0.000553 0.001799 0.000076
0 0.001326 0.000835 0.001813 0.000056
0 0.001325 0.000546 0.001814 0.000056
0 0.001312 0.000764 0.001840 0.000039
0 0.001311 0.000557 0.001842 0.000064
0 0.001302 0.000843 0.001860 0.000068
0 0.001301 0.000750 0.001862 0.000071
0 0.001280 0.000930 0.001903 0.000063
0 0.001292 0.000845 0.001881 0.000073
0 0.001293 0.000755 0.001879 0.000058
0 0.001282 0.000847 0.001900 0.000069
0 0.001279 0.000753 0.001907 0.000081
0 0.001270 0.000846 0.001923 0.000064
0 0.001269 0.000762 0.001927 0.000061
0 0.001274 0.000564 0.001916 0.000071
0 0.001258 0.000754 0.001949 0.000059
0 0.001268 0.000571 0.001929 0.000083
0 0.001248 0.000850 0.001968 0.000061
0 0.001245 0.000765 0.001974 0.000068
0 0.001235 0.000757 0.001995 0.000080
0 0.001226 0.000861 0.002011 0.000046
0 0.001224 0.000773 0.002017 0.000069
0 0.001218 0.000858 0.002028 0.000037
0 0.001214 0.000773 0.002037 0.000056
0 0.001240 0.000570 0.001984 0.000071
0 0.001229 0.000570 0.002007 0.000068
0 0.001347 0.000740 0.001771 0.000051
0 0.001370 0.000827 0.001724 0.000049
0 0.001212 0.001947 0.002040 0.000120
0 0.001379 0.000736 0.001706 0.000054
0 0.001979 0.001191 0.000506 0.000042
0 0.001991 0.001197 0.000483 0.000059
0 0.002007 0.001165 0.000450 0.000096
0 0.002177 0.000977 0.000110 0.000046
0 0.002133 0.000965 0.000198 0.000039
0 0.001536 0.000525 0.001393 0.000098
0 0.001519 0.000536 0.001425 0.000112
0 0.001499 0.000528 0.001465 0.000102
0 0.001487 0.000891 0.001491 0.000090
0 0.001488 0.000527 0.001488 0.000083
0 0.001475 0.000523 0.001515 0.000071
0 0.001464 0.000522 0.001537 0.000063
0 0.001470 0.000741 0.001525 0.000078
0 0.001461 0.000803 0.001542 0.000059
0 0.001459 0.000723 0.001546 0.000052
0 0.001454 0.000536 0.001557 0.000093
0 0.001445 0.000813 0.001575 0.000073
0 0.001435 0.000813 0.001595 0.000069
0 0.001435 0.000722 0.001595 0.000069
0 0.001426 0.000530 0.001612 0.000064
0 0.001424 0.000811 0.001616 0.000061
0 0.001414 0.000816 0.001637 0.000054
0 0.001402 0.000822 0.001660 0.000069
0 0.001402 0.000734 0.001660 0.000052
0 0.001391 0.000827 0.001683 0.000076
0 0.001390 0.000735 0.001684 0.000066
0 0.001380 0.000825 0.001704 0.000066
0 0.001394 0.000540 0.001677 0.000064
0 0.001379 0.000542 0.001706 0.000066
0 0.001219 0.000577 0.002025 0.000068
0 0.002008 0.000295 0.000449 0.000056
0 0.001561 0.000136 0.001343 0.000046
0 0.001583 0.000220 0.001299 0.000088
0 0.001339 0.000168 0.001787 0.000069
0 0.001334 0.000457 0.001797 0.000074
0 0.001319 0.000452 0.001827 0.000085
0 0.001305 0.000469 0.001855 0.000068
0 0.001310 0.000267 0.001843 0.000064
0 0.001306 0.000169 0.001852 0.000085
0 0.001290 0.000464 0.001883 0.000085
0 0.001286 0.000270 0.001892 0.000063
0 0.001283 0.000190 0.001897 0.000058
0 0.001276 0.000474 0.001912 0.000074
0 0.001264 0.000470 0.001936 0.000068
0 0.001263 0.000194 0.001939 0.000059
0 0.001249 0.000469 0.001967 0.000081
0 0.001250 0.000277 0.001964 0.000063
0 0.001243 0.000195 0.001977 0.000066
0 0.001235 0.000201 0.001995 0.000058
0 0.001219 0.000487 0.002027 0.000063
0 0.001229 0.000282 0.002006 0.000066
0 0.001226 0.000210 0.002011 0.000041
0 0.001170 0.000141 0.002124 0.000076
0 0.008482 0.002014 0.014285 0.000315
0 0.008462 0.001741 0.014326 0.000406
0 0.008424 0.001306 0.014403 0.000525
0 0.007868 0.001857 0.015513 0.000337
0 0.007943 0.001386 0.015364 0.001083
0 0.007892 0.000192 0.015466 0.000286
0 0.007898 0.000493 0.015454 0.000228
0 0.007861 0.001091 0.015529 0.000228
0 0.007907 0.000787 0.015436 0.000217
0 0.001349 0.000459 0.001766 0.000068
0 0.001350 0.000159 0.001764 0.000088
0 0.001360 0.000258 0.001745 0.000042
0 0.001470 0.000245 0.001525 0.000090
0 0.001563 0.000309 0.001339 0.000022
0 0.001566 0.000223 0.001333 0.000088
0 0.001562 0.000462 0.001341 0.000112
0 0.001555 0.000223 0.001355 0.000085
0 0.001536 0.000228 0.001391 0.000083
0 0.001548 0.000421 0.001369 0.000071
0 0.001526 0.000227 0.001411 0.000081
0 0.001519 0.000420 0.001425 0.000085
0 0.001503 0.000422 0.001458 0.000090
0 0.001508 0.000239 0.001448 0.000096
0 0.001491 0.000426 0.001483 0.000074
0 0.001491 0.000131 0.001482 0.000093
0 0.001476 0.000134 0.001512 0.000085
0 0.001458 0.000429 0.001549 0.000086
0 0.001364 0.000154 0.001735 0.000088
0 0.001452 0.000142 0.001559 0.000085
0 0.001445 0.000432 0.001573 0.000086
0 0.001440 0.000141 0.001585 0.000090
0 0.001421 0.000429 0.001623 0.000096
0 0.001413 0.000252 0.001639 0.000085
0 0.001408 0.000147 0.001647 0.000085
0 0.001396 0.000257 0.001673 0.000088
0 0.001391 0.000441 0.001683 0.000080
0 0.001395 0.000150 0.001674 0.000083
0 0.001384 0.000262 0.001696 0.000085
0 0.001374 0.000437 0.001715 0.000098
0 0.001367 0.000256 0.001731 0.000073
0 0.001361 0.000449 0.001741 0.000076
0 0.002002 0.001290 0.000460 0.000076
0 0.001987 0.001295 0.000491 0.000042
0 0.001971 0.001208 0.000523 0.000064
0 0.001230 0.001791 0.002004 0.000140
0 0.001910 0.001715 0.000643 0.000056
0 0.001899 0.001721 0.000666 0.000054
0 0.001901 0.001814 0.000662 0.000068
0 0.001897 0.001814 0.000670 0.000068
0 0.001888 0.001724 0.000688 0.000063
0 0.001875 0.001730 0.000715 0.000066
0 0.001868 0.001833 0.000729 0.000068
0 0.001863 0.001746 0.000739 0.000051
0 0.001847 0.001743 0.000770 0.000074
0 0.001853 0.001843 0.000757 0.000068
0 0.001842 0.001847 0.000780 0.000066
0 0.001842 0.001747 0.000781 0.000063
0 0.001828 0.001757 0.000808 0.000058
0 0.001835 0.001853 0.000795 0.000064
0 0.001815 0.001762 0.000834 0.000074
0 0.001809 0.001867 0.000847 0.000051
0 0.001781 0.001880 0.000903 0.000071
0 0.001760 0.001872 0.000944 0.000135
0 0.001802 0.001772 0.000861 0.000058
0 0.001778 0.001774 0.000908 0.000096
0 0.001747 0.001482 0.000970 0.000139
0 0.001730 0.001500 0.001004 0.000134
0 0.001323 0.001504 0.001818 0.000095
0 0.001297 0.001646 0.001870 0.000073
0 0.001282 0.001464 0.001901 0.000024
0 0.001266 0.001505 0.001932 0.000096
0 0.001267 0.001752 0.001930 0.000088
0 0.001250 0.001510 0.001964 0.000095
0 0.001239 0.001520 0.001987 0.000112
0 0.001922 0.001709 0.000620 0.000061
0 0.001928 0.001797 0.000608 0.000051
0 0.001933 0.001701 0.000598 0.000061
0 0.002023 0.001740 0.000419 0.000054
0 0.001230 0.001958 0.002004 0.000118
0 0.001784 0.002124 0.000896 0.000051
0 0.001802 0.002097 0.000861 0.000064
0 0.001845 0.002071 0.000775 0.000047
0 0.001902 0.002043 0.000661 0.000054
0 0.001922 0.002033 0.000620 0.000039
0 0.001973 0.002003 0.000518 0.000049
0 0.001983 0.001994 0.000499 0.000044
0 0.002050 0.001952 0.000364 0.000052
0 0.002060 0.001957 0.000344 0.000039
0 0.002068 0.001935 0.000328 0.000042
0 0.002045 0.001742 0.000373 0.000042
0 0.002035 0.001739 0.000393 0.000042
0 0.002021 0.001642 0.000423 0.000042
0 0.001937 0.001791 0.000591 0.000056
0 0.002013 0.001750 0.000438 0.000044
0 0.002008 0.001655 0.000449 0.000047
0 0.001997 0.001664 0.000470 0.000059
0 0.001987 0.001667 0.000491 0.000051
0 0.001993 0.001759 0.000478 0.000066
0 0.001978 0.001673 0.000508 0.000052
0 0.001979 0.001763 0.000507 0.000056
0 0.001968 0.001776 0.000528 0.000046
0 0.001961 0.001687 0.000542 0.000058
0 0.001957 0.001777 0.000550 0.000054
0 0.001953 0.001692 0.000559 0.000051
0 0.001945 0.001788 0.000574 0.000066
0 0.001943 0.001693 0.000579 0.000063
0 0.001246 0.001804 0.001973 0.000108
0 0.001218 0.001516 0.002028 0.000098
0 0.001973 0.001309 0.000519 0.000083
0 0.001202 0.001815 0.002061 0.000113
0 0.001360 0.001135 0.001745 0.000086
0 0.001360 0.001035 0.001745 0.000073
0 0.001463 0.000982 0.001538 0.000098
0 0.001733 0.001325 0.000998 0.000149
0 0.001779 0.001440 0.000905 0.000085
0 0.001785 0.001311 0.000894 0.000110
0 0.001804 0.001438 0.000857 0.000095
0 0.001799 0.001301 0.000867 0.000107
0 0.001810 0.001423 0.000844 0.000091
0 0.001822 0.001291 0.000821 0.000081
0 0.001829 0.001288 0.000805 0.000102
0 0.001838 0.001403 0.000789 0.000091
0 0.001852 0.001398 0.000761 0.000098
0 0.001851 0.001279 0.000762 0.000100
0 0.001873 0.001383 0.000717 0.000086
0 0.001879 0.001263 0.000706 0.000083
0 0.001886 0.001369 0.000692 0.000081
0 0.001889 0.001257 0.000686 0.000081
0 0.001891 0.001361 0.000682 0.000076
0 0.001900 0.001253 0.000663 0.000073
0 0.001912 0.001238 0.000641 0.000076
0 0.001920 0.001345 0.000623 0.000078
0 0.001923 0.001235 0.000618 0.000069
0 0.001925 0.001341 0.000614 0.000083
0 0.001938 0.001328 0.000588 0.000074
0 0.001935 0.001224 0.000594 0.000074
0 0.001947 0.001218 0.000571 0.000078
0 0.001952 0.001213 0.000561 0.000074
0 0.001967 0.001322 0.000531 0.000088
0 0.001348 0.001138 0.001768 0.000083
0 0.001350 0.001036 0.001764 0.000085
0 0.001334 0.001136 0.001797 0.000080
0 0.001235 0.001396 0.001995 0.000091
0 0.001192 0.001824 0.002079 0.000081
0 0.001189 0.001521 0.002087 0.000068
0 0.001179 0.001542 0.002107 0.000044
0 0.001187 0.001418 0.002090 0.000078
0 0.001176 0.001178 0.002112 0.000088
0 0.001203 0.001410 0.002058 0.000078
0 0.001215 0.001402 0.002035 0.000103
0 0.001191 0.001164 0.002082 0.000071
0 0.001205 0.001167 0.002055 0.000080
0 0.001215 0.001066 0.002034 0.000071
0 0.001217 0.001163 0.002030 0.000081
0 0.001229 0.001058 0.002007 0.000081
0 0.001231 0.001166 0.002002 0.000088
0 0.001236 0.001048 0.001991 0.000095
0 0.001330 0.001033 0.001804 0.000090
0 0.001241 0.001162 0.001982 0.000086
0 0.001251 0.001046 0.001962 0.000098
0 0.001256 0.001162 0.001953 0.000093
0 0.001264 0.001048 0.001936 0.000095
0 0.001282 0.001397 0.001901 0.000090
0 0.001269 0.001157 0.001927 0.000090
0 0.001279 0.001052 0.001907 0.000076
0 0.001295 0.001149 0.001875 0.000088
0 0.001303 0.001044 0.001859 0.000081
0 0.001307 0.001147 0.001849 0.000086
0 0.001316 0.001034 0.001833 0.000088
0 0.001364 0.001365 0.001737 0.000083
0 0.001318 0.001141 0.001828 0.000086
0 0.007861 0.001462 0.015529 0.000230