0 0.001289 0.002130 0.001887 0.000021
0 0.008675 0.000971 0.013900 0.000032
0 0.008066 0.001018 0.015118 0.000055
0 0.008061 0.000960 0.015127 0.000067
0 0.008053 0.000910 0.015143 0.000057
0 0.008068 0.000844 0.015114 0.000045
0 0.008061 0.000764 0.015127 0.000051
0 0.008724 0.001553 0.013803 0.000035
0 0.008720 0.001508 0.013810 0.000047
0 0.008632 0.001522 0.013986 0.000209
0 0.008709 0.001457 0.013832 0.000048
0 0.008696 0.001246 0.013857 0.000033
0 0.008681 0.001031 0.013888 0.000033
0 0.008671 0.000922 0.013908 0.000035
0 0.008591 0.001093 0.014068 0.000031
0 0.008667 0.000855 0.013916 0.000032
0 0.008664 0.000820 0.013922 0.000025
0 0.008660 0.000748 0.013929 0.000028
0 0.008648 0.000697 0.013955 0.000043
0 0.008656 0.000643 0.013937 0.000035
0 0.008652 0.000572 0.013947 0.000028
0 0.008647 0.000538 0.013957 0.000032
0 0.008559 0.000546 0.014132 0.000045
0 0.008553 0.000592 0.014144 0.000031
0 0.008560 0.000656 0.014130 0.000031
0 0.008563 0.000709 0.014125 0.000027
0 0.008068 0.001062 0.015114 0.000057
0 0.008051 0.001119 0.015149 0.000067
0 0.008035 0.001178 0.015180 0.000057
0 0.008024 0.001238 0.015202 0.000055
0 0.008132 0.000477 0.014985 0.000095
0 0.008157 0.000429 0.014936 0.000096
0 0.008189 0.000356 0.014872 0.000087
0 0.008263 0.000280 0.014724 0.000117
0 0.008380 0.000218 0.014489 0.000101
0 0.008510 0.000274 0.014230 0.000067
0 0.008666 0.000244 0.013918 0.000076
0 0.008742 0.000219 0.013766 0.000068
0 0.008822 0.000211 0.013606 0.000060
0 0.008636 0.000404 0.013978 0.000035
0 0.008011 0.002190 0.015229 0.000035
0 0.007986 0.002106 0.015278 0.000040
0 0.007960 0.001962 0.015330 0.000048
0 0.007944 0.001792 0.015362 0.000044
0 0.007956 0.001743 0.015338 0.000028
0 0.007945 0.001865 0.015360 0.000073
0 0.007958 0.001670 0.015334 0.000107
0 0.007973 0.001571 0.015303 0.000031
0 0.007985 0.001505 0.015280 0.000032
0 0.007990 0.001437 0.015270 0.000035
0 0.008021 0.001382 0.015207 0.000061
0 0.008048 0.001340 0.015155 0.000053
0 0.008028 0.001281 0.015194 0.000059
0 0.008575 0.000753 0.014099 0.000033
0 0.008595 0.001135 0.014060 0.000033
0 0.001250 0.001778 0.001965 0.000032
0 0.001890 0.000776 0.000685 0.000023
0 0.001994 0.001281 0.000476 0.000024
0 0.001992 0.001227 0.000480 0.000024
0 0.001991 0.001143 0.000482 0.000023
0 0.001979 0.001071 0.000505 0.000040
0 0.001981 0.001012 0.000501 0.000023
0 0.001898 0.000995 0.000669 0.000024
0 0.001884 0.000834 0.000697 0.000028
0 0.001897 0.000880 0.000671 0.000020
0 0.001901 0.000937 0.000661 0.000017
0 0.001974 0.000902 0.000517 0.000025
0 0.001955 0.000697 0.000554 0.000028
0 0.001879 0.000691 0.000706 0.000021
0 0.008588 0.001040 0.014074 0.000029
0 0.001896 0.000582 0.000673 0.000035
0 0.001942 0.000495 0.000579 0.000020
0 0.001935 0.000429 0.000595 0.000016
0 0.001960 0.001582 0.000544 0.000023
0 0.001965 0.001619 0.000535 0.000017
0 0.002155 0.000184 0.000154 0.000020
0 0.001822 0.000240 0.000819 0.000049
0 0.001460 0.000420 0.001543 0.000037
0 0.001439 0.000475 0.001586 0.000037
0 0.001267 0.001594 0.001930 0.000024
0 0.001263 0.001698 0.001938 0.000021
0 0.002001 0.001359 0.000462 0.000020
0 0.002003 0.001388 0.000459 0.000016
0 0.001950 0.001521 0.000564 0.000021
0 0.001953 0.001504 0.000558 0.000021
0 0.008580 0.000920 0.014089 0.000029
0 0.008575 0.000864 0.014099 0.000024
0 0.008572 0.000817 0.014107 0.000028
0 0.008601 0.001241 0.014048 0.000037
0 0.008607 0.001305 0.014037 0.000028
0 0.008624 0.001372 0.014002 0.000060
0 0.008556 0.000477 0.014138 0.000027
0 0.001290 0.001456 0.001885 0.000024
0 0.001288 0.001488 0.001889 0.000020
0 0.001334 0.001317 0.001797 0.000024
0 0.001326 0.001257 0.001813 0.000021
0 0.001334 0.001204 0.001797 0.000019
0 0.001328 0.001236 0.001809 0.000019
0 0.001369 0.001009 0.001727 0.000017
0 0.001369 0.000980 0.001727 0.000025
0 0.001366 0.000898 0.001733 0.000023
0 0.001939 0.001176 0.000585 0.000045
0 0.001943 0.001235 0.000578 0.000039
0 0.001921 0.001264 0.000622 0.000019
0 0.001927 0.001287 0.000611 0.000021
0 0.001955 0.001386 0.000554 0.000040
0 0.001942 0.001437 0.000579 0.000024
0 0.001947 0.001484 0.000570 0.000024
0 0.008053 0.000655 0.015143 0.000044