0 0.001851 0.001780 0.000762 0.000016
0 0.001945 0.001679 0.000573 0.000013
0 0.008477 0.000270 0.014295 0.000051
0 0.008502 0.000359 0.014245 0.000053
0 0.008532 0.000430 0.014186 0.000037
0 0.008588 0.000502 0.014074 0.000039
0 0.008663 0.000762 0.013924 0.000044
0 0.008621 0.000860 0.014009 0.000061
0 0.008561 0.001088 0.014128 0.000041
0 0.008568 0.001141 0.014114 0.000050
0 0.008541 0.001407 0.014168 0.000034
0 0.008301 0.001529 0.014647 0.000076
0 0.008240 0.001595 0.014771 0.000055
0 0.008232 0.001675 0.014786 0.000101
0 0.008263 0.001804 0.014724 0.000048
0 0.008222 0.001976 0.014805 0.000062
0 0.008226 0.002022 0.014798 0.000052
0 0.008264 0.002077 0.014723 0.000060
0 0.001977 0.000332 0.000510 0.000015
0 0.001994 0.000434 0.000475 0.000016
0 0.002024 0.000479 0.000416 0.000016
0 0.002076 0.000771 0.000312 0.000018
0 0.001941 0.001508 0.000583 0.000019
0 0.001944 0.001643 0.000575 0.000017
0 0.001947 0.001664 0.000570 0.000012
0 0.008428 0.000074 0.014393 0.000057