0 0.001832 0.002039 0.000801 0.000015
0 0.008308 0.000559 0.014634 0.000045
0 0.008326 0.000677 0.014597 0.000049
0 0.008341 0.000801 0.014569 0.000027
0 0.008351 0.000834 0.014548 0.000011
0 0.008363 0.000892 0.014525 0.000013
0 0.008367 0.000935 0.014517 0.000051
0 0.008410 0.001165 0.014431 0.000042
0 0.008456 0.001271 0.014337 0.000068
0 0.008465 0.001506 0.014319 0.000034
0 0.008505 0.001614 0.014241 0.000064
0 0.008485 0.001727 0.014280 0.000052
0 0.008508 0.001861 0.014233 0.000062
0 0.008518 0.001971 0.014215 0.000056
0 0.008534 0.002076 0.014181 0.000064
0 0.008276 0.002145 0.014699 0.000046
0 0.008265 0.002052 0.014720 0.000050
0 0.008255 0.001947 0.014740 0.000080
0 0.008234 0.001809 0.014782 0.000039
0 0.008224 0.001682 0.014803 0.000047
0 0.008214 0.001586 0.014821 0.000061
0 0.008177 0.001354 0.014897 0.000056
0 0.008152 0.001231 0.014946 0.000070
0 0.008127 0.001126 0.014995 0.000061
0 0.008110 0.000980 0.015029 0.000053
0 0.008096 0.000901 0.015058 0.000074
0 0.008101 0.000770 0.015047 0.000056
0 0.008058 0.000648 0.015133 0.000052
0 0.008023 0.000529 0.015204 0.000107
0 0.008064 0.000414 0.015123 0.000092
0 0.008022 0.000266 0.015206 0.000097
0 0.008335 0.000718 0.014579 0.000011
0 0.008319 0.000602 0.014613 0.000014
0 0.001617 0.002179 0.001231 0.000030
0 0.008300 0.000369 0.014649 0.000025
0 0.001591 0.001970 0.001283 0.000020
0 0.001800 0.001899 0.000864 0.000023
0 0.001781 0.001855 0.000903 0.000035
0 0.001781 0.001825 0.000903 0.000017
0 0.001593 0.001723 0.001277 0.000043
0 0.001761 0.001750 0.000942 0.000061
0 0.001789 0.001639 0.000887 0.000058
0 0.001505 0.001549 0.001454 0.000016
0 0.001557 0.001488 0.001350 0.000032
0 0.001761 0.001484 0.000942 0.000018
0 0.001536 0.001321 0.001392 0.000034
0 0.001476 0.001273 0.001512 0.000016
0 0.001731 0.001191 0.001002 0.000016
0 0.001700 0.001136 0.001064 0.000024
0 0.001452 0.001017 0.001561 0.000017
0 0.001418 0.000880 0.001629 0.000041
0 0.001459 0.000877 0.001545 0.000050
0 0.001670 0.000906 0.001124 0.000016
0 0.001644 0.000825 0.001176 0.000017
0 0.001439 0.000747 0.001587 0.000038
0 0.001630 0.000709 0.001205 0.000020
0 0.001426 0.000511 0.001613 0.000043
0 0.001372 0.000617 0.001720 0.000018
0 0.001616 0.000588 0.001233 0.000018
0 0.001608 0.000369 0.001249 0.000014
0 0.001337 0.000332 0.001790 0.000038
0 0.001310 0.000211 0.001845 0.000017
0 0.001281 0.000070 0.001902 0.000039
0 0.008247 0.000172 0.014756 0.000097
0 0.008002 0.000116 0.015245 0.000099