0 0.001670 0.002158 0.001124 0.000023
0 0.008330 0.001948 0.014589 0.000044
0 0.008496 0.001046 0.014258 0.000033
0 0.008517 0.001154 0.014217 0.000044
0 0.008526 0.001273 0.014199 0.000036
0 0.008531 0.001373 0.014189 0.000033
0 0.008541 0.001476 0.014168 0.000066
0 0.008559 0.001598 0.014132 0.000045
0 0.008568 0.001704 0.014114 0.000032
0 0.008581 0.001796 0.014088 0.000049
0 0.008600 0.001934 0.014049 0.000050
0 0.008612 0.002043 0.014026 0.000050
0 0.008630 0.002152 0.013990 0.000059
0 0.008363 0.002186 0.014524 0.000040
0 0.008347 0.002053 0.014555 0.000058
0 0.008328 0.001833 0.014594 0.000041
0 0.008483 0.000841 0.014284 0.000033
0 0.008312 0.001729 0.014625 0.000043
0 0.008296 0.001627 0.014659 0.000047
0 0.008272 0.001497 0.014705 0.000043
0 0.008253 0.001399 0.014744 0.000044
0 0.008263 0.001207 0.014723 0.000084
0 0.008219 0.001099 0.014811 0.000044
0 0.008237 0.000952 0.014775 0.000061
0 0.008206 0.000790 0.014837 0.000090
0 0.008204 0.000692 0.014842 0.000010
0 0.008192 0.000631 0.014865 0.000041
0 0.008174 0.000522 0.014902 0.000058
0 0.008157 0.000409 0.014935 0.000042
0 0.008119 0.000324 0.015013 0.000027
0 0.008492 0.000939 0.014266 0.000032
0 0.008460 0.000711 0.014331 0.000049
0 0.001912 0.002111 0.000641 0.000024
0 0.001734 0.000695 0.000997 0.000041
0 0.001666 0.002044 0.001132 0.000016
0 0.001626 0.001807 0.001212 0.000024
0 0.001617 0.001596 0.001230 0.000024
0 0.001612 0.001657 0.001240 0.000025
0 0.001633 0.001760 0.001199 0.000021
0 0.001979 0.001891 0.000506 0.000016
0 0.001879 0.001829 0.000705 0.000021
0 0.001863 0.001679 0.000739 0.000019
0 0.001858 0.001632 0.000749 0.000020
0 0.001845 0.001518 0.000775 0.000021
0 0.001600 0.001468 0.001263 0.000016
0 0.001581 0.001429 0.001302 0.000022
0 0.001785 0.000868 0.000894 0.000021
0 0.001741 0.000650 0.000982 0.000023
0 0.008448 0.000613 0.014354 0.000048
0 0.001495 0.000559 0.001475 0.000024
0 0.001724 0.000585 0.001015 0.000018
0 0.001723 0.000546 0.001018 0.000025
0 0.001470 0.000442 0.001524 0.000026
0 0.001426 0.000349 0.001612 0.000022
0 0.001703 0.000321 0.001059 0.000021
0 0.001688 0.000270 0.001088 0.000048
0 0.001665 0.000095 0.001134 0.000024
0 0.001434 0.000221 0.001597 0.000021
0 0.008361 0.000072 0.014527 0.000027
0 0.008414 0.000295 0.014421 0.000036
0 0.008403 0.000391 0.014444 0.000101
0 0.008427 0.000512 0.014395 0.000047
0 0.008084 0.000201 0.015082 0.000022