0 0.008566 0.002128 0.014118 0.000031
0 0.007963 0.000987 0.015325 0.000038
0 0.008013 0.000260 0.015224 0.000045
0 0.007854 0.000415 0.015541 0.000063
0 0.007815 0.000502 0.015620 0.000068
0 0.007932 0.000663 0.015387 0.000036
0 0.007896 0.000764 0.015459 0.000043
0 0.007939 0.000834 0.015373 0.000043
0 0.007931 0.000924 0.015388 0.000021
0 0.007935 0.001051 0.015380 0.000033
0 0.008004 0.002068 0.015241 0.000079
0 0.007899 0.001234 0.015451 0.000077
0 0.008207 0.001362 0.014837 0.000036
0 0.007858 0.001530 0.015535 0.000082
0 0.008349 0.001740 0.014552 0.000052
0 0.008018 0.001841 0.015214 0.000074
0 0.008412 0.001883 0.014426 0.000023
0 0.008384 0.001956 0.014483 0.000025
0 0.007900 0.000148 0.015450 0.000063