0 0.008247 0.002186 0.014755 0.000015
0 0.008379 0.000623 0.014492 0.000011
0 0.008143 0.001028 0.014963 0.000017
0 0.008125 0.000963 0.014999 0.000020
0 0.008143 0.000929 0.014963 0.000011
0 0.008193 0.000897 0.014863 0.000011
0 0.008209 0.000856 0.014833 0.000013
0 0.008299 0.000760 0.014653 0.000008
0 0.008311 0.000718 0.014628 0.000010
0 0.008409 0.000589 0.014431 0.000011
0 0.008145 0.001094 0.014960 0.000008
0 0.008415 0.000559 0.014420 0.000012
0 0.008321 0.000526 0.014609 0.000007
0 0.008214 0.000485 0.014822 0.000013
0 0.008074 0.000421 0.015102 0.000016
0 0.008281 0.000332 0.014689 0.000013
0 0.008199 0.000220 0.014852 0.000012
0 0.008179 0.000145 0.014891 0.000013
0 0.008150 0.001067 0.014949 0.000007
0 0.008142 0.001144 0.014966 0.000019
0 0.008276 0.002148 0.014697 0.000010
0 0.008236 0.001652 0.014778 0.000009
0 0.008229 0.002093 0.014791 0.000013
0 0.008391 0.002033 0.014467 0.000011
0 0.008497 0.001990 0.014257 0.000013
0 0.008242 0.001851 0.014766 0.000011
0 0.008171 0.001772 0.014908 0.000017
0 0.008181 0.001727 0.014888 0.000019
0 0.008203 0.001691 0.014844 0.000005
0 0.008287 0.001612 0.014675 0.000011
0 0.008174 0.001187 0.014902 0.000014
0 0.008265 0.001557 0.014719 0.000021
0 0.008274 0.001533 0.014703 0.000012
0 0.008275 0.001463 0.014700 0.000011
0 0.008258 0.001354 0.014733 0.000023
0 0.008229 0.001300 0.014791 0.000010
0 0.008184 0.001272 0.014883 0.000015
0 0.008156 0.001225 0.014938 0.000019
0 0.008346 0.000072 0.014559 0.000020