0 0.008407 0.001933 0.014436 0.000031
0 0.008466 0.000936 0.014319 0.000011
0 0.008007 0.000126 0.015235 0.000016
0 0.008007 0.000174 0.015235 0.000017
0 0.008013 0.000250 0.015224 0.000016
0 0.008053 0.000312 0.015143 0.000039
0 0.008077 0.000362 0.015095 0.000023
0 0.008068 0.000476 0.015114 0.000075
0 0.008147 0.000549 0.014956 0.000072
0 0.008222 0.000719 0.014807 0.000079
0 0.008237 0.000762 0.014777 0.000052
0 0.008183 0.000893 0.014884 0.000014
0 0.008401 0.000943 0.014448 0.000019
0 0.008593 0.001918 0.014065 0.000007
0 0.008170 0.000946 0.014909 0.000013
0 0.008237 0.000980 0.014777 0.000022
0 0.008295 0.001030 0.014659 0.000029
0 0.008246 0.001200 0.014758 0.000048
0 0.008374 0.001346 0.014502 0.000050
0 0.008363 0.001511 0.014524 0.000043
0 0.008420 0.001799 0.014409 0.000041
0 0.008666 0.001907 0.013919 0.000028
0 0.008424 0.002167 0.014401 0.000013
0 0.008407 0.002111 0.014435 0.000014
0 0.007998 0.000075 0.015253 0.000014