0 0.008014 0.002186 0.015221 0.000031
0 0.008388 0.001077 0.014475 0.000038
0 0.008799 0.000038 0.013652 0.000021
0 0.008574 0.000224 0.014102 0.000045
0 0.008495 0.000294 0.014260 0.000055
0 0.008451 0.000356 0.014348 0.000065
0 0.008447 0.000426 0.014356 0.000068
0 0.008443 0.000509 0.014364 0.000049
0 0.008357 0.000582 0.014535 0.000062
0 0.008416 0.000646 0.014418 0.000039
0 0.008435 0.000730 0.014379 0.000045
0 0.008417 0.000787 0.014416 0.000048
0 0.008464 0.000858 0.014323 0.000034
0 0.008462 0.000931 0.014327 0.000043
0 0.008331 0.001123 0.014588 0.000054
0 0.007930 0.002120 0.015389 0.000056
0 0.008353 0.001193 0.014545 0.000048
0 0.008312 0.001297 0.014627 0.000050
0 0.008275 0.001364 0.014699 0.000056
0 0.008265 0.001428 0.014720 0.000047
0 0.008242 0.001545 0.014765 0.000047
0 0.008151 0.001690 0.014949 0.000049
0 0.008143 0.001757 0.014964 0.000043
0 0.008065 0.001819 0.015120 0.000047
0 0.008029 0.001887 0.015192 0.000049
0 0.008000 0.001942 0.015251 0.000047
0 0.007964 0.001996 0.015323 0.000045
0 0.007961 0.002055 0.015329 0.000050
0 0.008581 0.000152 0.014089 0.000040