0 0.011599 0.001496 0.021445 0.000014
0 0.011855 0.001693 0.020934 0.000014
0 0.008033 0.001884 0.015184 0.000058
0 0.016094 0.001805 0.030313 0.000042
0 0.007944 0.001681 0.015362 0.000052
0 0.008022 0.001566 0.015207 0.000056
0 0.008021 0.001390 0.015208 0.000057
0 0.008074 0.001298 0.015103 0.000070
0 0.008189 0.001168 0.014872 0.000050
0 0.008189 0.001077 0.014872 0.000068
0 0.008221 0.000988 0.014807 0.000071
0 0.008249 0.000898 0.014751 0.000062
0 0.008219 0.000773 0.014812 0.000072
0 0.008228 0.000655 0.014795 0.000039
0 0.008483 0.000578 0.014284 0.000021
0 0.008383 0.000528 0.014483 0.000097
0 0.008451 0.000445 0.014347 0.000075
0 0.008627 0.000363 0.013995 0.000019
0 0.008567 0.000349 0.014116 0.000032
0 0.008472 0.000360 0.014307 0.000068
0 0.008532 0.000261 0.014186 0.000076
0 0.007968 0.001977 0.015314 0.000050
0 0.007998 0.002094 0.015255 0.000049
0 0.012112 0.001336 0.020419 0.000028
0 0.001527 0.001008 0.001411 0.000018
0 0.011807 0.001699 0.021030 0.000029
0 0.011764 0.001678 0.021115 0.000016
0 0.012137 0.000255 0.020368 0.000013
0 0.012108 0.000577 0.020427 0.000019
0 0.012112 0.000594 0.020419 0.000016
0 0.012108 0.000612 0.020427 0.000014
0 0.001518 0.000782 0.001428 0.000024
0 0.001554 0.000913 0.001355 0.000022
0 0.001331 0.001532 0.001803 0.000020
0 0.012093 0.002014 0.020456 0.000028
0 0.011844 0.001248 0.020955 0.000024
0 0.011803 0.001284 0.021037 0.000020
0 0.011792 0.001560 0.021059 0.000029
0 0.011737 0.001552 0.021169 0.000025
0 0.011898 0.002199 0.020847 0.000023
0 0.011923 0.002079 0.020797 0.000025
0 0.011803 0.001941 0.021037 0.000014
0 0.011800 0.001923 0.021042 0.000014
0 0.008413 0.000332 0.014425 0.000104