0 0.007829 0.002184 0.015593 0.000038
0 0.008090 0.002021 0.015070 0.000040
0 0.008112 0.001955 0.015026 0.000034
0 0.008120 0.001905 0.015010 0.000025
0 0.008187 0.001772 0.014877 0.000027
0 0.008215 0.001670 0.014821 0.000023
0 0.008229 0.001603 0.014792 0.000019
0 0.008142 0.001531 0.014965 0.000021
0 0.008191 0.001252 0.014869 0.000034
0 0.008172 0.000862 0.014905 0.000018
0 0.008187 0.000718 0.014877 0.000026
0 0.008211 0.000621 0.014829 0.000024
0 0.015770 0.000616 0.030960 0.000016
0 0.008221 0.000542 0.014809 0.000029
0 0.008333 0.000167 0.014583 0.000035