0 0.015626 0.001794 0.031249 0.000037
0 0.007852 0.002159 0.015546 0.000095
0 0.007995 0.002023 0.015260 0.000150
0 0.008053 0.002032 0.015144 0.000274
0 0.008169 0.001907 0.014912 0.000283
0 0.008316 0.001736 0.014618 0.000238
0 0.008374 0.001632 0.014501 0.000221
0 0.008422 0.001565 0.014406 0.000167
0 0.008467 0.001446 0.014315 0.000201
0 0.008502 0.001353 0.014245 0.000244
0 0.008549 0.001255 0.014152 0.000172
0 0.008576 0.001093 0.014099 0.000184
0 0.008619 0.000713 0.014012 0.000109
0 0.008690 0.000575 0.013870 0.000131
0 0.008725 0.000437 0.013800 0.000144
0 0.008766 0.000073 0.013717 0.000139