0 0.011490 0.000305 0.021663 0.000013
0 0.011503 0.000313 0.021637 0.000011
0 0.011514 0.000300 0.021614 0.000010
0 0.008166 0.001327 0.014918 0.000085
0 0.008436 0.000817 0.014378 0.000148
0 0.008382 0.000917 0.014485 0.000150
0 0.008346 0.000989 0.014557 0.000122
0 0.008292 0.001264 0.014666 0.000209
0 0.008226 0.001329 0.014798 0.000245
0 0.008100 0.001621 0.015050 0.000227
0 0.008054 0.001696 0.015143 0.000220
0 0.007996 0.001777 0.015258 0.000230
0 0.008425 0.000666 0.014399 0.000081
0 0.008427 0.000564 0.014397 0.000105
0 0.008480 0.000364 0.014289 0.000123
0 0.008506 0.000266 0.014238 0.000099