0 0.007950 0.001825 0.015351 0.000077
0 0.007925 0.001950 0.015400 0.000105
0 0.008530 0.000164 0.014190 0.000164
0 0.008513 0.000187 0.014225 0.000069
0 0.008489 0.000279 0.014272 0.000099
0 0.016265 0.000080 0.029969 0.000038
0 0.008467 0.000527 0.014316 0.000038
0 0.008437 0.000622 0.014376 0.000026
0 0.008395 0.000806 0.014461 0.000115
0 0.008391 0.000846 0.014469 0.000094
0 0.008374 0.000898 0.014502 0.000073
0 0.008361 0.000998 0.014529 0.000145
0 0.008334 0.001148 0.014582 0.000199
0 0.008312 0.001208 0.014626 0.000167
0 0.008282 0.001203 0.014686 0.000041
0 0.008220 0.001279 0.014809 0.000048
0 0.008224 0.001483 0.014803 0.000212
0 0.008146 0.001428 0.014957 0.000071
0 0.008147 0.001495 0.014956 0.000066
0 0.008129 0.001648 0.014992 0.000199
0 0.008082 0.001835 0.015086 0.000313
0 0.007838 0.002136 0.015573 0.000057
0 0.007876 0.002019 0.015499 0.000089
0 0.008755 0.000036 0.013741 0.000057