0 0.001972 0.000217 0.000521 0.000116
0 0.001883 0.001764 0.000698 0.000133
0 0.001575 0.001309 0.001315 0.000128
0 0.001508 0.001225 0.001448 0.000106
0 0.001220 0.001274 0.002025 0.000101
0 0.008627 0.001565 0.013995 0.000799
0 0.008569 0.001418 0.014112 0.000812
0 0.008481 0.001387 0.014288 0.000621
0 0.008348 0.001223 0.014554 0.000582
0 0.008284 0.001097 0.014682 0.000605
0 0.008218 0.001028 0.014814 0.000536
0 0.008147 0.000956 0.014956 0.000453
0 0.008081 0.000928 0.015087 0.000418
0 0.007950 0.000911 0.015350 0.001006
0 0.007901 0.000797 0.015447 0.001118