0 0.005396 0.002008 0.007066 0.000058
0 0.008479 0.001166 0.014291 0.000035
0 0.008724 0.000322 0.013801 0.000035
0 0.008693 0.000451 0.013863 0.000070
0 0.008710 0.000578 0.013830 0.000029
0 0.008689 0.000663 0.013871 0.000053
0 0.008662 0.000752 0.013926 0.000044
0 0.008674 0.000836 0.013902 0.000045
0 0.008638 0.000921 0.013974 0.000032
0 0.008575 0.001027 0.014101 0.000046
0 0.008522 0.001087 0.014206 0.000045
0 0.008377 0.001374 0.014495 0.000025
0 0.005406 0.001955 0.007044 0.000057
0 0.008311 0.001419 0.014628 0.000066
0 0.008237 0.001510 0.014775 0.000045
0 0.008262 0.001564 0.014727 0.000043
0 0.008191 0.001639 0.014869 0.000058
0 0.008220 0.001748 0.014810 0.000047
0 0.008238 0.001803 0.014773 0.000045
0 0.008140 0.001881 0.014970 0.000071
0 0.008118 0.001955 0.015014 0.000051
0 0.008096 0.002017 0.015057 0.000028
0 0.008718 0.000257 0.013815 0.000044