0 0.015748 0.001432 0.031004 0.000050
0 0.015716 0.001561 0.031067 0.000051
0 0.008701 0.000292 0.013848 0.000064
0 0.008642 0.000437 0.013967 0.000084
0 0.008594 0.000645 0.014063 0.000053
0 0.008576 0.000695 0.014098 0.000070
0 0.008556 0.000759 0.014138 0.000073
0 0.008539 0.000820 0.014172 0.000068
0 0.008510 0.000879 0.014231 0.000040
0 0.008492 0.000926 0.014266 0.000044
0 0.008466 0.000990 0.014317 0.000050
0 0.008438 0.001061 0.014375 0.000055
0 0.008405 0.001128 0.014441 0.000057
0 0.008322 0.001305 0.014607 0.000130
0 0.008271 0.001408 0.014707 0.000080
0 0.008251 0.001484 0.014747 0.000115
0 0.016006 0.001382 0.030489 0.000036
0 0.008190 0.001560 0.014870 0.000122
0 0.008113 0.001660 0.015024 0.000123
0 0.008063 0.001807 0.015123 0.000127
0 0.007990 0.001905 0.015270 0.000163
0 0.007939 0.002043 0.015372 0.000237
0 0.015655 0.001676 0.031189 0.000056
0 0.008723 0.000206 0.013803 0.000066