0 0.008642 0.001736 0.013967 0.000010
0 0.007836 0.000926 0.015578 0.000018
0 0.007987 0.001104 0.015276 0.000011
0 0.008022 0.001065 0.015205 0.000010
0 0.007997 0.001044 0.015256 0.000012
0 0.007910 0.001008 0.015430 0.000013
0 0.007895 0.000963 0.015461 0.000015
0 0.007875 0.000944 0.015501 0.000011
0 0.007829 0.000906 0.015591 0.000010
0 0.008024 0.001144 0.015202 0.000016
0 0.007814 0.000843 0.015622 0.000008
0 0.007814 0.000860 0.015622 0.000008
0 0.015773 0.000756 0.030955 0.000011
0 0.007812 0.000243 0.015625 0.000011
0 0.007833 0.000216 0.015585 0.000015
0 0.007871 0.000104 0.015508 0.000013
0 0.008002 0.001124 0.015246 0.000015
0 0.008069 0.001203 0.015111 0.000012
0 0.008628 0.001755 0.013994 0.000013
0 0.008930 0.001705 0.017854 0.000065
0 0.008655 0.001776 0.013940 0.000008
0 0.008757 0.001813 0.013735 0.000008
0 0.008739 0.001847 0.013772 0.000010
0 0.008781 0.001879 0.013688 0.000010
0 0.008818 0.001916 0.013614 0.000011
0 0.008821 0.001958 0.013608 0.000009
0 0.008536 0.001639 0.014178 0.000010
0 0.008180 0.001221 0.014890 0.000008
0 0.008447 0.001538 0.014356 0.000010
0 0.008410 0.001521 0.014430 0.000010
0 0.008341 0.001446 0.014568 0.000011
0 0.008303 0.001411 0.014645 0.000011
0 0.008259 0.001362 0.014732 0.000010
0 0.008130 0.001243 0.014991 0.000012
0 0.007888 0.000081 0.015474 0.000013