0 0.007854 0.002209 0.015543 0.000014
0 0.008071 0.001014 0.015108 0.000013
0 0.008082 0.000890 0.015086 0.000006
0 0.008118 0.000847 0.015015 0.000007
0 0.008272 0.000838 0.014707 0.000014
0 0.008426 0.000828 0.014399 0.000011
0 0.007900 0.000805 0.015449 0.000021
0 0.007922 0.000754 0.015405 0.000031
0 0.007994 0.000689 0.015262 0.000025
0 0.007889 0.000647 0.015471 0.000022
0 0.007903 0.000624 0.015444 0.000027
0 0.007933 0.000585 0.015383 0.000018
0 0.008186 0.000502 0.014877 0.000013
0 0.007900 0.000451 0.015449 0.000039
0 0.007892 0.000395 0.015466 0.000024
0 0.007911 0.000315 0.015427 0.000020
0 0.007944 0.000284 0.015361 0.000014
0 0.008030 0.000244 0.015191 0.000018
0 0.008038 0.000203 0.015174 0.000011
0 0.008046 0.000175 0.015158 0.000009
0 0.007969 0.000134 0.015312 0.000032
0 0.008085 0.000995 0.015081 0.000011
0 0.008104 0.001039 0.015042 0.000008
0 0.007884 0.002111 0.015482 0.000035
0 0.008109 0.001059 0.015031 0.000015
0 0.007955 0.002066 0.015339 0.000012
0 0.008530 0.001989 0.014190 0.000011
0 0.008398 0.001956 0.014454 0.000020
0 0.008354 0.001760 0.014542 0.000015
0 0.008365 0.001737 0.014520 0.000009
0 0.008324 0.001716 0.014602 0.000017
0 0.008310 0.001689 0.014630 0.000020
0 0.008318 0.001669 0.014613 0.000011
0 0.008349 0.001631 0.014553 0.000016
0 0.008390 0.001602 0.014470 0.000013
0 0.008508 0.001562 0.014234 0.000008
0 0.008571 0.001548 0.014108 0.000012
0 0.008566 0.001498 0.014119 0.000015
0 0.008574 0.001470 0.014102 0.000010
0 0.008431 0.001377 0.014388 0.000016
0 0.008420 0.001351 0.014410 0.000013
0 0.008401 0.001330 0.014448 0.000015
0 0.008423 0.001274 0.014404 0.000019
0 0.008065 0.001100 0.015119 0.000016
0 0.007851 0.000067 0.015548 0.000016