0 0.008586 0.000211 0.014079 0.000027
0 0.008225 0.001274 0.014801 0.000020
0 0.008377 0.001523 0.014496 0.000049
0 0.008380 0.001572 0.014490 0.000031
0 0.008371 0.001633 0.014508 0.000027
0 0.008374 0.001693 0.014502 0.000030
0 0.008375 0.001756 0.014500 0.000030
0 0.008385 0.001815 0.014480 0.000025
0 0.008227 0.001833 0.014797 0.000029
0 0.008235 0.001701 0.014781 0.000028
0 0.008214 0.001632 0.014823 0.000024
0 0.008231 0.001514 0.014789 0.000021
0 0.008206 0.001450 0.014839 0.000025
0 0.008221 0.001409 0.014809 0.000025
0 0.008228 0.001335 0.014795 0.000029
0 0.008221 0.001204 0.014809 0.000036
0 0.008597 0.000332 0.014057 0.000021
0 0.008189 0.001151 0.014873 0.000037
0 0.008189 0.001026 0.014873 0.000031
0 0.008188 0.000966 0.014875 0.000024
0 0.008186 0.000915 0.014879 0.000030
0 0.008183 0.000851 0.014885 0.000026
0 0.008175 0.000794 0.014899 0.000047
0 0.008164 0.000721 0.014921 0.000031
0 0.008139 0.000669 0.014971 0.000035
0 0.008116 0.000606 0.015017 0.000028
0 0.008091 0.000535 0.015067 0.000045
0 0.008081 0.000485 0.015088 0.000027
0 0.008065 0.000398 0.015120 0.000014
0 0.008061 0.000362 0.015128 0.000030
0 0.008378 0.001450 0.014494 0.000025
0 0.008360 0.001403 0.014530 0.000060
0 0.008344 0.001286 0.014562 0.000046
0 0.008633 0.001381 0.013984 0.000028
0 0.008617 0.000507 0.014017 0.000022
0 0.008616 0.000689 0.014019 0.000025
0 0.008605 0.000749 0.014041 0.000029
0 0.008620 0.000812 0.014011 0.000032
0 0.008628 0.000870 0.013995 0.000034
0 0.008570 0.000992 0.014111 0.000028
0 0.008346 0.000826 0.014558 0.000028
0 0.008340 0.000886 0.014570 0.000021
0 0.008347 0.000770 0.014556 0.000032
0 0.008345 0.000570 0.014560 0.000037
0 0.008345 0.000650 0.014560 0.000033
0 0.008350 0.000692 0.014550 0.000033
0 0.008338 0.000516 0.014574 0.000039
0 0.008354 0.000449 0.014542 0.000031
0 0.008351 0.000337 0.014548 0.000028
0 0.008352 0.000272 0.014546 0.000021
0 0.008345 0.000220 0.014560 0.000021
0 0.008336 0.000180 0.014578 0.000043
0 0.008613 0.002077 0.014025 0.000035
0 0.008644 0.001999 0.013962 0.000035
0 0.008642 0.001913 0.013966 0.000027
0 0.008647 0.001814 0.013956 0.000032
0 0.008660 0.001742 0.013930 0.000034
0 0.008631 0.001684 0.013988 0.000037
0 0.008627 0.001624 0.013997 0.000033
0 0.008633 0.001565 0.013984 0.000030
0 0.008631 0.001443 0.013988 0.000035
0 0.008053 0.000269 0.015144 0.000048