0 0.008604 0.001451 0.014042 0.000029
0 0.008082 0.000718 0.015087 0.000043
0 0.007840 0.001312 0.015571 0.000039
0 0.007828 0.001249 0.015594 0.000027
0 0.007833 0.001192 0.015585 0.000020
0 0.007843 0.001158 0.015565 0.000019
0 0.007828 0.001099 0.015594 0.000031
0 0.007924 0.001027 0.015402 0.000024
0 0.008139 0.000542 0.014973 0.000026
0 0.007838 0.001496 0.015573 0.000021
0 0.008153 0.000479 0.014944 0.000041
0 0.008272 0.000415 0.014706 0.000037
0 0.008162 0.000362 0.014927 0.000021
0 0.008163 0.000299 0.014924 0.000039
0 0.008187 0.000261 0.014875 0.000015
0 0.008282 0.000209 0.014686 0.000048
0 0.007843 0.001442 0.015565 0.000037
0 0.007885 0.001591 0.015479 0.000030
0 0.008602 0.001488 0.014045 0.000020
0 0.007875 0.002128 0.015499 0.000029
0 0.008592 0.001572 0.014065 0.000024
0 0.008559 0.001701 0.014131 0.000033
0 0.008559 0.001744 0.014131 0.000018
0 0.008559 0.001786 0.014131 0.000026
0 0.008598 0.001820 0.014054 0.000018
0 0.008539 0.001903 0.014171 0.000022
0 0.007903 0.002070 0.015445 0.000030
0 0.007904 0.001646 0.015442 0.000034
0 0.007934 0.001996 0.015382 0.000014
0 0.007926 0.001967 0.015399 0.000014
0 0.007936 0.001913 0.015379 0.000022
0 0.007990 0.001858 0.015270 0.000023
0 0.007977 0.001821 0.015296 0.000015
0 0.007934 0.001782 0.015382 0.000014
0 0.008247 0.000025 0.014755 0.000046