0 0.007879 0.002121 0.015491 0.000055
0 0.007907 0.002066 0.015437 0.000057
0 0.008421 0.000631 0.014409 0.000060
0 0.008370 0.000879 0.014510 0.000065
0 0.015970 0.000889 0.030560 0.000062
0 0.008328 0.000940 0.014595 0.000043
0 0.008332 0.001012 0.014587 0.000029
0 0.008300 0.001083 0.014650 0.000035
0 0.008300 0.001171 0.014650 0.000047
0 0.008290 0.001215 0.014670 0.000037
0 0.008198 0.001326 0.014854 0.000041
0 0.008173 0.001407 0.014905 0.000040
0 0.008144 0.001569 0.014961 0.000022
0 0.008080 0.001666 0.015091 0.000062
0 0.008066 0.001790 0.015117 0.000045
0 0.008057 0.001853 0.015135 0.000045
0 0.007949 0.001970 0.015352 0.000028
0 0.008515 0.000333 0.014221 0.000055