0 0.016091 0.002092 0.030318 0.000097
0 0.008376 0.001336 0.014497 0.000042
0 0.008426 0.001235 0.014398 0.000042
0 0.008446 0.001189 0.014359 0.000048
0 0.008503 0.001047 0.014244 0.000051
0 0.008522 0.000993 0.014205 0.000056
0 0.008570 0.000886 0.014110 0.000052
0 0.008590 0.000833 0.014069 0.000062
0 0.008637 0.000737 0.013976 0.000062
0 0.008661 0.000692 0.013929 0.000058
0 0.008708 0.000586 0.013834 0.000052
0 0.008728 0.000536 0.013795 0.000044
0 0.008756 0.000482 0.013739 0.000046
0 0.008779 0.000442 0.013692 0.000046
0 0.008808 0.000405 0.013634 0.000039
0 0.008848 0.000352 0.013555 0.000058
0 0.008882 0.000316 0.013485 0.000051
0 0.008400 0.001288 0.014449 0.000043
0 0.008351 0.001379 0.014548 0.000048
0 0.016279 0.001832 0.029943 0.000065
0 0.008328 0.001442 0.014595 0.000046
0 0.016705 0.001524 0.029089 0.000080
0 0.016473 0.001250 0.029555 0.000079
0 0.008272 0.001545 0.014706 0.000043
0 0.008225 0.001652 0.014800 0.000043
0 0.008202 0.001694 0.014845 0.000043
0 0.008154 0.001781 0.014942 0.000039
0 0.008127 0.001834 0.014997 0.000041
0 0.008093 0.001894 0.015063 0.000042
0 0.008071 0.001937 0.015108 0.000041
0 0.008048 0.001985 0.015155 0.000038
0 0.008022 0.002027 0.015205 0.000044
0 0.007995 0.002074 0.015260 0.000042
0 0.007970 0.002119 0.015310 0.000039
0 0.007942 0.002182 0.015366 0.000039
0 0.008288 0.001494 0.014673 0.000057
0 0.008913 0.000272 0.013425 0.000048