0 0.007904 0.001567 0.015441 0.000043
0 0.008819 0.000529 0.013612 0.000047
0 0.008750 0.000959 0.013749 0.000042
0 0.008698 0.001016 0.013854 0.000033
0 0.008698 0.000947 0.013854 0.000036
0 0.008650 0.001005 0.013950 0.000038
0 0.008667 0.000935 0.013917 0.000036
0 0.008605 0.000992 0.014041 0.000035
0 0.008624 0.000923 0.014002 0.000038
0 0.008559 0.000977 0.014133 0.000042
0 0.008568 0.000906 0.014113 0.000041
0 0.008512 0.000966 0.014226 0.000035
0 0.008525 0.000892 0.014200 0.000036
0 0.008418 0.000944 0.014413 0.000034
0 0.008432 0.000863 0.014386 0.000040
0 0.008372 0.000932 0.014507 0.000036
0 0.008385 0.000849 0.014479 0.000038
0 0.008326 0.000917 0.014598 0.000045
0 0.008340 0.000843 0.014571 0.000040
0 0.008286 0.000904 0.014679 0.000043
0 0.008294 0.000830 0.014663 0.000045
0 0.008236 0.000890 0.014777 0.000045
0 0.008247 0.000820 0.014756 0.000047
0 0.008191 0.000878 0.014868 0.000040
0 0.008198 0.000813 0.014853 0.000044
0 0.008152 0.000806 0.014946 0.000032
0 0.008100 0.000855 0.015050 0.000042
0 0.008741 0.001026 0.013768 0.000042
0 0.008811 0.000608 0.013628 0.000040
0 0.007916 0.001658 0.015419 0.000045
0 0.008779 0.000517 0.013693 0.000046
0 0.008116 0.000412 0.015017 0.000034
0 0.008141 0.000333 0.014967 0.000047
0 0.008217 0.000437 0.014816 0.000048
0 0.008223 0.000362 0.014805 0.000056
0 0.008263 0.000434 0.014724 0.000032
0 0.008269 0.000372 0.014711 0.000056
0 0.008302 0.000462 0.014645 0.000051
0 0.008315 0.000390 0.014619 0.000053
0 0.008358 0.000404 0.014534 0.000053
0 0.008398 0.000492 0.014455 0.000039
0 0.008407 0.000417 0.014436 0.000054
0 0.008439 0.000426 0.014371 0.000053
0 0.008441 0.000502 0.014368 0.000049
0 0.008499 0.000443 0.014252 0.000053
0 0.008489 0.000515 0.014273 0.000042
0 0.008546 0.000454 0.014158 0.000054
0 0.008534 0.000532 0.014183 0.000036
0 0.008581 0.000537 0.014087 0.000047
0 0.008592 0.000463 0.014067 0.000049
0 0.008641 0.000468 0.013968 0.000042
0 0.008672 0.000573 0.013905 0.000038
0 0.008687 0.000480 0.013876 0.000043
0 0.008721 0.000577 0.013807 0.000053
0 0.008727 0.000500 0.013796 0.000051
0 0.008763 0.000591 0.013723 0.000047
0 0.008016 0.000659 0.015219 0.000030
0 0.007985 0.000889 0.015280 0.000028
0 0.007970 0.001175 0.015309 0.000043
0 0.008043 0.001190 0.015164 0.000047
0 0.008564 0.001834 0.014123 0.000040
0 0.008576 0.001754 0.014097 0.000039
0 0.008517 0.001816 0.014216 0.000034
0 0.008528 0.001740 0.014194 0.000052
0 0.008468 0.001801 0.014315 0.000040
0 0.008427 0.001791 0.014397 0.000036
0 0.008443 0.001720 0.014365 0.000046
0 0.008381 0.001776 0.014489 0.000042
0 0.008394 0.001704 0.014463 0.000042
0 0.008331 0.001766 0.014587 0.000036
0 0.008350 0.001693 0.014550 0.000044
0 0.008286 0.001755 0.014677 0.000040
0 0.008298 0.001680 0.014655 0.000045
0 0.008241 0.001746 0.014768 0.000043
0 0.008195 0.001734 0.014859 0.000041
0 0.008204 0.001654 0.014842 0.000034
0 0.008149 0.001719 0.014951 0.000039
0 0.008161 0.001639 0.014929 0.000040
0 0.008101 0.001709 0.015048 0.000044
0 0.008113 0.001631 0.015024 0.000034
0 0.008056 0.001699 0.015138 0.000042
0 0.008063 0.001613 0.015124 0.000044
0 0.008009 0.001686 0.015232 0.000044
0 0.007962 0.001680 0.015327 0.000042
0 0.007979 0.001592 0.015293 0.000041
0 0.008619 0.001771 0.014012 0.000049
0 0.008597 0.001842 0.014057 0.000035
0 0.008641 0.001833 0.013968 0.000026
0 0.008316 0.001262 0.014618 0.000045
0 0.008034 0.001260 0.015182 0.000028
0 0.008088 0.001199 0.015074 0.000046
0 0.008080 0.001271 0.015090 0.000032
0 0.008138 0.001211 0.014974 0.000041
0 0.008120 0.001285 0.015009 0.000036
0 0.008181 0.001225 0.014888 0.000041
0 0.008169 0.001297 0.014911 0.000040
0 0.008228 0.001243 0.014795 0.000043
0 0.008215 0.001311 0.014821 0.000034
0 0.008274 0.001253 0.014702 0.000042
0 0.008307 0.001336 0.014635 0.000041
0 0.008366 0.001274 0.014518 0.000034
0 0.008704 0.001397 0.013843 0.000018
0 0.008352 0.001353 0.014545 0.000041
0 0.008439 0.001377 0.014371 0.000038
0 0.008457 0.001299 0.014336 0.000043
0 0.008488 0.001389 0.014274 0.000038
0 0.008506 0.001308 0.014239 0.000036
0 0.008536 0.001401 0.014178 0.000050
0 0.008584 0.001412 0.014081 0.000044
0 0.008594 0.001334 0.014062 0.000032
0 0.008639 0.001345 0.013971 0.000042
0 0.008676 0.001443 0.013897 0.000049
0 0.008680 0.001366 0.013889 0.000053
0 0.008111 0.000331 0.015029 0.000055