0 0.016181 0.001991 0.030137 0.000058
0 0.008357 0.001873 0.014535 0.000139
0 0.008394 0.001744 0.014462 0.000099
0 0.008419 0.001691 0.014412 0.000118
0 0.016210 0.001909 0.030079 0.000043
0 0.016237 0.001844 0.030026 0.000057
0 0.016248 0.001807 0.030003 0.000053
0 0.008437 0.001623 0.014376 0.000112
0 0.008451 0.001539 0.014349 0.000127
0 0.008475 0.001439 0.014300 0.000124
0 0.008501 0.001267 0.014248 0.000119
0 0.008535 0.001181 0.014181 0.000108
0 0.008567 0.001109 0.014117 0.000139
0 0.008587 0.001053 0.014077 0.000141
0 0.008610 0.000954 0.014031 0.000122
0 0.008644 0.000848 0.013962 0.000142
0 0.008669 0.000753 0.013912 0.000143
0 0.008700 0.000667 0.013850 0.000145
0 0.008725 0.000581 0.013799 0.000146
0 0.008746 0.000498 0.013757 0.000145
0 0.008772 0.000357 0.013706 0.000082
0 0.008803 0.000311 0.013644 0.000142
0 0.008821 0.000241 0.013609 0.000158
0 0.008377 0.001790 0.014495 0.000100
0 0.008337 0.001919 0.014576 0.000139
0 0.016087 0.002138 0.030327 0.000045
0 0.008314 0.001952 0.014623 0.000150
0 0.007923 0.002004 0.015404 0.000234
0 0.007956 0.002067 0.015338 0.000211
0 0.007971 0.002104 0.015307 0.000218
0 0.007991 0.002129 0.015269 0.000196
0 0.008002 0.002131 0.015246 0.000185
0 0.008010 0.002136 0.015229 0.000178
0 0.008023 0.002102 0.015204 0.000103
0 0.008025 0.002192 0.015200 0.000081
0 0.008037 0.002138 0.015176 0.000150
0 0.008055 0.002147 0.015139 0.000149
0 0.008079 0.002158 0.015092 0.000143
0 0.008097 0.002147 0.015055 0.000159
0 0.008141 0.002157 0.014968 0.000134
0 0.008155 0.002146 0.014940 0.000136
0 0.008160 0.002069 0.014930 0.000038
0 0.008185 0.002107 0.014879 0.000136
0 0.008215 0.002075 0.014819 0.000145
0 0.008237 0.002059 0.014775 0.000143
0 0.008263 0.002017 0.014725 0.000139
0 0.008288 0.001995 0.014674 0.000134
0 0.008295 0.001927 0.014660 0.000031
0 0.008839 0.000195 0.013572 0.000139
0 0.008865 0.000118 0.013520 0.000130
0 0.008881 0.000066 0.013487 0.000130
0 0.008914 0.001164 0.013421 0.000047
0 0.016658 0.000322 0.029183 0.000069
0 0.016615 0.000474 0.029270 0.000045
0 0.016630 0.000873 0.029240 0.000049
0 0.016699 0.000634 0.029102 0.000051
0 0.016647 0.001575 0.029206 0.000038
0 0.016580 0.001357 0.029340 0.000045
0 0.016609 0.001695 0.029282 0.000036
0 0.016535 0.001869 0.029431 0.000049
0 0.016470 0.001669 0.029559 0.000049
0 0.016479 0.001353 0.029541 0.000053
0 0.016507 0.001253 0.029485 0.000046
0 0.016522 0.001236 0.029455 0.000045
0 0.016430 0.001542 0.029641 0.000038
0 0.016405 0.001650 0.029689 0.000036
0 0.016333 0.001494 0.029833 0.000041
0 0.016332 0.001834 0.029835 0.000043
0 0.016306 0.001880 0.029888 0.000036
0 0.016653 0.001763 0.029194 0.000042
0 0.016702 0.001920 0.029095 0.000059
0 0.016615 0.002059 0.029271 0.000036
0 0.016358 0.002117 0.029783 0.000041
0 0.008624 0.001698 0.014002 0.000036
0 0.008617 0.001706 0.014016 0.000036
0 0.008608 0.001691 0.014035 0.000036
0 0.008757 0.001289 0.013737 0.000035
0 0.008874 0.001015 0.013501 0.000078
0 0.008834 0.000902 0.013581 0.000061
0 0.008869 0.000792 0.013511 0.000046
0 0.008897 0.000700 0.013456 0.000054
0 0.008908 0.000770 0.013434 0.000062
0 0.008812 0.000987 0.013625 0.000039
0 0.008810 0.001098 0.013629 0.000055
0 0.008778 0.001209 0.013695 0.000043
0 0.008755 0.001176 0.013741 0.000054
0 0.008730 0.001263 0.013790 0.000062
0 0.008604 0.001669 0.014042 0.000016
0 0.008711 0.001348 0.013828 0.000045
0 0.008716 0.001421 0.013818 0.000050
0 0.008701 0.001484 0.013847 0.000043
0 0.008675 0.001473 0.013900 0.000053
0 0.008680 0.001546 0.013890 0.000042
0 0.008655 0.001611 0.013939 0.000038
0 0.008652 0.001542 0.013946 0.000045
0 0.008638 0.001663 0.013973 0.000034
0 0.008624 0.001613 0.014001 0.000043
0 0.007904 0.001963 0.015442 0.000232