0 0.012137 0.001786 0.020368 0.000051
0 0.005153 0.001798 0.007551 0.000242
0 0.004787 0.000746 0.008282 0.000244
0 0.004764 0.000942 0.008330 0.000242
0 0.005038 0.000693 0.007781 0.000248
0 0.005015 0.000893 0.007828 0.000242
0 0.004992 0.001093 0.007874 0.000246
0 0.005271 0.000804 0.007315 0.000244
0 0.005246 0.001004 0.007366 0.000244
0 0.005212 0.001303 0.007433 0.000248
0 0.005177 0.001603 0.007503 0.000246
0 0.011364 0.001238 0.021915 0.000076
0 0.011417 0.001294 0.021808 0.000078
0 0.011385 0.001256 0.021872 0.000076
0 0.011403 0.001268 0.021838 0.000076
0 0.011474 0.001323 0.021695 0.000070
0 0.011429 0.001572 0.021785 0.000045
0 0.011408 0.001709 0.021826 0.000053
0 0.011514 0.001368 0.021615 0.000082
0 0.011494 0.001348 0.021656 0.000080
0 0.011434 0.001522 0.021775 0.000049
0 0.011485 0.001537 0.021672 0.000049
0 0.004811 0.000544 0.008235 0.000248