0 0.011731 0.000240 0.021181 0.000053
0 0.011411 0.000419 0.021820 0.000050
0 0.011560 0.000422 0.021522 0.000050
0 0.011462 0.000276 0.021718 0.000038
0 0.015881 0.000955 0.030737 0.000306
0 0.004776 0.001374 0.008305 0.000148
0 0.004783 0.001592 0.008291 0.000151
0 0.005123 0.001726 0.007612 0.000146
0 0.005114 0.001510 0.007628 0.000154
0 0.005074 0.001297 0.007708 0.000149
0 0.005065 0.001082 0.007726 0.000151
0 0.005084 0.000865 0.007688 0.000151
0 0.005077 0.000649 0.007702 0.000152
0 0.005218 0.000420 0.007422 0.000149
0 0.005210 0.000206 0.007438 0.000154