0 0.008806 0.000376 0.013638 0.000049
0 0.008676 0.000362 0.013897 0.000079
0 0.008512 0.000311 0.014225 0.000076
0 0.008478 0.000380 0.014294 0.000047
0 0.008438 0.000534 0.014373 0.000032
0 0.008425 0.000608 0.014400 0.000034
0 0.008414 0.000654 0.014421 0.000033
0 0.008405 0.000706 0.014441 0.000029
0 0.008375 0.000812 0.014501 0.000030
0 0.008363 0.000856 0.014525 0.000031
0 0.008344 0.000906 0.014562 0.000040
0 0.008312 0.000970 0.014626 0.000048
0 0.008263 0.001098 0.014723 0.000041
0 0.008251 0.001150 0.014748 0.000032
0 0.008231 0.001218 0.014787 0.000024
0 0.008223 0.001256 0.014804 0.000028
0 0.008212 0.001298 0.014826 0.000029
0 0.008202 0.001329 0.014847 0.000039
0 0.008185 0.001359 0.014881 0.000050
0 0.008166 0.001384 0.014919 0.000052
0 0.008147 0.001412 0.014955 0.000052
0 0.008124 0.001442 0.015002 0.000053
0 0.008105 0.001467 0.015039 0.000056
0 0.008062 0.001530 0.015125 0.000051
0 0.008027 0.001559 0.015196 0.000053
0 0.007982 0.001616 0.015286 0.000053
0 0.007952 0.001654 0.015347 0.000053
0 0.007917 0.001704 0.015416 0.000052
0 0.007885 0.001769 0.015481 0.000044
0 0.007870 0.001842 0.015510 0.000041
0 0.007853 0.001930 0.015545 0.000056
0 0.008598 0.000499 0.014054 0.000033
0 0.008511 0.000969 0.014228 0.000033
0 0.008510 0.001044 0.014230 0.000027
0 0.008662 0.000689 0.013925 0.000043
0 0.008709 0.000159 0.013832 0.000058
0 0.008764 0.000140 0.013722 0.000053
0 0.008801 0.000123 0.013648 0.000063
0 0.008828 0.000092 0.013594 0.000073
0 0.008862 0.000058 0.013526 0.000069
0 0.008882 0.000036 0.013486 0.000071
0 0.008899 0.000514 0.013452 0.000065
0 0.008872 0.000518 0.013506 0.000065
0 0.014391 0.000739 0.024790 0.000027
0 0.008833 0.000540 0.013585 0.000053
0 0.008763 0.000588 0.013724 0.000055
0 0.008696 0.000639 0.013857 0.000048
0 0.008674 0.000667 0.013901 0.000049
0 0.008635 0.000731 0.013979 0.000032
0 0.008483 0.001039 0.014284 0.000006
0 0.008638 0.000807 0.013974 0.000029
0 0.008617 0.000918 0.014016 0.000025
0 0.008595 0.000971 0.014060 0.000012
0 0.008586 0.001049 0.014078 0.000032
0 0.008578 0.001090 0.014094 0.000038
0 0.008561 0.001142 0.014128 0.000043
0 0.008546 0.001160 0.014158 0.000047
0 0.008522 0.001185 0.014206 0.000043
0 0.008505 0.001196 0.014240 0.000051
0 0.008492 0.001191 0.014267 0.000045
0 0.008466 0.001170 0.014319 0.000024
0 0.008459 0.001144 0.014331 0.000029
0 0.008487 0.001108 0.014277 0.000027
0 0.007840 0.001992 0.015570 0.000062