0 0.008000 0.002146 0.015251 0.000041
0 0.008389 0.001142 0.014472 0.000045
0 0.008793 0.000177 0.013663 0.000051
0 0.008745 0.000272 0.013759 0.000074
0 0.008685 0.000393 0.013880 0.000049
0 0.008652 0.000458 0.013946 0.000055
0 0.008621 0.000553 0.014007 0.000053
0 0.008605 0.000616 0.014040 0.000027
0 0.008606 0.000732 0.014039 0.000031
0 0.008586 0.000811 0.014078 0.000042
0 0.008554 0.000873 0.014143 0.000039
0 0.008487 0.000926 0.014275 0.000053
0 0.008423 0.001053 0.014404 0.000057
0 0.008358 0.001193 0.014534 0.000049
0 0.008003 0.002104 0.015244 0.000032
0 0.008314 0.001283 0.014623 0.000066
0 0.008291 0.001361 0.014668 0.000047
0 0.008278 0.001427 0.014694 0.000057
0 0.008220 0.001510 0.014809 0.000082
0 0.008208 0.001589 0.014834 0.000055
0 0.008162 0.001666 0.014926 0.000071
0 0.008120 0.001739 0.015010 0.000071
0 0.008099 0.001820 0.015051 0.000062
0 0.008079 0.001883 0.015092 0.000068
0 0.008046 0.001959 0.015158 0.000077
0 0.008033 0.002042 0.015185 0.000067
0 0.008813 0.000051 0.013624 0.000082