0 0.001239 0.000435 0.001986 0.000082
0 0.001220 0.001355 0.002025 0.000036
0 0.001246 0.001421 0.001973 0.000050
0 0.001245 0.001394 0.001974 0.000028
0 0.001243 0.001361 0.001978 0.000041
0 0.001241 0.001333 0.001982 0.000048
0 0.001240 0.001302 0.001984 0.000043
0 0.001237 0.001271 0.001990 0.000041
0 0.001236 0.001238 0.001992 0.000043
0 0.001234 0.001209 0.001997 0.000036
0 0.001229 0.001145 0.002006 0.000039
0 0.001223 0.001448 0.002019 0.000044
0 0.001218 0.001384 0.002029 0.000041
0 0.001216 0.001325 0.002033 0.000043
0 0.001217 0.001493 0.002029 0.000067
0 0.001216 0.001294 0.002032 0.000037
0 0.001210 0.001263 0.002044 0.000046
0 0.001212 0.001232 0.002040 0.000039
0 0.001215 0.001201 0.002034 0.000030
0 0.001209 0.001168 0.002045 0.000039
0 0.001200 0.001140 0.002063 0.000050
0 0.001202 0.001968 0.002060 0.000071
0 0.016534 0.001928 0.029433 0.000053
0 0.016574 0.001865 0.029351 0.000051
0 0.016412 0.001977 0.029675 0.000083
0 0.016526 0.001547 0.029448 0.000043
0 0.001256 0.001459 0.001953 0.000034
0 0.001290 0.001216 0.001884 0.000078
0 0.016698 0.001546 0.029104 0.000066
0 0.001360 0.001208 0.001744 0.000034
0 0.001413 0.000966 0.001637 0.000046
0 0.001416 0.000934 0.001631 0.000032
0 0.001366 0.000980 0.001732 0.000025
0 0.001366 0.001009 0.001732 0.000039
0 0.001369 0.001039 0.001726 0.000032
0 0.001374 0.001124 0.001717 0.000043
0 0.001375 0.001151 0.001715 0.000053
0 0.001378 0.001187 0.001709 0.000044
0 0.001382 0.001217 0.001700 0.000034
0 0.001373 0.001255 0.001718 0.000064
0 0.001361 0.001237 0.001743 0.000041
0 0.001354 0.001149 0.001755 0.000043
0 0.001298 0.001180 0.001868 0.000066
0 0.001354 0.001118 0.001756 0.000037
0 0.001350 0.001088 0.001764 0.000037
0 0.001347 0.001029 0.001770 0.000041
0 0.001344 0.000970 0.001777 0.000043
0 0.001299 0.001015 0.001866 0.000044
0 0.001307 0.001153 0.001850 0.000048
0 0.001309 0.001184 0.001846 0.000039
0 0.001311 0.001214 0.001842 0.000051
0 0.001315 0.001279 0.001834 0.000051
0 0.001316 0.001323 0.001833 0.000046
0 0.001302 0.001250 0.001860 0.000060
0 0.016663 0.001754 0.029173 0.000046
0 0.016410 0.000182 0.029680 0.000076
0 0.001327 0.000270 0.001810 0.000043
0 0.008560 0.000535 0.014129 0.000408
0 0.008591 0.001041 0.014068 0.000087
0 0.008612 0.001005 0.014026 0.000110
0 0.008635 0.000996 0.013979 0.000092
0 0.008664 0.000948 0.013922 0.000092
0 0.008688 0.000939 0.013874 0.000117
0 0.008781 0.000887 0.013688 0.000069
0 0.008865 0.000355 0.013521 0.000107
0 0.008773 0.000455 0.013703 0.000176
0 0.008697 0.000542 0.013855 0.000126
0 0.008604 0.000686 0.014043 0.000034
0 0.008589 0.000518 0.014072 0.000414
0 0.008487 0.000716 0.014276 0.000281
0 0.008546 0.001091 0.014158 0.000105
0 0.008432 0.000772 0.014386 0.000273
0 0.008376 0.000827 0.014498 0.000272
0 0.008321 0.000869 0.014609 0.000293
0 0.008124 0.000772 0.015001 0.000257
0 0.008255 0.000894 0.014739 0.000321
0 0.008193 0.000972 0.014865 0.000304
0 0.008127 0.001080 0.014996 0.000376
0 0.008058 0.001085 0.015134 0.000369
0 0.008009 0.001120 0.015232 0.000410
0 0.007973 0.001185 0.015303 0.000378
0 0.007918 0.001279 0.015415 0.000426
0 0.008561 0.001083 0.014128 0.000199
0 0.008523 0.001132 0.014205 0.000115
0 0.016233 0.000297 0.030033 0.000083
0 0.008091 0.001757 0.015068 0.000137
0 0.007827 0.002141 0.015595 0.000179
0 0.007876 0.002051 0.015498 0.000156
0 0.007896 0.002047 0.015457 0.000158
0 0.007908 0.002009 0.015434 0.000197
0 0.007930 0.001943 0.015390 0.000131
0 0.007959 0.001903 0.015332 0.000162
0 0.007989 0.001888 0.015271 0.000156
0 0.008009 0.001865 0.015232 0.000154
0 0.008032 0.001846 0.015186 0.000190
0 0.008047 0.001814 0.015157 0.000186
0 0.008074 0.001785 0.015102 0.000142
0 0.008112 0.001730 0.015027 0.000085
0 0.008494 0.001176 0.014262 0.000211
0 0.008131 0.001637 0.014989 0.000078
0 0.008184 0.001620 0.014883 0.000167
0 0.008213 0.001583 0.014824 0.000179
0 0.008229 0.001534 0.014793 0.000170
0 0.008255 0.001422 0.014741 0.000096
0 0.008308 0.001395 0.014635 0.000183
0 0.008330 0.001320 0.014589 0.000069
0 0.008356 0.001344 0.014538 0.000103
0 0.008378 0.001340 0.014494 0.000165
0 0.008407 0.001262 0.014436 0.000190
0 0.008454 0.001187 0.014342 0.000115
0 0.001417 0.001033 0.001631 0.000055
0 0.001422 0.001136 0.001620 0.000053
0 0.001433 0.001231 0.001598 0.000039
0 0.001576 0.001375 0.001312 0.000080
0 0.001243 0.000387 0.001978 0.000075
0 0.001224 0.000392 0.002016 0.000108
0 0.001234 0.000363 0.001997 0.000091
0 0.001260 0.000867 0.001944 0.000066
0 0.001259 0.000808 0.001945 0.000064
0 0.001260 0.000761 0.001944 0.000048
0 0.001233 0.000685 0.001999 0.000099
0 0.015633 0.000851 0.031235 0.000055
0 0.001200 0.001995 0.002065 0.000073
0 0.001561 0.001477 0.001341 0.000044
0 0.001566 0.001401 0.001332 0.000057
0 0.001754 0.001184 0.000955 0.000071
0 0.001265 0.000441 0.001934 0.000055
0 0.001791 0.000823 0.000882 0.000030
0 0.001872 0.001033 0.000719 0.000055
0 0.001885 0.001031 0.000695 0.000066
0 0.002085 0.000865 0.000294 0.000060
0 0.002127 0.000875 0.000210 0.000087
0 0.002136 0.000865 0.000193 0.000082
0 0.002143 0.000858 0.000177 0.000078
0 0.002152 0.000842 0.000161 0.000078
0 0.002176 0.000813 0.000113 0.000064
0 0.002143 0.000444 0.000178 0.000071
0 0.002132 0.000446 0.000200 0.000082
0 0.001268 0.000456 0.001929 0.000064
0 0.001269 0.000545 0.001927 0.000036
0 0.001464 0.001204 0.001536 0.000032
0 0.001454 0.000344 0.001557 0.000016
0 0.001323 0.000220 0.001818 0.000050
0 0.001335 0.000199 0.001794 0.000039
0 0.001377 0.000085 0.001711 0.000043
0 0.001348 0.000087 0.001768 0.000053
0 0.001351 0.000156 0.001763 0.000043
0 0.001359 0.000143 0.001747 0.000048
0 0.001385 0.000253 0.001695 0.000066
0 0.001390 0.000244 0.001684 0.000055
0 0.001459 0.000253 0.001546 0.000020
0 0.001452 0.000376 0.001559 0.000020
0 0.001451 0.000360 0.001562 0.000016
0 0.001454 0.000326 0.001556 0.000023
0 0.001281 0.000083 0.001903 0.000050
0 0.001459 0.000297 0.001547 0.000023
0 0.001458 0.000234 0.001547 0.000018
0 0.001464 0.000089 0.001536 0.000025
0 0.001464 0.000051 0.001536 0.000020
0 0.001463 0.000034 0.001537 0.000021
0 0.001463 0.000017 0.001537 0.000023
0 0.001473 0.000287 0.001519 0.000051
0 0.001472 0.000362 0.001521 0.000057
0 0.001367 0.000083 0.001731 0.000066
0 0.001368 0.000177 0.001728 0.000059
0 0.001332 0.000221 0.001801 0.000069
0 0.002115 0.000468 0.000235 0.000048
0 0.002111 0.000481 0.000243 0.000092
0 0.002103 0.000483 0.000259 0.000067
0 0.001505 0.000907 0.001453 0.000037
0 0.001574 0.000939 0.001316 0.000039
0 0.001555 0.000991 0.001354 0.000046
0 0.001578 0.000994 0.001307 0.000039
0 0.001563 0.001046 0.001338 0.000060
0 0.001486 0.001001 0.001492 0.000051
0 0.001492 0.001057 0.001480 0.000043
0 0.001494 0.001087 0.001476 0.000046
0 0.001497 0.001122 0.001470 0.000039
0 0.001516 0.001102 0.001433 0.000051
0 0.001509 0.000974 0.001446 0.000041
0 0.001508 0.000935 0.001449 0.000041
0 0.015985 0.000564 0.030530 0.000087
0 0.002094 0.000501 0.000277 0.000092
0 0.001435 0.000677 0.001593 0.000036
0 0.001434 0.000714 0.001596 0.000025
0 0.001435 0.000756 0.001594 0.000039
0 0.001434 0.000788 0.001596 0.000030
0 0.001434 0.000828 0.001597 0.000041
0 0.001434 0.000868 0.001597 0.000043
0 0.001434 0.000907 0.001597 0.000050
0 0.001437 0.000978 0.001590 0.000051
0 0.001444 0.001079 0.001576 0.000044
0 0.001449 0.001140 0.001567 0.000050
0 0.001450 0.001176 0.001564 0.000053
0 0.001556 0.000960 0.001352 0.000034
0 0.001570 0.000882 0.001325 0.000037
0 0.001567 0.000851 0.001329 0.000036
0 0.001546 0.000843 0.001373 0.000039
0 0.002086 0.000502 0.000292 0.000083
0 0.002064 0.000528 0.000336 0.000066
0 0.001892 0.000645 0.000681 0.000025
0 0.001860 0.000463 0.000744 0.000027
0 0.001856 0.000357 0.000753 0.000028
0 0.001923 0.000701 0.000618 0.000037
0 0.001779 0.000655 0.000907 0.000039
0 0.001786 0.000727 0.000893 0.000030
0 0.001729 0.000716 0.001007 0.000032
0 0.001746 0.000729 0.000973 0.000037
0 0.001753 0.000862 0.000958 0.000034
0 0.001752 0.000822 0.000960 0.000039
0 0.001737 0.000911 0.000990 0.000057
0 0.001686 0.000709 0.001092 0.000044
0 0.001691 0.000741 0.001082 0.000027
0 0.001690 0.000781 0.001085 0.000032
0 0.001696 0.000847 0.001072 0.000032
0 0.001697 0.000885 0.001070 0.000027
0 0.001677 0.000897 0.001110 0.000032
0 0.001622 0.000977 0.001221 0.000057
0 0.001622 0.000872 0.001220 0.000032
0 0.001615 0.000811 0.001234 0.000044
0 0.001565 0.000793 0.001335 0.000034
0 0.007860 0.001106 0.015530 0.000540