0 0.010559 0.001583 0.019061 0.000100
0 0.011880 0.001136 0.020883 0.000067
0 0.012004 0.000971 0.020634 0.000066
0 0.011992 0.000995 0.020660 0.000064
0 0.012024 0.001170 0.020594 0.000077
0 0.012005 0.001199 0.020632 0.000075
0 0.012074 0.001126 0.020494 0.000073
0 0.011895 0.001118 0.020852 0.000064
0 0.011847 0.001184 0.020948 0.000073
0 0.011925 0.001045 0.020792 0.000064
0 0.011910 0.001300 0.020823 0.000098
0 0.011984 0.001223 0.020674 0.000089
0 0.011733 0.001277 0.021177 0.000094
0 0.011943 0.001032 0.020758 0.000084
0 0.011778 0.001458 0.021086 0.000081
0 0.011714 0.001535 0.021215 0.000088
0 0.011963 0.000871 0.020716 0.000072
0 0.011713 0.000535 0.021217 0.000088
0 0.011642 0.001408 0.021359 0.000080
0 0.010356 0.001891 0.019466 0.000109
0 0.010071 0.001039 0.020037 0.000095
0 0.010076 0.001088 0.020028 0.000069
0 0.010218 0.001338 0.019742 0.000088
0 0.010234 0.001379 0.019712 0.000089
0 0.010259 0.001581 0.019661 0.000073
0 0.010342 0.001859 0.019495 0.000109
0 0.010346 0.001047 0.019486 0.000111
0 0.011572 0.000520 0.021499 0.000073
0 0.010364 0.001183 0.019450 0.000109
0 0.010560 0.000525 0.019059 0.000134
0 0.010468 0.001442 0.019243 0.000095
0 0.010560 0.001384 0.019059 0.000086
0 0.011304 0.000889 0.022034 0.000055
0 0.011235 0.000556 0.022172 0.000050
0 0.011677 0.001358 0.021288 0.000070
0 0.011607 0.001224 0.021430 0.000053
0 0.011948 0.001261 0.020747 0.000080
0 0.010254 0.001418 0.019672 0.000078
0 0.010639 0.001490 0.018901 0.000098
0 0.010581 0.001558 0.019016 0.000081
0 0.010414 0.001243 0.019350 0.000078
0 0.010366 0.001665 0.019446 0.000084
0 0.010334 0.001576 0.019510 0.000098
0 0.010279 0.001440 0.019621 0.000075
0 0.010367 0.001937 0.019445 0.000070
0 0.010884 0.000835 0.018411 0.000113
0 0.010466 0.001813 0.019247 0.000072
0 0.010443 0.001791 0.019292 0.000070
0 0.010434 0.001757 0.019310 0.000066
0 0.010549 0.001607 0.019081 0.000078
0 0.011783 0.001255 0.021077 0.000069
0 0.011873 0.001346 0.020898 0.000069
0 0.010803 0.000893 0.018573 0.000097
0 0.010860 0.000847 0.018458 0.000097
0 0.011608 0.001261 0.021426 0.000058
0 0.011578 0.001324 0.021488 0.000069
0 0.011550 0.001270 0.021542 0.000067
0 0.011531 0.001193 0.021580 0.000053
0 0.011548 0.001099 0.021546 0.000056
0 0.011558 0.001124 0.021526 0.000059
0 0.011571 0.001144 0.021500 0.000069
0 0.011498 0.001148 0.021648 0.000058
0 0.011419 0.001601 0.021806 0.000072
0 0.010548 0.000587 0.019083 0.000077
0 0.011519 0.001738 0.021606 0.000084
0 0.011204 0.001125 0.022234 0.000077
0 0.011805 0.000712 0.021034 0.000077
0 0.010067 0.000732 0.020044 0.000100
0 0.010501 0.000590 0.019178 0.000098
0 0.010483 0.000616 0.019212 0.000091
0 0.010082 0.000618 0.020015 0.000114