0 0.008239 0.001249 0.014771 0.000099
0 0.008775 0.001178 0.013700 0.000147
0 0.008697 0.001102 0.013856 0.000137
0 0.008688 0.001006 0.013873 0.000093
0 0.008675 0.000915 0.013900 0.000053
0 0.008649 0.000698 0.013951 0.000053
0 0.008625 0.000570 0.013999 0.000054
0 0.008617 0.000458 0.014017 0.000077
0 0.008615 0.000252 0.014019 0.000067
0 0.008542 0.000116 0.014167 0.000045
0 0.008478 0.000094 0.014294 0.000035
0 0.008290 0.000281 0.014671 0.000055
0 0.008246 0.000377 0.014758 0.000049
0 0.008206 0.000475 0.014839 0.000053
0 0.008147 0.000601 0.014956 0.000082
0 0.008116 0.000687 0.015019 0.000074
0 0.008079 0.000759 0.015092 0.000106
0 0.008033 0.000840 0.015185 0.000125
0 0.007984 0.000904 0.015283 0.000135
0 0.007943 0.000969 0.015365 0.000133
0 0.007881 0.001049 0.015488 0.000147
0 0.008736 0.001150 0.013777 0.000135
0 0.008800 0.001079 0.013651 0.000081
0 0.008295 0.001188 0.014659 0.000093
0 0.008832 0.001001 0.013587 0.000044
0 0.008335 0.001182 0.014579 0.000126
0 0.008346 0.001250 0.014557 0.000110
0 0.008375 0.001319 0.014499 0.000074
0 0.008372 0.001409 0.014506 0.000028
0 0.008361 0.001474 0.014528 0.000044
0 0.008352 0.001557 0.014547 0.000073
0 0.008265 0.001705 0.014720 0.000097
0 0.008208 0.001784 0.014834 0.000106
0 0.008169 0.001826 0.014911 0.000094
0 0.008118 0.001884 0.015013 0.000096
0 0.008044 0.001943 0.015162 0.000117
0 0.007990 0.001981 0.015270 0.000124
0 0.007913 0.002010 0.015425 0.000130
0 0.007862 0.002019 0.015526 0.000131
0 0.008743 0.000446 0.013763 0.000029
0 0.008802 0.000649 0.013646 0.000052
0 0.008814 0.000781 0.013622 0.000061
0 0.008828 0.000925 0.013595 0.000065
0 0.008864 0.001057 0.013522 0.000046
0 0.007845 0.001092 0.015561 0.000130