0 0.005266 0.001568 0.007325 0.000073
0 0.008495 0.001245 0.014261 0.000017
0 0.008448 0.001479 0.014353 0.000095
0 0.008466 0.001441 0.014318 0.000115
0 0.008479 0.001426 0.014291 0.000091
0 0.008482 0.001384 0.014286 0.000071
0 0.008487 0.001339 0.014277 0.000052
0 0.008489 0.001286 0.014272 0.000031
0 0.008489 0.001194 0.014271 0.000057
0 0.008392 0.001588 0.014466 0.000121
0 0.008484 0.001171 0.014282 0.000034
0 0.008492 0.001129 0.014266 0.000060
0 0.008459 0.001106 0.014333 0.000090
0 0.008428 0.001088 0.014393 0.000095
0 0.008395 0.001069 0.014459 0.000095
0 0.008359 0.001070 0.014531 0.000100
0 0.008420 0.001518 0.014411 0.000074
0 0.008364 0.001632 0.014522 0.000111
0 0.008284 0.001064 0.014683 0.000114
0 0.008099 0.002014 0.015053 0.000109
0 0.007902 0.002195 0.015446 0.000077
0 0.007927 0.002178 0.015396 0.000108
0 0.007965 0.002132 0.015319 0.000113
0 0.007992 0.002070 0.015266 0.000047
0 0.008029 0.002082 0.015191 0.000108
0 0.008060 0.002047 0.015131 0.000103
0 0.008123 0.001986 0.015003 0.000104
0 0.008333 0.001698 0.014585 0.000096
0 0.015961 0.002054 0.030579 0.000033
0 0.008166 0.001945 0.014919 0.000077
0 0.008203 0.001890 0.014843 0.000109
0 0.008245 0.001847 0.014760 0.000114
0 0.008277 0.001805 0.014697 0.000102
0 0.008299 0.001746 0.014652 0.000108
0 0.008322 0.001074 0.014606 0.000095
0 0.008250 0.001045 0.014751 0.000122
0 0.008920 0.000579 0.013411 0.000037
0 0.008794 0.000908 0.013661 0.000049
0 0.008843 0.000526 0.013564 0.000051
0 0.008832 0.000594 0.013586 0.000044
0 0.008820 0.000665 0.013609 0.000044
0 0.008816 0.000713 0.013618 0.000039
0 0.008805 0.000804 0.013640 0.000040
0 0.008809 0.000856 0.013631 0.000030
0 0.008801 0.000944 0.013649 0.000052
0 0.008733 0.000403 0.013784 0.000098
0 0.008825 0.000971 0.013599 0.000056
0 0.008872 0.000877 0.013507 0.000050
0 0.008869 0.000914 0.013512 0.000033
0 0.008889 0.000786 0.013471 0.000070
0 0.008900 0.000706 0.013450 0.000065
0 0.008910 0.000647 0.013429 0.000053
0 0.008759 0.000420 0.013731 0.000095
0 0.008712 0.000389 0.013825 0.000095
0 0.008216 0.001031 0.014817 0.000120
0 0.008439 0.000540 0.014371 0.000077
0 0.008184 0.001020 0.014882 0.000121
0 0.008154 0.001022 0.014942 0.000138
0 0.007997 0.000920 0.015255 0.000195
0 0.008372 0.000756 0.014505 0.000047
0 0.008389 0.000719 0.014471 0.000063
0 0.008401 0.000670 0.014448 0.000061
0 0.008461 0.000475 0.014328 0.000062
0 0.008665 0.000359 0.013920 0.000106
0 0.008515 0.000298 0.014219 0.000056
0 0.008563 0.000283 0.014125 0.000099
0 0.008582 0.000301 0.014086 0.000104
0 0.008604 0.000313 0.014042 0.000119
0 0.008627 0.000328 0.013997 0.000121
0 0.008643 0.000343 0.013965 0.000108
0 0.007874 0.002209 0.015501 0.000045