0 0.012253 0.000239 0.020138 0.000025
0 0.000590 0.001180 0.001179 0.000108
0 0.000648 0.000302 0.001296 0.000107
0 0.000654 0.000452 0.001307 0.000100
0 0.000640 0.000600 0.001280 0.000098
0 0.000625 0.000744 0.001250 0.000098
0 0.000617 0.000889 0.001234 0.000105
0 0.000599 0.001033 0.001199 0.000086
0 0.000579 0.001330 0.001157 0.000101
0 0.000788 0.000498 0.001576 0.000101
0 0.000569 0.001470 0.001139 0.000108
0 0.000468 0.000989 0.000935 0.000105
0 0.000478 0.000839 0.000956 0.000107
0 0.000488 0.000694 0.000976 0.000110
0 0.000498 0.000547 0.000996 0.000095
0 0.000512 0.000402 0.001024 0.000103
0 0.000802 0.000356 0.001603 0.000095
0 0.000777 0.000645 0.001555 0.000099
0 0.012210 0.000281 0.020224 0.000047
0 0.000235 0.001158 0.000471 0.000221
0 0.012200 0.000280 0.020243 0.000045
0 0.012043 0.000225 0.020557 0.000046
0 0.010261 0.000236 0.019656 0.000040
0 0.010259 0.000305 0.019660 0.000033
0 0.010166 0.000382 0.019847 0.000085
0 0.000198 0.001706 0.000395 0.000238
0 0.000947 0.000667 0.001894 0.000161
0 0.000761 0.000791 0.001522 0.000103
0 0.000949 0.000818 0.001898 0.000153
0 0.000937 0.000986 0.001875 0.000153
0 0.000925 0.001224 0.001850 0.000191
0 0.000725 0.001232 0.001451 0.000092
0 0.000738 0.001082 0.001476 0.000100
0 0.000752 0.000936 0.001503 0.000092
0 0.000364 0.000497 0.000729 0.000105