0 0.011259 0.002084 0.022125 0.000064
0 0.005006 0.000692 0.007846 0.000244
0 0.004821 0.000950 0.008216 0.000245
0 0.004858 0.001156 0.008141 0.000244
0 0.005124 0.001380 0.007610 0.000242
0 0.005087 0.001172 0.007682 0.000240
0 0.004943 0.001630 0.007971 0.000247
0 0.004907 0.001435 0.008043 0.000245
0 0.005302 0.001097 0.007254 0.000240
0 0.005266 0.000893 0.007326 0.000242
0 0.005219 0.000615 0.007420 0.000242
0 0.005182 0.000410 0.007494 0.000242
0 0.005041 0.000898 0.007775 0.000244
0 0.012102 0.002096 0.020439 0.000044
0 0.015900 0.001887 0.030701 0.000355
0 0.011167 0.000436 0.022309 0.000072
0 0.011161 0.000458 0.022320 0.000059
0 0.011197 0.000487 0.022248 0.000062
0 0.011357 0.000181 0.021929 0.000062
0 0.011365 0.000155 0.021914 0.000072
0 0.011514 0.000431 0.021614 0.000069
0 0.011610 0.000235 0.021423 0.000064
0 0.011688 0.000205 0.021266 0.000074
0 0.012128 0.002118 0.020387 0.000044
0 0.004667 0.001356 0.008522 0.000245