0 0.016028 0.002190 0.030444 0.000030
0 0.016104 0.002035 0.030292 0.000028
0 0.008319 0.001524 0.014612 0.000026
0 0.008346 0.001574 0.014557 0.000020
0 0.008335 0.001501 0.014580 0.000023
0 0.008341 0.001489 0.014568 0.000024
0 0.008357 0.001467 0.014535 0.000039
0 0.008367 0.001537 0.014515 0.000037
0 0.008383 0.001425 0.014484 0.000024
0 0.008386 0.001501 0.014477 0.000044
0 0.008406 0.001482 0.014438 0.000025
0 0.008405 0.001392 0.014440 0.000024
0 0.008427 0.001446 0.014396 0.000026
0 0.008420 0.001373 0.014409 0.000027
0 0.008426 0.001359 0.014399 0.000024
0 0.008447 0.001407 0.014356 0.000041
0 0.008445 0.001334 0.014359 0.000026
0 0.008479 0.001379 0.014292 0.000022
0 0.008467 0.001306 0.014315 0.000032
0 0.008514 0.001314 0.014222 0.000034
0 0.008487 0.001265 0.014275 0.000030
0 0.008512 0.001232 0.014226 0.000024
0 0.008535 0.001287 0.014179 0.000028
0 0.008529 0.001203 0.014193 0.000034
0 0.008555 0.001252 0.014140 0.000033
0 0.008553 0.001176 0.014145 0.000046
0 0.008585 0.001213 0.014079 0.000030
0 0.008316 0.001614 0.014618 0.000039
0 0.008295 0.001649 0.014661 0.000036
0 0.008275 0.001593 0.014700 0.000023
0 0.008087 0.001890 0.015077 0.000025
0 0.007979 0.002042 0.015292 0.000034
0 0.007980 0.002161 0.015290 0.000037
0 0.008003 0.002116 0.015243 0.000035
0 0.007997 0.002016 0.015257 0.000036
0 0.008020 0.002093 0.015210 0.000029
0 0.008018 0.001984 0.015214 0.000033
0 0.008043 0.002049 0.015164 0.000037
0 0.008039 0.001954 0.015171 0.000024
0 0.008069 0.002021 0.015111 0.000024
0 0.008058 0.001931 0.015134 0.000023
0 0.008093 0.001982 0.015065 0.000023
0 0.008102 0.001864 0.015046 0.000026
0 0.008279 0.001676 0.014692 0.000022
0 0.008126 0.001829 0.014999 0.000035
0 0.008154 0.001876 0.014941 0.000023
0 0.008144 0.001795 0.014961 0.000038
0 0.008165 0.001760 0.014919 0.000027
0 0.008176 0.001843 0.014899 0.000026
0 0.008195 0.001810 0.014859 0.000026
0 0.008189 0.001725 0.014873 0.000026
0 0.008234 0.001749 0.014781 0.000030
0 0.008236 0.001669 0.014777 0.000031
0 0.008262 0.001709 0.014725 0.000021
0 0.008251 0.001628 0.014747 0.000024
0 0.008573 0.001143 0.014104 0.000027
0 0.008578 0.001130 0.014095 0.000025
0 0.008624 0.001148 0.014003 0.000017
0 0.008638 0.000460 0.013975 0.000035
0 0.008710 0.000244 0.013830 0.000057
0 0.008700 0.000197 0.013850 0.000033
0 0.008685 0.000133 0.013881 0.000019
0 0.008572 0.000069 0.014106 0.000101
0 0.008485 0.000080 0.014279 0.000088
0 0.008457 0.000145 0.014337 0.000050
0 0.008409 0.000255 0.014431 0.000059
0 0.008144 0.000809 0.014962 0.000428
0 0.008579 0.000263 0.014092 0.000051
0 0.008595 0.000327 0.014059 0.000058
0 0.008621 0.000402 0.014009 0.000047
0 0.008648 0.000485 0.013954 0.000026
0 0.008761 0.000393 0.013728 0.000028
0 0.008674 0.000580 0.013902 0.000024
0 0.008690 0.000660 0.013871 0.000039
0 0.016402 0.000229 0.029696 0.000038
0 0.016464 0.000440 0.029572 0.000054
0 0.016670 0.001158 0.029159 0.000038
0 0.016698 0.001176 0.029105 0.000031
0 0.016566 0.001318 0.029368 0.000032
0 0.016434 0.001566 0.029633 0.000033
0 0.016396 0.001636 0.029708 0.000039
0 0.016201 0.001876 0.030098 0.000028
0 0.016195 0.001950 0.030109 0.000031
0 0.008738 0.000314 0.013774 0.000027
0 0.008778 0.000469 0.013694 0.000036
0 0.008651 0.001117 0.013948 0.000019
0 0.008743 0.000876 0.013763 0.000039
0 0.008662 0.001002 0.013927 0.000022
0 0.008668 0.001000 0.013915 0.000035
0 0.008665 0.001078 0.013921 0.000038
0 0.008690 0.001049 0.013869 0.000022
0 0.008686 0.001067 0.013878 0.000027
0 0.008684 0.000966 0.013882 0.000028
0 0.008714 0.001024 0.013822 0.000026
0 0.008704 0.000947 0.013842 0.000018
0 0.008740 0.000986 0.013769 0.000024
0 0.008726 0.000900 0.013799 0.000026
0 0.008721 0.000912 0.013808 0.000031
0 0.008753 0.000962 0.013744 0.000025
0 0.008790 0.000551 0.013670 0.000050
0 0.008761 0.000957 0.013728 0.000021
0 0.008765 0.000840 0.013721 0.000040
0 0.008784 0.000916 0.013682 0.000030
0 0.008798 0.000898 0.013654 0.000026
0 0.008807 0.000890 0.013637 0.000022
0 0.008823 0.000856 0.013603 0.000036
0 0.008813 0.000785 0.013624 0.000026
0 0.008837 0.000734 0.013577 0.000026
0 0.008855 0.000801 0.013539 0.000037
0 0.008877 0.000775 0.013496 0.000036
0 0.008901 0.000731 0.013447 0.000031
0 0.007903 0.000878 0.015443 0.000177