0 0.016245 0.001327 0.030010 0.000044
0 0.008251 0.001718 0.014748 0.000051
0 0.008462 0.001175 0.014325 0.000081
0 0.008441 0.001224 0.014368 0.000079
0 0.008426 0.001257 0.014397 0.000065
0 0.016237 0.001368 0.030027 0.000040
0 0.016231 0.001385 0.030039 0.000037
0 0.008397 0.001317 0.014455 0.000053
0 0.008381 0.001340 0.014487 0.000047
0 0.008361 0.001390 0.014528 0.000067
0 0.008341 0.001459 0.014568 0.000055
0 0.008321 0.001509 0.014608 0.000069
0 0.008299 0.001560 0.014652 0.000083
0 0.008284 0.001634 0.014683 0.000077
0 0.016079 0.001963 0.030342 0.000037
0 0.008502 0.001082 0.014246 0.000099
0 0.008227 0.001796 0.014795 0.000067
0 0.008212 0.001839 0.014825 0.000053
0 0.016027 0.002140 0.030445 0.000035
0 0.008172 0.001950 0.014905 0.000092
0 0.008149 0.001972 0.014952 0.000091
0 0.008126 0.001993 0.014997 0.000093
0 0.008071 0.001961 0.015108 0.000044
0 0.008046 0.001979 0.015159 0.000048
0 0.008024 0.002015 0.015202 0.000052
0 0.008005 0.002062 0.015240 0.000052
0 0.007979 0.002126 0.015291 0.000065
0 0.007966 0.002178 0.015319 0.000044
0 0.008478 0.001141 0.014293 0.000087
0 0.008520 0.001023 0.014210 0.000081
0 0.016300 0.001731 0.029901 0.000036
0 0.008735 0.000350 0.013780 0.000084
0 0.016318 0.001694 0.029864 0.000033
0 0.016459 0.000868 0.029582 0.000041
0 0.016511 0.000741 0.029478 0.000039
0 0.016631 0.000823 0.029237 0.000047
0 0.016681 0.000530 0.029139 0.000037
0 0.016629 0.000384 0.029242 0.000035
0 0.016727 0.000087 0.029047 0.000032
0 0.008838 0.000062 0.013573 0.000065
0 0.008819 0.000118 0.013612 0.000063
0 0.008802 0.000178 0.013645 0.000084
0 0.008777 0.000245 0.013697 0.000091
0 0.008755 0.000312 0.013740 0.000092
0 0.008720 0.000430 0.013811 0.000047
0 0.016369 0.001181 0.029762 0.000036
0 0.008704 0.000465 0.013842 0.000063
0 0.008697 0.000492 0.013855 0.000048
0 0.008680 0.000532 0.013891 0.000067
0 0.008661 0.000580 0.013928 0.000073
0 0.008646 0.000628 0.013957 0.000079
0 0.008629 0.000686 0.013992 0.000065
0 0.008604 0.000730 0.014042 0.000068
0 0.008595 0.000775 0.014059 0.000057
0 0.008572 0.000842 0.014107 0.000072
0 0.008553 0.000913 0.014143 0.000085
0 0.008537 0.000967 0.014176 0.000080
0 0.016372 0.001049 0.029757 0.000049
0 0.007946 0.002216 0.015357 0.000035