0 0.012246 0.001664 0.020151 0.000035
0 0.005127 0.001459 0.007602 0.000105
0 0.004568 0.000605 0.008721 0.000109
0 0.004531 0.000771 0.008795 0.000111
0 0.004534 0.000911 0.008789 0.000111
0 0.015934 0.000295 0.030631 0.000171
0 0.005373 0.001211 0.007112 0.000103
0 0.005373 0.001049 0.007112 0.000103
0 0.005282 0.001418 0.007294 0.000105
0 0.005281 0.001579 0.007296 0.000105
0 0.005219 0.001180 0.007418 0.000102
0 0.005221 0.001018 0.007416 0.000100
0 0.005126 0.001619 0.007604 0.000105
0 0.011984 0.002079 0.020675 0.000043
0 0.005066 0.001824 0.007726 0.000108
0 0.005064 0.001987 0.007730 0.000106
0 0.005001 0.001093 0.007855 0.000109
0 0.011469 0.000019 0.021705 0.000023
0 0.011715 0.000420 0.021212 0.000046
0 0.011738 0.000259 0.021168 0.000049
0 0.011747 0.000267 0.021148 0.000044
0 0.012060 0.000645 0.020523 0.000040
0 0.011631 0.001269 0.021382 0.000045
0 0.011578 0.001542 0.021488 0.000026
0 0.004566 0.000465 0.008726 0.000108