0 0.001181 0.000837 0.002102 0.000050
0 0.008103 0.001853 0.015044 0.000203
0 0.008333 0.002080 0.014584 0.000126
0 0.008312 0.002082 0.014626 0.000107
0 0.008279 0.002114 0.014693 0.000152
0 0.008250 0.002098 0.014749 0.000157
0 0.008223 0.002077 0.014804 0.000166
0 0.008201 0.002071 0.014849 0.000155
0 0.008160 0.002027 0.014930 0.000152
0 0.008139 0.001965 0.014972 0.000172
0 0.008082 0.001790 0.015086 0.000178
0 0.001145 0.000706 0.002175 0.000048
0 0.008058 0.001752 0.015133 0.000209
0 0.008042 0.001660 0.015165 0.000179
0 0.008014 0.001586 0.015222 0.000220
0 0.007994 0.001501 0.015261 0.000190
0 0.007949 0.001251 0.015353 0.000235
0 0.007932 0.001188 0.015386 0.000194
0 0.007897 0.001068 0.015457 0.000161
0 0.007866 0.000892 0.015518 0.000142
0 0.008353 0.002089 0.014543 0.000142
0 0.008368 0.002063 0.014515 0.000102
0 0.008385 0.002037 0.014480 0.000113
0 0.008408 0.002037 0.014433 0.000113
0 0.001145 0.000688 0.002174 0.000055
0 0.001147 0.000671 0.002171 0.000055
0 0.001150 0.000639 0.002164 0.000076
0 0.008893 0.000376 0.013464 0.000194
0 0.008863 0.000644 0.013525 0.000111
0 0.008818 0.000854 0.013614 0.000189
0 0.008790 0.001013 0.013671 0.000196
0 0.008731 0.001227 0.013787 0.000176
0 0.008700 0.001313 0.013850 0.000211
0 0.008654 0.001477 0.013943 0.000161
0 0.008615 0.001627 0.014020 0.000178
0 0.008584 0.001677 0.014082 0.000100
0 0.008544 0.001853 0.014163 0.000148
0 0.008528 0.001896 0.014193 0.000142
0 0.008509 0.001934 0.014232 0.000107
0 0.008475 0.001909 0.014300 0.000074
0 0.008461 0.001988 0.014328 0.000163
0 0.007813 0.000661 0.015624 0.000372