0 0.008203 0.002198 0.014845 0.000070
0 0.008404 0.000541 0.014442 0.000017
0 0.008599 0.000914 0.014053 0.000027
0 0.008552 0.000854 0.014146 0.000031
0 0.008531 0.000798 0.014188 0.000019
0 0.008473 0.000741 0.014303 0.000017
0 0.008465 0.000675 0.014320 0.000031
0 0.008418 0.000591 0.014413 0.000037
0 0.008340 0.000462 0.014569 0.000054
0 0.008632 0.001031 0.013985 0.000029
0 0.008307 0.000419 0.014635 0.000030
0 0.008263 0.000373 0.014725 0.000043
0 0.008208 0.000307 0.014833 0.000037
0 0.008159 0.000248 0.014933 0.000035
0 0.008107 0.000217 0.015036 0.000043
0 0.008015 0.000157 0.015221 0.000057
0 0.008614 0.000973 0.014022 0.000017
0 0.008647 0.001088 0.013956 0.000026
0 0.008301 0.002087 0.014649 0.000071
0 0.008637 0.001710 0.013977 0.000060
0 0.008350 0.002043 0.014550 0.000080
0 0.008401 0.002001 0.014447 0.000083
0 0.008441 0.001949 0.014368 0.000096
0 0.008481 0.001892 0.014288 0.000088
0 0.008531 0.001847 0.014188 0.000085
0 0.008588 0.001767 0.014075 0.000079
0 0.008683 0.001613 0.013884 0.000017
0 0.008652 0.001108 0.013946 0.000008
0 0.008718 0.001558 0.013814 0.000027
0 0.008715 0.001452 0.013819 0.000024
0 0.008718 0.001329 0.013814 0.000023
0 0.008720 0.001299 0.013811 0.000014
0 0.008704 0.001242 0.013841 0.000049
0 0.008648 0.001168 0.013955 0.000012
0 0.007973 0.000108 0.015303 0.000047