0 0.016597 0.001789 0.029307 0.000038
0 0.016615 0.001878 0.029270 0.000027
0 0.008304 0.001255 0.014641 0.000047
0 0.008350 0.001317 0.014551 0.000022
0 0.008354 0.001379 0.014542 0.000036
0 0.008364 0.001426 0.014522 0.000031
0 0.008375 0.001474 0.014500 0.000029
0 0.008383 0.001517 0.014484 0.000034
0 0.008394 0.001573 0.014463 0.000035
0 0.008400 0.001681 0.014450 0.000027
0 0.008409 0.001728 0.014432 0.000034
0 0.008441 0.001774 0.014367 0.000033
0 0.008466 0.001900 0.014318 0.000061
0 0.008508 0.001963 0.014233 0.000083
0 0.016351 0.001889 0.029799 0.000024
0 0.008726 0.002015 0.013798 0.000049
0 0.008814 0.001936 0.013621 0.000072
0 0.008804 0.001740 0.013641 0.000049
0 0.008802 0.001669 0.013646 0.000032
0 0.008793 0.001620 0.013664 0.000032
0 0.008783 0.001563 0.013685 0.000032
0 0.008762 0.001524 0.013726 0.000045
0 0.008749 0.001467 0.013753 0.000018
0 0.016130 0.001014 0.030240 0.000034
0 0.016128 0.001065 0.030244 0.000028
0 0.016168 0.001187 0.030164 0.000017
0 0.008146 0.000702 0.014958 0.000026
0 0.007921 0.000389 0.015408 0.000041
0 0.007968 0.000438 0.015313 0.000052
0 0.007995 0.000465 0.015260 0.000066
0 0.008030 0.000492 0.015190 0.000064
0 0.008052 0.000515 0.015147 0.000078
0 0.008088 0.000549 0.015074 0.000079
0 0.008115 0.000607 0.015020 0.000054
0 0.008136 0.000619 0.014977 0.000043
0 0.008137 0.000668 0.014975 0.000022
0 0.008204 0.000747 0.014843 0.000026
0 0.016177 0.001243 0.030146 0.000024
0 0.008211 0.000792 0.014828 0.000037
0 0.008230 0.000849 0.014790 0.000043
0 0.008241 0.000889 0.014768 0.000029
0 0.008259 0.000922 0.014733 0.000031
0 0.008270 0.000987 0.014711 0.000037
0 0.008276 0.001048 0.014698 0.000022
0 0.008275 0.001089 0.014700 0.000037
0 0.008288 0.001137 0.014675 0.000029
0 0.008295 0.001206 0.014660 0.000048
0 0.008738 0.001436 0.013775 0.000039
0 0.008743 0.001388 0.013765 0.000033
0 0.008724 0.001331 0.013802 0.000041
0 0.016322 0.001075 0.029856 0.000027
0 0.016453 0.000490 0.029594 0.000025
0 0.016364 0.000658 0.029772 0.000024
0 0.016204 0.000700 0.030091 0.000017
0 0.016176 0.000605 0.030148 0.000024
0 0.016082 0.000875 0.030336 0.000028
0 0.016108 0.000963 0.030284 0.000031
0 0.016286 0.000927 0.029928 0.000028
0 0.016285 0.001143 0.029931 0.000022
0 0.016291 0.001185 0.029919 0.000019
0 0.016324 0.001126 0.029851 0.000021
0 0.016156 0.000514 0.030188 0.000030
0 0.016357 0.001212 0.029785 0.000027
0 0.016383 0.001373 0.029734 0.000017
0 0.016386 0.001588 0.029728 0.000024
0 0.016405 0.001658 0.029691 0.000027
0 0.016400 0.001473 0.029700 0.000017
0 0.016427 0.001908 0.029647 0.000029
0 0.016450 0.001649 0.029601 0.000027
0 0.016487 0.001935 0.029526 0.000017
0 0.016563 0.001632 0.029375 0.000021
0 0.016358 0.000147 0.029784 0.000032
0 0.016204 0.000194 0.030091 0.000019
0 0.008705 0.001289 0.013841 0.000031
0 0.008582 0.000707 0.014085 0.000039
0 0.008691 0.001241 0.013868 0.000016
0 0.008680 0.001192 0.013891 0.000047
0 0.008671 0.001166 0.013909 0.000015
0 0.008648 0.001041 0.013955 0.000031
0 0.008646 0.001004 0.013959 0.000024
0 0.008640 0.000983 0.013970 0.000019
0 0.008622 0.000937 0.014005 0.000027
0 0.008621 0.000895 0.014008 0.000036
0 0.008612 0.000846 0.014027 0.000031
0 0.008638 0.000675 0.013974 0.000041
0 0.016160 0.000147 0.030180 0.000035
0 0.008658 0.000626 0.013934 0.000036
0 0.008643 0.000653 0.013965 0.000026
0 0.008674 0.000619 0.013901 0.000032
0 0.008697 0.000586 0.013855 0.000179
0 0.015857 0.000437 0.030785 0.000031
0 0.015898 0.000200 0.030703 0.000022
0 0.015939 0.000463 0.030622 0.000022
0 0.016002 0.000217 0.030496 0.000027
0 0.016054 0.000266 0.030392 0.000019
0 0.007900 0.000373 0.015451 0.000039