0 0.000414 0.000710 0.000828 0.000052
0 0.000705 0.001903 0.001409 0.000065
0 0.000740 0.000437 0.001479 0.000169
0 0.000700 0.000579 0.001400 0.000161
0 0.000660 0.000712 0.001321 0.000160
0 0.000589 0.000863 0.001178 0.000035
0 0.000609 0.000804 0.001217 0.000062
0 0.000946 0.000912 0.001891 0.000107
0 0.000361 0.001756 0.000722 0.000124
0 0.012694 0.001227 0.023719 0.000069
0 0.000617 0.001819 0.001233 0.000118
0 0.000305 0.001036 0.000609 0.000059
0 0.000676 0.001687 0.001352 0.000159
0 0.000722 0.001562 0.001445 0.000158
0 0.000752 0.001452 0.001505 0.000118
0 0.000887 0.001450 0.001775 0.000115
0 0.000791 0.001371 0.001583 0.000101
0 0.000824 0.001279 0.001648 0.000159
0 0.000876 0.001031 0.001752 0.000167
0 0.000825 0.001127 0.001650 0.000082
0 0.012774 0.000975 0.023559 0.000069