0 0.000252 0.001496 0.000503 0.000129
0 0.000293 0.001456 0.000585 0.000105
0 0.000482 0.000139 0.000964 0.000139
0 0.000712 0.000606 0.001424 0.000123
0 0.000705 0.000764 0.001411 0.000083
0 0.000706 0.000869 0.001412 0.000084
0 0.000378 0.000576 0.000757 0.000076
0 0.000345 0.000454 0.000690 0.000073
0 0.000328 0.000388 0.000655 0.000075
0 0.000309 0.000325 0.000617 0.000071
0 0.000293 0.000263 0.000585 0.000072
0 0.001044 0.001608 0.002087 0.000072
0 0.000424 0.001555 0.000848 0.000109
0 0.000455 0.001676 0.000909 0.000122
0 0.000454 0.001790 0.000907 0.000113
0 0.000454 0.001996 0.000907 0.000084
0 0.000369 0.002124 0.000738 0.000132
0 0.000350 0.002051 0.000700 0.000127
0 0.000307 0.001959 0.000613 0.000179
0 0.000315 0.002062 0.000629 0.000151
0 0.000254 0.002046 0.000507 0.000070
0 0.000493 0.000250 0.000986 0.000107