0 0.012831 0.002162 0.023445 0.000064
0 0.012807 0.002023 0.023492 0.000084
0 0.001060 0.000438 0.002121 0.000112
0 0.001090 0.000270 0.002180 0.000075
0 0.001104 0.000332 0.002208 0.000077
0 0.001110 0.000382 0.002220 0.000137
0 0.001054 0.000509 0.002109 0.000089
0 0.000652 0.000380 0.001305 0.000084
0 0.000640 0.000415 0.001281 0.000097
0 0.000620 0.000382 0.001239 0.000103
0 0.000602 0.000376 0.001203 0.000096
0 0.000615 0.000446 0.001229 0.000082
0 0.000567 0.000460 0.001133 0.000114
0 0.000585 0.000461 0.001170 0.000098
0 0.000573 0.000423 0.001147 0.000081
0 0.000544 0.000416 0.001089 0.000082
0 0.000536 0.000507 0.001073 0.000142
0 0.000541 0.000468 0.001083 0.000079
0 0.000516 0.000498 0.001031 0.000083
0 0.000489 0.000559 0.000978 0.000139
0 0.000450 0.000599 0.000900 0.000087
0 0.000430 0.000599 0.000860 0.000106
0 0.000395 0.000643 0.000790 0.000166
0 0.000449 0.000125 0.000898 0.000131
0 0.000402 0.000169 0.000804 0.000128
0 0.000388 0.000225 0.000776 0.000054
0 0.000138 0.000503 0.000275 0.000117
0 0.000168 0.000422 0.000335 0.000082
0 0.000164 0.000470 0.000328 0.000078
0 0.000186 0.000474 0.000373 0.000080
0 0.000193 0.000425 0.000387 0.000074
0 0.001083 0.000246 0.002166 0.000111
0 0.001081 0.000178 0.002162 0.000113
0 0.001060 0.000131 0.002119 0.000114
0 0.012971 0.001663 0.023166 0.000043
0 0.000565 0.001825 0.001129 0.000093
0 0.012777 0.002050 0.023553 0.000086
0 0.012749 0.002087 0.023609 0.000077
0 0.012760 0.001880 0.023587 0.000090
0 0.012709 0.001821 0.023688 0.000084
0 0.012697 0.001759 0.023714 0.000079
0 0.000834 0.001947 0.001668 0.000159
0 0.000985 0.000923 0.001971 0.000116
0 0.001008 0.001064 0.002015 0.000115
0 0.000956 0.001690 0.001911 0.000248
0 0.001041 0.001612 0.002082 0.000191
0 0.001064 0.001391 0.002128 0.000157
0 0.000916 0.001534 0.001831 0.000176
0 0.000714 0.001575 0.001429 0.000113
0 0.000223 0.001065 0.000446 0.000160
0 0.012975 0.001712 0.023157 0.000083
0 0.000701 0.001484 0.001402 0.000112
0 0.000705 0.001393 0.001410 0.000161
0 0.000643 0.001078 0.001286 0.000125
0 0.000631 0.000988 0.001262 0.000089
0 0.000635 0.000917 0.001270 0.000081
0 0.012868 0.000971 0.023372 0.000045
0 0.000566 0.001324 0.001133 0.000166
0 0.000583 0.001435 0.001167 0.000111
0 0.000597 0.001562 0.001194 0.000111
0 0.000381 0.001633 0.000763 0.000160
0 0.000225 0.000973 0.000449 0.000150
0 0.000187 0.001067 0.000374 0.000151
0 0.001062 0.000081 0.002124 0.000076