0 0.000583 0.000469 0.001167 0.000156
0 0.000297 0.001137 0.000593 0.000119
0 0.000896 0.000245 0.001792 0.000058
0 0.000861 0.000227 0.001721 0.000061
0 0.000810 0.000204 0.001619 0.000064
0 0.000845 0.000539 0.001690 0.000100
0 0.000911 0.000713 0.001823 0.000070
0 0.000832 0.000889 0.001663 0.000081
0 0.000680 0.000952 0.001360 0.000138
0 0.000452 0.000751 0.000903 0.000162
0 0.000357 0.000726 0.000713 0.000068
0 0.000367 0.000901 0.000734 0.000114
0 0.000318 0.001322 0.000636 0.000162
0 0.000652 0.000450 0.001305 0.000161
0 0.000201 0.000991 0.000402 0.000078
0 0.000172 0.000917 0.000344 0.000080
0 0.000460 0.001256 0.000920 0.000083
0 0.000507 0.001811 0.001013 0.000082
0 0.000545 0.001876 0.001090 0.000075
0 0.000588 0.001820 0.001176 0.000076
0 0.000634 0.001822 0.001267 0.000076
0 0.000765 0.001816 0.001530 0.000078
0 0.000765 0.001673 0.001529 0.000069
0 0.000796 0.001606 0.001591 0.000075
0 0.001025 0.000296 0.002051 0.000095