0 0.000952 0.000957 0.001904 0.000013
0 0.000465 0.000988 0.000931 0.000031
0 0.000615 0.000740 0.001230 0.000024
0 0.000604 0.000756 0.001208 0.000026
0 0.000624 0.000865 0.001247 0.000030
0 0.000658 0.000752 0.001315 0.000029
0 0.000664 0.000743 0.001328 0.000025
0 0.000671 0.000730 0.001342 0.000027
0 0.000678 0.000720 0.001356 0.000030
0 0.000685 0.000709 0.001370 0.000029
0 0.000699 0.000689 0.001398 0.000029
0 0.000705 0.000680 0.001410 0.000029
0 0.000716 0.000670 0.001431 0.000029
0 0.000583 0.000811 0.001166 0.000043
0 0.000574 0.000782 0.001149 0.000031
0 0.000563 0.000725 0.001127 0.000032
0 0.000565 0.000896 0.001131 0.000030
0 0.000551 0.000824 0.001102 0.000033
0 0.000538 0.000766 0.001076 0.000031
0 0.000527 0.000902 0.001054 0.000052
0 0.000519 0.000864 0.001038 0.000051
0 0.000510 0.000824 0.001021 0.000053
0 0.000504 0.000938 0.001007 0.000051
0 0.000496 0.000900 0.000992 0.000053
0 0.000485 0.000862 0.000970 0.000043
0 0.000600 0.000660 0.001200 0.000028
0 0.000611 0.000720 0.001222 0.000023
0 0.000628 0.000674 0.001257 0.000034
0 0.000826 0.000500 0.001653 0.000030
0 0.000831 0.000258 0.001662 0.000038
0 0.000838 0.000280 0.001677 0.000044
0 0.000865 0.000320 0.001730 0.000054
0 0.000888 0.000413 0.001775 0.000057
0 0.000864 0.000456 0.001728 0.000013
0 0.000871 0.000438 0.001742 0.000056
0 0.000855 0.000463 0.001710 0.000056
0 0.000859 0.000452 0.001718 0.000030
0 0.000842 0.000472 0.001684 0.000034
0 0.000838 0.000493 0.001676 0.000042
0 0.000820 0.000501 0.001639 0.000025
0 0.000676 0.000596 0.001352 0.000031
0 0.000821 0.000518 0.001641 0.000040
0 0.000801 0.000530 0.001603 0.000026
0 0.000811 0.000531 0.001622 0.000043
0 0.000802 0.000546 0.001603 0.000044
0 0.000788 0.000565 0.001577 0.000047
0 0.000989 0.000647 0.001979 0.000029
0 0.000751 0.000484 0.001503 0.000031
0 0.000734 0.000509 0.001467 0.000032
0 0.000725 0.000524 0.001449 0.000034
0 0.000686 0.000584 0.001371 0.000031
0 0.000507 0.001042 0.001014 0.000033
0 0.000459 0.000948 0.000918 0.000032
0 0.000951 0.000948 0.001902 0.000015
0 0.000450 0.000908 0.000900 0.000031
0 0.000116 0.001468 0.000232 0.000053
0 0.000102 0.001486 0.000204 0.000053
0 0.000357 0.001675 0.000714 0.000029
0 0.000322 0.001844 0.000645 0.000031
0 0.000350 0.001852 0.000700 0.000019
0 0.000404 0.001774 0.000808 0.000029
0 0.000414 0.001754 0.000829 0.000041
0 0.000336 0.002007 0.000672 0.000016
0 0.000367 0.001956 0.000734 0.000025
0 0.000763 0.001233 0.001527 0.000027
0 0.000770 0.001221 0.001540 0.000026
0 0.000785 0.001201 0.001570 0.000031
0 0.000789 0.001196 0.001578 0.000016
0 0.000796 0.001183 0.001592 0.000033
0 0.000685 0.001353 0.001371 0.000014
0 0.000883 0.001013 0.001766 0.000012
0 0.000902 0.000988 0.001805 0.000015
0 0.000907 0.000982 0.001814 0.000017
0 0.000926 0.000956 0.001852 0.000013
0 0.000931 0.000947 0.001863 0.000016
0 0.000943 0.000932 0.001886 0.000020
0 0.000945 0.000929 0.001891 0.000012
0 0.000949 0.000937 0.001897 0.000015
0 0.000107 0.001471 0.000214 0.000029
0 0.000130 0.001444 0.000261 0.000050
0 0.000181 0.001532 0.000363 0.000029
0 0.000212 0.001379 0.000425 0.000031
0 0.000433 0.000987 0.000866 0.000031
0 0.000411 0.001073 0.000822 0.000032
0 0.000402 0.001033 0.000804 0.000031
0 0.000394 0.000993 0.000788 0.000031
0 0.000278 0.001159 0.000556 0.000029
0 0.000377 0.001069 0.000754 0.000029
0 0.000298 0.001250 0.000597 0.000037
0 0.000277 0.001282 0.000553 0.000031
0 0.000192 0.001291 0.000383 0.000045
0 0.000204 0.001336 0.000408 0.000031
0 0.000245 0.001329 0.000490 0.000032
0 0.000469 0.001670 0.000937 0.000031
0 0.000235 0.001346 0.000469 0.000032
0 0.000238 0.001226 0.000477 0.000012
0 0.000234 0.001236 0.000467 0.000014
0 0.000220 0.001256 0.000440 0.000016
0 0.000214 0.001271 0.000428 0.000024
0 0.000206 0.001277 0.000411 0.000013
0 0.000515 0.001595 0.001030 0.000028
0 0.000506 0.001609 0.001012 0.000031
0 0.000497 0.001625 0.000993 0.000029
0 0.000487 0.001640 0.000975 0.000030
0 0.000832 0.000303 0.001665 0.000020