0 0.010490 0.001620 0.019198 0.000022
0 0.000515 0.001295 0.001029 0.000039
0 0.000497 0.001050 0.000995 0.000057
0 0.000540 0.000906 0.001081 0.000142
0 0.000554 0.001063 0.001108 0.000074
0 0.000535 0.001108 0.001071 0.000041
0 0.000522 0.001169 0.001044 0.000040
0 0.000527 0.001144 0.001054 0.000040
0 0.000522 0.001131 0.001043 0.000070
0 0.000509 0.001180 0.001017 0.000078
0 0.000508 0.001287 0.001016 0.000038
0 0.000552 0.001209 0.001105 0.000037
0 0.000551 0.001249 0.001102 0.000054
0 0.000539 0.001290 0.001077 0.000035
0 0.000469 0.001104 0.000938 0.000041
0 0.000537 0.001328 0.001073 0.000049
0 0.000527 0.001362 0.001055 0.000036
0 0.000516 0.001410 0.001031 0.000041
0 0.000510 0.001445 0.001020 0.000051
0 0.000505 0.001528 0.001010 0.000035
0 0.000440 0.001301 0.000880 0.000034
0 0.000552 0.001597 0.001103 0.000031
0 0.000519 0.001685 0.001038 0.000030
0 0.000509 0.001672 0.001018 0.000031
0 0.000623 0.001452 0.001245 0.000030
0 0.000617 0.001414 0.001235 0.000085
0 0.000483 0.001078 0.000966 0.000037
0 0.000457 0.001135 0.000914 0.000036
0 0.000605 0.001788 0.001210 0.000039
0 0.000394 0.001250 0.000787 0.000033
0 0.000127 0.000406 0.000255 0.000057
0 0.000250 0.000373 0.000501 0.000051
0 0.000273 0.000336 0.000545 0.000075
0 0.000332 0.000935 0.000664 0.000080
0 0.000371 0.001040 0.000742 0.000115
0 0.000457 0.000898 0.000913 0.000041
0 0.000445 0.000925 0.000890 0.000044
0 0.000431 0.000957 0.000862 0.000043
0 0.000418 0.000993 0.000836 0.000055
0 0.000404 0.001043 0.000809 0.000062
0 0.000383 0.001085 0.000767 0.000052
0 0.000411 0.001253 0.000821 0.000034
0 0.000454 0.001119 0.000909 0.000034
0 0.000401 0.001299 0.000801 0.000037
0 0.000429 0.001253 0.000858 0.000038
0 0.000421 0.001225 0.000841 0.000041
0 0.000427 0.001337 0.000854 0.000045
0 0.000449 0.001266 0.000898 0.000042
0 0.000454 0.001277 0.000909 0.000037
0 0.000462 0.001239 0.000925 0.000038
0 0.000474 0.001210 0.000948 0.000038
0 0.000439 0.001182 0.000877 0.000039
0 0.000446 0.001157 0.000893 0.000038
0 0.000462 0.001163 0.000924 0.000044
0 0.000623 0.001717 0.001246 0.000033
0 0.000639 0.001743 0.001279 0.000031
0 0.010485 0.001624 0.019208 0.000022
0 0.000915 0.001880 0.001830 0.000047
0 0.000845 0.001849 0.001690 0.000035
0 0.000840 0.001881 0.001679 0.000039
0 0.000833 0.001916 0.001667 0.000039
0 0.000895 0.001774 0.001789 0.000037
0 0.000892 0.001831 0.001784 0.000043
0 0.000880 0.001863 0.001760 0.000037
0 0.000875 0.001895 0.001750 0.000037
0 0.000870 0.001927 0.001739 0.000036
0 0.000952 0.001683 0.001905 0.000037
0 0.000936 0.001788 0.001871 0.000038
0 0.000930 0.001820 0.001859 0.000039
0 0.000910 0.001918 0.001820 0.000039
0 0.000813 0.001786 0.001625 0.000045
0 0.000905 0.001959 0.001810 0.000047
0 0.000917 0.001425 0.001835 0.000035
0 0.000458 0.001792 0.000916 0.000039
0 0.010539 0.001576 0.019101 0.000026
0 0.010533 0.001572 0.019112 0.000025
0 0.010528 0.001569 0.019123 0.000025
0 0.010523 0.001564 0.019133 0.000024
0 0.010523 0.001600 0.019133 0.000025
0 0.010517 0.001600 0.019145 0.000031
0 0.010509 0.001588 0.019160 0.000022
0 0.010479 0.001629 0.019220 0.000024
0 0.000787 0.001903 0.001573 0.000036
0 0.000818 0.001734 0.001636 0.000040
0 0.000631 0.001778 0.001262 0.000042
0 0.000751 0.001389 0.001502 0.000040
0 0.000636 0.001817 0.001272 0.000037
0 0.000620 0.001825 0.001241 0.000042
0 0.000605 0.001838 0.001209 0.000033
0 0.000593 0.001845 0.001187 0.000038
0 0.000573 0.001843 0.001147 0.000024
0 0.000682 0.001584 0.001364 0.000099
0 0.000691 0.001528 0.001381 0.000057
0 0.000698 0.001466 0.001395 0.000055
0 0.000727 0.001519 0.001453 0.000050
0 0.000737 0.001449 0.001474 0.000037
0 0.000744 0.001420 0.001488 0.000039
0 0.000728 0.001345 0.001455 0.000038
0 0.000822 0.001697 0.001645 0.000035
0 0.000736 0.001391 0.001472 0.000079
0 0.000751 0.001571 0.001501 0.000046
0 0.000783 0.001443 0.001566 0.000035
0 0.000793 0.001461 0.001586 0.000036
0 0.000789 0.001481 0.001578 0.000052
0 0.000791 0.001567 0.001582 0.000036
0 0.000825 0.001499 0.001649 0.000036
0 0.000816 0.001513 0.001631 0.000042
0 0.000818 0.001545 0.001635 0.000033
0 0.000806 0.001575 0.001612 0.000032
0 0.000801 0.001599 0.001602 0.000055
0 0.000124 0.000228 0.000247 0.000075