0 0.000520 0.001243 0.001039 0.000064
0 0.000443 0.001452 0.000886 0.000091
0 0.000991 0.001657 0.001981 0.000071
0 0.000994 0.001703 0.001987 0.000068
0 0.000751 0.001144 0.001503 0.000074
0 0.000731 0.001096 0.001463 0.000096
0 0.000703 0.001039 0.001407 0.000074
0 0.000683 0.000990 0.001365 0.000102
0 0.000654 0.000931 0.001309 0.000099
0 0.000492 0.001165 0.000985 0.000087
0 0.000508 0.001107 0.001015 0.000060
0 0.000558 0.001745 0.001116 0.000068
0 0.000511 0.001602 0.001023 0.000149
0 0.000484 0.001603 0.000967 0.000068
0 0.000505 0.001512 0.001009 0.000157
0 0.000393 0.001359 0.000785 0.000071
0 0.000548 0.001204 0.001096 0.000090
0 0.000364 0.001232 0.000729 0.000184
0 0.000317 0.001147 0.000634 0.000159
0 0.000262 0.001078 0.000524 0.000062
0 0.000419 0.001034 0.000838 0.000069
0 0.000398 0.000984 0.000795 0.000065
0 0.000376 0.000946 0.000753 0.000070
0 0.000366 0.000870 0.000733 0.000107
0 0.000393 0.000868 0.000787 0.000071
0 0.000410 0.000710 0.000820 0.000090
0 0.000332 0.000783 0.000664 0.000091
0 0.000303 0.000722 0.000607 0.000093
0 0.000265 0.000651 0.000530 0.000083
0 0.000241 0.000594 0.000482 0.000126
0 0.000972 0.001618 0.001944 0.000063
0 0.000917 0.001855 0.001834 0.000063
0 0.000923 0.001902 0.001846 0.000098
0 0.000896 0.001884 0.001792 0.000065
0 0.000570 0.001132 0.001140 0.000067
0 0.000593 0.001091 0.001186 0.000073
0 0.000613 0.001047 0.001225 0.000067
0 0.000605 0.000982 0.001209 0.000061
0 0.000691 0.001356 0.001383 0.000090
0 0.000715 0.001308 0.001430 0.000080
0 0.000568 0.001454 0.001135 0.000128
0 0.000601 0.001384 0.001202 0.000135
0 0.000643 0.001456 0.001286 0.000092
0 0.000621 0.001501 0.001242 0.000101
0 0.000598 0.001551 0.001196 0.000102
0 0.000572 0.001604 0.001143 0.000083
0 0.000585 0.001768 0.001171 0.000062
0 0.000603 0.001729 0.001207 0.000062
0 0.000622 0.001687 0.001244 0.000063
0 0.000638 0.001647 0.001276 0.000066
0 0.000656 0.001610 0.001312 0.000060
0 0.000672 0.001572 0.001344 0.000067
0 0.000692 0.001532 0.001385 0.000052
0 0.000707 0.001492 0.001414 0.000067
0 0.000725 0.001451 0.001449 0.000056
0 0.000743 0.001413 0.001485 0.000056
0 0.000776 0.001337 0.001552 0.000056
0 0.000793 0.001300 0.001587 0.000064
0 0.000931 0.002005 0.001862 0.000057
0 0.000955 0.002021 0.001911 0.000054
0 0.000960 0.001985 0.001919 0.000061
0 0.012351 0.000340 0.024405 0.000101