0 0.000251 0.002063 0.000501 0.000020
0 0.000276 0.002129 0.000551 0.000021
0 0.000697 0.000863 0.001395 0.000027
0 0.000490 0.000739 0.000980 0.000028
0 0.000655 0.000541 0.001310 0.000029
0 0.000650 0.000563 0.001299 0.000022
0 0.000653 0.000553 0.001305 0.000012
0 0.000653 0.000524 0.001306 0.000011
0 0.000659 0.000521 0.001318 0.000009
0 0.000668 0.000519 0.001335 0.000014
0 0.000679 0.000527 0.001358 0.000022
0 0.000656 0.000589 0.001312 0.000019
0 0.000671 0.000581 0.001341 0.000017
0 0.000686 0.000550 0.001372 0.000017
0 0.000780 0.000315 0.001560 0.000037
0 0.000788 0.000384 0.001577 0.000020
0 0.000793 0.000370 0.001587 0.000017
0 0.000560 0.000848 0.001120 0.000048
0 0.000557 0.000872 0.001114 0.000035
0 0.000548 0.000890 0.001096 0.000024
0 0.000267 0.001293 0.000535 0.000031
0 0.000291 0.001961 0.000583 0.000020
0 0.000144 0.001777 0.000288 0.000036
0 0.000178 0.001694 0.000355 0.000027
0 0.000290 0.001486 0.000581 0.000028
0 0.000307 0.001456 0.000614 0.000023
0 0.000253 0.001278 0.000506 0.000029
0 0.000278 0.001303 0.000557 0.000024
0 0.000535 0.000913 0.001070 0.000028
0 0.000279 0.001217 0.000558 0.000028
0 0.000312 0.001277 0.000623 0.000039
0 0.000324 0.001202 0.000649 0.000042
0 0.000374 0.001134 0.000748 0.000050
0 0.000514 0.000953 0.001029 0.000025
0 0.000522 0.000932 0.001043 0.000039
0 0.000961 0.000132 0.001921 0.000028