0 0.011845 0.001141 0.020952 0.000048
0 0.010535 0.000579 0.019110 0.000079
0 0.010553 0.000753 0.019073 0.000079
0 0.010573 0.000829 0.019032 0.000079
0 0.010595 0.000907 0.018989 0.000081
0 0.010606 0.000898 0.018967 0.000079
0 0.010617 0.000888 0.018944 0.000081
0 0.010585 0.000820 0.019008 0.000081
0 0.010598 0.000810 0.018983 0.000077
0 0.010564 0.000743 0.019051 0.000079
0 0.010543 0.000666 0.019092 0.000079
0 0.010576 0.000733 0.019026 0.000081
0 0.010555 0.000655 0.019069 0.000081
0 0.010522 0.000590 0.019135 0.000079
0 0.010480 0.000431 0.019219 0.000077
0 0.010502 0.000508 0.019174 0.000079
0 0.010513 0.000502 0.019152 0.000081
0 0.010510 0.000594 0.019158 0.000081
0 0.010547 0.000381 0.019084 0.000077
0 0.010535 0.000390 0.019110 0.000079
0 0.010531 0.000435 0.019117 0.000086
0 0.010556 0.000467 0.019067 0.000076
0 0.010554 0.000520 0.019071 0.000084
0 0.010576 0.000544 0.019026 0.000077
0 0.010576 0.000607 0.019026 0.000084
0 0.010600 0.000688 0.018979 0.000086
0 0.010598 0.000622 0.018983 0.000079
0 0.010622 0.000776 0.018934 0.000086
0 0.010647 0.000860 0.018886 0.000084
0 0.010609 0.000611 0.018962 0.000079
0 0.010629 0.000689 0.018921 0.000077
0 0.010650 0.000767 0.018878 0.000079
0 0.010532 0.000672 0.019115 0.000079
0 0.010489 0.000518 0.019201 0.000077
0 0.010488 0.000120 0.019203 0.000079
0 0.010365 0.000402 0.019448 0.000077
0 0.010356 0.000523 0.019466 0.000077
0 0.010377 0.000603 0.019425 0.000076
0 0.010398 0.000682 0.019382 0.000079
0 0.010366 0.000703 0.019447 0.000079
0 0.010391 0.000791 0.019396 0.000077
0 0.010412 0.000870 0.019355 0.000077
0 0.010433 0.000949 0.019312 0.000071
0 0.010420 0.000844 0.019339 0.000077
0 0.010440 0.000921 0.019298 0.000079
0 0.010460 0.000997 0.019258 0.000081
0 0.010359 0.000433 0.019460 0.000079
0 0.010380 0.000508 0.019419 0.000077
0 0.010399 0.000583 0.019380 0.000079
0 0.010422 0.000659 0.019336 0.000077
0 0.010386 0.000479 0.019408 0.000076
0 0.010467 0.000443 0.019244 0.000076
0 0.010407 0.000555 0.019365 0.000077
0 0.010431 0.000644 0.019316 0.000077
0 0.010454 0.000724 0.019271 0.000079
0 0.010473 0.000799 0.019232 0.000077
0 0.010496 0.000885 0.019187 0.000079
0 0.010516 0.000962 0.019147 0.000077
0 0.010379 0.000395 0.019421 0.000077
0 0.010399 0.000476 0.019380 0.000077
0 0.010421 0.000551 0.019337 0.000079
0 0.010444 0.000633 0.019291 0.000077
0 0.010463 0.000709 0.019252 0.000077
0 0.010486 0.000794 0.019207 0.000077
0 0.010505 0.000806 0.019168 0.000069
0 0.010581 0.000909 0.019016 0.000077
0 0.010671 0.000847 0.018837 0.000082
0 0.010495 0.000091 0.019189 0.000076
0 0.011702 0.000649 0.021238 0.000058
0 0.011358 0.000482 0.021926 0.000040
0 0.010697 0.000791 0.018784 0.000077
0 0.010710 0.000788 0.018759 0.000079
0 0.010785 0.001326 0.018609 0.000050
0 0.010818 0.001432 0.018543 0.000047
0 0.010826 0.001465 0.018527 0.000050
0 0.010864 0.001612 0.018451 0.000048
0 0.010874 0.001647 0.018430 0.000047
0 0.002559 0.001910 0.003810 0.000150
0 0.011338 0.000295 0.021967 0.000037
0 0.011328 0.000325 0.021986 0.000034
0 0.011331 0.000395 0.021981 0.000037
0 0.011336 0.000416 0.021971 0.000034
0 0.011344 0.000440 0.021955 0.000037
0 0.011355 0.000459 0.021934 0.000037
0 0.011409 0.000153 0.021825 0.000052
0 0.010681 0.000663 0.018817 0.000079
0 0.011400 0.000138 0.021842 0.000050
0 0.011381 0.000140 0.021881 0.000052
0 0.011392 0.000088 0.021858 0.000050
0 0.011370 0.000120 0.021903 0.000050
0 0.011382 0.000065 0.021879 0.000050
0 0.011362 0.000082 0.021918 0.000047
0 0.011349 0.000076 0.021946 0.000052
0 0.011300 0.000075 0.022043 0.000050
0 0.011281 0.000096 0.022082 0.000053
0 0.011271 0.000067 0.022101 0.000050
0 0.011252 0.000052 0.022138 0.000050
0 0.011654 0.000472 0.021334 0.000060
0 0.011670 0.000529 0.021303 0.000056
0 0.011687 0.000588 0.021270 0.000056
0 0.010702 0.000742 0.018775 0.000076
0 0.010659 0.000586 0.018860 0.000077
0 0.010517 0.000168 0.019145 0.000077
0 0.010704 0.001030 0.018771 0.000045
0 0.010511 0.000198 0.019156 0.000079
0 0.010514 0.000106 0.019150 0.000076
0 0.010538 0.000244 0.019102 0.000077
0 0.010535 0.000184 0.019110 0.000077
0 0.010557 0.000261 0.019065 0.000077
0 0.010645 0.000638 0.018889 0.000077
0 0.010665 0.000715 0.018849 0.000077
0 0.010677 0.000704 0.018825 0.000084
0 0.010893 0.001720 0.018393 0.000047
0 0.010855 0.001577 0.018469 0.000048
0 0.010812 0.001390 0.018554 0.000047
0 0.010765 0.001240 0.018648 0.000050
0 0.010754 0.001216 0.018671 0.000047
0 0.010717 0.001072 0.018745 0.000050
0 0.010434 0.000102 0.019310 0.000047
0 0.010664 0.000624 0.018851 0.000076
0 0.010383 0.000140 0.019413 0.000048
0 0.010453 0.000119 0.019273 0.000039
0 0.010444 0.000144 0.019291 0.000047
0 0.010397 0.000182 0.019384 0.000047
0 0.010414 0.000144 0.019351 0.000044
0 0.010378 0.000172 0.019423 0.000044
0 0.010535 0.000127 0.019110 0.000079
0 0.010557 0.000212 0.019065 0.000079
0 0.010577 0.000290 0.019024 0.000079
0 0.010600 0.000366 0.018979 0.000079
0 0.010589 0.000349 0.019000 0.000077
0 0.010603 0.000433 0.018973 0.000079
0 0.010645 0.000499 0.018889 0.000077
0 0.010642 0.000544 0.018895 0.000077
0 0.010316 0.000374 0.019546 0.000077