0 0.010962 0.000696 0.018255 0.000051
0 0.010624 0.001154 0.018930 0.000038
0 0.010620 0.001053 0.018938 0.000041
0 0.010620 0.001003 0.018938 0.000044
0 0.010626 0.000952 0.018927 0.000038
0 0.010363 0.000506 0.019452 0.000116
0 0.010379 0.000497 0.019420 0.000126
0 0.010397 0.000504 0.019385 0.000113
0 0.010417 0.000499 0.019344 0.000109
0 0.010436 0.000496 0.019307 0.000109
0 0.010544 0.000542 0.019092 0.000154
0 0.010561 0.000544 0.019057 0.000150
0 0.010253 0.000851 0.019672 0.000034
0 0.010256 0.000916 0.019667 0.000041
0 0.010252 0.000638 0.019675 0.000044
0 0.010271 0.000473 0.019637 0.000051
0 0.010262 0.000544 0.019654 0.000048
0 0.010257 0.000685 0.019664 0.000051
0 0.010254 0.000803 0.019670 0.000048
0 0.010254 0.000957 0.019670 0.000034
0 0.010248 0.001000 0.019683 0.000044
0 0.010248 0.001085 0.019683 0.000065
0 0.010254 0.001048 0.019670 0.000058
0 0.010248 0.001133 0.019683 0.000058
0 0.010245 0.001184 0.019689 0.000058
0 0.010242 0.001379 0.019694 0.000044
0 0.010240 0.001425 0.019699 0.000048
0 0.010624 0.001101 0.018930 0.000041
0 0.010624 0.001205 0.018930 0.000044
0 0.010468 0.001285 0.019242 0.000048
0 0.010616 0.001253 0.018946 0.000044
0 0.010240 0.001227 0.019699 0.000041
0 0.010237 0.001272 0.019705 0.000034
0 0.010240 0.001316 0.019699 0.000041
0 0.010245 0.001509 0.019689 0.000031
0 0.010233 0.001548 0.019713 0.000034
0 0.010246 0.001601 0.019686 0.000044
0 0.010244 0.001663 0.019691 0.000065
0 0.010236 0.001707 0.019707 0.000085
0 0.010300 0.001769 0.019578 0.000154
0 0.010332 0.001771 0.019514 0.000157
0 0.010400 0.001781 0.019379 0.000157
0 0.010418 0.001783 0.019342 0.000154
0 0.010367 0.001049 0.019444 0.000041
0 0.010375 0.001234 0.019428 0.000041
0 0.010373 0.001321 0.019433 0.000038
0 0.010370 0.001366 0.019438 0.000038
0 0.010373 0.001420 0.019433 0.000038
0 0.010365 0.001480 0.019449 0.000041
0 0.010453 0.001774 0.019272 0.000150
0 0.010474 0.001779 0.019231 0.000154
0 0.010460 0.001439 0.019258 0.000034
0 0.010461 0.001376 0.019256 0.000038
0 0.010460 0.001328 0.019258 0.000038
0 0.010616 0.001453 0.018946 0.000034
0 0.010612 0.001355 0.018954 0.000038
0 0.010238 0.001466 0.019702 0.000048
0 0.010467 0.001225 0.019245 0.000051
0 0.010967 0.000749 0.018244 0.000048
0 0.010829 0.001789 0.018521 0.000154
0 0.010865 0.001786 0.018449 0.000154
0 0.010888 0.001796 0.018403 0.000147
0 0.010911 0.001793 0.018357 0.000147
0 0.010822 0.001384 0.018535 0.000048
0 0.010822 0.001431 0.018535 0.000051
0 0.010818 0.001537 0.018543 0.000051
0 0.010951 0.001682 0.018277 0.000055
0 0.010947 0.001636 0.018285 0.000044
0 0.010954 0.001595 0.018271 0.000044
0 0.010944 0.001552 0.018290 0.000055
0 0.010950 0.001506 0.018279 0.000044
0 0.010942 0.001466 0.018296 0.000048
0 0.010939 0.001412 0.018301 0.000055
0 0.010942 0.001362 0.018296 0.000058
0 0.010948 0.001307 0.018282 0.000065
0 0.010956 0.001260 0.018266 0.000058
0 0.010950 0.001193 0.018279 0.000055
0 0.010944 0.001145 0.018290 0.000048
0 0.010946 0.001096 0.018287 0.000044
0 0.010946 0.001049 0.018287 0.000041
0 0.010947 0.001005 0.018285 0.000041
0 0.010947 0.000955 0.018285 0.000058
0 0.010950 0.000908 0.018279 0.000051
0 0.010951 0.000861 0.018277 0.000055
0 0.010960 0.000802 0.018258 0.000051
0 0.010849 0.001791 0.018481 0.000157
0 0.010810 0.001791 0.018559 0.000150
0 0.010467 0.001176 0.019245 0.000048
0 0.010790 0.001778 0.018599 0.000150
0 0.010466 0.001125 0.019248 0.000048
0 0.010468 0.001077 0.019242 0.000048
0 0.010470 0.001025 0.019239 0.000048
0 0.010468 0.000976 0.019242 0.000044
0 0.010470 0.000921 0.019239 0.000051
0 0.010470 0.000870 0.019239 0.000051
0 0.010475 0.000819 0.019229 0.000051
0 0.010476 0.000766 0.019226 0.000048
0 0.010615 0.001405 0.018949 0.000055
0 0.010511 0.001781 0.019156 0.000157
0 0.010531 0.001788 0.019116 0.000150
0 0.010942 0.001769 0.018296 0.000133
0 0.010737 0.001523 0.018704 0.000051
0 0.010736 0.001468 0.018707 0.000044
0 0.010552 0.001774 0.019075 0.000150
0 0.010572 0.001788 0.019035 0.000150
0 0.010591 0.001779 0.018997 0.000154
0 0.010612 0.001786 0.018954 0.000154
0 0.010647 0.001788 0.018884 0.000144
0 0.010670 0.001789 0.018839 0.000140
0 0.010691 0.001784 0.018796 0.000150
0 0.010710 0.001795 0.018758 0.000150
0 0.010732 0.001795 0.018715 0.000150
0 0.010755 0.001803 0.018669 0.000154
0 0.010772 0.001779 0.018634 0.000154
0 0.010245 0.000745 0.019689 0.000041