0 0.012097 0.000703 0.020449 0.000040
0 0.010752 0.001168 0.018676 0.000050
0 0.010624 0.001054 0.018931 0.000048
0 0.010641 0.001069 0.018896 0.000048
0 0.010657 0.001088 0.018866 0.000048
0 0.010677 0.001102 0.018825 0.000052
0 0.010693 0.001121 0.018792 0.000048
0 0.010712 0.001136 0.018754 0.000044
0 0.010731 0.001154 0.018716 0.000048
0 0.010692 0.000972 0.018795 0.000054
0 0.010750 0.000942 0.018678 0.000079
0 0.010768 0.000964 0.018643 0.000081
0 0.010788 0.000979 0.018602 0.000077
0 0.010809 0.000995 0.018561 0.000077
0 0.010825 0.001010 0.018529 0.000077
0 0.010767 0.001051 0.018645 0.000062
0 0.010767 0.001188 0.018645 0.000052
0 0.010568 0.001001 0.019043 0.000046
0 0.010786 0.001203 0.018607 0.000050
0 0.010803 0.001222 0.018572 0.000046
0 0.010824 0.001236 0.018531 0.000052
0 0.010839 0.001255 0.018501 0.000050
0 0.010714 0.001075 0.018752 0.000056
0 0.010882 0.001060 0.018415 0.000077
0 0.010901 0.001076 0.018377 0.000077
0 0.010863 0.001045 0.018453 0.000077
0 0.010919 0.001091 0.018341 0.000077
0 0.010838 0.001187 0.018503 0.000058
0 0.010863 0.001139 0.018453 0.000046
0 0.010923 0.001368 0.018333 0.000077
0 0.010973 0.001514 0.018232 0.000054
0 0.010968 0.001460 0.018242 0.000056
0 0.010583 0.001023 0.019012 0.000048
0 0.010543 0.000988 0.019094 0.000048
0 0.011035 0.001357 0.018108 0.000054
0 0.010678 0.001653 0.018822 0.000081
0 0.010459 0.001671 0.019261 0.000052
0 0.010440 0.001655 0.019299 0.000050
0 0.010422 0.001637 0.019334 0.000048
0 0.010401 0.001621 0.019377 0.000052
0 0.010383 0.001604 0.019413 0.000048
0 0.010351 0.001920 0.019476 0.000050
0 0.010569 0.001774 0.019040 0.000050
0 0.010588 0.001788 0.019002 0.000050
0 0.010586 0.001571 0.019007 0.000079
0 0.010602 0.001580 0.018974 0.000077
0 0.010607 0.001805 0.018964 0.000050
0 0.010622 0.001604 0.018934 0.000079
0 0.010641 0.001624 0.018896 0.000081
0 0.010658 0.001639 0.018863 0.000081
0 0.010639 0.001699 0.018901 0.000054
0 0.010532 0.000968 0.019114 0.000046
0 0.010606 0.002185 0.018967 0.000079
0 0.010640 0.002088 0.018898 0.000077
0 0.010674 0.002006 0.018830 0.000079
0 0.010739 0.001834 0.018701 0.000081
0 0.010950 0.001893 0.018278 0.000081
0 0.011040 0.002185 0.018098 0.000071
0 0.011049 0.002153 0.018080 0.000073
0 0.011066 0.002128 0.018047 0.000073
0 0.011075 0.002100 0.018029 0.000071
0 0.011087 0.002075 0.018004 0.000071
0 0.011096 0.002046 0.017986 0.000075
0 0.010550 0.000842 0.019078 0.000052
0 0.010532 0.000862 0.019114 0.000058
0 0.010515 0.000953 0.019149 0.000046
0 0.011019 0.001480 0.018141 0.000069
0 0.011043 0.001326 0.018093 0.000058
0 0.010497 0.001705 0.019185 0.000050
0 0.010673 0.000474 0.018833 0.000079
0 0.010824 0.000832 0.018531 0.000060
0 0.010805 0.000816 0.018569 0.000058
0 0.010779 0.000807 0.018620 0.000060
0 0.010769 0.000782 0.018640 0.000060
0 0.010824 0.000763 0.018531 0.000056
0 0.010840 0.000619 0.018498 0.000079
0 0.010802 0.000572 0.018574 0.000079
0 0.010748 0.000543 0.018683 0.000077
0 0.010729 0.000526 0.018721 0.000079
0 0.010754 0.000696 0.018670 0.000056
0 0.010695 0.000649 0.018790 0.000056
0 0.010701 0.000587 0.018777 0.000058
0 0.010708 0.000507 0.018762 0.000079
0 0.010691 0.000488 0.018797 0.000079
0 0.010654 0.000450 0.018871 0.000077
0 0.010877 0.000658 0.018425 0.000077
0 0.010635 0.000433 0.018909 0.000077
0 0.010616 0.000422 0.018947 0.000079
0 0.010600 0.000407 0.018980 0.000079
0 0.010579 0.000392 0.019020 0.000079
0 0.010592 0.000484 0.018995 0.000056
0 0.010532 0.000433 0.019114 0.000058
0 0.010562 0.000374 0.019056 0.000079
0 0.010543 0.000355 0.019094 0.000079
0 0.010524 0.000337 0.019132 0.000077
0 0.010503 0.000320 0.019172 0.000079
0 0.010477 0.000383 0.019225 0.000054
0 0.010487 0.000303 0.019205 0.000079
0 0.010466 0.000284 0.019246 0.000079
0 0.010450 0.000271 0.019279 0.000077
0 0.010858 0.000643 0.018463 0.000077
0 0.010895 0.000676 0.018389 0.000079
0 0.011045 0.001306 0.018088 0.000060
0 0.010453 0.000497 0.019273 0.000056
0 0.011070 0.001264 0.018040 0.000058
0 0.010715 0.000729 0.018749 0.000054
0 0.010701 0.000711 0.018777 0.000052
0 0.010659 0.000680 0.018860 0.000052
0 0.010641 0.000664 0.018896 0.000054
0 0.010622 0.000648 0.018934 0.000054
0 0.010583 0.000617 0.019012 0.000052
0 0.010568 0.000597 0.019043 0.000056
0 0.010548 0.000581 0.019083 0.000054
0 0.010526 0.000567 0.019126 0.000056
0 0.010508 0.000546 0.019162 0.000050
0 0.010491 0.000530 0.019197 0.000056
0 0.010455 0.000684 0.019268 0.000071
0 0.010470 0.000516 0.019238 0.000058
0 0.010435 0.000480 0.019309 0.000056
0 0.010914 0.000693 0.018351 0.000077
0 0.010418 0.000465 0.019342 0.000056
0 0.010673 0.000699 0.018833 0.000056
0 0.010726 0.000753 0.018726 0.000060
0 0.010749 0.000766 0.018681 0.000062
0 0.010954 0.000954 0.018270 0.000058
0 0.010931 0.000937 0.018316 0.000062
0 0.010919 0.000916 0.018341 0.000062
0 0.010897 0.000899 0.018384 0.000058
0 0.010879 0.000880 0.018420 0.000060
0 0.010860 0.000865 0.018458 0.000060
0 0.010929 0.000858 0.018321 0.000058
0 0.010952 0.000724 0.018275 0.000079
0 0.010900 0.000767 0.018379 0.000056
0 0.010931 0.000710 0.018316 0.000077
0 0.010475 0.001691 0.019228 0.000054
0 0.010516 0.001719 0.019147 0.000052
0 0.011277 0.001271 0.022088 0.000048
0 0.012053 0.000206 0.020538 0.000035
0 0.011784 0.001236 0.021075 0.000037
0 0.011771 0.001224 0.021100 0.000042
0 0.011761 0.001213 0.021120 0.000037
0 0.011749 0.001205 0.021146 0.000038
0 0.011737 0.001192 0.021169 0.000037
0 0.011722 0.001185 0.021199 0.000050
0 0.011688 0.001143 0.021267 0.000042
0 0.011624 0.001088 0.021394 0.000037
0 0.011528 0.001013 0.021587 0.000048
0 0.011880 0.000573 0.020882 0.000046
0 0.011899 0.000636 0.020844 0.000040
0 0.012051 0.000648 0.020540 0.000033
0 0.012229 0.000368 0.020186 0.000033
0 0.012184 0.000365 0.020274 0.000040
0 0.012053 0.000247 0.020538 0.000033
0 0.012217 0.001237 0.020208 0.000042
0 0.011172 0.000341 0.022299 0.000038
0 0.011208 0.000310 0.022228 0.000058
0 0.011222 0.000161 0.022200 0.000048
0 0.011223 0.000065 0.022197 0.000042
0 0.011246 0.000128 0.022152 0.000048
0 0.010820 0.000610 0.018539 0.000077
0 0.010255 0.000689 0.019669 0.000077
0 0.010482 0.001297 0.019215 0.000054
0 0.010527 0.001342 0.019124 0.000056
0 0.010733 0.000933 0.018714 0.000069
0 0.010715 0.000917 0.018749 0.000067
0 0.010697 0.000899 0.018784 0.000069
0 0.010678 0.000880 0.018822 0.000071
0 0.010658 0.000866 0.018863 0.000069
0 0.011964 0.000998 0.020715 0.000040
0 0.012160 0.001692 0.020322 0.000040
0 0.010622 0.000831 0.018934 0.000069
0 0.011759 0.001340 0.021126 0.000037
0 0.011921 0.000095 0.020801 0.000037
0 0.010949 0.001588 0.018280 0.000098
0 0.012047 0.002215 0.020548 0.000038
0 0.012058 0.002177 0.020528 0.000040
0 0.012251 0.002008 0.020140 0.000033
0 0.012104 0.002051 0.020434 0.000031
0 0.012115 0.002037 0.020414 0.000029
0 0.012130 0.001994 0.020383 0.000031
0 0.012139 0.001978 0.020365 0.000042
0 0.012145 0.001961 0.020353 0.000042
0 0.012145 0.001940 0.020353 0.000035
0 0.012158 0.001922 0.020327 0.000031
0 0.012050 0.001827 0.020543 0.000048
0 0.011334 0.001430 0.021974 0.000031
0 0.011770 0.001351 0.021103 0.000035
0 0.012144 0.001684 0.020355 0.000042
0 0.011793 0.001249 0.021057 0.000046
0 0.011780 0.001359 0.021082 0.000040
0 0.011819 0.001272 0.021004 0.000035
0 0.011795 0.001372 0.021052 0.000042
0 0.011817 0.001397 0.021009 0.000038
0 0.011844 0.001288 0.020956 0.000037
0 0.011857 0.001296 0.020928 0.000037
0 0.011890 0.001333 0.020862 0.000037
0 0.011899 0.001345 0.020844 0.000050
0 0.011927 0.001365 0.020789 0.000037
0 0.011940 0.001378 0.020763 0.000038
0 0.011950 0.001382 0.020743 0.000042
0 0.011958 0.001646 0.020728 0.000040
0 0.012121 0.001669 0.020401 0.000037
0 0.010640 0.000850 0.018898 0.000071
0 0.010606 0.000817 0.018967 0.000071
0 0.010531 0.001740 0.019116 0.000052
0 0.010198 0.001626 0.019783 0.000081
0 0.010418 0.001424 0.019342 0.000081
0 0.010437 0.001436 0.019304 0.000079
0 0.010473 0.001472 0.019233 0.000081
0 0.010511 0.001504 0.019157 0.000079
0 0.010567 0.001555 0.019045 0.000077
0 0.010247 0.001904 0.019684 0.000064
0 0.010235 0.001412 0.019709 0.000058
0 0.010269 0.001660 0.019641 0.000079
0 0.010250 0.001643 0.019679 0.000081
0 0.010235 0.001635 0.019709 0.000079
0 0.010212 0.001856 0.019755 0.000064
0 0.010184 0.001817 0.019811 0.000063
0 0.010154 0.001798 0.019871 0.000071
0 0.010130 0.001787 0.019920 0.000071
0 0.010090 0.001701 0.019998 0.000065
0 0.010401 0.001406 0.019377 0.000079
0 0.010150 0.001341 0.019879 0.000081
0 0.010340 0.000801 0.019499 0.000040
0 0.010397 0.000781 0.019385 0.000054
0 0.010437 0.000664 0.019304 0.000073
0 0.010417 0.000645 0.019344 0.000069
0 0.010401 0.000635 0.019377 0.000073
0 0.010373 0.000607 0.019433 0.000079
0 0.010312 0.001148 0.019555 0.000056
0 0.010257 0.001099 0.019664 0.000050
0 0.010456 0.001450 0.019266 0.000079
0 0.010492 0.001480 0.019195 0.000077
0 0.010527 0.001522 0.019124 0.000077
0 0.010548 0.001537 0.019083 0.000079
0 0.010551 0.001756 0.019076 0.000052
0 0.010349 0.001569 0.019481 0.000052
0 0.010380 0.001390 0.019418 0.000079
0 0.010584 0.000791 0.019010 0.000069
0 0.010627 0.001434 0.018924 0.000058
0 0.010565 0.000783 0.019048 0.000069
0 0.010549 0.000770 0.019081 0.000069
0 0.010529 0.000750 0.019121 0.000073
0 0.010512 0.000737 0.019154 0.000073
0 0.010496 0.000935 0.019187 0.000042
0 0.010492 0.000708 0.019195 0.000077
0 0.010478 0.000919 0.019223 0.000044
0 0.010456 0.000902 0.019266 0.000042
0 0.010442 0.000883 0.019294 0.000042
0 0.010421 0.000868 0.019337 0.000042
0 0.010398 0.000853 0.019382 0.000048
0 0.010378 0.000838 0.019423 0.000044
0 0.010359 0.000819 0.019461 0.000044
0 0.010578 0.001387 0.019023 0.000054
0 0.010682 0.001481 0.018815 0.000056
0 0.010363 0.001372 0.019453 0.000077
0 0.010734 0.001524 0.018711 0.000054
0 0.011012 0.001411 0.018154 0.000052
0 0.011019 0.001385 0.018141 0.000056
0 0.010268 0.001506 0.019643 0.000048
0 0.010270 0.001291 0.019638 0.000077
0 0.010288 0.001298 0.019603 0.000079
0 0.010307 0.001321 0.019565 0.000079
0 0.010228 0.001473 0.019722 0.000052
0 0.010247 0.001491 0.019684 0.000054
0 0.010289 0.001520 0.019600 0.000046
0 0.010307 0.001538 0.019565 0.000048
0 0.010327 0.001554 0.019524 0.000048
0 0.010326 0.001339 0.019527 0.000077
0 0.010345 0.001356 0.019489 0.000079
0 0.010417 0.000340 0.019344 0.000040