0 0.008395 0.001138 0.014460 0.000040
0 0.001487 0.000842 0.001489 0.000026
0 0.001351 0.000503 0.001762 0.000035
0 0.001392 0.000413 0.001680 0.000027
0 0.001402 0.000415 0.001661 0.000024
0 0.001400 0.000425 0.001664 0.000028
0 0.001408 0.000480 0.001648 0.000009
0 0.001398 0.000491 0.001669 0.000012
0 0.001436 0.000659 0.001592 0.000037
0 0.001443 0.000666 0.001578 0.000042
0 0.001461 0.000670 0.001542 0.000038
0 0.001459 0.000665 0.001547 0.000031
0 0.001414 0.000558 0.001636 0.000013
0 0.001413 0.000552 0.001639 0.000015
0 0.001402 0.000380 0.001661 0.000016
0 0.001422 0.000128 0.001621 0.000011
0 0.008104 0.000347 0.015042 0.000009
0 0.001260 0.000201 0.001945 0.000009
0 0.001283 0.000233 0.001898 0.000014
0 0.001492 0.000839 0.001479 0.000028
0 0.001544 0.000841 0.001376 0.000042
0 0.001552 0.000855 0.001360 0.000040
0 0.008384 0.001104 0.014481 0.000030
0 0.001354 0.000500 0.001757 0.000042