0 0.009597 0.001828 0.016520 0.000027
0 0.009229 0.001030 0.017257 0.000015
0 0.009577 0.000118 0.016561 0.000142
0 0.009396 0.000516 0.016922 0.000029
0 0.009471 0.000260 0.016773 0.000020
0 0.009532 0.000389 0.016651 0.000018
0 0.009563 0.000236 0.016588 0.000020
0 0.009121 0.001052 0.017473 0.000009
0 0.009162 0.000878 0.017390 0.000008
0 0.009116 0.001070 0.017483 0.000009
0 0.009348 0.001282 0.017018 0.000026
0 0.009104 0.001097 0.017507 0.000028
0 0.009100 0.001123 0.017515 0.000015
0 0.009094 0.001145 0.017526 0.000013
0 0.009256 0.001085 0.017202 0.000015
0 0.009260 0.001094 0.017194 0.000013
0 0.009696 0.001035 0.016322 0.000023
0 0.009521 0.001392 0.016671 0.000030
0 0.008935 0.000096 0.017845 0.000043