0 0.008975 0.001807 0.017765 0.000006
0 0.009651 0.001868 0.016412 0.000015
0 0.009918 0.001794 0.015879 0.000022
0 0.008957 0.001613 0.017800 0.000020
0 0.009687 0.001864 0.016341 0.000028
0 0.006720 0.001176 0.013347 0.000050
0 0.006752 0.001140 0.013282 0.000132
0 0.008992 0.000468 0.017729 0.000011
0 0.009306 0.000082 0.017103 0.000005
0 0.009555 0.002171 0.016604 0.000124
0 0.009581 0.001876 0.016553 0.000005
0 0.009471 0.001326 0.016773 0.000033
0 0.008930 0.001421 0.017855 0.000008
0 0.008932 0.001487 0.017849 0.000009
0 0.009238 0.001216 0.017238 0.000008
0 0.008963 0.001338 0.017789 0.000008
0 0.008975 0.001412 0.017765 0.000005
0 0.009657 0.001237 0.016401 0.000009
0 0.009432 0.000242 0.016850 0.000014