0 0.008994 0.001357 0.017726 0.000016
0 0.008963 0.001348 0.017787 0.000013
0 0.002420 0.000213 0.004089 0.000006
0 0.002417 0.000217 0.004095 0.000007
0 0.002351 0.001005 0.004226 0.000015
0 0.002366 0.001085 0.004196 0.000018
0 0.002381 0.001080 0.004167 0.000017
0 0.002395 0.001074 0.004138 0.000018
0 0.002340 0.001074 0.004249 0.000006
0 0.002369 0.001045 0.004190 0.000008
0 0.002370 0.001054 0.004188 0.000006
0 0.002248 0.001790 0.004432 0.000022
0 0.002235 0.001797 0.004458 0.000022
0 0.002238 0.001822 0.004453 0.000023
0 0.002251 0.001817 0.004427 0.000022
0 0.002240 0.001848 0.004448 0.000022
0 0.002254 0.001843 0.004421 0.000022
0 0.002243 0.001874 0.004443 0.000021
0 0.002256 0.001868 0.004417 0.000022
0 0.002246 0.001900 0.004437 0.000022
0 0.002259 0.001895 0.004411 0.000022
0 0.002249 0.001926 0.004431 0.000022
0 0.002262 0.001920 0.004405 0.000022
0 0.002234 0.002145 0.004461 0.000036
0 0.002267 0.002072 0.004395 0.000017
0 0.002268 0.002095 0.004392 0.000023
0 0.002270 0.002121 0.004388 0.000023
0 0.002280 0.002066 0.004369 0.000017
0 0.002281 0.002090 0.004366 0.000022
0 0.002284 0.002116 0.004360 0.000022
0 0.002254 0.001978 0.004420 0.000037
0 0.002422 0.000209 0.004084 0.000007
0 0.002446 0.000212 0.004037 0.000008
0 0.002448 0.000220 0.004033 0.000008
0 0.002248 0.000542 0.004432 0.000005
0 0.002293 0.000403 0.004342 0.000018
0 0.002288 0.000379 0.004353 0.000013
0 0.002283 0.000366 0.004362 0.000013
0 0.002280 0.000356 0.004368 0.000009
0 0.002277 0.000347 0.004374 0.000010
0 0.002282 0.000340 0.004364 0.000011
0 0.002285 0.000349 0.004358 0.000012
0 0.002290 0.000360 0.004348 0.000010
0 0.002294 0.000369 0.004342 0.000010
0 0.002277 0.000505 0.004376 0.000006
0 0.002267 0.000521 0.004395 0.000005
0 0.002265 0.000524 0.004398 0.000005
0 0.002263 0.000528 0.004402 0.000005
0 0.002246 0.000545 0.004436 0.000004
0 0.002445 0.000194 0.004039 0.000008
0 0.002245 0.000540 0.004439 0.000005
0 0.002247 0.000538 0.004435 0.000005
0 0.002253 0.000637 0.004423 0.000005
0 0.002251 0.000640 0.004427 0.000004
0 0.002251 0.000627 0.004427 0.000005
0 0.002249 0.000635 0.004430 0.000005
0 0.002247 0.000625 0.004435 0.000006
0 0.002449 0.000203 0.004030 0.000009
0 0.002452 0.000213 0.004024 0.000009
0 0.002459 0.000221 0.004011 0.000006
0 0.002456 0.000225 0.004017 0.000006
0 0.002453 0.000228 0.004023 0.000006
0 0.002448 0.000190 0.004032 0.000007
0 0.002258 0.002020 0.004412 0.000036
0 0.002273 0.001970 0.004382 0.000038
0 0.002277 0.002012 0.004374 0.000037
0 0.002377 0.001430 0.004174 0.000007
0 0.009885 0.000934 0.015944 0.000028
0 0.009892 0.000932 0.015930 0.000028
0 0.009902 0.001257 0.015910 0.000044
0 0.009909 0.001255 0.015896 0.000039
0 0.009763 0.001371 0.016188 0.000016
0 0.009763 0.001388 0.016188 0.000012
0 0.009461 0.001316 0.016792 0.000130
0 0.009467 0.001304 0.016780 0.000107
0 0.008977 0.000246 0.017761 0.000118
0 0.009343 0.001291 0.017028 0.000055
0 0.009336 0.001296 0.017042 0.000051
0 0.002444 0.000205 0.004041 0.000009
0 0.002377 0.001421 0.004175 0.000007
0 0.002381 0.001419 0.004167 0.000006
0 0.002603 0.002130 0.003722 0.000032
0 0.002382 0.001428 0.004165 0.000008
0 0.002382 0.001437 0.004165 0.000006
0 0.002378 0.001446 0.004172 0.000007
0 0.005916 0.000996 0.010489 0.000023
0 0.005921 0.001014 0.010479 0.000024
0 0.009574 0.001620 0.016567 0.000018
0 0.009571 0.001638 0.016573 0.000017
0 0.009442 0.001025 0.016831 0.000148
0 0.009441 0.001073 0.016833 0.000137
0 0.009932 0.001356 0.015850 0.000037
0 0.009942 0.001505 0.015830 0.000056
0 0.009766 0.001564 0.016181 0.000054
0 0.008113 0.001538 0.015023 0.000032
0 0.002604 0.002165 0.003721 0.000032
0 0.002586 0.002167 0.003756 0.000033
0 0.002292 0.001961 0.004344 0.000039
0 0.002248 0.001414 0.004432 0.000012
0 0.002296 0.002003 0.004336 0.000037
0 0.002303 0.002058 0.004323 0.000017
0 0.002305 0.002077 0.004319 0.000017
0 0.002307 0.002096 0.004315 0.000017
0 0.002309 0.002115 0.004310 0.000017
0 0.002315 0.002053 0.004299 0.000017
0 0.002316 0.002072 0.004296 0.000017
0 0.002318 0.002091 0.004292 0.000017
0 0.002321 0.002110 0.004287 0.000017
0 0.002255 0.001411 0.004419 0.000012
0 0.002256 0.001424 0.004417 0.000011
0 0.002257 0.001438 0.004414 0.000012
0 0.002258 0.001451 0.004412 0.000012
0 0.002249 0.001427 0.004431 0.000011
0 0.002586 0.002132 0.003757 0.000032
0 0.002250 0.001440 0.004428 0.000012
0 0.002252 0.001454 0.004425 0.000012
0 0.002235 0.001417 0.004459 0.000009
0 0.002235 0.001428 0.004458 0.000008
0 0.002236 0.001439 0.004456 0.000009
0 0.002237 0.001451 0.004454 0.000009
0 0.002238 0.001461 0.004452 0.000009
0 0.002233 0.001463 0.004463 0.000009
0 0.002232 0.001453 0.004464 0.000010
0 0.002321 0.002195 0.004286 0.000028
0 0.002304 0.002203 0.004320 0.000028
0 0.002287 0.002210 0.004355 0.000028
0 0.002271 0.002223 0.004387 0.000017
0 0.002299 0.000422 0.004330 0.000018