0 0.001365 0.001605 0.001734 0.000037
0 0.001683 0.001856 0.001098 0.000061
0 0.001195 0.000869 0.002075 0.000041
0 0.001292 0.000894 0.001880 0.000132
0 0.001497 0.001270 0.001470 0.000094
0 0.001787 0.000883 0.000890 0.000050
0 0.002169 0.000654 0.000126 0.000042
0 0.001927 0.000513 0.000610 0.000030
0 0.001793 0.000313 0.000878 0.000023
0 0.001714 0.000595 0.001036 0.000045
0 0.001767 0.000161 0.000931 0.000040
0 0.001802 0.000363 0.000860 0.000035
0 0.001820 0.000385 0.000825 0.000034
0 0.001944 0.000536 0.000576 0.000033
0 0.001974 0.000568 0.000516 0.000030
0 0.001994 0.000590 0.000476 0.000031
0 0.001842 0.000429 0.000781 0.000033
0 0.001881 0.000470 0.000701 0.000052
0 0.002121 0.000631 0.000222 0.000085
0 0.001227 0.000994 0.002010 0.000050
0 0.001211 0.001002 0.002042 0.000041
0 0.001184 0.001020 0.002097 0.000056
0 0.001595 0.002000 0.001273 0.000060
0 0.008479 0.000120 0.014291 0.000057
0 0.009963 0.000430 0.015789 0.000039
0 0.001569 0.001744 0.001325 0.000045
0 0.001326 0.002095 0.001813 0.000047
0 0.001356 0.002145 0.001753 0.000038
0 0.001630 0.001892 0.001204 0.000061
0 0.001619 0.001953 0.001227 0.000041
0 0.001695 0.002107 0.001074 0.000057
0 0.001195 0.001100 0.002075 0.000042
0 0.001708 0.002204 0.001047 0.000039
0 0.001703 0.001393 0.001059 0.000053
0 0.001475 0.001507 0.001515 0.000050
0 0.001434 0.001630 0.001597 0.000039
0 0.001415 0.001434 0.001635 0.000048
0 0.001365 0.001503 0.001734 0.000042
0 0.001338 0.001320 0.001789 0.000068
0 0.002035 0.000636 0.000395 0.000031