0 0.009350 0.000219 0.017015 0.000025
0 0.009278 0.000511 0.017157 0.000056
0 0.009134 0.000839 0.017446 0.000030
0 0.008591 0.000065 0.014068 0.000022
0 0.008331 0.000490 0.014589 0.000088
0 0.008259 0.000264 0.014733 0.000062
0 0.002180 0.001814 0.000104 0.000059
0 0.006977 0.000793 0.012832 0.000065
0 0.005856 0.000779 0.010609 0.000024
0 0.005861 0.000773 0.010599 0.000025
0 0.005867 0.000766 0.010588 0.000023
0 0.005604 0.000055 0.011113 0.000016
0 0.005591 0.000064 0.011140 0.000016
0 0.002214 0.001186 0.000036 0.000040
0 0.002204 0.000657 0.000057 0.000064
0 0.001571 0.000234 0.001322 0.000024