0 0.008935 0.000798 0.017844 0.000006
0 0.008946 0.000759 0.017821 0.000006
0 0.002190 0.000566 0.000085 0.000033
0 0.002099 0.001396 0.000267 0.000034
0 0.002190 0.001031 0.000085 0.000046
0 0.001357 0.001617 0.001751 0.000032
0 0.001312 0.002006 0.001839 0.000025
0 0.002060 0.001714 0.000344 0.000039
0 0.002042 0.001864 0.000381 0.000042
0 0.001566 0.002061 0.001331 0.000053
0 0.009270 0.000894 0.017175 0.000007
0 0.009319 0.000795 0.017077 0.000009
0 0.009332 0.000844 0.017050 0.000007
0 0.009420 0.000785 0.016874 0.000041
0 0.002009 0.000792 0.000445 0.000042
0 0.013837 0.000960 0.025898 0.000015
0 0.002092 0.001041 0.000281 0.000039
0 0.001230 0.001704 0.002004 0.000013
0 0.001613 0.001937 0.001238 0.000060
0 0.001512 0.001889 0.001440 0.000050
0 0.006731 0.000435 0.013323 0.000112
0 0.008982 0.000067 0.017750 0.000006
0 0.009030 0.000100 0.017653 0.000008
0 0.005680 0.000138 0.010962 0.000018
0 0.005664 0.000152 0.010994 0.000018
0 0.005675 0.000144 0.010972 0.000018
0 0.009050 0.000150 0.017614 0.000033
0 0.009789 0.000126 0.016136 0.000028
0 0.009795 0.000129 0.016124 0.000030
0 0.002179 0.000951 0.000107 0.000042