0 0.010013 0.000134 0.015688 0.000031
0 0.001403 0.001277 0.001658 0.000033
0 0.001538 0.001641 0.001389 0.000040
0 0.001551 0.001615 0.001362 0.000050
0 0.001420 0.001637 0.001623 0.000035
0 0.001342 0.001699 0.001781 0.000033
0 0.001304 0.001358 0.001857 0.000040
0 0.001505 0.001599 0.001454 0.000033
0 0.001512 0.001580 0.001440 0.000033
0 0.001431 0.001455 0.001603 0.000049
0 0.001612 0.001244 0.001241 0.000025
0 0.009835 0.000088 0.016045 0.000023
0 0.001126 0.000928 0.002213 0.000035
0 0.001154 0.001062 0.002157 0.000064
0 0.001269 0.001126 0.001926 0.000050
0 0.001289 0.000915 0.001886 0.000072
0 0.001184 0.000713 0.002096 0.000078
0 0.001904 0.000306 0.000657 0.000028
0 0.001900 0.000310 0.000665 0.000027
0 0.001894 0.000282 0.000676 0.000027
0 0.001530 0.001664 0.001404 0.000039
0 0.001539 0.001793 0.001387 0.000049
0 0.001555 0.001775 0.001354 0.000048
0 0.001620 0.001783 0.001225 0.000037
0 0.009814 0.000117 0.016085 0.000011
0 0.009774 0.000159 0.016166 0.000012
0 0.009745 0.000185 0.016224 0.000023
0 0.001457 0.002169 0.001550 0.000037
0 0.001445 0.001829 0.001575 0.000044
0 0.001518 0.001468 0.001429 0.000034
0 0.001759 0.001256 0.000947 0.000015
0 0.009874 0.000053 0.015967 0.000012
0 0.008929 0.000127 0.017855 0.000254
0 0.002035 0.002090 0.000393 0.000038
0 0.001869 0.002143 0.000725 0.000058
0 0.002029 0.001917 0.000406 0.000026
0 0.001890 0.001770 0.000685 0.000014
0 0.001744 0.001974 0.000976 0.000050
0 0.001643 0.001972 0.001177 0.000032
0 0.001643 0.001922 0.001177 0.000054
0 0.001531 0.001808 0.001402 0.000039
0 0.001529 0.000235 0.001407 0.000047