0 0.014330 0.001711 0.024912 0.000033
0 0.000958 0.000917 0.001916 0.000051
0 0.000887 0.000724 0.001773 0.000035
0 0.000784 0.001110 0.001569 0.000037
0 0.000830 0.001128 0.001660 0.000032
0 0.000839 0.001102 0.001677 0.000033
0 0.000873 0.001106 0.001747 0.000037
0 0.000953 0.000859 0.001906 0.000054
0 0.000960 0.000981 0.001920 0.000052
0 0.001779 0.002063 0.000907 0.000036
0 0.000943 0.001018 0.001887 0.000036
0 0.000933 0.001064 0.001867 0.000057
0 0.000921 0.001112 0.001842 0.000066
0 0.000906 0.001153 0.001813 0.000063
0 0.000894 0.001197 0.001787 0.000060
0 0.000881 0.001239 0.001762 0.000060
0 0.000936 0.000741 0.001873 0.000056
0 0.000930 0.000681 0.001860 0.000053
0 0.001002 0.000805 0.002004 0.000054
0 0.000960 0.000555 0.001921 0.000059
0 0.000996 0.000756 0.001993 0.000048
0 0.000990 0.000707 0.001980 0.000050
0 0.000987 0.000658 0.001975 0.000055
0 0.000982 0.000612 0.001963 0.000059
0 0.001004 0.000604 0.002009 0.000055
0 0.001032 0.000607 0.002064 0.000034
0 0.001045 0.000759 0.002090 0.000033
0 0.001102 0.000794 0.002205 0.000060
0 0.001100 0.000731 0.002201 0.000033
0 0.001092 0.000314 0.002184 0.000035
0 0.001094 0.000147 0.002189 0.000065
0 0.001057 0.000258 0.002114 0.000061
0 0.000941 0.000220 0.001882 0.000054
0 0.001090 0.000860 0.002180 0.000055
0 0.000954 0.001163 0.001908 0.000056
0 0.000970 0.001117 0.001939 0.000059
0 0.002204 0.002008 0.000056 0.000030
0 0.001789 0.002057 0.000887 0.000033
0 0.002014 0.002078 0.000436 0.000018
0 0.008716 0.002051 0.013818 0.000045
0 0.008916 0.001960 0.013419 0.000023
0 0.014357 0.001613 0.024857 0.000022
0 0.000767 0.001231 0.001535 0.000066
0 0.000808 0.001282 0.001616 0.000060
0 0.001023 0.001316 0.002045 0.000040
0 0.001069 0.001205 0.002138 0.000066
0 0.000836 0.001058 0.001671 0.000034
0 0.001917 0.002105 0.000631 0.000034
0 0.001626 0.002120 0.001213 0.000025
0 0.001622 0.002116 0.001221 0.000030
0 0.001610 0.002165 0.001244 0.000015
0 0.001005 0.001511 0.002010 0.000066
0 0.000984 0.001075 0.001967 0.000058
0 0.000982 0.001487 0.001964 0.000064
0 0.000938 0.001439 0.001876 0.000061
0 0.001168 0.001621 0.002128 0.000034
0 0.000861 0.001273 0.001722 0.000037
0 0.000924 0.001380 0.001847 0.000054
0 0.000912 0.001309 0.001825 0.000068
0 0.000963 0.001289 0.001926 0.000035
0 0.001001 0.001287 0.002003 0.000038
0 0.001047 0.001131 0.002094 0.000036
0 0.001072 0.001129 0.002144 0.000068
0 0.001079 0.000976 0.002157 0.000034
0 0.001053 0.000989 0.002107 0.000034
0 0.001027 0.000999 0.002055 0.000031
0 0.000996 0.001032 0.001992 0.000057
0 0.001402 0.000216 0.001661 0.000026