0 0.000307 0.001265 0.000613 0.000065
0 0.000014 0.000729 0.000028 0.000024
0 0.000389 0.000995 0.000778 0.000069
0 0.000280 0.001060 0.000560 0.000069
0 0.000249 0.001216 0.000498 0.000028
0 0.000345 0.001134 0.000690 0.000061
0 0.000362 0.001081 0.000723 0.000065
0 0.002783 0.001410 0.003362 0.000025
0 0.002800 0.001429 0.003329 0.000025
0 0.002815 0.001449 0.003299 0.000026
0 0.001947 0.001671 0.000571 0.000013
0 0.001774 0.001541 0.000916 0.000009
0 0.001774 0.001547 0.000917 0.000009
0 0.001774 0.001553 0.000916 0.000008
0 0.001774 0.001558 0.000916 0.000006
0 0.001774 0.001563 0.000916 0.000008
0 0.001775 0.001569 0.000915 0.000007
0 0.001775 0.001575 0.000915 0.000006
0 0.001775 0.001586 0.000914 0.000009
0 0.002766 0.001475 0.003396 0.000028
0 0.002756 0.001507 0.003416 0.000028
0 0.002746 0.001539 0.003437 0.000026
0 0.002737 0.001565 0.003454 0.000019
0 0.002730 0.001591 0.003469 0.000021
0 0.002783 0.001494 0.003363 0.000028
0 0.002772 0.001528 0.003385 0.000027
0 0.002763 0.001559 0.003403 0.000026
0 0.000013 0.000952 0.000026 0.000031
0 0.000109 0.000764 0.000218 0.000055
0 0.000332 0.001179 0.000665 0.000066
0 0.000442 0.000813 0.000884 0.000065
0 0.000067 0.000230 0.000133 0.000055
0 0.000135 0.000343 0.000270 0.000037
0 0.000019 0.000367 0.000039 0.000036
0 0.000251 0.000348 0.000502 0.000035
0 0.000257 0.000462 0.000515 0.000039
0 0.000545 0.000195 0.001091 0.000020
0 0.000532 0.000201 0.001064 0.000016
0 0.000561 0.000136 0.001122 0.000029
0 0.000572 0.000100 0.001145 0.000030
0 0.000574 0.000095 0.001147 0.000020
0 0.000577 0.000187 0.001155 0.000023
0 0.000591 0.000181 0.001181 0.000025
0 0.000591 0.000160 0.001181 0.000028
0 0.000596 0.000153 0.001192 0.000027
0 0.000595 0.000139 0.001191 0.000023
0 0.000601 0.000134 0.001202 0.000021
0 0.000598 0.000122 0.001195 0.000017
0 0.000614 0.000141 0.001227 0.000021
0 0.000594 0.000035 0.001189 0.000030
0 0.000628 0.000103 0.001255 0.000028
0 0.001783 0.000110 0.000897 0.000051
0 0.001776 0.000151 0.000912 0.000031
0 0.001766 0.000187 0.000932 0.000011
0 0.000473 0.000717 0.000945 0.000064
0 0.000424 0.000755 0.000847 0.000069
0 0.002750 0.001581 0.003428 0.000019
0 0.002813 0.001503 0.003302 0.000008
0 0.002815 0.001516 0.003299 0.000006
0 0.002816 0.001508 0.003296 0.000008
0 0.008236 0.002021 0.014778 0.000056
0 0.008266 0.002170 0.014718 0.000031
0 0.008621 0.001874 0.014009 0.000029
0 0.000076 0.000419 0.000152 0.000062
0 0.000031 0.000511 0.000063 0.000062
0 0.000118 0.000469 0.000237 0.000060
0 0.000140 0.000498 0.000280 0.000065
0 0.000161 0.000379 0.000321 0.000057
0 0.000021 0.000182 0.000041 0.000056
0 0.000074 0.000267 0.000149 0.000036
0 0.000585 0.000023 0.001169 0.000020
0 0.000609 0.000183 0.001218 0.000030
0 0.000560 0.000143 0.001119 0.000028
0 0.000549 0.000177 0.001098 0.000028
0 0.000609 0.000070 0.001219 0.000025
0 0.000614 0.000079 0.001228 0.000026
0 0.000542 0.000523 0.001084 0.000057
0 0.000559 0.000546 0.001119 0.000056
0 0.000575 0.000566 0.001151 0.000049
0 0.000557 0.000672 0.001114 0.000068
0 0.000503 0.000614 0.001006 0.000068
0 0.000431 0.000857 0.000862 0.000064
0 0.000305 0.000974 0.000609 0.000070
0 0.000348 0.000830 0.000697 0.000068
0 0.000359 0.000786 0.000718 0.000058
0 0.008220 0.001982 0.014811 0.000042
0 0.014026 0.001620 0.025519 0.000026
0 0.013953 0.001287 0.025665 0.000027
0 0.001770 0.000409 0.000924 0.000021
0 0.001515 0.002004 0.001434 0.000033
0 0.001533 0.002051 0.001399 0.000027
0 0.009411 0.002033 0.016892 0.000136
0 0.009406 0.002049 0.016903 0.000121
0 0.009558 0.001873 0.016598 0.000208
0 0.001818 0.001916 0.000828 0.000006
0 0.001790 0.001941 0.000884 0.000005
0 0.001831 0.001910 0.000802 0.000003
0 0.001548 0.002160 0.001369 0.000009
0 0.000114 0.000321 0.000228 0.000056
0 0.000554 0.000158 0.001107 0.000027
0 0.001802 0.000318 0.000861 0.000044
0 0.000319 0.001222 0.000638 0.000065
0 0.001790 0.000439 0.000884 0.000035
0 0.001797 0.000437 0.000871 0.000036
0 0.001797 0.000523 0.000869 0.000026
0 0.001822 0.000251 0.000820 0.000044
0 0.001829 0.000253 0.000806 0.000033
0 0.001793 0.000680 0.000878 0.000040
0 0.001799 0.000688 0.000866 0.000039
0 0.000536 0.000646 0.001071 0.000064
0 0.000417 0.000900 0.000834 0.000061
0 0.000316 0.000930 0.000632 0.000059
0 0.013564 0.001333 0.026444 0.000027
0 0.000036 0.000219 0.000071 0.000037