0 0.008997 0.002042 0.017720 0.000019
0 0.009504 0.001674 0.016707 0.000024
0 0.009225 0.001973 0.017265 0.000020
0 0.009211 0.001863 0.017293 0.000019
0 0.009847 0.002047 0.016021 0.000031
0 0.003068 0.001987 0.002792 0.000003
0 0.003068 0.001990 0.002792 0.000003
0 0.003067 0.001993 0.002794 0.000003
0 0.003067 0.001996 0.002795 0.000003
0 0.003065 0.001999 0.002798 0.000003
0 0.003065 0.002002 0.002798 0.000003
0 0.003063 0.002010 0.002802 0.000003
0 0.003063 0.002013 0.002803 0.000003
0 0.003062 0.002016 0.002805 0.000003
0 0.003061 0.002019 0.002807 0.000003
0 0.003061 0.002022 0.002807 0.000003
0 0.003071 0.001988 0.002787 0.000003
0 0.003070 0.001992 0.002788 0.000003
0 0.003069 0.001995 0.002790 0.000003
0 0.009064 0.001753 0.017586 0.000022
0 0.009626 0.001648 0.016462 0.000038
0 0.009418 0.002104 0.016879 0.000015
0 0.009818 0.001341 0.016078 0.000013
0 0.009127 0.000088 0.017461 0.000006
0 0.009184 0.000252 0.017347 0.000014
0 0.009343 0.000684 0.017028 0.000018
0 0.009157 0.000560 0.017401 0.000014
0 0.009042 0.000462 0.017631 0.000008
0 0.009194 0.000695 0.017327 0.000026
0 0.009765 0.000782 0.016184 0.000033
0 0.009842 0.000757 0.016031 0.000023
0 0.009918 0.000783 0.015879 0.000021
0 0.009985 0.000808 0.015745 0.000022
0 0.009987 0.000979 0.015740 0.000030
0 0.009619 0.001068 0.016477 0.000016
0 0.008972 0.001013 0.017770 0.000016
0 0.008958 0.001133 0.017797 0.000016
0 0.009006 0.001254 0.017703 0.000025
0 0.009014 0.001351 0.017686 0.000009
0 0.009165 0.001310 0.017384 0.000012
0 0.003069 0.001997 0.002791 0.000003
0 0.003068 0.002001 0.002793 0.000003
0 0.003068 0.002004 0.002794 0.000003
0 0.003073 0.001989 0.002782 0.000003
0 0.003049 0.001893 0.002831 0.000002
0 0.003048 0.001895 0.002833 0.000003
0 0.003047 0.001897 0.002834 0.000002
0 0.003046 0.001899 0.002836 0.000002
0 0.003046 0.001901 0.002836 0.000002
0 0.003050 0.001894 0.002829 0.000003
0 0.003050 0.001896 0.002829 0.000002
0 0.003049 0.001898 0.002831 0.000003
0 0.003048 0.001900 0.002832 0.000003
0 0.003048 0.001902 0.002833 0.000002
0 0.003051 0.001895 0.002826 0.000002
0 0.003051 0.001897 0.002828 0.000002
0 0.003050 0.001899 0.002828 0.000002
0 0.003050 0.001901 0.002829 0.000003
0 0.003049 0.001904 0.002831 0.000003
0 0.009626 0.002052 0.016463 0.000007
0 0.009511 0.002194 0.016693 0.000052
0 0.003044 0.001900 0.002840 0.000003
0 0.003045 0.001898 0.002838 0.000002
0 0.003046 0.001896 0.002837 0.000003
0 0.003064 0.002017 0.002801 0.000003
0 0.003073 0.001992 0.002783 0.000003
0 0.003072 0.001996 0.002785 0.000003
0 0.003071 0.001999 0.002787 0.000003
0 0.003070 0.002002 0.002789 0.000003
0 0.003070 0.002005 0.002789 0.000003
0 0.003065 0.002011 0.002798 0.000003
0 0.003065 0.002014 0.002799 0.000003
0 0.003064 0.002020 0.002801 0.000003
0 0.003047 0.001894 0.002835 0.000002
0 0.003063 0.002024 0.002802 0.000003
0 0.003068 0.002012 0.002792 0.000003
0 0.003067 0.002016 0.002795 0.000003
0 0.003067 0.002019 0.002795 0.000003
0 0.003066 0.002021 0.002796 0.000003
0 0.003066 0.002025 0.002797 0.000002
0 0.003047 0.001892 0.002835 0.000002
0 0.008987 0.000012 0.017741 0.000022