0 0.009624 0.002058 0.016467 0.000028
0 0.009522 0.000991 0.016671 0.000016
0 0.009300 0.000210 0.017114 0.000015
0 0.009350 0.000356 0.017015 0.000016
0 0.009404 0.000512 0.016906 0.000019
0 0.009581 0.000242 0.016553 0.000016
0 0.009850 0.000328 0.016015 0.000016
0 0.009956 0.000201 0.015803 0.000015
0 0.009018 0.000575 0.017678 0.000019
0 0.009545 0.001112 0.016625 0.000022
0 0.009670 0.002173 0.016373 0.000025
0 0.009847 0.000782 0.016020 0.000016
0 0.009339 0.001367 0.017036 0.000033
0 0.008948 0.001666 0.017818 0.000017
0 0.009467 0.001671 0.016780 0.000020
0 0.009798 0.001608 0.016118 0.000017
0 0.009820 0.001822 0.016074 0.000015
0 0.009912 0.001891 0.015890 0.000018
0 0.009127 0.000341 0.017460 0.000011