0 0.009563 0.002148 0.016588 0.000032
0 0.009696 0.002087 0.016323 0.000047
0 0.009191 0.000333 0.017331 0.000049
0 0.009824 0.000446 0.016066 0.000026
0 0.009796 0.000513 0.016122 0.000038
0 0.009986 0.000308 0.015743 0.000052
0 0.009997 0.000778 0.015720 0.000013
0 0.009451 0.000947 0.016813 0.000052
0 0.009012 0.000845 0.017690 0.000016
0 0.009184 0.001275 0.017346 0.000048
0 0.009576 0.001271 0.016562 0.000038
0 0.007360 0.001043 0.012066 0.000102
0 0.015181 0.001042 0.027675 0.000063
0 0.006243 0.000970 0.009836 0.000016
0 0.006243 0.000984 0.009835 0.000017
0 0.006242 0.000997 0.009838 0.000018
0 0.009863 0.000962 0.015988 0.000042
0 0.009840 0.000908 0.016033 0.000018
0 0.009999 0.001627 0.015717 0.000020
0 0.009796 0.001379 0.016122 0.000037
0 0.001940 0.001363 0.000584 0.000006
0 0.001928 0.001358 0.000608 0.000015
0 0.001931 0.001355 0.000603 0.000009
0 0.009662 0.001553 0.016391 0.000020
0 0.009369 0.001657 0.016976 0.000012
0 0.009336 0.001451 0.017043 0.000018
0 0.009336 0.001340 0.017041 0.000008
0 0.009117 0.001648 0.017481 0.000027
0 0.009055 0.001335 0.017605 0.000019
0 0.009159 0.001956 0.017397 0.000027
0 0.009846 0.001948 0.016022 0.000017
0 0.008975 0.000158 0.017764 0.000025