0 0.009023 0.002195 0.017667 0.000009
0 0.009004 0.000635 0.017707 0.000010
0 0.001701 0.000969 0.001062 0.000015
0 0.009500 0.000940 0.016715 0.000019
0 0.009907 0.001041 0.015900 0.000015
0 0.010030 0.001129 0.015654 0.000012
0 0.009968 0.000683 0.015778 0.000015
0 0.009382 0.000689 0.016950 0.000030
0 0.009303 0.000774 0.017109 0.000020
0 0.009128 0.000811 0.017459 0.000009
0 0.009439 0.000559 0.016836 0.000006
0 0.009530 0.001023 0.016655 0.000012
0 0.009456 0.000428 0.016802 0.000008
0 0.009708 0.000460 0.016299 0.000013
0 0.009811 0.000347 0.016093 0.000013
0 0.009898 0.000207 0.015919 0.000010
0 0.009834 0.000191 0.016046 0.000009
0 0.009723 0.000074 0.016268 0.000009
0 0.009092 0.000370 0.017531 0.000030
0 0.009074 0.000152 0.017565 0.000047
0 0.001709 0.000985 0.001047 0.000015
0 0.008997 0.001395 0.017721 0.000013
0 0.009180 0.002084 0.017355 0.000012
0 0.009324 0.001809 0.017066 0.000012
0 0.009484 0.002201 0.016747 0.000008
0 0.009812 0.002184 0.016090 0.000012
0 0.002172 0.001832 0.000120 0.000011
0 0.009960 0.001811 0.015794 0.000030
0 0.009688 0.002011 0.016338 0.000013
0 0.009633 0.001933 0.016449 0.000013
0 0.009549 0.001826 0.016616 0.000014
0 0.009348 0.001855 0.017018 0.000009
0 0.009294 0.001922 0.017127 0.000010
0 0.008947 0.001330 0.017821 0.000007
0 0.009085 0.001902 0.017545 0.000009
0 0.009401 0.001496 0.016912 0.000013
0 0.009479 0.001594 0.016756 0.000011
0 0.009654 0.001619 0.016406 0.000012
0 0.009736 0.001704 0.016242 0.000006
0 0.009842 0.001746 0.016030 0.000016
0 0.009243 0.001347 0.017228 0.000012
0 0.009039 0.001351 0.017637 0.000013
0 0.008952 0.000137 0.017811 0.000020