0 0.009080 0.001781 0.017555 0.000204
0 0.009383 0.001743 0.016948 0.000035
0 0.009559 0.000283 0.016596 0.000019
0 0.009729 0.000144 0.016256 0.000023
0 0.009711 0.000051 0.016292 0.000025
0 0.009713 0.000439 0.016287 0.000019
0 0.009803 0.000669 0.016109 0.000007
0 0.009580 0.000679 0.016555 0.000015
0 0.009540 0.000819 0.016634 0.000030
0 0.009413 0.000710 0.016889 0.000025
0 0.010006 0.000989 0.015703 0.000046
0 0.010002 0.001519 0.015711 0.000015
0 0.009773 0.001256 0.016167 0.000016
0 0.009080 0.001586 0.017555 0.000060
0 0.001524 0.001726 0.001417 0.000009
0 0.001509 0.001718 0.001447 0.000013
0 0.001511 0.001728 0.001442 0.000012
0 0.009044 0.000222 0.017627 0.000012