0 0.009233 0.002204 0.017249 0.000035
0 0.009441 0.001472 0.016831 0.000011
0 0.009513 0.000076 0.016688 0.000012
0 0.009576 0.000287 0.016563 0.000027
0 0.009701 0.000271 0.016312 0.000027
0 0.009896 0.000355 0.015923 0.000023
0 0.009229 0.000674 0.017256 0.000012
0 0.009208 0.000951 0.017299 0.000018
0 0.009409 0.001129 0.016896 0.000013
0 0.009805 0.000967 0.016104 0.000020
0 0.009897 0.001029 0.015920 0.000018
0 0.009856 0.001562 0.016002 0.000009
0 0.009832 0.001560 0.016050 0.000011
0 0.002044 0.001569 0.000377 0.000009
0 0.009558 0.001549 0.016599 0.000009
0 0.009533 0.000888 0.016647 0.000017
0 0.009274 0.002170 0.017167 0.000092
0 0.009507 0.000856 0.016700 0.000035
0 0.009489 0.000887 0.016736 0.000013
0 0.009967 0.001658 0.015780 0.000010
0 0.009363 0.001697 0.016988 0.000033
0 0.009086 0.001454 0.017542 0.000015
0 0.001278 0.001463 0.001908 0.000009
0 0.008969 0.001417 0.017777 0.000016
0 0.009007 0.001495 0.017701 0.000013
0 0.009230 0.001728 0.017255 0.000016
0 0.009323 0.001928 0.017069 0.000032
0 0.009391 0.002052 0.016933 0.000079
0 0.009593 0.001904 0.016529 0.000015
0 0.009707 0.001944 0.016300 0.000023
0 0.009265 0.000193 0.017184 0.000028