0 0.009262 0.001977 0.017190 0.000021
0 0.009410 0.002062 0.016895 0.000020
0 0.009227 0.000317 0.017260 0.000032
0 0.009398 0.000263 0.016919 0.000051
0 0.009687 0.000148 0.016339 0.000025
0 0.009673 0.000051 0.016368 0.000033
0 0.009775 0.000100 0.016165 0.000045
0 0.009961 0.000450 0.015793 0.000024
0 0.009966 0.000636 0.015782 0.000020
0 0.009926 0.000482 0.015862 0.000012
0 0.009802 0.000776 0.016110 0.000013
0 0.001979 0.000910 0.000506 0.000024
0 0.001986 0.000892 0.000492 0.000021
0 0.009552 0.000667 0.016609 0.000042
0 0.009427 0.000905 0.016861 0.000016
0 0.009193 0.000570 0.017328 0.000022
0 0.008954 0.000819 0.017806 0.000031
0 0.009089 0.000946 0.017537 0.000020
0 0.009718 0.001106 0.016277 0.000053
0 0.009897 0.001091 0.015921 0.000017
0 0.009523 0.001572 0.016667 0.000046
0 0.009371 0.001472 0.016972 0.000023
0 0.009309 0.001420 0.017097 0.000017
0 0.009245 0.001316 0.017224 0.000041
0 0.009191 0.001900 0.017333 0.000033
0 0.009199 0.001931 0.017317 0.000015
0 0.009711 0.001670 0.016291 0.000026
0 0.009781 0.001653 0.016153 0.000025
0 0.009753 0.001830 0.016208 0.000017
0 0.009067 0.000260 0.017580 0.000036