0 0.006698 0.001771 0.013390 0.000106
0 0.009122 0.001169 0.017471 0.000013
0 0.009973 0.001334 0.015768 0.000009
0 0.009652 0.001619 0.016411 0.000037
0 0.009039 0.001783 0.017636 0.000022
0 0.008940 0.001693 0.017834 0.000020
0 0.009063 0.001543 0.017588 0.000022
0 0.010008 0.001104 0.015699 0.000071
0 0.002084 0.001032 0.000297 0.000018
0 0.009599 0.001274 0.016516 0.000047
0 0.009520 0.001074 0.016674 0.000017
0 0.009463 0.000999 0.016789 0.000018
0 0.009095 0.001269 0.017525 0.000040
0 0.009266 0.001155 0.017182 0.000060
0 0.009227 0.000707 0.017259 0.000023
0 0.001417 0.001088 0.001631 0.000026
0 0.001410 0.001088 0.001645 0.000024
0 0.009170 0.001012 0.017375 0.000061
0 0.009673 0.000813 0.016368 0.000023
0 0.009773 0.000708 0.016169 0.000012
0 0.009478 0.000571 0.016758 0.000021
0 0.009464 0.000553 0.016786 0.000020
0 0.009417 0.000498 0.016881 0.000035
0 0.009393 0.000464 0.016928 0.000027
0 0.009277 0.000321 0.017161 0.000034
0 0.009118 0.000352 0.017478 0.000007
0 0.009949 0.001518 0.015815 0.000007
0 0.009939 0.001595 0.015835 0.000007
0 0.009765 0.001558 0.016185 0.000017
0 0.009857 0.001624 0.016001 0.000009
0 0.009332 0.000838 0.017050 0.000023
0 0.007149 0.001959 0.012488 0.000049
0 0.002752 0.001163 0.003425 0.000017
0 0.002755 0.001145 0.003419 0.000020
0 0.013792 0.000632 0.025988 0.000013
0 0.009258 0.001416 0.017198 0.000021
0 0.008972 0.000385 0.017770 0.000016
0 0.002222 0.001127 0.000020 0.000015
0 0.002221 0.001135 0.000022 0.000013
0 0.009629 0.000093 0.016457 0.000009
0 0.009587 0.002189 0.016540 0.000012
0 0.009544 0.002159 0.016627 0.000017
0 0.009254 0.002084 0.017207 0.000037
0 0.009494 0.002126 0.016725 0.000015
0 0.009435 0.002083 0.016844 0.000018
0 0.008996 0.002032 0.017723 0.000018
0 0.009128 0.001850 0.017458 0.000011
0 0.009179 0.001888 0.017356 0.000017
0 0.009899 0.001901 0.015917 0.000010
0 0.009904 0.001859 0.015906 0.000012
0 0.010031 0.001650 0.015652 0.000016
0 0.009926 0.001695 0.015862 0.000009
0 0.009891 0.001560 0.015931 0.000008
0 0.009146 0.000138 0.017421 0.000016