0 0.009331 0.001719 0.017052 0.000020
0 0.009108 0.001396 0.017498 0.000010
0 0.009006 0.001143 0.017703 0.000022
0 0.009108 0.001124 0.017498 0.000016
0 0.009225 0.001100 0.017263 0.000021
0 0.009663 0.001281 0.016389 0.000011
0 0.009876 0.000739 0.015962 0.000011
0 0.009844 0.000975 0.016027 0.000012
0 0.009681 0.000859 0.016353 0.000012
0 0.009515 0.000745 0.016685 0.000017
0 0.009329 0.000946 0.017056 0.000010
0 0.009355 0.000693 0.017004 0.000006
0 0.009364 0.000524 0.016986 0.000014
0 0.009375 0.000363 0.016964 0.000006
0 0.009393 0.000157 0.016927 0.000032
0 0.009593 0.000227 0.016528 0.000031
0 0.009967 0.000167 0.015781 0.000007
0 0.009119 0.001204 0.017477 0.000007
0 0.009101 0.001547 0.017512 0.000006
0 0.007335 0.001815 0.012116 0.000090
0 0.009779 0.001560 0.016157 0.000027
0 0.009146 0.000081 0.017421 0.000028
0 0.006813 0.001242 0.013159 0.000053
0 0.007589 0.001519 0.011608 0.000110
0 0.009460 0.001218 0.016795 0.000028
0 0.009919 0.000343 0.015877 0.000032
0 0.009117 0.000826 0.017481 0.000006
0 0.009095 0.001663 0.017523 0.000033
0 0.009074 0.002100 0.017567 0.000007
0 0.009080 0.001945 0.017554 0.000020
0 0.009771 0.002205 0.016171 0.000008
0 0.009812 0.001626 0.016090 0.000019
0 0.009605 0.000804 0.016504 0.000011
0 0.009464 0.000707 0.016786 0.000011
0 0.009814 0.001980 0.016086 0.000013
0 0.009935 0.001870 0.015844 0.000034
0 0.009944 0.000064 0.015826 0.000031