0 0.009126 0.002117 0.017463 0.000014
0 0.009601 0.001249 0.016512 0.000044
0 0.009688 0.001882 0.016338 0.000006
0 0.009988 0.002035 0.015738 0.000011
0 0.009932 0.002016 0.015851 0.000012
0 0.010024 0.001266 0.015666 0.000026
0 0.001595 0.000618 0.001275 0.000032
0 0.001612 0.001379 0.001240 0.000031
0 0.009360 0.001039 0.016993 0.000131
0 0.009386 0.001280 0.016942 0.000047
0 0.001617 0.001608 0.001231 0.000035
0 0.009407 0.001483 0.016901 0.000045
0 0.009522 0.000716 0.016670 0.000016
0 0.001714 0.000168 0.001036 0.000031
0 0.009436 0.000155 0.016843 0.000009
0 0.009737 0.000479 0.016239 0.000014
0 0.009686 0.000436 0.016342 0.000012
0 0.009640 0.000520 0.016434 0.000006
0 0.009631 0.000390 0.016451 0.000012
0 0.009441 0.000223 0.016833 0.000018
0 0.009326 0.000335 0.017062 0.000007
0 0.009163 0.000364 0.017388 0.000006
0 0.009304 0.000155 0.017107 0.000022
0 0.009150 0.000524 0.017415 0.000006
0 0.009146 0.000530 0.017421 0.000012
0 0.009600 0.001689 0.016513 0.000011
0 0.009682 0.001732 0.016349 0.000011
0 0.009693 0.001740 0.016329 0.000009
0 0.009392 0.001591 0.016931 0.000012
0 0.009257 0.001386 0.017200 0.000009
0 0.009038 0.001318 0.017638 0.000013
0 0.009540 0.000736 0.016633 0.000021
0 0.009699 0.000450 0.016315 0.000016
0 0.009129 0.000767 0.017456 0.000006
0 0.009748 0.001770 0.016219 0.000009
0 0.009272 0.002177 0.017170 0.000010
0 0.009658 0.002164 0.016397 0.000012
0 0.009595 0.000783 0.016525 0.000006
0 0.009315 0.001645 0.017084 0.000009
0 0.009354 0.001055 0.017006 0.000018
0 0.010000 0.001521 0.015715 0.000010
0 0.009512 0.001181 0.016691 0.000006
0 0.009949 0.001094 0.015817 0.000012
0 0.009920 0.000635 0.015875 0.000013
0 0.009470 0.001614 0.016773 0.000012
0 0.009685 0.001532 0.016344 0.000006
0 0.009575 0.001294 0.016564 0.000010
0 0.009372 0.001367 0.016969 0.000028
0 0.009063 0.001313 0.017588 0.000006
0 0.009002 0.001304 0.017710 0.000012
0 0.009043 0.001581 0.017629 0.000007
0 0.009092 0.000510 0.017530 0.000012