0 0.009566 0.001005 0.016582 0.000024
0 0.010034 0.000751 0.015647 0.000020
0 0.009767 0.000997 0.016180 0.000015
0 0.009761 0.001029 0.016191 0.000026
0 0.009759 0.001054 0.016197 0.000012
0 0.009755 0.001073 0.016205 0.000020
0 0.009788 0.000883 0.016138 0.000023
0 0.009786 0.000884 0.016142 0.000014
0 0.010017 0.000575 0.015681 0.000011
0 0.009509 0.001165 0.016696 0.000013
0 0.009872 0.001119 0.015971 0.000010
0 0.009879 0.001248 0.015957 0.000013
0 0.009914 0.001192 0.015887 0.000009
0 0.009935 0.001143 0.015845 0.000010
0 0.009716 0.001299 0.016282 0.000012
0 0.009471 0.001277 0.016773 0.000013
0 0.009580 0.000967 0.016554 0.000016
0 0.009616 0.000834 0.016483 0.000010
0 0.009271 0.000591 0.017171 0.000012
0 0.009212 0.000578 0.017290 0.000012
0 0.010026 0.000445 0.015662 0.000009
0 0.009832 0.000633 0.016050 0.000009
0 0.009834 0.000617 0.016047 0.000020
0 0.009852 0.000517 0.016011 0.000007
0 0.009960 0.000489 0.015794 0.000011
0 0.009967 0.000435 0.015780 0.000011
0 0.009898 0.000240 0.015919 0.000018
0 0.009631 0.000386 0.016453 0.000009
0 0.009619 0.000134 0.016477 0.000019
0 0.009631 0.000211 0.016453 0.000018
0 0.009338 0.000189 0.017037 0.000007
0 0.009339 0.000291 0.017036 0.000007
0 0.009231 0.000361 0.017253 0.000007
0 0.009472 0.001297 0.016770 0.000021
0 0.009545 0.001078 0.016625 0.000008
0 0.009103 0.001073 0.017508 0.000026
0 0.009204 0.002081 0.017306 0.000014
0 0.009867 0.002175 0.015980 0.000009
0 0.009502 0.002014 0.016710 0.000024
0 0.009449 0.002135 0.016816 0.000009
0 0.009343 0.002016 0.017027 0.000012
0 0.009371 0.001940 0.016972 0.000014
0 0.009335 0.002168 0.017045 0.000018
0 0.009112 0.001886 0.017491 0.000010
0 0.009987 0.001237 0.015740 0.000011
0 0.009159 0.001652 0.017397 0.000013
0 0.009108 0.000997 0.017498 0.000012
0 0.009270 0.001004 0.017175 0.000011
0 0.009135 0.000816 0.017445 0.000015
0 0.009222 0.000725 0.017271 0.000015
0 0.009285 0.000316 0.017144 0.000016
0 0.009444 0.001388 0.016826 0.000013
0 0.009455 0.001441 0.016804 0.000011
0 0.009560 0.001508 0.016595 0.000025
0 0.009656 0.001517 0.016402 0.000012
0 0.009620 0.001615 0.016474 0.000007
0 0.009773 0.001748 0.016169 0.000011
0 0.009695 0.001860 0.016324 0.000017
0 0.009661 0.001921 0.016392 0.000016
0 0.009640 0.001779 0.016435 0.000017
0 0.010032 0.001837 0.015651 0.000015
0 0.009922 0.001792 0.015871 0.000014
0 0.009857 0.001598 0.016001 0.000009
0 0.009869 0.001559 0.015977 0.000008
0 0.009930 0.001477 0.015855 0.000012
0 0.009956 0.001382 0.015801 0.000010
0 0.009972 0.001319 0.015771 0.000011
0 0.010000 0.001185 0.015715 0.000008
0 0.009129 0.000422 0.017455 0.000013