0 0.009400 0.002215 0.016915 0.000006
0 0.001388 0.000892 0.001687 0.000017
0 0.001511 0.000625 0.001441 0.000021
0 0.001515 0.000626 0.001435 0.000020
0 0.009505 0.000656 0.016704 0.000021
0 0.009906 0.000526 0.015903 0.000006
0 0.009604 0.000204 0.016507 0.000009
0 0.009255 0.000424 0.017204 0.000012
0 0.008948 0.000299 0.017819 0.000007
0 0.008968 0.000818 0.017778 0.000009
0 0.009039 0.000882 0.017636 0.000011
0 0.001391 0.000982 0.001682 0.000013
0 0.001315 0.001086 0.001834 0.000045
0 0.001324 0.001037 0.001816 0.000021
0 0.001363 0.000898 0.001738 0.000025
0 0.009691 0.001185 0.016333 0.000024
0 0.001360 0.000894 0.001744 0.000025
0 0.001217 0.001164 0.002031 0.000016
0 0.009999 0.000961 0.015716 0.000011
0 0.010020 0.000646 0.015675 0.000007
0 0.001448 0.000500 0.001568 0.000017
0 0.001458 0.000486 0.001549 0.000018
0 0.001479 0.000485 0.001507 0.000024
0 0.001489 0.000501 0.001487 0.000015
0 0.001498 0.000513 0.001468 0.000015
0 0.001464 0.000471 0.001536 0.000012
0 0.001465 0.000473 0.001533 0.000011
0 0.009625 0.001746 0.016464 0.000011
0 0.001509 0.000621 0.001445 0.000022
0 0.001507 0.000617 0.001450 0.000023
0 0.009295 0.000687 0.017125 0.000168
0 0.001499 0.000781 0.001467 0.000024
0 0.001962 0.000007 0.000541 0.000012
0 0.001976 0.000103 0.000513 0.000026
0 0.001967 0.000158 0.000530 0.000027
0 0.001955 0.000131 0.000554 0.000023
0 0.001944 0.000204 0.000575 0.000025
0 0.001888 0.000288 0.000688 0.000022
0 0.001924 0.000264 0.000617 0.000020
0 0.001910 0.000297 0.000645 0.000019
0 0.001888 0.000334 0.000689 0.000018
0 0.009662 0.000242 0.016390 0.000012
0 0.001790 0.000430 0.000884 0.000018
0 0.008988 0.000224 0.017738 0.000020
0 0.009001 0.000206 0.017713 0.000008
0 0.001235 0.000106 0.001993 0.000009
0 0.009318 0.000020 0.017079 0.000007
0 0.009396 0.000070 0.016921 0.000008
0 0.009527 0.000155 0.016660 0.000008
0 0.001731 0.000497 0.001002 0.000017
0 0.001657 0.000599 0.001150 0.000016
0 0.001668 0.000572 0.001128 0.000020
0 0.001696 0.000529 0.001073 0.000017
0 0.001603 0.000570 0.001259 0.000016
0 0.001586 0.000536 0.001292 0.000023
0 0.001632 0.000516 0.001201 0.000017
0 0.001631 0.000511 0.001203 0.000017
0 0.008941 0.001913 0.017833 0.000008
0 0.008967 0.001793 0.017780 0.000005
0 0.008932 0.002090 0.017851 0.000008
0 0.001124 0.001219 0.002216 0.000044
0 0.001141 0.001226 0.002182 0.000019
0 0.009702 0.001083 0.016310 0.000004
0 0.009712 0.000995 0.016291 0.000005
0 0.009723 0.000894 0.016268 0.000004
0 0.009741 0.000738 0.016233 0.000004
0 0.009911 0.001514 0.015892 0.000009
0 0.009671 0.001354 0.016373 0.000009
0 0.009684 0.001249 0.016347 0.000003
0 0.009653 0.001516 0.016408 0.000009
0 0.009607 0.001902 0.016501 0.000011
0 0.009609 0.001896 0.016496 0.000009
0 0.009607 0.001922 0.016501 0.000004
0 0.009662 0.002192 0.016390 0.000033
0 0.009073 0.001985 0.017568 0.000007
0 0.009213 0.002127 0.017289 0.000007
0 0.009421 0.002101 0.016873 0.000006
0 0.009845 0.001940 0.016024 0.000010
0 0.009819 0.002057 0.016077 0.000011
0 0.009800 0.002137 0.016115 0.000014
0 0.009790 0.002185 0.016134 0.000011
0 0.009943 0.001965 0.015829 0.000009
0 0.010016 0.001992 0.015681 0.000009
0 0.009054 0.002150 0.017607 0.000007
0 0.009043 0.002135 0.017629 0.000004
0 0.009459 0.000869 0.016797 0.000027
0 0.001138 0.001222 0.002188 0.000020
0 0.001362 0.001119 0.001741 0.000015
0 0.009048 0.001436 0.017619 0.000006
0 0.001358 0.001120 0.001749 0.000015
0 0.009203 0.001613 0.017307 0.000015
0 0.009175 0.001649 0.017364 0.000015
0 0.001357 0.001556 0.001749 0.000017
0 0.001343 0.001539 0.001778 0.000022
0 0.001325 0.001511 0.001814 0.000018
0 0.001323 0.001515 0.001818 0.000020
0 0.001310 0.001503 0.001844 0.000018
0 0.001312 0.001499 0.001840 0.000018
0 0.001314 0.001495 0.001836 0.000018
0 0.001273 0.001433 0.001918 0.000021
0 0.001275 0.001431 0.001914 0.000022
0 0.001278 0.001428 0.001908 0.000020
0 0.001287 0.001479 0.001890 0.000022
0 0.001288 0.001474 0.001888 0.000024
0 0.001292 0.001471 0.001879 0.000019
0 0.001294 0.001467 0.001877 0.000022
0 0.001289 0.001446 0.001887 0.000011
0 0.001290 0.001445 0.001884 0.000012
0 0.009933 0.001369 0.015849 0.000024
0 0.009943 0.001307 0.015829 0.000010
0 0.009950 0.001262 0.015814 0.000005
0 0.009416 0.001241 0.016883 0.000005
0 0.009397 0.001400 0.016920 0.000003
0 0.009020 0.001163 0.017674 0.000148
0 0.009028 0.001153 0.017658 0.000147
0 0.009984 0.000367 0.015746 0.000011