0 0.009880 0.001259 0.015954 0.000040
0 0.009151 0.000904 0.017412 0.000012
0 0.009547 0.000523 0.016621 0.000008
0 0.009547 0.000444 0.016619 0.000009
0 0.009557 0.000623 0.016600 0.000012
0 0.009545 0.000784 0.016624 0.000013
0 0.009577 0.000745 0.016560 0.000017
0 0.009461 0.000879 0.016793 0.000017
0 0.009421 0.000914 0.016873 0.000018
0 0.009349 0.000948 0.017017 0.000018
0 0.009284 0.000937 0.017146 0.000015
0 0.009269 0.000934 0.017177 0.000019
0 0.009261 0.000932 0.017191 0.000016
0 0.009157 0.000906 0.017400 0.000012
0 0.009159 0.001395 0.017397 0.000021
0 0.009093 0.000888 0.017528 0.000013
0 0.009543 0.000977 0.016628 0.000017
0 0.009537 0.000950 0.016640 0.000018
0 0.009669 0.001044 0.016377 0.000007
0 0.009964 0.000928 0.015786 0.000027
0 0.009633 0.002018 0.016448 0.000018
0 0.009840 0.002116 0.016035 0.000028
0 0.009942 0.002156 0.015830 0.000015
0 0.009962 0.002165 0.015791 0.000050
0 0.009969 0.002169 0.015776 0.000024
0 0.009992 0.002177 0.015730 0.000007
0 0.009543 0.000313 0.016628 0.000006
0 0.009235 0.000400 0.017244 0.000012
0 0.009193 0.000403 0.017328 0.000009
0 0.001584 0.000297 0.001297 0.000014
0 0.009922 0.000521 0.015871 0.000013
0 0.009989 0.000523 0.015737 0.000009
0 0.009021 0.000191 0.017673 0.000048
0 0.009266 0.000037 0.017182 0.000052
0 0.009313 0.000388 0.017089 0.000018
0 0.009320 0.000391 0.017074 0.000018
0 0.009335 0.000128 0.017044 0.000017
0 0.009530 0.000068 0.016654 0.000016
0 0.001417 0.000104 0.001630 0.000019
0 0.001440 0.000114 0.001584 0.000023
0 0.001487 0.000039 0.001491 0.000020
0 0.001487 0.000035 0.001489 0.000020
0 0.001491 0.000033 0.001483 0.000021
0 0.001512 0.000102 0.001440 0.000025
0 0.001515 0.000100 0.001435 0.000025
0 0.001519 0.000103 0.001427 0.000024
0 0.001502 0.000085 0.001461 0.000024
0 0.001503 0.000080 0.001458 0.000023
0 0.001506 0.000076 0.001453 0.000023
0 0.001492 0.000061 0.001480 0.000023
0 0.001496 0.000059 0.001473 0.000023
0 0.001497 0.000057 0.001470 0.000022
0 0.001499 0.000052 0.001467 0.000021
0 0.008943 0.002060 0.017829 0.000006
0 0.008977 0.002056 0.017761 0.000004
0 0.008967 0.001968 0.017780 0.000004
0 0.009678 0.000731 0.016359 0.000024
0 0.009591 0.001124 0.016533 0.000074
0 0.009509 0.001549 0.016697 0.000022
0 0.009509 0.001564 0.016696 0.000013
0 0.009525 0.001795 0.016664 0.000015
0 0.009858 0.001536 0.015999 0.000020
0 0.009988 0.001556 0.015738 0.000021
0 0.009024 0.000677 0.017666 0.000008
0 0.009860 0.000050 0.015994 0.000021
0 0.009863 0.000062 0.015989 0.000020
0 0.009249 0.002096 0.017215 0.000015
0 0.009940 0.002227 0.015834 0.000009
0 0.009499 0.000220 0.016715 0.000014
0 0.007696 0.000833 0.011395 0.000071
0 0.015439 0.000828 0.027157 0.000021
0 0.006526 0.000854 0.009270 0.000012
0 0.006526 0.000867 0.009270 0.000013
0 0.013832 0.000708 0.025908 0.000012
0 0.009138 0.001177 0.017438 0.000014
0 0.007043 0.001068 0.012700 0.000088
0 0.007117 0.001041 0.012551 0.000107
0 0.014942 0.001041 0.028151 0.000073
0 0.013948 0.001007 0.025675 0.000028
0 0.009010 0.000191 0.017694 0.000046
0 0.009788 0.000734 0.016138 0.000029
0 0.009634 0.000707 0.016446 0.000027
0 0.008979 0.001994 0.017756 0.000006
0 0.009605 0.000722 0.016504 0.000032
0 0.008977 0.001882 0.017759 0.000004
0 0.008985 0.001817 0.017745 0.000004
0 0.009009 0.001752 0.017696 0.000011
0 0.009171 0.001816 0.017373 0.000022
0 0.009288 0.001715 0.017138 0.000013
0 0.009330 0.001416 0.017054 0.000012
0 0.009341 0.001248 0.017032 0.000012
0 0.009384 0.001286 0.016945 0.000016
0 0.009339 0.001341 0.017037 0.000032
0 0.009736 0.001375 0.016242 0.000023
0 0.009796 0.001465 0.016122 0.000028
0 0.009862 0.001351 0.015989 0.000014
0 0.009855 0.001385 0.016004 0.000008
0 0.009909 0.001293 0.015897 0.000011
0 0.009946 0.001322 0.015821 0.000008
0 0.009275 0.002023 0.017164 0.000007
0 0.009333 0.001887 0.017049 0.000021
0 0.009351 0.002139 0.017013 0.000012
0 0.009367 0.002027 0.016979 0.000007
0 0.009710 0.001883 0.016294 0.000011
0 0.009675 0.001722 0.016364 0.000008
0 0.009939 0.001778 0.015837 0.000008
0 0.009547 0.000552 0.016619 0.000015
0 0.009864 0.000205 0.015987 0.000015