0 0.009210 0.002021 0.017294 0.000008
0 0.001716 0.000437 0.001032 0.000014
0 0.001746 0.000454 0.000972 0.000013
0 0.001819 0.000483 0.000827 0.000015
0 0.001801 0.000473 0.000862 0.000016
0 0.001784 0.000473 0.000896 0.000015
0 0.001785 0.000468 0.000893 0.000013
0 0.001786 0.000463 0.000892 0.000009
0 0.001997 0.000553 0.000470 0.000025
0 0.001963 0.000705 0.000537 0.000039
0 0.009701 0.000803 0.016312 0.000072
0 0.009464 0.000639 0.016786 0.000032
0 0.009425 0.000934 0.016864 0.000008
0 0.008945 0.001130 0.017824 0.000016
0 0.008952 0.001135 0.017811 0.000015
0 0.009006 0.001174 0.017701 0.000011
0 0.009222 0.001326 0.017271 0.000010
0 0.001730 0.000444 0.001005 0.000013
0 0.010013 0.000245 0.015688 0.000014
0 0.009456 0.001496 0.016803 0.000011
0 0.009928 0.000205 0.015858 0.000015
0 0.009023 0.000169 0.017667 0.000025
0 0.009099 0.000204 0.017517 0.000027
0 0.009103 0.000206 0.017509 0.000035
0 0.009110 0.000210 0.017495 0.000033
0 0.009311 0.000314 0.017092 0.000025
0 0.009421 0.000371 0.016872 0.000023
0 0.009260 0.000176 0.017195 0.000005
0 0.002032 0.000221 0.000401 0.000070
0 0.002018 0.000396 0.000427 0.000029
0 0.002046 0.000324 0.000373 0.000035
0 0.002052 0.000250 0.000360 0.000031
0 0.002083 0.000179 0.000299 0.000031
0 0.002100 0.000094 0.000265 0.000035
0 0.002039 0.000084 0.000386 0.000033
0 0.002050 0.000025 0.000364 0.000047
0 0.009328 0.001402 0.017059 0.000012
0 0.009306 0.001632 0.017102 0.000009
0 0.009324 0.000561 0.017065 0.000024
0 0.002007 0.001863 0.000450 0.000031
0 0.001991 0.001612 0.000482 0.000036
0 0.009241 0.001897 0.017232 0.000008
0 0.009749 0.001988 0.016216 0.000012
0 0.009202 0.001792 0.017310 0.000013
0 0.009170 0.002190 0.017374 0.000008
0 0.009543 0.001947 0.016628 0.000011
0 0.009592 0.001957 0.016530 0.000011
0 0.009539 0.000074 0.016637 0.000007
0 0.009402 0.000167 0.016910 0.000006
0 0.009970 0.000637 0.015775 0.000012
0 0.009938 0.000913 0.015838 0.000024
0 0.009927 0.001016 0.015859 0.000007
0 0.009899 0.001266 0.015917 0.000008
0 0.009227 0.002181 0.017261 0.000012
0 0.009348 0.001881 0.017019 0.000011
0 0.001996 0.001870 0.000473 0.000030
0 0.002001 0.001920 0.000461 0.000027
0 0.009613 0.001607 0.016488 0.000012
0 0.002010 0.001967 0.000444 0.000036
0 0.009733 0.001693 0.016249 0.000020
0 0.001924 0.001219 0.000617 0.000023
0 0.001891 0.001099 0.000682 0.000033
0 0.001888 0.001096 0.000688 0.000026
0 0.001884 0.001101 0.000696 0.000036
0 0.001944 0.001305 0.000577 0.000040
0 0.002012 0.001289 0.000440 0.000013
0 0.002016 0.001297 0.000433 0.000013
0 0.002036 0.001309 0.000392 0.000016
0 0.009624 0.001248 0.016465 0.000009
0 0.009924 0.001317 0.015866 0.000059
0 0.009939 0.001708 0.015836 0.000008
0 0.010004 0.001722 0.015706 0.000008
0 0.010018 0.001941 0.015679 0.000007
0 0.002000 0.002007 0.000464 0.000033
0 0.009018 0.000163 0.017677 0.000030