0 0.009226 0.001100 0.017262 0.000047
0 0.009228 0.000646 0.017259 0.000027
0 0.009212 0.001131 0.017290 0.000023
0 0.009239 0.001066 0.017236 0.000015
0 0.009278 0.001313 0.017159 0.000028
0 0.009321 0.001211 0.017072 0.000022
0 0.009382 0.001191 0.016950 0.000022
0 0.009294 0.000712 0.017127 0.000045
0 0.009296 0.000665 0.017123 0.000037
0 0.009364 0.000595 0.016987 0.000016
0 0.009770 0.000110 0.016174 0.000004
0 0.009473 0.000519 0.016768 0.000015
0 0.009300 0.000347 0.017114 0.000015
0 0.009222 0.000342 0.017271 0.000014
0 0.009276 0.000277 0.017162 0.000014
0 0.009337 0.000180 0.017040 0.000014
0 0.009300 0.000090 0.017114 0.000011
0 0.009466 0.000116 0.016782 0.000016
0 0.009178 0.001186 0.017358 0.000015
0 0.009279 0.001584 0.017156 0.000017
0 0.009505 0.001544 0.016705 0.000016
0 0.009845 0.001746 0.016023 0.000022
0 0.008974 0.000948 0.017766 0.000065
0 0.008953 0.000900 0.017809 0.000028
0 0.008960 0.000914 0.017795 0.000018
0 0.008954 0.001020 0.017806 0.000037
0 0.008962 0.000994 0.017790 0.000030
0 0.008936 0.001793 0.017842 0.000016
0 0.008944 0.001794 0.017826 0.000017
0 0.009298 0.000862 0.017118 0.000010
0 0.009265 0.001004 0.017184 0.000020
0 0.009255 0.000983 0.017204 0.000015
0 0.009170 0.001226 0.017374 0.000005
0 0.009172 0.001335 0.017371 0.000013
0 0.009915 0.001388 0.015884 0.000023
0 0.009902 0.001648 0.015911 0.000023
0 0.009859 0.001552 0.015997 0.000012
0 0.009841 0.000144 0.016033 0.000007
0 0.009670 0.000219 0.016375 0.000006
0 0.009219 0.001111 0.017276 0.000059
0 0.009295 0.002132 0.017125 0.000014
0 0.009484 0.001207 0.016746 0.000009
0 0.009464 0.001204 0.016787 0.000011
0 0.009429 0.000994 0.016857 0.000010
0 0.009362 0.002189 0.016991 0.000026
0 0.009364 0.002207 0.016987 0.000025
0 0.009339 0.001875 0.017036 0.000041
0 0.009289 0.001989 0.017137 0.000023
0 0.009361 0.001748 0.016992 0.000015
0 0.009388 0.000025 0.016938 0.000019
0 0.009590 0.001594 0.016534 0.000013
0 0.009208 0.001378 0.017297 0.000044
0 0.009216 0.001388 0.017283 0.000040
0 0.002656 0.000058 0.003617 0.000017
0 0.007569 0.001732 0.011648 0.000055
0 0.009878 0.000884 0.015959 0.000009
0 0.009911 0.000831 0.015893 0.000020
0 0.009437 0.001200 0.016841 0.000007
0 0.009650 0.000810 0.016414 0.000011
0 0.009165 0.001759 0.017385 0.000007
0 0.009695 0.001972 0.016325 0.000009
0 0.009651 0.000473 0.016412 0.000039
0 0.009991 0.000528 0.015733 0.000015
0 0.009655 0.000561 0.016404 0.000010
0 0.010035 0.000484 0.015645 0.000046
0 0.010018 0.000647 0.015679 0.000012
0 0.010013 0.000768 0.015689 0.000004
0 0.010012 0.000877 0.015690 0.000022
0 0.009938 0.000917 0.015838 0.000016
0 0.010007 0.000975 0.015700 0.000011
0 0.009964 0.001856 0.015786 0.000022
0 0.009910 0.001746 0.015894 0.000009
0 0.010005 0.001906 0.015704 0.000016
0 0.009649 0.002195 0.016416 0.000026
0 0.009738 0.001971 0.016239 0.000019
0 0.009834 0.002120 0.016047 0.000015
0 0.008977 0.000750 0.017761 0.000039