0 0.013788 0.001767 0.025996 0.000010
0 0.002557 0.001587 0.003815 0.000009
0 0.001549 0.001398 0.001366 0.000031
0 0.001750 0.001179 0.000964 0.000009
0 0.001669 0.001251 0.001126 0.000012
0 0.001674 0.001252 0.001117 0.000009
0 0.001668 0.001257 0.001129 0.000016
0 0.001681 0.001239 0.001102 0.000014
0 0.001821 0.001132 0.000823 0.000053
0 0.001864 0.001137 0.000735 0.000015
0 0.001864 0.001133 0.000737 0.000016
0 0.001873 0.001048 0.000719 0.000013
0 0.001875 0.001044 0.000715 0.000010
0 0.001885 0.001031 0.000694 0.000017
0 0.001883 0.001029 0.000699 0.000017
0 0.001870 0.001043 0.000725 0.000018
0 0.001881 0.001026 0.000702 0.000017
0 0.009806 0.000781 0.016103 0.000030
0 0.009798 0.000802 0.016119 0.000048
0 0.009776 0.000390 0.016162 0.000056
0 0.009780 0.000403 0.016154 0.000044
0 0.002555 0.000425 0.003819 0.000008
0 0.002549 0.000428 0.003830 0.000007
0 0.002589 0.001415 0.003751 0.000006
0 0.003213 0.001535 0.002502 0.000004
0 0.008194 0.001647 0.014862 0.000040
0 0.003211 0.001538 0.002506 0.000004
0 0.008205 0.001606 0.014839 0.000042
0 0.001483 0.001686 0.001498 0.000035
0 0.001504 0.001613 0.001455 0.000024
0 0.001494 0.001636 0.001475 0.000027
0 0.001492 0.001687 0.001480 0.000035
0 0.001488 0.001687 0.001488 0.000035
0 0.001488 0.001723 0.001489 0.000034
0 0.001483 0.001722 0.001499 0.000034
0 0.001479 0.001720 0.001506 0.000035
0 0.001754 0.000107 0.000957 0.000012
0 0.001751 0.000113 0.000961 0.000016
0 0.001732 0.000101 0.001001 0.000026
0 0.001734 0.000094 0.000996 0.000026
0 0.009513 0.002098 0.016688 0.000077
0 0.009686 0.002063 0.016343 0.000070
0 0.001779 0.002063 0.000907 0.000011
0 0.002718 0.002059 0.003493 0.000080
0 0.009276 0.001915 0.017163 0.000089
0 0.002265 0.001936 0.004400 0.000025
0 0.001514 0.001581 0.001437 0.000009
0 0.001510 0.001584 0.001444 0.000009
0 0.009561 0.000141 0.016593 0.000059