0 0.000942 0.001749 0.001883 0.000120
0 0.000336 0.001447 0.000672 0.000095
0 0.000878 0.000909 0.001756 0.000098
0 0.000755 0.001208 0.001509 0.000114
0 0.000728 0.001296 0.001456 0.000092
0 0.000688 0.001422 0.001375 0.000068
0 0.000603 0.001476 0.001207 0.000138
0 0.000589 0.001473 0.001178 0.000106
0 0.000364 0.001471 0.000728 0.000061
0 0.000288 0.001427 0.000576 0.000116
0 0.000541 0.001340 0.001082 0.000065
0 0.000209 0.001380 0.000418 0.000029
0 0.000699 0.001687 0.001398 0.000086
0 0.000746 0.001652 0.001492 0.000113
0 0.000657 0.001459 0.001313 0.000100
0 0.000714 0.001376 0.001428 0.000067
0 0.000834 0.001562 0.001669 0.000063
0 0.000556 0.001418 0.001111 0.000121
0 0.000836 0.000436 0.001672 0.000113