0 0.016346 0.000658 0.029808 0.000049
0 0.002003 0.001198 0.000458 0.000019
0 0.001982 0.001290 0.000501 0.000015
0 0.001984 0.001283 0.000497 0.000023
0 0.001985 0.001271 0.000493 0.000020
0 0.001989 0.001254 0.000486 0.000022
0 0.001993 0.001244 0.000478 0.000024
0 0.001994 0.001236 0.000476 0.000019
0 0.001998 0.001226 0.000469 0.000020
0 0.002000 0.001217 0.000465 0.000019
0 0.001999 0.001207 0.000466 0.000024
0 0.002003 0.001190 0.000457 0.000019
0 0.001974 0.001254 0.000516 0.000027
0 0.002007 0.001173 0.000451 0.000021
0 0.002008 0.001164 0.000447 0.000019
0 0.002010 0.001154 0.000444 0.000019
0 0.002012 0.001147 0.000440 0.000021
0 0.002013 0.001137 0.000438 0.000019
0 0.008674 0.001194 0.013902 0.000206
0 0.001852 0.001075 0.000760 0.000031
0 0.001849 0.001070 0.000766 0.000031
0 0.001859 0.001089 0.000746 0.000031
0 0.001970 0.001265 0.000525 0.000032
0 0.001980 0.001242 0.000505 0.000025
0 0.001866 0.001099 0.000733 0.000031
0 0.001941 0.001062 0.000583 0.000024
0 0.001934 0.001181 0.000596 0.000038
0 0.001947 0.001205 0.000570 0.000039
0 0.001952 0.001217 0.000560 0.000035
0 0.001911 0.001039 0.000643 0.000025
0 0.001914 0.001045 0.000636 0.000032
0 0.001919 0.001046 0.000626 0.000028
0 0.001922 0.001050 0.000620 0.000031
0 0.001928 0.001051 0.000609 0.000026
0 0.001936 0.001060 0.000593 0.000026
0 0.001947 0.001066 0.000571 0.000025
0 0.001979 0.001232 0.000507 0.000030
0 0.001967 0.001088 0.000529 0.000030
0 0.001997 0.001118 0.000470 0.000034
0 0.002001 0.001133 0.000463 0.000023
0 0.001999 0.001145 0.000467 0.000027
0 0.001992 0.001172 0.000481 0.000023
0 0.001988 0.001185 0.000488 0.000025
0 0.001989 0.001196 0.000486 0.000022
0 0.001987 0.001207 0.000491 0.000024
0 0.001984 0.001220 0.000496 0.000026
0 0.001863 0.001092 0.000738 0.000027
0 0.001873 0.001111 0.000718 0.000028
0 0.002040 0.001244 0.000384 0.000024
0 0.002036 0.001304 0.000392 0.000023
0 0.002064 0.001227 0.000337 0.000024
0 0.002062 0.001235 0.000340 0.000020
0 0.002060 0.001245 0.000345 0.000027
0 0.002058 0.001253 0.000349 0.000023
0 0.002050 0.001257 0.000364 0.000027
0 0.002046 0.001263 0.000372 0.000032
0 0.002046 0.001280 0.000373 0.000031
0 0.002042 0.001286 0.000380 0.000029
0 0.002038 0.001297 0.000388 0.000025
0 0.002036 0.001314 0.000392 0.000025
0 0.002046 0.001187 0.000372 0.000031
0 0.002032 0.001325 0.000401 0.000025
0 0.002030 0.001334 0.000405 0.000025
0 0.002028 0.001345 0.000408 0.000024
0 0.002017 0.001216 0.000431 0.000024
0 0.002023 0.001211 0.000419 0.000024
0 0.002026 0.001215 0.000413 0.000029
0 0.002029 0.001222 0.000406 0.000022
0 0.002032 0.001228 0.000401 0.000024
0 0.002034 0.001234 0.000396 0.000024
0 0.002050 0.001194 0.000364 0.000028
0 0.002045 0.001180 0.000375 0.000025
0 0.001876 0.001118 0.000713 0.000032
0 0.001923 0.001212 0.000617 0.000037
0 0.001879 0.001125 0.000707 0.000031
0 0.001885 0.001140 0.000694 0.000031
0 0.001889 0.001149 0.000686 0.000036
0 0.001895 0.001156 0.000674 0.000034
0 0.001900 0.001163 0.000665 0.000026
0 0.001902 0.001173 0.000659 0.000033
0 0.001906 0.001180 0.000652 0.000035
0 0.001915 0.001196 0.000634 0.000031
0 0.001920 0.001203 0.000625 0.000032
0 0.001928 0.001219 0.000607 0.000030
0 0.002041 0.001174 0.000383 0.000027
0 0.001932 0.001228 0.000600 0.000032
0 0.001936 0.001237 0.000592 0.000033
0 0.001940 0.001244 0.000585 0.000034
0 0.001945 0.001251 0.000573 0.000032
0 0.008545 0.001143 0.014159 0.000215
0 0.008587 0.001041 0.014076 0.000092
0 0.002034 0.001144 0.000396 0.000015
0 0.002034 0.001156 0.000396 0.000022
0 0.002036 0.001160 0.000392 0.000024
0 0.001929 0.001173 0.000607 0.000037
0 0.001925 0.001164 0.000615 0.000033
0 0.001915 0.001146 0.000634 0.000039
0 0.001784 0.001011 0.000896 0.000025
0 0.002763 0.000995 0.003403 0.000020
0 0.016702 0.000890 0.029096 0.000042
0 0.002125 0.001376 0.000215 0.000087
0 0.001775 0.000963 0.000915 0.000027
0 0.001761 0.000965 0.000942 0.000021
0 0.001761 0.000985 0.000942 0.000020
0 0.001767 0.001010 0.000929 0.000025
0 0.001771 0.000990 0.000923 0.000022
0 0.001773 0.000978 0.000919 0.000018
0 0.001782 0.001024 0.000901 0.000020
0 0.016543 0.000446 0.029415 0.000034
0 0.001778 0.001035 0.000909 0.000028
0 0.001788 0.000942 0.000889 0.000028
0 0.001799 0.000953 0.000866 0.000021
0 0.001803 0.000946 0.000858 0.000012
0 0.001797 0.000937 0.000870 0.000021
0 0.001804 0.000935 0.000855 0.000009
0 0.001809 0.000918 0.000847 0.000008
0 0.001811 0.000909 0.000843 0.000009
0 0.001801 0.000858 0.000862 0.000016
0 0.013556 0.000826 0.026460 0.000035
0 0.016344 0.000574 0.029812 0.000105
0 0.001910 0.001138 0.000645 0.000039
0 0.014883 0.000823 0.028269 0.000234
0 0.015742 0.000447 0.031017 0.000115
0 0.015756 0.000269 0.030989 0.000019
0 0.004855 0.000507 0.008147 0.000075
0 0.004846 0.000556 0.008166 0.000076
0 0.004837 0.000603 0.008184 0.000076
0 0.004827 0.000650 0.008204 0.000075
0 0.004817 0.000696 0.008223 0.000076
0 0.004808 0.000742 0.008242 0.000075
0 0.004799 0.000785 0.008260 0.000073
0 0.014943 0.000519 0.028150 0.000193
0 0.014049 0.000353 0.025473 0.000025
0 0.016154 0.000902 0.030191 0.000121
0 0.016145 0.000885 0.030211 0.000051
0 0.005035 0.000851 0.007788 0.000057
0 0.005039 0.000901 0.007780 0.000054
0 0.005042 0.000952 0.007773 0.000052
0 0.005044 0.001002 0.007768 0.000056
0 0.016182 0.000328 0.030137 0.000189
0 0.016171 0.000418 0.030157 0.000052
0 0.016181 0.000422 0.030139 0.000044
0 0.001800 0.000866 0.000863 0.000016
0 0.001795 0.000854 0.000875 0.000022
0 0.001796 0.000883 0.000873 0.000020
0 0.001858 0.001042 0.000748 0.000024
0 0.001846 0.000886 0.000772 0.000025
0 0.001851 0.000876 0.000763 0.000025
0 0.001852 0.000866 0.000759 0.000021
0 0.001848 0.000943 0.000768 0.000023
0 0.001829 0.000956 0.000806 0.000019
0 0.001831 0.000948 0.000803 0.000020
0 0.013882 0.000721 0.025808 0.000044
0 0.001850 0.001025 0.000764 0.000030
0 0.001854 0.001036 0.000756 0.000027
0 0.001862 0.001048 0.000741 0.000026
0 0.001795 0.000889 0.000875 0.000025
0 0.001865 0.001055 0.000734 0.000024
0 0.001871 0.001068 0.000722 0.000028
0 0.001876 0.001075 0.000712 0.000030
0 0.001880 0.001084 0.000704 0.000025
0 0.001884 0.001086 0.000696 0.000037
0 0.001888 0.001100 0.000688 0.000023
0 0.001891 0.001103 0.000683 0.000023
0 0.001899 0.001118 0.000666 0.000032
0 0.001906 0.001131 0.000652 0.000036
0 0.001818 0.000854 0.000827 0.000028
0 0.001817 0.000846 0.000831 0.000025
0 0.001814 0.000844 0.000836 0.000022
0 0.001811 0.000836 0.000842 0.000022
0 0.001793 0.000903 0.000879 0.000023
0 0.001790 0.000907 0.000884 0.000022
0 0.001782 0.000934 0.000901 0.000021
0 0.001799 0.000926 0.000866 0.000023
0 0.001801 0.000919 0.000863 0.000023
0 0.001802 0.000913 0.000861 0.000019
0 0.001805 0.000903 0.000855 0.000020
0 0.001807 0.000893 0.000851 0.000025
0 0.001810 0.000884 0.000844 0.000024
0 0.001812 0.000902 0.000840 0.000012
0 0.001814 0.000894 0.000836 0.000011
0 0.001816 0.000887 0.000832 0.000015
0 0.001808 0.000980 0.000848 0.000025
0 0.001811 0.000975 0.000842 0.000023
0 0.001812 0.000968 0.000840 0.000026
0 0.001814 0.000958 0.000835 0.000026
0 0.001817 0.000950 0.000830 0.000026
0 0.001818 0.000940 0.000828 0.000026
0 0.001823 0.000946 0.000819 0.000021
0 0.002037 0.001240 0.000390 0.000023
0 0.002017 0.001237 0.000431 0.000025
0 0.001949 0.001842 0.000566 0.000015
0 0.001931 0.001381 0.000603 0.000019
0 0.001931 0.001452 0.000603 0.000028
0 0.001925 0.001467 0.000614 0.000032
0 0.001922 0.001483 0.000621 0.000031
0 0.001922 0.001496 0.000620 0.000029
0 0.001919 0.001508 0.000626 0.000031
0 0.001916 0.001524 0.000632 0.000030
0 0.001938 0.001346 0.000588 0.000023
0 0.001936 0.001359 0.000591 0.000024
0 0.001930 0.001368 0.000603 0.000029
0 0.001929 0.001391 0.000606 0.000023
0 0.001937 0.001413 0.000591 0.000031
0 0.001927 0.001402 0.000610 0.000023
0 0.001922 0.001412 0.000620 0.000026
0 0.001920 0.001423 0.000625 0.000026
0 0.001914 0.001452 0.000636 0.000025
0 0.001915 0.001464 0.000635 0.000023
0 0.001911 0.001475 0.000643 0.000025
0 0.001909 0.001489 0.000646 0.000025
0 0.001904 0.001503 0.000657 0.000028
0 0.008607 0.001423 0.014037 0.000201
0 0.001934 0.001440 0.000597 0.000030
0 0.001940 0.001398 0.000583 0.000032
0 0.001984 0.001426 0.000496 0.000029
0 0.001863 0.001382 0.000738 0.000035
0 0.001890 0.001386 0.000684 0.000032
0 0.001893 0.001391 0.000678 0.000029
0 0.001897 0.001397 0.000670 0.000031
0 0.001901 0.001404 0.000663 0.000027
0 0.001902 0.001410 0.000659 0.000027
0 0.001842 0.001344 0.000780 0.000032
0 0.001847 0.001348 0.000770 0.000029
0 0.001857 0.001369 0.000751 0.000034
0 0.001861 0.001375 0.000742 0.000029
0 0.001872 0.001397 0.000721 0.000031
0 0.001942 0.001382 0.000580 0.000026
0 0.001875 0.001404 0.000714 0.000032
0 0.001879 0.001412 0.000706 0.000034
0 0.001884 0.001419 0.000697 0.000035
0 0.001888 0.001427 0.000689 0.000036
0 0.001891 0.001433 0.000682 0.000036
0 0.001896 0.001437 0.000673 0.000033
0 0.008534 0.001365 0.014181 0.000134
0 0.001952 0.001342 0.000561 0.000027
0 0.001945 0.001371 0.000574 0.000028
0 0.001989 0.001415 0.000487 0.000026
0 0.001984 0.001437 0.000496 0.000030
0 0.002019 0.001242 0.000425 0.000027
0 0.008657 0.001591 0.013937 0.000108
0 0.002011 0.001567 0.000442 0.000029
0 0.002006 0.001581 0.000453 0.000029
0 0.002011 0.001468 0.000442 0.000032
0 0.002005 0.001485 0.000454 0.000032
0 0.002000 0.001516 0.000465 0.000034
0 0.001994 0.001525 0.000477 0.000044
0 0.001987 0.001557 0.000490 0.000044
0 0.001988 0.001613 0.000489 0.000019
0 0.008692 0.001544 0.013867 0.000141
0 0.001987 0.001589 0.000489 0.000034
0 0.002021 0.001503 0.000422 0.000019
0 0.008331 0.002119 0.014588 0.000049
0 0.016394 0.001720 0.029711 0.000087
0 0.001947 0.001855 0.000570 0.000012
0 0.001953 0.001872 0.000559 0.000029
0 0.001957 0.001870 0.000550 0.000025
0 0.001964 0.001876 0.000536 0.000025
0 0.001956 0.001804 0.000553 0.000016
0 0.001951 0.001823 0.000562 0.000012
0 0.001951 0.001832 0.000563 0.000013
0 0.002011 0.001556 0.000441 0.000030
0 0.002025 0.001489 0.000415 0.000021
0 0.001979 0.001450 0.000506 0.000030
0 0.001959 0.001490 0.000547 0.000034
0 0.001978 0.001471 0.000508 0.000033
0 0.001972 0.001484 0.000519 0.000032
0 0.001968 0.001506 0.000528 0.000032
0 0.001968 0.001517 0.000528 0.000031
0 0.001961 0.001541 0.000542 0.000028
0 0.001971 0.001406 0.000523 0.000039
0 0.001965 0.001430 0.000535 0.000040
0 0.001966 0.001447 0.000533 0.000032
0 0.001964 0.001462 0.000536 0.000035
0 0.001953 0.001512 0.000559 0.000040
0 0.008637 0.001513 0.013976 0.000219
0 0.001944 0.001528 0.000576 0.000042
0 0.001943 0.001547 0.000579 0.000036
0 0.001936 0.001573 0.000591 0.000039
0 0.001933 0.001588 0.000598 0.000038
0 0.001960 0.001562 0.000545 0.000028
0 0.001957 0.001573 0.000551 0.000030
0 0.001954 0.001586 0.000556 0.000031
0 0.001952 0.001598 0.000560 0.000029
0 0.001948 0.001610 0.000567 0.000028
0 0.001887 0.001376 0.000691 0.000035
0 0.001883 0.001370 0.000698 0.000031
0 0.001881 0.001367 0.000703 0.000029
0 0.008701 0.001320 0.013849 0.000053
0 0.002029 0.001382 0.000406 0.000037
0 0.002040 0.001401 0.000385 0.000029
0 0.002044 0.001408 0.000376 0.000030
0 0.002046 0.001425 0.000373 0.000044
0 0.002057 0.001383 0.000351 0.000032
0 0.002052 0.001378 0.000360 0.000027
0 0.002048 0.001370 0.000368 0.000034
0 0.002046 0.001366 0.000373 0.000025
0 0.008724 0.001379 0.013801 0.000077
0 0.001829 0.001142 0.000806 0.000026
0 0.002022 0.001364 0.000421 0.000034
0 0.001832 0.001145 0.000800 0.000029
0 0.001840 0.001163 0.000784 0.000026
0 0.001843 0.001171 0.000777 0.000023
0 0.001847 0.001174 0.000771 0.000026
0 0.001849 0.001180 0.000765 0.000026
0 0.001853 0.001185 0.000758 0.000027
0 0.001857 0.001192 0.000751 0.000025
0 0.001859 0.001198 0.000745 0.000024
0 0.001863 0.001204 0.000739 0.000025
0 0.002025 0.001370 0.000414 0.000037
0 0.002019 0.001358 0.000427 0.000034
0 0.001876 0.001359 0.000712 0.000029
0 0.002014 0.001304 0.000437 0.000025
0 0.002023 0.001247 0.000418 0.000027
0 0.002027 0.001253 0.000411 0.000024
0 0.002028 0.001258 0.000408 0.000027
0 0.002031 0.001266 0.000402 0.000028
0 0.002034 0.001271 0.000397 0.000029
0 0.008718 0.001242 0.013813 0.000044
0 0.002006 0.001285 0.000453 0.000028
0 0.002009 0.001294 0.000446 0.000019
0 0.002011 0.001297 0.000443 0.000025
0 0.002017 0.001309 0.000430 0.000027
0 0.002015 0.001349 0.000434 0.000033
0 0.002020 0.001317 0.000424 0.000025
0 0.002023 0.001323 0.000418 0.000024
0 0.002005 0.001310 0.000454 0.000019
0 0.002003 0.001320 0.000458 0.000021
0 0.002000 0.001329 0.000464 0.000020
0 0.001998 0.001337 0.000467 0.000020
0 0.002007 0.001325 0.000451 0.000025
0 0.002007 0.001338 0.000451 0.000037
0 0.002011 0.001344 0.000442 0.000036
0 0.001869 0.001217 0.000726 0.000027
0 0.001873 0.001221 0.000719 0.000030
0 0.001876 0.001225 0.000712 0.000034
0 0.001916 0.001343 0.000633 0.000035
0 0.001876 0.001269 0.000712 0.000029
0 0.001879 0.001277 0.000706 0.000034
0 0.001882 0.001283 0.000700 0.000033
0 0.001886 0.001292 0.000693 0.000033
0 0.001890 0.001297 0.000683 0.000034
0 0.001899 0.001308 0.000666 0.000025
0 0.001901 0.001316 0.000661 0.000031
0 0.001904 0.001325 0.000656 0.000034
0 0.001912 0.001337 0.000640 0.000032
0 0.008523 0.001241 0.014205 0.000189
0 0.001884 0.001239 0.000697 0.000031
0 0.001831 0.001267 0.000802 0.000030
0 0.001834 0.001320 0.000797 0.000028
0 0.001840 0.001291 0.000784 0.000034
0 0.001843 0.001297 0.000778 0.000035
0 0.001850 0.001313 0.000764 0.000029
0 0.001858 0.001325 0.000748 0.000032
0 0.001862 0.001329 0.000741 0.000036
0 0.001865 0.001338 0.000734 0.000032
0 0.001869 0.001343 0.000727 0.000035
0 0.001874 0.001263 0.000717 0.000030
0 0.001869 0.001258 0.000726 0.000032
0 0.001866 0.001252 0.000733 0.000030
0 0.001863 0.001246 0.000738 0.000025
0 0.001886 0.001244 0.000693 0.000038
0 0.001890 0.001251 0.000684 0.000037
0 0.001893 0.001258 0.000678 0.000034
0 0.001898 0.001263 0.000669 0.000034
0 0.001901 0.001271 0.000661 0.000035
0 0.001905 0.001279 0.000654 0.000036
0 0.001909 0.001286 0.000646 0.000034
0 0.001913 0.001292 0.000639 0.000038
0 0.001916 0.001299 0.000632 0.000037
0 0.001821 0.001168 0.000823 0.000031
0 0.001825 0.001170 0.000814 0.000023
0 0.001833 0.001191 0.000798 0.000028
0 0.001837 0.001198 0.000790 0.000029
0 0.001840 0.001204 0.000783 0.000027
0 0.001844 0.001209 0.000777 0.000026
0 0.001847 0.001217 0.000770 0.000027
0 0.001852 0.001228 0.000761 0.000030
0 0.001857 0.001232 0.000750 0.000028
0 0.001859 0.001241 0.000746 0.000027
0 0.015651 0.000420 0.031199 0.000062