0 0.011246 0.001106 0.022150 0.000008
0 0.000530 0.001028 0.001061 0.000015
0 0.000626 0.000904 0.001252 0.000015
0 0.000627 0.000919 0.001253 0.000014
0 0.000628 0.000935 0.001255 0.000014
0 0.000628 0.000966 0.001257 0.000014
0 0.000629 0.000982 0.001257 0.000014
0 0.000630 0.001012 0.001260 0.000016
0 0.000630 0.001028 0.001261 0.000014
0 0.000631 0.001044 0.001263 0.000015
0 0.000531 0.001044 0.001061 0.000014
0 0.000804 0.000991 0.001608 0.000056
0 0.000492 0.001100 0.000985 0.000015
0 0.000496 0.001416 0.000992 0.000026
0 0.000460 0.001417 0.000920 0.000025
0 0.000250 0.001513 0.000499 0.000047
0 0.000277 0.001492 0.000555 0.000022
0 0.000273 0.001521 0.000545 0.000026
0 0.009003 0.001592 0.017709 0.000008
0 0.011322 0.002080 0.021998 0.000005
0 0.000626 0.000888 0.001251 0.000016
0 0.000625 0.000873 0.001250 0.000014
0 0.011231 0.001057 0.022181 0.000005
0 0.012655 0.000814 0.023796 0.000025
0 0.000410 0.000670 0.000821 0.000018
0 0.000387 0.000672 0.000775 0.000018
0 0.012674 0.000757 0.023758 0.000027
0 0.012686 0.000757 0.023735 0.000026
0 0.012697 0.000756 0.023713 0.000028
0 0.012708 0.000756 0.023691 0.000028
0 0.012627 0.000815 0.023852 0.000024
0 0.012639 0.000814 0.023830 0.000025
0 0.012665 0.000813 0.023778 0.000024
0 0.000625 0.000858 0.001250 0.000015
0 0.012674 0.000813 0.023758 0.000023
0 0.012684 0.000813 0.023740 0.000024
0 0.012695 0.000813 0.023718 0.000024
0 0.012707 0.000813 0.023693 0.000024
0 0.000535 0.000876 0.001070 0.000053
0 0.000529 0.000920 0.001058 0.000014
0 0.000623 0.000827 0.001247 0.000015
0 0.000624 0.000843 0.001249 0.000015
0 0.011341 0.002081 0.021960 0.000004
0 0.011352 0.002075 0.021939 0.000004
0 0.011376 0.002075 0.021891 0.000005
0 0.011460 0.002099 0.021722 0.000004
0 0.011409 0.002101 0.021825 0.000004
0 0.011407 0.002082 0.021829 0.000005
0 0.011420 0.002078 0.021803 0.000004
0 0.011418 0.002096 0.021808 0.000004
0 0.011431 0.002097 0.021780 0.000004
0 0.011430 0.002103 0.021783 0.000004
0 0.011447 0.002098 0.021749 0.000005
0 0.010328 0.002078 0.019523 0.000005
0 0.011474 0.002089 0.021695 0.000004
0 0.011373 0.002093 0.021896 0.000003
0 0.011537 0.002096 0.021568 0.000005
0 0.011547 0.002110 0.021548 0.000005
0 0.012011 0.002114 0.020620 0.000005
0 0.012027 0.002107 0.020590 0.000004
0 0.012051 0.002106 0.020541 0.000004
0 0.012051 0.002112 0.020541 0.000004
0 0.012093 0.002105 0.020458 0.000003
0 0.012118 0.002103 0.020407 0.000005
0 0.011406 0.002094 0.021832 0.000005
0 0.011393 0.002094 0.021856 0.000004
0 0.011385 0.002098 0.021874 0.000003
0 0.011384 0.002093 0.021874 0.000004
0 0.011352 0.002093 0.021940 0.000004
0 0.011359 0.002098 0.021926 0.000004
0 0.011364 0.002093 0.021916 0.000004
0 0.011278 0.002095 0.022088 0.000003
0 0.011275 0.002100 0.022092 0.000004
0 0.011288 0.002095 0.022067 0.000003
0 0.011285 0.002101 0.022073 0.000004
0 0.011295 0.002100 0.022053 0.000004
0 0.011299 0.002095 0.022045 0.000004
0 0.011302 0.002100 0.022038 0.000003
0 0.011308 0.002094 0.022027 0.000004
0 0.011313 0.002099 0.022016 0.000004
0 0.011318 0.002094 0.022007 0.000004
0 0.011326 0.002098 0.021991 0.000003
0 0.010212 0.002093 0.019754 0.000003
0 0.011341 0.002093 0.021961 0.000003
0 0.011342 0.002098 0.021960 0.000003
0 0.000440 0.000671 0.000880 0.000021