0 0.000780 0.001917 0.001560 0.000147
0 0.000824 0.001906 0.001647 0.000111
0 0.000211 0.000251 0.000423 0.000101
0 0.000337 0.000593 0.000674 0.000154
0 0.000472 0.000432 0.000943 0.000174
0 0.000429 0.000820 0.000859 0.000102
0 0.000422 0.000920 0.000844 0.000099
0 0.000185 0.001014 0.000369 0.000077
0 0.000473 0.001067 0.000946 0.000100
0 0.000535 0.001121 0.001069 0.000100
0 0.000525 0.001220 0.001050 0.000101
0 0.000578 0.001319 0.001156 0.000103
0 0.000620 0.001439 0.001240 0.000105
0 0.000668 0.001557 0.001336 0.000116
0 0.000285 0.001303 0.000569 0.000101
0 0.000233 0.001402 0.000465 0.000192
0 0.000699 0.001676 0.001399 0.000099
0 0.000741 0.001793 0.001481 0.000093
0 0.000969 0.001776 0.001939 0.000197
0 0.000282 0.000182 0.000563 0.000107