0 0.013642 0.001911 0.026287 0.000051
0 0.000207 0.001236 0.000415 0.000027
0 0.000250 0.001379 0.000500 0.000037
0 0.000252 0.001336 0.000504 0.000040
0 0.000254 0.001297 0.000509 0.000044
0 0.000249 0.001269 0.000498 0.000038
0 0.000250 0.001238 0.000499 0.000032
0 0.000185 0.001199 0.000370 0.000023
0 0.000195 0.001221 0.000389 0.000027
0 0.000210 0.001207 0.000419 0.000028
0 0.000186 0.001238 0.000373 0.000017
0 0.000190 0.001262 0.000381 0.000025
0 0.000272 0.001912 0.000543 0.000029
0 0.000207 0.001266 0.000414 0.000028
0 0.000205 0.001285 0.000410 0.000019
0 0.000184 0.001289 0.000369 0.000027
0 0.000206 0.001303 0.000412 0.000026
0 0.000190 0.001324 0.000381 0.000027
0 0.000187 0.001367 0.000374 0.000043
0 0.000205 0.001326 0.000410 0.000026
0 0.000203 0.001351 0.000405 0.000025
0 0.000199 0.001379 0.000399 0.000026
0 0.000247 0.001406 0.000494 0.000024
0 0.000248 0.001432 0.000497 0.000029
0 0.000264 0.001455 0.000528 0.000040
0 0.000271 0.001473 0.000542 0.000034
0 0.000299 0.000823 0.000598 0.000075
0 0.000226 0.000970 0.000451 0.000041
0 0.000221 0.000930 0.000443 0.000059
0 0.000263 0.000860 0.000525 0.000057
0 0.000246 0.000859 0.000491 0.000122
0 0.000259 0.000806 0.000518 0.000055
0 0.000223 0.000794 0.000446 0.000026
0 0.000194 0.000813 0.000388 0.000045
0 0.000171 0.000832 0.000342 0.000046
0 0.000169 0.000862 0.000338 0.000034
0 0.000192 0.000919 0.000383 0.000079
0 0.000421 0.000928 0.000842 0.000098
0 0.000402 0.000866 0.000804 0.000098
0 0.000368 0.000833 0.000735 0.000038
0 0.000388 0.000779 0.000777 0.000142
0 0.000329 0.000762 0.000657 0.000076
0 0.000315 0.000716 0.000630 0.000127
0 0.000293 0.001407 0.000586 0.000027
0 0.000283 0.001411 0.000566 0.000042
0 0.000202 0.001406 0.000405 0.000026
0 0.000203 0.001432 0.000405 0.000025
0 0.000183 0.001424 0.000367 0.000030
0 0.012381 0.001583 0.024346 0.000013
0 0.012391 0.001561 0.024325 0.000011
0 0.012384 0.001552 0.024339 0.000011
0 0.012391 0.001542 0.024325 0.000010
0 0.012386 0.001529 0.024336 0.000015
0 0.000137 0.001502 0.000274 0.000056
0 0.000140 0.001457 0.000281 0.000064
0 0.000143 0.001418 0.000287 0.000065
0 0.000146 0.001380 0.000292 0.000054
0 0.000167 0.001305 0.000334 0.000155
0 0.000166 0.001177 0.000332 0.000152
0 0.000159 0.001014 0.000319 0.000169
0 0.000135 0.000898 0.000271 0.000099
0 0.000141 0.000805 0.000282 0.000120
0 0.000241 0.000714 0.000482 0.000074
0 0.000188 0.000712 0.000376 0.000075
0 0.000134 0.000724 0.000267 0.000106
0 0.004291 0.000470 0.004810 0.000062
0 0.003960 0.000279 0.005473 0.000091
0 0.004210 0.000227 0.004973 0.000072
0 0.012391 0.001571 0.024325 0.000015
0 0.012379 0.001597 0.024349 0.000015
0 0.000181 0.001448 0.000362 0.000029
0 0.012380 0.001609 0.024347 0.000013
0 0.000202 0.001458 0.000405 0.000028
0 0.000205 0.001482 0.000409 0.000027
0 0.000208 0.001514 0.000416 0.000024
0 0.000212 0.001535 0.000424 0.000026
0 0.000180 0.001472 0.000359 0.000027
0 0.000178 0.001492 0.000357 0.000029
0 0.000179 0.001511 0.000357 0.000023
0 0.000174 0.001536 0.000349 0.000035
0 0.012423 0.001656 0.024260 0.000052
0 0.000115 0.001779 0.000229 0.000029
0 0.000118 0.001817 0.000236 0.000048
0 0.000126 0.001743 0.000253 0.000050
0 0.012362 0.001712 0.024383 0.000071
0 0.012388 0.001710 0.024330 0.000061
0 0.012409 0.001726 0.024290 0.000051
0 0.012380 0.001656 0.024347 0.000015
0 0.012382 0.001642 0.024344 0.000015
0 0.012386 0.001635 0.024336 0.000010
0 0.012386 0.001621 0.024335 0.000011
0 0.000325 0.000862 0.000650 0.000077
0 0.000335 0.000921 0.000671 0.000070
0 0.000315 0.000923 0.000630 0.000122
0 0.000607 0.001263 0.001214 0.000102
0 0.000471 0.001523 0.000942 0.000030
0 0.000481 0.001506 0.000963 0.000029
0 0.000494 0.001490 0.000988 0.000051
0 0.000505 0.001452 0.001010 0.000067
0 0.000512 0.001412 0.001023 0.000074
0 0.000520 0.001351 0.001039 0.000075
0 0.000526 0.001281 0.001053 0.000087
0 0.000511 0.001234 0.001022 0.000043
0 0.000471 0.001418 0.000941 0.000024
0 0.000472 0.001395 0.000944 0.000024
0 0.000476 0.001375 0.000951 0.000023
0 0.000484 0.001352 0.000967 0.000035
0 0.000483 0.001327 0.000965 0.000027
0 0.000485 0.001304 0.000970 0.000031
0 0.000487 0.001275 0.000975 0.000066
0 0.000469 0.001247 0.000938 0.000028
0 0.000459 0.001282 0.000919 0.000068
0 0.000432 0.001305 0.000864 0.000039
0 0.000443 0.001331 0.000886 0.000039
0 0.000612 0.000831 0.001224 0.000081
0 0.000606 0.001433 0.001212 0.000123
0 0.000436 0.001388 0.000872 0.000038
0 0.000657 0.001384 0.001315 0.000086
0 0.000499 0.000899 0.000998 0.000049
0 0.000573 0.001807 0.001147 0.000056
0 0.000597 0.001767 0.001194 0.000058
0 0.000616 0.001717 0.001232 0.000057
0 0.000632 0.001630 0.001263 0.000120
0 0.000653 0.001587 0.001307 0.000046
0 0.000672 0.001563 0.001343 0.000027
0 0.000694 0.001528 0.001389 0.000075
0 0.000696 0.001469 0.001392 0.000085
0 0.000728 0.001343 0.001456 0.000069
0 0.000741 0.001329 0.001482 0.000037
0 0.000731 0.001316 0.001462 0.000033
0 0.000711 0.001311 0.001422 0.000046
0 0.000707 0.001393 0.001415 0.000097
0 0.000692 0.001306 0.001383 0.000092
0 0.000783 0.001205 0.001566 0.000076
0 0.000724 0.001144 0.001447 0.000042
0 0.000728 0.001073 0.001456 0.000079
0 0.000709 0.001107 0.001419 0.000094
0 0.000437 0.001357 0.000874 0.000043
0 0.000438 0.001412 0.000876 0.000044
0 0.000282 0.001028 0.000563 0.000075
0 0.000399 0.001346 0.000798 0.000043
0 0.000376 0.001365 0.000751 0.000023
0 0.000377 0.001347 0.000755 0.000028
0 0.000381 0.001323 0.000762 0.000031
0 0.000371 0.001259 0.000742 0.000090
0 0.000288 0.001232 0.000575 0.000166
0 0.000492 0.001094 0.000984 0.000135
0 0.000452 0.001029 0.000905 0.000094
0 0.000437 0.000980 0.000874 0.000085
0 0.000407 0.001125 0.000814 0.000051
0 0.000390 0.001140 0.000780 0.000080
0 0.000381 0.001081 0.000761 0.000126
0 0.000401 0.001089 0.000802 0.000042
0 0.000393 0.001057 0.000785 0.000055
0 0.000381 0.001015 0.000761 0.000056
0 0.000358 0.000978 0.000716 0.000059
0 0.000344 0.001028 0.000688 0.000099
0 0.000352 0.000938 0.000705 0.000037
0 0.012558 0.001029 0.023990 0.000032
0 0.000313 0.000985 0.000625 0.000089
0 0.000370 0.001386 0.000740 0.000032
0 0.000394 0.001372 0.000788 0.000037
0 0.000423 0.001451 0.000846 0.000043
0 0.000388 0.001390 0.000776 0.000033
0 0.000397 0.001596 0.000793 0.000037
0 0.000410 0.001543 0.000819 0.000037
0 0.000438 0.001467 0.000876 0.000018
0 0.000420 0.001512 0.000840 0.000038
0 0.000402 0.001515 0.000805 0.000040
0 0.000393 0.001545 0.000786 0.000036
0 0.000383 0.001572 0.000766 0.000025
0 0.000370 0.001597 0.000741 0.000033
0 0.000340 0.001543 0.000680 0.000044
0 0.000325 0.001540 0.000650 0.000032
0 0.000350 0.001524 0.000700 0.000044
0 0.000330 0.001517 0.000661 0.000037
0 0.000359 0.001497 0.000718 0.000042
0 0.000342 0.001483 0.000684 0.000044
0 0.000363 0.001476 0.000726 0.000034
0 0.000355 0.001453 0.000709 0.000050
0 0.000370 0.001452 0.000741 0.000036
0 0.000377 0.001430 0.000754 0.000035
0 0.000359 0.001418 0.000718 0.000034
0 0.009650 0.000134 0.016415 0.000041