0 0.012236 0.002168 0.020171 0.000041
0 0.012156 0.000722 0.020331 0.000038
0 0.012017 0.000851 0.020608 0.000038
0 0.012055 0.000813 0.020533 0.000038
0 0.012110 0.000764 0.020423 0.000033
0 0.012119 0.000753 0.020404 0.000033
0 0.012138 0.000737 0.020367 0.000036
0 0.012146 0.000730 0.020351 0.000036
0 0.012164 0.000713 0.020315 0.000038
0 0.012158 0.000518 0.020327 0.000034
0 0.012174 0.000704 0.020295 0.000038
0 0.012175 0.000700 0.020292 0.000039
0 0.012203 0.000678 0.020236 0.000038
0 0.012212 0.000672 0.020219 0.000033
0 0.012212 0.000661 0.020219 0.000038
0 0.012173 0.000555 0.020296 0.000037
0 0.010838 0.000759 0.018503 0.000022
0 0.011971 0.000738 0.020701 0.000017
0 0.011909 0.000601 0.020824 0.000032
0 0.011905 0.000574 0.020833 0.000033
0 0.011893 0.000639 0.020857 0.000042
0 0.011877 0.000651 0.020889 0.000038
0 0.011761 0.000527 0.021121 0.000038
0 0.011768 0.000551 0.021107 0.000035
0 0.011775 0.000568 0.021092 0.000031
0 0.011780 0.000587 0.021083 0.000038
0 0.011786 0.000604 0.021071 0.000035
0 0.011793 0.000619 0.021056 0.000031
0 0.011798 0.000638 0.021048 0.000037
0 0.011802 0.000654 0.021039 0.000044
0 0.011810 0.000673 0.021023 0.000034
0 0.011822 0.000710 0.020998 0.000037
0 0.011818 0.000689 0.021007 0.000038
0 0.012166 0.000534 0.020311 0.000029
0 0.012154 0.000500 0.020334 0.000033
0 0.011833 0.000746 0.020977 0.000035
0 0.012077 0.000445 0.020490 0.000036
0 0.012032 0.000131 0.020579 0.000031
0 0.012022 0.000098 0.020599 0.000032
0 0.012016 0.000082 0.020611 0.000029
0 0.012011 0.000068 0.020621 0.000031
0 0.012007 0.000049 0.020628 0.000030
0 0.012093 0.000497 0.020457 0.000035
0 0.012065 0.000416 0.020514 0.000037
0 0.012152 0.000482 0.020340 0.000032
0 0.012045 0.000352 0.020553 0.000038
0 0.012040 0.000333 0.020562 0.000034
0 0.012034 0.000318 0.020575 0.000034
0 0.012029 0.000301 0.020586 0.000033
0 0.011992 0.000188 0.020659 0.000034
0 0.011983 0.000157 0.020677 0.000029
0 0.012038 0.000147 0.020567 0.000028
0 0.012043 0.000160 0.020557 0.000032
0 0.012052 0.000176 0.020538 0.000028
0 0.012056 0.000212 0.020530 0.000035
0 0.012065 0.000229 0.020514 0.000029
0 0.012070 0.000245 0.020503 0.000029
0 0.012073 0.000261 0.020498 0.000032
0 0.012080 0.000275 0.020483 0.000030
0 0.012083 0.000293 0.020476 0.000037
0 0.012089 0.000308 0.020464 0.000032
0 0.012102 0.000340 0.020439 0.000029
0 0.012106 0.000357 0.020432 0.000030
0 0.012111 0.000371 0.020422 0.000032
0 0.012113 0.000408 0.020417 0.000033
0 0.012129 0.000419 0.020384 0.000034
0 0.012103 0.000528 0.020437 0.000034
0 0.012119 0.000576 0.020404 0.000034
0 0.011828 0.000727 0.020987 0.000037
0 0.011841 0.000762 0.020962 0.000040
0 0.011438 0.001650 0.021766 0.000043
0 0.011382 0.001547 0.021880 0.000038
0 0.011370 0.001565 0.021902 0.000038
0 0.011381 0.001600 0.021882 0.000044
0 0.011390 0.001590 0.021863 0.000039
0 0.011391 0.001582 0.021860 0.000040
0 0.011402 0.001573 0.021838 0.000036
0 0.011393 0.001544 0.021857 0.000036
0 0.011367 0.001460 0.021909 0.000038
0 0.011258 0.001252 0.022127 0.000038
0 0.011353 0.001427 0.021936 0.000040
0 0.011324 0.001355 0.021994 0.000042
0 0.011315 0.001364 0.022013 0.000041
0 0.011314 0.001322 0.022015 0.000039
0 0.011323 0.001312 0.021997 0.000043
0 0.011327 0.001346 0.021988 0.000038
0 0.011370 0.001555 0.021902 0.000039
0 0.011356 0.001471 0.021931 0.000035
0 0.011345 0.001478 0.021953 0.000038
0 0.011336 0.001489 0.021971 0.000039
0 0.011325 0.001497 0.021992 0.000035
0 0.011316 0.001509 0.022010 0.000038
0 0.011316 0.001515 0.022011 0.000038
0 0.011333 0.001456 0.021977 0.000034
0 0.011342 0.001443 0.021959 0.000040
0 0.011352 0.001434 0.021939 0.000038
0 0.011349 0.001585 0.021946 0.000039
0 0.011282 0.001384 0.022079 0.000041
0 0.011295 0.001375 0.022053 0.000037
0 0.011291 0.001341 0.022061 0.000038
0 0.011272 0.001349 0.022099 0.000035
0 0.011272 0.001392 0.022100 0.000036
0 0.011259 0.001404 0.022125 0.000037
0 0.011263 0.001231 0.022118 0.000037
0 0.011249 0.001260 0.022144 0.000033
0 0.011846 0.000781 0.020951 0.000041
0 0.011191 0.001185 0.022262 0.000039
0 0.011214 0.001118 0.022214 0.000040
0 0.011203 0.001167 0.022237 0.000038
0 0.011214 0.001157 0.022214 0.000038
0 0.011202 0.001176 0.022239 0.000039
0 0.011211 0.001123 0.022221 0.000040
0 0.011183 0.001200 0.022277 0.000039
0 0.011189 0.001144 0.022265 0.000039
0 0.011236 0.001231 0.022170 0.000038
0 0.011189 0.001020 0.022266 0.000037
0 0.011200 0.000928 0.022242 0.000038
0 0.011188 0.000886 0.022268 0.000043
0 0.011866 0.000854 0.020910 0.000040
0 0.011860 0.000827 0.020922 0.000038
0 0.011850 0.000804 0.020942 0.000038
0 0.011215 0.000971 0.022213 0.000035
0 0.011236 0.001029 0.022171 0.000036
0 0.011252 0.001077 0.022138 0.000037
0 0.011262 0.001119 0.022119 0.000044
0 0.011271 0.001161 0.022101 0.000037
0 0.011280 0.001196 0.022082 0.000040
0 0.011180 0.001290 0.022283 0.000037
0 0.011190 0.001324 0.022263 0.000038
0 0.011180 0.001333 0.022283 0.000038
0 0.011191 0.001281 0.022262 0.000038
0 0.011209 0.001316 0.022225 0.000043
0 0.011220 0.001307 0.022203 0.000042
0 0.011209 0.001273 0.022225 0.000038
0 0.011210 0.001265 0.022222 0.000044
0 0.011230 0.001297 0.022184 0.000039
0 0.011237 0.001240 0.022168 0.000036
0 0.011239 0.001271 0.022164 0.000034
0 0.011967 0.000110 0.020708 0.000035
0 0.011943 0.000044 0.020757 0.000038
0 0.011877 0.000524 0.020889 0.000043
0 0.010538 0.001072 0.019102 0.000127
0 0.010602 0.001194 0.018974 0.000099
0 0.010578 0.001191 0.019022 0.000114
0 0.010538 0.001201 0.019103 0.000129
0 0.010589 0.000909 0.019001 0.000126
0 0.010556 0.001081 0.019066 0.000138
0 0.010557 0.001009 0.019064 0.000123
0 0.010519 0.000952 0.019140 0.000120
0 0.010344 0.001133 0.019491 0.000133
0 0.010505 0.001142 0.019169 0.000120
0 0.010510 0.001036 0.019159 0.000122
0 0.010493 0.001047 0.019193 0.000125
0 0.010465 0.001022 0.019248 0.000119
0 0.010456 0.000921 0.019267 0.000130
0 0.010423 0.001095 0.019333 0.000097
0 0.010599 0.001122 0.018980 0.000116
0 0.010620 0.001117 0.018939 0.000099
0 0.010634 0.001029 0.018911 0.000091
0 0.010613 0.000913 0.018952 0.000126
0 0.010642 0.000939 0.018894 0.000132
0 0.010642 0.001239 0.018895 0.000100
0 0.010640 0.001127 0.018898 0.000128
0 0.010667 0.001128 0.018844 0.000106
0 0.010653 0.001034 0.018872 0.000120
0 0.010701 0.001217 0.018776 0.000092
0 0.010685 0.001052 0.018809 0.000110
0 0.010696 0.001029 0.018786 0.000120
0 0.010711 0.001013 0.018756 0.000120
0 0.010717 0.001163 0.018744 0.000126
0 0.010734 0.001147 0.018711 0.000126
0 0.010749 0.001120 0.018680 0.000110
0 0.010872 0.001499 0.018434 0.000124
0 0.010364 0.001093 0.019450 0.000134
0 0.010178 0.000822 0.019823 0.000102
0 0.011870 0.000501 0.020902 0.000048
0 0.010631 0.000778 0.018917 0.000129
0 0.010564 0.000699 0.019051 0.000109
0 0.010548 0.000783 0.019083 0.000118
0 0.010569 0.000782 0.019040 0.000126
0 0.010586 0.000695 0.019006 0.000094
0 0.010602 0.000818 0.018974 0.000118
0 0.010624 0.000817 0.018930 0.000122
0 0.010672 0.000897 0.018834 0.000120
0 0.010290 0.000861 0.019598 0.000133
0 0.010488 0.000475 0.019202 0.000120
0 0.010477 0.000516 0.019225 0.000132
0 0.010462 0.000525 0.019254 0.000126
0 0.010452 0.000562 0.019275 0.000138
0 0.010438 0.000389 0.019302 0.000121
0 0.010336 0.000293 0.019506 0.000126
0 0.010533 0.000599 0.019114 0.000096
0 0.010506 0.000662 0.019167 0.000124
0 0.010518 0.000756 0.019143 0.000120
0 0.010506 0.000782 0.019166 0.000120
0 0.010519 0.000890 0.019141 0.000123
0 0.010479 0.000774 0.019221 0.000128
0 0.010482 0.000831 0.019214 0.000095
0 0.010465 0.000903 0.019248 0.000128
0 0.010428 0.000767 0.019323 0.000128
0 0.010441 0.000726 0.019297 0.000105
0 0.010405 0.000613 0.019368 0.000135
0 0.010395 0.000627 0.019388 0.000124
0 0.010418 0.000789 0.019344 0.000123
0 0.010395 0.000681 0.019388 0.000104
0 0.010378 0.000679 0.019423 0.000132
0 0.010395 0.000797 0.019388 0.000102
0 0.010427 0.000904 0.019325 0.000126
0 0.010849 0.001495 0.018480 0.000119
0 0.010826 0.001368 0.018527 0.000130
0 0.010789 0.001244 0.018601 0.000120
0 0.010738 0.001608 0.018703 0.000130
0 0.011675 0.000267 0.021292 0.000044
0 0.011419 0.000240 0.021806 0.000047
0 0.011212 0.000514 0.022219 0.000020
0 0.010675 0.001968 0.018829 0.000123
0 0.010788 0.001569 0.018602 0.000115
0 0.010772 0.001587 0.018635 0.000127
0 0.010704 0.001576 0.018770 0.000129
0 0.010835 0.001516 0.018509 0.000132
0 0.010679 0.001675 0.018821 0.000098
0 0.010669 0.001708 0.018840 0.000097
0 0.010635 0.001597 0.018909 0.000132
0 0.010648 0.001704 0.018884 0.000130
0 0.010622 0.001591 0.018935 0.000103
0 0.010608 0.001823 0.018963 0.000126
0 0.011679 0.000294 0.021284 0.000044
0 0.011689 0.000316 0.021266 0.000044
0 0.011697 0.000331 0.021249 0.000044
0 0.011706 0.000341 0.021231 0.000043
0 0.011713 0.000356 0.021217 0.000041
0 0.011715 0.000384 0.021212 0.000043
0 0.011727 0.000430 0.021189 0.000038
0 0.011733 0.000444 0.021176 0.000044
0 0.011739 0.000464 0.021165 0.000039
0 0.011746 0.000476 0.021150 0.000041
0 0.011752 0.000504 0.021139 0.000047
0 0.011810 0.000371 0.021023 0.000037
0 0.011820 0.000437 0.021002 0.000035
0 0.011827 0.000462 0.020988 0.000033
0 0.011829 0.000482 0.020985 0.000033
0 0.011839 0.000498 0.020966 0.000033
0 0.011844 0.000532 0.020955 0.000042
0 0.010323 0.001319 0.019532 0.000132
0 0.010362 0.001421 0.019455 0.000096
0 0.010393 0.001540 0.019392 0.000127
0 0.010702 0.001499 0.018775 0.000111
0 0.010795 0.001395 0.018588 0.000119
0 0.010776 0.001256 0.018627 0.000093
0 0.010761 0.001282 0.018657 0.000100
0 0.010820 0.001527 0.018539 0.000116
0 0.010776 0.001405 0.018626 0.000118
0 0.010802 0.001549 0.018576 0.000132
0 0.010772 0.001439 0.018635 0.000099
0 0.010731 0.001332 0.018717 0.000126
0 0.010724 0.001246 0.018732 0.000130
0 0.010713 0.001342 0.018753 0.000124
0 0.010733 0.001461 0.018713 0.000120
0 0.010689 0.001333 0.018801 0.000123
0 0.010676 0.001353 0.018827 0.000119
0 0.010671 0.001385 0.018836 0.000087
0 0.010632 0.001291 0.018915 0.000114
0 0.010366 0.001278 0.019447 0.000124
0 0.010644 0.001386 0.018890 0.000100
0 0.010613 0.001293 0.018952 0.000093
0 0.010584 0.001303 0.019011 0.000120
0 0.010573 0.001329 0.019032 0.000126
0 0.010600 0.001451 0.018979 0.000116
0 0.010598 0.001496 0.018983 0.000094
0 0.010570 0.001383 0.019039 0.000105
0 0.010536 0.001263 0.019106 0.000132
0 0.010525 0.001448 0.019128 0.000124
0 0.010472 0.001272 0.019234 0.000125
0 0.010424 0.001273 0.019330 0.000130
0 0.010448 0.001513 0.019283 0.000134
0 0.010408 0.001400 0.019363 0.000122
0 0.010386 0.001260 0.019406 0.000132
0 0.011250 0.001414 0.022142 0.000038
0 0.011247 0.001431 0.022148 0.000038
0 0.011241 0.001384 0.022160 0.000048
0 0.011322 0.001942 0.021998 0.000039
0 0.011389 0.001895 0.021864 0.000040
0 0.011379 0.001902 0.021885 0.000037
0 0.011361 0.001913 0.021921 0.000039
0 0.011349 0.001919 0.021946 0.000041
0 0.011340 0.001928 0.021964 0.000039
0 0.011331 0.001932 0.021981 0.000039
0 0.011320 0.001950 0.022002 0.000039
0 0.011222 0.002004 0.022200 0.000038
0 0.010185 0.001963 0.019808 0.000042
0 0.011290 0.001966 0.022063 0.000034
0 0.011281 0.001979 0.022080 0.000038
0 0.011271 0.001989 0.022101 0.000038
0 0.011260 0.001997 0.022123 0.000038
0 0.011238 0.002007 0.022166 0.000033
0 0.011388 0.001881 0.021868 0.000044
0 0.011409 0.001875 0.021825 0.000039
0 0.011409 0.001860 0.021825 0.000036
0 0.011414 0.001849 0.021815 0.000032
0 0.011436 0.001842 0.021771 0.000042
0 0.011446 0.001832 0.021750 0.000039
0 0.011456 0.001814 0.021731 0.000038
0 0.011466 0.001806 0.021710 0.000044
0 0.011476 0.001794 0.021690 0.000038
0 0.011464 0.001762 0.021715 0.000040
0 0.011464 0.001771 0.021715 0.000039
0 0.011445 0.001783 0.021752 0.000039
0 0.011444 0.001788 0.021754 0.000044
0 0.011435 0.001800 0.021772 0.000038
0 0.011426 0.001808 0.021792 0.000037
0 0.011415 0.001818 0.021813 0.000038
0 0.011397 0.001843 0.021848 0.000044
0 0.011217 0.002031 0.022208 0.000032
0 0.011211 0.002011 0.022220 0.000038
0 0.011369 0.002058 0.021905 0.000037
0 0.011406 0.001978 0.021831 0.000038
0 0.011434 0.001951 0.021775 0.000041
0 0.011426 0.001993 0.021792 0.000040
0 0.011424 0.001958 0.021795 0.000041
0 0.010298 0.001966 0.019582 0.000044
0 0.011417 0.002004 0.021810 0.000042
0 0.011406 0.002013 0.021830 0.000040
0 0.011394 0.001987 0.021855 0.000040
0 0.011201 0.002017 0.022241 0.000036
0 0.011397 0.002020 0.021849 0.000039
0 0.011388 0.002028 0.021868 0.000038
0 0.011386 0.002000 0.021872 0.000037
0 0.011377 0.002041 0.021889 0.000038
0 0.011375 0.002005 0.021893 0.000043
0 0.011367 0.002014 0.021909 0.000038
0 0.011435 0.001983 0.021772 0.000038
0 0.011445 0.001975 0.021752 0.000040
0 0.011457 0.001966 0.021730 0.000039
0 0.011466 0.001961 0.021710 0.000038
0 0.011474 0.001949 0.021694 0.000041
0 0.011485 0.001937 0.021672 0.000032
0 0.011495 0.001928 0.021653 0.000040
0 0.011506 0.001919 0.021631 0.000039
0 0.011516 0.001914 0.021610 0.000032
0 0.011501 0.001883 0.021641 0.000040
0 0.011493 0.001895 0.021657 0.000041
0 0.011483 0.001904 0.021677 0.000043
0 0.011472 0.001913 0.021699 0.000039
0 0.011464 0.001920 0.021716 0.000041
0 0.011455 0.001936 0.021734 0.000038
0 0.010327 0.001939 0.019524 0.000047
0 0.011196 0.002049 0.022251 0.000030
0 0.010289 0.001828 0.019600 0.000047
0 0.011377 0.001849 0.021889 0.000039
0 0.011367 0.001857 0.021909 0.000039
0 0.011429 0.001695 0.021784 0.000038
0 0.011263 0.001820 0.022118 0.000038
0 0.011252 0.001826 0.022138 0.000038
0 0.011232 0.001834 0.022179 0.000042
0 0.011223 0.001844 0.022198 0.000041
0 0.011222 0.001852 0.022200 0.000047
0 0.011440 0.001684 0.021762 0.000041
0 0.011418 0.001702 0.021807 0.000038
0 0.011356 0.001862 0.021930 0.000046
0 0.011409 0.001712 0.021825 0.000038
0 0.011399 0.001721 0.021845 0.000038
0 0.011390 0.001729 0.021863 0.000037
0 0.011380 0.001739 0.021883 0.000041
0 0.011379 0.001749 0.021886 0.000038
0 0.011361 0.001768 0.021921 0.000041
0 0.011272 0.001810 0.022100 0.000040
0 0.011280 0.001796 0.022082 0.000044
0 0.011279 0.001788 0.022084 0.000043
0 0.011300 0.001781 0.022044 0.000044
0 0.011299 0.001768 0.022045 0.000044
0 0.011320 0.001768 0.022003 0.000040
0 0.011319 0.001755 0.022004 0.000039
0 0.011330 0.001746 0.021982 0.000038
0 0.011338 0.001730 0.021967 0.000047
0 0.011359 0.001726 0.021925 0.000039
0 0.011358 0.001715 0.021927 0.000038
0 0.011368 0.001703 0.021906 0.000043
0 0.011389 0.001696 0.021865 0.000039
0 0.011397 0.001689 0.021848 0.000037
0 0.011397 0.001678 0.021849 0.000039
0 0.011416 0.001669 0.021811 0.000042
0 0.011418 0.001661 0.021808 0.000038
0 0.011341 0.001777 0.021962 0.000038
0 0.011330 0.001785 0.021982 0.000041
0 0.011323 0.001799 0.021996 0.000038
0 0.011214 0.001905 0.022214 0.000043
0 0.011230 0.001996 0.022183 0.000041
0 0.011240 0.001984 0.022163 0.000041
0 0.011250 0.001975 0.022142 0.000038
0 0.011260 0.001964 0.022124 0.000037
0 0.011269 0.001956 0.022105 0.000042
0 0.011280 0.001945 0.022083 0.000041
0 0.011288 0.001934 0.022066 0.000040
0 0.011287 0.001925 0.022069 0.000044
0 0.011298 0.001914 0.022048 0.000043
0 0.011310 0.001910 0.022024 0.000042
0 0.011316 0.001900 0.022010 0.000048
0 0.011326 0.001892 0.021990 0.000045
0 0.011339 0.001884 0.021965 0.000038
0 0.011358 0.001877 0.021927 0.000043
0 0.011195 0.001885 0.022254 0.000036
0 0.011321 0.001808 0.022001 0.000046
0 0.011211 0.001865 0.022220 0.000043
0 0.011193 0.001873 0.022257 0.000039
0 0.011196 0.001916 0.022251 0.000036
0 0.011188 0.001921 0.022268 0.000032
0 0.011214 0.001897 0.022214 0.000032
0 0.011234 0.001885 0.022175 0.000039
0 0.011244 0.001880 0.022155 0.000048
0 0.011254 0.001873 0.022135 0.000040
0 0.011263 0.001864 0.022118 0.000044
0 0.011273 0.001856 0.022096 0.000045
0 0.011283 0.001847 0.022076 0.000043
0 0.011280 0.001830 0.022082 0.000038
0 0.011300 0.001826 0.022043 0.000048
0 0.011303 0.001816 0.022038 0.000040
0 0.011367 0.002047 0.021908 0.000038
0 0.011348 0.002022 0.021948 0.000040
0 0.011269 0.001360 0.022106 0.000033
0 0.011215 0.001748 0.022212 0.000034
0 0.011253 0.001723 0.022136 0.000039
0 0.011243 0.001686 0.022156 0.000040
0 0.011235 0.001726 0.022172 0.000039
0 0.011237 0.001741 0.022169 0.000044
0 0.011223 0.001705 0.022197 0.000037
0 0.011214 0.001714 0.022214 0.000038
0 0.011214 0.001758 0.022214 0.000038
0 0.011283 0.001500 0.022076 0.000039
0 0.011197 0.001763 0.022248 0.000032
0 0.011196 0.001776 0.022252 0.000045
0 0.011194 0.001723 0.022255 0.000039
0 0.011185 0.001730 0.022273 0.000040
0 0.011312 0.001469 0.022019 0.000045
0 0.011303 0.001481 0.022038 0.000040
0 0.011251 0.001676 0.022141 0.000042
0 0.011265 0.001712 0.022113 0.000038
0 0.011261 0.001670 0.022121 0.000043
0 0.011273 0.001705 0.022096 0.000049
0 0.011285 0.001699 0.022072 0.000037
0 0.011273 0.001662 0.022096 0.000038
0 0.010154 0.001648 0.019870 0.000047
0 0.011293 0.001688 0.022056 0.000041
0 0.011292 0.001644 0.022058 0.000032
0 0.011303 0.001678 0.022038 0.000040
0 0.011299 0.001632 0.022046 0.000046
0 0.011304 0.001665 0.022036 0.000036
0 0.011311 0.001620 0.022022 0.000041
0 0.011321 0.001655 0.022000 0.000039
0 0.011330 0.001651 0.021982 0.000038
0 0.011319 0.001614 0.022004 0.000037
0 0.011332 0.001604 0.021979 0.000034
0 0.011292 0.001489 0.022058 0.000042
0 0.011274 0.001512 0.022094 0.000036
0 0.011551 0.002021 0.021541 0.000038
0 0.011190 0.001487 0.022264 0.000038
0 0.011207 0.001617 0.022228 0.000041
0 0.011189 0.001625 0.022266 0.000038
0 0.011196 0.001585 0.022251 0.000038
0 0.011229 0.001433 0.022185 0.000036
0 0.011221 0.001465 0.022201 0.000038
0 0.011208 0.001469 0.022227 0.000040
0 0.010081 0.001475 0.020016 0.000041
0 0.011276 0.001542 0.022090 0.000041
0 0.011180 0.001440 0.022283 0.000038
0 0.011188 0.001433 0.022267 0.000044
0 0.011207 0.001427 0.022228 0.000038
0 0.011216 0.001402 0.022210 0.000038
0 0.011227 0.000601 0.022189 0.000022
0 0.010186 0.001331 0.019807 0.000046
0 0.011217 0.001606 0.022209 0.000037
0 0.011206 0.001577 0.022231 0.000036
0 0.011215 0.001565 0.022213 0.000040
0 0.011227 0.001602 0.022189 0.000034
0 0.010119 0.001591 0.019941 0.000047
0 0.011226 0.001556 0.022191 0.000035
0 0.011235 0.001546 0.022173 0.000039
0 0.011247 0.001583 0.022149 0.000035
0 0.011255 0.001571 0.022133 0.000047
0 0.011244 0.001537 0.022155 0.000038
0 0.011252 0.001524 0.022139 0.000043
0 0.011254 0.001558 0.022134 0.000038
0 0.011264 0.001519 0.022115 0.000035
0 0.011265 0.001550 0.022113 0.000038
0 0.011323 0.001465 0.021997 0.000038
0 0.011293 0.001525 0.022056 0.000041
0 0.011285 0.001532 0.022072 0.000034
0 0.011340 0.001638 0.021963 0.000038
0 0.011351 0.001628 0.021940 0.000035
0 0.011360 0.001618 0.021922 0.000035
0 0.011425 0.002110 0.021794 0.000041
0 0.011461 0.002072 0.021721 0.000038
0 0.011455 0.002124 0.021733 0.000038
0 0.011443 0.002091 0.021757 0.000043
0 0.011434 0.002104 0.021775 0.000036
0 0.011445 0.002137 0.021752 0.000042
0 0.011426 0.002144 0.021790 0.000042
0 0.011401 0.002121 0.021840 0.000050
0 0.011371 0.001608 0.021900 0.000044
0 0.011424 0.002157 0.021795 0.000046
0 0.011417 0.002169 0.021810 0.000047
0 0.011404 0.002132 0.021834 0.000038
0 0.011393 0.002143 0.021857 0.000038
0 0.011405 0.002175 0.021833 0.000041
0 0.011360 0.002161 0.021923 0.000044
0 0.011471 0.002063 0.021700 0.000036
0 0.011474 0.002096 0.021694 0.000038
0 0.011482 0.002089 0.021678 0.000046
0 0.011480 0.002054 0.021682 0.000040
0 0.011491 0.002045 0.021661 0.000045
0 0.011493 0.002076 0.021657 0.000041
0 0.011503 0.002037 0.021638 0.000039
0 0.011504 0.002066 0.021635 0.000039
0 0.011521 0.002061 0.021600 0.000043
0 0.011510 0.002025 0.021622 0.000038
0 0.011520 0.002016 0.021603 0.000039
0 0.011533 0.002056 0.021578 0.000038
0 0.011542 0.002041 0.021559 0.000039
0 0.011532 0.002011 0.021580 0.000031
0 0.011529 0.001997 0.021586 0.000038
0 0.010423 0.001986 0.019332 0.000046
0 0.010436 0.002037 0.019307 0.000043
0 0.011308 0.002185 0.022028 0.000033
0 0.011488 0.002191 0.021667 0.000038
0 0.011569 0.002112 0.021505 0.000037
0 0.011642 0.001937 0.021359 0.000038
0 0.011358 0.001570 0.021926 0.000044
0 0.011522 0.001738 0.021599 0.000040
0 0.011471 0.001714 0.021700 0.000035
0 0.011567 0.001868 0.021510 0.000049
0 0.012059 0.001640 0.020525 0.000042
0 0.012070 0.001682 0.020504 0.000039
0 0.012218 0.001862 0.020207 0.000026
0 0.011612 0.001931 0.021420 0.000038
0 0.011621 0.001920 0.021401 0.000041
0 0.011630 0.001910 0.021382 0.000041
0 0.011640 0.001900 0.021362 0.000044
0 0.011652 0.001893 0.021339 0.000041
0 0.011622 0.001964 0.021398 0.000043
0 0.011633 0.001943 0.021376 0.000039
0 0.011653 0.001930 0.021337 0.000039
0 0.011569 0.002152 0.021506 0.000038
0 0.011647 0.002043 0.021350 0.000038
0 0.011658 0.002029 0.021327 0.000043
0 0.011650 0.002079 0.021343 0.000039
0 0.011662 0.002067 0.021318 0.000038
0 0.011674 0.002056 0.021295 0.000038
0 0.011683 0.002053 0.021278 0.000039
0 0.011670 0.002013 0.021303 0.000038
0 0.010587 0.002045 0.019005 0.000044
0 0.011716 0.002133 0.021210 0.000033
0 0.011592 0.002136 0.021459 0.000032
0 0.011587 0.002099 0.021469 0.000040
0 0.011568 0.002119 0.021508 0.000036
0 0.011529 0.002159 0.021585 0.000043
0 0.011560 0.002165 0.021523 0.000038
0 0.010159 0.000307 0.019860 0.000108