0 0.010140 0.002083 0.019899 0.000091
0 0.011186 0.000195 0.022271 0.000039
0 0.011172 0.000543 0.022298 0.000039
0 0.011185 0.000534 0.022274 0.000043
0 0.011177 0.000500 0.022288 0.000043
0 0.011167 0.000373 0.022308 0.000038
0 0.011168 0.000404 0.022307 0.000033
0 0.011172 0.000363 0.022298 0.000033
0 0.011175 0.000398 0.022294 0.000042
0 0.011203 0.000316 0.022237 0.000037
0 0.011197 0.000329 0.022249 0.000036
0 0.011199 0.000212 0.022244 0.000041
0 0.011199 0.000223 0.022244 0.000037
0 0.011194 0.000230 0.022256 0.000036
0 0.011192 0.000188 0.022258 0.000039
0 0.011169 0.000267 0.022306 0.000040
0 0.010574 0.001916 0.019031 0.000134
0 0.011175 0.000258 0.022293 0.000039
0 0.011180 0.000205 0.022282 0.000036
0 0.011195 0.000085 0.022252 0.000038
0 0.011187 0.000091 0.022270 0.000038
0 0.011182 0.000103 0.022279 0.000036
0 0.011175 0.000109 0.022293 0.000040
0 0.011191 0.000337 0.022260 0.000033
0 0.011186 0.000346 0.022272 0.000033
0 0.011179 0.000355 0.022285 0.000039
0 0.011168 0.000221 0.022308 0.000037
0 0.011181 0.000250 0.022281 0.000039
0 0.010187 0.002120 0.019804 0.000145
0 0.010465 0.002069 0.019249 0.000056
0 0.011167 0.000552 0.022308 0.000039
0 0.011181 0.000391 0.022281 0.000035
0 0.011186 0.000377 0.022271 0.000039
0 0.011193 0.000372 0.022257 0.000038
0 0.011200 0.000778 0.022243 0.000040
0 0.011193 0.000783 0.022257 0.000039
0 0.011174 0.000707 0.022294 0.000046
0 0.011173 0.000862 0.022297 0.000042
0 0.011175 0.000712 0.022294 0.000033
0 0.011183 0.000640 0.022277 0.000035
0 0.011166 0.000512 0.022312 0.000041
0 0.011184 0.000492 0.022275 0.000035
0 0.011217 0.000148 0.022209 0.000036
0 0.011222 0.000184 0.022200 0.000032
0 0.011207 0.000201 0.022229 0.000034
0 0.011212 0.000164 0.022220 0.000035
0 0.011205 0.000168 0.022232 0.000033
0 0.011243 0.000261 0.022157 0.000035
0 0.011243 0.000295 0.022156 0.000036
0 0.011236 0.000305 0.022170 0.000039
0 0.011235 0.000271 0.022172 0.000039
0 0.011231 0.000321 0.022181 0.000039
0 0.011229 0.000281 0.022185 0.000036
0 0.011225 0.000336 0.022193 0.000037
0 0.011224 0.000324 0.022196 0.000040
0 0.011223 0.000287 0.022197 0.000040
0 0.011211 0.000299 0.022222 0.000039
0 0.011203 0.000307 0.022236 0.000035
0 0.011212 0.000346 0.022219 0.000037
0 0.011209 0.000354 0.022224 0.000044
0 0.011205 0.000365 0.022233 0.000036
0 0.010790 0.001658 0.018598 0.000097
0 0.010538 0.001700 0.019102 0.000105
0 0.011278 0.001741 0.022086 0.000035
0 0.010656 0.000595 0.018866 0.000043
0 0.011082 0.000279 0.018014 0.000070
0 0.010999 0.000216 0.018182 0.000089
0 0.010993 0.000283 0.018192 0.000071
0 0.010986 0.000329 0.018206 0.000083
0 0.010977 0.000575 0.018224 0.000095
0 0.010951 0.000254 0.018277 0.000082
0 0.010908 0.000326 0.018362 0.000082
0 0.010869 0.000360 0.018440 0.000100
0 0.010844 0.000553 0.018491 0.000126
0 0.010837 0.000371 0.018505 0.000105
0 0.010818 0.000331 0.018543 0.000133
0 0.010790 0.000194 0.018598 0.000094
0 0.010658 0.000623 0.018863 0.000048
0 0.010644 0.000562 0.018891 0.000040
0 0.010221 0.001891 0.019737 0.000112
0 0.010641 0.000463 0.018896 0.000037
0 0.010579 0.000522 0.019021 0.000143
0 0.010422 0.000648 0.019335 0.000053
0 0.010431 0.000380 0.019316 0.000089
0 0.010367 0.000563 0.019445 0.000108
0 0.010369 0.000606 0.019440 0.000078
0 0.010340 0.000462 0.019499 0.000113
0 0.010337 0.000505 0.019505 0.000118
0 0.010306 0.000431 0.019566 0.000127
0 0.010305 0.000531 0.019568 0.000100
0 0.010303 0.000596 0.019573 0.000120
0 0.010277 0.000483 0.019624 0.000129
0 0.010285 0.000579 0.019608 0.000123
0 0.011062 0.000097 0.018054 0.000086
0 0.010861 0.000675 0.018457 0.000135
0 0.010877 0.000844 0.018424 0.000124
0 0.010694 0.000781 0.018790 0.000055
0 0.010144 0.001362 0.019891 0.000082
0 0.010471 0.001395 0.019236 0.000112
0 0.010496 0.001530 0.019187 0.000148
0 0.010482 0.001356 0.019214 0.000096
0 0.010523 0.001476 0.019133 0.000128
0 0.010956 0.001183 0.018266 0.000136
0 0.010930 0.001054 0.018319 0.000134
0 0.010268 0.000867 0.019642 0.000080
0 0.010156 0.000990 0.019867 0.000074
0 0.010097 0.001084 0.019986 0.000085
0 0.010324 0.000580 0.019530 0.000134
0 0.010325 0.000648 0.019529 0.000143
0 0.010328 0.000702 0.019523 0.000110
0 0.010312 0.000683 0.019555 0.000092
0 0.010334 0.000792 0.019511 0.000113
0 0.010352 0.000791 0.019475 0.000091
0 0.010358 0.000890 0.019462 0.000108
0 0.010357 0.000677 0.019465 0.000086
0 0.010361 0.000740 0.019456 0.000082
0 0.010392 0.000810 0.019396 0.000089
0 0.010403 0.000805 0.019372 0.000108
0 0.010399 0.000714 0.019380 0.000072
0 0.010411 0.000678 0.019357 0.000054
0 0.010471 0.000705 0.019236 0.000048
0 0.010521 0.000694 0.019137 0.000137
0 0.010576 0.000864 0.019028 0.000129
0 0.010668 0.000762 0.018843 0.000047
0 0.011208 0.000763 0.022227 0.000045
0 0.010104 0.000844 0.019970 0.000038
0 0.010111 0.000832 0.019956 0.000047
0 0.010664 0.000720 0.018851 0.000047
0 0.011498 0.000371 0.021646 0.000041
0 0.011635 0.000217 0.021374 0.000038
0 0.010553 0.000264 0.019072 0.000056
0 0.010855 0.000056 0.018469 0.000065
0 0.011014 0.000462 0.018150 0.000058
0 0.012026 0.000376 0.020591 0.000060
0 0.010921 0.000382 0.018336 0.000081
0 0.010869 0.000518 0.018441 0.000137
0 0.010807 0.000421 0.018565 0.000097
0 0.011923 0.000529 0.020796 0.000032
0 0.011907 0.000580 0.020828 0.000039
0 0.011921 0.000508 0.020802 0.000030
0 0.011857 0.000568 0.020929 0.000049
0 0.010660 0.000685 0.018859 0.000052
0 0.011185 0.000682 0.022272 0.000037
0 0.010672 0.000661 0.018834 0.000037
0 0.010640 0.000526 0.018900 0.000040
0 0.011389 0.000588 0.021866 0.000025
0 0.011388 0.000607 0.021868 0.000027
0 0.011386 0.000623 0.021870 0.000023
0 0.011384 0.000641 0.021875 0.000025
0 0.011381 0.000662 0.021881 0.000026
0 0.011378 0.000679 0.021886 0.000023
0 0.011373 0.000716 0.021897 0.000041
0 0.011355 0.000607 0.021933 0.000041
0 0.011343 0.000633 0.021956 0.000036
0 0.011336 0.000641 0.021971 0.000039
0 0.011344 0.000767 0.021955 0.000039
0 0.011491 0.000332 0.021662 0.000037
0 0.010383 0.000302 0.019412 0.000031
0 0.011515 0.000333 0.021612 0.000042
0 0.011502 0.000342 0.021639 0.000043
0 0.011384 0.001813 0.021875 0.000035
0 0.010258 0.001779 0.019663 0.000046
0 0.011401 0.001788 0.021841 0.000039
0 0.011397 0.001739 0.021849 0.000036
0 0.010391 0.001798 0.019396 0.000041
0 0.011041 0.001364 0.018096 0.000131
0 0.010743 0.001110 0.018693 0.000053
0 0.011611 0.001175 0.021420 0.000040
0 0.010409 0.001303 0.019360 0.000043
0 0.011513 0.001316 0.021616 0.000044
0 0.011368 0.001622 0.021908 0.000033
0 0.011351 0.001614 0.021940 0.000037
0 0.011368 0.001530 0.021907 0.000048
0 0.011359 0.001538 0.021925 0.000040
0 0.010210 0.001546 0.019758 0.000048
0 0.010239 0.001187 0.019701 0.000058
0 0.010260 0.001514 0.019658 0.000050
0 0.011225 0.001343 0.022193 0.000037
0 0.011214 0.001430 0.022215 0.000039
0 0.011262 0.000081 0.022118 0.000039
0 0.011256 0.000093 0.022131 0.000034
0 0.011300 0.000180 0.022042 0.000032
0 0.011258 0.000128 0.022128 0.000035
0 0.011266 0.000114 0.022111 0.000037
0 0.011272 0.000105 0.022099 0.000034
0 0.011279 0.000100 0.022085 0.000034
0 0.010175 0.000093 0.019828 0.000044
0 0.010371 0.000808 0.019436 0.000110
0 0.010393 0.000744 0.019393 0.000075
0 0.011446 0.000874 0.021750 0.000039
0 0.011297 0.000526 0.022048 0.000039
0 0.011244 0.000705 0.022154 0.000036
0 0.010130 0.000595 0.019918 0.000043
0 0.011240 0.000602 0.022163 0.000035
0 0.011230 0.000613 0.022183 0.000043
0 0.011221 0.000575 0.022201 0.000040
0 0.011241 0.000555 0.022161 0.000042
0 0.011255 0.000531 0.022133 0.000039
0 0.011230 0.000461 0.022184 0.000036
0 0.011223 0.000471 0.022197 0.000039
0 0.011205 0.000499 0.022234 0.000039
0 0.011212 0.000489 0.022220 0.000038
0 0.011229 0.000423 0.022184 0.000041
0 0.011215 0.000434 0.022213 0.000045
0 0.011215 0.000447 0.022213 0.000042
0 0.011208 0.000454 0.022226 0.000040
0 0.011202 0.000463 0.022238 0.000038
0 0.011217 0.000636 0.022208 0.000038
0 0.011212 0.000644 0.022220 0.000034
0 0.011204 0.000652 0.022236 0.000039
0 0.011208 0.000592 0.022227 0.000042
0 0.011207 0.000527 0.022229 0.000030
0 0.011204 0.000506 0.022236 0.000039
0 0.011191 0.000483 0.022261 0.000035
0 0.011208 0.000604 0.022226 0.000039
0 0.011202 0.000611 0.022238 0.000039
0 0.011189 0.000632 0.022265 0.000034
0 0.011196 0.000663 0.022252 0.000043
0 0.010158 0.000447 0.019862 0.000032
0 0.011276 0.000377 0.022091 0.000037
0 0.011442 0.000855 0.021759 0.000040
0 0.011280 0.000336 0.022083 0.000033
0 0.011439 0.000838 0.021765 0.000036
0 0.011435 0.000819 0.021774 0.000036
0 0.011431 0.000801 0.021781 0.000039
0 0.011484 0.001012 0.021674 0.000044
0 0.011477 0.001026 0.021689 0.000039
0 0.011463 0.000944 0.021718 0.000039
0 0.011469 0.001030 0.021705 0.000042
0 0.011463 0.001043 0.021717 0.000036
0 0.011447 0.001062 0.021748 0.000048
0 0.010317 0.001062 0.019544 0.000051
0 0.010286 0.001133 0.019607 0.000040
0 0.011387 0.001151 0.021868 0.000042
0 0.010219 0.000911 0.019741 0.000057
0 0.011372 0.001167 0.021899 0.000041
0 0.011342 0.001220 0.021958 0.000043
0 0.010092 0.001091 0.019995 0.000048
0 0.010074 0.001113 0.020030 0.000040
0 0.011185 0.001034 0.022274 0.000045
0 0.011194 0.001021 0.022256 0.000042
0 0.011216 0.000991 0.022210 0.000038
0 0.011222 0.000983 0.022198 0.000039
0 0.011251 0.000942 0.022142 0.000039
0 0.011257 0.000932 0.022128 0.000037
0 0.011263 0.000922 0.022117 0.000039
0 0.011271 0.000890 0.022101 0.000038
0 0.011277 0.000883 0.022089 0.000037
0 0.011290 0.000888 0.022063 0.000028
0 0.010264 0.000473 0.019650 0.000091