0 0.000499 0.001887 0.000998 0.000088
0 0.000267 0.000627 0.000534 0.000078
0 0.000597 0.001103 0.001195 0.000098
0 0.000401 0.001125 0.000801 0.000079
0 0.000597 0.000895 0.001193 0.000125
0 0.010928 0.000933 0.018323 0.000012
0 0.011026 0.000935 0.018127 0.000023
0 0.011018 0.000935 0.018142 0.000021
0 0.010976 0.000868 0.018226 0.000009
0 0.000551 0.000768 0.001102 0.000107
0 0.000509 0.000724 0.001018 0.000143
0 0.000433 0.000689 0.000867 0.000142
0 0.000319 0.000761 0.000637 0.000123
0 0.010814 0.000314 0.018550 0.000026
0 0.000443 0.001896 0.000886 0.000085
0 0.010633 0.000312 0.018912 0.000019
0 0.000493 0.000470 0.000985 0.000079
0 0.000448 0.000460 0.000896 0.000080
0 0.000404 0.000425 0.000808 0.000087
0 0.000253 0.000437 0.000507 0.000073
0 0.000306 0.000356 0.000612 0.000079
0 0.000356 0.000382 0.000711 0.000084
0 0.010458 0.000187 0.019262 0.000026
0 0.010491 0.000258 0.019196 0.000018
0 0.000453 0.000189 0.000905 0.000058
0 0.000402 0.000170 0.000804 0.000051
0 0.000634 0.001056 0.001268 0.000087
0 0.000672 0.001007 0.001345 0.000095
0 0.000770 0.001115 0.001539 0.000057
0 0.000907 0.001076 0.001814 0.000072
0 0.000392 0.001903 0.000784 0.000091
0 0.000338 0.001911 0.000676 0.000089
0 0.000278 0.001907 0.000557 0.000116
0 0.000257 0.001802 0.000513 0.000093
0 0.000257 0.001700 0.000514 0.000105
0 0.000549 0.001607 0.001098 0.000059
0 0.001035 0.001516 0.002069 0.000055
0 0.000963 0.001594 0.001926 0.000057
0 0.000906 0.001522 0.001813 0.000108
0 0.000868 0.001464 0.001735 0.000110
0 0.000728 0.001502 0.001456 0.000110
0 0.000694 0.001547 0.001388 0.000096
0 0.000659 0.001522 0.001319 0.000069
0 0.000633 0.001468 0.001267 0.000079
0 0.000446 0.001500 0.000892 0.000129
0 0.000659 0.001401 0.001318 0.000099
0 0.000699 0.001346 0.001398 0.000103
0 0.000737 0.001283 0.001474 0.000113
0 0.000398 0.001193 0.000796 0.000055
0 0.000417 0.001245 0.000835 0.000072
0 0.000463 0.001270 0.000925 0.000075
0 0.000797 0.001213 0.001594 0.000123
0 0.001037 0.001178 0.002075 0.000107
0 0.008963 0.000104 0.017788 0.000074