0 0.000146 0.001968 0.000292 0.000117
0 0.000706 0.000457 0.001412 0.000068
0 0.010205 0.000684 0.019770 0.000008
0 0.000729 0.000644 0.001458 0.000062
0 0.000756 0.000637 0.001513 0.000061
0 0.000776 0.000641 0.001552 0.000049
0 0.000873 0.000542 0.001747 0.000068
0 0.000879 0.000581 0.001759 0.000055
0 0.000906 0.000615 0.001811 0.000055
0 0.000916 0.000656 0.001832 0.000052
0 0.001010 0.000462 0.002020 0.000060
0 0.010725 0.000523 0.018728 0.000017
0 0.000811 0.000713 0.001622 0.000065
0 0.010696 0.000534 0.018787 0.000023
0 0.010496 0.000523 0.019187 0.000012
0 0.009065 0.000407 0.017585 0.000058
0 0.009057 0.000425 0.017600 0.000055
0 0.010496 0.000313 0.019186 0.000022
0 0.010129 0.000306 0.019921 0.000015
0 0.000623 0.000321 0.001247 0.000079
0 0.000663 0.000311 0.001325 0.000059
0 0.000882 0.000198 0.001763 0.000101
0 0.010559 0.000802 0.019061 0.000021
0 0.000810 0.000796 0.001621 0.000036
0 0.000200 0.001994 0.000401 0.000116
0 0.010631 0.001135 0.018916 0.000024
0 0.000440 0.001798 0.000880 0.000143
0 0.000385 0.001814 0.000770 0.000131
0 0.000259 0.001872 0.000519 0.000090
0 0.000161 0.001754 0.000322 0.000134
0 0.000328 0.001694 0.000655 0.000097
0 0.000561 0.001631 0.001123 0.000065
0 0.000696 0.001411 0.001392 0.000086
0 0.010340 0.001303 0.019498 0.000017
0 0.010700 0.001188 0.018779 0.000017
0 0.000810 0.001159 0.001619 0.000041
0 0.000795 0.000829 0.001590 0.000045
0 0.000665 0.001097 0.001331 0.000052
0 0.010585 0.000992 0.019009 0.000025
0 0.000712 0.000872 0.001424 0.000051
0 0.000733 0.000876 0.001466 0.000055
0 0.000770 0.000854 0.001540 0.000061
0 0.010928 0.000920 0.018322 0.000023
0 0.000907 0.000835 0.001813 0.000049
0 0.000905 0.000742 0.001811 0.000048
0 0.000924 0.000697 0.001849 0.000051
0 0.000716 0.000135 0.001432 0.000084