0 0.003191 0.001448 0.002546 0.000083
0 0.003151 0.001449 0.002627 0.000080
0 0.002956 0.001272 0.003016 0.000151
0 0.002954 0.001050 0.003021 0.000163
0 0.002896 0.000885 0.003137 0.000062
0 0.002856 0.001275 0.003216 0.000151
0 0.002856 0.001053 0.003216 0.000157
0 0.002855 0.000888 0.003219 0.000062
0 0.002724 0.001201 0.003481 0.000102
0 0.002727 0.001360 0.003475 0.000111
0 0.002724 0.001044 0.003481 0.000108
0 0.002643 0.001360 0.003643 0.000111
0 0.002642 0.001207 0.003645 0.000108
0 0.002640 0.001048 0.003648 0.000111
0 0.002637 0.000886 0.003654 0.000108
0 0.002723 0.000888 0.003483 0.000111