0 0.008028 0.000895 0.015194 0.000080
0 0.001384 0.000748 0.001696 0.000095
0 0.001421 0.002075 0.001621 0.000073
0 0.001414 0.002063 0.001636 0.000070
0 0.001404 0.002058 0.001656 0.000079
0 0.001398 0.002051 0.001669 0.000071
0 0.001387 0.002043 0.001689 0.000075
0 0.001445 0.001943 0.001575 0.000088
0 0.001360 0.001347 0.001744 0.000096
0 0.001403 0.001430 0.001658 0.000028
0 0.001400 0.001279 0.001664 0.000023
0 0.001374 0.000903 0.001717 0.000090
0 0.001345 0.000849 0.001773 0.000016
0 0.001343 0.000689 0.001779 0.000025
0 0.001436 0.002093 0.001592 0.000068
0 0.001388 0.000604 0.001689 0.000081
0 0.001350 0.000537 0.001764 0.000028
0 0.001352 0.000513 0.001761 0.000030
0 0.001384 0.000455 0.001696 0.000082
0 0.001383 0.000393 0.001698 0.000025
0 0.001385 0.000254 0.001694 0.000086
0 0.001320 0.000028 0.001823 0.000026
0 0.001367 0.000106 0.001729 0.000079
0 0.001356 0.000112 0.001752 0.000093
0 0.001373 0.000257 0.001719 0.000096
0 0.001342 0.000198 0.001781 0.000021
0 0.001432 0.002075 0.001600 0.000071
0 0.001448 0.002088 0.001569 0.000074
0 0.008036 0.000746 0.015179 0.000097
0 0.001686 0.000586 0.001092 0.000103
0 0.008038 0.000595 0.015175 0.000095
0 0.008000 0.000119 0.015250 0.000101
0 0.008022 0.000356 0.015207 0.000297
0 0.005245 0.001314 0.007366 0.000032
0 0.008025 0.001196 0.015200 0.000216
0 0.002111 0.000087 0.000243 0.000048
0 0.015713 0.001318 0.031075 0.000114
0 0.004509 0.001474 0.008838 0.000031
0 0.001147 0.001932 0.002171 0.000089
0 0.001725 0.000406 0.001015 0.000100
0 0.001713 0.000413 0.001038 0.000090
0 0.001941 0.000541 0.000583 0.000052
0 0.001458 0.002103 0.001549 0.000056
0 0.002026 0.000437 0.000411 0.000079
0 0.001859 0.000702 0.000747 0.000055
0 0.001782 0.000756 0.000900 0.000088
0 0.001768 0.000755 0.000929 0.000087
0 0.008435 0.001485 0.014380 0.000045
0 0.001733 0.001354 0.000998 0.000035
0 0.001724 0.001382 0.001017 0.000044
0 0.001728 0.001397 0.001008 0.000034
0 0.001724 0.001411 0.001016 0.000035
0 0.001721 0.001425 0.001023 0.000040
0 0.011102 0.002166 0.017975 0.000022
0 0.001324 0.000170 0.001816 0.000026