0 0.001511 0.000428 0.001441 0.000111
0 0.001525 0.000415 0.001415 0.000107
0 0.002326 0.000919 0.004276 0.000061
0 0.002352 0.000972 0.004225 0.000075
0 0.002392 0.001028 0.004144 0.000078
0 0.008301 0.000902 0.014648 0.000207
0 0.008402 0.001245 0.014447 0.000460
0 0.008599 0.001516 0.014053 0.000193
0 0.008693 0.001721 0.013864 0.000262
0 0.008135 0.000564 0.014979 0.000258
0 0.008033 0.000301 0.015184 0.000337
0 0.001711 0.000804 0.001042 0.000246
0 0.001783 0.001038 0.000898 0.000221
0 0.001804 0.001003 0.000856 0.000214
0 0.001720 0.001073 0.001024 0.000131
0 0.001906 0.000958 0.000651 0.000136
0 0.001894 0.000981 0.000677 0.000120
0 0.001883 0.000999 0.000698 0.000121
0 0.002010 0.001858 0.000445 0.000213
0 0.002048 0.001895 0.000368 0.000201
0 0.002116 0.001945 0.000233 0.000090
0 0.002082 0.001826 0.000301 0.000131
0 0.002117 0.001982 0.000231 0.000092
0 0.002036 0.001611 0.000392 0.000107
0 0.001469 0.000175 0.001526 0.000157
0 0.001498 0.000162 0.001468 0.000124
0 0.001480 0.000305 0.001505 0.000099
0 0.001396 0.000183 0.001672 0.000098
0 0.001388 0.000403 0.001688 0.000082
0 0.002294 0.000980 0.004340 0.000054