0 0.001527 0.000904 0.001410 0.000051
0 0.001513 0.000889 0.001437 0.000077
0 0.001986 0.000545 0.000493 0.000146
0 0.001986 0.000624 0.000493 0.000189
0 0.001987 0.000614 0.000491 0.000113
0 0.001729 0.000812 0.001006 0.000224
0 0.001486 0.000846 0.001493 0.000105
0 0.001498 0.000873 0.001468 0.000087
0 0.001395 0.001018 0.001674 0.000118
0 0.001381 0.001097 0.001703 0.000144
0 0.001317 0.001151 0.001830 0.000139
0 0.001453 0.001051 0.001559 0.000057
0 0.001423 0.001113 0.001618 0.000059
0 0.001207 0.001359 0.002051 0.000214
0 0.001247 0.001379 0.001970 0.000210
0 0.001300 0.001368 0.001865 0.000204
0 0.001192 0.001668 0.002080 0.000118
0 0.001310 0.001835 0.001843 0.000176
0 0.001527 0.001969 0.001410 0.000146
0 0.001602 0.001906 0.001260 0.000177
0 0.001538 0.002005 0.001387 0.000090
0 0.001500 0.002040 0.001464 0.000055
0 0.001220 0.001663 0.002024 0.000164
0 0.002051 0.000407 0.000362 0.000148