0 0.007967 0.001259 0.015316 0.000061
0 0.001935 0.001138 0.000595 0.000061
0 0.001665 0.000793 0.001135 0.000086
0 0.001576 0.000588 0.001312 0.000043
0 0.001581 0.000579 0.001302 0.000046
0 0.001980 0.001339 0.000504 0.000054
0 0.001997 0.001173 0.000470 0.000035
0 0.001926 0.001144 0.000612 0.000050
0 0.001417 0.001236 0.001631 0.000104
0 0.001513 0.002009 0.001438 0.000017
0 0.001497 0.001550 0.001470 0.000074
0 0.001513 0.001664 0.001439 0.000093
0 0.001489 0.001747 0.001487 0.000023
0 0.001489 0.001761 0.001487 0.000022
0 0.001520 0.001802 0.001425 0.000076
0 0.001496 0.001851 0.001473 0.000020
0 0.001561 0.001027 0.001343 0.000076
0 0.001345 0.000890 0.001775 0.000066
0 0.001302 0.001109 0.001861 0.000058
0 0.001200 0.000895 0.002065 0.000073
0 0.001181 0.000898 0.002103 0.000083
0 0.001139 0.000822 0.002187 0.000085
0 0.001316 0.000622 0.001833 0.000069
0 0.001324 0.000613 0.001815 0.000074
0 0.001337 0.000613 0.001790 0.000067
0 0.001526 0.000529 0.001412 0.000032
0 0.001531 0.000537 0.001403 0.000062
0 0.001457 0.000390 0.001550 0.000053
0 0.001452 0.000381 0.001561 0.000055
0 0.001408 0.000498 0.001649 0.000086
0 0.001398 0.000376 0.001668 0.000080
0 0.001371 0.000385 0.001722 0.000089
0 0.001215 0.000396 0.002033 0.000110
0 0.001492 0.001913 0.001481 0.000035
0 0.001565 0.001858 0.001334 0.000051
0 0.008232 0.000507 0.014786 0.000104
0 0.008520 0.000953 0.014209 0.000081
0 0.003045 0.000884 0.002839 0.000027
0 0.003071 0.000912 0.002786 0.000023
0 0.003076 0.000933 0.002776 0.000027
0 0.007971 0.000073 0.015308 0.000050
0 0.008136 0.000369 0.014979 0.000054
0 0.008407 0.000797 0.014437 0.000063
0 0.001720 0.000874 0.001025 0.000066
0 0.001591 0.001948 0.001282 0.000070
0 0.003317 0.000861 0.002295 0.000049
0 0.005292 0.000895 0.007272 0.000024
0 0.008109 0.001686 0.015032 0.000038
0 0.008143 0.001792 0.014965 0.000026
0 0.008222 0.002133 0.014806 0.000105
0 0.008185 0.001961 0.014881 0.000094
0 0.003033 0.000876 0.002863 0.000021
0 0.002033 0.001755 0.000398 0.000076
0 0.002039 0.001956 0.000386 0.000074
0 0.002029 0.001966 0.000406 0.000075
0 0.002077 0.002109 0.000310 0.000079
0 0.001836 0.001965 0.000792 0.000074
0 0.001825 0.001972 0.000814 0.000084
0 0.001813 0.001975 0.000838 0.000086
0 0.001801 0.001981 0.000861 0.000080
0 0.001752 0.002161 0.000960 0.000079
0 0.001774 0.001637 0.000915 0.000085
0 0.001678 0.001807 0.001109 0.000089
0 0.001562 0.002180 0.001341 0.000026
0 0.001586 0.002120 0.001292 0.000089
0 0.001575 0.002122 0.001315 0.000091
0 0.001538 0.002071 0.001389 0.000038
0 0.001539 0.002057 0.001387 0.000032
0 0.001199 0.000402 0.002066 0.000110