0 0.001127 0.001886 0.002210 0.000093
0 0.002016 0.000633 0.000433 0.000130
0 0.001556 0.000215 0.001352 0.000098
0 0.001545 0.000228 0.001375 0.000081
0 0.002024 0.001152 0.000416 0.000105
0 0.002020 0.001401 0.000425 0.000115
0 0.001455 0.002171 0.001554 0.000116
0 0.001245 0.001927 0.001974 0.000138
0 0.007838 0.001966 0.015574 0.000136
0 0.002085 0.001837 0.000294 0.000165
0 0.001714 0.001921 0.001036 0.000212
0 0.001749 0.001505 0.000967 0.000215
0 0.002023 0.001382 0.000419 0.000181
0 0.001964 0.000663 0.000537 0.000122
0 0.001141 0.001905 0.002182 0.000084
0 0.001582 0.000199 0.001299 0.000136
0 0.001547 0.000667 0.001370 0.000144
0 0.001169 0.000895 0.002126 0.000124
0 0.001169 0.000896 0.002126 0.000185
0 0.001243 0.000859 0.001978 0.000191
0 0.001253 0.000826 0.001959 0.000157
0 0.001290 0.000799 0.001884 0.000161
0 0.001370 0.000775 0.001725 0.000180
0 0.001404 0.000795 0.001656 0.000116
0 0.001384 0.000744 0.001696 0.000166
0 0.001425 0.000720 0.001615 0.000147
0 0.001571 0.000207 0.001322 0.000101
0 0.001605 0.000177 0.001253 0.000088
0 0.001622 0.000175 0.001220 0.000093
0 0.001636 0.000160 0.001192 0.000073
0 0.001886 0.001082 0.000693 0.000124
0 0.001883 0.001099 0.000698 0.000090
0 0.001960 0.000775 0.000545 0.000074
0 0.001965 0.000757 0.000534 0.000080
0 0.001979 0.000740 0.000506 0.000074
0 0.001986 0.000727 0.000492 0.000096
0 0.002088 0.000680 0.000288 0.000088
0 0.002076 0.000688 0.000312 0.000077
0 0.001908 0.000313 0.000649 0.000093
0 0.002028 0.000598 0.000407 0.000094
0 0.001999 0.000627 0.000467 0.000101
0 0.001985 0.000637 0.000494 0.000087
0 0.001918 0.000283 0.000628 0.000087
0 0.001855 0.000181 0.000754 0.000088
0 0.001836 0.000208 0.000793 0.000061
0 0.001839 0.000200 0.000786 0.000097
0 0.001814 0.000220 0.000837 0.000084
0 0.001805 0.000234 0.000855 0.000075
0 0.001798 0.000249 0.000869 0.000073
0 0.001792 0.000279 0.000880 0.000090
0 0.001594 0.000641 0.001277 0.000115
0 0.001573 0.000633 0.001318 0.000085
0 0.001601 0.000057 0.001263 0.000072
0 0.001266 0.000220 0.001933 0.000217