0 0.011374 0.000947 0.021894 0.000041
0 0.010934 0.000838 0.018310 0.000070
0 0.011123 0.001342 0.017932 0.000048
0 0.011142 0.001362 0.017894 0.000053
0 0.011004 0.001134 0.018172 0.000066
0 0.011024 0.000989 0.018131 0.000041
0 0.010963 0.001001 0.018253 0.000061
0 0.010961 0.001021 0.018257 0.000053
0 0.010958 0.001040 0.018262 0.000049
0 0.010956 0.001065 0.018267 0.000055
0 0.010959 0.001094 0.018261 0.000053
0 0.010951 0.001136 0.018276 0.000057
0 0.010946 0.001208 0.018286 0.000055
0 0.010941 0.001252 0.018297 0.000055
0 0.010938 0.001305 0.018302 0.000063
0 0.010940 0.001334 0.018299 0.000061
0 0.010932 0.001373 0.018314 0.000055
0 0.010922 0.001494 0.018334 0.000054
0 0.010775 0.001164 0.018628 0.000038
0 0.010772 0.001194 0.018635 0.000038
0 0.010771 0.001218 0.018636 0.000041
0 0.010766 0.001293 0.018647 0.000040
0 0.010763 0.001320 0.018653 0.000038
0 0.010943 0.000834 0.018293 0.000052
0 0.010929 0.000836 0.018321 0.000045
0 0.010787 0.001444 0.018606 0.000082
0 0.010921 0.000819 0.018336 0.000065
0 0.010230 0.000587 0.019719 0.000092
0 0.010239 0.000579 0.019701 0.000056
0 0.010251 0.000602 0.019676 0.000095
0 0.010260 0.000604 0.019659 0.000097
0 0.010295 0.000616 0.019589 0.000088
0 0.010286 0.000613 0.019607 0.000085
0 0.010209 0.000265 0.019761 0.000022
0 0.010207 0.000297 0.019764 0.000020
0 0.010219 0.000406 0.019741 0.000020
0 0.010541 0.000347 0.019097 0.000050
0 0.010638 0.000455 0.018903 0.000098
0 0.010634 0.000789 0.018911 0.000100
0 0.010684 0.000678 0.018810 0.000117
0 0.010755 0.000761 0.018669 0.000102
0 0.010744 0.000887 0.018691 0.000119
0 0.010795 0.000855 0.018588 0.000053
0 0.010801 0.000867 0.018576 0.000053
0 0.010893 0.000790 0.018393 0.000065
0 0.010901 0.000799 0.018377 0.000066
0 0.010908 0.000809 0.018362 0.000050
0 0.010917 0.000799 0.018346 0.000054
0 0.010761 0.001371 0.018657 0.000039
0 0.010795 0.001448 0.018589 0.000082
0 0.011370 0.000943 0.021904 0.000034
0 0.011932 0.000224 0.020779 0.000026
0 0.011944 0.000244 0.020754 0.000030
0 0.011975 0.000273 0.020692 0.000031
0 0.012008 0.000226 0.020627 0.000018
0 0.012110 0.000202 0.020424 0.000017
0 0.012153 0.000829 0.020337 0.000031
0 0.012149 0.000867 0.020344 0.000029
0 0.012147 0.000909 0.020350 0.000029
0 0.012144 0.000948 0.020355 0.000032
0 0.011963 0.000799 0.020717 0.000025
0 0.011961 0.000899 0.020720 0.000050
0 0.010837 0.000896 0.018504 0.000049
0 0.010830 0.000892 0.018519 0.000047
0 0.010823 0.000885 0.018532 0.000048
0 0.010816 0.000880 0.018546 0.000050
0 0.010809 0.000880 0.018561 0.000053
0 0.010817 0.001084 0.018544 0.000045
0 0.010686 0.001124 0.018806 0.000035
0 0.010684 0.001150 0.018811 0.000040
0 0.011353 0.000930 0.021936 0.000035
0 0.011359 0.000933 0.021925 0.000034
0 0.011364 0.000940 0.021915 0.000039
0 0.011939 0.000235 0.020765 0.000030
0 0.011864 0.000171 0.020915 0.000030
0 0.010802 0.001453 0.018575 0.000082
0 0.011836 0.000144 0.020971 0.000030
0 0.010805 0.001481 0.018569 0.000130
0 0.010814 0.001479 0.018551 0.000116
0 0.010662 0.001194 0.018854 0.000080
0 0.010653 0.001290 0.018873 0.000085
0 0.010652 0.001320 0.018875 0.000091
0 0.010644 0.001371 0.018890 0.000095
0 0.010406 0.000975 0.019366 0.000050
0 0.010545 0.001715 0.019089 0.000119
0 0.010553 0.001724 0.019072 0.000112
0 0.010562 0.001736 0.019055 0.000114
0 0.010577 0.001743 0.019024 0.000123
0 0.010593 0.001740 0.018992 0.000112
0 0.010601 0.001757 0.018976 0.000117
0 0.010611 0.001768 0.018956 0.000110
0 0.011334 0.000384 0.021976 0.000018
0 0.011332 0.000423 0.021978 0.000018
0 0.011330 0.000460 0.021982 0.000017
0 0.011330 0.000501 0.021983 0.000021
0 0.011433 0.000632 0.021778 0.000024
0 0.011416 0.000356 0.021812 0.000019
0 0.011416 0.000304 0.021811 0.000018
0 0.010214 0.000446 0.019750 0.000029