0 0.006400 0.001040 0.009521 0.000013
0 0.000686 0.000778 0.001373 0.000021
0 0.000635 0.001096 0.001270 0.000024
0 0.000618 0.001025 0.001235 0.000022
0 0.000639 0.000973 0.001278 0.000022
0 0.000653 0.000923 0.001306 0.000020
0 0.000683 0.000640 0.001365 0.000018
0 0.000674 0.000838 0.001348 0.000023
0 0.000636 0.000892 0.001272 0.000018
0 0.000641 0.000841 0.001282 0.000023
0 0.000681 0.000810 0.001362 0.000020
0 0.000737 0.000590 0.001475 0.000023
0 0.000582 0.001170 0.001164 0.000023
0 0.000724 0.000645 0.001448 0.000024
0 0.000774 0.000704 0.001547 0.000018
0 0.000895 0.000708 0.001789 0.000022
0 0.000894 0.000682 0.001788 0.000021
0 0.000894 0.000646 0.001787 0.000023
0 0.000839 0.000591 0.001679 0.000015
0 0.000728 0.000371 0.001456 0.000021
0 0.000737 0.000337 0.001474 0.000022
0 0.000265 0.001737 0.000531 0.000024
0 0.000654 0.001102 0.001308 0.000024
0 0.000576 0.001190 0.001152 0.000021
0 0.006432 0.000984 0.009458 0.000014
0 0.000462 0.001450 0.000924 0.000017
0 0.007788 0.001312 0.011209 0.000061
0 0.006642 0.001312 0.009037 0.000008
0 0.006642 0.001304 0.009038 0.000007
0 0.006641 0.001297 0.009039 0.000007
0 0.006641 0.001290 0.009039 0.000008
0 0.007581 0.001502 0.011625 0.000058
0 0.015230 0.001636 0.027575 0.000057
0 0.007404 0.001634 0.011978 0.000088
0 0.000547 0.001317 0.001095 0.000021
0 0.000326 0.002030 0.000652 0.000017
0 0.000574 0.001215 0.001149 0.000026
0 0.000365 0.002112 0.000729 0.000022
0 0.000360 0.002082 0.000720 0.000013
0 0.000359 0.001765 0.000718 0.000022
0 0.000375 0.002062 0.000750 0.000020
0 0.000381 0.002035 0.000763 0.000023
0 0.000397 0.001982 0.000794 0.000021
0 0.000420 0.001812 0.000840 0.000013
0 0.000553 0.001301 0.001105 0.000020
0 0.000566 0.001244 0.001133 0.000021
0 0.015458 0.000965 0.027121 0.000093