0 0.011897 0.002156 0.020848 0.000020
0 0.010632 0.001526 0.018915 0.000108
0 0.011019 0.001635 0.018140 0.000070
0 0.011016 0.001568 0.018148 0.000038
0 0.011003 0.001363 0.018173 0.000117
0 0.010961 0.001295 0.018257 0.000120
0 0.010969 0.001295 0.018240 0.000120
0 0.010895 0.001535 0.018389 0.000035
0 0.010895 0.001503 0.018389 0.000028
0 0.010894 0.001474 0.018390 0.000025
0 0.010832 0.001358 0.018515 0.000025
0 0.010832 0.001334 0.018515 0.000023
0 0.010714 0.001720 0.018751 0.000064
0 0.010668 0.001847 0.018842 0.000118
0 0.010611 0.001857 0.018957 0.000088
0 0.010591 0.001859 0.018996 0.000075
0 0.010496 0.001897 0.019186 0.000022
0 0.010665 0.001298 0.018850 0.000051
0 0.010663 0.001138 0.018852 0.000053
0 0.010663 0.001078 0.018852 0.000058
0 0.010634 0.001626 0.018911 0.000102
0 0.011025 0.001631 0.018128 0.000071
0 0.011015 0.001682 0.018148 0.000029
0 0.011016 0.001708 0.018146 0.000025
0 0.010695 0.000490 0.018788 0.000058
0 0.011909 0.000968 0.020825 0.000038
0 0.011469 0.000173 0.021705 0.000036
0 0.011474 0.000082 0.021695 0.000033
0 0.011061 0.000509 0.018056 0.000030
0 0.010985 0.001207 0.018209 0.000029
0 0.010985 0.001183 0.018208 0.000024
0 0.010984 0.001160 0.018210 0.000023
0 0.010790 0.000829 0.018598 0.000122
0 0.011134 0.001960 0.017911 0.000035
0 0.011016 0.001732 0.018147 0.000025
0 0.011116 0.001515 0.017946 0.000030
0 0.011116 0.001483 0.017947 0.000026
0 0.011115 0.001449 0.017948 0.000029
0 0.011115 0.001393 0.017948 0.000025
0 0.011115 0.001369 0.017948 0.000030
0 0.011114 0.001345 0.017950 0.000030
0 0.011115 0.001320 0.017949 0.000022
0 0.010993 0.001261 0.018192 0.000028
0 0.010631 0.001570 0.018917 0.000105
0 0.010632 0.001431 0.018915 0.000108
0 0.011917 0.001199 0.020809 0.000039
0 0.010630 0.001290 0.018919 0.000103
0 0.010171 0.001436 0.019837 0.000045
0 0.010150 0.001437 0.019878 0.000097
0 0.010475 0.000889 0.019228 0.000103
0 0.010627 0.000901 0.018925 0.000107
0 0.010629 0.000850 0.018920 0.000079
0 0.010629 0.000809 0.018921 0.000083
0 0.010627 0.000763 0.018925 0.000104
0 0.010623 0.000697 0.018933 0.000106
0 0.010625 0.000654 0.018929 0.000106
0 0.010575 0.000747 0.019028 0.000103
0 0.010539 0.000788 0.019100 0.000103
0 0.010575 0.000539 0.019029 0.000111
0 0.010535 0.000710 0.019109 0.000107
0 0.010534 0.000610 0.019111 0.000108
0 0.010533 0.000561 0.019112 0.000105
0 0.010494 0.000719 0.019191 0.000104
0 0.010494 0.000616 0.019191 0.000106
0 0.010490 0.000587 0.019199 0.000108
0 0.010328 0.000543 0.019523 0.000113
0 0.010130 0.001575 0.019918 0.000045
0 0.010491 0.000929 0.019196 0.000115
0 0.010496 0.000953 0.019186 0.000102
0 0.010583 0.001204 0.019013 0.000100
0 0.010629 0.001244 0.018920 0.000100
0 0.010629 0.001193 0.018921 0.000104
0 0.010627 0.001138 0.018925 0.000105
0 0.010626 0.001088 0.018927 0.000099
0 0.010627 0.001046 0.018925 0.000104
0 0.010625 0.000995 0.018929 0.000106
0 0.010589 0.001471 0.019001 0.000104
0 0.010585 0.001445 0.019009 0.000107
0 0.010544 0.001549 0.019090 0.000105
0 0.010496 0.001002 0.019187 0.000109
0 0.010543 0.001206 0.019092 0.000107
0 0.010537 0.000841 0.019105 0.000108
0 0.010501 0.001479 0.019177 0.000109
0 0.010500 0.001330 0.019178 0.000107
0 0.010497 0.001294 0.019185 0.000108
0 0.010498 0.001188 0.019183 0.000106
0 0.010498 0.001138 0.019182 0.000106
0 0.010496 0.001098 0.019187 0.000122
0 0.011914 0.001086 0.020815 0.000038
0 0.011461 0.000279 0.021721 0.000035
0 0.011962 0.002184 0.020718 0.000022
0 0.012020 0.001759 0.020602 0.000037
0 0.010580 0.000958 0.019019 0.000149
0 0.011790 0.001348 0.021063 0.000021
0 0.011815 0.001275 0.021013 0.000018
0 0.011785 0.001021 0.021072 0.000019
0 0.011735 0.000550 0.021173 0.000033
0 0.012147 0.000432 0.020349 0.000035
0 0.012152 0.000432 0.020339 0.000041
0 0.012262 0.001310 0.020119 0.000030
0 0.011814 0.001258 0.021016 0.000020
0 0.011814 0.001209 0.021014 0.000019
0 0.011811 0.001015 0.021021 0.000018
0 0.010669 0.001733 0.018841 0.000117
0 0.011163 0.001889 0.022318 0.000030
0 0.011181 0.001757 0.022282 0.000034
0 0.011184 0.001772 0.022274 0.000037
0 0.011874 0.002018 0.020896 0.000039
0 0.011907 0.001702 0.020828 0.000031
0 0.011931 0.001721 0.020780 0.000037
0 0.012035 0.001760 0.020573 0.000030
0 0.010577 0.001021 0.019024 0.000137
0 0.010541 0.001057 0.019097 0.000137
0 0.010541 0.001104 0.019096 0.000135
0 0.012257 0.002166 0.020128 0.000025
0 0.012009 0.002194 0.020625 0.000036
0 0.012027 0.002046 0.020589 0.000034
0 0.012025 0.002187 0.020592 0.000034
0 0.012006 0.002103 0.020631 0.000039
0 0.012003 0.002185 0.020637 0.000048
0 0.012001 0.001970 0.020641 0.000034
0 0.012130 0.002197 0.020382 0.000022
0 0.012127 0.002149 0.020390 0.000021
0 0.012255 0.002151 0.020132 0.000029
0 0.010542 0.001396 0.019095 0.000137
0 0.012250 0.002106 0.020143 0.000030
0 0.012246 0.002090 0.020150 0.000029
0 0.011985 0.002076 0.020673 0.000038
0 0.011931 0.001834 0.020781 0.000020
0 0.011961 0.002020 0.020721 0.000023
0 0.010624 0.001847 0.018930 0.000109
0 0.010501 0.001550 0.019176 0.000138
0 0.010541 0.001349 0.019097 0.000150
0 0.012014 0.001760 0.020615 0.000036
0 0.012008 0.001611 0.020628 0.000020
0 0.011469 0.000294 0.021705 0.000036
0 0.011979 0.001598 0.020685 0.000017
0 0.011303 0.001417 0.022038 0.000037
0 0.011303 0.001370 0.022037 0.000035
0 0.010190 0.001272 0.019799 0.000113
0 0.011327 0.001301 0.021988 0.000040
0 0.011332 0.001238 0.021979 0.000035
0 0.011353 0.001186 0.021937 0.000035
0 0.011369 0.001095 0.021904 0.000047
0 0.011389 0.000979 0.021864 0.000039
0 0.011342 0.001175 0.021958 0.000041
0 0.011358 0.001092 0.021927 0.000041
0 0.011372 0.001014 0.021898 0.000038
0 0.011384 0.000952 0.021874 0.000034
0 0.011422 0.000762 0.021798 0.000036
0 0.011407 0.000808 0.021830 0.000035
0 0.011420 0.000706 0.021803 0.000030
0 0.011425 0.000662 0.021793 0.000038
0 0.011431 0.000584 0.021780 0.000044
0 0.011460 0.000406 0.021722 0.000030
0 0.011480 0.000142 0.021682 0.000031
0 0.011284 0.001491 0.022075 0.000037
0 0.011262 0.001518 0.022118 0.000036
0 0.011236 0.001617 0.022170 0.000031
0 0.011815 0.001342 0.021013 0.000019
0 0.012000 0.001690 0.020642 0.000034
0 0.012012 0.001817 0.020618 0.000021
0 0.011993 0.001689 0.020658 0.000028
0 0.012022 0.001684 0.020599 0.000032
0 0.012040 0.001757 0.020562 0.000032
0 0.012068 0.001667 0.020507 0.000033
0 0.011905 0.001825 0.020833 0.000035
0 0.011920 0.001500 0.020803 0.000033
0 0.011816 0.001293 0.021010 0.000018
0 0.011248 0.001616 0.022148 0.000048
0 0.011816 0.001491 0.021010 0.000021
0 0.011819 0.001584 0.021006 0.000016
0 0.011706 0.001543 0.021232 0.000054
0 0.011787 0.001160 0.021069 0.000018
0 0.011192 0.001741 0.022259 0.000033
0 0.011186 0.001821 0.022271 0.000036
0 0.011210 0.001747 0.022223 0.000036
0 0.011214 0.001677 0.022214 0.000035
0 0.010324 0.000476 0.019530 0.000118