0 0.011550 0.000053 0.021543 0.000016
0 0.011233 0.001856 0.022176 0.000009
0 0.011416 0.001672 0.021811 0.000021
0 0.011414 0.001692 0.021815 0.000020
0 0.011330 0.001769 0.021983 0.000017
0 0.011332 0.001751 0.021979 0.000015
0 0.011315 0.001831 0.022013 0.000009
0 0.011304 0.001833 0.022035 0.000008
0 0.011268 0.001938 0.022106 0.000011
0 0.011266 0.001947 0.022110 0.000010
0 0.011267 0.001969 0.022110 0.000016
0 0.011259 0.001817 0.022125 0.000015
0 0.011244 0.001858 0.022155 0.000008
0 0.011225 0.001854 0.022194 0.000008
0 0.011442 0.001867 0.021758 0.000010
0 0.011183 0.001787 0.022277 0.000017
0 0.011183 0.001768 0.022278 0.000017
0 0.011229 0.001668 0.022185 0.000012
0 0.011242 0.001623 0.022160 0.000017
0 0.011275 0.001763 0.022093 0.000016
0 0.011278 0.001745 0.022087 0.000015
0 0.011187 0.001586 0.022269 0.000015
0 0.011220 0.001415 0.022202 0.000017
0 0.011558 0.001607 0.021527 0.000010
0 0.011514 0.001613 0.021615 0.000010
0 0.011634 0.001601 0.021375 0.000017
0 0.011433 0.001865 0.021777 0.000010
0 0.011358 0.001897 0.021926 0.000018
0 0.011642 0.001590 0.021358 0.000021
0 0.011615 0.002048 0.021412 0.000017
0 0.011638 0.002138 0.021368 0.000015
0 0.011627 0.002172 0.021388 0.000017
0 0.011642 0.002093 0.021359 0.000018
0 0.011640 0.002115 0.021363 0.000014
0 0.011644 0.002064 0.021354 0.000016
0 0.011646 0.002045 0.021351 0.000015
0 0.011631 0.001967 0.021381 0.000011
0 0.011262 0.002083 0.022118 0.000009
0 0.011222 0.002065 0.022199 0.000017
0 0.011261 0.002111 0.022121 0.000011
0 0.011656 0.002199 0.021331 0.000010
0 0.011567 0.001940 0.021508 0.000012
0 0.011310 0.002124 0.022023 0.000013
0 0.011559 0.001933 0.021526 0.000012
0 0.011548 0.001925 0.021546 0.000013
0 0.011540 0.001919 0.021562 0.000013
0 0.011530 0.001910 0.021582 0.000013
0 0.011549 0.001909 0.021545 0.000013
0 0.011473 0.002163 0.021698 0.000009
0 0.011490 0.002131 0.021663 0.000009
0 0.011467 0.002119 0.021709 0.000018
0 0.011457 0.002066 0.021728 0.000011
0 0.011357 0.002129 0.021928 0.000012
0 0.011292 0.002072 0.022059 0.000019
0 0.011648 0.001544 0.021347 0.000008
0 0.011645 0.001533 0.021352 0.000008
0 0.012255 0.000981 0.020134 0.000015
0 0.012099 0.001362 0.020445 0.000010
0 0.011966 0.001361 0.020710 0.000012
0 0.011954 0.001513 0.020735 0.000017
0 0.011953 0.001324 0.020737 0.000009
0 0.011984 0.001331 0.020675 0.000008
0 0.011970 0.001312 0.020703 0.000017
0 0.011966 0.001311 0.020711 0.000014
0 0.012047 0.001582 0.020550 0.000018
0 0.012059 0.001586 0.020526 0.000016
0 0.010932 0.001406 0.018315 0.000014
0 0.012013 0.001582 0.020617 0.000015
0 0.012034 0.001331 0.020575 0.000009
0 0.012086 0.001359 0.020472 0.000011
0 0.011887 0.001238 0.020868 0.000020
0 0.012076 0.001355 0.020491 0.000010
0 0.012186 0.001389 0.020271 0.000011
0 0.012195 0.001432 0.020253 0.000017
0 0.012205 0.001442 0.020233 0.000017
0 0.012181 0.001368 0.020280 0.000016
0 0.012149 0.001267 0.020345 0.000017
0 0.012231 0.001392 0.020181 0.000017
0 0.012214 0.001581 0.020215 0.000016
0 0.011086 0.001723 0.018007 0.000022
0 0.012257 0.001538 0.020128 0.000014
0 0.012262 0.001546 0.020119 0.000011
0 0.011888 0.001216 0.020867 0.000021
0 0.011911 0.001317 0.020822 0.000009
0 0.011649 0.001518 0.021344 0.000009
0 0.011484 0.001332 0.021675 0.000010
0 0.011593 0.001452 0.021457 0.000017
0 0.011564 0.001540 0.021514 0.000017
0 0.011561 0.001561 0.021520 0.000015
0 0.011558 0.001559 0.021528 0.000016
0 0.011608 0.001380 0.021427 0.000019
0 0.011596 0.001425 0.021452 0.000014
0 0.011563 0.001335 0.021517 0.000009
0 0.011546 0.001367 0.021551 0.000008
0 0.011531 0.001413 0.021581 0.000018
0 0.011532 0.001390 0.021579 0.000016
0 0.011509 0.001337 0.021624 0.000009
0 0.011569 0.001256 0.021504 0.000008
0 0.011920 0.001318 0.020804 0.000008
0 0.011573 0.001269 0.021498 0.000016
0 0.010488 0.001273 0.019202 0.000026
0 0.011701 0.001348 0.021241 0.000010
0 0.011827 0.001377 0.020988 0.000015
0 0.011818 0.001434 0.021006 0.000009
0 0.011897 0.001316 0.020848 0.000009
0 0.011908 0.001395 0.020826 0.000012
0 0.011886 0.001325 0.020871 0.000009
0 0.011873 0.001381 0.020897 0.000015
0 0.011884 0.001283 0.020874 0.000016
0 0.011927 0.001320 0.020789 0.000008
0 0.011618 0.002031 0.021408 0.000012
0 0.011628 0.002035 0.021387 0.000016
0 0.011588 0.002060 0.021467 0.000012
0 0.011525 0.000342 0.021594 0.000016
0 0.011409 0.000251 0.021826 0.000016
0 0.011395 0.000366 0.021854 0.000015
0 0.011425 0.000309 0.021794 0.000009
0 0.011436 0.000306 0.021772 0.000010
0 0.011445 0.000303 0.021753 0.000011
0 0.011477 0.000294 0.021690 0.000010
0 0.011505 0.000287 0.021633 0.000008
0 0.011496 0.000258 0.021651 0.000017
0 0.011512 0.000284 0.021618 0.000010
0 0.011527 0.000267 0.021588 0.000011
0 0.011525 0.000313 0.021592 0.000018
0 0.011524 0.000358 0.021594 0.000016
0 0.011370 0.000134 0.021903 0.000016
0 0.011531 0.000363 0.021581 0.000015
0 0.011523 0.000283 0.021598 0.000009
0 0.011535 0.000285 0.021573 0.000010
0 0.011550 0.000286 0.021542 0.000010
0 0.011565 0.000290 0.021514 0.000009
0 0.011607 0.000296 0.021429 0.000010
0 0.011617 0.000298 0.021408 0.000010
0 0.011622 0.000225 0.021399 0.000010
0 0.011635 0.000228 0.021372 0.000016
0 0.011653 0.000226 0.021337 0.000009
0 0.011657 0.000306 0.021329 0.000008
0 0.011416 0.000116 0.021811 0.000017
0 0.011370 0.000120 0.021903 0.000014
0 0.011609 0.002148 0.021425 0.000011
0 0.011223 0.000264 0.022198 0.000018
0 0.016204 0.000595 0.030092 0.000034
0 0.016277 0.000276 0.029946 0.000048
0 0.016425 0.000748 0.029651 0.000023
0 0.016559 0.000784 0.029383 0.000020
0 0.016668 0.000753 0.029163 0.000036
0 0.016633 0.000477 0.029234 0.000052
0 0.016666 0.000480 0.029169 0.000039
0 0.015945 0.001227 0.030609 0.000042
0 0.015960 0.001546 0.030581 0.000030
0 0.016405 0.001411 0.029690 0.000026
0 0.016144 0.002099 0.030213 0.000021
0 0.011228 0.000261 0.022188 0.000014
0 0.011369 0.000366 0.021905 0.000008
0 0.011235 0.000202 0.022172 0.000009
0 0.011237 0.000193 0.022169 0.000008
0 0.011237 0.000401 0.022168 0.000007
0 0.011303 0.000114 0.022036 0.000013
0 0.011291 0.000249 0.022062 0.000010
0 0.011182 0.000511 0.022280 0.000012
0 0.011200 0.000500 0.022242 0.000018
0 0.011206 0.000500 0.022231 0.000013
0 0.011367 0.000340 0.021909 0.000008
0 0.011367 0.000349 0.021909 0.000008
0 0.011368 0.000357 0.021908 0.000008
0 0.011651 0.000305 0.021341 0.000008
0 0.011667 0.000307 0.021310 0.000009
0 0.011673 0.000372 0.021297 0.000009
0 0.011910 0.001932 0.020823 0.000015
0 0.011619 0.001363 0.021405 0.000009
0 0.011826 0.001314 0.020992 0.000007
0 0.010755 0.001311 0.018668 0.000010
0 0.011944 0.001323 0.020756 0.000007
0 0.011824 0.002082 0.020995 0.000014
0 0.011827 0.002054 0.020989 0.000014
0 0.011812 0.002037 0.021019 0.000013
0 0.011803 0.002027 0.021037 0.000013
0 0.011839 0.002071 0.020966 0.000016
0 0.011829 0.002133 0.020984 0.000009
0 0.010712 0.002104 0.018754 0.000011
0 0.011873 0.002113 0.020898 0.000015
0 0.011679 0.000197 0.021284 0.000009
0 0.011861 0.002096 0.020920 0.000015
0 0.011886 0.002133 0.020871 0.000016
0 0.011893 0.002148 0.020856 0.000012
0 0.011901 0.002157 0.020841 0.000017
0 0.011919 0.002057 0.020806 0.000015
0 0.011924 0.002015 0.020795 0.000016
0 0.011915 0.002031 0.020814 0.000010
0 0.011747 0.002144 0.021149 0.000010
0 0.011752 0.002008 0.021138 0.000012
0 0.011680 0.001949 0.021282 0.000012
0 0.011617 0.002095 0.021408 0.000013
0 0.011569 0.001371 0.021504 0.000009
0 0.011589 0.001373 0.021465 0.000010
0 0.011499 0.001335 0.021644 0.000009
0 0.012248 0.000872 0.020146 0.000010
0 0.013470 0.000539 0.026631 0.000017
0 0.011726 0.000038 0.021190 0.000019
0 0.011722 0.000159 0.021198 0.000018
0 0.011788 0.000232 0.021068 0.000008
0 0.012236 0.000636 0.020170 0.000008
0 0.012127 0.000754 0.020389 0.000009
0 0.011925 0.000537 0.020792 0.000009
0 0.011900 0.000565 0.020844 0.000008
0 0.011900 0.000578 0.020842 0.000008
0 0.011898 0.000590 0.020846 0.000008
0 0.011903 0.000431 0.020837 0.000010
0 0.011733 0.000717 0.021176 0.000008
0 0.011419 0.000778 0.021805 0.000008
0 0.011397 0.000581 0.021848 0.000009
0 0.011361 0.000674 0.021921 0.000008
0 0.011387 0.000579 0.021868 0.000009
0 0.011306 0.000946 0.022031 0.000008
0 0.011306 0.000954 0.022031 0.000008
0 0.011468 0.001128 0.021706 0.000008
0 0.012062 0.001167 0.020518 0.000008
0 0.012060 0.001195 0.020522 0.000009
0 0.012060 0.001183 0.020522 0.000009
0 0.012246 0.001064 0.020150 0.000009
0 0.012257 0.000944 0.020129 0.000016
0 0.012246 0.000984 0.020152 0.000010
0 0.011585 0.000070 0.021473 0.000008
0 0.011390 0.001099 0.021863 0.000015
0 0.011666 0.001382 0.021310 0.000015
0 0.011680 0.001321 0.021283 0.000007
0 0.011678 0.001311 0.021288 0.000006
0 0.011627 0.001332 0.021389 0.000015
0 0.011620 0.001345 0.021402 0.000017
0 0.011574 0.001337 0.021494 0.000008
0 0.011535 0.001259 0.021573 0.000010
0 0.011483 0.001298 0.021678 0.000008
0 0.011447 0.001227 0.021749 0.000009
0 0.011332 0.001308 0.021978 0.000010
0 0.011365 0.001241 0.021912 0.000014
0 0.011437 0.001058 0.021768 0.000019
0 0.010544 0.001383 0.019091 0.000044
0 0.011429 0.000887 0.021786 0.000009
0 0.011326 0.000949 0.021991 0.000013
0 0.011292 0.000953 0.022060 0.000013
0 0.011263 0.001185 0.022117 0.000017
0 0.011222 0.001056 0.022198 0.000011
0 0.011237 0.000867 0.022168 0.000008
0 0.011237 0.001389 0.022170 0.000010
0 0.011222 0.001396 0.022200 0.000010
0 0.011224 0.001382 0.022195 0.000010
0 0.011215 0.001190 0.022214 0.000010
0 0.011205 0.001186 0.022233 0.000009
0 0.011662 0.001433 0.021319 0.000019
0 0.011691 0.001538 0.021261 0.000013
0 0.011542 0.001758 0.021558 0.000017
0 0.012006 0.001747 0.020631 0.000009
0 0.012183 0.001936 0.020276 0.000015
0 0.012128 0.001976 0.020387 0.000016
0 0.012071 0.001780 0.020502 0.000010
0 0.012079 0.001764 0.020485 0.000009
0 0.012098 0.001773 0.020447 0.000010
0 0.012148 0.001749 0.020346 0.000016
0 0.012223 0.001832 0.020197 0.000011
0 0.012110 0.001662 0.020422 0.000010
0 0.012044 0.001619 0.020554 0.000014
0 0.012054 0.001725 0.020534 0.000016
0 0.012016 0.001741 0.020611 0.000010
0 0.012005 0.001756 0.020633 0.000009
0 0.011819 0.001557 0.021004 0.000015
0 0.012028 0.001766 0.020588 0.000010
0 0.012024 0.001744 0.020596 0.000008
0 0.011958 0.001722 0.020727 0.000010
0 0.010785 0.001727 0.018609 0.000019
0 0.011863 0.001886 0.020918 0.000010
0 0.011848 0.001882 0.020947 0.000009
0 0.011818 0.001645 0.021007 0.000015
0 0.011806 0.001749 0.021031 0.000008
0 0.011793 0.001628 0.021058 0.000009
0 0.011797 0.001600 0.021049 0.000010
0 0.011818 0.001627 0.021006 0.000015
0 0.011174 0.001588 0.022295 0.000015
0 0.011679 0.001850 0.021285 0.000008
0 0.012260 0.000843 0.020123 0.000015
0 0.011657 0.000389 0.021328 0.000009
0 0.011852 0.000675 0.020938 0.000014
0 0.011890 0.000824 0.020863 0.000017
0 0.011992 0.000590 0.020660 0.000010
0 0.011992 0.000583 0.020658 0.000007
0 0.012207 0.000651 0.020229 0.000014
0 0.011823 0.000345 0.020997 0.000009
0 0.011786 0.000281 0.021071 0.000018
0 0.011787 0.000263 0.021069 0.000015
0 0.011726 0.000325 0.021190 0.000008
0 0.011742 0.000368 0.021159 0.000011
0 0.011746 0.000358 0.021151 0.000009
0 0.011666 0.000382 0.021311 0.000008
0 0.011834 0.000804 0.020975 0.000020
0 0.011743 0.000328 0.021157 0.000008
0 0.011739 0.000282 0.021164 0.000009
0 0.011725 0.000275 0.021192 0.000010
0 0.011731 0.000279 0.021182 0.000010
0 0.011732 0.000194 0.021179 0.000008
0 0.011781 0.000275 0.021080 0.000021
0 0.011695 0.000127 0.021253 0.000009
0 0.011705 0.000114 0.021233 0.000008
0 0.011636 0.000049 0.021370 0.000015
0 0.011642 0.000040 0.021358 0.000014
0 0.011644 0.000026 0.021355 0.000017
0 0.011851 0.000690 0.020940 0.000014
0 0.011169 0.000908 0.022305 0.000010
0 0.011512 0.001814 0.021619 0.000015
0 0.012141 0.001104 0.020362 0.000009
0 0.011477 0.001776 0.021690 0.000016
0 0.011465 0.001811 0.021713 0.000011
0 0.011260 0.001806 0.022122 0.000014
0 0.011754 0.001923 0.021135 0.000015
0 0.011955 0.001930 0.020733 0.000014
0 0.012049 0.001794 0.020544 0.000017
0 0.012055 0.001795 0.020532 0.000014
0 0.012219 0.001690 0.020204 0.000011
0 0.012148 0.001731 0.020347 0.000016
0 0.011736 0.001821 0.021170 0.000009
0 0.012147 0.001157 0.020348 0.000010
0 0.012140 0.001094 0.020364 0.000008
0 0.011168 0.000920 0.022306 0.000009
0 0.011881 0.000884 0.020881 0.000013
0 0.011796 0.001045 0.021050 0.000013
0 0.011807 0.000908 0.021028 0.000015
0 0.011764 0.000896 0.021115 0.000017
0 0.011720 0.000892 0.021203 0.000009
0 0.011620 0.000766 0.021404 0.000017
0 0.011552 0.001016 0.021540 0.000013
0 0.011545 0.001016 0.021554 0.000013
0 0.011516 0.001009 0.021610 0.000015
0 0.011485 0.001048 0.021674 0.000013
0 0.011481 0.001037 0.021681 0.000017
0 0.012182 0.001960 0.020279 0.000014
0 0.012197 0.002024 0.020248 0.000016
0 0.012195 0.002042 0.020253 0.000014
0 0.011617 0.000784 0.021409 0.000017
0 0.011761 0.000920 0.021120 0.000014
0 0.011737 0.000900 0.021168 0.000012
0 0.011731 0.001060 0.021182 0.000010
0 0.011699 0.000888 0.021245 0.000010
0 0.011687 0.000917 0.021268 0.000007
0 0.011691 0.000828 0.021261 0.000009
0 0.011691 0.000837 0.021260 0.000009
0 0.011690 0.000852 0.021262 0.000009
0 0.011646 0.000747 0.021351 0.000016
0 0.011646 0.000853 0.021350 0.000024
0 0.011644 0.000899 0.021355 0.000026
0 0.011583 0.000896 0.021476 0.000016
0 0.011809 0.000949 0.021025 0.000017
0 0.011589 0.000980 0.021466 0.000017
0 0.011597 0.000905 0.021449 0.000008
0 0.011535 0.000769 0.021574 0.000017
0 0.011504 0.000755 0.021635 0.000015
0 0.011469 0.000891 0.021704 0.000010
0 0.011455 0.000841 0.021734 0.000019
0 0.011465 0.000783 0.021714 0.000014
0 0.011431 0.000664 0.021780 0.000016
0 0.011453 0.000652 0.021737 0.000015
0 0.011444 0.000592 0.021755 0.000008
0 0.011435 0.000589 0.021773 0.000010
0 0.011749 0.000947 0.021145 0.000018
0 0.011797 0.000948 0.021049 0.000016
0 0.012161 0.001996 0.020321 0.000013
0 0.011991 0.000825 0.020661 0.000020
0 0.012139 0.000814 0.020365 0.000009
0 0.012134 0.000884 0.020374 0.000008
0 0.012170 0.000767 0.020304 0.000009
0 0.012180 0.000644 0.020282 0.000017
0 0.012173 0.000661 0.020298 0.000013
0 0.012195 0.000559 0.020252 0.000015
0 0.012139 0.000558 0.020364 0.000013
0 0.012135 0.000558 0.020374 0.000018
0 0.012143 0.000593 0.020356 0.000010
0 0.012058 0.000786 0.020528 0.000017
0 0.011997 0.000874 0.020650 0.000009
0 0.011982 0.001045 0.020679 0.000017
0 0.011795 0.000931 0.021052 0.000015
0 0.011981 0.000919 0.020680 0.000015
0 0.011947 0.001029 0.020749 0.000016
0 0.011909 0.000958 0.020826 0.000018
0 0.011886 0.001001 0.020871 0.000011
0 0.011908 0.000941 0.020826 0.000016
0 0.011877 0.000904 0.020889 0.000016
0 0.011842 0.000981 0.020958 0.000010
0 0.011827 0.000977 0.020989 0.000010
0 0.011817 0.001027 0.021009 0.000016
0 0.011851 0.001012 0.020940 0.000017
0 0.011836 0.001097 0.020971 0.000011
0 0.011385 0.000607 0.021872 0.000015
0 0.011374 0.000685 0.021894 0.000015
0 0.011359 0.000548 0.021925 0.000017
0 0.011896 0.001683 0.020851 0.000016
0 0.011968 0.000407 0.020708 0.000010
0 0.011976 0.000411 0.020691 0.000011
0 0.011785 0.000489 0.021072 0.000017
0 0.011770 0.000490 0.021103 0.000015
0 0.011742 0.000462 0.021160 0.000018
0 0.011747 0.000450 0.021149 0.000018
0 0.011421 0.000377 0.021801 0.000019
0 0.011209 0.000550 0.022225 0.000016
0 0.011946 0.001668 0.020752 0.000017
0 0.011900 0.001747 0.020842 0.000017
0 0.011881 0.001719 0.020881 0.000015
0 0.011766 0.002106 0.021111 0.000009
0 0.011318 0.000538 0.022008 0.000015
0 0.011766 0.002099 0.021111 0.000009
0 0.011838 0.002199 0.020967 0.000016
0 0.011846 0.002200 0.020951 0.000014
0 0.011862 0.002200 0.020919 0.000018
0 0.011898 0.002138 0.020847 0.000012
0 0.012036 0.002110 0.020570 0.000015
0 0.012093 0.002139 0.020458 0.000010
0 0.012112 0.002043 0.020418 0.000017
0 0.012139 0.001981 0.020366 0.000017
0 0.012172 0.002022 0.020298 0.000009
0 0.012163 0.002018 0.020317 0.000010
0 0.011935 0.000509 0.020772 0.000020
0 0.011937 0.000525 0.020768 0.000019
0 0.011876 0.000542 0.020891 0.000010
0 0.011915 0.000763 0.020812 0.000010
0 0.011326 0.000543 0.021990 0.000008
0 0.011304 0.000555 0.022035 0.000012
0 0.011239 0.000592 0.022166 0.000016
0 0.011237 0.000607 0.022168 0.000016
0 0.011235 0.000623 0.022172 0.000017
0 0.011248 0.000595 0.022147 0.000019
0 0.011217 0.000556 0.022209 0.000014
0 0.011557 0.000534 0.021529 0.000009
0 0.011496 0.000679 0.021651 0.000017
0 0.011491 0.000664 0.021660 0.000017
0 0.011545 0.000692 0.021552 0.000015
0 0.011658 0.000557 0.021327 0.000010
0 0.011645 0.000599 0.021354 0.000016
0 0.011659 0.000464 0.021324 0.000010
0 0.011757 0.000515 0.021129 0.000011
0 0.011747 0.000512 0.021149 0.000010
0 0.011737 0.000509 0.021169 0.000009
0 0.011777 0.000520 0.021089 0.000010
0 0.011787 0.000524 0.021068 0.000012
0 0.011781 0.000774 0.021081 0.000017
0 0.011804 0.000664 0.021034 0.000010
0 0.011895 0.000545 0.020853 0.000009
0 0.011913 0.000705 0.020817 0.000017
0 0.015755 0.000155 0.030990 0.000027