0 0.011329 0.001838 0.021984 0.000018
0 0.011075 0.000891 0.018029 0.000018
0 0.010900 0.000888 0.018379 0.000022
0 0.010895 0.000898 0.018388 0.000023
0 0.010906 0.000918 0.018366 0.000023
0 0.010912 0.000871 0.018354 0.000019
0 0.010924 0.000880 0.018330 0.000025
0 0.010943 0.000752 0.018292 0.000017
0 0.010982 0.000705 0.018214 0.000015
0 0.010992 0.000719 0.018195 0.000017
0 0.010993 0.000870 0.018192 0.000014
0 0.011001 0.000877 0.018177 0.000013
0 0.011003 0.000884 0.018172 0.000014
0 0.011010 0.000891 0.018159 0.000012
0 0.011015 0.000900 0.018149 0.000012
0 0.011017 0.000736 0.018144 0.000018
0 0.010902 0.000947 0.018374 0.000022
0 0.011009 0.000722 0.018160 0.000020
0 0.011005 0.000716 0.018168 0.000020
0 0.011012 0.000729 0.018155 0.000021
0 0.011022 0.000745 0.018135 0.000022
0 0.011027 0.000752 0.018125 0.000018
0 0.011035 0.000760 0.018109 0.000021
0 0.011040 0.000769 0.018098 0.000017
0 0.011043 0.000776 0.018092 0.000023
0 0.011048 0.000781 0.018082 0.000018
0 0.011052 0.000787 0.018075 0.000021
0 0.011056 0.000795 0.018066 0.000022
0 0.011061 0.000802 0.018057 0.000020
0 0.011065 0.000807 0.018048 0.000022
0 0.010913 0.000943 0.018353 0.000018
0 0.010890 0.000930 0.018399 0.000024
0 0.011337 0.001841 0.021968 0.000020
0 0.010357 0.000923 0.019465 0.000053
0 0.004727 0.001300 0.008404 0.000052
0 0.004713 0.001279 0.008432 0.000051
0 0.004702 0.001410 0.008453 0.000096
0 0.004673 0.001367 0.008510 0.000096
0 0.010146 0.001368 0.019886 0.000043
0 0.010117 0.001155 0.019944 0.000021
0 0.010111 0.001147 0.019956 0.000026
0 0.010215 0.000713 0.019749 0.000045
0 0.010336 0.000848 0.019506 0.000016
0 0.010323 0.000833 0.019532 0.000019
0 0.010319 0.000825 0.019541 0.000020
0 0.010283 0.000773 0.019613 0.000021
0 0.010287 0.000780 0.019604 0.000019
0 0.010800 0.000773 0.018578 0.000016
0 0.010890 0.000910 0.018398 0.000018
0 0.010807 0.000808 0.018564 0.000021
0 0.010815 0.000794 0.018548 0.000018
0 0.010942 0.000692 0.018294 0.000016
0 0.010946 0.000687 0.018287 0.000016
0 0.010915 0.000910 0.018349 0.000019
0 0.010918 0.000936 0.018342 0.000016
0 0.010888 0.000942 0.018403 0.000015
0 0.010883 0.000953 0.018412 0.000017
0 0.010947 0.000965 0.018285 0.000024
0 0.010950 0.001049 0.018279 0.000020
0 0.010956 0.001033 0.018267 0.000017
0 0.010976 0.001000 0.018227 0.000021
0 0.010877 0.000964 0.018425 0.000021
0 0.011073 0.000820 0.018032 0.000023
0 0.011078 0.000826 0.018023 0.000021
0 0.011082 0.000833 0.018015 0.000019
0 0.010367 0.000340 0.019444 0.000046
0 0.010692 0.000506 0.018794 0.000021
0 0.010739 0.000575 0.018700 0.000045
0 0.010371 0.000600 0.019436 0.000021
0 0.010376 0.000613 0.019427 0.000026
0 0.010362 0.000599 0.019455 0.000030
0 0.010355 0.000591 0.019469 0.000029
0 0.010203 0.000530 0.019772 0.000056
0 0.010587 0.000301 0.019005 0.000044
0 0.010505 0.000071 0.019168 0.000019
0 0.010500 0.000085 0.019178 0.000025
0 0.010496 0.000094 0.019186 0.000024
0 0.010487 0.000346 0.019205 0.000036
0 0.010481 0.000336 0.019216 0.000033
0 0.010349 0.000314 0.019480 0.000047
0 0.011085 0.000840 0.018009 0.000022
0 0.010358 0.000164 0.019463 0.000052
0 0.010333 0.000129 0.019512 0.000052
0 0.010328 0.000119 0.019522 0.000051
0 0.010221 0.000379 0.019736 0.000025
0 0.010215 0.000369 0.019749 0.000024
0 0.010209 0.000361 0.019760 0.000024
0 0.010198 0.000343 0.019783 0.000022
0 0.010189 0.000275 0.019800 0.000021
0 0.010195 0.000263 0.019789 0.000022
0 0.010199 0.000252 0.019780 0.000022
0 0.010148 0.000421 0.019882 0.000032
0 0.010128 0.000413 0.019923 0.000051
0 0.010116 0.000395 0.019947 0.000052
0 0.010760 0.000504 0.018659 0.000026
0 0.010744 0.000661 0.018690 0.000024
0 0.010729 0.000692 0.018720 0.000023
0 0.010741 0.000475 0.018696 0.000025
0 0.011062 0.000915 0.018054 0.000023
0 0.011040 0.000947 0.018098 0.000026
0 0.011030 0.000972 0.018119 0.000026
0 0.011027 0.000964 0.018125 0.000018
0 0.011021 0.000960 0.018137 0.000023
0 0.011016 0.000951 0.018146 0.000020
0 0.011010 0.000946 0.018158 0.000021
0 0.011002 0.000933 0.018175 0.000019
0 0.010997 0.000926 0.018185 0.000018
0 0.010991 0.000921 0.018197 0.000021
0 0.010987 0.000911 0.018206 0.000021
0 0.010983 0.000904 0.018212 0.000018
0 0.010978 0.000897 0.018222 0.000018
0 0.010973 0.000888 0.018232 0.000021
0 0.010968 0.000884 0.018243 0.000023
0 0.010962 0.000876 0.018254 0.000022
0 0.010958 0.000869 0.018262 0.000022
0 0.010953 0.000862 0.018272 0.000019
0 0.010950 0.000854 0.018279 0.000019
0 0.010944 0.000848 0.018290 0.000022
0 0.010940 0.000840 0.018299 0.000021
0 0.010927 0.000823 0.018324 0.000020
0 0.010941 0.000786 0.018297 0.000023
0 0.010948 0.000746 0.018283 0.000018
0 0.010955 0.000664 0.018269 0.000020
0 0.010941 0.000763 0.018298 0.000018
0 0.010600 0.000558 0.018978 0.000020
0 0.004742 0.001320 0.008374 0.000052
0 0.004756 0.001342 0.008346 0.000052
0 0.004736 0.001227 0.008386 0.000052
0 0.011447 0.000842 0.021748 0.000017
0 0.012010 0.000966 0.020623 0.000015
0 0.011897 0.001030 0.020849 0.000016
0 0.011886 0.001044 0.020871 0.000017
0 0.010733 0.001088 0.018713 0.000056
0 0.011732 0.001231 0.021179 0.000019
0 0.011414 0.000961 0.021814 0.000018
0 0.011376 0.001131 0.021890 0.000019
0 0.011241 0.001166 0.022161 0.000016
0 0.010095 0.001274 0.019989 0.000030
0 0.010106 0.001270 0.019968 0.000032
0 0.011338 0.000528 0.021968 0.000019
0 0.011330 0.000544 0.021982 0.000018
0 0.011360 0.000536 0.021924 0.000018
0 0.011521 0.000667 0.021602 0.000016
0 0.011887 0.000101 0.020869 0.000016
0 0.011575 0.000492 0.021492 0.000018
0 0.011713 0.000654 0.021216 0.000016
0 0.011834 0.000486 0.020975 0.000018
0 0.011851 0.000758 0.020940 0.000017
0 0.012059 0.000903 0.020526 0.000016
0 0.012032 0.000859 0.020579 0.000018
0 0.012035 0.000890 0.020573 0.000018
0 0.012037 0.000850 0.020568 0.000017
0 0.012052 0.000711 0.020540 0.000018
0 0.012062 0.000469 0.020519 0.000017
0 0.012055 0.000895 0.020534 0.000017
0 0.011988 0.000324 0.020667 0.000022
0 0.011934 0.000245 0.020776 0.000018
0 0.012043 0.001051 0.020556 0.000018
0 0.012085 0.001007 0.020473 0.000015
0 0.012072 0.000928 0.020499 0.000021
0 0.012061 0.000946 0.020521 0.000018
0 0.011410 0.001878 0.021824 0.000017
0 0.012131 0.001794 0.020381 0.000019
0 0.012135 0.001801 0.020373 0.000018
0 0.012213 0.001255 0.020218 0.000015
0 0.012222 0.001250 0.020198 0.000018
0 0.012240 0.001180 0.020162 0.000015
0 0.012237 0.001175 0.020170 0.000015
0 0.012232 0.001170 0.020178 0.000016
0 0.012228 0.001164 0.020187 0.000016
0 0.012225 0.001158 0.020194 0.000017
0 0.012221 0.001152 0.020201 0.000017
0 0.012217 0.001144 0.020210 0.000017
0 0.012213 0.001138 0.020218 0.000017
0 0.012209 0.001133 0.020225 0.000015
0 0.012174 0.001267 0.020295 0.000017
0 0.012211 0.001302 0.020220 0.000012
0 0.012112 0.001306 0.020419 0.000009
0 0.012132 0.001251 0.020379 0.000018
0 0.012148 0.001308 0.020348 0.000008
0 0.012151 0.001043 0.020340 0.000013
0 0.012145 0.001036 0.020353 0.000016
0 0.012079 0.001025 0.020486 0.000015
0 0.012082 0.001016 0.020479 0.000015
0 0.012068 0.001006 0.020507 0.000015
0 0.012055 0.000939 0.020532 0.000020
0 0.012051 0.000932 0.020540 0.000017
0 0.012047 0.000922 0.020548 0.000017
0 0.011884 0.000096 0.020875 0.000017
0 0.011894 0.000050 0.020856 0.000018
0 0.004750 0.001248 0.008357 0.000052
0 0.010674 0.001236 0.018830 0.000046
0 0.010983 0.001934 0.018213 0.000054
0 0.010639 0.001423 0.018901 0.000040
0 0.010608 0.001442 0.018962 0.000017
0 0.010846 0.001241 0.018487 0.000023
0 0.010784 0.001138 0.018611 0.000022
0 0.010733 0.001105 0.018713 0.000046
0 0.010731 0.001140 0.018716 0.000029
0 0.010715 0.001143 0.018749 0.000049
0 0.010719 0.001162 0.018741 0.000032
0 0.010712 0.001173 0.018755 0.000029
0 0.010694 0.001198 0.018790 0.000049
0 0.010688 0.001213 0.018803 0.000045
0 0.010679 0.001227 0.018820 0.000046
0 0.010672 0.001252 0.018834 0.000043
0 0.010641 0.000226 0.018897 0.000027
0 0.010678 0.001271 0.018822 0.000028
0 0.010659 0.001272 0.018861 0.000045
0 0.010654 0.001286 0.018870 0.000045
0 0.010654 0.001306 0.018871 0.000048
0 0.010644 0.001311 0.018890 0.000048
0 0.010652 0.001337 0.018874 0.000030
0 0.010632 0.001327 0.018914 0.000023
0 0.010647 0.001075 0.018886 0.000051
0 0.010592 0.001209 0.018994 0.000052
0 0.010584 0.001219 0.019010 0.000052
0 0.010578 0.001232 0.019022 0.000049
0 0.004779 0.001290 0.008300 0.000053
0 0.004765 0.001269 0.008328 0.000051
0 0.011008 0.001981 0.018163 0.000053
0 0.011013 0.001992 0.018153 0.000052
0 0.011023 0.002007 0.018133 0.000052
0 0.010967 0.001908 0.018245 0.000051
0 0.010601 0.000297 0.018976 0.000025
0 0.010488 0.000109 0.019202 0.000022
0 0.011248 0.000035 0.022146 0.000017
0 0.011243 0.000037 0.022157 0.000018
0 0.011228 0.000044 0.022187 0.000019
0 0.011730 0.000443 0.021183 0.000016
0 0.011727 0.000450 0.021189 0.000016
0 0.011749 0.000164 0.021145 0.000015
0 0.011718 0.000504 0.021207 0.000018
0 0.011726 0.000485 0.021191 0.000019
0 0.011748 0.000443 0.021146 0.000018
0 0.002916 0.001752 0.003096 0.000049
0 0.002892 0.001804 0.003144 0.000049
0 0.002859 0.001866 0.003210 0.000064
0 0.002827 0.001935 0.003274 0.000064
0 0.002763 0.002041 0.003402 0.000117
0 0.002710 0.002163 0.003509 0.000116
0 0.011009 0.002144 0.018161 0.000032
0 0.010296 0.001870 0.019586 0.000019
0 0.010303 0.001852 0.019572 0.000015
0 0.010301 0.001861 0.019576 0.000015
0 0.010922 0.001956 0.018334 0.000058
0 0.010938 0.001979 0.018302 0.000059
0 0.010953 0.002001 0.018273 0.000061
0 0.010962 0.002014 0.018255 0.000057
0 0.010970 0.002024 0.018240 0.000058
0 0.010978 0.002036 0.018223 0.000062
0 0.010106 0.000377 0.019968 0.000050