0 0.011731 0.001832 0.021180 0.000027
0 0.011290 0.000474 0.022063 0.000033
0 0.011436 0.000358 0.021771 0.000018
0 0.011398 0.000529 0.021848 0.000032
0 0.011371 0.000521 0.021900 0.000032
0 0.011334 0.000497 0.021975 0.000038
0 0.011318 0.000490 0.022007 0.000036
0 0.011309 0.000488 0.022024 0.000035
0 0.011296 0.000476 0.022050 0.000030
0 0.011258 0.000461 0.022126 0.000032
0 0.011281 0.000212 0.022082 0.000015
0 0.011273 0.000324 0.022096 0.000021
0 0.011272 0.000305 0.022098 0.000017
0 0.011279 0.000255 0.022085 0.000015
0 0.010247 0.000073 0.019684 0.000044
0 0.010736 0.001698 0.018707 0.000043
0 0.011780 0.001831 0.021082 0.000035
0 0.011775 0.001831 0.021093 0.000032
0 0.011435 0.000336 0.021772 0.000020
0 0.011288 0.000141 0.022066 0.000015
0 0.011765 0.001795 0.021112 0.000034
0 0.011500 0.000606 0.021643 0.000018
0 0.011928 0.000392 0.020787 0.000035
0 0.011745 0.000182 0.021153 0.000018
0 0.011734 0.000211 0.021174 0.000040
0 0.011492 0.000408 0.021659 0.000030
0 0.011474 0.000480 0.021694 0.000037
0 0.011488 0.000491 0.021667 0.000035
0 0.011505 0.000526 0.021633 0.000017
0 0.011502 0.000585 0.021639 0.000020
0 0.011288 0.000116 0.022068 0.000018
0 0.011504 0.000549 0.021635 0.000018
0 0.011331 0.000055 0.021981 0.000017
0 0.011326 0.000099 0.021992 0.000018
0 0.011318 0.000156 0.022007 0.000020
0 0.011313 0.000257 0.022018 0.000017
0 0.011313 0.000276 0.022018 0.000018
0 0.011314 0.000294 0.022014 0.000017
0 0.011769 0.001829 0.021106 0.000035
0 0.010277 0.000878 0.019624 0.000037
0 0.011873 0.000793 0.020897 0.000015
0 0.010609 0.000403 0.018961 0.000039
0 0.010156 0.000346 0.019867 0.000022
0 0.010160 0.000272 0.019858 0.000023
0 0.010164 0.000195 0.019851 0.000024
0 0.010891 0.001985 0.018396 0.000024
0 0.010865 0.001682 0.018449 0.000026
0 0.010607 0.000452 0.018966 0.000032
0 0.010606 0.000424 0.018966 0.000035
0 0.010606 0.000375 0.018967 0.000034
0 0.010159 0.000467 0.019861 0.000040
0 0.010610 0.000350 0.018959 0.000035
0 0.010542 0.000405 0.019095 0.000068
0 0.010543 0.000338 0.019092 0.000066
0 0.010987 0.001976 0.018205 0.000097
0 0.011003 0.001787 0.018173 0.000068
0 0.011013 0.001794 0.018154 0.000069
0 0.011022 0.001798 0.018135 0.000071
0 0.010147 0.000379 0.019885 0.000021
0 0.010165 0.000470 0.019848 0.000043
0 0.010940 0.000686 0.018298 0.000034
0 0.010200 0.000202 0.019779 0.000021
0 0.010170 0.000167 0.019838 0.000019
0 0.010172 0.000096 0.019835 0.000026
0 0.010190 0.000411 0.019799 0.000024
0 0.010193 0.000391 0.019793 0.000019
0 0.010198 0.000355 0.019783 0.000019
0 0.010197 0.000314 0.019785 0.000021
0 0.010195 0.000235 0.019789 0.000018
0 0.010199 0.000177 0.019781 0.000021
0 0.010186 0.000483 0.019807 0.000045
0 0.010203 0.000137 0.019773 0.000021
0 0.010210 0.000077 0.019758 0.000027
0 0.010267 0.000520 0.019645 0.000044
0 0.010251 0.000515 0.019677 0.000036
0 0.010237 0.000505 0.019705 0.000041
0 0.010230 0.000503 0.019718 0.000044
0 0.010209 0.000491 0.019761 0.000042
0 0.011902 0.000552 0.020838 0.000023
0 0.011949 0.000405 0.020745 0.000036
0 0.011959 0.001355 0.020725 0.000018
0 0.011996 0.001911 0.020651 0.000021
0 0.011046 0.001813 0.018086 0.000047
0 0.012039 0.001933 0.020565 0.000021
0 0.012016 0.001887 0.020612 0.000019
0 0.012001 0.001831 0.020642 0.000020
0 0.011999 0.001851 0.020646 0.000021
0 0.011997 0.001872 0.020649 0.000021
0 0.011994 0.001889 0.020655 0.000020
0 0.011995 0.001929 0.020652 0.000022
0 0.011959 0.001374 0.020725 0.000016
0 0.011981 0.001971 0.020682 0.000033
0 0.011988 0.001826 0.020667 0.000021
0 0.011987 0.001846 0.020668 0.000015
0 0.011978 0.001574 0.020686 0.000021
0 0.011965 0.001626 0.020713 0.000021
0 0.011951 0.001616 0.020741 0.000020
0 0.011930 0.001649 0.020783 0.000037
0 0.011957 0.001518 0.020730 0.000025
0 0.011953 0.001445 0.020736 0.000021
0 0.011979 0.001426 0.020686 0.000023
0 0.011934 0.000302 0.020775 0.000029
0 0.011993 0.001643 0.020656 0.000032
0 0.011872 0.001297 0.020898 0.000031
0 0.012016 0.000969 0.020612 0.000032
0 0.012006 0.001054 0.020632 0.000028
0 0.012151 0.000976 0.020341 0.000015
0 0.012153 0.000932 0.020337 0.000017
0 0.012253 0.001049 0.020136 0.000038
0 0.011512 0.000419 0.021620 0.000032
0 0.011952 0.001464 0.020738 0.000021
0 0.011823 0.001441 0.020997 0.000032
0 0.011817 0.001438 0.021009 0.000036
0 0.011954 0.001423 0.020734 0.000015
0 0.011998 0.001691 0.020647 0.000015
0 0.012004 0.001479 0.020634 0.000034
0 0.010894 0.001321 0.018391 0.000017
0 0.011977 0.001450 0.020688 0.000021
0 0.011721 0.001829 0.021201 0.000037
0 0.011976 0.001472 0.020691 0.000027
0 0.012052 0.000528 0.020538 0.000037
0 0.012225 0.000077 0.020193 0.000036
0 0.012270 0.000109 0.020103 0.000031
0 0.012259 0.000100 0.020125 0.000032
0 0.012254 0.000097 0.020135 0.000035
0 0.012248 0.000093 0.020146 0.000034
0 0.012243 0.000088 0.020157 0.000032
0 0.012237 0.000082 0.020169 0.000034
0 0.012231 0.000081 0.020181 0.000032
0 0.012219 0.000074 0.020204 0.000036
0 0.012063 0.000471 0.020517 0.000017
0 0.012213 0.000067 0.020216 0.000040
0 0.012208 0.000058 0.020226 0.000039
0 0.012197 0.000043 0.020249 0.000034
0 0.012218 0.000760 0.020207 0.000022
0 0.012221 0.000710 0.020201 0.000028
0 0.012146 0.000508 0.020350 0.000021
0 0.012046 0.000629 0.020551 0.000032
0 0.012062 0.000490 0.020519 0.000019
0 0.012058 0.000341 0.020526 0.000032
0 0.011993 0.001366 0.020658 0.000037
0 0.011861 0.001353 0.020922 0.000037
0 0.011994 0.001474 0.020655 0.000036
0 0.011988 0.001469 0.020666 0.000034
0 0.011931 0.001490 0.020781 0.000025
0 0.011954 0.001408 0.020735 0.000030
0 0.011961 0.001340 0.020721 0.000023
0 0.011868 0.001615 0.020907 0.000039
0 0.011857 0.001610 0.020928 0.000039
0 0.011850 0.001306 0.020943 0.000024
0 0.011568 0.001255 0.021507 0.000038
0 0.011851 0.001288 0.020940 0.000025
0 0.011584 0.001381 0.021474 0.000017
0 0.011572 0.001611 0.021500 0.000019
0 0.011579 0.001478 0.021486 0.000021
0 0.011579 0.001459 0.021484 0.000018
0 0.011579 0.001443 0.021484 0.000019
0 0.011583 0.001400 0.021477 0.000021
0 0.010139 0.000413 0.019900 0.000034