0 0.011896 0.001388 0.020850 0.000031
0 0.010704 0.001406 0.018770 0.000051
0 0.010641 0.001895 0.018897 0.000049
0 0.011268 0.000175 0.022107 0.000040
0 0.011485 0.000543 0.021672 0.000039
0 0.011495 0.000560 0.021652 0.000034
0 0.011504 0.000580 0.021636 0.000036
0 0.011513 0.000595 0.021617 0.000031
0 0.011494 0.000632 0.021656 0.000037
0 0.011484 0.000613 0.021675 0.000039
0 0.011478 0.000591 0.021687 0.000036
0 0.011470 0.000572 0.021703 0.000034
0 0.011476 0.000534 0.021691 0.000033
0 0.011466 0.000546 0.021710 0.000036
0 0.011456 0.000561 0.021731 0.000044
0 0.011445 0.000573 0.021753 0.000040
0 0.011435 0.000589 0.021772 0.000040
0 0.011425 0.000603 0.021793 0.000040
0 0.011413 0.000620 0.021818 0.000038
0 0.011409 0.000644 0.021824 0.000036
0 0.011438 0.000615 0.021767 0.000042
0 0.011426 0.000647 0.021791 0.000038
0 0.011700 0.000162 0.021242 0.000047
0 0.010771 0.000516 0.018636 0.000048
0 0.012146 0.000260 0.020350 0.000046
0 0.012085 0.000934 0.020473 0.000036
0 0.012067 0.000943 0.020510 0.000036
0 0.012058 0.000962 0.020528 0.000041
0 0.012062 0.001015 0.020519 0.000041
0 0.010740 0.001454 0.018699 0.000046
0 0.010755 0.001465 0.018669 0.000054
0 0.012083 0.001100 0.020478 0.000042
0 0.010735 0.001417 0.018709 0.000045
0 0.010532 0.001031 0.019115 0.000080
0 0.010545 0.001015 0.019089 0.000076
0 0.010635 0.000947 0.018908 0.000080
0 0.010652 0.000967 0.018874 0.000074
0 0.010658 0.000994 0.018862 0.000076
0 0.010663 0.001022 0.018853 0.000070
0 0.010674 0.001041 0.018830 0.000079
0 0.010674 0.001068 0.018830 0.000082
0 0.010690 0.001088 0.018799 0.000081
0 0.010688 0.001121 0.018802 0.000084
0 0.010692 0.001146 0.018795 0.000099
0 0.010762 0.001157 0.018654 0.000063
0 0.010752 0.001184 0.018675 0.000058
0 0.010735 0.001196 0.018709 0.000064
0 0.010723 0.001210 0.018732 0.000069
0 0.010709 0.001223 0.018761 0.000067
0 0.010693 0.001242 0.018793 0.000069
0 0.010681 0.001263 0.018816 0.000067
0 0.010668 0.001279 0.018842 0.000063
0 0.010655 0.001294 0.018869 0.000069
0 0.010643 0.001313 0.018893 0.000064
0 0.010629 0.001332 0.018921 0.000065
0 0.010774 0.001508 0.018632 0.000042
0 0.010753 0.001554 0.018673 0.000105
0 0.010791 0.001524 0.018596 0.000053
0 0.010748 0.001499 0.018683 0.000052
0 0.010766 0.001541 0.018647 0.000052
0 0.012072 0.001058 0.020500 0.000040
0 0.012111 0.001045 0.020420 0.000029
0 0.011891 0.001376 0.020861 0.000030
0 0.011745 0.001853 0.021152 0.000042
0 0.010585 0.001642 0.019008 0.000050
0 0.010611 0.001713 0.018957 0.000051
0 0.010629 0.001756 0.018921 0.000045
0 0.011761 0.001797 0.021121 0.000037
0 0.011766 0.001729 0.021111 0.000033
0 0.010683 0.001727 0.018813 0.000054
0 0.010698 0.001776 0.018784 0.000052
0 0.011515 0.000993 0.021614 0.000027
0 0.011217 0.001793 0.022208 0.000043
0 0.010782 0.000448 0.018615 0.000072
0 0.010765 0.000385 0.018649 0.000064
0 0.012199 0.001619 0.020245 0.000031
0 0.012218 0.001683 0.020207 0.000027
0 0.012230 0.001726 0.020184 0.000029
0 0.012237 0.001746 0.020168 0.000023
0 0.012250 0.001786 0.020144 0.000023
0 0.012244 0.001766 0.020155 0.000020
0 0.011601 0.000632 0.021442 0.000037
0 0.010759 0.001438 0.018660 0.000046
0 0.010782 0.001431 0.018615 0.000042
0 0.010729 0.001556 0.018720 0.000043
0 0.010736 0.001572 0.018706 0.000040
0 0.010822 0.001436 0.018534 0.000044
0 0.010833 0.002166 0.018512 0.000043
0 0.010828 0.002138 0.018523 0.000043
0 0.010646 0.001663 0.018887 0.000056
0 0.010630 0.001620 0.018919 0.000054
0 0.010571 0.001596 0.019038 0.000045
0 0.011732 0.001816 0.021179 0.000039
0 0.012121 0.001084 0.020401 0.000036
0 0.011719 0.001777 0.021204 0.000043
0 0.012131 0.001123 0.020380 0.000029
0 0.012136 0.001141 0.020371 0.000029
0 0.012160 0.001424 0.020322 0.000032
0 0.012170 0.000849 0.020302 0.000042
0 0.012191 0.000867 0.020261 0.000042
0 0.012189 0.001031 0.020266 0.000031
0 0.011081 0.001080 0.018017 0.000046
0 0.012223 0.001273 0.020197 0.000041
0 0.011722 0.001405 0.021200 0.000038
0 0.010575 0.001477 0.019029 0.000043
0 0.011585 0.001553 0.021473 0.000047
0 0.011556 0.001577 0.021530 0.000049
0 0.011532 0.001615 0.021579 0.000045
0 0.011486 0.001664 0.021670 0.000041
0 0.011455 0.001702 0.021733 0.000045
0 0.011451 0.001660 0.021740 0.000044
0 0.011462 0.001646 0.021718 0.000044
0 0.011479 0.001625 0.021686 0.000047
0 0.011500 0.001596 0.021642 0.000044
0 0.011451 0.001532 0.021740 0.000045
0 0.011484 0.001499 0.021676 0.000046
0 0.011472 0.001343 0.021699 0.000043
0 0.011632 0.001560 0.021378 0.000038
0 0.011702 0.001745 0.021240 0.000036
0 0.011685 0.001973 0.021273 0.000040
0 0.011693 0.001995 0.021258 0.000036
0 0.011713 0.001761 0.021218 0.000038
0 0.010517 0.001044 0.019144 0.000077