0 0.011216 0.000266 0.022211 0.000013
0 0.011931 0.000138 0.020780 0.000011
0 0.011921 0.000128 0.020802 0.000011
0 0.011921 0.000120 0.020802 0.000012
0 0.011918 0.000114 0.020806 0.000011
0 0.011917 0.000107 0.020809 0.000011
0 0.011923 0.000090 0.020798 0.000010
0 0.011924 0.000097 0.020795 0.000011
0 0.011925 0.000104 0.020794 0.000010
0 0.011926 0.000111 0.020791 0.000011
0 0.011929 0.000116 0.020785 0.000011
0 0.011929 0.000125 0.020786 0.000011
0 0.011934 0.000152 0.020776 0.000011
0 0.011924 0.000140 0.020795 0.000011
0 0.011928 0.000169 0.020786 0.000011
0 0.011936 0.000216 0.020771 0.000011
0 0.011945 0.000213 0.020753 0.000010
0 0.011935 0.000210 0.020774 0.000011
0 0.011930 0.000175 0.020783 0.000012
0 0.011941 0.000080 0.020760 0.000011
0 0.011940 0.000073 0.020763 0.000011
0 0.011947 0.000070 0.020749 0.000012
0 0.011961 0.000189 0.020721 0.000011
0 0.011949 0.000077 0.020746 0.000012
0 0.011923 0.000135 0.020796 0.000011
0 0.011924 0.000148 0.020795 0.000013
0 0.011938 0.000171 0.020766 0.000011
0 0.011362 0.000463 0.021919 0.000012
0 0.012215 0.000680 0.020212 0.000016
0 0.012225 0.000730 0.020193 0.000015
0 0.012231 0.000714 0.020180 0.000012
0 0.012082 0.000575 0.020480 0.000012
0 0.012222 0.000105 0.020198 0.000013
0 0.012218 0.000100 0.020207 0.000018
0 0.012127 0.000251 0.020389 0.000012
0 0.012141 0.000257 0.020362 0.000019
0 0.012061 0.000304 0.020521 0.000013
0 0.011373 0.000580 0.021897 0.000018
0 0.011349 0.000563 0.021945 0.000011
0 0.011957 0.000169 0.020729 0.000011
0 0.011346 0.000456 0.021951 0.000013
0 0.011354 0.000487 0.021935 0.000015
0 0.011295 0.000487 0.022053 0.000014
0 0.011283 0.000384 0.022077 0.000012
0 0.011286 0.000476 0.022071 0.000012
0 0.011339 0.000428 0.021965 0.000015
0 0.011193 0.000050 0.022256 0.000012
0 0.011163 0.000069 0.022317 0.000010
0 0.011965 0.000203 0.020714 0.000011
0 0.011962 0.000196 0.020718 0.000012
0 0.011952 0.000090 0.020739 0.000010
0 0.011937 0.000165 0.020769 0.000010
0 0.012203 0.000688 0.020236 0.000016
0 0.011912 0.000207 0.020819 0.000011
0 0.011965 0.000158 0.020714 0.000011
0 0.011962 0.000144 0.020719 0.000011
0 0.011989 0.000084 0.020666 0.000011
0 0.011989 0.000178 0.020665 0.000011
0 0.011987 0.000160 0.020669 0.000010
0 0.011984 0.000154 0.020676 0.000011
0 0.011982 0.000138 0.020680 0.000012
0 0.011980 0.000131 0.020684 0.000013
0 0.011913 0.000087 0.020817 0.000012
0 0.011914 0.000224 0.020814 0.000011
0 0.011908 0.000186 0.020826 0.000011
0 0.012015 0.000043 0.020613 0.000015
0 0.011900 0.000139 0.020842 0.000010
0 0.011899 0.000131 0.020845 0.000009
0 0.011898 0.000124 0.020847 0.000009
0 0.011897 0.000118 0.020849 0.000010
0 0.011893 0.000097 0.020856 0.000010
0 0.011906 0.000180 0.020830 0.000011
0 0.011874 0.000214 0.020895 0.000007
0 0.011550 0.000078 0.021544 0.000016
0 0.011539 0.000146 0.021565 0.000013
0 0.011548 0.000087 0.021547 0.000020
0 0.011968 0.000164 0.020707 0.000010
0 0.012104 0.000185 0.020436 0.000012
0 0.011940 0.000185 0.020762 0.000010
0 0.011969 0.000083 0.020704 0.000011
0 0.011944 0.000205 0.020754 0.000012
0 0.011935 0.000202 0.020772 0.000010
0 0.011951 0.000083 0.020742 0.000011
0 0.011946 0.000108 0.020750 0.000011
0 0.011960 0.000183 0.020722 0.000010
0 0.011968 0.000172 0.020707 0.000010
0 0.011969 0.000184 0.020704 0.000011
0 0.011966 0.000055 0.020711 0.000010
0 0.011966 0.000065 0.020710 0.000012
0 0.011967 0.000074 0.020708 0.000012
0 0.011973 0.000092 0.020697 0.000012
0 0.012111 0.000209 0.020422 0.000014
0 0.011944 0.000094 0.020754 0.000011
0 0.011921 0.000082 0.020800 0.000010
0 0.011916 0.000100 0.020810 0.000011
0 0.011915 0.000093 0.020812 0.000010
0 0.011216 0.000260 0.022210 0.000016
0 0.011199 0.000263 0.022245 0.000014
0 0.011276 0.000133 0.022090 0.000015
0 0.011335 0.000410 0.021974 0.000016
0 0.011328 0.000386 0.021986 0.000016
0 0.011030 0.000256 0.018118 0.000018
0 0.012211 0.000682 0.020221 0.000017
0 0.012207 0.000715 0.020229 0.000011
0 0.011516 0.000047 0.021611 0.000014
0 0.011842 0.001103 0.020959 0.000008
0 0.011744 0.002047 0.021156 0.000016
0 0.011740 0.002082 0.021162 0.000010
0 0.011804 0.002076 0.021034 0.000012
0 0.011321 0.002005 0.022002 0.000018
0 0.012012 0.000968 0.020618 0.000018
0 0.011855 0.000968 0.020933 0.000018
0 0.011849 0.001048 0.020946 0.000016
0 0.011842 0.001069 0.020960 0.000008
0 0.011843 0.001087 0.020957 0.000010
0 0.011842 0.001096 0.020959 0.000009
0 0.011828 0.001163 0.020987 0.000011
0 0.011652 0.002165 0.021340 0.000011
0 0.011879 0.001184 0.020886 0.000011
0 0.011859 0.001177 0.020925 0.000012
0 0.011870 0.001190 0.020902 0.000014
0 0.011886 0.001164 0.020872 0.000012
0 0.011895 0.001087 0.020853 0.000010
0 0.011888 0.001151 0.020866 0.000012
0 0.011931 0.001117 0.020780 0.000011
0 0.011946 0.001126 0.020750 0.000012
0 0.011950 0.001110 0.020743 0.000013
0 0.012001 0.001019 0.020641 0.000013
0 0.011711 0.002152 0.021220 0.000015
0 0.011654 0.002174 0.021335 0.000010
0 0.012043 0.000920 0.020557 0.000015
0 0.011526 0.001950 0.021590 0.000015
0 0.011547 0.002128 0.021549 0.000017
0 0.011543 0.002131 0.021558 0.000017
0 0.011550 0.002125 0.021542 0.000015
0 0.011554 0.002122 0.021535 0.000014
0 0.011558 0.002120 0.021527 0.000015
0 0.011495 0.002162 0.021652 0.000017
0 0.011492 0.002165 0.021660 0.000017
0 0.011532 0.002165 0.021578 0.000012
0 0.011544 0.002154 0.021554 0.000012
0 0.011554 0.002148 0.021535 0.000011
0 0.011527 0.001959 0.021589 0.000018
0 0.011715 0.001994 0.021212 0.000013
0 0.011537 0.001977 0.021568 0.000012
0 0.011507 0.002025 0.021629 0.000015
0 0.011564 0.002154 0.021514 0.000013
0 0.011567 0.002169 0.021509 0.000016
0 0.011563 0.002142 0.021517 0.000011
0 0.011559 0.002072 0.021525 0.000010
0 0.011557 0.002059 0.021529 0.000013
0 0.011655 0.001924 0.021333 0.000011
0 0.011674 0.001921 0.021295 0.000011
0 0.011689 0.001937 0.021265 0.000012
0 0.012042 0.000963 0.020558 0.000018
0 0.012048 0.000919 0.020548 0.000012
0 0.012187 0.000736 0.020269 0.000012
0 0.012161 0.000948 0.020321 0.000013
0 0.012114 0.000921 0.020415 0.000013
0 0.012107 0.000927 0.020429 0.000010
0 0.012072 0.000955 0.020499 0.000012
0 0.012077 0.001018 0.020490 0.000011
0 0.012086 0.001011 0.020471 0.000012
0 0.012118 0.000985 0.020407 0.000011
0 0.012126 0.000976 0.020390 0.000014
0 0.012136 0.000968 0.020370 0.000016
0 0.012134 0.000948 0.020374 0.000014
0 0.012158 0.000931 0.020326 0.000012
0 0.012194 0.000922 0.020256 0.000013
0 0.012132 0.000906 0.020380 0.000012
0 0.012201 0.000915 0.020240 0.000012
0 0.012189 0.000904 0.020265 0.000011
0 0.012214 0.000883 0.020214 0.000012
0 0.012232 0.000845 0.020178 0.000011
0 0.012166 0.000777 0.020310 0.000011
0 0.012166 0.000768 0.020311 0.000012
0 0.012163 0.000756 0.020316 0.000012
0 0.012158 0.000735 0.020327 0.000012
0 0.012166 0.000711 0.020310 0.000014
0 0.012195 0.000737 0.020252 0.000012
0 0.012123 0.000914 0.020396 0.000013
0 0.012140 0.000899 0.020364 0.000012
0 0.012051 0.000917 0.020540 0.000014
0 0.012128 0.001046 0.020387 0.000018
0 0.012012 0.001009 0.020619 0.000012
0 0.012019 0.001004 0.020605 0.000012
0 0.011969 0.001085 0.020704 0.000013
0 0.011978 0.001038 0.020687 0.000015
0 0.012023 0.001039 0.020597 0.000013
0 0.012005 0.001055 0.020634 0.000012
0 0.012053 0.001036 0.020537 0.000014
0 0.012064 0.001028 0.020514 0.000012
0 0.012128 0.001030 0.020388 0.000014
0 0.012135 0.001043 0.020373 0.000016
0 0.012119 0.001053 0.020404 0.000017
0 0.012149 0.000893 0.020345 0.000011
0 0.012064 0.000864 0.020514 0.000010
0 0.012065 0.000871 0.020512 0.000011
0 0.012067 0.000879 0.020510 0.000010
0 0.012069 0.000886 0.020505 0.000012
0 0.012071 0.000896 0.020500 0.000011
0 0.012072 0.000907 0.020500 0.000012
0 0.012072 0.000914 0.020498 0.000010
0 0.012075 0.000921 0.020494 0.000013
0 0.012174 0.000868 0.020294 0.000013
0 0.012159 0.000878 0.020325 0.000016
0 0.011501 0.000037 0.021641 0.000016
0 0.011498 0.000070 0.021646 0.000017
0 0.011345 0.000036 0.021952 0.000015
0 0.010217 0.002000 0.019744 0.000018
0 0.010286 0.001940 0.019606 0.000020
0 0.010283 0.001946 0.019612 0.000021
0 0.010279 0.001951 0.019620 0.000016
0 0.010275 0.001954 0.019629 0.000020
0 0.010271 0.001957 0.019637 0.000020
0 0.010266 0.001961 0.019646 0.000023
0 0.010261 0.001961 0.019656 0.000017
0 0.010253 0.001969 0.019672 0.000022
0 0.010246 0.001977 0.019688 0.000022
0 0.010232 0.001989 0.019716 0.000023
0 0.010212 0.002004 0.019754 0.000022
0 0.010299 0.001931 0.019580 0.000022
0 0.010181 0.002123 0.019816 0.000019
0 0.010193 0.002123 0.019792 0.000026
0 0.010191 0.002194 0.019796 0.000018
0 0.010208 0.002160 0.019763 0.000020
0 0.010212 0.002171 0.019755 0.000017
0 0.010268 0.002192 0.019643 0.000024
0 0.010274 0.002188 0.019631 0.000024
0 0.010278 0.002182 0.019623 0.000031
0 0.010284 0.002183 0.019610 0.000032
0 0.010303 0.002162 0.019572 0.000023
0 0.010294 0.001933 0.019590 0.000022
0 0.010310 0.001973 0.019558 0.000020
0 0.010340 0.002104 0.019499 0.000014
0 0.010188 0.001983 0.019803 0.000018
0 0.010066 0.002103 0.020046 0.000013
0 0.010062 0.002137 0.020055 0.000012
0 0.010113 0.002140 0.019952 0.000012
0 0.010144 0.001992 0.019891 0.000018
0 0.010148 0.001991 0.019882 0.000019
0 0.010154 0.001990 0.019870 0.000017
0 0.010159 0.001992 0.019861 0.000016
0 0.010165 0.001983 0.019848 0.000016
0 0.010175 0.001974 0.019828 0.000018
0 0.010193 0.001980 0.019793 0.000016
0 0.010183 0.001989 0.019812 0.000017
0 0.010315 0.001914 0.019548 0.000020
0 0.010179 0.001993 0.019821 0.000018
0 0.010173 0.001997 0.019833 0.000021
0 0.010167 0.002001 0.019844 0.000021
0 0.010161 0.002007 0.019857 0.000019
0 0.010156 0.002008 0.019866 0.000018
0 0.010150 0.002016 0.019878 0.000022
0 0.010133 0.002180 0.019913 0.000018
0 0.010444 0.002086 0.019291 0.000009
0 0.010441 0.002095 0.019296 0.000011
0 0.010335 0.001899 0.019509 0.000021
0 0.010325 0.002079 0.019529 0.000012
0 0.010351 0.002110 0.019476 0.000013
0 0.010114 0.002174 0.019951 0.000017
0 0.011102 0.000895 0.017974 0.000023
0 0.010465 0.001110 0.019249 0.000014
0 0.010463 0.001103 0.019254 0.000014
0 0.010460 0.001096 0.019259 0.000016
0 0.010563 0.001287 0.019052 0.000013
0 0.010742 0.001075 0.018695 0.000013
0 0.010812 0.001140 0.018555 0.000014
0 0.010323 0.000961 0.019532 0.000042
0 0.014931 0.000883 0.028175 0.000289
0 0.015247 0.000696 0.027541 0.000268
0 0.011057 0.000937 0.018065 0.000016
0 0.005462 0.000655 0.006932 0.000059
0 0.010471 0.001123 0.019237 0.000014
0 0.005451 0.000606 0.006955 0.000059
0 0.005434 0.000558 0.006988 0.000059
0 0.005422 0.000508 0.007013 0.000059
0 0.005068 0.000577 0.007722 0.000055
0 0.005058 0.000526 0.007741 0.000054
0 0.005046 0.000451 0.007765 0.000052
0 0.005037 0.000399 0.007784 0.000054
0 0.004983 0.000484 0.007892 0.000053
0 0.004974 0.000433 0.007909 0.000053
0 0.014814 0.000605 0.028407 0.000297
0 0.010468 0.001116 0.019242 0.000012
0 0.010316 0.001259 0.019546 0.000016
0 0.010353 0.002118 0.019472 0.000014
0 0.010483 0.001987 0.019213 0.000016
0 0.010380 0.002103 0.019419 0.000013
0 0.010365 0.002140 0.019449 0.000015
0 0.010370 0.002140 0.019439 0.000021
0 0.010378 0.002133 0.019422 0.000017
0 0.010383 0.002133 0.019412 0.000020
0 0.010389 0.002129 0.019400 0.000019
0 0.010395 0.002125 0.019389 0.000019
0 0.010412 0.002111 0.019354 0.000016
0 0.010424 0.002105 0.019331 0.000019
0 0.010418 0.002111 0.019343 0.000016
0 0.010591 0.002028 0.018997 0.000008
0 0.010711 0.001521 0.018758 0.000013
0 0.010683 0.002081 0.018812 0.000017
0 0.010678 0.002084 0.018822 0.000018
0 0.010871 0.002155 0.018437 0.000017
0 0.010869 0.002144 0.018440 0.000016
0 0.010381 0.001826 0.019416 0.000050
0 0.010477 0.001740 0.019225 0.000011
0 0.010472 0.001786 0.019234 0.000020
0 0.010983 0.001487 0.018212 0.000021
0 0.010971 0.001490 0.018236 0.000018
0 0.010965 0.001493 0.018248 0.000019
0 0.010062 0.002087 0.020055 0.000014
0 0.010149 0.001959 0.019882 0.000021
0 0.011671 0.000037 0.021301 0.000016
0 0.010290 0.001701 0.019599 0.000019
0 0.011296 0.000153 0.022051 0.000011
0 0.011241 0.000208 0.022161 0.000012
0 0.011236 0.000186 0.022170 0.000010
0 0.011169 0.000259 0.022305 0.000014
0 0.007057 0.000880 0.012672 0.000429
0 0.010864 0.001812 0.018450 0.000022
0 0.010191 0.001605 0.019796 0.000022
0 0.010840 0.001056 0.018499 0.000011
0 0.010279 0.001642 0.019621 0.000023
0 0.010295 0.001660 0.019589 0.000025
0 0.010301 0.001713 0.019578 0.000019
0 0.011283 0.000256 0.022077 0.000015
0 0.010314 0.001691 0.019550 0.000022
0 0.010319 0.001696 0.019540 0.000020
0 0.010323 0.001702 0.019532 0.000018
0 0.010327 0.001708 0.019525 0.000018
0 0.010329 0.001716 0.019520 0.000015
0 0.010331 0.001725 0.019516 0.000013
0 0.010338 0.001756 0.019503 0.000023
0 0.010344 0.001845 0.019491 0.000018
0 0.010354 0.001834 0.019470 0.000024
0 0.010334 0.001858 0.019511 0.000021
0 0.011279 0.000259 0.022085 0.000016
0 0.011307 0.000298 0.022028 0.000016
0 0.010321 0.001875 0.019536 0.000020
0 0.011505 0.000158 0.021633 0.000014
0 0.011677 0.000035 0.021290 0.000016
0 0.011688 0.000072 0.021267 0.000012
0 0.011692 0.000072 0.021259 0.000011
0 0.011686 0.000034 0.021271 0.000011
0 0.011567 0.000359 0.021508 0.000010
0 0.011553 0.000379 0.021538 0.000016
0 0.011549 0.000357 0.021546 0.000015
0 0.011526 0.000255 0.021591 0.000017
0 0.011510 0.000186 0.021622 0.000017
0 0.011507 0.000178 0.021628 0.000015
0 0.011458 0.000172 0.021727 0.000013
0 0.011315 0.000328 0.022014 0.000015
0 0.011454 0.000175 0.021734 0.000014
0 0.011450 0.000179 0.021742 0.000016
0 0.011446 0.000081 0.021751 0.000010
0 0.011404 0.000078 0.021835 0.000011
0 0.011379 0.000154 0.021886 0.000016
0 0.011351 0.000144 0.021941 0.000010
0 0.011370 0.000103 0.021904 0.000011
0 0.011304 0.000095 0.022035 0.000014
0 0.011309 0.000146 0.022026 0.000012
0 0.011320 0.000351 0.022002 0.000014
0 0.010330 0.001866 0.019518 0.000021
0 0.010240 0.001751 0.019699 0.000013
0 0.010151 0.001965 0.019876 0.000029
0 0.010135 0.001935 0.019909 0.000019
0 0.010104 0.001865 0.019971 0.000017
0 0.010121 0.001873 0.019936 0.000012
0 0.010131 0.001866 0.019917 0.000013
0 0.010119 0.001918 0.019941 0.000016
0 0.010111 0.001890 0.019956 0.000019
0 0.010136 0.001871 0.019907 0.000019
0 0.010112 0.001902 0.019955 0.000017
0 0.010145 0.001886 0.019888 0.000018
0 0.010159 0.001910 0.019861 0.000015
0 0.010149 0.001919 0.019882 0.000012
0 0.010125 0.001934 0.019929 0.000021
0 0.010123 0.001816 0.019934 0.000020
0 0.010129 0.001954 0.019921 0.000016
0 0.010133 0.001956 0.019913 0.000018
0 0.010144 0.001936 0.019890 0.000020
0 0.010137 0.001960 0.019904 0.000025
0 0.010143 0.001958 0.019893 0.000018
0 0.010150 0.001935 0.019879 0.000019
0 0.010155 0.001934 0.019869 0.000020
0 0.010160 0.001929 0.019859 0.000020
0 0.010165 0.001928 0.019849 0.000021
0 0.010169 0.001931 0.019840 0.000017
0 0.010102 0.001876 0.019974 0.000020
0 0.010115 0.001817 0.019949 0.000013
0 0.010263 0.001682 0.019652 0.000019
0 0.010208 0.001687 0.019762 0.000022
0 0.010259 0.001687 0.019660 0.000019
0 0.010245 0.001696 0.019688 0.000023
0 0.010242 0.001701 0.019695 0.000021
0 0.010237 0.001704 0.019705 0.000020
0 0.010230 0.001710 0.019719 0.000015
0 0.010225 0.001712 0.019729 0.000018
0 0.010090 0.001748 0.019998 0.000012
0 0.010177 0.001709 0.019826 0.000017
0 0.010185 0.001704 0.019808 0.000021
0 0.010194 0.001697 0.019790 0.000020
0 0.010211 0.001726 0.019756 0.000016
0 0.010108 0.001833 0.019963 0.000013
0 0.010213 0.001724 0.019752 0.000018
0 0.010204 0.001736 0.019770 0.000018
0 0.010157 0.001758 0.019864 0.000030
0 0.010176 0.001751 0.019826 0.000029
0 0.010172 0.001757 0.019834 0.000019
0 0.010149 0.001788 0.019880 0.000019
0 0.010134 0.001779 0.019911 0.000035
0 0.010134 0.001832 0.019910 0.000014
0 0.010138 0.001840 0.019902 0.000013
0 0.010109 0.001841 0.019961 0.000014
0 0.011525 0.002171 0.021592 0.000012
0 0.011517 0.002186 0.021609 0.000014
0 0.011517 0.002199 0.021610 0.000016
0 0.011388 0.000760 0.021867 0.000012
0 0.011392 0.001878 0.021859 0.000019
0 0.011398 0.001873 0.021848 0.000016
0 0.011413 0.001903 0.021817 0.000014
0 0.011410 0.001906 0.021824 0.000017
0 0.011398 0.001911 0.021847 0.000014
0 0.011387 0.001920 0.021869 0.000013
0 0.011181 0.000908 0.022281 0.000013
0 0.011204 0.000947 0.022234 0.000011
0 0.011181 0.000951 0.022281 0.000014
0 0.011380 0.000766 0.021884 0.000012
0 0.011392 0.000672 0.021859 0.000014
0 0.011412 0.001863 0.021819 0.000015
0 0.011425 0.000837 0.021792 0.000016
0 0.011350 0.000826 0.021943 0.000015
0 0.011311 0.000710 0.022020 0.000010
0 0.011292 0.000693 0.022059 0.000012
0 0.011279 0.000664 0.022085 0.000016
0 0.011264 0.000630 0.022116 0.000014
0 0.011256 0.000643 0.022131 0.000013
0 0.011422 0.000968 0.021799 0.000011
0 0.011424 0.000984 0.021795 0.000010
0 0.011429 0.001001 0.021785 0.000011
0 0.011403 0.001870 0.021837 0.000014
0 0.011416 0.001859 0.021811 0.000014
0 0.011432 0.001019 0.021780 0.000009
0 0.012118 0.001106 0.020407 0.000014
0 0.011951 0.000950 0.020741 0.000015
0 0.011947 0.000951 0.020748 0.000015
0 0.011940 0.000951 0.020763 0.000013
0 0.011951 0.000906 0.020740 0.000012
0 0.011948 0.000892 0.020746 0.000012
0 0.011945 0.000877 0.020752 0.000014
0 0.011943 0.000867 0.020757 0.000012
0 0.011941 0.000856 0.020760 0.000011
0 0.012097 0.001084 0.020448 0.000011
0 0.012099 0.001138 0.020444 0.000013
0 0.012120 0.001113 0.020403 0.000013
0 0.012057 0.001914 0.020529 0.000013
0 0.012122 0.001121 0.020400 0.000012
0 0.012124 0.001129 0.020396 0.000012
0 0.012124 0.001341 0.020395 0.000013
0 0.012055 0.001365 0.020532 0.000010
0 0.012047 0.001369 0.020549 0.000011
0 0.012055 0.001359 0.020533 0.000009
0 0.012053 0.001354 0.020538 0.000011
0 0.012066 0.001323 0.020510 0.000013
0 0.012074 0.001381 0.020494 0.000014
0 0.012132 0.001395 0.020379 0.000014
0 0.011430 0.001010 0.021782 0.000010
0 0.011440 0.001026 0.021762 0.000012
0 0.011965 0.000986 0.020712 0.000013
0 0.011891 0.001699 0.020860 0.000011
0 0.011171 0.001315 0.022301 0.000013
0 0.011194 0.001575 0.022254 0.000016
0 0.011199 0.001578 0.022245 0.000015
0 0.011192 0.001602 0.022260 0.000015
0 0.011197 0.001620 0.022250 0.000014
0 0.011233 0.001725 0.022177 0.000013
0 0.011224 0.001732 0.022194 0.000010
0 0.011757 0.001513 0.021129 0.000017
0 0.011813 0.001540 0.021016 0.000012
0 0.011832 0.001714 0.020978 0.000013
0 0.011890 0.001777 0.020863 0.000016
0 0.011200 0.001314 0.022242 0.000011
0 0.011929 0.001531 0.020785 0.000010
0 0.011924 0.001500 0.020794 0.000011
0 0.011926 0.001506 0.020791 0.000011
0 0.012120 0.001586 0.020403 0.000018
0 0.012113 0.001622 0.020418 0.000010
0 0.012126 0.001684 0.020390 0.000018
0 0.012150 0.001548 0.020344 0.000014
0 0.011989 0.002181 0.020664 0.000012
0 0.011939 0.001956 0.020766 0.000011
0 0.011913 0.001985 0.020816 0.000015
0 0.011183 0.001330 0.022277 0.000012
0 0.011231 0.001302 0.022181 0.000013
0 0.011440 0.001075 0.021762 0.000010
0 0.011391 0.001084 0.021861 0.000010
0 0.011455 0.001095 0.021734 0.000010
0 0.011465 0.001152 0.021712 0.000009
0 0.011390 0.000987 0.021862 0.000010
0 0.011394 0.001007 0.021855 0.000011
0 0.011398 0.001022 0.021846 0.000011
0 0.011399 0.001029 0.021844 0.000012
0 0.011402 0.001038 0.021839 0.000013
0 0.011404 0.001047 0.021834 0.000011
0 0.011383 0.001049 0.021876 0.000010
0 0.011389 0.001078 0.021865 0.000011
0 0.011335 0.000954 0.021973 0.000010
0 0.011245 0.001255 0.022152 0.000014
0 0.011266 0.000984 0.022111 0.000015
0 0.011250 0.001002 0.022142 0.000015
0 0.011233 0.001039 0.022176 0.000010
0 0.011331 0.001220 0.021981 0.000013
0 0.011216 0.001137 0.022211 0.000013
0 0.011219 0.001167 0.022204 0.000015
0 0.011223 0.001182 0.022196 0.000016
0 0.011255 0.001180 0.022133 0.000012
0 0.011246 0.001191 0.022151 0.000012
0 0.011245 0.001221 0.022153 0.000012
0 0.011966 0.000996 0.020711 0.000012
0 0.011964 0.000973 0.020716 0.000012
0 0.011529 0.002185 0.021585 0.000016
0 0.010145 0.001877 0.019889 0.000019
0 0.010107 0.001797 0.019965 0.000034
0 0.010104 0.001884 0.019970 0.000020
0 0.010122 0.001851 0.019936 0.000018
0 0.010109 0.001851 0.019960 0.000016
0 0.010123 0.001841 0.019933 0.000015
0 0.010123 0.001787 0.019932 0.000029
0 0.010131 0.001783 0.019917 0.000021
0 0.010141 0.001849 0.019897 0.000014
0 0.010143 0.001854 0.019892 0.000019
0 0.010148 0.001895 0.019882 0.000019
0 0.010129 0.001899 0.019921 0.000021
0 0.010151 0.001862 0.019877 0.000016
0 0.010133 0.001907 0.019913 0.000020
0 0.010135 0.001916 0.019910 0.000018
0 0.010367 0.001566 0.019444 0.000011
0 0.010286 0.001649 0.019607 0.000024
0 0.010206 0.001728 0.019766 0.000023
0 0.010198 0.001735 0.019782 0.000018
0 0.010194 0.001741 0.019791 0.000022
0 0.010187 0.001751 0.019804 0.000020
0 0.010144 0.001806 0.019891 0.000018
0 0.011238 0.001615 0.022168 0.000017
0 0.010129 0.001888 0.019921 0.000020
0 0.010140 0.001775 0.019898 0.000024
0 0.011422 0.001679 0.021799 0.000020
0 0.011188 0.000980 0.022267 0.000014
0 0.011414 0.000706 0.021814 0.000011
0 0.011412 0.000694 0.021818 0.000012
0 0.011430 0.000769 0.021783 0.000010
0 0.011505 0.001033 0.021633 0.000016
0 0.011477 0.001046 0.021689 0.000017
0 0.011486 0.001044 0.021671 0.000015
0 0.011207 0.001004 0.022228 0.000013
0 0.011193 0.001016 0.022256 0.000017
0 0.011192 0.000998 0.022259 0.000016
0 0.011177 0.000937 0.022288 0.000016
0 0.011368 0.001385 0.021907 0.000016
0 0.010150 0.001773 0.019879 0.000021
0 0.011338 0.001217 0.021967 0.000017
0 0.011277 0.001350 0.022089 0.000010
0 0.011256 0.001284 0.022132 0.000010
0 0.011236 0.001289 0.022171 0.000016
0 0.011181 0.001822 0.022282 0.000015
0 0.011191 0.001854 0.022260 0.000014
0 0.011185 0.001834 0.022272 0.000017
0 0.011198 0.001808 0.022247 0.000015
0 0.011289 0.001825 0.022064 0.000015
0 0.010154 0.001769 0.019870 0.000020
0 0.011425 0.001685 0.021793 0.000020
0 0.011409 0.001705 0.021825 0.000021
0 0.011958 0.000946 0.020727 0.000014
0 0.011958 0.000862 0.020728 0.000015
0 0.011986 0.000999 0.020670 0.000013
0 0.011991 0.001004 0.020661 0.000013
0 0.011990 0.000983 0.020664 0.000014
0 0.011993 0.000982 0.020656 0.000012
0 0.011999 0.000979 0.020646 0.000016
0 0.011997 0.001002 0.020649 0.000014
0 0.012003 0.000997 0.020637 0.000013
0 0.012006 0.000973 0.020631 0.000013
0 0.012008 0.000992 0.020627 0.000014
0 0.012014 0.000989 0.020615 0.000012
0 0.011961 0.000877 0.020720 0.000014
0 0.012086 0.000892 0.020471 0.000013
0 0.011964 0.000894 0.020715 0.000015
0 0.011967 0.000907 0.020709 0.000015
0 0.011970 0.000924 0.020703 0.000013
0 0.011973 0.000942 0.020697 0.000016
0 0.011977 0.000959 0.020690 0.000016
0 0.011980 0.000974 0.020683 0.000016
0 0.011983 0.000990 0.020676 0.000014
0 0.011962 0.000960 0.020720 0.000013
0 0.011954 0.000920 0.020734 0.000013
0 0.011955 0.000932 0.020732 0.000014
0 0.012089 0.000905 0.020465 0.000013
0 0.012083 0.000879 0.020476 0.000013
0 0.011398 0.001694 0.021846 0.000018
0 0.012226 0.001048 0.020190 0.000010
0 0.011485 0.001558 0.021673 0.000009
0 0.011569 0.001258 0.021505 0.000010
0 0.011407 0.001294 0.021830 0.000011
0 0.011399 0.001284 0.021845 0.000008
0 0.012169 0.000709 0.020305 0.000015
0 0.012193 0.000726 0.020257 0.000012
0 0.012196 0.000721 0.020251 0.000013
0 0.012203 0.000721 0.020236 0.000012
0 0.012215 0.000992 0.020212 0.000016
0 0.012225 0.001041 0.020193 0.000011
0 0.012243 0.001044 0.020157 0.000011
0 0.012091 0.000888 0.020460 0.000014
0 0.012247 0.001041 0.020149 0.000013
0 0.012252 0.001043 0.020138 0.000013
0 0.012100 0.000890 0.020443 0.000010
0 0.012099 0.000883 0.020446 0.000010
0 0.012096 0.000875 0.020451 0.000012
0 0.012094 0.000867 0.020455 0.000012
0 0.012080 0.000830 0.020482 0.000014
0 0.012084 0.000829 0.020476 0.000013
0 0.012091 0.000860 0.020461 0.000012
0 0.012088 0.000853 0.020468 0.000013
0 0.011790 0.002151 0.021063 0.000010
0 0.011185 0.002225 0.022273 0.000014
0 0.011187 0.002220 0.022269 0.000012
0 0.011539 0.001745 0.021566 0.000008
0 0.011505 0.001624 0.021633 0.000013
0 0.011508 0.001635 0.021626 0.000013
0 0.011523 0.001674 0.021596 0.000009
0 0.011516 0.001656 0.021610 0.000013
0 0.011530 0.001708 0.021582 0.000009
0 0.011515 0.001695 0.021613 0.000013
0 0.011509 0.001722 0.021625 0.000015
0 0.011512 0.001727 0.021619 0.000014
0 0.011531 0.001716 0.021580 0.000008
0 0.011538 0.001737 0.021566 0.000009
0 0.011514 0.001735 0.021615 0.000015
0 0.011487 0.001640 0.021670 0.000009
0 0.011516 0.001742 0.021612 0.000017
0 0.011522 0.001759 0.021598 0.000014
0 0.011502 0.001727 0.021638 0.000015
0 0.011455 0.001853 0.021733 0.000020
0 0.010343 0.001817 0.019493 0.000020
0 0.010347 0.001840 0.019485 0.000024
0 0.011439 0.001736 0.021765 0.000013
0 0.011467 0.001883 0.021708 0.000015
0 0.011463 0.001888 0.021717 0.000016
0 0.011437 0.001906 0.021768 0.000015
0 0.011482 0.001600 0.021678 0.000011
0 0.011484 0.001582 0.021676 0.000013
0 0.011447 0.002192 0.021750 0.000014
0 0.011592 0.001642 0.021458 0.000014
0 0.011797 0.001618 0.021050 0.000013
0 0.011786 0.001640 0.021071 0.000015
0 0.011770 0.001649 0.021103 0.000015
0 0.011722 0.001640 0.021198 0.000011
0 0.011700 0.001661 0.021244 0.000013
0 0.011688 0.001673 0.021267 0.000013
0 0.011679 0.001680 0.021284 0.000012
0 0.010549 0.001794 0.019080 0.000015
0 0.011663 0.001724 0.021317 0.000011
0 0.011594 0.001648 0.021454 0.000015
0 0.011598 0.001638 0.021447 0.000007
0 0.011500 0.001536 0.021643 0.000015
0 0.011596 0.001633 0.021451 0.000007
0 0.011595 0.001626 0.021453 0.000007
0 0.011594 0.001620 0.021456 0.000006
0 0.011589 0.001635 0.021464 0.000015
0 0.011603 0.001669 0.021436 0.000014
0 0.011605 0.001675 0.021432 0.000013
0 0.011606 0.001686 0.021432 0.000011
0 0.011614 0.001680 0.021415 0.000013
0 0.011591 0.001613 0.021460 0.000007
0 0.011590 0.001605 0.021462 0.000007
0 0.011523 0.001938 0.021597 0.000014
0 0.011450 0.002190 0.021742 0.000017
0 0.011191 0.002216 0.022260 0.000014
0 0.011563 0.002171 0.021518 0.000016
0 0.011483 0.002171 0.021676 0.000019
0 0.011499 0.002160 0.021645 0.000016
0 0.011503 0.002157 0.021638 0.000016
0 0.011507 0.002154 0.021630 0.000017
0 0.011510 0.002151 0.021622 0.000015
0 0.011514 0.002148 0.021615 0.000014
0 0.011518 0.002147 0.021607 0.000016
0 0.011522 0.002143 0.021599 0.000015
0 0.011527 0.002141 0.021590 0.000017
0 0.011534 0.002136 0.021574 0.000016
0 0.011560 0.002175 0.021524 0.000015
0 0.011475 0.002178 0.021693 0.000018
0 0.011555 0.002177 0.021532 0.000016
0 0.011552 0.002180 0.021540 0.000014
0 0.011549 0.002166 0.021545 0.000016
0 0.011548 0.002183 0.021548 0.000017
0 0.011544 0.002168 0.021554 0.000016
0 0.011540 0.002189 0.021564 0.000017
0 0.011536 0.002174 0.021571 0.000014
0 0.011531 0.002181 0.021580 0.000014
0 0.011532 0.002179 0.021578 0.000017
0 0.011532 0.002195 0.021579 0.000015
0 0.011479 0.002175 0.021684 0.000017
0 0.011471 0.002179 0.021701 0.000020
0 0.011443 0.002196 0.021756 0.000018
0 0.011408 0.002217 0.021828 0.000016
0 0.011459 0.002210 0.021725 0.000012
0 0.011455 0.002187 0.021734 0.000015
0 0.011439 0.002198 0.021764 0.000015
0 0.011435 0.002200 0.021772 0.000017
0 0.011431 0.002202 0.021781 0.000016
0 0.011428 0.002205 0.021788 0.000016
0 0.011423 0.002207 0.021797 0.000019
0 0.011419 0.002209 0.021805 0.000014
0 0.011414 0.002213 0.021814 0.000016
0 0.011411 0.002216 0.021822 0.000016
0 0.011379 0.002194 0.021886 0.000022
0 0.011467 0.002184 0.021708 0.000017
0 0.011277 0.002050 0.022090 0.000012
0 0.011307 0.002083 0.022030 0.000012
0 0.011305 0.002077 0.022033 0.000012
0 0.010200 0.002008 0.019778 0.000016
0 0.010205 0.002108 0.019769 0.000018
0 0.010201 0.002113 0.019777 0.000018
0 0.010219 0.002199 0.019741 0.000016
0 0.010216 0.002188 0.019747 0.000018
0 0.011459 0.002186 0.021724 0.000017
0 0.011463 0.002183 0.021717 0.000017
0 0.011803 0.001615 0.021037 0.000012
0 0.011820 0.001232 0.021004 0.000011
0 0.011830 0.001225 0.020984 0.000010
0 0.011201 0.002071 0.022241 0.000014
0 0.011198 0.002165 0.022247 0.000013
0 0.011202 0.002162 0.022239 0.000013
0 0.011205 0.002158 0.022232 0.000013
0 0.011206 0.002153 0.022232 0.000012
0 0.011213 0.002150 0.022217 0.000012
0 0.011217 0.002147 0.022208 0.000013
0 0.011175 0.002076 0.022292 0.000011
0 0.011176 0.002082 0.022290 0.000011
0 0.011177 0.002028 0.022288 0.000014
0 0.011195 0.002072 0.022253 0.000016
0 0.011206 0.002076 0.022231 0.000011
0 0.011187 0.002179 0.022269 0.000012
0 0.011208 0.002083 0.022227 0.000011
0 0.011214 0.002096 0.022216 0.000011
0 0.011215 0.002102 0.022212 0.000012
0 0.011218 0.002108 0.022207 0.000011
0 0.011221 0.002114 0.022201 0.000011
0 0.011222 0.002122 0.022198 0.000011
0 0.011226 0.002128 0.022192 0.000012
0 0.011228 0.002133 0.022187 0.000012
0 0.011231 0.002149 0.022180 0.000015
0 0.011235 0.002156 0.022173 0.000013
0 0.011190 0.002175 0.022262 0.000012
0 0.011182 0.002185 0.022278 0.000014
0 0.011808 0.001260 0.021026 0.000011
0 0.011193 0.002189 0.022256 0.000013
0 0.011195 0.002213 0.022253 0.000012
0 0.011246 0.002218 0.022151 0.000012
0 0.011250 0.002213 0.022142 0.000015
0 0.011257 0.002210 0.022129 0.000015
0 0.011176 0.002170 0.022290 0.000015
0 0.011180 0.002166 0.022284 0.000014
0 0.011184 0.002162 0.022275 0.000014
0 0.011188 0.002157 0.022267 0.000012
0 0.011198 0.002145 0.022247 0.000014
0 0.011202 0.002140 0.022240 0.000014
0 0.011230 0.002189 0.022183 0.000012
0 0.011223 0.002181 0.022197 0.000013
0 0.011225 0.002200 0.022192 0.000015
0 0.011222 0.002207 0.022199 0.000018
0 0.011217 0.002213 0.022209 0.000018
0 0.011212 0.002218 0.022220 0.000016
0 0.011199 0.002208 0.022245 0.000013
0 0.011202 0.002204 0.022239 0.000012
0 0.011206 0.002200 0.022230 0.000014
0 0.011211 0.002195 0.022221 0.000015
0 0.011214 0.002193 0.022214 0.000014
0 0.011217 0.002187 0.022208 0.000013
0 0.011266 0.002182 0.022112 0.000011
0 0.011261 0.002166 0.022120 0.000011
0 0.011245 0.002170 0.022152 0.000015
0 0.011733 0.001308 0.021177 0.000012
0 0.011673 0.001357 0.021297 0.000012
0 0.011660 0.001368 0.021323 0.000011
0 0.011648 0.001316 0.021348 0.000011
0 0.011657 0.001309 0.021329 0.000010
0 0.011677 0.001303 0.021289 0.000012
0 0.011689 0.001281 0.021265 0.000011
0 0.011918 0.001180 0.020806 0.000012
0 0.011902 0.001364 0.020839 0.000011
0 0.011732 0.001244 0.021178 0.000012
0 0.011728 0.001262 0.021186 0.000013
0 0.011740 0.001301 0.021163 0.000012
0 0.011251 0.002155 0.022141 0.000012
0 0.011769 0.001276 0.021104 0.000012
0 0.011791 0.001257 0.021061 0.000011
0 0.011802 0.001288 0.021039 0.000016
0 0.011800 0.001276 0.021044 0.000016
0 0.011797 0.001268 0.021048 0.000014
0 0.011812 0.001287 0.021018 0.000008
0 0.011812 0.001278 0.021019 0.000008
0 0.011844 0.001212 0.020955 0.000012
0 0.011837 0.001218 0.020969 0.000012
0 0.011810 0.001269 0.021022 0.000009
0 0.011632 0.001391 0.021379 0.000012
0 0.011570 0.001364 0.021503 0.000011
0 0.011544 0.001412 0.021554 0.000012
0 0.011530 0.001434 0.021583 0.000014
0 0.011255 0.002140 0.022133 0.000016
0 0.011350 0.001485 0.021943 0.000013
0 0.011371 0.001400 0.021900 0.000013
0 0.011376 0.001416 0.021891 0.000015
0 0.011405 0.001422 0.021833 0.000016
0 0.011409 0.001438 0.021825 0.000014
0 0.011413 0.001454 0.021817 0.000015
0 0.011406 0.001451 0.021831 0.000014
0 0.011340 0.001479 0.021963 0.000015
0 0.011414 0.001488 0.021815 0.000015
0 0.011410 0.001469 0.021823 0.000015
0 0.011416 0.001470 0.021811 0.000014
0 0.011434 0.001607 0.021775 0.000017
0 0.011429 0.001591 0.021784 0.000013
0 0.011566 0.001235 0.021511 0.000008
0 0.011562 0.001493 0.021519 0.000011
0 0.011559 0.001483 0.021524 0.000012
0 0.011540 0.001349 0.021564 0.000012
0 0.011555 0.001361 0.021533 0.000011
0 0.011562 0.001356 0.021518 0.000011
0 0.011521 0.001431 0.021601 0.000013
0 0.015752 0.000536 0.030997 0.000037