0 0.011032 0.001603 0.018114 0.000140
0 0.010301 0.001989 0.019577 0.000115
0 0.010968 0.001958 0.018242 0.000108
0 0.010983 0.001984 0.018213 0.000104
0 0.011095 0.001711 0.017989 0.000140
0 0.010927 0.001864 0.018325 0.000103
0 0.010940 0.001894 0.018298 0.000106
0 0.010894 0.001742 0.018390 0.000099
0 0.010883 0.001711 0.018412 0.000102
0 0.010390 0.001759 0.019398 0.000096
0 0.010450 0.000983 0.019279 0.000094
0 0.010695 0.000747 0.018788 0.000107
0 0.010638 0.000920 0.018902 0.000094
0 0.010671 0.000849 0.018836 0.000105
0 0.010670 0.000805 0.018839 0.000106
0 0.010611 0.000759 0.018957 0.000105
0 0.010623 0.000647 0.018933 0.000124
0 0.010652 0.000637 0.018875 0.000113
0 0.010467 0.000904 0.019244 0.000102
0 0.010464 0.000748 0.019251 0.000094
0 0.010473 0.000719 0.019233 0.000095
0 0.010472 0.000682 0.019234 0.000087
0 0.010481 0.000642 0.019217 0.000093
0 0.010486 0.000531 0.019207 0.000080
0 0.010500 0.000500 0.019179 0.000090
0 0.010507 0.000460 0.019164 0.000078
0 0.010509 0.000418 0.019160 0.000082
0 0.010510 0.000348 0.019158 0.000042
0 0.010527 0.000316 0.019125 0.000032
0 0.010314 0.001965 0.019550 0.000115
0 0.010289 0.002006 0.019601 0.000115
0 0.012255 0.000292 0.020133 0.000023
0 0.010267 0.002050 0.019644 0.000108
0 0.012234 0.000287 0.020175 0.000019
0 0.012248 0.000223 0.020146 0.000019
0 0.012180 0.000210 0.020283 0.000019
0 0.012190 0.000279 0.020262 0.000019
0 0.012093 0.000176 0.020457 0.000021
0 0.012117 0.000132 0.020410 0.000035
0 0.012133 0.000267 0.020376 0.000019
0 0.011986 0.000473 0.020671 0.000040
0 0.011977 0.000512 0.020690 0.000039
0 0.011980 0.000433 0.020682 0.000044
0 0.012003 0.000382 0.020637 0.000042
0 0.012058 0.000253 0.020526 0.000019
0 0.012039 0.000251 0.020565 0.000021
0 0.011988 0.000237 0.020667 0.000019
0 0.011988 0.000137 0.020668 0.000040
0 0.011966 0.000235 0.020710 0.000019
0 0.011907 0.000225 0.020828 0.000023
0 0.011887 0.000220 0.020869 0.000022
0 0.011865 0.000218 0.020913 0.000020
0 0.011793 0.000272 0.021056 0.000020
0 0.011789 0.000296 0.021064 0.000021
0 0.011787 0.000317 0.021070 0.000023
0 0.011787 0.000337 0.021069 0.000019
0 0.011781 0.000379 0.021080 0.000019
0 0.011779 0.000404 0.021084 0.000018
0 0.011776 0.000427 0.021090 0.000021
0 0.011777 0.000459 0.021089 0.000024
0 0.010516 0.000277 0.019147 0.000041