0 0.005597 0.001960 0.011128 0.000033
0 0.005663 0.000137 0.010996 0.000040
0 0.006042 0.000445 0.010236 0.000047
0 0.006029 0.000445 0.010264 0.000047
0 0.007134 0.000443 0.012518 0.000085
0 0.014755 0.000378 0.028525 0.000157
0 0.005660 0.000298 0.011001 0.000039
0 0.005661 0.000258 0.010999 0.000035
0 0.005662 0.000218 0.010998 0.000038
0 0.005663 0.000177 0.010996 0.000035
0 0.005634 0.000296 0.011054 0.000037
0 0.005597 0.001917 0.011127 0.000035
0 0.005634 0.000256 0.011054 0.000037
0 0.005634 0.000217 0.011053 0.000036
0 0.005635 0.000178 0.011052 0.000037
0 0.004557 0.000361 0.008742 0.000055
0 0.004545 0.000360 0.008768 0.000055
0 0.004531 0.000359 0.008794 0.000053
0 0.004519 0.000358 0.008819 0.000053
0 0.005637 0.000135 0.011048 0.000043
0 0.006054 0.000445 0.010213 0.000047
0 0.006066 0.000445 0.010189 0.000047
0 0.006079 0.000446 0.010163 0.000049
0 0.015324 0.000381 0.027388 0.000087
0 0.014516 0.002055 0.029003 0.000071
0 0.006626 0.001628 0.009070 0.000061
0 0.007728 0.001647 0.011330 0.000161
0 0.014801 0.001336 0.028433 0.000089
0 0.005866 0.001242 0.010590 0.000035
0 0.005868 0.001202 0.010586 0.000033
0 0.005868 0.001158 0.010586 0.000031
0 0.005868 0.001121 0.010586 0.000033
0 0.005868 0.001076 0.010586 0.000032
0 0.005868 0.001040 0.010585 0.000032
0 0.006813 0.001129 0.013159 0.000254
0 0.014661 0.000873 0.028714 0.000157
0 0.006814 0.000876 0.013157 0.000246
0 0.006586 0.000781 0.009150 0.000029
0 0.006586 0.000750 0.009149 0.000030
0 0.007697 0.000753 0.011391 0.000168
0 0.007503 0.000379 0.011779 0.000181
0 0.006909 0.000388 0.012968 0.000273