0 0.011937 0.002156 0.020769 0.000039
0 0.011312 0.001332 0.022020 0.000050
0 0.011446 0.002122 0.021751 0.000050
0 0.011430 0.002201 0.021783 0.000045
0 0.011324 0.002073 0.021994 0.000059
0 0.011274 0.001465 0.022095 0.000050
0 0.011287 0.001425 0.022070 0.000049
0 0.011298 0.001375 0.022047 0.000059
0 0.011322 0.001284 0.021999 0.000056
0 0.011653 0.001284 0.021337 0.000043
0 0.011333 0.001528 0.021978 0.000047
0 0.011433 0.001361 0.021776 0.000045
0 0.011414 0.001558 0.021814 0.000039
0 0.011427 0.001515 0.021790 0.000046
0 0.011481 0.001147 0.021682 0.000058
0 0.011513 0.001183 0.021617 0.000059
0 0.011521 0.001494 0.021602 0.000045
0 0.011664 0.001237 0.021315 0.000041
0 0.011526 0.001060 0.021591 0.000056
0 0.011743 0.001113 0.021157 0.000056
0 0.011798 0.000917 0.021047 0.000055
0 0.011810 0.000926 0.021023 0.000058
0 0.011800 0.000976 0.021043 0.000055
0 0.011722 0.000982 0.021199 0.000043
0 0.011775 0.001090 0.021093 0.000054
0 0.011765 0.001072 0.021113 0.000055
0 0.011679 0.001192 0.021285 0.000047
0 0.011685 0.001377 0.021273 0.000055
0 0.011718 0.001219 0.021206 0.000059
0 0.011730 0.001236 0.021183 0.000054
0 0.011742 0.001244 0.021160 0.000053
0 0.011731 0.001293 0.021180 0.000050
0 0.011722 0.001281 0.021199 0.000047
0 0.011698 0.001389 0.021248 0.000051
0 0.011523 0.001192 0.021596 0.000058
0 0.011548 0.001085 0.021546 0.000056
0 0.011835 0.000817 0.020973 0.000054
0 0.011548 0.000562 0.021547 0.000050
0 0.011608 0.000694 0.021426 0.000053
0 0.011596 0.000751 0.021451 0.000053
0 0.011586 0.000737 0.021472 0.000050
0 0.011564 0.000713 0.021515 0.000059
0 0.011558 0.000516 0.021526 0.000056
0 0.011586 0.000673 0.021471 0.000059
0 0.011537 0.000602 0.021569 0.000049
0 0.011617 0.000771 0.021409 0.000062
0 0.011513 0.000689 0.021617 0.000049
0 0.011232 0.000093 0.022180 0.000055
0 0.011212 0.000170 0.022218 0.000056
0 0.011198 0.000227 0.022246 0.000055
0 0.011173 0.000198 0.022297 0.000054
0 0.011186 0.000280 0.022272 0.000049
0 0.011617 0.000709 0.021409 0.000055
0 0.011599 0.000556 0.021444 0.000060
0 0.011558 0.001042 0.021526 0.000050
0 0.011581 0.000930 0.021481 0.000062
0 0.011537 0.001016 0.021568 0.000060
0 0.011527 0.001002 0.021589 0.000058
0 0.011505 0.000981 0.021633 0.000058
0 0.011550 0.000898 0.021543 0.000049
0 0.011560 0.000905 0.021523 0.000059
0 0.011571 0.000916 0.021501 0.000056
0 0.011582 0.000871 0.021479 0.000050
0 0.011620 0.000518 0.021403 0.000054
0 0.011573 0.000857 0.021497 0.000050
0 0.011551 0.000837 0.021541 0.000055
0 0.011539 0.000821 0.021565 0.000055
0 0.011653 0.000612 0.021337 0.000051
0 0.011644 0.000543 0.021356 0.000043
0 0.011620 0.000576 0.021402 0.000056
0 0.011790 0.000901 0.021063 0.000055
0 0.011844 0.000771 0.020955 0.000056
0 0.011938 0.002126 0.020767 0.000043
0 0.012054 0.000788 0.020535 0.000047
0 0.012148 0.000958 0.020347 0.000054
0 0.012131 0.000911 0.020382 0.000056
0 0.012096 0.000794 0.020450 0.000054
0 0.012075 0.000734 0.020493 0.000055
0 0.012089 0.000898 0.020465 0.000049
0 0.012067 0.000831 0.020509 0.000054
0 0.012039 0.000742 0.020564 0.000051
0 0.012176 0.000949 0.020291 0.000058
0 0.012034 0.000718 0.020574 0.000043
0 0.012026 0.000697 0.020591 0.000049
0 0.012107 0.001071 0.020429 0.000054
0 0.012095 0.001060 0.020453 0.000051
0 0.012085 0.001047 0.020473 0.000055
0 0.012074 0.001035 0.020494 0.000054
0 0.012164 0.000964 0.020316 0.000058
0 0.012153 0.000884 0.020337 0.000060
0 0.012042 0.000998 0.020558 0.000056
0 0.012054 0.001796 0.020534 0.000055
0 0.010830 0.002106 0.018519 0.000055
0 0.011129 0.001039 0.017920 0.000059
0 0.010984 0.000391 0.018210 0.000070
0 0.012012 0.001972 0.020619 0.000058
0 0.012024 0.001917 0.020595 0.000060
0 0.012046 0.001843 0.020551 0.000051
0 0.012077 0.001675 0.020490 0.000055
0 0.012124 0.000784 0.020395 0.000050
0 0.012089 0.001624 0.020465 0.000060
0 0.012115 0.001506 0.020413 0.000063
0 0.012127 0.001454 0.020389 0.000056
0 0.012152 0.001624 0.020339 0.000047
0 0.012196 0.001415 0.020252 0.000066
0 0.012254 0.000669 0.020136 0.000049
0 0.012053 0.001010 0.020536 0.000050
0 0.012030 0.000985 0.020583 0.000055
0 0.011781 0.000694 0.021082 0.000053
0 0.011629 0.000387 0.021386 0.000056
0 0.011870 0.000047 0.020903 0.000058
0 0.011783 0.000371 0.021076 0.000054
0 0.011805 0.000390 0.021033 0.000062
0 0.011858 0.000391 0.020927 0.000056
0 0.011855 0.000648 0.020932 0.000058
0 0.011730 0.000506 0.021183 0.000059
0 0.011654 0.000415 0.021335 0.000054
0 0.011935 0.000145 0.020773 0.000047
0 0.011663 0.000432 0.021316 0.000047
0 0.011653 0.000177 0.021336 0.000054
0 0.011611 0.000327 0.021421 0.000055
0 0.011706 0.000624 0.021230 0.000055
0 0.011736 0.000654 0.021171 0.000060
0 0.011769 0.000680 0.021105 0.000051
0 0.011907 0.000115 0.020829 0.000051
0 0.011978 0.000206 0.020687 0.000046
0 0.012019 0.000975 0.020606 0.000058
0 0.011955 0.000732 0.020734 0.000042
0 0.012008 0.000964 0.020627 0.000049
0 0.011987 0.000939 0.020670 0.000055
0 0.011976 0.000928 0.020692 0.000053
0 0.011943 0.000892 0.020757 0.000055
0 0.011951 0.000899 0.020742 0.000074
0 0.010819 0.000831 0.018540 0.000062
0 0.011960 0.000701 0.020723 0.000049
0 0.012009 0.000258 0.020626 0.000043
0 0.011972 0.000654 0.020699 0.000046
0 0.011977 0.000629 0.020688 0.000043
0 0.012191 0.000577 0.020260 0.000047
0 0.012041 0.000343 0.020561 0.000045
0 0.012017 0.000311 0.020608 0.000047
0 0.012030 0.000288 0.020583 0.000050
0 0.011178 0.000332 0.022288 0.000054