0 0.006316 0.001990 0.009689 0.000128
0 0.006322 0.001845 0.009678 0.000126
0 0.006320 0.001698 0.009681 0.000115
0 0.006161 0.001980 0.010000 0.000126
0 0.006163 0.001839 0.009995 0.000124
0 0.006161 0.001700 0.010000 0.000128
0 0.005998 0.001964 0.010325 0.000135
0 0.006001 0.001820 0.010320 0.000122
0 0.006003 0.001689 0.010315 0.000124
0 0.005768 0.001936 0.010785 0.000124
0 0.005768 0.001803 0.010785 0.000119
0 0.005771 0.001665 0.010779 0.000113
0 0.014881 0.000988 0.028274 0.000558
0 0.006884 0.000989 0.013017 0.000772