0 0.000610 0.000791 0.001219 0.000119
0 0.000834 0.001099 0.001669 0.000121
0 0.001056 0.000681 0.002113 0.000118
0 0.001052 0.000832 0.002105 0.000118
0 0.001051 0.001121 0.002102 0.000116
0 0.000848 0.000669 0.001695 0.000132
0 0.000843 0.000817 0.001685 0.000122
0 0.000837 0.000955 0.001674 0.000117
0 0.000832 0.001245 0.001664 0.000118
0 0.000605 0.001226 0.001209 0.000117
0 0.000139 0.001205 0.000279 0.000113
0 0.000136 0.001500 0.000271 0.000101
0 0.000373 0.001357 0.000745 0.000085
0 0.000395 0.000926 0.000791 0.000122
0 0.000599 0.001650 0.001199 0.000133
0 0.000601 0.001369 0.001203 0.000116
0 0.000392 0.001212 0.000783 0.000140