0 0.000149 0.001118 0.000299 0.000183
0 0.000554 0.001456 0.001108 0.000145
0 0.000173 0.000355 0.000346 0.000134
0 0.000141 0.000511 0.000281 0.000131
0 0.000076 0.000778 0.000151 0.000129
0 0.000225 0.000839 0.000450 0.000127
0 0.000405 0.000746 0.000811 0.000225
0 0.000468 0.000836 0.000937 0.000244
0 0.000526 0.000916 0.001053 0.000244
0 0.000694 0.001182 0.001387 0.000224
0 0.000759 0.001270 0.001518 0.000213
0 0.000829 0.001428 0.001657 0.000174
0 0.000808 0.001599 0.001616 0.000154
0 0.000760 0.001778 0.001520 0.000150
0 0.000878 0.001968 0.001756 0.000174
0 0.000910 0.001851 0.001820 0.000129
0 0.000934 0.001736 0.001867 0.000135
0 0.001013 0.001670 0.002026 0.000150
0 0.000997 0.001425 0.001994 0.000126
0 0.000195 0.000208 0.000390 0.000126