0 0.000615 0.001516 0.001229 0.000124
0 0.000676 0.001601 0.001352 0.000178
0 0.000750 0.001706 0.001499 0.000107
0 0.001030 0.001236 0.002061 0.000179
0 0.000925 0.001095 0.001851 0.000177
0 0.000750 0.001392 0.001500 0.000147
0 0.000250 0.000820 0.000500 0.000107
0 0.000307 0.000982 0.000614 0.000118
0 0.000391 0.001047 0.000782 0.000185
0 0.000469 0.001315 0.000938 0.000189
0 0.000587 0.000629 0.001174 0.000181
0 0.000331 0.000319 0.000662 0.000151
0 0.000295 0.000284 0.000590 0.000111
0 0.000244 0.000186 0.000488 0.000101
0 0.000064 0.000456 0.000129 0.000089
0 0.000149 0.000280 0.000299 0.000101