0 0.000113 0.001454 0.000226 0.000070
0 0.000613 0.001158 0.001226 0.000165
0 0.000511 0.001261 0.001022 0.000152
0 0.000454 0.001199 0.000907 0.000148
0 0.000294 0.001031 0.000588 0.000100
0 0.000255 0.000983 0.000511 0.000094
0 0.000145 0.001225 0.000290 0.000084
0 0.000606 0.000747 0.001212 0.000156
0 0.000897 0.001062 0.001794 0.000171
0 0.000908 0.000776 0.001815 0.000150
0 0.000946 0.001848 0.001893 0.000180
0 0.000978 0.001728 0.001957 0.000189
0 0.000806 0.001639 0.001613 0.000167
0 0.000693 0.001498 0.001386 0.000142
0 0.000760 0.001563 0.001520 0.000175
0 0.000747 0.001329 0.001495 0.000172