0 0.011997 0.001519 0.020648 0.000007
0 0.000693 0.001519 0.001386 0.000124
0 0.012078 0.001065 0.020486 0.000009
0 0.012035 0.001083 0.020573 0.000022
0 0.010612 0.001311 0.018954 0.000029
0 0.000936 0.001085 0.001873 0.000015
0 0.000979 0.001884 0.001957 0.000116
0 0.000774 0.001995 0.001547 0.000170
0 0.000694 0.001843 0.001388 0.000136
0 0.000710 0.001687 0.001419 0.000144
0 0.000688 0.001194 0.001376 0.000144
0 0.011996 0.001450 0.020651 0.000012
0 0.000676 0.001025 0.001351 0.000148
0 0.000663 0.000698 0.001327 0.000138
0 0.000656 0.000547 0.001313 0.000118
0 0.000817 0.000377 0.001635 0.000123
0 0.000495 0.000334 0.000989 0.000133
0 0.000215 0.000981 0.000430 0.000111
0 0.000227 0.001291 0.000455 0.000126
0 0.000940 0.000810 0.001880 0.000120
0 0.012107 0.001107 0.020430 0.000007
0 0.012135 0.001109 0.020373 0.000007
0 0.011977 0.000877 0.020689 0.000007
0 0.011981 0.000866 0.020680 0.000007
0 0.011991 0.001404 0.020660 0.000008
0 0.012215 0.001396 0.020212 0.000007
0 0.012234 0.001434 0.020176 0.000022
0 0.012097 0.001441 0.020449 0.000022
0 0.012071 0.001440 0.020501 0.000021
0 0.012071 0.001419 0.020501 0.000006
0 0.012069 0.001409 0.020504 0.000007
0 0.012069 0.001399 0.020505 0.000007
0 0.012067 0.001390 0.020508 0.000007
0 0.012068 0.001379 0.020507 0.000007
0 0.012088 0.001324 0.020467 0.000018
0 0.012215 0.001367 0.020212 0.000008
0 0.011816 0.000940 0.021011 0.000019
0 0.011710 0.000426 0.021222 0.000026
0 0.012056 0.000730 0.020531 0.000007
0 0.012038 0.000735 0.020567 0.000008
0 0.011974 0.000855 0.020694 0.000008
0 0.000203 0.000671 0.000406 0.000123