0 0.002891 0.001290 0.003146 0.000011
0 0.007477 0.000511 0.011831 0.000052
0 0.000951 0.001001 0.001902 0.000022
0 0.000859 0.000967 0.001717 0.000023
0 0.000824 0.001016 0.001648 0.000024
0 0.000783 0.000967 0.001566 0.000016
0 0.000759 0.001004 0.001519 0.000018
0 0.000752 0.000993 0.001504 0.000021
0 0.000697 0.000854 0.001395 0.000024
0 0.000685 0.000903 0.001370 0.000036
0 0.000540 0.000992 0.001079 0.000030
0 0.000975 0.001352 0.001950 0.000023
0 0.000822 0.001295 0.001644 0.000017
0 0.004110 0.000555 0.005173 0.000028
0 0.008955 0.000203 0.017804 0.000042
0 0.002884 0.001283 0.003160 0.000011
0 0.008939 0.000275 0.017836 0.000057
0 0.009031 0.000608 0.017653 0.000048
0 0.009197 0.000915 0.017320 0.000020
0 0.009270 0.001330 0.017175 0.000015
0 0.009220 0.002127 0.017274 0.000020
0 0.000921 0.001335 0.001843 0.000016
0 0.000929 0.001338 0.001858 0.000012
0 0.000901 0.001331 0.001802 0.000011
0 0.000796 0.001300 0.001592 0.000009
0 0.000760 0.001304 0.001520 0.000010
0 0.004104 0.000505 0.005184 0.000028
0 0.002878 0.001281 0.003172 0.000010
0 0.001029 0.001032 0.002058 0.000023