0 0.000153 0.001792 0.000307 0.000026
0 0.002249 0.001619 0.004430 0.000012
0 0.009168 0.000070 0.017378 0.000019
0 0.009219 0.000362 0.017277 0.000020
0 0.009412 0.000534 0.016890 0.000021
0 0.009786 0.000617 0.016142 0.000016
0 0.009970 0.000578 0.015774 0.000011
0 0.002733 0.001139 0.003462 0.000008
0 0.002733 0.001156 0.003463 0.000011
0 0.002732 0.001169 0.003464 0.000011
0 0.002738 0.001157 0.003453 0.000010
0 0.002738 0.001168 0.003453 0.000012
0 0.000088 0.001605 0.000175 0.000030
0 0.000065 0.001778 0.000130 0.000030
0 0.002240 0.001626 0.004449 0.000013
0 0.000174 0.001673 0.000348 0.000035
0 0.003103 0.002197 0.002723 0.000011
0 0.002740 0.001141 0.003449 0.000010
0 0.000408 0.001352 0.000816 0.000046
0 0.000381 0.001345 0.000761 0.000041
0 0.000363 0.001360 0.000725 0.000040
0 0.000329 0.001390 0.000658 0.000040
0 0.000313 0.001409 0.000626 0.000042
0 0.000294 0.001420 0.000588 0.000041
0 0.000236 0.001506 0.000473 0.000039
0 0.000224 0.001530 0.000448 0.000040
0 0.000208 0.001566 0.000416 0.000037
0 0.000197 0.001594 0.000395 0.000039
0 0.009209 0.000502 0.017297 0.000032