0 0.008954 0.001213 0.017806 0.000023
0 0.004371 0.002013 0.004650 0.000050
0 0.009758 0.001463 0.016199 0.000044
0 0.003951 0.001174 0.005492 0.000050
0 0.003902 0.001265 0.005589 0.000050
0 0.003877 0.001250 0.005639 0.000051
0 0.004093 0.001632 0.005206 0.000052
0 0.003962 0.001612 0.005469 0.000050
0 0.004331 0.001997 0.004730 0.000055
0 0.004346 0.001921 0.004700 0.000052
0 0.007394 0.001813 0.011997 0.000161
0 0.003953 0.001061 0.005486 0.000037
0 0.009138 0.001362 0.017438 0.000031
0 0.004028 0.001640 0.005336 0.000038
0 0.003984 0.001617 0.005425 0.000035
0 0.004368 0.001831 0.004656 0.000049
0 0.004417 0.002021 0.004558 0.000045
0 0.003398 0.001789 0.006598 0.000035
0 0.003381 0.001781 0.006631 0.000038
0 0.003949 0.001100 0.005496 0.000041
0 0.003213 0.001709 0.002502 0.000027
0 0.014067 0.001916 0.025437 0.000019
0 0.009747 0.001461 0.016219 0.000056