0 0.000860 0.001782 0.001720 0.000013
0 0.000849 0.001777 0.001698 0.000013
0 0.000852 0.001745 0.001704 0.000012
0 0.000970 0.001591 0.001941 0.000015
0 0.000969 0.001604 0.001937 0.000014
0 0.000958 0.001585 0.001916 0.000015
0 0.000940 0.001583 0.001879 0.000015
0 0.000982 0.001549 0.001964 0.000013
0 0.000586 0.002207 0.001172 0.000031
0 0.000982 0.001539 0.001965 0.000011
0 0.000987 0.001504 0.001974 0.000012
0 0.000990 0.001511 0.001980 0.000013
0 0.000921 0.001561 0.001842 0.000011
0 0.000924 0.001568 0.001848 0.000011
0 0.000924 0.001556 0.001849 0.000009
0 0.000922 0.001549 0.001844 0.000008
0 0.000926 0.001545 0.001851 0.000008
0 0.000866 0.001785 0.001732 0.000014
0 0.000854 0.001780 0.001708 0.000013
0 0.000835 0.001746 0.001671 0.000016