0 0.009496 0.000242 0.016721 0.000009
0 0.009470 0.000321 0.016773 0.000016
0 0.009966 0.001175 0.015783 0.000034
0 0.003453 0.002161 0.006487 0.000039
0 0.004099 0.001251 0.005195 0.000037
0 0.004067 0.001230 0.005259 0.000042
0 0.004076 0.000896 0.005242 0.000060
0 0.004106 0.000884 0.005182 0.000052
0 0.004127 0.000963 0.005138 0.000052
0 0.004141 0.000909 0.005110 0.000046
0 0.003357 0.000890 0.006678 0.000048
0 0.003354 0.000935 0.006685 0.000047
0 0.003696 0.000879 0.006000 0.000042
0 0.003729 0.000865 0.005936 0.000048
0 0.003743 0.000869 0.005908 0.000048
0 0.003771 0.000825 0.005851 0.000042