0 0.001196 0.002147 0.002073 0.000025
0 0.001305 0.001930 0.001854 0.000026
0 0.001264 0.001948 0.001937 0.000041
0 0.001266 0.001899 0.001931 0.000047
0 0.001368 0.002090 0.001728 0.000020
0 0.001353 0.002122 0.001758 0.000027
0 0.001382 0.002096 0.001700 0.000045
0 0.001401 0.002071 0.001662 0.000027
0 0.013845 0.000784 0.025881 0.000044
0 0.014240 0.002128 0.025092 0.000035
0 0.014378 0.001415 0.024816 0.000021
0 0.007020 0.001781 0.012746 0.000069
0 0.013598 0.001756 0.026374 0.000057
0 0.013658 0.001053 0.026255 0.000044
0 0.006942 0.001364 0.012902 0.000303
0 0.014090 0.001107 0.025391 0.000035
0 0.001073 0.001072 0.002147 0.000039
0 0.001071 0.000985 0.002142 0.000019
0 0.001046 0.000993 0.002092 0.000026
0 0.001066 0.000956 0.002131 0.000022
0 0.001043 0.000897 0.002085 0.000026
0 0.001034 0.000877 0.002069 0.000023
0 0.007364 0.000641 0.012059 0.000055
0 0.001284 0.001933 0.001897 0.000030
0 0.001280 0.001946 0.001905 0.000026
0 0.001222 0.002165 0.002020 0.000012
0 0.001132 0.002044 0.002201 0.000022
0 0.001162 0.002094 0.002141 0.000023
0 0.001189 0.002158 0.002085 0.000024
0 0.001186 0.002165 0.002093 0.000022
0 0.002299 0.002099 0.004330 0.000013
0 0.001233 0.002102 0.001998 0.000020
0 0.001232 0.002108 0.002001 0.000030
0 0.001239 0.002103 0.001987 0.000022
0 0.002315 0.001852 0.004299 0.000030
0 0.001220 0.001963 0.002025 0.000038
0 0.001386 0.002080 0.001691 0.000019
0 0.001227 0.002174 0.002011 0.000011
0 0.001208 0.002175 0.002049 0.000010
0 0.001219 0.002076 0.002026 0.000030
0 0.001220 0.002045 0.002025 0.000035
0 0.001219 0.002045 0.002026 0.000028
0 0.001243 0.001984 0.001978 0.000023
0 0.001249 0.001960 0.001967 0.000032
0 0.001243 0.001955 0.001979 0.000036
0 0.001241 0.001947 0.001982 0.000021
0 0.001283 0.002102 0.001897 0.000032
0 0.001238 0.002135 0.001988 0.000030
0 0.013830 0.000266 0.025911 0.000023