0 0.000665 0.001709 0.001330 0.000027
0 0.000652 0.000579 0.001304 0.000021
0 0.003006 0.001551 0.002916 0.000006
0 0.003006 0.001559 0.002916 0.000007
0 0.003015 0.001556 0.002899 0.000011
0 0.002990 0.001601 0.002949 0.000007
0 0.002996 0.001600 0.002936 0.000007
0 0.003006 0.001604 0.002916 0.000008
0 0.000634 0.000308 0.001269 0.000017
0 0.000641 0.000430 0.001281 0.000017
0 0.000645 0.000458 0.001289 0.000032
0 0.000648 0.000494 0.001295 0.000033
0 0.000592 0.000537 0.001185 0.000031
0 0.000571 0.000498 0.001142 0.000019
0 0.000654 0.000636 0.001307 0.000019
0 0.000456 0.001475 0.000913 0.000047
0 0.000657 0.000672 0.001315 0.000019
0 0.000608 0.000669 0.001217 0.000026
0 0.000662 0.000758 0.001325 0.000020
0 0.000665 0.000785 0.001331 0.000020
0 0.000657 0.000873 0.001315 0.000021
0 0.000688 0.000875 0.001376 0.000030
0 0.000696 0.000996 0.001391 0.000019
0 0.000665 0.000946 0.001330 0.000019
0 0.000681 0.001054 0.001362 0.000029
0 0.000706 0.001114 0.001411 0.000039
0 0.000720 0.001169 0.001441 0.000021
0 0.000700 0.001170 0.001400 0.000022
0 0.002997 0.001556 0.002935 0.000013