0 0.009464 0.001451 0.016785 0.000035
0 0.007426 0.001829 0.011933 0.000138
0 0.007578 0.000202 0.011629 0.000046
0 0.007624 0.000311 0.011538 0.000074
0 0.009425 0.001296 0.016865 0.000114
0 0.009416 0.001680 0.016883 0.000014
0 0.009477 0.001878 0.016761 0.000040
0 0.009459 0.001818 0.016797 0.000033
0 0.003868 0.001713 0.005657 0.000064
0 0.007360 0.001820 0.012065 0.000076
0 0.007143 0.001412 0.012499 0.000072
0 0.007481 0.001420 0.011825 0.000076
0 0.009427 0.000184 0.016859 0.000029
0 0.009429 0.000190 0.016857 0.000031
0 0.009442 0.000350 0.016830 0.000047
0 0.009441 0.000363 0.016832 0.000047
0 0.009401 0.000694 0.016913 0.000022
0 0.009369 0.000931 0.016976 0.000028
0 0.008989 0.000468 0.017737 0.000024