0 0.006874 0.001281 0.013039 0.000035
0 0.004011 0.001365 0.005371 0.000051
0 0.009641 0.000302 0.016432 0.000032
0 0.009662 0.000371 0.016390 0.000021
0 0.007314 0.001735 0.012158 0.000063
0 0.007398 0.001408 0.011991 0.000123
0 0.003974 0.001602 0.005445 0.000045
0 0.007568 0.001759 0.011650 0.000070
0 0.007568 0.001849 0.011650 0.000059
0 0.009273 0.001058 0.017167 0.000012
0 0.009300 0.001162 0.017115 0.000022
0 0.009304 0.001408 0.017107 0.000014
0 0.009270 0.001923 0.017175 0.000018
0 0.009288 0.001995 0.017138 0.000020
0 0.009312 0.002140 0.017089 0.000009
0 0.009311 0.002212 0.017092 0.000017
0 0.003680 0.000027 0.006032 0.000036
0 0.009607 0.000144 0.016500 0.000015