0 0.004422 0.002104 0.004549 0.000059
0 0.009385 0.001429 0.016944 0.000026
0 0.009485 0.000019 0.016745 0.000037
0 0.009537 0.000152 0.016640 0.000032
0 0.009471 0.000347 0.016773 0.000015
0 0.007631 0.000111 0.011523 0.000068
0 0.009540 0.000915 0.016634 0.000041
0 0.009570 0.001013 0.016574 0.000032
0 0.009458 0.001017 0.016798 0.000105
0 0.009277 0.001220 0.017160 0.000015
0 0.009211 0.000954 0.017293 0.000042
0 0.009344 0.001319 0.017026 0.000037
0 0.009272 0.000648 0.017170 0.000235
0 0.009424 0.001620 0.016866 0.000029
0 0.009468 0.001876 0.016777 0.000017
0 0.007295 0.001798 0.012196 0.000056
0 0.009596 0.001491 0.016522 0.000339
0 0.009858 0.001724 0.015998 0.000305
0 0.007578 0.001988 0.011631 0.000059
0 0.009488 0.001978 0.016739 0.000031
0 0.009504 0.002138 0.016706 0.000023
0 0.007213 0.002171 0.012360 0.000072
0 0.014556 0.000420 0.028923 0.000107