0 0.003847 0.000230 0.005700 0.000031
0 0.003220 0.001106 0.002488 0.000014
0 0.009676 0.000350 0.016362 0.000075
0 0.009786 0.000498 0.016142 0.000058
0 0.009845 0.000587 0.016023 0.000112
0 0.009987 0.000693 0.015740 0.000107
0 0.009887 0.000650 0.015940 0.000085
0 0.014233 0.001126 0.025105 0.000034
0 0.003223 0.001116 0.002482 0.000012
0 0.003554 0.000633 0.006285 0.000026
0 0.003550 0.000546 0.006294 0.000025
0 0.003809 0.000244 0.005775 0.000018
0 0.003591 0.001128 0.006210 0.000028
0 0.003486 0.001128 0.006421 0.000016
0 0.003515 0.001069 0.006362 0.000016
0 0.003598 0.000571 0.006198 0.000029
0 0.009619 0.000255 0.016475 0.000056