0 0.003785 0.001133 0.005824 0.000039
0 0.003998 0.001096 0.005398 0.000048
0 0.007665 0.000263 0.011456 0.000092
0 0.007747 0.002207 0.011292 0.000049
0 0.006939 0.001957 0.012908 0.000064
0 0.007720 0.001160 0.011347 0.000033
0 0.003547 0.001761 0.006299 0.000045
0 0.006876 0.002149 0.013033 0.000080
0 0.000036 0.000223 0.000071 0.000035
0 0.000057 0.000243 0.000113 0.000036
0 0.000073 0.000261 0.000145 0.000037
0 0.000095 0.000389 0.000190 0.000036
0 0.000110 0.000402 0.000220 0.000038
0 0.000056 0.000347 0.000112 0.000035
0 0.000042 0.000332 0.000084 0.000035
0 0.000027 0.000317 0.000055 0.000035
0 0.000013 0.000301 0.000025 0.000033
0 0.000271 0.000545 0.000542 0.000015
0 0.003994 0.001042 0.005405 0.000052
0 0.007216 0.000418 0.012353 0.000103