0 0.000424 0.000649 0.000848 0.000012
0 0.000581 0.000277 0.001162 0.000004
0 0.009147 0.001317 0.017420 0.000040
0 0.000578 0.000206 0.001156 0.000006
0 0.000583 0.000256 0.001166 0.000006
0 0.000587 0.000260 0.001173 0.000005
0 0.000590 0.000263 0.001181 0.000006
0 0.000574 0.000272 0.001149 0.000006
0 0.000585 0.000281 0.001170 0.000006
0 0.003494 0.001917 0.006405 0.000019
0 0.000588 0.000283 0.001176 0.000005
0 0.000578 0.000296 0.001156 0.000006
0 0.000572 0.000292 0.001144 0.000006
0 0.000525 0.000462 0.001050 0.000013
0 0.002349 0.000766 0.004231 0.000009
0 0.002328 0.000672 0.004273 0.000004
0 0.009212 0.001452 0.017291 0.000097
0 0.009217 0.001431 0.017279 0.000103
0 0.009232 0.001755 0.017249 0.000047
0 0.009239 0.001744 0.017235 0.000042
0 0.009445 0.001697 0.016824 0.000015
0 0.009031 0.002081 0.017652 0.000101
0 0.009250 0.001989 0.017214 0.000018
0 0.009267 0.002089 0.017181 0.000015
0 0.009270 0.002110 0.017175 0.000013
0 0.002311 0.000668 0.004306 0.000027
0 0.002328 0.000695 0.004273 0.000025
0 0.002340 0.000733 0.004248 0.000022
0 0.002354 0.000811 0.004221 0.000022
0 0.002385 0.000654 0.004159 0.000029
0 0.002403 0.000638 0.004123 0.000017
0 0.013844 0.002194 0.025884 0.000031
0 0.003463 0.001665 0.006468 0.000021
0 0.008968 0.000390 0.017778 0.000041