0 0.001057 0.001890 0.002114 0.000040
0 0.001006 0.001888 0.002011 0.000035
0 0.000932 0.001316 0.001865 0.000043
0 0.000923 0.001161 0.001847 0.000049
0 0.001069 0.000895 0.002138 0.000020
0 0.001108 0.000848 0.002217 0.000038
0 0.002625 0.000043 0.003679 0.000016
0 0.002618 0.000038 0.003693 0.000015
0 0.003262 0.002128 0.002404 0.000015
0 0.001115 0.001684 0.002229 0.000040
0 0.001092 0.001749 0.002184 0.000037
0 0.000970 0.001893 0.001940 0.000042
0 0.000061 0.002130 0.000122 0.000041
0 0.003307 0.000610 0.002315 0.000017
0 0.014198 0.000034 0.025175 0.000022
0 0.014159 0.000058 0.025254 0.000023
0 0.002717 0.000033 0.003495 0.000050
0 0.002691 0.000076 0.003546 0.000017
0 0.002592 0.000013 0.003744 0.000024
0 0.000884 0.001405 0.001769 0.000042
0 0.000837 0.001349 0.001674 0.000017
0 0.000869 0.001427 0.001738 0.000028
0 0.000879 0.001656 0.001758 0.000018
0 0.000967 0.002011 0.001933 0.000041
0 0.000842 0.002003 0.001684 0.000037
0 0.000811 0.001923 0.001621 0.000031
0 0.000848 0.001846 0.001696 0.000040
0 0.000863 0.001820 0.001727 0.000042
0 0.000872 0.001749 0.001743 0.000021
0 0.000876 0.001717 0.001752 0.000023
0 0.000741 0.001771 0.001482 0.000044
0 0.000815 0.001386 0.001629 0.000024
0 0.000686 0.001826 0.001373 0.000040
0 0.000653 0.001711 0.001306 0.000052
0 0.000753 0.001680 0.001505 0.000027
0 0.000742 0.001627 0.001484 0.000057
0 0.000789 0.001601 0.001578 0.000033
0 0.000842 0.001503 0.001684 0.000039
0 0.000802 0.001422 0.001603 0.000032
0 0.013630 0.000026 0.026312 0.000048