0 0.000230 0.001354 0.000459 0.000028
0 0.000227 0.001332 0.000453 0.000035
0 0.000223 0.001218 0.000445 0.000026
0 0.000233 0.001201 0.000466 0.000027
0 0.000250 0.001184 0.000501 0.000032
0 0.000528 0.000871 0.001055 0.000031
0 0.000487 0.000832 0.000973 0.000018
0 0.000468 0.000862 0.000936 0.000017
0 0.000458 0.000876 0.000916 0.000020
0 0.000448 0.000890 0.000897 0.000019
0 0.000437 0.000905 0.000874 0.000021
0 0.000325 0.001228 0.000651 0.000051
0 0.000362 0.001168 0.000723 0.000051
0 0.000258 0.001167 0.000516 0.000029
0 0.000357 0.001051 0.000713 0.000031
0 0.000255 0.001257 0.000511 0.000035
0 0.000218 0.001299 0.000436 0.000034
0 0.000281 0.001272 0.000562 0.000037