0 0.002414 0.000472 0.004102 0.000008
0 0.002368 0.000668 0.004193 0.000018
0 0.002478 0.000708 0.003973 0.000024
0 0.002441 0.000606 0.004047 0.000018
0 0.002441 0.000706 0.004047 0.000022
0 0.002449 0.000745 0.004031 0.000024
0 0.002462 0.000782 0.004004 0.000015
0 0.002449 0.000817 0.004031 0.000023
0 0.002436 0.000784 0.004056 0.000025
0 0.002436 0.000646 0.004057 0.000023
0 0.002398 0.000586 0.004133 0.000025
0 0.002420 0.000608 0.004089 0.000017
0 0.002394 0.000628 0.004141 0.000024
0 0.002422 0.000745 0.004084 0.000025
0 0.002410 0.000816 0.004108 0.000020
0 0.002429 0.000822 0.004071 0.000018
0 0.002395 0.000782 0.004138 0.000026
0 0.002430 0.000684 0.004068 0.000013
0 0.002424 0.000681 0.004081 0.000012
0 0.002411 0.000687 0.004107 0.000016
0 0.002389 0.000674 0.004151 0.000023
0 0.002461 0.000626 0.004006 0.000018
0 0.002477 0.000651 0.003974 0.000029
0 0.002436 0.000521 0.004056 0.000016
0 0.002313 0.000335 0.004302 0.000012
0 0.002409 0.000407 0.004110 0.000023
0 0.002424 0.000416 0.004080 0.000023
0 0.002369 0.000196 0.004191 0.000015
0 0.002351 0.000251 0.004227 0.000009
0 0.002356 0.000253 0.004217 0.000008
0 0.002361 0.000257 0.004206 0.000010
0 0.002297 0.000314 0.004334 0.000012
0 0.002280 0.000331 0.004369 0.000012
0 0.002295 0.000331 0.004339 0.000012
0 0.002419 0.000569 0.004090 0.000024
0 0.002310 0.000372 0.004309 0.000014
0 0.002330 0.000351 0.004268 0.000008
0 0.002320 0.000399 0.004289 0.000010
0 0.002444 0.000431 0.004041 0.000013
0 0.002441 0.000459 0.004046 0.000016
0 0.002423 0.000449 0.004083 0.000019
0 0.002408 0.000436 0.004112 0.000017
0 0.002454 0.000533 0.004021 0.000017
0 0.002381 0.000724 0.004166 0.000024
0 0.002370 0.000697 0.004189 0.000015
0 0.002409 0.000469 0.004110 0.000008
0 0.002352 0.000738 0.004224 0.000024
0 0.002253 0.000798 0.004422 0.000012
0 0.002244 0.000762 0.004441 0.000011
0 0.002287 0.000796 0.004355 0.000009
0 0.002288 0.000804 0.004353 0.000009
0 0.002278 0.000815 0.004373 0.000008
0 0.002271 0.000816 0.004387 0.000009
0 0.002267 0.000816 0.004394 0.000009
0 0.002268 0.000804 0.004392 0.000008
0 0.002269 0.000794 0.004391 0.000008
0 0.002378 0.000591 0.004173 0.000020
0 0.002397 0.000553 0.004134 0.000015
0 0.002388 0.000547 0.004152 0.000016
0 0.002372 0.000425 0.004184 0.000010
0 0.002379 0.000425 0.004171 0.000008
0 0.002384 0.000429 0.004160 0.000010
0 0.002383 0.000438 0.004162 0.000009
0 0.002391 0.000444 0.004147 0.000010
0 0.002398 0.000448 0.004133 0.000009
0 0.002414 0.000464 0.004101 0.000009
0 0.002255 0.000786 0.004418 0.000012
0 0.002259 0.000767 0.004411 0.000012
0 0.002251 0.000764 0.004426 0.000011
0 0.002275 0.000792 0.004378 0.000019
0 0.002342 0.000712 0.004244 0.000024
0 0.002338 0.000747 0.004253 0.000018
0 0.002322 0.000669 0.004285 0.000032
0 0.002328 0.000709 0.004272 0.000021
0 0.002319 0.000746 0.004290 0.000018
0 0.002319 0.000710 0.004291 0.000012
0 0.002293 0.000668 0.004343 0.000037
0 0.002292 0.000729 0.004344 0.000024
0 0.002262 0.000737 0.004404 0.000015
0 0.002267 0.000604 0.004394 0.000008
0 0.002257 0.000568 0.004414 0.000011
0 0.002256 0.000580 0.004417 0.000010
0 0.002256 0.000590 0.004416 0.000009
0 0.002256 0.000600 0.004417 0.000009
0 0.002268 0.000570 0.004392 0.000008
0 0.002266 0.000580 0.004397 0.000010
0 0.002263 0.000591 0.004402 0.000008
0 0.002268 0.000593 0.004393 0.000008
0 0.014444 0.002081 0.024684 0.000035