0 0.009799 0.001653 0.016117 0.000039
0 0.009506 0.001213 0.016703 0.000025
0 0.009295 0.001602 0.017125 0.000042
0 0.009300 0.001612 0.017114 0.000047
0 0.009523 0.002021 0.016669 0.000027
0 0.003177 0.001811 0.002575 0.000026
0 0.003190 0.001830 0.002549 0.000027
0 0.009906 0.001125 0.015902 0.000039
0 0.009685 0.001023 0.016345 0.000025
0 0.009635 0.001004 0.016444 0.000027
0 0.009623 0.000994 0.016468 0.000022
0 0.009494 0.001201 0.016726 0.000023
0 0.009500 0.001207 0.016714 0.000022
0 0.009512 0.001220 0.016690 0.000024
0 0.014926 0.002207 0.028184 0.000049
0 0.009523 0.001223 0.016669 0.000021
0 0.009217 0.001246 0.017280 0.000021
0 0.009225 0.001202 0.017265 0.000028
0 0.009585 0.001271 0.016545 0.000026
0 0.009639 0.001311 0.016436 0.000028
0 0.009693 0.001391 0.016329 0.000024
0 0.009762 0.001581 0.016190 0.000020
0 0.009838 0.001714 0.016038 0.000020
0 0.009863 0.001763 0.015988 0.000032
0 0.009670 0.000317 0.016375 0.000042
0 0.015376 0.001759 0.027285 0.000057
0 0.002345 0.002018 0.004239 0.000028