0 0.009244 0.001105 0.017225 0.000124
0 0.003108 0.001850 0.002712 0.000012
0 0.003122 0.001823 0.002684 0.000015
0 0.003121 0.001834 0.002686 0.000015
0 0.003128 0.001857 0.002674 0.000012
0 0.003119 0.001847 0.002691 0.000015
0 0.003120 0.001867 0.002689 0.000015
0 0.003114 0.001838 0.002700 0.000014
0 0.003108 0.001831 0.002712 0.000012
0 0.003130 0.001828 0.002668 0.000012
0 0.003101 0.001840 0.002727 0.000016
0 0.003013 0.001825 0.002903 0.000026
0 0.003004 0.001804 0.002921 0.000020
0 0.003001 0.001822 0.002926 0.000008
0 0.002994 0.001819 0.002941 0.000018
0 0.002987 0.001826 0.002955 0.000013
0 0.003127 0.001842 0.002674 0.000014
0 0.003136 0.001884 0.002657 0.000016
0 0.003183 0.001929 0.002562 0.000020
0 0.003168 0.001907 0.002593 0.000012
0 0.003179 0.001951 0.002570 0.000021
0 0.003169 0.001935 0.002590 0.000020
0 0.003174 0.001916 0.002580 0.000014
0 0.003161 0.001916 0.002607 0.000011
0 0.003182 0.001905 0.002565 0.000013
0 0.003174 0.001895 0.002581 0.000016
0 0.003160 0.001895 0.002608 0.000014
0 0.003141 0.001850 0.002646 0.000015
0 0.003151 0.001884 0.002626 0.000018
0 0.003153 0.001907 0.002622 0.000016
0 0.003145 0.001896 0.002640 0.000016
0 0.003155 0.001866 0.002619 0.000012
0 0.003149 0.001859 0.002631 0.000014
0 0.003143 0.001872 0.002643 0.000017
0 0.002979 0.001831 0.002971 0.000009