0 0.004283 0.001297 0.004827 0.000027
0 0.003818 0.001933 0.005757 0.000029
0 0.009616 0.000203 0.016483 0.000032
0 0.004300 0.000161 0.004792 0.000019
0 0.007762 0.001159 0.011262 0.000062
0 0.004428 0.001325 0.004538 0.000019
0 0.003610 0.001611 0.006173 0.000025
0 0.003352 0.001677 0.006689 0.000027
0 0.003455 0.001855 0.006483 0.000021
0 0.006804 0.001915 0.013178 0.000073
0 0.007150 0.002084 0.012487 0.000072
0 0.002725 0.000402 0.003478 0.000042
0 0.002748 0.000393 0.003432 0.000042
0 0.004277 0.001338 0.004839 0.000026
0 0.004442 0.001365 0.004510 0.000019
0 0.004443 0.001259 0.004507 0.000020
0 0.006697 0.001645 0.013391 0.000060
0 0.003399 0.001572 0.006595 0.000022
0 0.003573 0.001624 0.006247 0.000027
0 0.004156 0.002097 0.005080 0.000020
0 0.004153 0.002136 0.005087 0.000020
0 0.002627 0.000565 0.003675 0.000019