0 0.009665 0.001124 0.016385 0.000021
0 0.009600 0.001356 0.016515 0.000040
0 0.009263 0.000703 0.017188 0.000021
0 0.000245 0.000961 0.000489 0.000039
0 0.000227 0.000934 0.000454 0.000033
0 0.000211 0.000914 0.000422 0.000040
0 0.000197 0.000812 0.000394 0.000028
0 0.000077 0.000641 0.000153 0.000020
0 0.000079 0.000660 0.000158 0.000030
0 0.000078 0.000676 0.000156 0.000031
0 0.000188 0.000891 0.000377 0.000041
0 0.000239 0.000874 0.000477 0.000031
0 0.000214 0.000849 0.000428 0.000026
0 0.009287 0.000860 0.017141 0.000024
0 0.001297 0.000322 0.001869 0.000014
0 0.007992 0.000315 0.015266 0.000044