0 0.009059 0.001511 0.017597 0.000014
0 0.002819 0.002065 0.003290 0.000011
0 0.000909 0.001367 0.001818 0.000029
0 0.000848 0.001490 0.001697 0.000014
0 0.000852 0.001530 0.001704 0.000015
0 0.000872 0.001512 0.001745 0.000011
0 0.000865 0.001545 0.001730 0.000012
0 0.000919 0.001458 0.001838 0.000015
0 0.000781 0.000540 0.001562 0.000015
0 0.000864 0.001420 0.001728 0.000015
0 0.000863 0.001449 0.001727 0.000010
0 0.000862 0.001441 0.001724 0.000007
0 0.000848 0.001513 0.001696 0.000013
0 0.000848 0.001520 0.001696 0.000008
0 0.000878 0.001525 0.001755 0.000008
0 0.000878 0.001532 0.001756 0.000008
0 0.000878 0.001538 0.001757 0.000007
0 0.000874 0.001547 0.001748 0.000007
0 0.000869 0.001546 0.001738 0.000008
0 0.000843 0.001451 0.001686 0.000009
0 0.000867 0.001503 0.001734 0.000008
0 0.000869 0.001527 0.001738 0.000007
0 0.000877 0.001545 0.001754 0.000011
0 0.000872 0.001503 0.001743 0.000008
0 0.000861 0.001432 0.001722 0.000008
0 0.000818 0.001234 0.001637 0.000017
0 0.000867 0.001521 0.001734 0.000007
0 0.000873 0.001520 0.001746 0.000007
0 0.000876 0.001519 0.001753 0.000006
0 0.000948 0.001401 0.001896 0.000030