0 0.009952 0.000908 0.015811 0.000060
0 0.002860 0.000529 0.003209 0.000015
0 0.002873 0.000580 0.003182 0.000038
0 0.002886 0.000475 0.003157 0.000013
0 0.002885 0.000515 0.003158 0.000027
0 0.002874 0.000525 0.003181 0.000021
0 0.002869 0.000501 0.003190 0.000021
0 0.002856 0.000509 0.003217 0.000023
0 0.002867 0.000526 0.003195 0.000009
0 0.002741 0.000720 0.003447 0.000015
0 0.002848 0.000555 0.003233 0.000020
0 0.002854 0.000592 0.003222 0.000021
0 0.002840 0.000598 0.003249 0.000023
0 0.002843 0.000620 0.003242 0.000022
0 0.002844 0.000535 0.003241 0.000021
0 0.002824 0.000671 0.003280 0.000023
0 0.014220 0.000040 0.025131 0.000020
0 0.002786 0.000729 0.003357 0.000022
0 0.002806 0.000715 0.003316 0.000023
0 0.002467 0.000775 0.003995 0.000009
0 0.002548 0.000850 0.003833 0.000017
0 0.002483 0.000783 0.003963 0.000011
0 0.002476 0.000791 0.003977 0.000014
0 0.002468 0.000789 0.003993 0.000013
0 0.002477 0.000776 0.003974 0.000011
0 0.002472 0.000774 0.003984 0.000008
0 0.002665 0.000834 0.003599 0.000023
0 0.002769 0.000756 0.003391 0.000035
0 0.002663 0.000715 0.003603 0.000015
0 0.002666 0.000737 0.003597 0.000025
0 0.002673 0.000713 0.003583 0.000022
0 0.002680 0.000731 0.003569 0.000011
0 0.002679 0.000748 0.003571 0.000018
0 0.002790 0.000771 0.003349 0.000036
0 0.002814 0.000680 0.003301 0.000022
0 0.002793 0.000628 0.003343 0.000020
0 0.008443 0.001183 0.014363 0.000097
0 0.008337 0.000064 0.014576 0.000123
0 0.001801 0.001151 0.000862 0.000017
0 0.002977 0.000617 0.002975 0.000010
0 0.002970 0.000619 0.002988 0.000011
0 0.001758 0.001164 0.000948 0.000018
0 0.001559 0.000635 0.001347 0.000018
0 0.008314 0.000043 0.014622 0.000080
0 0.008346 0.000018 0.014558 0.000035
0 0.002615 0.000761 0.003699 0.000020
0 0.008364 0.000026 0.014523 0.000049
0 0.008537 0.000130 0.014177 0.000036
0 0.008544 0.000103 0.014163 0.000032
0 0.008550 0.000078 0.014150 0.000030
0 0.008554 0.000053 0.014141 0.000026
0 0.008561 0.000033 0.014128 0.000031
0 0.001777 0.001068 0.000911 0.000022
0 0.002571 0.001050 0.003786 0.000016
0 0.002782 0.000617 0.003366 0.000022
0 0.002747 0.000732 0.003435 0.000021
0 0.002785 0.000638 0.003359 0.000018
0 0.002781 0.000658 0.003366 0.000018
0 0.002765 0.000668 0.003398 0.000018
0 0.002769 0.000687 0.003391 0.000018
0 0.002752 0.000680 0.003424 0.000015
0 0.002757 0.000717 0.003415 0.000018
0 0.008534 0.000056 0.014181 0.000030
0 0.002578 0.001056 0.003772 0.000016
0 0.008537 0.000033 0.014176 0.000031
0 0.008545 0.000014 0.014161 0.000028
0 0.001750 0.000211 0.000964 0.000029
0 0.001518 0.000423 0.001429 0.000036
0 0.007903 0.000663 0.015444 0.000157
0 0.007847 0.000736 0.015556 0.000106
0 0.002535 0.000891 0.003859 0.000023