0 0.003226 0.001797 0.002477 0.000016
0 0.013539 0.000492 0.026494 0.000021
0 0.014173 0.000152 0.025225 0.000018
0 0.014140 0.000497 0.025291 0.000018
0 0.014150 0.000593 0.025271 0.000028
0 0.013588 0.000461 0.026395 0.000027
0 0.013618 0.000697 0.026335 0.000023
0 0.013568 0.000740 0.026436 0.000031
0 0.013481 0.000432 0.026609 0.000037
0 0.014470 0.000273 0.024632 0.000015
0 0.013717 0.000299 0.026138 0.000042
0 0.001013 0.001225 0.002025 0.000020
0 0.014486 0.000422 0.024600 0.000028
0 0.014473 0.000311 0.024625 0.000019
0 0.014209 0.000452 0.025154 0.000025
0 0.014021 0.001789 0.025529 0.000012
0 0.014176 0.000078 0.025219 0.000017
0 0.014355 0.000173 0.024861 0.000020
0 0.003231 0.001828 0.002467 0.000018
0 0.014252 0.001583 0.025068 0.000019
0 0.003241 0.001897 0.002447 0.000009
0 0.003238 0.001891 0.002453 0.000009
0 0.003251 0.001884 0.002426 0.000017
0 0.003218 0.001801 0.002493 0.000016
0 0.003211 0.001807 0.002506 0.000017
0 0.003232 0.001900 0.002464 0.000017
0 0.014305 0.001535 0.024960 0.000022
0 0.014067 0.001749 0.025437 0.000021
0 0.013990 0.001288 0.025592 0.000023
0 0.013913 0.000819 0.025745 0.000018
0 0.013822 0.000785 0.025928 0.000030
0 0.013837 0.000866 0.025898 0.000032
0 0.013708 0.000984 0.026155 0.000037
0 0.013679 0.000897 0.026213 0.000036
0 0.014003 0.001805 0.025565 0.000008