0 0.010893 0.000733 0.018393 0.000070
0 0.011624 0.000937 0.021394 0.000020
0 0.010784 0.000836 0.018610 0.000029
0 0.010761 0.001271 0.018656 0.000053
0 0.010749 0.001270 0.018680 0.000050
0 0.010740 0.001265 0.018700 0.000049
0 0.010731 0.001312 0.018716 0.000049
0 0.010767 0.001322 0.018645 0.000027
0 0.010486 0.001070 0.019206 0.000089
0 0.010430 0.001314 0.019318 0.000086
0 0.011731 0.000831 0.021181 0.000034
0 0.011757 0.000847 0.021128 0.000027
0 0.011779 0.000853 0.021084 0.000027
0 0.011910 0.000908 0.020823 0.000017
0 0.011925 0.000916 0.020792 0.000018
0 0.011920 0.000936 0.020803 0.000016
0 0.011915 0.000955 0.020813 0.000015
0 0.011914 0.000970 0.020814 0.000014
0 0.011911 0.000984 0.020820 0.000018
0 0.011903 0.001031 0.020837 0.000017
0 0.011687 0.000989 0.021268 0.000026
0 0.011624 0.000921 0.021394 0.000020
0 0.011612 0.000993 0.021419 0.000020
0 0.010780 0.000856 0.018619 0.000030
0 0.010782 0.000812 0.018614 0.000035
0 0.010727 0.000815 0.018725 0.000062
0 0.010782 0.000680 0.018614 0.000064
0 0.010555 0.000369 0.019068 0.000059
0 0.010546 0.000428 0.019086 0.000096
0 0.010540 0.000449 0.019098 0.000077
0 0.010522 0.000536 0.019135 0.000097
0 0.010614 0.000537 0.018950 0.000106
0 0.010590 0.000635 0.018999 0.000104
0 0.010694 0.000648 0.018791 0.000070
0 0.010716 0.000569 0.018746 0.000073
0 0.010792 0.000610 0.018595 0.000065
0 0.011602 0.000497 0.021439 0.000026
0 0.010792 0.000704 0.018595 0.000066
0 0.011743 0.000371 0.021157 0.000028
0 0.011751 0.000382 0.021141 0.000031
0 0.010489 0.000721 0.019202 0.000094
0 0.010557 0.000769 0.019064 0.000091
0 0.010634 0.000817 0.018910 0.000075
0 0.010653 0.000761 0.018872 0.000071
0 0.010466 0.000826 0.019247 0.000103
0 0.011606 0.001007 0.021431 0.000021
0 0.011874 0.001109 0.020894 0.000022
0 0.011572 0.001943 0.021498 0.000024
0 0.011556 0.001928 0.021532 0.000022
0 0.011546 0.001901 0.021551 0.000032
0 0.011544 0.001931 0.021555 0.000030
0 0.011605 0.001878 0.021432 0.000021
0 0.011600 0.001893 0.021442 0.000020
0 0.011599 0.001910 0.021445 0.000021
0 0.011582 0.001898 0.021480 0.000024
0 0.011561 0.001898 0.021521 0.000024
0 0.011578 0.001911 0.021487 0.000022
0 0.011595 0.001925 0.021454 0.000023
0 0.011577 0.001929 0.021489 0.000025
0 0.011594 0.001942 0.021454 0.000021
0 0.011877 0.001919 0.020888 0.000026
0 0.011888 0.001921 0.020867 0.000029
0 0.011880 0.001835 0.020882 0.000039
0 0.011883 0.001799 0.020876 0.000028
0 0.011890 0.001845 0.020863 0.000035
0 0.011825 0.001869 0.020992 0.000018
0 0.011819 0.001844 0.021005 0.000020
0 0.011895 0.001615 0.020853 0.000028
0 0.011591 0.001955 0.021462 0.000022
0 0.011613 0.001938 0.021418 0.000022
0 0.011618 0.001904 0.021407 0.000021
0 0.011616 0.001922 0.021411 0.000023
0 0.010767 0.001345 0.018645 0.000024
0 0.010760 0.001366 0.018658 0.000024
0 0.010745 0.001338 0.018688 0.000043
0 0.010704 0.001535 0.018770 0.000022
0 0.011542 0.001852 0.021559 0.000032
0 0.011572 0.001855 0.021499 0.000023
0 0.011589 0.001851 0.021465 0.000022
0 0.011584 0.001881 0.021474 0.000024
0 0.011624 0.001854 0.021395 0.000021
0 0.011621 0.001888 0.021400 0.000021
0 0.011559 0.001952 0.021525 0.000025
0 0.011559 0.001915 0.021524 0.000026
0 0.011611 0.001954 0.021420 0.000022
0 0.011564 0.001868 0.021514 0.000024
0 0.011565 0.001884 0.021513 0.000022
0 0.011588 0.001868 0.021467 0.000022
0 0.011605 0.001843 0.021434 0.000022
0 0.011607 0.001861 0.021430 0.000020
0 0.011624 0.001872 0.021395 0.000019
0 0.011523 0.001937 0.021596 0.000033
0 0.011531 0.001946 0.021580 0.000029
0 0.011346 0.002173 0.021951 0.000025
0 0.011329 0.002149 0.021984 0.000026
0 0.011430 0.000659 0.021783 0.000026
0 0.011374 0.000691 0.021894 0.000029
0 0.011363 0.000715 0.021917 0.000029
0 0.011349 0.000744 0.021945 0.000031
0 0.011333 0.000779 0.021977 0.000035
0 0.011321 0.000807 0.022001 0.000030
0 0.011278 0.000906 0.022087 0.000028
0 0.011257 0.000939 0.022128 0.000031
0 0.011239 0.000996 0.022165 0.000028
0 0.011224 0.001021 0.022194 0.000033
0 0.011241 0.001054 0.022161 0.000031
0 0.011179 0.001126 0.022286 0.000030
0 0.011169 0.001150 0.022304 0.000026
0 0.011408 0.000666 0.021827 0.000030
0 0.011397 0.000692 0.021848 0.000028
0 0.011385 0.000720 0.021874 0.000029
0 0.011358 0.000789 0.021927 0.000033
0 0.011347 0.000820 0.021948 0.000028
0 0.011338 0.000843 0.021967 0.000028
0 0.011329 0.000867 0.021986 0.000029
0 0.011311 0.000831 0.022020 0.000029
0 0.011384 0.000664 0.021874 0.000027
0 0.010056 0.001217 0.020067 0.000045
0 0.010077 0.001163 0.020025 0.000054
0 0.011408 0.000666 0.021827 0.000029
0 0.011206 0.000343 0.022231 0.000030
0 0.011479 0.000271 0.021685 0.000024
0 0.011400 0.000592 0.021843 0.000020
0 0.011399 0.000606 0.021844 0.000024
0 0.011411 0.000612 0.021821 0.000029
0 0.011422 0.000641 0.021800 0.000034
0 0.011430 0.000660 0.021783 0.000027
0 0.011396 0.000640 0.021851 0.000030
0 0.011385 0.000665 0.021874 0.000028
0 0.010282 0.000966 0.019614 0.000032
0 0.010306 0.001289 0.019567 0.000063
0 0.010298 0.001277 0.019583 0.000048
0 0.010382 0.001024 0.019414 0.000058
0 0.010373 0.001007 0.019432 0.000053
0 0.010364 0.000990 0.019450 0.000049
0 0.010354 0.000981 0.019470 0.000047
0 0.010335 0.000990 0.019509 0.000053
0 0.010324 0.000975 0.019531 0.000056
0 0.010270 0.000999 0.019639 0.000035
0 0.011300 0.000855 0.022042 0.000027
0 0.011290 0.000880 0.022063 0.000031
0 0.011286 0.000951 0.022071 0.000033
0 0.011523 0.001857 0.021598 0.000026
0 0.011440 0.001778 0.021762 0.000027
0 0.011447 0.001764 0.021748 0.000028
0 0.011462 0.001783 0.021719 0.000027
0 0.011457 0.001796 0.021730 0.000027
0 0.011471 0.001815 0.021701 0.000029
0 0.011452 0.001753 0.021738 0.000028
0 0.011486 0.001834 0.021672 0.000026
0 0.011491 0.001822 0.021661 0.000025
0 0.011502 0.001853 0.021639 0.000026
0 0.011517 0.001871 0.021609 0.000026
0 0.011464 0.001862 0.021714 0.000031
0 0.011510 0.001882 0.021622 0.000023
0 0.011546 0.001931 0.021551 0.000026
0 0.011524 0.001937 0.021594 0.000032
0 0.011551 0.001902 0.021542 0.000030
0 0.011177 0.001933 0.022289 0.000026
0 0.011216 0.001982 0.022212 0.000025
0 0.011169 0.002016 0.022306 0.000029
0 0.011297 0.002033 0.022049 0.000029
0 0.011200 0.001960 0.022242 0.000025
0 0.011465 0.001828 0.021712 0.000026
0 0.011457 0.001853 0.021730 0.000033
0 0.011272 0.000977 0.022099 0.000033
0 0.011200 0.001960 0.022242 0.000026
0 0.011294 0.001617 0.022056 0.000026
0 0.011309 0.001635 0.022026 0.000024
0 0.011326 0.001654 0.021991 0.000026
0 0.011338 0.001669 0.021967 0.000028
0 0.011350 0.001686 0.021942 0.000030
0 0.011165 0.001907 0.022313 0.000025
0 0.011206 0.001927 0.022232 0.000028
0 0.011185 0.001907 0.022274 0.000029
0 0.011449 0.001844 0.021744 0.000033
0 0.011177 0.001933 0.022288 0.000027
0 0.011416 0.001880 0.021812 0.000028
0 0.011435 0.001827 0.021773 0.000034
0 0.011471 0.001872 0.021702 0.000031
0 0.011449 0.001810 0.021744 0.000028
0 0.011508 0.001841 0.021628 0.000024
0 0.011542 0.001853 0.021559 0.000029
0 0.011531 0.001946 0.021580 0.000029
0 0.011442 0.001835 0.021758 0.000032
0 0.011916 0.001619 0.020811 0.000028
0 0.011893 0.001646 0.020858 0.000026
0 0.011849 0.001668 0.020944 0.000015
0 0.010992 0.001312 0.018195 0.000028
0 0.010935 0.001528 0.018308 0.000077
0 0.010931 0.001591 0.018317 0.000056
0 0.010926 0.001644 0.018326 0.000047
0 0.010913 0.001679 0.018352 0.000060
0 0.010946 0.001713 0.018287 0.000051
0 0.010948 0.001671 0.018282 0.000044
0 0.010940 0.001629 0.018299 0.000064
0 0.010944 0.001565 0.018290 0.000062
0 0.010949 0.001507 0.018281 0.000055
0 0.010955 0.001449 0.018269 0.000069
0 0.010952 0.001616 0.018274 0.000067
0 0.010961 0.001506 0.018256 0.000069
0 0.010967 0.001446 0.018245 0.000055
0 0.010959 0.001681 0.018260 0.000060
0 0.010965 0.001620 0.018248 0.000062
0 0.010973 0.001522 0.018232 0.000057
0 0.010978 0.001454 0.018222 0.000065
0 0.010979 0.001611 0.018220 0.000043
0 0.010975 0.001658 0.018229 0.000044
0 0.010983 0.001566 0.018213 0.000049
0 0.010986 0.001514 0.018207 0.000057
0 0.010942 0.001454 0.018294 0.000071
0 0.010932 0.001434 0.018314 0.000039
0 0.010928 0.001483 0.018323 0.000060
0 0.010885 0.001733 0.018408 0.000057
0 0.010982 0.001409 0.018214 0.000021
0 0.011148 0.001298 0.017883 0.000057
0 0.010885 0.001429 0.018409 0.000054
0 0.010858 0.001775 0.018462 0.000045
0 0.010903 0.001481 0.018373 0.000066
0 0.010889 0.001516 0.018400 0.000048
0 0.010885 0.001577 0.018408 0.000057
0 0.010877 0.001668 0.018424 0.000054
0 0.010866 0.001816 0.018446 0.000042
0 0.010895 0.001582 0.018388 0.000056
0 0.010922 0.001549 0.018335 0.000079
0 0.010920 0.001440 0.018338 0.000054
0 0.010915 0.001496 0.018349 0.000063
0 0.010895 0.001726 0.018388 0.000056
0 0.010893 0.001775 0.018393 0.000038
0 0.010907 0.001757 0.018365 0.000055
0 0.010922 0.001712 0.018334 0.000058
0 0.010930 0.001758 0.018319 0.000056
0 0.010934 0.001695 0.018310 0.000068
0 0.010917 0.001618 0.018345 0.000064
0 0.010990 0.001454 0.018198 0.000067
0 0.010948 0.001772 0.018282 0.000079
0 0.010915 0.001924 0.018349 0.000042
0 0.010833 0.002181 0.018513 0.000045
0 0.010932 0.002143 0.018314 0.000053
0 0.010920 0.002147 0.018338 0.000057
0 0.010903 0.002142 0.018373 0.000092
0 0.010890 0.002130 0.018398 0.000081
0 0.010878 0.002125 0.018423 0.000051
0 0.010866 0.002129 0.018447 0.000042
0 0.010858 0.002128 0.018463 0.000043
0 0.010847 0.002125 0.018484 0.000047
0 0.010837 0.002134 0.018505 0.000043
0 0.010858 0.002168 0.018463 0.000037
0 0.010910 0.002085 0.018359 0.000023
0 0.010861 0.001972 0.018457 0.000026
0 0.010855 0.001991 0.018468 0.000020
0 0.010852 0.002011 0.018474 0.000026
0 0.010854 0.002032 0.018470 0.000023
0 0.010825 0.001979 0.018529 0.000041
0 0.010821 0.002037 0.018536 0.000049
0 0.011125 0.002060 0.017928 0.000049
0 0.012244 0.002100 0.020155 0.000026
0 0.012240 0.001954 0.020162 0.000028
0 0.010938 0.002088 0.018303 0.000019
0 0.010929 0.002013 0.018321 0.000020
0 0.010931 0.001929 0.018317 0.000021
0 0.012246 0.001573 0.020151 0.000027
0 0.010921 0.001969 0.018337 0.000020
0 0.011912 0.001341 0.020818 0.000028
0 0.011929 0.001442 0.020785 0.000030
0 0.011912 0.001445 0.020818 0.000028
0 0.012255 0.001339 0.020134 0.000026
0 0.012253 0.001390 0.020138 0.000035
0 0.012229 0.001440 0.020184 0.000045
0 0.012221 0.001655 0.020201 0.000020
0 0.012251 0.001778 0.020142 0.000049
0 0.010922 0.001992 0.018334 0.000023
0 0.012241 0.001915 0.020160 0.000031
0 0.012239 0.001954 0.020164 0.000028
0 0.011916 0.001620 0.020811 0.000028
0 0.012014 0.001313 0.020615 0.000017
0 0.012025 0.001384 0.020592 0.000028
0 0.012238 0.001335 0.020167 0.000031
0 0.010987 0.001353 0.018205 0.000028
0 0.012239 0.001130 0.020165 0.000021
0 0.011848 0.001712 0.020948 0.000016
0 0.012242 0.001067 0.020159 0.000016
0 0.011982 0.000678 0.020680 0.000027
0 0.010884 0.000801 0.018411 0.000063
0 0.010905 0.000741 0.018369 0.000067
0 0.010895 0.000807 0.018389 0.000067
0 0.010906 0.000808 0.018367 0.000065
0 0.011138 0.000794 0.017902 0.000050
0 0.011118 0.001105 0.017943 0.000031
0 0.011039 0.000928 0.018101 0.000071
0 0.011034 0.001013 0.018110 0.000070
0 0.011029 0.001085 0.018120 0.000066
0 0.011025 0.001153 0.018128 0.000067
0 0.011011 0.001221 0.018157 0.000066
0 0.010874 0.000956 0.018431 0.000037
0 0.010870 0.000988 0.018439 0.000035
0 0.010865 0.001037 0.018449 0.000022
0 0.011990 0.000677 0.020662 0.000030
0 0.011972 0.000676 0.020699 0.000031
0 0.011956 0.000665 0.020730 0.000025
0 0.011877 0.002059 0.020888 0.000012
0 0.011848 0.001730 0.020948 0.000014
0 0.011929 0.001443 0.020785 0.000029
0 0.011911 0.001446 0.020820 0.000030
0 0.011912 0.001341 0.020820 0.000029
0 0.011838 0.001412 0.020968 0.000035
0 0.011718 0.001496 0.021208 0.000022
0 0.011731 0.001523 0.021181 0.000024
0 0.010687 0.002174 0.018805 0.000041
0 0.011621 0.002117 0.021400 0.000026
0 0.011862 0.002056 0.020920 0.000031
0 0.011964 0.000670 0.020715 0.000031
0 0.011836 0.002048 0.020970 0.000043
0 0.011841 0.002001 0.020961 0.000029
0 0.011834 0.002096 0.020975 0.000028
0 0.011793 0.002170 0.021057 0.000031
0 0.011774 0.002159 0.021096 0.000026
0 0.011904 0.002018 0.020835 0.000015
0 0.011865 0.002014 0.020913 0.000033
0 0.011868 0.001971 0.020907 0.000046
0 0.010823 0.000989 0.018532 0.000055
0 0.010828 0.001074 0.018523 0.000064
0 0.010826 0.001178 0.018527 0.000064
0 0.011926 0.000915 0.020792 0.000016
0 0.011966 0.001227 0.020711 0.000014
0 0.011999 0.001177 0.020645 0.000015
0 0.011967 0.001184 0.020710 0.000016
0 0.011967 0.001213 0.020710 0.000012
0 0.011967 0.001242 0.020710 0.000016
0 0.011998 0.001207 0.020646 0.000015
0 0.011998 0.001220 0.020647 0.000014
0 0.011996 0.001248 0.020650 0.000014
0 0.012014 0.001313 0.020615 0.000016
0 0.011920 0.000936 0.020803 0.000016
0 0.011969 0.001167 0.020704 0.000014
0 0.011917 0.000955 0.020809 0.000017
0 0.011915 0.000970 0.020813 0.000013
0 0.012050 0.001252 0.020544 0.000029
0 0.012068 0.001257 0.020506 0.000028
0 0.012058 0.001252 0.020527 0.000029
0 0.012041 0.001252 0.020562 0.000031
0 0.012231 0.001208 0.020182 0.000016
0 0.012236 0.000967 0.020170 0.000016
0 0.012247 0.001053 0.020149 0.000020
0 0.011967 0.001198 0.020708 0.000014
0 0.011912 0.001210 0.020820 0.000031
0 0.011956 0.000665 0.020731 0.000026
0 0.011950 0.000756 0.020743 0.000027
0 0.011965 0.000670 0.020714 0.000030
0 0.011972 0.000675 0.020699 0.000032
0 0.011990 0.000677 0.020664 0.000030
0 0.011998 0.000686 0.020648 0.000033
0 0.011993 0.000716 0.020657 0.000028
0 0.011984 0.000712 0.020675 0.000028
0 0.011968 0.000702 0.020707 0.000026
0 0.011976 0.000768 0.020691 0.000024
0 0.011958 0.000763 0.020726 0.000031
0 0.011954 0.000791 0.020734 0.000026
0 0.011926 0.001106 0.020792 0.000025
0 0.011963 0.000797 0.020718 0.000024
0 0.011950 0.000695 0.020743 0.000028
0 0.011959 0.000699 0.020725 0.000029
0 0.011981 0.000679 0.020680 0.000027
0 0.011976 0.000707 0.020691 0.000028
0 0.012007 0.000693 0.020629 0.000028
0 0.011941 0.000752 0.020761 0.000029
0 0.011966 0.000767 0.020711 0.000028
0 0.011977 0.000805 0.020688 0.000028
0 0.011199 0.000328 0.022244 0.000026