0 0.012236 0.000310 0.020171 0.000060
0 0.012190 0.000314 0.020263 0.000065
0 0.011364 0.000070 0.021914 0.000030
0 0.011371 0.000109 0.021901 0.000035
0 0.011373 0.000149 0.021897 0.000032
0 0.011276 0.000066 0.022092 0.000035
0 0.011277 0.000110 0.022089 0.000033
0 0.011277 0.000153 0.022089 0.000032
0 0.010607 0.000644 0.018965 0.000058
0 0.010601 0.000780 0.018977 0.000053
0 0.010592 0.000916 0.018994 0.000052
0 0.010441 0.000921 0.019297 0.000048
0 0.010444 0.000964 0.019291 0.000043
0 0.010434 0.001049 0.019310 0.000050
0 0.010427 0.001102 0.019324 0.000060
0 0.010427 0.001249 0.019324 0.000058
0 0.010427 0.001157 0.019324 0.000060
0 0.010487 0.001332 0.019205 0.000133
0 0.010627 0.001190 0.018925 0.000057
0 0.010657 0.001244 0.018865 0.000047
0 0.010658 0.001299 0.018862 0.000055
0 0.010677 0.001350 0.018825 0.000057
0 0.010658 0.001394 0.018862 0.000065
0 0.010642 0.001441 0.018894 0.000075
0 0.010625 0.001654 0.018929 0.000067
0 0.011367 0.000033 0.021910 0.000033
0 0.011421 0.000103 0.021801 0.000033
0 0.011416 0.000033 0.021811 0.000030
0 0.011850 0.001597 0.020942 0.000080
0 0.012157 0.000130 0.020330 0.000037
0 0.011841 0.001683 0.020961 0.000072
0 0.010447 0.001672 0.019285 0.000063
0 0.010581 0.001787 0.019017 0.000063
0 0.011476 0.000277 0.021690 0.000060
0 0.011358 0.000741 0.021926 0.000072
0 0.011229 0.000023 0.022186 0.000040
0 0.011456 0.000353 0.021730 0.000073
0 0.011973 0.000108 0.020697 0.000030
0 0.011741 0.000472 0.021161 0.000070
0 0.011831 0.000148 0.020982 0.000033
0 0.011796 0.000481 0.021051 0.000065
0 0.011773 0.000296 0.021097 0.000072
0 0.011526 0.000067 0.021590 0.000037
0 0.011523 0.000111 0.021596 0.000035
0 0.011432 0.000293 0.021778 0.000060
0 0.011476 0.000358 0.021690 0.000078