0 0.012195 0.002091 0.020254 0.000024
0 0.011513 0.001896 0.021616 0.000022
0 0.011501 0.001517 0.021640 0.000020
0 0.011489 0.001536 0.021665 0.000029
0 0.011476 0.001522 0.021690 0.000022
0 0.011468 0.001509 0.021706 0.000019
0 0.011477 0.001478 0.021689 0.000021
0 0.011461 0.001455 0.021722 0.000019
0 0.011452 0.001485 0.021740 0.000022
0 0.011445 0.001472 0.021752 0.000017
0 0.011437 0.001460 0.021768 0.000017
0 0.011426 0.001443 0.021791 0.000017
0 0.011404 0.001413 0.021835 0.000021
0 0.011413 0.001427 0.021817 0.000020
0 0.011421 0.001399 0.021800 0.000019
0 0.011412 0.001387 0.021818 0.000019
0 0.011394 0.001400 0.021855 0.000019
0 0.011404 0.001375 0.021835 0.000019
0 0.011385 0.001347 0.021873 0.000017
0 0.011431 0.001412 0.021781 0.000019
0 0.011414 0.001781 0.021815 0.000017
0 0.011431 0.001808 0.021781 0.000021
0 0.011441 0.001822 0.021761 0.000018
0 0.011466 0.001860 0.021711 0.000019
0 0.011480 0.001878 0.021683 0.000019
0 0.011514 0.001561 0.021616 0.000020
0 0.011600 0.001658 0.021442 0.000020
0 0.011601 0.001691 0.021441 0.000021
0 0.011539 0.001602 0.021564 0.000021
0 0.011591 0.000217 0.021461 0.000017
0 0.014749 0.001118 0.028538 0.000535
0 0.011610 0.000620 0.021422 0.000019
0 0.011602 0.000607 0.021439 0.000019
0 0.014845 0.001278 0.028346 0.000558
0 0.011383 0.001383 0.021877 0.000017
0 0.011446 0.001434 0.021751 0.000017
0 0.011491 0.001500 0.021660 0.000017
0 0.011525 0.001548 0.021593 0.000022
0 0.011521 0.001575 0.021600 0.000022
0 0.011552 0.001623 0.021540 0.000019
0 0.011448 0.001800 0.021748 0.000019
0 0.011560 0.001636 0.021523 0.000017
0 0.011567 0.001649 0.021509 0.000021
0 0.011585 0.001670 0.021473 0.000019
0 0.011392 0.001751 0.021859 0.000019
0 0.011386 0.001707 0.021871 0.000019
0 0.011399 0.001729 0.021844 0.000019
0 0.011410 0.001743 0.021822 0.000019
0 0.011425 0.001764 0.021793 0.000017
0 0.011414 0.001781 0.021815 0.000017
0 0.011401 0.001764 0.021840 0.000019
0 0.011488 0.001892 0.021667 0.000018
0 0.011526 0.002001 0.021590 0.000016
0 0.011746 0.000833 0.021151 0.000018
0 0.011393 0.002093 0.021856 0.000021
0 0.011677 0.000272 0.021289 0.000020
0 0.011685 0.000328 0.021273 0.000019
0 0.011723 0.000350 0.021197 0.000019
0 0.011741 0.000419 0.021160 0.000019
0 0.011832 0.000522 0.020980 0.000017
0 0.011825 0.000092 0.020994 0.000022
0 0.011798 0.000074 0.021048 0.000019
0 0.011744 0.000065 0.021155 0.000016
0 0.011727 0.000081 0.021189 0.000018
0 0.011717 0.000091 0.021209 0.000017
0 0.011715 0.000127 0.021212 0.000014
0 0.011695 0.000114 0.021254 0.000016
0 0.011652 0.000684 0.021339 0.000021
0 0.011664 0.000703 0.021316 0.000020
0 0.011691 0.000744 0.021260 0.000017
0 0.011732 0.000851 0.021178 0.000019
0 0.011721 0.000834 0.021201 0.000021
0 0.011738 0.000841 0.021166 0.000020
0 0.011763 0.000901 0.021116 0.000024
0 0.011785 0.000895 0.021074 0.000021
0 0.011827 0.000955 0.020990 0.000019
0 0.011793 0.000908 0.021056 0.000019
0 0.011779 0.000881 0.021085 0.000019
0 0.011602 0.000181 0.021439 0.000020
0 0.011664 0.000291 0.021316 0.000019
0 0.011773 0.000505 0.021097 0.000021
0 0.011504 0.001917 0.021634 0.000019
0 0.011402 0.002108 0.021839 0.000020
0 0.011422 0.002139 0.021798 0.000020
0 0.011420 0.002176 0.021802 0.000021
0 0.011442 0.002167 0.021759 0.000021
0 0.011471 0.002133 0.021701 0.000022
0 0.011497 0.002131 0.021648 0.000024
0 0.011515 0.002048 0.021613 0.000024
0 0.011540 0.001938 0.021562 0.000020
0 0.011574 0.002021 0.021496 0.000022
0 0.011606 0.001950 0.021430 0.000022
0 0.011497 0.001905 0.021649 0.000017
0 0.011811 0.000526 0.021021 0.000021
0 0.011449 0.001835 0.021745 0.000017
0 0.011447 0.001800 0.021748 0.000019
0 0.011657 0.000153 0.021330 0.000015
0 0.011668 0.000141 0.021307 0.000017
0 0.011679 0.000129 0.021284 0.000015
0 0.011765 0.000042 0.021113 0.000017
0 0.011762 0.000079 0.021118 0.000019
0 0.011715 0.000338 0.021214 0.000021
0 0.011706 0.000323 0.021231 0.000019
0 0.011754 0.000399 0.021135 0.000018
0 0.011602 0.000181 0.021439 0.000021
0 0.011585 0.000260 0.021472 0.000014
0 0.011573 0.000272 0.021496 0.000015
0 0.011562 0.000284 0.021519 0.000017
0 0.011349 0.001331 0.021946 0.000021
0 0.011360 0.001348 0.021922 0.000017
0 0.011375 0.001370 0.021893 0.000021
0 0.011376 0.001335 0.021891 0.000021
0 0.011385 0.001347 0.021873 0.000019
0 0.011350 0.001297 0.021943 0.000019
0 0.011358 0.001308 0.021928 0.000022
0 0.011257 0.001197 0.022129 0.000021
0 0.011334 0.001310 0.021976 0.000016
0 0.011383 0.001383 0.021876 0.000017
0 0.011392 0.001750 0.021859 0.000017
0 0.011375 0.001724 0.021892 0.000019
0 0.011386 0.001706 0.021872 0.000019
0 0.011367 0.001711 0.021908 0.000019
0 0.011358 0.001700 0.021927 0.000021
0 0.011344 0.001677 0.021955 0.000019
0 0.011325 0.001650 0.021992 0.000017
0 0.011340 0.001642 0.021963 0.000020
0 0.011327 0.001626 0.021989 0.000021
0 0.011313 0.001605 0.022017 0.000021
0 0.011296 0.001574 0.022050 0.000019
0 0.011282 0.001589 0.022078 0.000020
0 0.011266 0.001564 0.022111 0.000018
0 0.011340 0.001278 0.021963 0.000019
0 0.011316 0.001243 0.022011 0.000021
0 0.011312 0.001276 0.022018 0.000021
0 0.011233 0.001118 0.022176 0.000018
0 0.011383 0.000227 0.021877 0.000024
0 0.011389 0.000274 0.021866 0.000020
0 0.011166 0.000424 0.022311 0.000021
0 0.011169 0.001063 0.022305 0.000019
0 0.011171 0.001028 0.022300 0.000018
0 0.011206 0.001081 0.022231 0.000017
0 0.011177 0.001040 0.022288 0.000019
0 0.011230 0.001159 0.022183 0.000019
0 0.011257 0.001198 0.022129 0.000021
0 0.011253 0.001149 0.022136 0.000017
0 0.011215 0.001091 0.022213 0.000018
0 0.011304 0.001263 0.022035 0.000017
0 0.011217 0.001138 0.022210 0.000019
0 0.011204 0.001100 0.022235 0.000021
0 0.011196 0.001108 0.022251 0.000019
0 0.011188 0.001094 0.022268 0.000020
0 0.011196 0.001065 0.022252 0.000020
0 0.011188 0.001053 0.022267 0.000020
0 0.011273 0.001221 0.022098 0.000021
0 0.011286 0.001237 0.022070 0.000018
0 0.011295 0.001249 0.022053 0.000022
0 0.011308 0.001231 0.022028 0.000019
0 0.011277 0.001547 0.022088 0.000021
0 0.011178 0.001399 0.022286 0.000016
0 0.011165 0.001383 0.022314 0.000021
0 0.011567 0.000586 0.021509 0.000019
0 0.011286 0.001927 0.022072 0.000019
0 0.011317 0.001977 0.022010 0.000018
0 0.011367 0.002119 0.021908 0.000016
0 0.011344 0.002085 0.021954 0.000024
0 0.005824 0.000447 0.010673 0.000115
0 0.004672 0.000523 0.008514 0.000101
0 0.011389 0.000275 0.021866 0.000020
0 0.011383 0.000228 0.021877 0.000024
0 0.011412 0.000329 0.021819 0.000026
0 0.011510 0.000300 0.021623 0.000017
0 0.011586 0.000583 0.021471 0.000021
0 0.011267 0.001901 0.022108 0.000022
0 0.011576 0.000562 0.021491 0.000017
0 0.011611 0.000620 0.021421 0.000018
0 0.011605 0.000607 0.021434 0.000017
0 0.011555 0.000534 0.021533 0.000017
0 0.011538 0.000504 0.021566 0.000017
0 0.011515 0.000493 0.021613 0.000021
0 0.011468 0.000319 0.021708 0.000026
0 0.011460 0.000319 0.021722 0.000022
0 0.011500 0.000310 0.021643 0.000016
0 0.011519 0.000327 0.021606 0.000017
0 0.011277 0.001914 0.022090 0.000019
0 0.011242 0.001906 0.022160 0.000021
0 0.011176 0.001431 0.022291 0.000021
0 0.011217 0.001827 0.022208 0.000021
0 0.011205 0.001471 0.022232 0.000018
0 0.011214 0.001486 0.022214 0.000021
0 0.011224 0.001500 0.022195 0.000017
0 0.011236 0.001518 0.022170 0.000020
0 0.011248 0.001536 0.022148 0.000019
0 0.011258 0.001550 0.022127 0.000021
0 0.011288 0.001562 0.022066 0.000019
0 0.011274 0.001576 0.022095 0.000019
0 0.011162 0.001813 0.022319 0.000020
0 0.011205 0.001806 0.022232 0.000020
0 0.011236 0.001855 0.022171 0.000018
0 0.011227 0.001879 0.022190 0.000024
0 0.011254 0.001884 0.022135 0.000019
0 0.011247 0.001868 0.022149 0.000020
0 0.011306 0.001962 0.022031 0.000019
0 0.011359 0.002084 0.021924 0.000021
0 0.011327 0.002059 0.021989 0.000027
0 0.011379 0.002143 0.021884 0.000024
0 0.011288 0.002002 0.022066 0.000022
0 0.011292 0.002010 0.022058 0.000022
0 0.011191 0.001788 0.022260 0.000017
0 0.011229 0.001842 0.022184 0.000017
0 0.011769 0.000866 0.021106 0.000018
0 0.011610 0.000621 0.021422 0.000020
0 0.012234 0.001952 0.020175 0.000026
0 0.012144 0.000321 0.020354 0.000019
0 0.011853 0.002038 0.020938 0.000019
0 0.011847 0.002050 0.020949 0.000019
0 0.011840 0.002040 0.020962 0.000016
0 0.012041 0.000126 0.020561 0.000019
0 0.012050 0.000140 0.020543 0.000021
0 0.012070 0.000204 0.020503 0.000018
0 0.012079 0.000184 0.020485 0.000017
0 0.012095 0.000244 0.020452 0.000019
0 0.012113 0.000272 0.020417 0.000018
0 0.012100 0.000238 0.020443 0.000024
0 0.012148 0.000295 0.020348 0.000021
0 0.012154 0.000337 0.020335 0.000020
0 0.012149 0.000443 0.020344 0.000021
0 0.012198 0.000372 0.020246 0.000019
0 0.012234 0.000464 0.020175 0.000019
0 0.012242 0.000443 0.020159 0.000019
0 0.012260 0.000471 0.020122 0.000019
0 0.012252 0.000527 0.020139 0.000021
0 0.012242 0.000505 0.020160 0.000018
0 0.012231 0.000426 0.020181 0.000021
0 0.012221 0.000411 0.020201 0.000021
0 0.012215 0.000396 0.020214 0.000017
0 0.012187 0.000355 0.020269 0.000021
0 0.011844 0.002013 0.020954 0.000021
0 0.011864 0.002079 0.020916 0.000019
0 0.011882 0.002068 0.020880 0.000018
0 0.011821 0.002012 0.021001 0.000017
0 0.011985 0.001206 0.020673 0.000021
0 0.012008 0.001241 0.020628 0.000020
0 0.012036 0.001327 0.020571 0.000019
0 0.012039 0.001260 0.020564 0.000018
0 0.012025 0.001228 0.020594 0.000023
0 0.005200 0.001783 0.007456 0.000112
0 0.005186 0.001850 0.007485 0.000114
0 0.005172 0.001917 0.007513 0.000114
0 0.005158 0.001986 0.007542 0.000115
0 0.015268 0.001871 0.027500 0.000598
0 0.011860 0.002036 0.020922 0.000020
0 0.011887 0.002114 0.020869 0.000019
0 0.011880 0.002103 0.020883 0.000017
0 0.011924 0.002162 0.020795 0.000019
0 0.011938 0.002149 0.020767 0.000019
0 0.011933 0.002175 0.020777 0.000021
0 0.011943 0.002190 0.020757 0.000020
0 0.011983 0.002213 0.020676 0.000019
0 0.011953 0.002202 0.020737 0.000017
0 0.011917 0.002149 0.020809 0.000017
0 0.011906 0.002136 0.020830 0.000020
0 0.011897 0.002123 0.020848 0.000018
0 0.012141 0.000281 0.020361 0.000020
0 0.012135 0.000304 0.020373 0.000020
0 0.011611 0.001706 0.021420 0.000019
0 0.012121 0.000252 0.020401 0.000019
0 0.012206 0.000952 0.020231 0.000022
0 0.012191 0.000923 0.020260 0.000023
0 0.012180 0.000789 0.020282 0.000025
0 0.012176 0.000759 0.020291 0.000024
0 0.012170 0.000715 0.020304 0.000021
0 0.012083 0.001225 0.020477 0.000024
0 0.012113 0.001368 0.020417 0.000027
0 0.012118 0.001395 0.020408 0.000026
0 0.012168 0.001496 0.020306 0.000018
0 0.012255 0.001645 0.020133 0.000018
0 0.012087 0.001254 0.020468 0.000024
0 0.012111 0.001339 0.020421 0.000028
0 0.012100 0.001275 0.020444 0.000027
0 0.012100 0.001425 0.020442 0.000021
0 0.012194 0.001556 0.020254 0.000021
0 0.012155 0.001717 0.020332 0.000024
0 0.012167 0.001732 0.020309 0.000026
0 0.012174 0.001584 0.020295 0.000022
0 0.012178 0.001587 0.020288 0.000022
0 0.012262 0.001241 0.020119 0.000019
0 0.012269 0.001317 0.020105 0.000022
0 0.012232 0.001200 0.020180 0.000022
0 0.012251 0.001885 0.020141 0.000021
0 0.012219 0.000966 0.020205 0.000017
0 0.012237 0.000972 0.020168 0.000024
0 0.012200 0.001034 0.020242 0.000016
0 0.012149 0.000674 0.020345 0.000023
0 0.012085 0.000228 0.020473 0.000019
0 0.012088 0.000198 0.020467 0.000019
0 0.012062 0.000191 0.020519 0.000019
0 0.012072 0.000172 0.020499 0.000019
0 0.012060 0.000154 0.020522 0.000019
0 0.012043 0.000149 0.020557 0.000022
0 0.012041 0.000160 0.020561 0.000022
0 0.012152 0.000492 0.020338 0.000027
0 0.012133 0.000547 0.020378 0.000022
0 0.012135 0.000508 0.020373 0.000022
0 0.012156 0.000715 0.020332 0.000024
0 0.012203 0.001132 0.020237 0.000018
0 0.012167 0.000763 0.020309 0.000022
0 0.012183 0.000871 0.020277 0.000022
0 0.012198 0.000887 0.020247 0.000027
0 0.012231 0.001199 0.020181 0.000023
0 0.012056 0.001051 0.020530 0.000025
0 0.010927 0.000920 0.018324 0.000032
0 0.012049 0.001003 0.020544 0.000022
0 0.012071 0.001067 0.020500 0.000024
0 0.012065 0.001103 0.020513 0.000020
0 0.012072 0.001180 0.020498 0.000022
0 0.005215 0.001715 0.007427 0.000113
0 0.011839 0.000979 0.020965 0.000021
0 0.011826 0.000956 0.020990 0.000019
0 0.011712 0.002202 0.021219 0.000019
0 0.011680 0.002147 0.021282 0.000018
0 0.011633 0.002082 0.021378 0.000018
0 0.011641 0.002096 0.021360 0.000020
0 0.011655 0.002116 0.021334 0.000020
0 0.011665 0.002122 0.021313 0.000017
0 0.011673 0.002135 0.021296 0.000017
0 0.011673 0.002178 0.021297 0.000018
0 0.011684 0.002194 0.021275 0.000019
0 0.011722 0.002214 0.021200 0.000019
0 0.011855 0.000103 0.020934 0.000020
0 0.011875 0.000135 0.020892 0.000019
0 0.011884 0.000152 0.020875 0.000019
0 0.011911 0.000153 0.020822 0.000018
0 0.011919 0.000166 0.020805 0.000019
0 0.012006 0.000102 0.020631 0.000019
0 0.012041 0.000160 0.020560 0.000021
0 0.012041 0.000127 0.020561 0.000018
0 0.012043 0.000149 0.020556 0.000022
0 0.012022 0.000095 0.020600 0.000017
0 0.012014 0.000117 0.020616 0.000022
0 0.012011 0.000079 0.020622 0.000019
0 0.011692 0.002174 0.021259 0.000022
0 0.011629 0.002147 0.021384 0.000019
0 0.011614 0.002060 0.021414 0.000023
0 0.011786 0.001925 0.021072 0.000018
0 0.011645 0.001800 0.021353 0.000015
0 0.011653 0.001793 0.021337 0.000015
0 0.011630 0.001700 0.021383 0.000018
0 0.011645 0.001800 0.021353 0.000014
0 0.011652 0.001793 0.021338 0.000016
0 0.011687 0.001823 0.021268 0.000021
0 0.011725 0.001872 0.021193 0.000021
0 0.011734 0.001852 0.021176 0.000019
0 0.011776 0.001911 0.021090 0.000017
0 0.011779 0.001957 0.021084 0.000017
0 0.011821 0.002012 0.021001 0.000017
0 0.011607 0.001949 0.021429 0.000021
0 0.011810 0.001994 0.021024 0.000019
0 0.011800 0.001981 0.021043 0.000020
0 0.011791 0.001969 0.021061 0.000021
0 0.011771 0.001945 0.021102 0.000019
0 0.011756 0.001924 0.021131 0.000019
0 0.011748 0.001912 0.021147 0.000019
0 0.011702 0.001843 0.021239 0.000019
0 0.011679 0.001810 0.021284 0.000018
0 0.011669 0.001792 0.021305 0.000019
0 0.011631 0.001826 0.021380 0.000035
0 0.012003 0.000064 0.020636 0.000019
0 0.011975 0.000018 0.020692 0.000016
0 0.011984 0.000035 0.020674 0.000018
0 0.011957 0.000719 0.020730 0.000016
0 0.010927 0.000922 0.018325 0.000033
0 0.012049 0.001004 0.020544 0.000022
0 0.012036 0.000874 0.020571 0.000023
0 0.012031 0.000846 0.020580 0.000024
0 0.012023 0.000771 0.020597 0.000022
0 0.012017 0.000733 0.020609 0.000020
0 0.012020 0.000682 0.020604 0.000021
0 0.011992 0.000655 0.020659 0.000023
0 0.011966 0.000733 0.020712 0.000020
0 0.011972 0.000783 0.020698 0.000019
0 0.011943 0.000699 0.020757 0.000018
0 0.012037 0.000949 0.020568 0.000022
0 0.011952 0.000751 0.020739 0.000024
0 0.011907 0.000679 0.020829 0.000021
0 0.011909 0.000645 0.020824 0.000020
0 0.011886 0.000648 0.020870 0.000020
0 0.011897 0.000626 0.020848 0.000020
0 0.011889 0.000615 0.020864 0.000019
0 0.011883 0.000601 0.020876 0.000019
0 0.011985 0.001207 0.020673 0.000022
0 0.011958 0.001182 0.020726 0.000023
0 0.011867 0.001023 0.020909 0.000017
0 0.012053 0.001051 0.020537 0.000024
0 0.012040 0.000897 0.020564 0.000021
0 0.011959 0.000346 0.020726 0.000019
0 0.011843 0.000537 0.020958 0.000020
0 0.011946 0.000360 0.020750 0.000022
0 0.011966 0.000468 0.020710 0.000023
0 0.011957 0.000413 0.020728 0.000026
0 0.011972 0.000510 0.020698 0.000022
0 0.011969 0.000438 0.020704 0.000025
0 0.011959 0.000448 0.020724 0.000022
0 0.011945 0.000333 0.020753 0.000021
0 0.011941 0.000307 0.020761 0.000028
0 0.011954 0.000317 0.020734 0.000023
0 0.011831 0.000523 0.020980 0.000017
0 0.011883 0.000601 0.020876 0.000019
0 0.012026 0.000796 0.020591 0.000022
0 0.011890 0.000615 0.020863 0.000019
0 0.011898 0.000626 0.020847 0.000019
0 0.011874 0.000586 0.020896 0.000017
0 0.011860 0.000566 0.020922 0.000019
0 0.011855 0.000598 0.020932 0.000019
0 0.011866 0.000613 0.020910 0.000018
0 0.011990 0.000630 0.020663 0.000024
0 0.011942 0.000735 0.020760 0.000018
0 0.011962 0.000768 0.020718 0.000019
0 0.012030 0.000820 0.020582 0.000026