0 0.010893 0.001881 0.018393 0.000075
0 0.011596 0.000713 0.021451 0.000050
0 0.011447 0.000469 0.021748 0.000055
0 0.011470 0.000411 0.021703 0.000056
0 0.011494 0.000350 0.021654 0.000065
0 0.011545 0.000236 0.021552 0.000064
0 0.011588 0.000144 0.021468 0.000056
0 0.011487 0.000053 0.021670 0.000029
0 0.011504 0.000025 0.021635 0.000048
0 0.011545 0.000069 0.021552 0.000056
0 0.011624 0.000580 0.021396 0.000055
0 0.011615 0.000611 0.021413 0.000055
0 0.011594 0.000677 0.021455 0.000054
0 0.011555 0.000926 0.021534 0.000041
0 0.012031 0.002170 0.020581 0.000051
0 0.011311 0.001198 0.022021 0.000053
0 0.011312 0.001137 0.022019 0.000050
0 0.011317 0.001084 0.022008 0.000046
0 0.010240 0.001237 0.019699 0.000108
0 0.010697 0.001539 0.018784 0.000063
0 0.010789 0.001598 0.018601 0.000051
0 0.010266 0.001665 0.019648 0.000064
0 0.010305 0.001895 0.019569 0.000091
0 0.010331 0.001957 0.019518 0.000095
0 0.010460 0.001646 0.019259 0.000089
0 0.010482 0.001641 0.019215 0.000116
0 0.011427 0.000520 0.021789 0.000065
0 0.011352 0.000583 0.021939 0.000059
0 0.011198 0.000829 0.022246 0.000055
0 0.010081 0.001200 0.020016 0.000075
0 0.010218 0.000077 0.019743 0.000074
0 0.010391 0.000405 0.019397 0.000129
0 0.010364 0.000518 0.019450 0.000075
0 0.010408 0.000429 0.019362 0.000188
0 0.010381 0.000587 0.019416 0.000131
0 0.010354 0.000547 0.019471 0.000069
0 0.010343 0.000575 0.019492 0.000075
0 0.010340 0.000713 0.019499 0.000131
0 0.010298 0.000779 0.019582 0.000110
0 0.010258 0.000683 0.019663 0.000085
0 0.010289 0.000816 0.019601 0.000111
0 0.010263 0.000971 0.019652 0.000106
0 0.010255 0.001010 0.019668 0.000110
0 0.010251 0.001053 0.019676 0.000105
0 0.010247 0.001094 0.019684 0.000110
0 0.010244 0.001140 0.019690 0.000113
0 0.010315 0.001060 0.019549 0.000205
0 0.010377 0.000738 0.019425 0.000226
0 0.010345 0.000793 0.019489 0.000138
0 0.010430 0.000537 0.019319 0.000201
0 0.010568 0.000371 0.019043 0.000195
0 0.010592 0.000236 0.018994 0.000060
0 0.010544 0.001663 0.019090 0.000109
0 0.010592 0.001666 0.018994 0.000116
0 0.010649 0.001684 0.018880 0.000109
0 0.011683 0.002068 0.021277 0.000061
0 0.011764 0.002048 0.021115 0.000060
0 0.011656 0.001844 0.021330 0.000085
0 0.011119 0.000722 0.017940 0.000095
0 0.012202 0.000829 0.020238 0.000078
0 0.012195 0.000867 0.020254 0.000075
0 0.012185 0.000904 0.020273 0.000073
0 0.012138 0.001080 0.020367 0.000071
0 0.012120 0.001146 0.020403 0.000066
0 0.011021 0.001542 0.018138 0.000109
0 0.010971 0.001631 0.018236 0.000100
0 0.010780 0.001689 0.018618 0.000100
0 0.010808 0.001682 0.018562 0.000098
0 0.010862 0.001748 0.018454 0.000029
0 0.010843 0.001804 0.018493 0.000031
0 0.010890 0.001948 0.018399 0.000094
0 0.010850 0.001900 0.018479 0.000091
0 0.010828 0.001891 0.018523 0.000095
0 0.010809 0.001896 0.018560 0.000086
0 0.010789 0.001882 0.018601 0.000098
0 0.012117 0.001644 0.020409 0.000079
0 0.012135 0.001647 0.020373 0.000088
0 0.012152 0.001665 0.020338 0.000081
0 0.011706 0.002064 0.021231 0.000074
0 0.011627 0.002065 0.021389 0.000061
0 0.010730 0.001698 0.018719 0.000120
0 0.011503 0.002047 0.021637 0.000045
0 0.010735 0.001883 0.018709 0.000091
0 0.010703 0.001885 0.018772 0.000090
0 0.010678 0.001889 0.018822 0.000084
0 0.010656 0.001866 0.018867 0.000094
0 0.010594 0.001930 0.018991 0.000084
0 0.010548 0.001920 0.019082 0.000088
0 0.010590 0.001849 0.018999 0.000088
0 0.010552 0.001871 0.019074 0.000085
0 0.010498 0.001859 0.019182 0.000091
0 0.010450 0.001807 0.019279 0.000053
0 0.010450 0.001845 0.019279 0.000041
0 0.010446 0.001885 0.019286 0.000040
0 0.010451 0.001920 0.019276 0.000039
0 0.010462 0.002040 0.019254 0.000075
0 0.011602 0.002068 0.021438 0.000064
0 0.010529 0.002064 0.019121 0.000101
0 0.010101 0.001624 0.019977 0.000083
0 0.010099 0.000508 0.019980 0.000079