0 0.010887 0.000897 0.018404 0.000079
0 0.010884 0.000950 0.018411 0.000084
0 0.010754 0.001185 0.018670 0.000126
0 0.010734 0.001170 0.018710 0.000116
0 0.010713 0.001160 0.018753 0.000129
0 0.010695 0.001148 0.018790 0.000128
0 0.010673 0.001132 0.018832 0.000126
0 0.010632 0.001106 0.018914 0.000129
0 0.010594 0.001082 0.018990 0.000124
0 0.010573 0.001064 0.019032 0.000129
0 0.010552 0.001055 0.019074 0.000133
0 0.010491 0.001011 0.019196 0.000135
0 0.010469 0.000995 0.019240 0.000133
0 0.010437 0.001107 0.019304 0.000135
0 0.010416 0.001092 0.019346 0.000135
0 0.010426 0.000961 0.019327 0.000129
0 0.010406 0.000950 0.019367 0.000126
0 0.010486 0.000669 0.019206 0.000144
0 0.010465 0.000657 0.019248 0.000146
0 0.010440 0.000656 0.019299 0.000163
0 0.010423 0.000652 0.019334 0.000133
0 0.010777 0.001198 0.018625 0.000122
0 0.010538 0.001174 0.019102 0.000131
0 0.010561 0.001190 0.019056 0.000129
0 0.010819 0.001591 0.018540 0.000086
0 0.010876 0.001006 0.018426 0.000088
0 0.010864 0.001114 0.018450 0.000083
0 0.010861 0.001167 0.018456 0.000083
0 0.010854 0.001220 0.018470 0.000081
0 0.010850 0.001274 0.018478 0.000079
0 0.010837 0.001429 0.018505 0.000083
0 0.010829 0.001479 0.018520 0.000084
0 0.010824 0.001537 0.018530 0.000081
0 0.010810 0.001683 0.018558 0.000068
0 0.010583 0.001202 0.019012 0.000128
0 0.010804 0.001736 0.018571 0.000069
0 0.010744 0.001310 0.018691 0.000137
0 0.010723 0.001292 0.018732 0.000150
0 0.010701 0.001282 0.018777 0.000133
0 0.010662 0.001257 0.018855 0.000131
0 0.010642 0.001235 0.018895 0.000122
0 0.010621 0.001231 0.018937 0.000129
0 0.010601 0.001220 0.018976 0.000129
0 0.010366 0.000590 0.019447 0.000129