0 0.010813 0.000976 0.018553 0.000045
0 0.010263 0.001370 0.019652 0.000061
0 0.011189 0.001378 0.022266 0.000018
0 0.011330 0.001483 0.021984 0.000017
0 0.011343 0.001475 0.021956 0.000020
0 0.011196 0.001371 0.022251 0.000022
0 0.011210 0.001362 0.022223 0.000017
0 0.010426 0.000606 0.019326 0.000046
0 0.010434 0.000595 0.019311 0.000048
0 0.010529 0.000673 0.019120 0.000032
0 0.010551 0.000590 0.019076 0.000032
0 0.010599 0.000632 0.018981 0.000033
0 0.010591 0.000601 0.018996 0.000033
0 0.010589 0.000585 0.019001 0.000033
0 0.010585 0.000567 0.019008 0.000034
0 0.010639 0.000512 0.018901 0.000082
0 0.010653 0.000539 0.018872 0.000043
0 0.010662 0.000535 0.018854 0.000042
0 0.010670 0.000526 0.018839 0.000044
0 0.011531 0.000677 0.021581 0.000028
0 0.011533 0.000693 0.021576 0.000028
0 0.010399 0.000626 0.019380 0.000040
0 0.010403 0.000638 0.019373 0.000040
0 0.010106 0.001346 0.019967 0.000026
0 0.010297 0.001349 0.019584 0.000044
0 0.011569 0.001065 0.021505 0.000028
0 0.010314 0.001373 0.019550 0.000038
0 0.011445 0.001219 0.021754 0.000018
0 0.011189 0.001378 0.022265 0.000018
0 0.011211 0.001362 0.022222 0.000016
0 0.011197 0.001371 0.022250 0.000021
0 0.011476 0.000742 0.021691 0.000022
0 0.011452 0.000687 0.021739 0.000028
0 0.011435 0.000695 0.021774 0.000026
0 0.011432 0.000749 0.021779 0.000030
0 0.011473 0.000728 0.021698 0.000021
0 0.011445 0.000778 0.021753 0.000035
0 0.011438 0.000776 0.021768 0.000019
0 0.011444 0.000744 0.021755 0.000023
0 0.011440 0.000690 0.021763 0.000028
0 0.011470 0.000714 0.021703 0.000019
0 0.011465 0.000700 0.021712 0.000023
0 0.010369 0.001393 0.019440 0.000043
0 0.010359 0.001398 0.019460 0.000043
0 0.010350 0.001407 0.019479 0.000041
0 0.010342 0.001364 0.019494 0.000047
0 0.010335 0.001379 0.019509 0.000045
0 0.010322 0.001364 0.019534 0.000040
0 0.011583 0.000667 0.021478 0.000032
0 0.010673 0.000468 0.018832 0.000042
0 0.010347 0.000855 0.019486 0.000044
0 0.010374 0.000829 0.019430 0.000043
0 0.011667 0.001259 0.021309 0.000015
0 0.011680 0.001255 0.021283 0.000016
0 0.011641 0.001268 0.021361 0.000018
0 0.011644 0.001328 0.021354 0.000018
0 0.011620 0.001169 0.021403 0.000016
0 0.011621 0.001198 0.021401 0.000016
0 0.011623 0.001214 0.021398 0.000016
0 0.011630 0.001303 0.021383 0.000018
0 0.011637 0.001238 0.021369 0.000016
0 0.011644 0.001298 0.021354 0.000016
0 0.011644 0.001314 0.021354 0.000014
0 0.011629 0.001320 0.021385 0.000018
0 0.011585 0.001012 0.021473 0.000032
0 0.011576 0.000984 0.021491 0.000030
0 0.011557 0.000980 0.021528 0.000022
0 0.011488 0.000881 0.021666 0.000022
0 0.011533 0.000843 0.021576 0.000021
0 0.011550 0.000915 0.021543 0.000031
0 0.011555 0.000937 0.021533 0.000031
0 0.011542 0.000963 0.021558 0.000028
0 0.011564 0.001031 0.021514 0.000026
0 0.011669 0.001275 0.021305 0.000017
0 0.011671 0.001304 0.021301 0.000014
0 0.011679 0.001225 0.021285 0.000018
0 0.011714 0.000718 0.021215 0.000027
0 0.010370 0.000810 0.019438 0.000040
0 0.010658 0.000831 0.018863 0.000016
0 0.010655 0.000850 0.018868 0.000019
0 0.010657 0.001084 0.018864 0.000043
0 0.010439 0.001070 0.019300 0.000047
0 0.010382 0.001384 0.019414 0.000026
0 0.010371 0.001321 0.019436 0.000030
0 0.011776 0.000815 0.021090 0.000014
0 0.011681 0.000732 0.021281 0.000025
0 0.011663 0.001170 0.021317 0.000015
0 0.011673 0.000733 0.021297 0.000028
0 0.011695 0.000760 0.021253 0.000013
0 0.011586 0.000841 0.021470 0.000017
0 0.011516 0.000856 0.021611 0.000019
0 0.011502 0.000869 0.021639 0.000018
0 0.011475 0.000893 0.021692 0.000020
0 0.011475 0.000743 0.021692 0.000023
0 0.011779 0.000974 0.021084 0.000015
0 0.011661 0.001140 0.021320 0.000017
0 0.011424 0.001192 0.021795 0.000032
0 0.011417 0.001202 0.021808 0.000026
0 0.011411 0.001207 0.021821 0.000028
0 0.011201 0.001153 0.022240 0.000020
0 0.010275 0.001146 0.019628 0.000041
0 0.010330 0.001260 0.019518 0.000033
0 0.010326 0.001239 0.019526 0.000033
0 0.010300 0.001151 0.019579 0.000033
0 0.010230 0.001208 0.019718 0.000043
0 0.010216 0.001143 0.019747 0.000047
0 0.010260 0.001106 0.019658 0.000044
0 0.010295 0.001089 0.019589 0.000037
0 0.010324 0.000986 0.019530 0.000022
0 0.011173 0.001011 0.022296 0.000033
0 0.011186 0.001050 0.022272 0.000030
0 0.010341 0.000836 0.019498 0.000041
0 0.010340 0.000817 0.019499 0.000039
0 0.011453 0.000686 0.021738 0.000035
0 0.010158 0.000692 0.019863 0.000061
0 0.010282 0.000594 0.019614 0.000054
0 0.010293 0.000645 0.019593 0.000060
0 0.010305 0.000707 0.019569 0.000057
0 0.011288 0.000606 0.022066 0.000023
0 0.011459 0.000658 0.021725 0.000024
0 0.011465 0.000677 0.021712 0.000024
0 0.011469 0.000714 0.021704 0.000020
0 0.011439 0.000690 0.021764 0.000028
0 0.011451 0.000687 0.021740 0.000030
0 0.010335 0.000798 0.019509 0.000042
0 0.011434 0.000695 0.021775 0.000029
0 0.011466 0.000700 0.021712 0.000023
0 0.010060 0.000680 0.020059 0.000055
0 0.010160 0.000814 0.019858 0.000057
0 0.010149 0.000935 0.019880 0.000036
0 0.010152 0.000916 0.019875 0.000028
0 0.010185 0.000751 0.019809 0.000038
0 0.011191 0.001082 0.022262 0.000033
0 0.011237 0.001102 0.022170 0.000021
0 0.011395 0.001217 0.021853 0.000031
0 0.011255 0.001086 0.022133 0.000025
0 0.011337 0.000889 0.021969 0.000040
0 0.011343 0.000881 0.021956 0.000038
0 0.011350 0.000876 0.021942 0.000039
0 0.011342 0.001047 0.021959 0.000019
0 0.011353 0.001037 0.021936 0.000020
0 0.011368 0.001025 0.021907 0.000018
0 0.011382 0.001011 0.021879 0.000020
0 0.011385 0.001038 0.021872 0.000021
0 0.011397 0.000997 0.021849 0.000023
0 0.011431 0.000966 0.021782 0.000022
0 0.011475 0.000893 0.021693 0.000020
0 0.011345 0.001074 0.021953 0.000021
0 0.011339 0.001145 0.021964 0.000031
0 0.011357 0.001250 0.021928 0.000030
0 0.011401 0.001211 0.021841 0.000029
0 0.011368 0.001113 0.021907 0.000028
0 0.011365 0.001244 0.021914 0.000026
0 0.011370 0.001238 0.021902 0.000031
0 0.011379 0.001232 0.021885 0.000033
0 0.011385 0.001225 0.021872 0.000033
0 0.011393 0.001239 0.021857 0.000026
0 0.011330 0.000895 0.021983 0.000038
0 0.011329 0.000908 0.021984 0.000044
0 0.011324 0.000875 0.021996 0.000026
0 0.011269 0.001211 0.022105 0.000017
0 0.011260 0.001104 0.022123 0.000020
0 0.011258 0.001166 0.022126 0.000022
0 0.011288 0.001157 0.022067 0.000022
0 0.011290 0.001175 0.022063 0.000019
0 0.011293 0.001192 0.022056 0.000019
0 0.011305 0.001239 0.022034 0.000018
0 0.011171 0.000980 0.022300 0.000030
0 0.011166 0.000948 0.022311 0.000030
0 0.011177 0.000901 0.022290 0.000031
0 0.011265 0.001195 0.022113 0.000018
0 0.011338 0.000848 0.021968 0.000031
0 0.011299 0.001305 0.022045 0.000023
0 0.011274 0.000991 0.022095 0.000026
0 0.011273 0.000975 0.022097 0.000026
0 0.011306 0.000881 0.022031 0.000027
0 0.011311 0.000912 0.022021 0.000038
0 0.011302 0.000913 0.022038 0.000040
0 0.011282 0.000730 0.022079 0.000020
0 0.011287 0.000808 0.022068 0.000038
0 0.011303 0.000831 0.022038 0.000020
0 0.011566 0.001049 0.021510 0.000025
0 0.011563 0.001112 0.021517 0.000034
0 0.012253 0.002183 0.020138 0.000040
0 0.010949 0.002024 0.018281 0.000048
0 0.010973 0.002040 0.018233 0.000049
0 0.010995 0.002152 0.018188 0.000077
0 0.010977 0.002136 0.018224 0.000079
0 0.010970 0.002146 0.018238 0.000047
0 0.010962 0.002137 0.018255 0.000050
0 0.010929 0.002096 0.018320 0.000045
0 0.010933 0.002078 0.018312 0.000046
0 0.010944 0.002043 0.018290 0.000050
0 0.010988 0.002164 0.018203 0.000035
0 0.010993 0.002131 0.018192 0.000037
0 0.012123 0.000276 0.020396 0.000023
0 0.012127 0.000290 0.020390 0.000025
0 0.012155 0.000275 0.020332 0.000030
0 0.012163 0.000235 0.020317 0.000025
0 0.012194 0.000241 0.020254 0.000020
0 0.012200 0.000201 0.020244 0.000021
0 0.012203 0.000215 0.020236 0.000023
0 0.012210 0.000241 0.020223 0.000019
0 0.012215 0.000339 0.020212 0.000021
0 0.010955 0.002006 0.018269 0.000046
0 0.011572 0.001083 0.021500 0.000027
0 0.010919 0.001634 0.018341 0.000066
0 0.010870 0.001481 0.018439 0.000067
0 0.010878 0.001475 0.018423 0.000066
0 0.010885 0.001469 0.018408 0.000065
0 0.010894 0.001463 0.018391 0.000067
0 0.010903 0.001458 0.018373 0.000065
0 0.010910 0.001451 0.018358 0.000063
0 0.010928 0.001439 0.018323 0.000065
0 0.010936 0.001433 0.018306 0.000067
0 0.010945 0.001427 0.018289 0.000067
0 0.010839 0.001629 0.018501 0.000046
0 0.010844 0.001614 0.018491 0.000065
0 0.010853 0.001601 0.018474 0.000043
0 0.010868 0.001603 0.018442 0.000067
0 0.010869 0.001599 0.018440 0.000062
0 0.010886 0.001586 0.018406 0.000043
0 0.010907 0.001571 0.018364 0.000063
0 0.010919 0.001569 0.018341 0.000067
0 0.010927 0.001564 0.018325 0.000066
0 0.010885 0.001659 0.018408 0.000066
0 0.010900 0.001645 0.018378 0.000050
0 0.010910 0.001640 0.018358 0.000067
0 0.012253 0.000150 0.020136 0.000022
0 0.012238 0.000162 0.020166 0.000022
0 0.012243 0.000178 0.020158 0.000021
0 0.012219 0.000410 0.020204 0.000030
0 0.012215 0.001882 0.020213 0.000029
0 0.012177 0.001888 0.020289 0.000023
0 0.012171 0.001912 0.020301 0.000021
0 0.012154 0.001886 0.020335 0.000030
0 0.012168 0.001930 0.020306 0.000023
0 0.012163 0.001949 0.020317 0.000021
0 0.012161 0.002012 0.020321 0.000028
0 0.012156 0.001991 0.020331 0.000039
0 0.012130 0.002103 0.020383 0.000035
0 0.010988 0.002164 0.018202 0.000035
0 0.010994 0.002131 0.018190 0.000038
0 0.012120 0.002104 0.020403 0.000026
0 0.012137 0.002130 0.020368 0.000028
0 0.012139 0.002091 0.020364 0.000026
0 0.012189 0.002110 0.020265 0.000025
0 0.012174 0.002180 0.020294 0.000033
0 0.012205 0.002133 0.020233 0.000040
0 0.012237 0.002161 0.020168 0.000030
0 0.012247 0.002172 0.020148 0.000035
0 0.012205 0.001873 0.020232 0.000030
0 0.012195 0.001868 0.020253 0.000032
0 0.011061 0.001658 0.018056 0.000031
0 0.012200 0.000732 0.020244 0.000013
0 0.012213 0.000448 0.020218 0.000028
0 0.012207 0.000480 0.020230 0.000030
0 0.012205 0.000509 0.020234 0.000026
0 0.012201 0.000542 0.020241 0.000027
0 0.012262 0.000547 0.020119 0.000015
0 0.012262 0.000574 0.020119 0.000015
0 0.012261 0.000591 0.020121 0.000013
0 0.012197 0.000574 0.020248 0.000027
0 0.011120 0.001379 0.017939 0.000027
0 0.012168 0.000732 0.020307 0.000013
0 0.011064 0.001644 0.018050 0.000035
0 0.012118 0.000738 0.020408 0.000013
0 0.012132 0.000735 0.020379 0.000013
0 0.012152 0.000734 0.020339 0.000013
0 0.012185 0.000732 0.020273 0.000014
0 0.012259 0.001350 0.020125 0.000037
0 0.011076 0.001591 0.018027 0.000033
0 0.012240 0.001366 0.020163 0.000019
0 0.012198 0.001612 0.020248 0.000017
0 0.010861 0.001486 0.018458 0.000067
0 0.010852 0.001492 0.018474 0.000065
0 0.010845 0.001498 0.018488 0.000065
0 0.011665 0.001199 0.021313 0.000015
0 0.011666 0.001215 0.021311 0.000014
0 0.011667 0.001246 0.021309 0.000016
0 0.011686 0.001303 0.021271 0.000018
0 0.011683 0.001272 0.021277 0.000017
0 0.011680 0.001210 0.021283 0.000016
0 0.011681 0.001197 0.021281 0.000014
0 0.011678 0.001180 0.021286 0.000017
0 0.011677 0.001165 0.021289 0.000016
0 0.011676 0.001151 0.021290 0.000015
0 0.011674 0.001120 0.021294 0.000018
0 0.011726 0.000754 0.021192 0.000013
0 0.011713 0.000758 0.021217 0.000011
0 0.011707 0.000722 0.021228 0.000030
0 0.011700 0.000725 0.021243 0.000029
0 0.011680 0.000766 0.021283 0.000016
0 0.011685 0.000728 0.021272 0.000030
0 0.011615 0.000826 0.021413 0.000016
0 0.011602 0.000834 0.021438 0.000018
0 0.011533 0.000694 0.021577 0.000028
0 0.011513 0.000806 0.021616 0.000029
0 0.011664 0.001185 0.021315 0.000015
0 0.011662 0.001155 0.021318 0.000016
0 0.011661 0.001125 0.021321 0.000018
0 0.011624 0.001245 0.021394 0.000016
0 0.011574 0.001102 0.021495 0.000029
0 0.011576 0.001121 0.021490 0.000028
0 0.011574 0.001187 0.021496 0.000036
0 0.011584 0.001183 0.021475 0.000018
0 0.011587 0.001213 0.021469 0.000021
0 0.011596 0.001274 0.021452 0.000016
0 0.011623 0.001289 0.021398 0.000031
0 0.011620 0.001185 0.021403 0.000016
0 0.011624 0.001230 0.021395 0.000015
0 0.011626 0.001260 0.021390 0.000018
0 0.011650 0.001175 0.021342 0.000026
0 0.011627 0.001274 0.021388 0.000017
0 0.011629 0.001288 0.021385 0.000017
0 0.011642 0.001283 0.021358 0.000018
0 0.011641 0.001254 0.021361 0.000013
0 0.011638 0.001223 0.021366 0.000015
0 0.011637 0.001209 0.021369 0.000016
0 0.011637 0.001195 0.021368 0.000013
0 0.011635 0.001180 0.021373 0.000013
0 0.011634 0.001165 0.021374 0.000016
0 0.011780 0.000988 0.021082 0.000013
0 0.010837 0.001503 0.018505 0.000063
0 0.012085 0.000405 0.020472 0.000021
0 0.012093 0.000384 0.020456 0.000023
0 0.012087 0.000342 0.020468 0.000019
0 0.003147 0.000645 0.002634 0.000062
0 0.012047 0.000233 0.020549 0.000028
0 0.010862 0.001019 0.018454 0.000057
0 0.012102 0.000741 0.020440 0.000011
0 0.012087 0.000742 0.020470 0.000012
0 0.012073 0.000745 0.020498 0.000013
0 0.011956 0.000724 0.020732 0.000012
0 0.011943 0.000725 0.020758 0.000013
0 0.011925 0.000728 0.020792 0.000013
0 0.011909 0.000730 0.020824 0.000013
0 0.011891 0.000733 0.020860 0.000013
0 0.011878 0.000735 0.020887 0.000013
0 0.011828 0.000741 0.020987 0.000013
0 0.011845 0.000739 0.020954 0.000012
0 0.011862 0.000738 0.020919 0.000013
0 0.010810 0.000932 0.018558 0.000040
0 0.010872 0.000867 0.018434 0.000063
0 0.010827 0.001509 0.018524 0.000065
0 0.011892 0.000454 0.020859 0.000021
0 0.011890 0.000435 0.020862 0.000021
0 0.010805 0.000408 0.018569 0.000028
0 0.010674 0.000468 0.018831 0.000041
0 0.010699 0.000451 0.018780 0.000044
0 0.010707 0.000490 0.018765 0.000045
0 0.010730 0.000606 0.018720 0.000044
0 0.010749 0.000616 0.018680 0.000046
0 0.010838 0.000580 0.018502 0.000030
0 0.010878 0.000570 0.018422 0.000030
0 0.010900 0.000543 0.018379 0.000048
0 0.010783 0.000583 0.018612 0.000045
0 0.011841 0.000487 0.020962 0.000023
0 0.011926 0.000423 0.020790 0.000025
0 0.011843 0.000504 0.020958 0.000018
0 0.011845 0.000521 0.020952 0.000018
0 0.011849 0.000534 0.020944 0.000023
0 0.011852 0.000548 0.020938 0.000023
0 0.011854 0.000564 0.020936 0.000022
0 0.011857 0.000584 0.020928 0.000021
0 0.011895 0.000491 0.020852 0.000021
0 0.011883 0.000518 0.020877 0.000026
0 0.011933 0.000458 0.020776 0.000023