0 0.012237 0.002004 0.020169 0.000087
0 0.011494 0.001745 0.021654 0.000067
0 0.010632 0.001718 0.018915 0.000089
0 0.010610 0.001531 0.018958 0.000108
0 0.010530 0.001442 0.019118 0.000117
0 0.010510 0.001478 0.019158 0.000115
0 0.010580 0.001555 0.019018 0.000117
0 0.010549 0.001580 0.019081 0.000117
0 0.010484 0.001570 0.019211 0.000120
0 0.010559 0.001646 0.019060 0.000099
0 0.010547 0.001688 0.019085 0.000103
0 0.010494 0.001685 0.019191 0.000124
0 0.010540 0.001758 0.019098 0.000112
0 0.010460 0.000306 0.019259 0.000158
0 0.010506 0.000779 0.019166 0.000110
0 0.010535 0.000649 0.019108 0.000097
0 0.010274 0.001159 0.019630 0.000071
0 0.010278 0.001196 0.019622 0.000071
0 0.010245 0.001335 0.019688 0.000073
0 0.010785 0.001792 0.018609 0.000058
0 0.011460 0.001713 0.021723 0.000071
0 0.010617 0.001664 0.018945 0.000126
0 0.010644 0.001631 0.018890 0.000105
0 0.010668 0.001594 0.018843 0.000105
0 0.010441 0.001153 0.019296 0.000096
0 0.010330 0.000872 0.019519 0.000094
0 0.010340 0.000746 0.019499 0.000142
0 0.010366 0.001238 0.019447 0.000128
0 0.010341 0.001462 0.019497 0.000191
0 0.010418 0.000919 0.019342 0.000271
0 0.010811 0.001662 0.018556 0.000124
0 0.010801 0.001707 0.018576 0.000126
0 0.010835 0.001598 0.018509 0.000106
0 0.010436 0.001192 0.019308 0.000092
0 0.010663 0.001538 0.018853 0.000113
0 0.010426 0.001224 0.019327 0.000089
0 0.010414 0.001262 0.019351 0.000087
0 0.010404 0.001304 0.019371 0.000103
0 0.010397 0.001350 0.019384 0.000085
0 0.010611 0.001419 0.018957 0.000113
0 0.010644 0.001392 0.018890 0.000103
0 0.010661 0.001343 0.018857 0.000106
0 0.010675 0.001488 0.018829 0.000110
0 0.011476 0.001721 0.021691 0.000073
0 0.011512 0.001764 0.021620 0.000069
0 0.010851 0.002015 0.018476 0.000275
0 0.011575 0.001806 0.021493 0.000080
0 0.011597 0.001827 0.021448 0.000083
0 0.011621 0.001858 0.021400 0.000081
0 0.011666 0.001901 0.021310 0.000074
0 0.011547 0.002164 0.021550 0.000083
0 0.011567 0.002180 0.021510 0.000090
0 0.011730 0.002191 0.021184 0.000048
0 0.011739 0.002150 0.021165 0.000041
0 0.011743 0.002115 0.021157 0.000039
0 0.011799 0.002079 0.021046 0.000058
0 0.011432 0.001785 0.021779 0.000069
0 0.010984 0.001201 0.018210 0.000191
0 0.010873 0.001830 0.018433 0.000188
0 0.011505 0.002120 0.021633 0.000083
0 0.011451 0.002056 0.021741 0.000105
0 0.011429 0.002036 0.021784 0.000097
0 0.010736 0.001887 0.018707 0.000113
0 0.011640 0.001107 0.021363 0.000071
0 0.011671 0.001144 0.021302 0.000069
0 0.011685 0.001169 0.021274 0.000081
0 0.011705 0.000489 0.021234 0.000089
0 0.010067 0.001981 0.020044 0.000089
0 0.010292 0.002012 0.019595 0.000119
0 0.010726 0.001929 0.018727 0.000113
0 0.011313 0.002060 0.022017 0.000067
0 0.010604 0.001826 0.018970 0.000087
0 0.010632 0.001859 0.018915 0.000094
0 0.010316 0.000976 0.019547 0.000145