0 0.012178 0.002093 0.020287 0.000023
0 0.011540 0.001085 0.021564 0.000010
0 0.011534 0.001139 0.021575 0.000012
0 0.011531 0.001129 0.021580 0.000013
0 0.011543 0.001134 0.021556 0.000012
0 0.011529 0.001099 0.021585 0.000011
0 0.011472 0.001177 0.021698 0.000012
0 0.011471 0.001167 0.021701 0.000014
0 0.011467 0.001148 0.021708 0.000011
0 0.011465 0.001120 0.021713 0.000010
0 0.011464 0.001109 0.021715 0.000012
0 0.011446 0.001249 0.021750 0.000010
0 0.011485 0.001302 0.021672 0.000014
0 0.011463 0.001192 0.021718 0.000013
0 0.011458 0.001152 0.021727 0.000011
0 0.011460 0.001172 0.021722 0.000013
0 0.011469 0.001072 0.021705 0.000013
0 0.011459 0.001078 0.021724 0.000014
0 0.010330 0.001084 0.019519 0.000015
0 0.011509 0.001294 0.021624 0.000013
0 0.011488 0.001120 0.021667 0.000014
0 0.011545 0.001229 0.021554 0.000012
0 0.011329 0.001164 0.021986 0.000014
0 0.011531 0.001119 0.021582 0.000012
0 0.011536 0.001158 0.021571 0.000010
0 0.011540 0.001105 0.021562 0.000015
0 0.011539 0.001178 0.021565 0.000011
0 0.011537 0.001168 0.021568 0.000011
0 0.011573 0.001176 0.021497 0.000013
0 0.010221 0.001054 0.019737 0.000022
0 0.011233 0.001000 0.022176 0.000015
0 0.011545 0.001217 0.021552 0.000010
0 0.011264 0.000975 0.022114 0.000014
0 0.011170 0.001046 0.022302 0.000015
0 0.011170 0.001327 0.022304 0.000018
0 0.011166 0.001304 0.022311 0.000022
0 0.011542 0.001188 0.021559 0.000010
0 0.011541 0.001198 0.021561 0.000011
0 0.011543 0.001208 0.021558 0.000010
0 0.011512 0.001049 0.021618 0.000013
0 0.011552 0.001203 0.021538 0.000012
0 0.011565 0.001272 0.021512 0.000017
0 0.004733 0.002122 0.008390 0.000104
0 0.011936 0.000061 0.020772 0.000019
0 0.011219 0.000170 0.022205 0.000017
0 0.011207 0.000154 0.022228 0.000018
0 0.011198 0.000139 0.022247 0.000017
0 0.011178 0.000055 0.022287 0.000021
0 0.006981 0.001761 0.012824 0.000761
0 0.004751 0.002157 0.008355 0.000097
0 0.015149 0.001590 0.027738 0.000402
0 0.011551 0.000251 0.021542 0.000018
0 0.010287 0.001536 0.019605 0.000044
0 0.004714 0.000765 0.008428 0.000073
0 0.004705 0.000705 0.008447 0.000074
0 0.004790 0.000721 0.008278 0.000072
0 0.004780 0.000660 0.008296 0.000075
0 0.005923 0.000785 0.010475 0.000099
0 0.015272 0.001035 0.027491 0.000314
0 0.011177 0.000111 0.022288 0.000022
0 0.011475 0.000066 0.021693 0.000013
0 0.011571 0.001238 0.021501 0.000016
0 0.011569 0.001064 0.021504 0.000019
0 0.011631 0.001157 0.021382 0.000020
0 0.011626 0.001147 0.021391 0.000018
0 0.011606 0.001151 0.021431 0.000019
0 0.011600 0.001137 0.021443 0.000019
0 0.011592 0.001117 0.021459 0.000019
0 0.011584 0.001098 0.021476 0.000020
0 0.011577 0.001081 0.021490 0.000017
0 0.011562 0.001049 0.021519 0.000016
0 0.011484 0.000048 0.021674 0.000013
0 0.011515 0.001187 0.021613 0.000013
0 0.011470 0.000082 0.021703 0.000014
0 0.011499 0.000016 0.021645 0.000017
0 0.011505 0.000007 0.021634 0.000015
0 0.011495 0.000023 0.021652 0.000015
0 0.011488 0.000038 0.021668 0.000015
0 0.011491 0.000031 0.021661 0.000017
0 0.011527 0.001090 0.021589 0.000013
0 0.011535 0.001149 0.021573 0.000012
0 0.012167 0.002002 0.020308 0.000020
0 0.011481 0.001274 0.021682 0.000011
0 0.011381 0.000552 0.021880 0.000016
0 0.011168 0.000307 0.022306 0.000016
0 0.010137 0.000204 0.019904 0.000017
0 0.011244 0.000220 0.022155 0.000018
0 0.011197 0.000269 0.022248 0.000018
0 0.011204 0.000079 0.022234 0.000012
0 0.011202 0.000070 0.022239 0.000012
0 0.010141 0.000154 0.019896 0.000020
0 0.011930 0.002007 0.020783 0.000020
0 0.011918 0.002022 0.020808 0.000019
0 0.010807 0.002015 0.018565 0.000025
0 0.010824 0.001993 0.018530 0.000025
0 0.012081 0.001909 0.020481 0.000013
0 0.012088 0.001937 0.020466 0.000022
0 0.012050 0.001940 0.020542 0.000016
0 0.012065 0.001927 0.020513 0.000018
0 0.012029 0.001953 0.020584 0.000016
0 0.011228 0.000604 0.022187 0.000020
0 0.011245 0.000580 0.022152 0.000020
0 0.011241 0.000588 0.022160 0.000021
0 0.011364 0.001423 0.021916 0.000019
0 0.010665 0.002200 0.018848 0.000020
0 0.011169 0.002136 0.022305 0.000019
0 0.010108 0.002206 0.019962 0.000019
0 0.011381 0.002017 0.021881 0.000013
0 0.011386 0.001901 0.021870 0.000010
0 0.011388 0.001929 0.021866 0.000016
0 0.010249 0.001512 0.019680 0.000011
0 0.011318 0.000860 0.022006 0.000010
0 0.011232 0.000663 0.022180 0.000019
0 0.010414 0.000322 0.019351 0.000026
0 0.011161 0.000519 0.022321 0.000014
0 0.011443 0.001230 0.021757 0.000011
0 0.011448 0.001268 0.021746 0.000007
0 0.011446 0.001258 0.021751 0.000011
0 0.011441 0.001211 0.021761 0.000010
0 0.011381 0.001617 0.021881 0.000020
0 0.012059 0.001900 0.020525 0.000015
0 0.012013 0.001919 0.020617 0.000017
0 0.011042 0.001826 0.018094 0.000020
0 0.011465 0.001129 0.021714 0.000013
0 0.011473 0.001186 0.021698 0.000012
0 0.011475 0.001206 0.021694 0.000014
0 0.011465 0.001220 0.021713 0.000013
0 0.011455 0.001134 0.021734 0.000012
0 0.011455 0.001123 0.021733 0.000010
0 0.011497 0.001184 0.021649 0.000013
0 0.011460 0.001162 0.021723 0.000012
0 0.011485 0.001292 0.021673 0.000013
0 0.011505 0.001272 0.021633 0.000014
0 0.011483 0.001283 0.021677 0.000010
0 0.011476 0.001215 0.021692 0.000014
0 0.011469 0.001239 0.021705 0.000012
0 0.011474 0.001287 0.021696 0.000012
0 0.011470 0.001260 0.021702 0.000016
0 0.011464 0.001201 0.021716 0.000012
0 0.011464 0.001210 0.021714 0.000013
0 0.011480 0.001253 0.021684 0.000014
0 0.011507 0.001282 0.021630 0.000017
0 0.011116 0.001757 0.017946 0.000018
0 0.012228 0.000126 0.020187 0.000022
0 0.011092 0.001781 0.017994 0.000018
0 0.012172 0.002067 0.020299 0.000021
0 0.011100 0.001760 0.017978 0.000018
0 0.011949 0.000394 0.020744 0.000019
0 0.011998 0.000361 0.020646 0.000025
0 0.011995 0.000354 0.020652 0.000023
0 0.012242 0.000192 0.020159 0.000019
0 0.012224 0.000152 0.020195 0.000021
0 0.011504 0.001111 0.021634 0.000013
0 0.012206 0.000151 0.020232 0.000021
0 0.011519 0.001225 0.021605 0.000011
0 0.011490 0.001332 0.021663 0.000016
0 0.011475 0.001297 0.021693 0.000014
0 0.011523 0.001287 0.021598 0.000015
0 0.011516 0.001196 0.021611 0.000013
0 0.011502 0.001233 0.021639 0.000013
0 0.014944 0.000376 0.028147 0.000473