0 0.011168 0.001018 0.022308 0.000126
0 0.011189 0.000397 0.022265 0.000128
0 0.011183 0.000543 0.022276 0.000131
0 0.010844 0.001669 0.018491 0.000205
0 0.010808 0.001639 0.018562 0.000194
0 0.010745 0.001544 0.018689 0.000213
0 0.010716 0.001505 0.018746 0.000210
0 0.010647 0.001396 0.018885 0.000221
0 0.010611 0.001358 0.018957 0.000210
0 0.010577 0.001302 0.019025 0.000213
0 0.010607 0.001617 0.018964 0.000166
0 0.010539 0.001268 0.019101 0.000210
0 0.010452 0.001385 0.019276 0.000183
0 0.010441 0.001547 0.019296 0.000196
0 0.010392 0.001729 0.019394 0.000221
0 0.010367 0.001682 0.019444 0.000210
0 0.010341 0.001434 0.019496 0.000254
0 0.010281 0.001368 0.019616 0.000248
0 0.010407 0.000701 0.019364 0.000246
0 0.010399 0.000922 0.019380 0.000207
0 0.010286 0.000555 0.019607 0.000139
0 0.010273 0.000651 0.019632 0.000194
0 0.010256 0.000731 0.019666 0.000213
0 0.010221 0.000831 0.019737 0.000188
0 0.010205 0.000900 0.019769 0.000202
0 0.010215 0.000997 0.019748 0.000221
0 0.010196 0.001042 0.019787 0.000175
0 0.010171 0.001105 0.019837 0.000213
0 0.010175 0.001183 0.019828 0.000166
0 0.010155 0.001244 0.019869 0.000158
0 0.010115 0.001277 0.019948 0.000142
0 0.011168 0.000509 0.022308 0.000123
0 0.011230 0.000460 0.022183 0.000128
0 0.011402 0.000026 0.021840 0.000052
0 0.011256 0.000353 0.022130 0.000128
0 0.012060 0.002150 0.020523 0.000175
0 0.011328 0.002048 0.021987 0.000106
0 0.011202 0.002014 0.022240 0.000109
0 0.011602 0.000042 0.021439 0.000068
0 0.011564 0.000127 0.021514 0.000063
0 0.011612 0.000183 0.021419 0.000060
0 0.011549 0.000296 0.021544 0.000117
0 0.011508 0.000304 0.021626 0.000123
0 0.011482 0.000302 0.021678 0.000123
0 0.011423 0.000315 0.021796 0.000128
0 0.011451 0.000038 0.021742 0.000071
0 0.011351 0.000359 0.021942 0.000117
0 0.011341 0.000408 0.021960 0.000096
0 0.011305 0.000555 0.022033 0.000106
0 0.011288 0.000603 0.022067 0.000109
0 0.011241 0.000684 0.022160 0.000106
0 0.011279 0.000652 0.022085 0.000098
0 0.011424 0.000091 0.021794 0.000068
0 0.011172 0.000243 0.022299 0.000120
0 0.011177 0.000112 0.022290 0.000126
0 0.011197 0.000135 0.022249 0.000150
0 0.011194 0.000270 0.022256 0.000126
0 0.011172 0.000362 0.022299 0.000117
0 0.011239 0.000195 0.022165 0.000123
0 0.011214 0.000293 0.022215 0.000134
0 0.011240 0.000322 0.022162 0.000120
0 0.011261 0.000225 0.022121 0.000134
0 0.011304 0.000153 0.022035 0.000115
0 0.011281 0.000248 0.022080 0.000120
0 0.010178 0.001378 0.019823 0.000147