0 0.011557 0.000178 0.021528 0.000087
0 0.010647 0.001629 0.018884 0.000161
0 0.010795 0.001567 0.018588 0.000172
0 0.010817 0.001608 0.018544 0.000181
0 0.010840 0.001641 0.018499 0.000177
0 0.010596 0.001270 0.018986 0.000217
0 0.010582 0.001429 0.019014 0.000159
0 0.010580 0.001515 0.019018 0.000165
0 0.010548 0.001545 0.019082 0.000172
0 0.010672 0.001409 0.018835 0.000150
0 0.010658 0.001464 0.018863 0.000174
0 0.010651 0.001536 0.018877 0.000168
0 0.010632 0.001682 0.018915 0.000170
0 0.010749 0.001514 0.018680 0.000185
0 0.010714 0.001638 0.018750 0.000161
0 0.010721 0.001739 0.018737 0.000168
0 0.010696 0.001788 0.018786 0.000170
0 0.010787 0.001746 0.018605 0.000172
0 0.010765 0.001887 0.018649 0.000163
0 0.010789 0.001846 0.018600 0.000161
0 0.010862 0.001678 0.018454 0.000183
0 0.010888 0.001713 0.018403 0.000172
0 0.010859 0.001851 0.018461 0.000168
0 0.010861 0.001962 0.018457 0.000116
0 0.010774 0.001536 0.018630 0.000177
0 0.010725 0.001474 0.018729 0.000181
0 0.011438 0.000776 0.021766 0.000074
0 0.010622 0.000687 0.018934 0.000208
0 0.011482 0.000620 0.021679 0.000078
0 0.011490 0.000541 0.021662 0.000076
0 0.011516 0.000430 0.021612 0.000083
0 0.010744 0.000339 0.018690 0.000203
0 0.010713 0.000325 0.018753 0.000208
0 0.010676 0.000318 0.018826 0.000208
0 0.010725 0.000569 0.018729 0.000208
0 0.010704 0.000525 0.018771 0.000197
0 0.010668 0.000504 0.018842 0.000208
0 0.010638 0.000485 0.018903 0.000188
0 0.010593 0.000655 0.018993 0.000210
0 0.010468 0.001421 0.019242 0.000170
0 0.010621 0.000873 0.018936 0.000203
0 0.010580 0.000866 0.019019 0.000208
0 0.010550 0.000831 0.019078 0.000201
0 0.010539 0.001049 0.019101 0.000203
0 0.010574 0.001055 0.019031 0.000210
0 0.010507 0.001021 0.019165 0.000210
0 0.010595 0.001110 0.018988 0.000206
0 0.010527 0.001212 0.019125 0.000141
0 0.010514 0.001325 0.019152 0.000161
0 0.010487 0.001310 0.019205 0.000194
0 0.010834 0.001996 0.018511 0.000163