0 0.011782 0.000884 0.021079 0.000068
0 0.010763 0.001489 0.018652 0.000167
0 0.010645 0.001690 0.018889 0.000188
0 0.010659 0.001728 0.018860 0.000192
0 0.010679 0.001729 0.018821 0.000195
0 0.010728 0.001675 0.018722 0.000120
0 0.010739 0.001634 0.018701 0.000141
0 0.010740 0.001590 0.018698 0.000153
0 0.010752 0.001536 0.018675 0.000167
0 0.010779 0.001449 0.018620 0.000176
0 0.010883 0.001007 0.018413 0.000164
0 0.010793 0.001401 0.018593 0.000169
0 0.010803 0.001348 0.018573 0.000162
0 0.010813 0.001304 0.018553 0.000176
0 0.010803 0.001188 0.018573 0.000174
0 0.010841 0.001202 0.018497 0.000164
0 0.010847 0.001148 0.018486 0.000160
0 0.010860 0.001097 0.018458 0.000162
0 0.010629 0.001663 0.018921 0.000195
0 0.010606 0.001628 0.018967 0.000195
0 0.010570 0.001597 0.019038 0.000185
0 0.010554 0.001576 0.019070 0.000190
0 0.010319 0.000356 0.019541 0.000101
0 0.010315 0.000401 0.019548 0.000089
0 0.010327 0.000857 0.019525 0.000235
0 0.010271 0.001185 0.019637 0.000319
0 0.010346 0.001255 0.019486 0.000176
0 0.010373 0.001344 0.019432 0.000200
0 0.010391 0.001352 0.019397 0.000221
0 0.010408 0.001386 0.019362 0.000190
0 0.010430 0.001398 0.019319 0.000190
0 0.010445 0.001432 0.019289 0.000174
0 0.010460 0.001466 0.019258 0.000204
0 0.010480 0.001487 0.019219 0.000195
0 0.010496 0.001510 0.019187 0.000200
0 0.010517 0.001544 0.019145 0.000192
0 0.010535 0.001562 0.019110 0.000195
0 0.010876 0.001059 0.018426 0.000160
0 0.010894 0.000959 0.018391 0.000171
0 0.011794 0.000837 0.021054 0.000073
0 0.010373 0.001070 0.019433 0.000150
0 0.010486 0.000866 0.019206 0.000150
0 0.010497 0.000819 0.019184 0.000150
0 0.010505 0.000769 0.019168 0.000143
0 0.010512 0.000712 0.019155 0.000124
0 0.010521 0.000657 0.019136 0.000122
0 0.010523 0.000595 0.019133 0.000129
0 0.010499 0.000540 0.019181 0.000131
0 0.010394 0.000938 0.019391 0.000157
0 0.010884 0.000837 0.018410 0.000157
0 0.010410 0.000771 0.019359 0.000162
0 0.010431 0.000607 0.019317 0.000162
0 0.010452 0.000455 0.019274 0.000164
0 0.011874 0.001046 0.020894 0.000082
0 0.011909 0.000839 0.020824 0.000087
0 0.011928 0.000760 0.020786 0.000075
0 0.011802 0.000790 0.021038 0.000073
0 0.010505 0.001013 0.019168 0.000134
0 0.010467 0.000777 0.019245 0.000146
0 0.010444 0.000913 0.019290 0.000150
0 0.010473 0.001082 0.019233 0.000117
0 0.010924 0.000831 0.018331 0.000160
0 0.010905 0.000725 0.018369 0.000141
0 0.010743 0.001199 0.018693 0.000197
0 0.010683 0.001382 0.018814 0.000192
0 0.010669 0.001340 0.018841 0.000155
0 0.010653 0.001303 0.018873 0.000155
0 0.010635 0.001273 0.018908 0.000153
0 0.010619 0.001238 0.018940 0.000157
0 0.010603 0.001206 0.018972 0.000150
0 0.010589 0.001163 0.019000 0.000138
0 0.010602 0.001336 0.018975 0.000113
0 0.010538 0.001222 0.019102 0.000157
0 0.010568 0.001155 0.019042 0.000164
0 0.010535 0.001081 0.019108 0.000148
0 0.010482 0.001170 0.019215 0.000124
0 0.002260 0.001533 0.004409 0.000244