0 0.011790 0.001527 0.021062 0.000085
0 0.011835 0.000199 0.020974 0.000077
0 0.011324 0.000475 0.021995 0.000065
0 0.011320 0.000300 0.022003 0.000072
0 0.011336 0.000497 0.021971 0.000063
0 0.011345 0.000328 0.021952 0.000060
0 0.011331 0.000047 0.021982 0.000069
0 0.011451 0.001151 0.021742 0.000097
0 0.011487 0.001025 0.021669 0.000065
0 0.011483 0.000781 0.021677 0.000072
0 0.011512 0.000784 0.021619 0.000063
0 0.011711 0.000543 0.021220 0.000099
0 0.011702 0.000691 0.021239 0.000083
0 0.011810 0.000572 0.021022 0.000086
0 0.011818 0.001354 0.021007 0.000085
0 0.011783 0.001643 0.021076 0.000083
0 0.011729 0.001364 0.021185 0.000099
0 0.011661 0.001508 0.021321 0.000057
0 0.011632 0.001433 0.021379 0.000060
0 0.011301 0.001542 0.022041 0.000077
0 0.011257 0.001407 0.022129 0.000063
0 0.010615 0.001506 0.018948 0.000089
0 0.010635 0.001523 0.018909 0.000096
0 0.010654 0.001521 0.018871 0.000086
0 0.010710 0.001537 0.018759 0.000086
0 0.010703 0.001660 0.018772 0.000089
0 0.011800 0.001924 0.021042 0.000077
0 0.011299 0.000447 0.022045 0.000068
0 0.011179 0.001130 0.022285 0.000062
0 0.011197 0.000560 0.022249 0.000069
0 0.010311 0.001154 0.019557 0.000079
0 0.010390 0.001171 0.019398 0.000079
0 0.010359 0.000925 0.019460 0.000080
0 0.010469 0.000507 0.019241 0.000092
0 0.010487 0.000509 0.019204 0.000096
0 0.010507 0.000519 0.019165 0.000089
0 0.010546 0.000531 0.019086 0.000072
0 0.010564 0.000533 0.019051 0.000097
0 0.010629 0.000550 0.018921 0.000091
0 0.010512 0.000397 0.019154 0.000094
0 0.010546 0.000403 0.019086 0.000094
0 0.010677 0.000569 0.018824 0.000077
0 0.010717 0.000568 0.018745 0.000076
0 0.010708 0.000730 0.018763 0.000079
0 0.010669 0.000701 0.018840 0.000076
0 0.010624 0.000706 0.018930 0.000080
0 0.010607 0.000706 0.018965 0.000080
0 0.010537 0.000676 0.019105 0.000094
0 0.010492 0.000671 0.019194 0.000045
0 0.010677 0.001365 0.018824 0.000088
0 0.010645 0.001352 0.018888 0.000102
0 0.010689 0.001527 0.018801 0.000088
0 0.011804 0.001646 0.021036 0.000079
0 0.010963 0.001455 0.018253 0.000145
0 0.010835 0.001068 0.018510 0.000060
0 0.010839 0.000975 0.018500 0.000054
0 0.010736 0.001559 0.018706 0.000113
0 0.010758 0.001542 0.018662 0.000091
0 0.010872 0.000341 0.018434 0.000096
0 0.011938 0.000364 0.020767 0.000068
0 0.011927 0.000155 0.020789 0.000057
0 0.012174 0.000758 0.020294 0.000077
0 0.010942 0.001474 0.018294 0.000156
0 0.010923 0.001515 0.018333 0.000168
0 0.010909 0.001562 0.018361 0.000145
0 0.010785 0.001781 0.018608 0.000236
0 0.010764 0.001843 0.018650 0.000159
0 0.010750 0.001676 0.018679 0.000097
0 0.011843 0.001665 0.020956 0.000086
0 0.011382 0.001788 0.021878 0.000074
0 0.011364 0.001653 0.021916 0.000080
0 0.011225 0.001844 0.022192 0.000065
0 0.011219 0.001820 0.022206 0.000060
0 0.011209 0.001797 0.022226 0.000063
0 0.011200 0.001768 0.022242 0.000062
0 0.011170 0.001917 0.022303 0.000063
0 0.011182 0.001941 0.022280 0.000059
0 0.011225 0.002060 0.022192 0.000057
0 0.011270 0.002178 0.022103 0.000059
0 0.011281 0.002204 0.022082 0.000057
0 0.011356 0.002185 0.021931 0.000054
0 0.010726 0.000473 0.018727 0.000126
0 0.010811 0.000623 0.018557 0.000123
0 0.010756 0.000752 0.018666 0.000055
0 0.011097 0.001324 0.017985 0.000055
0 0.011064 0.001366 0.018050 0.000068
0 0.010941 0.000901 0.018297 0.000183
0 0.010978 0.001294 0.018222 0.000146
0 0.010990 0.001386 0.018198 0.000145
0 0.010979 0.001421 0.018220 0.000122
0 0.010289 0.001000 0.019600 0.000040