0 0.011715 0.002104 0.021213 0.000084
0 0.011752 0.002108 0.021139 0.000079
0 0.010515 0.001589 0.019150 0.000050
0 0.010454 0.001570 0.019271 0.000051
0 0.010581 0.001606 0.019017 0.000050
0 0.011706 0.001864 0.021232 0.000042
0 0.011677 0.002058 0.021288 0.000037
0 0.011622 0.002071 0.021399 0.000071
0 0.011585 0.001842 0.021472 0.000040
0 0.011521 0.001833 0.021601 0.000037
0 0.011465 0.001783 0.021712 0.000040
0 0.011409 0.001794 0.021825 0.000037
0 0.011338 0.001769 0.021966 0.000031
0 0.011374 0.002190 0.021895 0.000069
0 0.011344 0.002141 0.021956 0.000072
0 0.011352 0.002188 0.021938 0.000066
0 0.011270 0.001707 0.022103 0.000039
0 0.011236 0.001693 0.022170 0.000037
0 0.011225 0.001730 0.022193 0.000040
0 0.011209 0.001677 0.022225 0.000037
0 0.011327 0.001966 0.021990 0.000059
0 0.011309 0.002073 0.022025 0.000032
0 0.011300 0.001955 0.022043 0.000069
0 0.011276 0.001952 0.022092 0.000066
0 0.011261 0.001944 0.022121 0.000067
0 0.010508 0.001707 0.019162 0.000055
0 0.010439 0.001680 0.019301 0.000050
0 0.010383 0.001768 0.019413 0.000051
0 0.011186 0.000134 0.022271 0.000072
0 0.010289 0.000486 0.019601 0.000127
0 0.010296 0.000558 0.019587 0.000129
0 0.010237 0.001515 0.019705 0.000069
0 0.010233 0.001569 0.019713 0.000059
0 0.010352 0.000157 0.019475 0.000077
0 0.011170 0.000580 0.022304 0.000096
0 0.010045 0.000563 0.020088 0.000088
0 0.011172 0.000493 0.022299 0.000069
0 0.011345 0.000869 0.021952 0.000069
0 0.010358 0.001924 0.019462 0.000072
0 0.011356 0.000872 0.021930 0.000069
0 0.011389 0.000345 0.021866 0.000072
0 0.011472 0.000116 0.021699 0.000071
0 0.011477 0.000087 0.021689 0.000074
0 0.011481 0.000049 0.021682 0.000072
0 0.011464 0.000040 0.021714 0.000077
0 0.011445 0.000028 0.021753 0.000053
0 0.011508 0.000157 0.021628 0.000069
0 0.011616 0.000093 0.021411 0.000048
0 0.011615 0.000064 0.021413 0.000051
0 0.011237 0.002100 0.022168 0.000069
0 0.011208 0.001940 0.022227 0.000051
0 0.011202 0.001968 0.022239 0.000047
0 0.012212 0.001806 0.020218 0.000064
0 0.010810 0.001524 0.018559 0.000066
0 0.011000 0.001535 0.018179 0.000055
0 0.011001 0.001594 0.018177 0.000058
0 0.010745 0.002043 0.018689 0.000076
0 0.010858 0.002075 0.018463 0.000071
0 0.012199 0.001789 0.020244 0.000074
0 0.012187 0.001740 0.020269 0.000032
0 0.012134 0.001868 0.020375 0.000037
0 0.012174 0.001882 0.020296 0.000067
0 0.012206 0.001888 0.020231 0.000067
0 0.012258 0.001822 0.020127 0.000061
0 0.012259 0.001890 0.020124 0.000067
0 0.010766 0.001760 0.018646 0.000055
0 0.012247 0.001887 0.020149 0.000072
0 0.012262 0.001789 0.020120 0.000064
0 0.012222 0.002157 0.020199 0.000043
0 0.012124 0.002119 0.020394 0.000047
0 0.012042 0.001918 0.020558 0.000043
0 0.012017 0.001908 0.020610 0.000043
0 0.011994 0.001896 0.020654 0.000039
0 0.011966 0.001889 0.020711 0.000040
0 0.011878 0.001938 0.020886 0.000042
0 0.011829 0.001915 0.020986 0.000043
0 0.010805 0.001613 0.018568 0.000063
0 0.011198 0.001999 0.022248 0.000048
0 0.010959 0.001228 0.018261 0.000145
0 0.011196 0.002029 0.022251 0.000043
0 0.011196 0.002064 0.022251 0.000047
0 0.011162 0.001669 0.022319 0.000043
0 0.011167 0.001703 0.022309 0.000032
0 0.010816 0.001419 0.018546 0.000071
0 0.010838 0.001131 0.018502 0.000077
0 0.010901 0.001193 0.018377 0.000146
0 0.010927 0.001203 0.018325 0.000140
0 0.010943 0.001229 0.018293 0.000140
0 0.010976 0.001226 0.018226 0.000145
0 0.012035 0.000643 0.020573 0.000071
0 0.010991 0.001230 0.018197 0.000143
0 0.011003 0.001230 0.018172 0.000143
0 0.011038 0.001416 0.018103 0.000051
0 0.011844 0.000311 0.020955 0.000066
0 0.011946 0.000547 0.020750 0.000066
0 0.011958 0.000565 0.020727 0.000072
0 0.011970 0.000579 0.020702 0.000066
0 0.012022 0.000503 0.020599 0.000048
0 0.012020 0.000635 0.020604 0.000087
0 0.010274 0.000480 0.019631 0.000127