0 0.011457 0.002069 0.021730 0.000045
0 0.010185 0.001711 0.019809 0.000053
0 0.010145 0.001644 0.019889 0.000094
0 0.010100 0.001424 0.019978 0.000068
0 0.010291 0.001678 0.019597 0.000055
0 0.010284 0.001722 0.019611 0.000054
0 0.010626 0.001077 0.018927 0.000098
0 0.010760 0.001595 0.018659 0.000102
0 0.010795 0.001591 0.018589 0.000103
0 0.010787 0.001697 0.018604 0.000098
0 0.010822 0.001697 0.018534 0.000100
0 0.010852 0.001684 0.018474 0.000099
0 0.010890 0.001684 0.018398 0.000101
0 0.010813 0.001819 0.018552 0.000100
0 0.010849 0.001824 0.018480 0.000096
0 0.010873 0.001791 0.018433 0.000098
0 0.010903 0.001786 0.018373 0.000098
0 0.010166 0.001609 0.019846 0.000085
0 0.010222 0.001764 0.019735 0.000071
0 0.011433 0.001985 0.021777 0.000049
0 0.010193 0.001824 0.019793 0.000080
0 0.010438 0.000238 0.019303 0.000098
0 0.010477 0.000226 0.019225 0.000103
0 0.010515 0.000216 0.019149 0.000099
0 0.010555 0.000188 0.019070 0.000101
0 0.010459 0.000557 0.019260 0.000076
0 0.011811 0.000358 0.021021 0.000045
0 0.011825 0.000567 0.020992 0.000032
0 0.011825 0.000617 0.020992 0.000029
0 0.011835 0.000639 0.020973 0.000025
0 0.011554 0.000443 0.021535 0.000053
0 0.011866 0.000849 0.020911 0.000029
0 0.011872 0.000902 0.020899 0.000030
0 0.011800 0.000497 0.021043 0.000031
0 0.011814 0.000519 0.021016 0.000027
0 0.011812 0.000542 0.021020 0.000033
0 0.010249 0.001592 0.019681 0.000066
0 0.011197 0.001093 0.022249 0.000048
0 0.011181 0.001049 0.022281 0.000052
0 0.011214 0.001145 0.022214 0.000046
0 0.010046 0.002098 0.020087 0.000112
0 0.010097 0.001842 0.019984 0.000109
0 0.010253 0.001829 0.019673 0.000073
0 0.010858 0.001947 0.018462 0.000102
0 0.010860 0.001930 0.018458 0.000100
0 0.010907 0.001894 0.018365 0.000098
0 0.010924 0.002009 0.018330 0.000101
0 0.011540 0.002099 0.021562 0.000026
0 0.011499 0.001917 0.021644 0.000027
0 0.010068 0.002136 0.020043 0.000109
0 0.010103 0.002137 0.019973 0.000109
0 0.010139 0.002134 0.019901 0.000138
0 0.011320 0.001439 0.022002 0.000051
0 0.011233 0.001192 0.022177 0.000050
0 0.011198 0.001236 0.022247 0.000048
0 0.011233 0.001239 0.022177 0.000052
0 0.011231 0.001236 0.022181 0.000047
0 0.011229 0.001285 0.022185 0.000046
0 0.011303 0.001389 0.022037 0.000049
0 0.011216 0.001477 0.022211 0.000046
0 0.011245 0.001509 0.022152 0.000036
0 0.011224 0.001506 0.022195 0.000048
0 0.011281 0.001424 0.022080 0.000042
0 0.011367 0.001602 0.021909 0.000044
0 0.011243 0.001549 0.022156 0.000043
0 0.011215 0.001577 0.022212 0.000040
0 0.011177 0.001417 0.022288 0.000037
0 0.010364 0.000275 0.019451 0.000101