0 0.012210 0.001822 0.020223 0.000144
0 0.010735 0.000865 0.018709 0.000253
0 0.010684 0.001795 0.018811 0.000299
0 0.010652 0.001725 0.018874 0.000292
0 0.010623 0.001670 0.018932 0.000292
0 0.010599 0.001602 0.018980 0.000296
0 0.010576 0.001532 0.019027 0.000303
0 0.010551 0.001484 0.019078 0.000299
0 0.010525 0.001406 0.019128 0.000307
0 0.010486 0.001363 0.019206 0.000299
0 0.010418 0.001192 0.019342 0.000307
0 0.010387 0.001167 0.019405 0.000311
0 0.010359 0.001079 0.019461 0.000307
0 0.010329 0.001031 0.019522 0.000303
0 0.010299 0.000966 0.019580 0.000299
0 0.010310 0.000562 0.019558 0.000253
0 0.010290 0.000653 0.019599 0.000257
0 0.010130 0.001184 0.019919 0.000299
0 0.010046 0.001324 0.020087 0.000315
0 0.010722 0.001828 0.018735 0.000296
0 0.010650 0.001066 0.018879 0.000288
0 0.012177 0.001017 0.020288 0.000159
0 0.010621 0.000997 0.018937 0.000307
0 0.012118 0.001005 0.020407 0.000144
0 0.012103 0.000523 0.020436 0.000144
0 0.011287 0.001015 0.022069 0.000156
0 0.011957 0.001719 0.020730 0.000140
0 0.011794 0.001192 0.021055 0.000206
0 0.011594 0.001307 0.021455 0.000171
0 0.010616 0.000556 0.018947 0.000194
0 0.011652 0.000710 0.021339 0.000144
0 0.011651 0.000609 0.021341 0.000152
0 0.011504 0.000189 0.021635 0.000128
0 0.011493 0.000276 0.021657 0.000156
0 0.011476 0.000350 0.021691 0.000156
0 0.011452 0.000445 0.021739 0.000152
0 0.011162 0.001629 0.022319 0.000156
0 0.010593 0.000786 0.018993 0.000218
0 0.010478 0.000611 0.019223 0.000303
0 0.010594 0.000924 0.018990 0.000299
0 0.010054 0.000527 0.020070 0.000307