0 0.011671 0.000068 0.021300 0.000045
0 0.010493 0.000518 0.019193 0.000087
0 0.010522 0.000349 0.019134 0.000103
0 0.010513 0.000444 0.019153 0.000090
0 0.010506 0.000525 0.019167 0.000087
0 0.010518 0.000256 0.019142 0.000089
0 0.010510 0.000347 0.019159 0.000094
0 0.010501 0.000434 0.019177 0.000102
0 0.010507 0.000248 0.019165 0.000089
0 0.010442 0.000195 0.019295 0.000087
0 0.010499 0.000333 0.019181 0.000087
0 0.010489 0.000416 0.019201 0.000086
0 0.010482 0.000502 0.019214 0.000087
0 0.010486 0.000325 0.019207 0.000095
0 0.010495 0.000237 0.019189 0.000102
0 0.010483 0.000230 0.019213 0.000105
0 0.010519 0.000520 0.019141 0.000090
0 0.010526 0.000442 0.019127 0.000086
0 0.010533 0.000359 0.019113 0.000090
0 0.010531 0.000259 0.019116 0.000082
0 0.010542 0.000274 0.019094 0.000089
0 0.010532 0.000527 0.019115 0.000084
0 0.010539 0.000446 0.019101 0.000087
0 0.010546 0.000359 0.019086 0.000089
0 0.010555 0.000277 0.019068 0.000086
0 0.010542 0.000539 0.019094 0.000086
0 0.010550 0.000455 0.019078 0.000087
0 0.010558 0.000380 0.019062 0.000087
0 0.010566 0.000293 0.019047 0.000099
0 0.010555 0.000545 0.019069 0.000089
0 0.010562 0.000466 0.019054 0.000089
0 0.010569 0.000386 0.019041 0.000087
0 0.010577 0.000300 0.019024 0.000108
0 0.010469 0.000222 0.019241 0.000105
0 0.010434 0.000282 0.019311 0.000079
0 0.010582 0.000399 0.019015 0.000087
0 0.010140 0.001242 0.019898 0.000048
0 0.010195 0.001395 0.019788 0.000044
0 0.010176 0.001347 0.019826 0.000045
0 0.010140 0.001473 0.019899 0.000045
0 0.010139 0.001430 0.019900 0.000047
0 0.010139 0.001391 0.019900 0.000039
0 0.010116 0.001348 0.019947 0.000050
0 0.010144 0.001168 0.019891 0.000058
0 0.010412 0.000363 0.019355 0.000089
0 0.010104 0.001681 0.019971 0.000047
0 0.010103 0.001637 0.019973 0.000047
0 0.010104 0.001593 0.019971 0.000048
0 0.010104 0.001552 0.019970 0.000045
0 0.010107 0.001511 0.019965 0.000047
0 0.010106 0.001468 0.019966 0.000039
0 0.010195 0.001433 0.019788 0.000039
0 0.010221 0.001358 0.019736 0.000042
0 0.010226 0.001478 0.019727 0.000039
0 0.010229 0.001437 0.019720 0.000039
0 0.010229 0.001400 0.019721 0.000047
0 0.010303 0.001410 0.019573 0.000045
0 0.010303 0.001452 0.019572 0.000045
0 0.010303 0.001494 0.019573 0.000045
0 0.010337 0.001404 0.019505 0.000047
0 0.010337 0.001444 0.019504 0.000045
0 0.010339 0.001484 0.019500 0.000042
0 0.010363 0.000728 0.019452 0.000086
0 0.010362 0.000682 0.019454 0.000082
0 0.010362 0.000639 0.019454 0.000079
0 0.010366 0.000597 0.019447 0.000089
0 0.010490 0.000601 0.019199 0.000084
0 0.010405 0.000455 0.019369 0.000086
0 0.010572 0.000490 0.019034 0.000086
0 0.010589 0.000310 0.019001 0.000100
0 0.012062 0.001620 0.020519 0.000068
0 0.011404 0.000385 0.021834 0.000063
0 0.012013 0.001307 0.020617 0.000061
0 0.011988 0.001146 0.020667 0.000063
0 0.011980 0.001099 0.020683 0.000060
0 0.012242 0.001277 0.020160 0.000076
0 0.011426 0.000392 0.021791 0.000058
0 0.011391 0.000385 0.021860 0.000066
0 0.011415 0.000390 0.021813 0.000063
0 0.010364 0.000863 0.019451 0.000057
0 0.011396 0.000527 0.021851 0.000045
0 0.011401 0.001194 0.021840 0.000032
0 0.011400 0.001228 0.021843 0.000027
0 0.011399 0.001260 0.021845 0.000036
0 0.010307 0.001208 0.019565 0.000100
0 0.010348 0.000513 0.019483 0.000044
0 0.012044 0.001509 0.020554 0.000063
0 0.012051 0.001539 0.020541 0.000061
0 0.012036 0.001473 0.020570 0.000074
0 0.010961 0.001807 0.018256 0.000081
0 0.010972 0.001905 0.018234 0.000079
0 0.010477 0.000947 0.019224 0.000105
0 0.010510 0.000913 0.019159 0.000103
0 0.010541 0.000871 0.019096 0.000107
0 0.010575 0.000830 0.019030 0.000110
0 0.010593 0.000812 0.018993 0.000103
0 0.010609 0.000796 0.018961 0.000100
0 0.010641 0.000757 0.018897 0.000102
0 0.012145 0.002075 0.020352 0.000068
0 0.010834 0.002133 0.018511 0.000044
0 0.012019 0.001346 0.020606 0.000073
0 0.011222 0.001740 0.022198 0.000032
0 0.011897 0.002159 0.020850 0.000045
0 0.010484 0.000756 0.019210 0.000107
0 0.010406 0.001023 0.019368 0.000089
0 0.010584 0.000499 0.019011 0.000090
0 0.010773 0.001120 0.018632 0.000234
0 0.010955 0.002096 0.018268 0.000252
0 0.010972 0.002077 0.018234 0.000226
0 0.010833 0.000597 0.018513 0.000060
0 0.010829 0.000555 0.018520 0.000073
0 0.010794 0.000587 0.018591 0.000063
0 0.010797 0.000617 0.018584 0.000061
0 0.010583 0.000699 0.019012 0.000126
0 0.010492 0.002010 0.019194 0.000095
0 0.010615 0.000399 0.018949 0.000246
0 0.010611 0.000318 0.018956 0.000094
0 0.010606 0.000409 0.018967 0.000089
0 0.010597 0.000502 0.018985 0.000087
0 0.010601 0.000314 0.018977 0.000102
0 0.010594 0.000401 0.018991 0.000089
0 0.010941 0.002117 0.018296 0.000234
0 0.010932 0.001853 0.018315 0.000087
0 0.010932 0.002125 0.018315 0.000089
0 0.010870 0.002112 0.018439 0.000231
0 0.010785 0.002044 0.018608 0.000115
0 0.010771 0.001969 0.018638 0.000116
0 0.010628 0.002152 0.018923 0.000095
0 0.010693 0.002026 0.018792 0.000128
0 0.010675 0.001991 0.018829 0.000121
0 0.002949 0.001843 0.003031 0.000065
0 0.002942 0.001902 0.003044 0.000053
0 0.002985 0.001789 0.002959 0.000066
0 0.002994 0.001857 0.002940 0.000066
0 0.003010 0.001759 0.002908 0.000068
0 0.003020 0.001828 0.002889 0.000069
0 0.002936 0.001860 0.003057 0.000047
0 0.010455 0.001978 0.019269 0.000105
0 0.010107 0.001429 0.019965 0.000040