0 0.011940 0.002138 0.020763 0.000081
0 0.011714 0.001197 0.021215 0.000066
0 0.011778 0.001196 0.021087 0.000060
0 0.011782 0.001238 0.021079 0.000054
0 0.011804 0.000883 0.021035 0.000081
0 0.011822 0.001005 0.020999 0.000102
0 0.011844 0.000884 0.020955 0.000071
0 0.011831 0.001210 0.020981 0.000102
0 0.011855 0.000925 0.020934 0.000058
0 0.011869 0.001059 0.020906 0.000060
0 0.011872 0.001104 0.020899 0.000062
0 0.011880 0.001198 0.020884 0.000060
0 0.011726 0.001289 0.021191 0.000068
0 0.011733 0.001338 0.021176 0.000066
0 0.011740 0.001375 0.021163 0.000058
0 0.011743 0.001418 0.021157 0.000060
0 0.011744 0.001465 0.021154 0.000066
0 0.011752 0.001512 0.021139 0.000062
0 0.011760 0.001550 0.021122 0.000058
0 0.011767 0.001600 0.021109 0.000052
0 0.011786 0.001288 0.021070 0.000066
0 0.011717 0.001245 0.021209 0.000071
0 0.011711 0.001157 0.021222 0.000060
0 0.011799 0.001375 0.021044 0.000062
0 0.011771 0.001130 0.021100 0.000060
0 0.011455 0.000397 0.021733 0.000060
0 0.011467 0.000491 0.021709 0.000056
0 0.011485 0.000620 0.021672 0.000058
0 0.011485 0.000662 0.021672 0.000062
0 0.011500 0.000708 0.021644 0.000048
0 0.011496 0.000758 0.021650 0.000052
0 0.011535 0.001090 0.021572 0.000131
0 0.011575 0.001020 0.021492 0.000068
0 0.011584 0.001084 0.021475 0.000056
0 0.011593 0.001149 0.021458 0.000058
0 0.011597 0.001192 0.021449 0.000052
0 0.011600 0.001238 0.021442 0.000058
0 0.011608 0.001287 0.021427 0.000060
0 0.011612 0.001330 0.021419 0.000062
0 0.011684 0.000963 0.021276 0.000062
0 0.011726 0.000837 0.021191 0.000052
0 0.011749 0.000930 0.021146 0.000060
0 0.011750 0.000998 0.021144 0.000058
0 0.011763 0.001060 0.021118 0.000046
0 0.011791 0.001333 0.021061 0.000060
0 0.011802 0.001421 0.021040 0.000062
0 0.011851 0.002133 0.020940 0.000062
0 0.011995 0.001320 0.020652 0.000044
0 0.011969 0.001562 0.020704 0.000104
0 0.011927 0.001558 0.020789 0.000108
0 0.011944 0.001638 0.020754 0.000093
0 0.011927 0.001683 0.020789 0.000085
0 0.011911 0.001723 0.020821 0.000089
0 0.011895 0.001758 0.020854 0.000106
0 0.011849 0.001848 0.020944 0.000095
0 0.011822 0.001866 0.020999 0.000089
0 0.011789 0.001875 0.021066 0.000091
0 0.011759 0.001858 0.021124 0.000093
0 0.011729 0.001835 0.021185 0.000098
0 0.011703 0.001795 0.021237 0.000089
0 0.011682 0.001756 0.021278 0.000085
0 0.011663 0.001717 0.021317 0.000089
0 0.011659 0.001665 0.021326 0.000073
0 0.011647 0.001620 0.021349 0.000066
0 0.011588 0.001481 0.021466 0.000087
0 0.011692 0.002160 0.021258 0.000100
0 0.011716 0.002166 0.021211 0.000100
0 0.010868 0.001369 0.018442 0.000054
0 0.011994 0.001282 0.020654 0.000050
0 0.011807 0.001463 0.021029 0.000054
0 0.012001 0.001240 0.020641 0.000044
0 0.011810 0.001503 0.021022 0.000060
0 0.011819 0.001550 0.021005 0.000054
0 0.011821 0.001598 0.021001 0.000060
0 0.012015 0.000034 0.020613 0.000052
0 0.012015 0.000081 0.020613 0.000054
0 0.012015 0.000122 0.020613 0.000046
0 0.012040 0.000186 0.020563 0.000093
0 0.012039 0.000293 0.020566 0.000087
0 0.011974 0.000685 0.020695 0.000104
0 0.012004 0.000778 0.020635 0.000046
0 0.012008 0.000830 0.020626 0.000050
0 0.012009 0.000881 0.020624 0.000039
0 0.012003 0.000928 0.020637 0.000048
0 0.012006 0.000969 0.020631 0.000046
0 0.012001 0.001012 0.020641 0.000054
0 0.012004 0.001058 0.020635 0.000050
0 0.011996 0.001102 0.020650 0.000054
0 0.012000 0.001151 0.020644 0.000046
0 0.011997 0.001198 0.020648 0.000052
0 0.011425 0.000089 0.021793 0.000058