0 0.010211 0.002142 0.019756 0.000055
0 0.010554 0.001193 0.019070 0.000075
0 0.010478 0.001074 0.019223 0.000082
0 0.010519 0.001028 0.019140 0.000080
0 0.010505 0.001100 0.019169 0.000081
0 0.010537 0.001059 0.019104 0.000082
0 0.010528 0.001154 0.019123 0.000080
0 0.010568 0.001098 0.019043 0.000077
0 0.010576 0.001112 0.019026 0.000077
0 0.010592 0.001185 0.018994 0.000100
0 0.011921 0.000864 0.020801 0.000034
0 0.010604 0.001202 0.018970 0.000101
0 0.010632 0.001208 0.018914 0.000076
0 0.010649 0.001262 0.018881 0.000089
0 0.010674 0.001295 0.018831 0.000087
0 0.010738 0.001377 0.018703 0.000064
0 0.010730 0.001391 0.018719 0.000063
0 0.010724 0.001408 0.018731 0.000065
0 0.010504 0.001000 0.019170 0.000078
0 0.010495 0.000985 0.019188 0.000082
0 0.010426 0.001095 0.019327 0.000082
0 0.010386 0.001049 0.019406 0.000083
0 0.011904 0.000838 0.020834 0.000039
0 0.011919 0.000748 0.020806 0.000035
0 0.011885 0.000670 0.020873 0.000052
0 0.011835 0.000829 0.020973 0.000037
0 0.011856 0.000615 0.020930 0.000039
0 0.011826 0.000683 0.020990 0.000038
0 0.011671 0.000770 0.021302 0.000039
0 0.011658 0.000747 0.021326 0.000036
0 0.010253 0.000729 0.019672 0.000068
0 0.011405 0.001067 0.021832 0.000039
0 0.011350 0.001197 0.021944 0.000041
0 0.010356 0.000950 0.019467 0.000080
0 0.010422 0.000860 0.019335 0.000080
0 0.010438 0.000889 0.019303 0.000081
0 0.010447 0.000904 0.019285 0.000078
0 0.010699 0.001452 0.018781 0.000067
0 0.010683 0.001496 0.018812 0.000066
0 0.010675 0.001516 0.018829 0.000068
0 0.011697 0.001417 0.021249 0.000035
0 0.011691 0.001429 0.021260 0.000032
0 0.011686 0.001443 0.021271 0.000033
0 0.011705 0.001465 0.021232 0.000034
0 0.011680 0.001456 0.021282 0.000032
0 0.011699 0.001477 0.021245 0.000035
0 0.011674 0.001470 0.021294 0.000032
0 0.011691 0.001490 0.021260 0.000037
0 0.011686 0.001505 0.021271 0.000035
0 0.011668 0.001483 0.021307 0.000034
0 0.011664 0.001499 0.021315 0.000033
0 0.011681 0.001520 0.021280 0.000033
0 0.011657 0.001508 0.021329 0.000034
0 0.011671 0.001529 0.021302 0.000031
0 0.011651 0.001521 0.021341 0.000035
0 0.011664 0.001542 0.021314 0.000034
0 0.011712 0.001440 0.021219 0.000034
0 0.011722 0.001426 0.021200 0.000035
0 0.010540 0.001281 0.019099 0.000073
0 0.011704 0.001405 0.021234 0.000029
0 0.010481 0.001516 0.019216 0.000075
0 0.011516 0.001201 0.021611 0.000037
0 0.011389 0.001196 0.021865 0.000039
0 0.011332 0.001338 0.021979 0.000040
0 0.011178 0.001439 0.022287 0.000035
0 0.010279 0.001454 0.019620 0.000081
0 0.010296 0.001549 0.019588 0.000036
0 0.010305 0.001473 0.019568 0.000075
0 0.011409 0.001487 0.021825 0.000039
0 0.011446 0.001467 0.021750 0.000042
0 0.010322 0.001497 0.019535 0.000069
0 0.010387 0.001553 0.019405 0.000068
0 0.011740 0.001420 0.021162 0.000039
0 0.011751 0.001462 0.021140 0.000035
0 0.011710 0.001391 0.021223 0.000032
0 0.011942 0.000917 0.020759 0.000035
0 0.012241 0.000208 0.020160 0.000022
0 0.011664 0.001558 0.021314 0.000035
0 0.010553 0.000200 0.019072 0.000100
0 0.011627 0.000066 0.021388 0.000036
0 0.010497 0.000189 0.019185 0.000079
0 0.010489 0.000264 0.019200 0.000056
0 0.011506 0.000469 0.021630 0.000043
0 0.011695 0.000276 0.021252 0.000035
0 0.010538 0.000481 0.019103 0.000068
0 0.011658 0.000426 0.021327 0.000033
0 0.010598 0.000259 0.018983 0.000041
0 0.012254 0.000244 0.020134 0.000021
0 0.011700 0.000140 0.021242 0.000032
0 0.011721 0.000059 0.021201 0.000023
0 0.011717 0.000021 0.021209 0.000024
0 0.011734 0.000029 0.021175 0.000023
0 0.011751 0.000037 0.021140 0.000022
0 0.011768 0.000047 0.021107 0.000024
0 0.011786 0.000053 0.021072 0.000023
0 0.011609 0.000063 0.021424 0.000044
0 0.002622 0.000254 0.003685 0.000054
0 0.002615 0.000283 0.003699 0.000057
0 0.002607 0.000312 0.003715 0.000061
0 0.011205 0.000429 0.022233 0.000039
0 0.010292 0.000226 0.019595 0.000074
0 0.010307 0.000216 0.019564 0.000072
0 0.010312 0.000142 0.019554 0.000037
0 0.010315 0.000119 0.019548 0.000039
0 0.011435 0.000084 0.021773 0.000038
0 0.011456 0.000090 0.021730 0.000031
0 0.010316 0.000484 0.019546 0.000075
0 0.010337 0.000397 0.019504 0.000070
0 0.010355 0.000331 0.019468 0.000070
0 0.010375 0.000261 0.019429 0.000070
0 0.010393 0.000190 0.019393 0.000072
0 0.010408 0.000121 0.019362 0.000069
0 0.010355 0.000602 0.019469 0.000044
0 0.010391 0.000299 0.019397 0.000070
0 0.011801 0.000095 0.021041 0.000026
0 0.011833 0.000078 0.020977 0.000022
0 0.011873 0.000131 0.020896 0.000024
0 0.011017 0.000514 0.018144 0.000028
0 0.011007 0.000619 0.018166 0.000074
0 0.010905 0.000510 0.018368 0.000072
0 0.010874 0.000584 0.018431 0.000068
0 0.010869 0.000608 0.018440 0.000065
0 0.010887 0.000738 0.018405 0.000048
0 0.011997 0.000776 0.020649 0.000029
0 0.010954 0.000753 0.018270 0.000063
0 0.010964 0.000731 0.018251 0.000063
0 0.010971 0.000713 0.018236 0.000065
0 0.010984 0.000698 0.018210 0.000051
0 0.010981 0.000673 0.018216 0.000073
0 0.010989 0.000655 0.018200 0.000075
0 0.011006 0.000643 0.018167 0.000058
0 0.011128 0.000401 0.017923 0.000055
0 0.012231 0.000254 0.020181 0.000027
0 0.011017 0.000539 0.018144 0.000033
0 0.011017 0.000489 0.018144 0.000029
0 0.011890 0.000070 0.020864 0.000023
0 0.011023 0.000441 0.018132 0.000026
0 0.011923 0.000160 0.020797 0.000024
0 0.010809 0.000260 0.018560 0.000043
0 0.011914 0.000059 0.020815 0.000023
0 0.011949 0.000042 0.020745 0.000023
0 0.011968 0.000232 0.020707 0.000036
0 0.011977 0.000239 0.020688 0.000039
0 0.011997 0.000247 0.020650 0.000035
0 0.012041 0.000274 0.020561 0.000035
0 0.012067 0.000244 0.020509 0.000027
0 0.012061 0.000306 0.020520 0.000040
0 0.010969 0.000345 0.018241 0.000041
0 0.010971 0.000529 0.018237 0.000032
0 0.012165 0.000246 0.020313 0.000023
0 0.011087 0.000225 0.018004 0.000027
0 0.012202 0.000267 0.020239 0.000027
0 0.011645 0.001535 0.021352 0.000034
0 0.011640 0.001547 0.021364 0.000032
0 0.010200 0.002095 0.019778 0.000062
0 0.011656 0.001870 0.021332 0.000033
0 0.011683 0.001802 0.021276 0.000037
0 0.011678 0.001813 0.021288 0.000032
0 0.011670 0.001827 0.021302 0.000036
0 0.011664 0.001841 0.021315 0.000039
0 0.011649 0.001837 0.021345 0.000039
0 0.011660 0.001856 0.021324 0.000035
0 0.011639 0.001869 0.021365 0.000037
0 0.011649 0.001882 0.021344 0.000033
0 0.011617 0.001844 0.021409 0.000033
0 0.011645 0.001894 0.021352 0.000031
0 0.010626 0.001728 0.018927 0.000053
0 0.010398 0.001659 0.019382 0.000072
0 0.010391 0.001750 0.019396 0.000069
0 0.010062 0.001599 0.020054 0.000069
0 0.011117 0.001632 0.017944 0.000034
0 0.011128 0.001885 0.017922 0.000031
0 0.011688 0.001787 0.021267 0.000034
0 0.011694 0.001775 0.021254 0.000036
0 0.011700 0.001763 0.021244 0.000036
0 0.011706 0.001749 0.021231 0.000031
0 0.011790 0.001551 0.021063 0.000035
0 0.011782 0.001564 0.021078 0.000038
0 0.011777 0.001577 0.021088 0.000036
0 0.011771 0.001588 0.021100 0.000038
0 0.011766 0.001601 0.021112 0.000035
0 0.011762 0.001619 0.021118 0.000037
0 0.011757 0.001631 0.021129 0.000035
0 0.011749 0.001643 0.021144 0.000039
0 0.011746 0.001657 0.021152 0.000035
0 0.011736 0.001666 0.021170 0.000041
0 0.011731 0.001681 0.021182 0.000038
0 0.011727 0.001694 0.021189 0.000035
0 0.011722 0.001708 0.021200 0.000035
0 0.011714 0.001720 0.021214 0.000036
0 0.011711 0.001736 0.021220 0.000034
0 0.011071 0.002018 0.018037 0.000034
0 0.011060 0.002030 0.018059 0.000034
0 0.011053 0.002057 0.018073 0.000036
0 0.011423 0.001911 0.021797 0.000048
0 0.011414 0.001886 0.021816 0.000033
0 0.011405 0.001878 0.021833 0.000039
0 0.011396 0.001864 0.021851 0.000052
0 0.011391 0.001853 0.021861 0.000044
0 0.011386 0.001839 0.021871 0.000041
0 0.011376 0.001833 0.021891 0.000047
0 0.011274 0.001755 0.022095 0.000029
0 0.011233 0.001871 0.022177 0.000040
0 0.011239 0.001881 0.022164 0.000040
0 0.011249 0.001889 0.022144 0.000034
0 0.011255 0.001899 0.022133 0.000036
0 0.011261 0.001911 0.022120 0.000043
0 0.010176 0.002003 0.019827 0.000055
0 0.010194 0.002068 0.019790 0.000052
0 0.010206 0.002119 0.019766 0.000058
0 0.011417 0.001900 0.021809 0.000044
0 0.011430 0.001924 0.021783 0.000049
0 0.011046 0.002068 0.018086 0.000030
0 0.011439 0.001936 0.021764 0.000040
0 0.010518 0.001915 0.019142 0.000070
0 0.010510 0.001933 0.019158 0.000069
0 0.010502 0.001950 0.019175 0.000075
0 0.010422 0.001924 0.019335 0.000073
0 0.010414 0.001937 0.019351 0.000069
0 0.010404 0.001954 0.019370 0.000077
0 0.010410 0.002027 0.019359 0.000081
0 0.011500 0.001933 0.021643 0.000031
0 0.011496 0.001917 0.021652 0.000033
0 0.011512 0.001897 0.021618 0.000035
0 0.011485 0.001902 0.021672 0.000046
0 0.011477 0.002001 0.021688 0.000044
0 0.011463 0.001979 0.021718 0.000047
0 0.011458 0.001968 0.021727 0.000037
0 0.011444 0.001947 0.021755 0.000049
0 0.011795 0.001540 0.021052 0.000035
0 0.011623 0.001831 0.021397 0.000035
0 0.011658 0.001570 0.021328 0.000036
0 0.011733 0.001501 0.021176 0.000032
0 0.011585 0.001685 0.021474 0.000032
0 0.011579 0.001696 0.021485 0.000030
0 0.011596 0.001716 0.021452 0.000035
0 0.011765 0.001498 0.021112 0.000032
0 0.011746 0.001474 0.021150 0.000032
0 0.011739 0.001486 0.021165 0.000037
0 0.011759 0.001510 0.021125 0.000037
0 0.011752 0.001524 0.021138 0.000035
0 0.011598 0.001837 0.021448 0.000039
0 0.011729 0.001515 0.021184 0.000032
0 0.011746 0.001537 0.021151 0.000036
0 0.011723 0.001527 0.021197 0.000035
0 0.011740 0.001554 0.021162 0.000036
0 0.011717 0.001539 0.021209 0.000031
0 0.011710 0.001551 0.021223 0.000035
0 0.011729 0.001575 0.021185 0.000035
0 0.011602 0.001705 0.021438 0.000035
0 0.011608 0.001690 0.021427 0.000034
0 0.011589 0.001667 0.021465 0.000032
0 0.011612 0.001675 0.021418 0.000035
0 0.011633 0.001561 0.021376 0.000038
0 0.011652 0.001583 0.021338 0.000035
0 0.011629 0.001575 0.021386 0.000034
0 0.011647 0.001596 0.021348 0.000034
0 0.011622 0.001588 0.021398 0.000037
0 0.011642 0.001610 0.021359 0.000033
0 0.011617 0.001600 0.021409 0.000035
0 0.011636 0.001623 0.021370 0.000035
0 0.011611 0.001614 0.021421 0.000036
0 0.011631 0.001637 0.021381 0.000036
0 0.011605 0.001627 0.021433 0.000037
0 0.011625 0.001651 0.021392 0.000033
0 0.011599 0.001641 0.021445 0.000037
0 0.011614 0.001663 0.021415 0.000033
0 0.011596 0.001654 0.021452 0.000032
0 0.011704 0.001565 0.021235 0.000036
0 0.011724 0.001590 0.021195 0.000037
0 0.011700 0.001579 0.021244 0.000032
0 0.011669 0.001724 0.021306 0.000036
0 0.011664 0.001735 0.021315 0.000031
0 0.011639 0.001727 0.021365 0.000035
0 0.011657 0.001749 0.021329 0.000034
0 0.011632 0.001742 0.021379 0.000035
0 0.011625 0.001751 0.021394 0.000034
0 0.011651 0.001763 0.021340 0.000035
0 0.011647 0.001777 0.021350 0.000035
0 0.011619 0.001765 0.021404 0.000035
0 0.011640 0.001789 0.021364 0.000034
0 0.011614 0.001779 0.021415 0.000033
0 0.011634 0.001803 0.021375 0.000035
0 0.011611 0.001794 0.021422 0.000031
0 0.011630 0.001815 0.021383 0.000028
0 0.011604 0.001803 0.021435 0.000027
0 0.011599 0.001820 0.021445 0.000035
0 0.011647 0.001716 0.021349 0.000031
0 0.011651 0.001701 0.021340 0.000033
0 0.011719 0.001602 0.021205 0.000033
0 0.011674 0.001709 0.021294 0.000033
0 0.011693 0.001591 0.021256 0.000036
0 0.011713 0.001615 0.021218 0.000032
0 0.011688 0.001605 0.021267 0.000033
0 0.011707 0.001627 0.021229 0.000035
0 0.011683 0.001621 0.021277 0.000036
0 0.011703 0.001644 0.021236 0.000035
0 0.011678 0.001634 0.021286 0.000037
0 0.011697 0.001659 0.021249 0.000034
0 0.011673 0.001647 0.021297 0.000035
0 0.011686 0.001671 0.021271 0.000036
0 0.011666 0.001661 0.021311 0.000037
0 0.011686 0.001684 0.021271 0.000031
0 0.011661 0.001675 0.021321 0.000033
0 0.011680 0.001695 0.021282 0.000034
0 0.011657 0.001688 0.021329 0.000030
0 0.011190 0.000417 0.022262 0.000041