0 0.011761 0.001685 0.021120 0.000044
0 0.010512 0.001023 0.019154 0.000043
0 0.010601 0.000794 0.018976 0.000099
0 0.010621 0.000823 0.018937 0.000140
0 0.010644 0.000824 0.018891 0.000126
0 0.010662 0.000825 0.018855 0.000137
0 0.010684 0.000806 0.018811 0.000126
0 0.010600 0.001046 0.018979 0.000047
0 0.010640 0.000921 0.018898 0.000035
0 0.010740 0.000932 0.018699 0.000067
0 0.010510 0.000953 0.019158 0.000038
0 0.010473 0.000984 0.019232 0.000084
0 0.010717 0.001342 0.018744 0.000150
0 0.010407 0.001135 0.019365 0.000096
0 0.010427 0.001141 0.019324 0.000106
0 0.010453 0.001144 0.019272 0.000108
0 0.010482 0.001147 0.019214 0.000105
0 0.010515 0.001154 0.019149 0.000105
0 0.010536 0.001154 0.019107 0.000074
0 0.010560 0.001160 0.019058 0.000102
0 0.010583 0.001152 0.019014 0.000101
0 0.010606 0.001122 0.018966 0.000067
0 0.010502 0.000778 0.019175 0.000106
0 0.010478 0.000799 0.019223 0.000114
0 0.010432 0.000817 0.019314 0.000183
0 0.010410 0.000809 0.019358 0.000178
0 0.010449 0.000335 0.019281 0.000041
0 0.010460 0.000241 0.019258 0.000046
0 0.010459 0.000271 0.019260 0.000039
0 0.010481 0.000432 0.019216 0.000126
0 0.010502 0.000412 0.019175 0.000082
0 0.010497 0.000625 0.019184 0.000031
0 0.010431 0.000588 0.019317 0.000068
0 0.010531 0.000296 0.019116 0.000088
0 0.010526 0.000396 0.019127 0.000087
0 0.010543 0.000437 0.019093 0.000085
0 0.010563 0.000461 0.019053 0.000080
0 0.010571 0.000355 0.019037 0.000077
0 0.010590 0.000366 0.018999 0.000105
0 0.010604 0.000444 0.018970 0.000124
0 0.010624 0.000474 0.018930 0.000130
0 0.010556 0.000284 0.019067 0.000068
0 0.010297 0.001154 0.019584 0.000194
0 0.010365 0.000821 0.019448 0.000182
0 0.010389 0.000809 0.019400 0.000182
0 0.010630 0.001119 0.018919 0.000067
0 0.010754 0.001387 0.018671 0.000155
0 0.011797 0.001020 0.021049 0.000025
0 0.012221 0.000646 0.020201 0.000035
0 0.010790 0.001339 0.018599 0.000035
0 0.011680 0.001091 0.021283 0.000023
0 0.011590 0.001250 0.021463 0.000042
0 0.011524 0.001279 0.021595 0.000043
0 0.011498 0.000943 0.021646 0.000046
0 0.012171 0.000699 0.020300 0.000047
0 0.012215 0.000730 0.020212 0.000048
0 0.012190 0.000708 0.020263 0.000046
0 0.012167 0.000587 0.020309 0.000035
0 0.012194 0.000811 0.020256 0.000041
0 0.010648 0.001332 0.018882 0.000149
0 0.012215 0.000440 0.020212 0.000047
0 0.012168 0.000481 0.020307 0.000044
0 0.012051 0.001924 0.020541 0.000020
0 0.011866 0.001917 0.020912 0.000024
0 0.011403 0.002099 0.021837 0.000036
0 0.012075 0.001980 0.020492 0.000030
0 0.012139 0.001922 0.020364 0.000025
0 0.012131 0.000158 0.020381 0.000042
0 0.012070 0.000514 0.020502 0.000046
0 0.010663 0.001071 0.018852 0.000031
0 0.011734 0.001287 0.021175 0.000050
0 0.011709 0.001274 0.021224 0.000044
0 0.011037 0.000684 0.018104 0.000064
0 0.010560 0.001324 0.019060 0.000191
0 0.010536 0.001319 0.019107 0.000189
0 0.010513 0.001315 0.019152 0.000187
0 0.010487 0.001330 0.019204 0.000189
0 0.010313 0.001372 0.019552 0.000100
0 0.010304 0.001510 0.019571 0.000108
0 0.010288 0.001623 0.019602 0.000099
0 0.010302 0.001637 0.019575 0.000107
0 0.010572 0.001595 0.019035 0.000095
0 0.010657 0.001679 0.018864 0.000211
0 0.010577 0.001878 0.019025 0.000030
0 0.010504 0.001884 0.019171 0.000038
0 0.014007 0.002117 0.025558 0.000084
0 0.014071 0.002118 0.025429 0.000088
0 0.010950 0.002031 0.018279 0.000042
0 0.011108 0.002147 0.017963 0.000031
0 0.005302 0.000846 0.007253 0.000102
0 0.005270 0.000982 0.007318 0.000100
0 0.011000 0.000661 0.018179 0.000084
0 0.010460 0.000436 0.019259 0.000083