0 0.012129 0.001834 0.020385 0.000014
0 0.010558 0.000886 0.019063 0.000024
0 0.010584 0.000687 0.019010 0.000024
0 0.010582 0.000701 0.019015 0.000023
0 0.010580 0.000716 0.019019 0.000022
0 0.010578 0.000731 0.019022 0.000023
0 0.010576 0.000744 0.019026 0.000025
0 0.010574 0.000758 0.019030 0.000023
0 0.010572 0.000773 0.019034 0.000023
0 0.010570 0.000786 0.019038 0.000024
0 0.010569 0.000801 0.019041 0.000023
0 0.010567 0.000816 0.019045 0.000024
0 0.010564 0.000830 0.019050 0.000023
0 0.010563 0.000844 0.019053 0.000023
0 0.010561 0.000858 0.019056 0.000024
0 0.010555 0.000916 0.019070 0.000024
0 0.010574 0.000644 0.019030 0.000035
0 0.010553 0.000929 0.019073 0.000025
0 0.010549 0.001025 0.019080 0.000043
0 0.010573 0.001035 0.019032 0.000041
0 0.010581 0.001038 0.019017 0.000040
0 0.010595 0.001045 0.018989 0.000042
0 0.010604 0.001048 0.018971 0.000040
0 0.010573 0.000967 0.019033 0.000020
0 0.010577 0.000937 0.019025 0.000019
0 0.010582 0.000894 0.019015 0.000019
0 0.010586 0.000865 0.019007 0.000021
0 0.010590 0.000837 0.018999 0.000020
0 0.010592 0.000823 0.018995 0.000019
0 0.010594 0.000809 0.018991 0.000019
0 0.010559 0.000748 0.019060 0.000036
0 0.010587 0.000664 0.019005 0.000023
0 0.010458 0.001816 0.019264 0.000029
0 0.011682 0.000308 0.021279 0.000014
0 0.011634 0.000256 0.021375 0.000014
0 0.011630 0.000269 0.021384 0.000015
0 0.011611 0.000174 0.021421 0.000017
0 0.011594 0.000189 0.021455 0.000023
0 0.011588 0.000157 0.021467 0.000024
0 0.011575 0.000200 0.021494 0.000024
0 0.011592 0.000231 0.021460 0.000018
0 0.011588 0.000284 0.021466 0.000017
0 0.011564 0.000277 0.021515 0.000019
0 0.011563 0.000300 0.021517 0.000014
0 0.011617 0.000344 0.021409 0.000027
0 0.011705 0.000221 0.021233 0.000025
0 0.011684 0.000281 0.021275 0.000018
0 0.011688 0.000255 0.021268 0.000017
0 0.010587 0.000651 0.019004 0.000024
0 0.011714 0.000224 0.021215 0.000027
0 0.011723 0.000228 0.021197 0.000022
0 0.011731 0.000230 0.021181 0.000024
0 0.011743 0.000145 0.021158 0.000024
0 0.011739 0.000169 0.021165 0.000024
0 0.011745 0.000175 0.021152 0.000023
0 0.010601 0.000552 0.018977 0.000023
0 0.010598 0.000565 0.018982 0.000024
0 0.010597 0.000580 0.018985 0.000027
0 0.010595 0.000593 0.018989 0.000026
0 0.010594 0.000609 0.018991 0.000024
0 0.010591 0.000623 0.018996 0.000025
0 0.010589 0.000636 0.019000 0.000025
0 0.010596 0.000796 0.018986 0.000019
0 0.010605 0.000907 0.018968 0.000026
0 0.010599 0.000768 0.018981 0.000018
0 0.010498 0.001605 0.019183 0.000030
0 0.010566 0.001529 0.019047 0.000051
0 0.010564 0.001551 0.019050 0.000052
0 0.010559 0.001570 0.019061 0.000056
0 0.010558 0.001591 0.019063 0.000054
0 0.010555 0.001610 0.019070 0.000055
0 0.010544 0.001470 0.019091 0.000060
0 0.010511 0.001315 0.019157 0.000026
0 0.010507 0.001341 0.019164 0.000032
0 0.010505 0.001363 0.019168 0.000031
0 0.010499 0.001411 0.019180 0.000042
0 0.010493 0.001431 0.019192 0.000042
0 0.010487 0.001478 0.019205 0.000040
0 0.010494 0.001582 0.019191 0.000033
0 0.010495 0.001628 0.019188 0.000030
0 0.010601 0.000753 0.018976 0.000018
0 0.010503 0.001108 0.019173 0.000038
0 0.010475 0.001190 0.019229 0.000057
0 0.010463 0.001194 0.019252 0.000063
0 0.010453 0.001186 0.019272 0.000061
0 0.010433 0.001181 0.019313 0.000062
0 0.010426 0.001167 0.019328 0.000055
0 0.010415 0.001169 0.019349 0.000055
0 0.010382 0.001162 0.019415 0.000055
0 0.010372 0.001158 0.019434 0.000055
0 0.010362 0.001153 0.019456 0.000057
0 0.010470 0.001721 0.019239 0.000043
0 0.010466 0.001742 0.019246 0.000043
0 0.010569 0.001514 0.019040 0.000057
0 0.010572 0.001492 0.019034 0.000050
0 0.010571 0.001466 0.019036 0.000052
0 0.010576 0.001449 0.019026 0.000046
0 0.010600 0.000739 0.018979 0.000023
0 0.010605 0.000724 0.018969 0.000018
0 0.010607 0.000710 0.018965 0.000017
0 0.010606 0.000694 0.018966 0.000024
0 0.010612 0.000673 0.018955 0.000019
0 0.010614 0.000659 0.018951 0.000020
0 0.010616 0.000645 0.018947 0.000020
0 0.010618 0.000631 0.018943 0.000021
0 0.010619 0.000616 0.018941 0.000019
0 0.010623 0.000588 0.018933 0.000019
0 0.010634 0.000846 0.018911 0.000041
0 0.010639 0.000804 0.018901 0.000042
0 0.010662 0.000952 0.018854 0.000042
0 0.010653 0.000688 0.018873 0.000024
0 0.010659 0.000633 0.018860 0.000024
0 0.010661 0.000618 0.018857 0.000023
0 0.010663 0.000602 0.018853 0.000022
0 0.010493 0.001056 0.019192 0.000031
0 0.010370 0.001016 0.019438 0.000035
0 0.010353 0.001032 0.019472 0.000039
0 0.010594 0.001336 0.018991 0.000052
0 0.010593 0.001358 0.018993 0.000050
0 0.010588 0.001376 0.019003 0.000055
0 0.010586 0.001396 0.019007 0.000050
0 0.010582 0.001417 0.019015 0.000055
0 0.010578 0.001432 0.019023 0.000055
0 0.011649 0.000276 0.021345 0.000016
0 0.011652 0.000262 0.021339 0.000018
0 0.011636 0.000223 0.021371 0.000017
0 0.011600 0.000143 0.021444 0.000025
0 0.010612 0.000464 0.018955 0.000023
0 0.010610 0.000479 0.018959 0.000022
0 0.010608 0.000493 0.018963 0.000023
0 0.010606 0.000507 0.018966 0.000023
0 0.010604 0.000522 0.018970 0.000023
0 0.010602 0.000536 0.018975 0.000024
0 0.010634 0.000500 0.018911 0.000022
0 0.010650 0.000551 0.018878 0.000042
0 0.011582 0.000162 0.021478 0.000022
0 0.011593 0.000150 0.021457 0.000027
0 0.011605 0.000191 0.021432 0.000019
0 0.011644 0.000158 0.021355 0.000014
0 0.011602 0.000206 0.021439 0.000016
0 0.011575 0.000169 0.021493 0.000021
0 0.011571 0.000226 0.021501 0.000025
0 0.011584 0.000246 0.021475 0.000026
0 0.011590 0.000273 0.021464 0.000015
0 0.011597 0.000218 0.021448 0.000016
0 0.011592 0.000255 0.021458 0.000016
0 0.011620 0.000121 0.021402 0.000022
0 0.011627 0.000113 0.021389 0.000022
0 0.011644 0.000096 0.021355 0.000023
0 0.011652 0.000130 0.021338 0.000016
0 0.011667 0.000133 0.021309 0.000015
0 0.011664 0.000146 0.021315 0.000015
0 0.010614 0.000451 0.018951 0.000022
0 0.010616 0.000437 0.018947 0.000022
0 0.010620 0.000420 0.018938 0.000021
0 0.010620 0.000408 0.018938 0.000022
0 0.010271 0.001111 0.019637 0.000055
0 0.010284 0.001041 0.019610 0.000039
0 0.010315 0.000998 0.019549 0.000036
0 0.010222 0.001063 0.019735 0.000092
0 0.010209 0.001069 0.019760 0.000079
0 0.010333 0.001139 0.019512 0.000062
0 0.010324 0.001135 0.019531 0.000062
0 0.010313 0.001132 0.019552 0.000062
0 0.010304 0.001127 0.019571 0.000061
0 0.010293 0.001122 0.019592 0.000062
0 0.010284 0.001114 0.019610 0.000054
0 0.013448 0.002056 0.026676 0.000050
0 0.013474 0.002066 0.026624 0.000052
0 0.010585 0.000357 0.019008 0.000022
0 0.010587 0.000343 0.019004 0.000022
0 0.010589 0.000328 0.019000 0.000023
0 0.010592 0.000301 0.018995 0.000021
0 0.010612 0.000280 0.018954 0.000040
0 0.010621 0.000285 0.018936 0.000038
0 0.010629 0.000288 0.018920 0.000038
0 0.010636 0.000292 0.018906 0.000038
0 0.010645 0.000296 0.018889 0.000037
0 0.010652 0.000300 0.018875 0.000036
0 0.010660 0.000303 0.018858 0.000036
0 0.010607 0.000395 0.018965 0.000021
0 0.011664 0.000159 0.021314 0.000015
0 0.011659 0.000078 0.021324 0.000026
0 0.011655 0.000231 0.021332 0.000015
0 0.011722 0.000135 0.021199 0.000022
0 0.011707 0.000073 0.021229 0.000026
0 0.011700 0.000070 0.021243 0.000024
0 0.011693 0.000067 0.021257 0.000020
0 0.010646 0.000414 0.018886 0.000019
0 0.011756 0.000240 0.021131 0.000024
0 0.011767 0.000179 0.021110 0.000025
0 0.011763 0.000153 0.021117 0.000022
0 0.011756 0.000149 0.021131 0.000025
0 0.011774 0.000101 0.021094 0.000024
0 0.011769 0.000098 0.021105 0.000023
0 0.011735 0.000083 0.021174 0.000023
0 0.011713 0.000075 0.021216 0.000024
0 0.011714 0.000134 0.021214 0.000022
0 0.011711 0.000158 0.021220 0.000023
0 0.011660 0.000070 0.021323 0.000025
0 0.011704 0.000152 0.021236 0.000024
0 0.011697 0.000150 0.021249 0.000024
0 0.011680 0.000061 0.021282 0.000022
0 0.011652 0.000085 0.021338 0.000024
0 0.011633 0.000106 0.021376 0.000024
0 0.011663 0.000171 0.021317 0.000015
0 0.011658 0.000202 0.021326 0.000014
0 0.011648 0.000142 0.021346 0.000013
0 0.011644 0.000171 0.021355 0.000015
0 0.011644 0.000185 0.021355 0.000015
0 0.011640 0.000198 0.021363 0.000017
0 0.011640 0.000211 0.021362 0.000015
0 0.011658 0.000215 0.021326 0.000016
0 0.011721 0.000079 0.021201 0.000023
0 0.011728 0.000080 0.021187 0.000024
0 0.011741 0.000087 0.021160 0.000026
0 0.011728 0.000139 0.021186 0.000024
0 0.011673 0.000061 0.021297 0.000027
0 0.011659 0.000191 0.021324 0.000015
0 0.011634 0.000241 0.021374 0.000015
0 0.011654 0.000246 0.021334 0.000018
0 0.011568 0.000251 0.021508 0.000025
0 0.011663 0.000323 0.021317 0.000019
0 0.011680 0.000322 0.021284 0.000017
0 0.011683 0.000296 0.021277 0.000015
0 0.011687 0.000269 0.021270 0.000016
0 0.011689 0.000243 0.021265 0.000018
0 0.011692 0.000213 0.021258 0.000025
0 0.011698 0.000217 0.021247 0.000028
0 0.011740 0.000235 0.021163 0.000026
0 0.011725 0.000165 0.021193 0.000025
0 0.011719 0.000162 0.021206 0.000023
0 0.011753 0.000177 0.021137 0.000022
0 0.011760 0.000178 0.021122 0.000026
0 0.011774 0.000185 0.021095 0.000021
0 0.011781 0.000191 0.021081 0.000024
0 0.011772 0.000248 0.021098 0.000027
0 0.011780 0.000252 0.021082 0.000022
0 0.011762 0.000246 0.021119 0.000026
0 0.011762 0.000095 0.021118 0.000025
0 0.011750 0.000148 0.021144 0.000025
0 0.011756 0.000093 0.021131 0.000023
0 0.011749 0.000090 0.021145 0.000024
0 0.011736 0.000142 0.021170 0.000022
0 0.010460 0.001798 0.019258 0.000036
0 0.010447 0.001845 0.019285 0.000028
0 0.012173 0.001815 0.020297 0.000014
0 0.011812 0.001278 0.021019 0.000024
0 0.010717 0.001017 0.018744 0.000029
0 0.010714 0.001033 0.018750 0.000030
0 0.010713 0.001047 0.018753 0.000024
0 0.010712 0.001065 0.018755 0.000030
0 0.010954 0.001205 0.018271 0.000088
0 0.010804 0.001151 0.018571 0.000032
0 0.010719 0.001525 0.018741 0.000036
0 0.010713 0.001554 0.018752 0.000038
0 0.010709 0.001588 0.018761 0.000035
0 0.011850 0.001172 0.020943 0.000024
0 0.011860 0.001297 0.020923 0.000022
0 0.011846 0.001355 0.020950 0.000027
0 0.011834 0.001287 0.020975 0.000024
0 0.011861 0.001362 0.020920 0.000022
0 0.010737 0.000884 0.018704 0.000032
0 0.011844 0.001438 0.020955 0.000029
0 0.011824 0.001372 0.020996 0.000026
0 0.011826 0.001284 0.020990 0.000021
0 0.011851 0.001294 0.020940 0.000024
0 0.011853 0.001357 0.020937 0.000025
0 0.011867 0.001389 0.020908 0.000029
0 0.011878 0.001393 0.020886 0.000023
0 0.011853 0.001442 0.020937 0.000023
0 0.010649 0.001772 0.018881 0.000089
0 0.011768 0.001854 0.021107 0.000026
0 0.011834 0.001878 0.020974 0.000022
0 0.011855 0.001886 0.020934 0.000022
0 0.011845 0.001882 0.020952 0.000022
0 0.010729 0.000945 0.018721 0.000031
0 0.010744 0.000831 0.018690 0.000031
0 0.010440 0.001867 0.019299 0.000031
0 0.011787 0.000188 0.021068 0.000023
0 0.011766 0.000180 0.021110 0.000023
0 0.011786 0.000255 0.021071 0.000026
0 0.011802 0.000259 0.021038 0.000027
0 0.011810 0.000265 0.021023 0.000027
0 0.011819 0.000269 0.021005 0.000023
0 0.011838 0.000275 0.020967 0.000027
0 0.010730 0.000546 0.018719 0.000034
0 0.010681 0.000915 0.018816 0.000043
0 0.010667 0.000776 0.018845 0.000020
0 0.010675 0.000710 0.018828 0.000021
0 0.010745 0.000800 0.018689 0.000030
0 0.010667 0.000575 0.018844 0.000024
0 0.010668 0.000561 0.018842 0.000023
0 0.010671 0.000546 0.018837 0.000024
0 0.010694 0.000570 0.018790 0.000021
0 0.010690 0.000598 0.018798 0.000021
0 0.010689 0.000612 0.018801 0.000019
0 0.010761 0.000718 0.018656 0.000030
0 0.010756 0.000734 0.018666 0.000027
0 0.010756 0.000750 0.018666 0.000024
0 0.010754 0.000768 0.018670 0.000029
0 0.010750 0.000784 0.018678 0.000029
0 0.011941 0.001928 0.020761 0.000024
0 0.010907 0.002212 0.018364 0.000033
0 0.010954 0.000214 0.018271 0.000027
0 0.012174 0.001828 0.020295 0.000014
0 0.012164 0.000015 0.020314 0.000027
0 0.011012 0.000553 0.018155 0.000090
0 0.011001 0.000563 0.018177 0.000088
0 0.011007 0.000798 0.018165 0.000093
0 0.010997 0.000875 0.018184 0.000052
0 0.010968 0.001090 0.018243 0.000096
0 0.012124 0.000643 0.020395 0.000028
0 0.002148 0.000752 0.000169 0.000081
0 0.002127 0.001131 0.000210 0.000060
0 0.002121 0.001186 0.000222 0.000052
0 0.002111 0.001261 0.000243 0.000043
0 0.012129 0.001848 0.020384 0.000014
0 0.010964 0.000244 0.018251 0.000029
0 0.012123 0.001909 0.020398 0.000024
0 0.012160 0.001832 0.020322 0.000013
0 0.012195 0.001714 0.020253 0.000015
0 0.012197 0.001727 0.020249 0.000015
0 0.012198 0.001742 0.020247 0.000017
0 0.012201 0.001767 0.020242 0.000016
0 0.012208 0.001807 0.020226 0.000013
0 0.012194 0.001794 0.020254 0.000027
0 0.012207 0.001820 0.020229 0.000013
0 0.012167 0.001755 0.020309 0.000013
0 0.012168 0.001769 0.020308 0.000014
0 0.012170 0.001783 0.020304 0.000016
0 0.012171 0.001795 0.020301 0.000014
0 0.012182 0.000120 0.020279 0.000017
0 0.012178 0.000144 0.020286 0.000017
0 0.012177 0.000156 0.020289 0.000018
0 0.012166 0.000171 0.020311 0.000028
0 0.010955 0.000263 0.018269 0.000030
0 0.011000 0.000214 0.018179 0.000028
0 0.010990 0.000228 0.018198 0.000028
0 0.010997 0.000257 0.018184 0.000028
0 0.010990 0.000277 0.018198 0.000028
0 0.011023 0.000242 0.018132 0.000030
0 0.011024 0.000270 0.018131 0.000030
0 0.011028 0.000367 0.018123 0.000090
0 0.011039 0.000355 0.018101 0.000100
0 0.011028 0.000520 0.018123 0.000095
0 0.012109 0.000070 0.020425 0.000016
0 0.012139 0.000071 0.020365 0.000019
0 0.012155 0.000077 0.020332 0.000017
0 0.012154 0.000089 0.020334 0.000014
0 0.012160 0.000166 0.020323 0.000024
0 0.012182 0.000132 0.020278 0.000014
0 0.012189 0.000084 0.020264 0.000016
0 0.012179 0.000019 0.020284 0.000024
0 0.012102 0.000124 0.020439 0.000017
0 0.012108 0.000087 0.020426 0.000017
0 0.012111 0.000050 0.020420 0.000016
0 0.012138 0.000082 0.020367 0.000017
0 0.012129 0.000156 0.020385 0.000024
0 0.012143 0.000162 0.020356 0.000028
0 0.012151 0.000165 0.020341 0.000026
0 0.011800 0.000195 0.021043 0.000025
0 0.011821 0.000205 0.021001 0.000023
0 0.011813 0.000203 0.021017 0.000026
0 0.011576 0.002188 0.021491 0.000017
0 0.011558 0.002207 0.021526 0.000017
0 0.011557 0.002220 0.021530 0.000013
0 0.011570 0.002223 0.021502 0.000014
0 0.011606 0.002214 0.021432 0.000017
0 0.010669 0.000306 0.018840 0.000036
0 0.010677 0.000307 0.018824 0.000038
0 0.010688 0.000309 0.018803 0.000040
0 0.010894 0.000170 0.018390 0.000028
0 0.010678 0.000489 0.018822 0.000023
0 0.010680 0.000474 0.018819 0.000024
0 0.010687 0.000406 0.018804 0.000037
0 0.010696 0.000410 0.018787 0.000037
0 0.010704 0.000414 0.018771 0.000038
0 0.010712 0.000417 0.018755 0.000038
0 0.010719 0.000421 0.018740 0.000040
0 0.010727 0.000424 0.018725 0.000038
0 0.010735 0.000427 0.018709 0.000039
0 0.010705 0.000482 0.018769 0.000022
0 0.010824 0.000206 0.018531 0.000020
0 0.010866 0.000201 0.018446 0.000022
0 0.011528 0.002181 0.021586 0.000017
0 0.011532 0.002168 0.021580 0.000017
0 0.011717 0.002086 0.021209 0.000023
0 0.011699 0.002005 0.021245 0.000018
0 0.010431 0.001934 0.019317 0.000032
0 0.010428 0.001960 0.019323 0.000040
0 0.010425 0.001982 0.019329 0.000039
0 0.010422 0.002004 0.019335 0.000040
0 0.010461 0.002051 0.019256 0.000051
0 0.010472 0.002056 0.019235 0.000052
0 0.010480 0.002060 0.019218 0.000051
0 0.010543 0.001847 0.019093 0.000080
0 0.010527 0.001973 0.019125 0.000062
0 0.010486 0.002137 0.019207 0.000059
0 0.010470 0.002134 0.019239 0.000062
0 0.010436 0.002089 0.019306 0.000030
0 0.010435 0.002108 0.019308 0.000026
0 0.010432 0.002124 0.019314 0.000027
0 0.010436 0.002145 0.019306 0.000031
0 0.010405 0.002133 0.019368 0.000030
0 0.010403 0.002113 0.019373 0.000028
0 0.010403 0.002094 0.019372 0.000032
0 0.010407 0.002075 0.019365 0.000030
0 0.011768 0.001854 0.021106 0.000027
0 0.011756 0.001915 0.021131 0.000016
0 0.011757 0.001929 0.021129 0.000012
0 0.011753 0.001944 0.021138 0.000023
0 0.011740 0.001951 0.021163 0.000017
0 0.011735 0.001977 0.021173 0.000020
0 0.011693 0.002032 0.021257 0.000015
0 0.010872 0.000178 0.018434 0.000024
0 0.010893 0.000213 0.018393 0.000026
0 0.011811 0.000175 0.021021 0.000023
0 0.011769 0.000097 0.021104 0.000023
0 0.011845 0.000131 0.020953 0.000026
0 0.011856 0.000224 0.020931 0.000023
0 0.011887 0.000166 0.020869 0.000014
0 0.011886 0.000179 0.020870 0.000015
0 0.011883 0.000192 0.020877 0.000015
0 0.011877 0.000292 0.020889 0.000031
0 0.011867 0.000286 0.020908 0.000022
0 0.011860 0.000284 0.020923 0.000024
0 0.011853 0.000282 0.020937 0.000022
0 0.011825 0.000273 0.020992 0.000032
0 0.011772 0.000248 0.021099 0.000028
0 0.011781 0.000251 0.021081 0.000023
0 0.011965 0.000091 0.020712 0.000022
0 0.011775 0.000101 0.021092 0.000026
0 0.010893 0.000235 0.018393 0.000032
0 0.011797 0.000110 0.021049 0.000024
0 0.011810 0.000116 0.021023 0.000023
0 0.011824 0.000120 0.020995 0.000023
0 0.011831 0.000124 0.020981 0.000023
0 0.011837 0.000126 0.020969 0.000024
0 0.011852 0.000133 0.020939 0.000024
0 0.011858 0.000136 0.020926 0.000022
0 0.011865 0.000139 0.020912 0.000024
0 0.011872 0.000144 0.020899 0.000022
0 0.011879 0.000144 0.020886 0.000024
0 0.011857 0.000197 0.020928 0.000026
0 0.011845 0.000189 0.020953 0.000022
0 0.011839 0.000184 0.020965 0.000024
0 0.011834 0.000211 0.020974 0.000027
0 0.011832 0.000181 0.020979 0.000022
0 0.011817 0.000119 0.021008 0.000024
0 0.011798 0.000166 0.021046 0.000024
0 0.010914 0.000197 0.018351 0.000029
0 0.010933 0.000188 0.018313 0.000029
0 0.010925 0.000250 0.018330 0.000027
0 0.010927 0.000228 0.018325 0.000030
0 0.010835 0.000223 0.018509 0.000025
0 0.010825 0.000238 0.018529 0.000030
0 0.010820 0.000254 0.018540 0.000031
0 0.010822 0.000269 0.018535 0.000024
0 0.010815 0.000285 0.018548 0.000032
0 0.010815 0.000303 0.018548 0.000028
0 0.010812 0.000319 0.018554 0.000030
0 0.010813 0.000337 0.018552 0.000028
0 0.010806 0.000380 0.018566 0.000027
0 0.010804 0.000396 0.018571 0.000027
0 0.010796 0.000425 0.018586 0.000022
0 0.010794 0.000461 0.018591 0.000032
0 0.010790 0.000493 0.018599 0.000032
0 0.010783 0.000508 0.018613 0.000030
0 0.010780 0.000526 0.018618 0.000030
0 0.011783 0.000104 0.021078 0.000028
0 0.011790 0.000107 0.021063 0.000026
0 0.011791 0.000165 0.021062 0.000026
0 0.011774 0.000185 0.021095 0.000023
0 0.011781 0.000191 0.021081 0.000026
0 0.011804 0.000113 0.021035 0.000021