0 0.011763 0.000084 0.021118 0.000161
0 0.011771 0.000535 0.021101 0.000153
0 0.010636 0.001623 0.018908 0.000333
0 0.010659 0.001758 0.018861 0.000352
0 0.010690 0.001752 0.018798 0.000356
0 0.010717 0.001786 0.018745 0.000352
0 0.010773 0.001510 0.018633 0.000192
0 0.010798 0.001398 0.018582 0.000157
0 0.010812 0.001279 0.018555 0.000153
0 0.010826 0.001049 0.018526 0.000149
0 0.010818 0.001177 0.018543 0.000161
0 0.010843 0.000948 0.018492 0.000164
0 0.010840 0.000558 0.018499 0.000309
0 0.010752 0.000677 0.018674 0.000321
0 0.010778 0.000350 0.018623 0.000317
0 0.010700 0.000521 0.018779 0.000345
0 0.011056 0.000956 0.018066 0.000141
0 0.010849 0.000826 0.018480 0.000164
0 0.012137 0.000350 0.020369 0.000153
0 0.012198 0.000732 0.020247 0.000110
0 0.011639 0.000756 0.021366 0.000125
0 0.011637 0.000662 0.021368 0.000110
0 0.011645 0.000582 0.021354 0.000090
0 0.011651 0.000511 0.021342 0.000106
0 0.011597 0.000621 0.021449 0.000082
0 0.010603 0.001568 0.018973 0.000341