0 0.011109 0.001632 0.017961 0.000060
0 0.011489 0.001222 0.021665 0.000040
0 0.011505 0.001239 0.021633 0.000036
0 0.011498 0.001213 0.021647 0.000038
0 0.011505 0.001198 0.021632 0.000041
0 0.011519 0.001228 0.021605 0.000039
0 0.011526 0.001211 0.021592 0.000035
0 0.011511 0.001184 0.021620 0.000037
0 0.011535 0.001183 0.021573 0.000034
0 0.011528 0.001158 0.021586 0.000037
0 0.011542 0.001175 0.021558 0.000040
0 0.011537 0.001147 0.021569 0.000035
0 0.011552 0.001160 0.021540 0.000041
0 0.011544 0.001134 0.021555 0.000038
0 0.011552 0.001120 0.021539 0.000040
0 0.011558 0.001148 0.021526 0.000035
0 0.011517 0.001344 0.021608 0.000041
0 0.011528 0.001327 0.021586 0.000040
0 0.011541 0.001302 0.021560 0.000038
0 0.011571 0.001367 0.021501 0.000037
0 0.011559 0.001384 0.021524 0.000040
0 0.011548 0.001406 0.021547 0.000035
0 0.011559 0.001537 0.021524 0.000049
0 0.011573 0.001586 0.021497 0.000039
0 0.011594 0.001621 0.021454 0.000034
0 0.011497 0.001252 0.021650 0.000040
0 0.011490 0.001267 0.021663 0.000034
0 0.011617 0.001692 0.021408 0.000039
0 0.011482 0.001240 0.021678 0.000041
0 0.011464 0.000989 0.021715 0.000036
0 0.011354 0.001157 0.021934 0.000040
0 0.011373 0.001206 0.021897 0.000035
0 0.011381 0.001226 0.021881 0.000035
0 0.011394 0.001251 0.021855 0.000028
0 0.011429 0.001162 0.021785 0.000039
0 0.011438 0.001151 0.021767 0.000029
0 0.011452 0.001178 0.021738 0.000038
0 0.011438 0.001136 0.021768 0.000040
0 0.011451 0.001122 0.021740 0.000037
0 0.011460 0.001151 0.021723 0.000038
0 0.011467 0.001137 0.021709 0.000044
0 0.011462 0.001094 0.021718 0.000037
0 0.011475 0.001121 0.021692 0.000035
0 0.011491 0.001109 0.021661 0.000040
0 0.011477 0.001080 0.021689 0.000043
0 0.011491 0.001052 0.021661 0.000041
0 0.011492 0.001095 0.021660 0.000038
0 0.011499 0.001081 0.021645 0.000039
0 0.011508 0.001067 0.021627 0.000041
0 0.011492 0.001038 0.021660 0.000046
0 0.011468 0.001251 0.021706 0.000035
0 0.011487 0.001282 0.021669 0.000042
0 0.011606 0.001649 0.021430 0.000041
0 0.011596 0.001501 0.021451 0.000039
0 0.011761 0.000927 0.021120 0.000042
0 0.011844 0.001079 0.020956 0.000040
0 0.011827 0.001107 0.020989 0.000041
0 0.011819 0.001120 0.021006 0.000042
0 0.011808 0.001090 0.021028 0.000040
0 0.011813 0.001138 0.021017 0.000033
0 0.011805 0.001149 0.021033 0.000034
0 0.011784 0.001132 0.021074 0.000030
0 0.011784 0.001173 0.021075 0.000040
0 0.011792 0.000995 0.021059 0.000034
0 0.011768 0.001035 0.021106 0.000034
0 0.011761 0.001048 0.021122 0.000036
0 0.011754 0.001060 0.021135 0.000034
0 0.011745 0.001073 0.021152 0.000035
0 0.011767 0.001157 0.021108 0.000038
0 0.011723 0.001108 0.021197 0.000037
0 0.011766 0.001217 0.021112 0.000041
0 0.011750 0.001240 0.021143 0.000042
0 0.011744 0.001199 0.021155 0.000039
0 0.011736 0.001210 0.021172 0.000035
0 0.011728 0.001223 0.021187 0.000037
0 0.011727 0.001264 0.021189 0.000041
0 0.011713 0.001292 0.021216 0.000037
0 0.011706 0.001246 0.021231 0.000035
0 0.011707 0.001264 0.021230 0.000040
0 0.011837 0.001094 0.020970 0.000042
0 0.011874 0.001302 0.020896 0.000038
0 0.011582 0.001471 0.021479 0.000041
0 0.011879 0.001251 0.020885 0.000036
0 0.011597 0.001487 0.021449 0.000042
0 0.011583 0.001457 0.021476 0.000038
0 0.011606 0.001477 0.021430 0.000035
0 0.011599 0.001432 0.021446 0.000044
0 0.011612 0.001463 0.021418 0.000039
0 0.011608 0.001421 0.021427 0.000037
0 0.011619 0.001449 0.021404 0.000034
0 0.011624 0.001411 0.021395 0.000039
0 0.011617 0.001563 0.021410 0.000037
0 0.011592 0.000722 0.021459 0.000040
0 0.011647 0.000571 0.021350 0.000034
0 0.011728 0.000848 0.021186 0.000053
0 0.011683 0.000765 0.021277 0.000037
0 0.011676 0.000780 0.021291 0.000037
0 0.011660 0.000818 0.021322 0.000034
0 0.011632 0.000802 0.021379 0.000034
0 0.011622 0.000873 0.021399 0.000038
0 0.011958 0.000153 0.020726 0.000036
0 0.011946 0.000182 0.020752 0.000037
0 0.011805 0.000447 0.021032 0.000034
0 0.011778 0.000378 0.021087 0.000036
0 0.010761 0.000912 0.018656 0.000066
0 0.011422 0.001048 0.021799 0.000039
0 0.011492 0.000930 0.021660 0.000037
0 0.011468 0.000934 0.021708 0.000056
0 0.011383 0.000464 0.021877 0.000042
0 0.011412 0.000396 0.021819 0.000041
0 0.011421 0.000384 0.021801 0.000037
0 0.011432 0.000378 0.021778 0.000040
0 0.011427 0.000255 0.021788 0.000030
0 0.011343 0.000628 0.021957 0.000019
0 0.011386 0.000560 0.021871 0.000034
0 0.011394 0.000547 0.021855 0.000035
0 0.011416 0.000520 0.021811 0.000038
0 0.011426 0.000497 0.021792 0.000037
0 0.011393 0.000600 0.021856 0.000037
0 0.011402 0.000586 0.021840 0.000035
0 0.011414 0.000566 0.021814 0.000044
0 0.011423 0.000552 0.021796 0.000041
0 0.011426 0.000528 0.021791 0.000041
0 0.011431 0.000666 0.021781 0.000054
0 0.011435 0.000637 0.021772 0.000041
0 0.011450 0.000668 0.021743 0.000038
0 0.011507 0.000518 0.021628 0.000036
0 0.011514 0.000504 0.021616 0.000039
0 0.011518 0.000488 0.021607 0.000043
0 0.011530 0.000476 0.021583 0.000041
0 0.011555 0.000551 0.021532 0.000034
0 0.011573 0.000431 0.021497 0.000043
0 0.011396 0.000441 0.021851 0.000041
0 0.010224 0.000122 0.019730 0.000047
0 0.011457 0.000947 0.021728 0.000041
0 0.011313 0.000122 0.022017 0.000041
0 0.011181 0.000375 0.022282 0.000043
0 0.011183 0.000411 0.022277 0.000028
0 0.011192 0.000197 0.022260 0.000044
0 0.011168 0.000023 0.022307 0.000039
0 0.011205 0.000047 0.022233 0.000022
0 0.011255 0.000509 0.022132 0.000041
0 0.011174 0.000585 0.022296 0.000022
0 0.011173 0.000607 0.022297 0.000019
0 0.011220 0.000578 0.022203 0.000024
0 0.011217 0.000602 0.022210 0.000022
0 0.011181 0.000681 0.022282 0.000026
0 0.011216 0.000623 0.022211 0.000020
0 0.011183 0.000703 0.022276 0.000020
0 0.011218 0.000647 0.022207 0.000018
0 0.011182 0.000721 0.022278 0.000020
0 0.011184 0.000741 0.022275 0.000022
0 0.011188 0.000762 0.022267 0.000024
0 0.011218 0.000667 0.022206 0.000022
0 0.011222 0.000692 0.022199 0.000025
0 0.011229 0.000727 0.022184 0.000020
0 0.011228 0.000748 0.022187 0.000020
0 0.010088 0.000864 0.020003 0.000041
0 0.011307 0.000142 0.022028 0.000037
0 0.011595 0.000874 0.021453 0.000041
0 0.011528 0.000872 0.021586 0.000040
0 0.011561 0.000990 0.021521 0.000038
0 0.011546 0.001003 0.021551 0.000037
0 0.011539 0.000974 0.021565 0.000038
0 0.011554 0.000835 0.021535 0.000041
0 0.011556 0.000824 0.021532 0.000038
0 0.011259 0.000969 0.022126 0.000041
0 0.011234 0.001142 0.022175 0.000039
0 0.011187 0.001314 0.022268 0.000041
0 0.011355 0.000841 0.021932 0.000020
0 0.011355 0.000928 0.021932 0.000026
0 0.011356 0.000957 0.021931 0.000022
0 0.011354 0.000983 0.021936 0.000023
0 0.011354 0.001011 0.021934 0.000020
0 0.011352 0.001036 0.021939 0.000020
0 0.011349 0.001067 0.021944 0.000022
0 0.011347 0.001097 0.021950 0.000020
0 0.011346 0.001122 0.021951 0.000022
0 0.011427 0.000878 0.021788 0.000036
0 0.011418 0.000888 0.021807 0.000043
0 0.011421 0.001016 0.021801 0.000033
0 0.011428 0.000987 0.021787 0.000037
0 0.011444 0.000973 0.021755 0.000035
0 0.011554 0.000937 0.021535 0.000042
0 0.011580 0.000900 0.021483 0.000040
0 0.011585 0.000942 0.021473 0.000036
0 0.011451 0.000785 0.021741 0.000041
0 0.011569 0.000809 0.021504 0.000043
0 0.011276 0.000732 0.022091 0.000034
0 0.011344 0.000652 0.021955 0.000023
0 0.011346 0.000681 0.021951 0.000023
0 0.011354 0.000733 0.021936 0.000022
0 0.011354 0.000786 0.021935 0.000021
0 0.011354 0.000814 0.021935 0.000024
0 0.011588 0.000979 0.021467 0.000040
0 0.010086 0.001010 0.020007 0.000029
0 0.010067 0.001108 0.020045 0.000039
0 0.011630 0.000990 0.021383 0.000036
0 0.011622 0.001005 0.021400 0.000043
0 0.011611 0.001058 0.021422 0.000041
0 0.011606 0.001026 0.021430 0.000039
0 0.011602 0.001069 0.021438 0.000041
0 0.011597 0.001039 0.021449 0.000036
0 0.011749 0.000953 0.021145 0.000038
0 0.012149 0.001651 0.020346 0.000039
0 0.011728 0.001721 0.021186 0.000041
0 0.011708 0.001750 0.021227 0.000039
0 0.011715 0.001633 0.021212 0.000037
0 0.011700 0.001646 0.021243 0.000038
0 0.011686 0.001630 0.021271 0.000041
0 0.011670 0.001656 0.021304 0.000042
0 0.011689 0.001669 0.021265 0.000035
0 0.011677 0.001685 0.021290 0.000037
0 0.011747 0.002211 0.021149 0.000038
0 0.011870 0.001990 0.020902 0.000038
0 0.011863 0.002004 0.020916 0.000038
0 0.011857 0.002035 0.020929 0.000041
0 0.011986 0.002186 0.020672 0.000036
0 0.012012 0.002101 0.020619 0.000039
0 0.012015 0.002139 0.020612 0.000042
0 0.012005 0.001998 0.020633 0.000061
0 0.012002 0.001957 0.020639 0.000044
0 0.012030 0.002094 0.020583 0.000036
0 0.012028 0.002042 0.020588 0.000040
0 0.012060 0.002097 0.020523 0.000041
0 0.012043 0.002047 0.020556 0.000042
0 0.012046 0.001985 0.020551 0.000041
0 0.012056 0.002007 0.020530 0.000039
0 0.012254 0.000301 0.020134 0.000045
0 0.011715 0.001733 0.021213 0.000040
0 0.011737 0.001708 0.021170 0.000038
0 0.012250 0.000695 0.020143 0.000045
0 0.011728 0.001791 0.021186 0.000039
0 0.011834 0.001906 0.020974 0.000039
0 0.011820 0.001917 0.021004 0.000035
0 0.011811 0.001929 0.021021 0.000040
0 0.011804 0.001944 0.021035 0.000039
0 0.011796 0.001959 0.021050 0.000038
0 0.011863 0.001735 0.020917 0.000048
0 0.011856 0.001753 0.020932 0.000041
0 0.011842 0.001765 0.020959 0.000034
0 0.011833 0.001793 0.020977 0.000036
0 0.011810 0.001815 0.021023 0.000036
0 0.011803 0.001841 0.021037 0.000036
0 0.011781 0.001869 0.021081 0.000041
0 0.011774 0.001882 0.021095 0.000039
0 0.011775 0.001897 0.021092 0.000033
0 0.011767 0.001853 0.021109 0.000043
0 0.011753 0.001868 0.021138 0.000041
0 0.011804 0.001775 0.021035 0.000036
0 0.011773 0.001640 0.021097 0.000040
0 0.011782 0.001699 0.021079 0.000036
0 0.011766 0.001735 0.021111 0.000040
0 0.011751 0.001752 0.021140 0.000045
0 0.011744 0.001763 0.021155 0.000039
0 0.011743 0.001779 0.021156 0.000034
0 0.011099 0.000598 0.017980 0.000059
0 0.012259 0.000751 0.020125 0.000043
0 0.011733 0.000980 0.021176 0.000043
0 0.012073 0.002000 0.020496 0.000042
0 0.012087 0.002020 0.020469 0.000035
0 0.012071 0.001954 0.020500 0.000042
0 0.012097 0.001947 0.020449 0.000041
0 0.012064 0.001923 0.020516 0.000038
0 0.012072 0.001873 0.020499 0.000038
0 0.012087 0.001886 0.020469 0.000041
0 0.012089 0.001789 0.020466 0.000058
0 0.012096 0.001838 0.020450 0.000039
0 0.012119 0.001838 0.020406 0.000039
0 0.012108 0.001795 0.020427 0.000043
0 0.012131 0.001746 0.020380 0.000039
0 0.012076 0.001632 0.020491 0.000041
0 0.012127 0.001691 0.020389 0.000043
0 0.012171 0.001748 0.020302 0.000029
0 0.012177 0.001704 0.020289 0.000031
0 0.012185 0.001674 0.020272 0.000028
0 0.012210 0.001612 0.020223 0.000042
0 0.012182 0.001205 0.020279 0.000038
0 0.012236 0.000814 0.020171 0.000046
0 0.012173 0.001397 0.020297 0.000036
0 0.012199 0.000856 0.020245 0.000043
0 0.012165 0.000880 0.020314 0.000038
0 0.014409 0.000051 0.024753 0.000037
0 0.012228 0.000999 0.020187 0.000041
0 0.012208 0.001028 0.020227 0.000037
0 0.012210 0.001111 0.020222 0.000040
0 0.012223 0.001134 0.020196 0.000038
0 0.012173 0.000939 0.020296 0.000040
0 0.012172 0.001055 0.020299 0.000039
0 0.012146 0.001041 0.020351 0.000035
0 0.012143 0.001179 0.020357 0.000036
0 0.012071 0.001566 0.020502 0.000041
0 0.012127 0.001590 0.020388 0.000043
0 0.011046 0.001568 0.018086 0.000065
0 0.012151 0.001544 0.020341 0.000044
0 0.012148 0.001459 0.020347 0.000042
0 0.011069 0.001404 0.018040 0.000083
0 0.011844 0.001880 0.020956 0.000040
0 0.011888 0.001954 0.020866 0.000030
0 0.011893 0.001914 0.020857 0.000030
0 0.011629 0.001440 0.021384 0.000035
0 0.011630 0.001397 0.021383 0.000041
0 0.011644 0.001425 0.021354 0.000037
0 0.011643 0.001411 0.021357 0.000039
0 0.011635 0.001380 0.021372 0.000041
0 0.011661 0.001402 0.021320 0.000036
0 0.011643 0.001367 0.021357 0.000041
0 0.011645 0.001355 0.021353 0.000041
0 0.011677 0.001377 0.021290 0.000041
0 0.011660 0.001345 0.021322 0.000043
0 0.011661 0.001328 0.021321 0.000040
0 0.011684 0.001359 0.021274 0.000033
0 0.011677 0.001315 0.021288 0.000035
0 0.011632 0.001593 0.021378 0.000038
0 0.011634 0.001553 0.021375 0.000041
0 0.011647 0.001581 0.021348 0.000036
0 0.011635 0.001540 0.021373 0.000035
0 0.011910 0.001845 0.020824 0.000033
0 0.011648 0.001236 0.021346 0.000035
0 0.011724 0.000991 0.021196 0.000043
0 0.011713 0.001019 0.021217 0.000038
0 0.011704 0.001030 0.021235 0.000035
0 0.011696 0.001045 0.021251 0.000041
0 0.011701 0.000894 0.021240 0.000041
0 0.011697 0.000925 0.021249 0.000040
0 0.011674 0.000949 0.021294 0.000039
0 0.011653 0.000936 0.021336 0.000044
0 0.011651 0.000989 0.021341 0.000041
0 0.011644 0.000960 0.021355 0.000040
0 0.011643 0.001001 0.021357 0.000040
0 0.011636 0.001016 0.021370 0.000035
0 0.011802 0.001303 0.021038 0.000039
0 0.011641 0.001521 0.021360 0.000031
0 0.011656 0.001509 0.021331 0.000038
0 0.011649 0.001566 0.021345 0.000037
0 0.011665 0.001537 0.021314 0.000037
0 0.011754 0.001501 0.021136 0.000037
0 0.011767 0.001544 0.021110 0.000036
0 0.011754 0.001555 0.021135 0.000036
0 0.011730 0.001596 0.021183 0.000040
0 0.014192 0.001238 0.025188 0.000042
0 0.010894 0.001458 0.018391 0.000079
0 0.011635 0.001727 0.021372 0.000039
0 0.011660 0.001763 0.021322 0.000038
0 0.011897 0.001635 0.020849 0.000036
0 0.011951 0.001650 0.020741 0.000027
0 0.011948 0.001669 0.020747 0.000026
0 0.011939 0.001703 0.020765 0.000030
0 0.011924 0.001775 0.020794 0.000027
0 0.011919 0.001808 0.020804 0.000030
0 0.011787 0.001617 0.021068 0.000037
0 0.011836 0.001367 0.020971 0.000041
0 0.011668 0.001493 0.021307 0.000041
0 0.011680 0.001474 0.021283 0.000039
0 0.011696 0.001445 0.021250 0.000041
0 0.011710 0.001468 0.021223 0.000041
0 0.011795 0.001330 0.021054 0.000039
0 0.011773 0.001314 0.021097 0.000039
0 0.011779 0.001340 0.021085 0.000034
0 0.011772 0.001367 0.021100 0.000037
0 0.011737 0.001366 0.021170 0.000034
0 0.011741 0.001408 0.021162 0.000039
0 0.011825 0.001373 0.020993 0.000034
0 0.011963 0.001578 0.020717 0.000026
0 0.011803 0.001420 0.021036 0.000047
0 0.011810 0.001462 0.021022 0.000045
0 0.011788 0.001443 0.021067 0.000040
0 0.011808 0.001535 0.021028 0.000040
0 0.011854 0.001496 0.020935 0.000038
0 0.011896 0.001474 0.020851 0.000041
0 0.011836 0.001608 0.020971 0.000036
0 0.011957 0.001535 0.020730 0.000040
0 0.010812 0.001499 0.018554 0.000070
0 0.011169 0.000336 0.022306 0.000038