0 0.012235 0.001206 0.020172 0.000064
0 0.011754 0.000896 0.021136 0.000058
0 0.011675 0.000760 0.021292 0.000030
0 0.011674 0.000820 0.021295 0.000028
0 0.011678 0.000849 0.021287 0.000031
0 0.011671 0.000958 0.021301 0.000031
0 0.011672 0.000999 0.021299 0.000031
0 0.011673 0.001042 0.021297 0.000028
0 0.011655 0.001096 0.021333 0.000057
0 0.011672 0.001100 0.021299 0.000060
0 0.011686 0.001100 0.021270 0.000055
0 0.011701 0.000905 0.021242 0.000053
0 0.011723 0.000768 0.021197 0.000050
0 0.011725 0.000825 0.021193 0.000028
0 0.011732 0.000680 0.021178 0.000058
0 0.011744 0.000680 0.021155 0.000063
0 0.011734 0.000768 0.021174 0.000050
0 0.011744 0.000767 0.021155 0.000053
0 0.011755 0.000771 0.021133 0.000055
0 0.011765 0.000765 0.021113 0.000051
0 0.011754 0.000679 0.021135 0.000064
0 0.011764 0.000685 0.021114 0.000048
0 0.011773 0.000681 0.021096 0.000060
0 0.011794 0.000764 0.021055 0.000053
0 0.011724 0.000893 0.021195 0.000057
0 0.011734 0.000895 0.021175 0.000053
0 0.011744 0.000894 0.021155 0.000048
0 0.011723 0.000955 0.021196 0.000055
0 0.011734 0.000953 0.021175 0.000055
0 0.011723 0.000019 0.021197 0.000030
0 0.011698 0.000027 0.021247 0.000026
0 0.011586 0.002186 0.021470 0.000064
0 0.011467 0.001799 0.021709 0.000028
0 0.011656 0.001682 0.021332 0.000031
0 0.011650 0.001830 0.021344 0.000060
0 0.011638 0.001832 0.021366 0.000064
0 0.011628 0.001834 0.021387 0.000057
0 0.011617 0.001833 0.021408 0.000053
0 0.011607 0.001840 0.021430 0.000054
0 0.011597 0.001835 0.021449 0.000057
0 0.011586 0.001840 0.021470 0.000053
0 0.011577 0.001835 0.021489 0.000054
0 0.011555 0.001831 0.021533 0.000063
0 0.011523 0.001778 0.021596 0.000036
0 0.011492 0.001788 0.021659 0.000033
0 0.011424 0.001801 0.021794 0.000028
0 0.011572 0.002067 0.021498 0.000034
0 0.011389 0.001803 0.021864 0.000028
0 0.011421 0.002070 0.021801 0.000026
0 0.011431 0.002188 0.021781 0.000063
0 0.011472 0.002067 0.021698 0.000030
0 0.011466 0.002173 0.021711 0.000055
0 0.011475 0.002190 0.021692 0.000064
0 0.011497 0.002067 0.021649 0.000028
0 0.011498 0.002183 0.021648 0.000058
0 0.011531 0.002067 0.021580 0.000031
0 0.011514 0.002188 0.021615 0.000063
0 0.011543 0.002191 0.021557 0.000060
0 0.011532 0.002194 0.021579 0.000060
0 0.011745 0.000951 0.021153 0.000048
0 0.011764 0.000894 0.021115 0.000048
0 0.011659 0.001626 0.021326 0.000028
0 0.011753 0.000955 0.021137 0.000053
0 0.011906 0.000877 0.020832 0.000063
0 0.011917 0.000896 0.020809 0.000054
0 0.011924 0.000914 0.020794 0.000063
0 0.011940 0.000948 0.020763 0.000067
0 0.011950 0.000966 0.020744 0.000058
0 0.011959 0.000979 0.020726 0.000064
0 0.011975 0.001007 0.020692 0.000055
0 0.012007 0.001074 0.020629 0.000061
0 0.012022 0.001129 0.020598 0.000040
0 0.012029 0.001198 0.020585 0.000021
0 0.011723 0.001081 0.021196 0.000057
0 0.011725 0.001138 0.021193 0.000058
0 0.011734 0.001079 0.021175 0.000054
0 0.011734 0.001140 0.021175 0.000057
0 0.011745 0.001075 0.021153 0.000051
0 0.011746 0.001140 0.021151 0.000058
0 0.011756 0.001077 0.021132 0.000053
0 0.011755 0.001136 0.021133 0.000051
0 0.011766 0.001074 0.021111 0.000055
0 0.011765 0.001135 0.021113 0.000051
0 0.011775 0.001071 0.021092 0.000054
0 0.011776 0.001128 0.021091 0.000058
0 0.011785 0.001073 0.021072 0.000054
0 0.011796 0.001076 0.021051 0.000061
0 0.011807 0.001083 0.021030 0.000055
0 0.011797 0.001142 0.021049 0.000054
0 0.011807 0.001137 0.021030 0.000053
0 0.011898 0.000853 0.020848 0.000057
0 0.011891 0.000830 0.020861 0.000058
0 0.011885 0.000801 0.020873 0.000053
0 0.011792 0.000950 0.021058 0.000053
0 0.011765 0.000954 0.021112 0.000060
0 0.011795 0.000683 0.021053 0.000053
0 0.011806 0.000682 0.021032 0.000055
0 0.011825 0.000680 0.020993 0.000051
0 0.011787 0.000537 0.021068 0.000063
0 0.011803 0.000541 0.021037 0.000050
0 0.011816 0.000536 0.021010 0.000051
0 0.011833 0.000536 0.020976 0.000060
0 0.011815 0.000768 0.021012 0.000053
0 0.011833 0.000768 0.020977 0.000063
0 0.011781 0.000952 0.021081 0.000055
0 0.011795 0.000895 0.021054 0.000050
0 0.011805 0.000952 0.021033 0.000050
0 0.011877 0.000770 0.020888 0.000044
0 0.011815 0.000894 0.021013 0.000050
0 0.011816 0.000954 0.021010 0.000054
0 0.011825 0.000894 0.020993 0.000058
0 0.011825 0.000948 0.020993 0.000045
0 0.011835 0.000893 0.020972 0.000057
0 0.011836 0.000953 0.020970 0.000055
0 0.011845 0.000893 0.020953 0.000057
0 0.011855 0.000949 0.020934 0.000053
0 0.011867 0.000942 0.020908 0.000053
0 0.011865 0.000591 0.020912 0.000034
0 0.011867 0.000622 0.020908 0.000030
0 0.011872 0.000679 0.020899 0.000033
0 0.011657 0.001656 0.021329 0.000027
0 0.011656 0.001567 0.021331 0.000030
0 0.011817 0.001137 0.021008 0.000058
0 0.011464 0.001390 0.021715 0.000057
0 0.011603 0.001137 0.021437 0.000030
0 0.011544 0.001263 0.021555 0.000028
0 0.011545 0.001292 0.021554 0.000036
0 0.011545 0.001325 0.021553 0.000028
0 0.011546 0.001358 0.021551 0.000027
0 0.011589 0.001258 0.021464 0.000028
0 0.011611 0.001231 0.021422 0.000027
0 0.011588 0.001288 0.021466 0.000026
0 0.011611 0.001263 0.021422 0.000027
0 0.011612 0.001293 0.021418 0.000027
0 0.011589 0.001319 0.021465 0.000027
0 0.011611 0.001319 0.021422 0.000030
0 0.011590 0.001346 0.021462 0.000028
0 0.011612 0.001344 0.021419 0.000027
0 0.011592 0.001373 0.021459 0.000028
0 0.011613 0.001378 0.021417 0.000030
0 0.011621 0.000035 0.021400 0.000036
0 0.011373 0.001400 0.021896 0.000047
0 0.011383 0.001398 0.021877 0.000055
0 0.011394 0.001398 0.021855 0.000058
0 0.011403 0.001398 0.021837 0.000060
0 0.011413 0.001394 0.021816 0.000053
0 0.011424 0.001395 0.021795 0.000067
0 0.011433 0.001397 0.021776 0.000055
0 0.011444 0.001385 0.021755 0.000055
0 0.011556 0.001226 0.021532 0.000038
0 0.011514 0.001338 0.021615 0.000026
0 0.011512 0.001308 0.021619 0.000026
0 0.011405 0.001109 0.021834 0.000054
0 0.010047 0.000653 0.020084 0.000134
0 0.011177 0.000108 0.022289 0.000068
0 0.011209 0.001216 0.022225 0.000026
0 0.011249 0.001228 0.022146 0.000041
0 0.011207 0.001255 0.022229 0.000027
0 0.011227 0.001259 0.022188 0.000038
0 0.011253 0.001285 0.022137 0.000050
0 0.011275 0.001334 0.022093 0.000060
0 0.011336 0.001250 0.021971 0.000028
0 0.011335 0.001290 0.021972 0.000026
0 0.011363 0.001109 0.021916 0.000063
0 0.011390 0.001108 0.021863 0.000050
0 0.011419 0.001109 0.021804 0.000051
0 0.011513 0.001272 0.021617 0.000028
0 0.011450 0.001107 0.021744 0.000055
0 0.011382 0.001290 0.021879 0.000065
0 0.011389 0.001247 0.021865 0.000051
0 0.011399 0.001243 0.021846 0.000054
0 0.011409 0.001245 0.021825 0.000051
0 0.011419 0.001248 0.021805 0.000050
0 0.011429 0.001245 0.021784 0.000053
0 0.011439 0.001245 0.021765 0.000057
0 0.011449 0.001245 0.021745 0.000060
0 0.011459 0.001248 0.021725 0.000053
0 0.011469 0.001249 0.021704 0.000064
0 0.011480 0.001186 0.021683 0.000030
0 0.011454 0.001388 0.021736 0.000060
0 0.011475 0.001387 0.021693 0.000058
0 0.011656 0.001539 0.021332 0.000027
0 0.011489 0.001389 0.021664 0.000057
0 0.011500 0.001385 0.021644 0.000067
0 0.011546 0.001393 0.021551 0.000030
0 0.011547 0.001426 0.021550 0.000028
0 0.011546 0.001459 0.021551 0.000027
0 0.011546 0.001492 0.021551 0.000027
0 0.011546 0.001524 0.021552 0.000028
0 0.011547 0.001559 0.021549 0.000027
0 0.011547 0.001590 0.021550 0.000028
0 0.011546 0.001626 0.021551 0.000027
0 0.011590 0.001400 0.021462 0.000030
0 0.011590 0.001459 0.021462 0.000030
0 0.011590 0.001490 0.021463 0.000031
0 0.011588 0.001518 0.021467 0.000028
0 0.011591 0.001545 0.021461 0.000027
0 0.011614 0.001403 0.021414 0.000027
0 0.011612 0.001430 0.021419 0.000028
0 0.011612 0.001457 0.021418 0.000030
0 0.011612 0.001484 0.021418 0.000028
0 0.011610 0.001516 0.021423 0.000030
0 0.011612 0.001544 0.021418 0.000031
0 0.011566 0.001681 0.021510 0.000050
0 0.011577 0.001678 0.021489 0.000060
0 0.011587 0.001678 0.021468 0.000054
0 0.011607 0.001667 0.021430 0.000050
0 0.011618 0.001671 0.021406 0.000061
0 0.011655 0.001458 0.021334 0.000030
0 0.011656 0.001511 0.021332 0.000027
0 0.011657 0.001429 0.021330 0.000026
0 0.011656 0.001229 0.021331 0.000030
0 0.011659 0.001287 0.021326 0.000030
0 0.011658 0.001314 0.021327 0.000024
0 0.011657 0.001341 0.021329 0.000027
0 0.011656 0.001371 0.021331 0.000028
0 0.011658 0.001400 0.021328 0.000030
0 0.011814 0.001074 0.021015 0.000058
0 0.011826 0.001132 0.020991 0.000050
0 0.012227 0.001217 0.020189 0.000060
0 0.012025 0.001457 0.020593 0.000031
0 0.011850 0.001394 0.020944 0.000030
0 0.011851 0.001510 0.020942 0.000034
0 0.011853 0.001648 0.020937 0.000028
0 0.011872 0.001366 0.020898 0.000031
0 0.011872 0.001477 0.020899 0.000037
0 0.011874 0.001535 0.020895 0.000033
0 0.011871 0.001591 0.020900 0.000034
0 0.011874 0.001678 0.020895 0.000030
0 0.011918 0.001364 0.020806 0.000033
0 0.011920 0.001650 0.020802 0.000027
0 0.011920 0.001676 0.020803 0.000027
0 0.011940 0.001394 0.020763 0.000033
0 0.011938 0.001447 0.020766 0.000030
0 0.011937 0.001476 0.020768 0.000030
0 0.011938 0.001506 0.020766 0.000028
0 0.011941 0.001533 0.020761 0.000030
0 0.011941 0.001613 0.020761 0.000030
0 0.011938 0.001674 0.020766 0.000030
0 0.011982 0.001362 0.020679 0.000026
0 0.011981 0.001392 0.020680 0.000028
0 0.011983 0.001427 0.020677 0.000030
0 0.011983 0.001462 0.020677 0.000031
0 0.011984 0.001496 0.020675 0.000026
0 0.011981 0.001528 0.020680 0.000024
0 0.011983 0.001562 0.020677 0.000031
0 0.011980 0.001594 0.020682 0.000028
0 0.011981 0.001630 0.020681 0.000030
0 0.011840 0.001348 0.020963 0.000048
0 0.011822 0.001718 0.020999 0.000055
0 0.011809 0.001593 0.021026 0.000027
0 0.011782 0.001369 0.021078 0.000028
0 0.011722 0.001398 0.021199 0.000028
0 0.011720 0.001369 0.021202 0.000031
0 0.011742 0.001455 0.021159 0.000027
0 0.011741 0.001484 0.021161 0.000028
0 0.011740 0.001511 0.021162 0.000028
0 0.011742 0.001538 0.021158 0.000027
0 0.011741 0.001565 0.021160 0.000028
0 0.011742 0.001594 0.021158 0.000030
0 0.011743 0.001624 0.021157 0.000027
0 0.011742 0.001651 0.021159 0.000028
0 0.011741 0.001678 0.021161 0.000030
0 0.011768 0.001409 0.021106 0.000051
0 0.011787 0.001427 0.021068 0.000026
0 0.011805 0.001562 0.021033 0.000031
0 0.011785 0.001454 0.021072 0.000026
0 0.011786 0.001481 0.021070 0.000026
0 0.011784 0.001510 0.021074 0.000026
0 0.011783 0.001535 0.021076 0.000026
0 0.011788 0.001626 0.021067 0.000026
0 0.011788 0.001654 0.021067 0.000030
0 0.011786 0.001683 0.021071 0.000028
0 0.011806 0.001395 0.021031 0.000031
0 0.011808 0.001422 0.021027 0.000026
0 0.011806 0.001450 0.021031 0.000028
0 0.011806 0.001507 0.021032 0.000028
0 0.011806 0.001536 0.021032 0.000027
0 0.012030 0.001367 0.020583 0.000027
0 0.011999 0.001811 0.020646 0.000063
0 0.011719 0.001484 0.021205 0.000028
0 0.011982 0.001820 0.020678 0.000063
0 0.012006 0.002170 0.020631 0.000053
0 0.012016 0.002177 0.020611 0.000054
0 0.012026 0.002179 0.020590 0.000047
0 0.012038 0.002176 0.020567 0.000053
0 0.012047 0.002175 0.020550 0.000060
0 0.012025 0.002051 0.020593 0.000027
0 0.012025 0.001492 0.020593 0.000027
0 0.012022 0.001563 0.020598 0.000033
0 0.010973 0.001894 0.018232 0.000074
0 0.012098 0.001692 0.020448 0.000060
0 0.012016 0.001762 0.020611 0.000030
0 0.012020 0.001725 0.020602 0.000027
0 0.012124 0.000386 0.020395 0.000053
0 0.012116 0.000462 0.020410 0.000057
0 0.012126 0.000439 0.020390 0.000043
0 0.012128 0.000254 0.020386 0.000045
0 0.012122 0.000287 0.020399 0.000048
0 0.012126 0.000171 0.020391 0.000030
0 0.012154 0.000208 0.020336 0.000051
0 0.012146 0.000108 0.020351 0.000054
0 0.012111 0.000077 0.020422 0.000036
0 0.012114 0.000050 0.020416 0.000036
0 0.012153 0.001313 0.020337 0.000047
0 0.012162 0.001300 0.020319 0.000058
0 0.012179 0.001286 0.020284 0.000061
0 0.012191 0.001254 0.020261 0.000051
0 0.012216 0.001233 0.020211 0.000061
0 0.011998 0.002169 0.020648 0.000058
0 0.011981 0.002170 0.020681 0.000055
0 0.011970 0.002170 0.020703 0.000054
0 0.011967 0.001823 0.020709 0.000074
0 0.011953 0.001822 0.020737 0.000078
0 0.011929 0.001818 0.020784 0.000075
0 0.011909 0.001818 0.020826 0.000078
0 0.011880 0.001824 0.020883 0.000048
0 0.011868 0.001815 0.020907 0.000070
0 0.011848 0.001828 0.020948 0.000057
0 0.011829 0.001816 0.020985 0.000082
0 0.011773 0.001768 0.021096 0.000027
0 0.011778 0.001824 0.021087 0.000063
0 0.011728 0.001826 0.021186 0.000063
0 0.011697 0.001829 0.021250 0.000061
0 0.011971 0.002056 0.020701 0.000026
0 0.011699 0.002060 0.021245 0.000031
0 0.011749 0.002179 0.021145 0.000053
0 0.011728 0.002060 0.021186 0.000026
0 0.011751 0.002059 0.021141 0.000028
0 0.011770 0.002181 0.021102 0.000060
0 0.011785 0.002057 0.021072 0.000028
0 0.011807 0.002179 0.021029 0.000058
0 0.011859 0.002176 0.020926 0.000055
0 0.011881 0.002175 0.020881 0.000061
0 0.011900 0.002175 0.020844 0.000057
0 0.011908 0.002056 0.020827 0.000031
0 0.011946 0.002053 0.020751 0.000031
0 0.011723 0.001457 0.021197 0.000027
0 0.011718 0.001512 0.021207 0.000033
0 0.011837 0.001133 0.020969 0.000060
0 0.011676 0.001255 0.021291 0.000031
0 0.011677 0.001285 0.021289 0.000028
0 0.011678 0.001314 0.021287 0.000030
0 0.011677 0.001343 0.021289 0.000030
0 0.011677 0.001373 0.021289 0.000033
0 0.011679 0.001402 0.021285 0.000028
0 0.011677 0.001427 0.021289 0.000031
0 0.011741 0.001250 0.021160 0.000026
0 0.011751 0.001193 0.021142 0.000028
0 0.011739 0.001281 0.021164 0.000028
0 0.011741 0.001312 0.021160 0.000028
0 0.011741 0.001341 0.021161 0.000027
0 0.011741 0.001370 0.021160 0.000030
0 0.011741 0.001425 0.021160 0.000028
0 0.011722 0.001339 0.021199 0.000031
0 0.011782 0.001251 0.021079 0.000026
0 0.011781 0.001280 0.021080 0.000028
0 0.011784 0.001313 0.021075 0.000030
0 0.011781 0.001340 0.021080 0.000030
0 0.011958 0.000028 0.020728 0.000036
0 0.011964 0.000112 0.020714 0.000044
0 0.011947 0.001124 0.020749 0.000047
0 0.011846 0.001133 0.020951 0.000063
0 0.011856 0.001132 0.020932 0.000045
0 0.011865 0.001137 0.020912 0.000058
0 0.011876 0.001132 0.020890 0.000058
0 0.011856 0.001073 0.020931 0.000058
0 0.011866 0.001073 0.020910 0.000053
0 0.011886 0.001075 0.020871 0.000057
0 0.011897 0.001072 0.020850 0.000054
0 0.011894 0.001137 0.020854 0.000055
0 0.011906 0.001135 0.020832 0.000061
0 0.011926 0.001139 0.020791 0.000063
0 0.011956 0.001130 0.020732 0.000064
0 0.012078 0.000615 0.020486 0.000044
0 0.011967 0.000193 0.020709 0.000037
0 0.012096 0.000584 0.020450 0.000044
0 0.011965 0.000399 0.020712 0.000038
0 0.011963 0.000288 0.020717 0.000038
0 0.011719 0.001564 0.021204 0.000031
0 0.011804 0.001254 0.021036 0.000028
0 0.011677 0.001457 0.021289 0.000030
0 0.011678 0.001484 0.021287 0.000026
0 0.011677 0.001513 0.021288 0.000027
0 0.011679 0.001541 0.021284 0.000028
0 0.011678 0.001569 0.021286 0.000030
0 0.011677 0.001595 0.021288 0.000026
0 0.011677 0.001626 0.021288 0.000028
0 0.011680 0.001656 0.021283 0.000024
0 0.011722 0.001624 0.021198 0.000028
0 0.011721 0.001593 0.021200 0.000027
0 0.012026 0.001336 0.020591 0.000031
0 0.012028 0.001307 0.020586 0.000027
0 0.012027 0.001254 0.020589 0.000028
0 0.011872 0.001311 0.020898 0.000028
0 0.011805 0.001281 0.021033 0.000037
0 0.011804 0.001311 0.021035 0.000028
0 0.011805 0.001340 0.021034 0.000030
0 0.011849 0.001314 0.020945 0.000034
0 0.011850 0.001281 0.020943 0.000028
0 0.011849 0.001249 0.020946 0.000030
0 0.011871 0.001249 0.020900 0.000030
0 0.011918 0.001253 0.020807 0.000031
0 0.011916 0.001308 0.020811 0.000028
0 0.011938 0.001280 0.020766 0.000028
0 0.011939 0.001336 0.020765 0.000031
0 0.011981 0.001246 0.020681 0.000033
0 0.011979 0.001283 0.020684 0.000027
0 0.011980 0.001332 0.020682 0.000026
0 0.010045 0.000818 0.020088 0.000134