0 0.000224 0.002019 0.000449 0.000032
0 0.000596 0.000541 0.001192 0.000043
0 0.001062 0.000925 0.002123 0.000020
0 0.001065 0.000908 0.002130 0.000021
0 0.001061 0.000886 0.002121 0.000015
0 0.001066 0.000895 0.002132 0.000014
0 0.001078 0.000894 0.002157 0.000015
0 0.001095 0.000862 0.002190 0.000024
0 0.001076 0.000848 0.002153 0.000024
0 0.001057 0.000834 0.002114 0.000023
0 0.001046 0.000823 0.002093 0.000023
0 0.001034 0.000817 0.002067 0.000016
0 0.001096 0.000784 0.002192 0.000012
0 0.001016 0.000756 0.002032 0.000050
0 0.000897 0.000559 0.001794 0.000031
0 0.000812 0.000570 0.001624 0.000046
0 0.000823 0.000531 0.001645 0.000047
0 0.000831 0.000495 0.001662 0.000039
0 0.000841 0.000457 0.001682 0.000044
0 0.001057 0.000916 0.002115 0.000022
0 0.001030 0.000956 0.002060 0.000025
0 0.001004 0.000952 0.002008 0.000016
0 0.000593 0.000670 0.001186 0.000026
0 0.000339 0.001114 0.000678 0.000028
0 0.000172 0.001177 0.000345 0.000027
0 0.000476 0.000723 0.000952 0.000030
0 0.000513 0.000728 0.001026 0.000054
0 0.000538 0.000745 0.001077 0.000045
0 0.000562 0.000661 0.001124 0.000048
0 0.000577 0.000663 0.001154 0.000022
0 0.000579 0.000772 0.001158 0.000023
0 0.001013 0.000941 0.002025 0.000021
0 0.000593 0.000760 0.001186 0.000027
0 0.000607 0.000677 0.001214 0.000023
0 0.001029 0.000878 0.002058 0.000022
0 0.001025 0.000897 0.002049 0.000023
0 0.001021 0.000908 0.002042 0.000020
0 0.001019 0.000914 0.002037 0.000020
0 0.001017 0.000926 0.002035 0.000020
0 0.000594 0.000590 0.001188 0.000053
0 0.000744 0.000488 0.001489 0.000046
0 0.000374 0.001126 0.000749 0.000043
0 0.000756 0.000450 0.001512 0.000045
0 0.001033 0.000126 0.002066 0.000042
0 0.000998 0.000189 0.001995 0.000028
0 0.000972 0.000273 0.001945 0.000029
0 0.000946 0.000213 0.001893 0.000030
0 0.000802 0.000287 0.001604 0.000051
0 0.000821 0.000208 0.001642 0.000044
0 0.000873 0.000339 0.001745 0.000044
0 0.000880 0.000305 0.001760 0.000026
0 0.000918 0.000166 0.001836 0.000045
0 0.000694 0.000300 0.001388 0.000054
0 0.000645 0.000304 0.001291 0.000024
0 0.000664 0.000230 0.001329 0.000037
0 0.000667 0.000187 0.001334 0.000021
0 0.000657 0.000185 0.001314 0.000022
0 0.000552 0.000348 0.001104 0.000028
0 0.000573 0.000252 0.001147 0.000047
0 0.000585 0.000216 0.001170 0.000050
0 0.001065 0.000212 0.002131 0.000029
0 0.000523 0.000446 0.001046 0.000044
0 0.000622 0.000388 0.001245 0.000018
0 0.000673 0.000422 0.001346 0.000021
0 0.000766 0.000419 0.001531 0.000040
0 0.000771 0.000382 0.001542 0.000044
0 0.000649 0.000516 0.001298 0.000020
0 0.000654 0.000498 0.001309 0.000023
0 0.000659 0.000479 0.001317 0.000023
0 0.000663 0.000459 0.001326 0.000022
0 0.000668 0.000441 0.001337 0.000023
0 0.000679 0.000403 0.001357 0.000021
0 0.000618 0.000408 0.001236 0.000023
0 0.000629 0.000447 0.001258 0.000020
0 0.000634 0.000430 0.001267 0.000015
0 0.000640 0.000411 0.001280 0.000021
0 0.000644 0.000394 0.001288 0.000022
0 0.000601 0.000468 0.001203 0.000022
0 0.000608 0.000449 0.001217 0.000025
0 0.000612 0.000428 0.001225 0.000021
0 0.000315 0.001208 0.000631 0.000029
0 0.000343 0.001222 0.000685 0.000027
0 0.000164 0.002046 0.000327 0.000044
0 0.000416 0.001744 0.000832 0.000052
0 0.000313 0.001593 0.000626 0.000045
0 0.000383 0.001678 0.000766 0.000046
0 0.000413 0.001660 0.000826 0.000052
0 0.000395 0.001579 0.000791 0.000030
0 0.000371 0.001577 0.000742 0.000029
0 0.000401 0.001389 0.000801 0.000028
0 0.000999 0.002067 0.001999 0.000022
0 0.000629 0.001916 0.001257 0.000049
0 0.000417 0.002155 0.000834 0.000049
0 0.000386 0.002146 0.000772 0.000043
0 0.000358 0.002133 0.000716 0.000043
0 0.000332 0.002120 0.000663 0.000045
0 0.000312 0.002079 0.000623 0.000044
0 0.000348 0.002005 0.000697 0.000048
0 0.000301 0.001990 0.000602 0.000045
0 0.000325 0.001905 0.000650 0.000045
0 0.000346 0.001835 0.000691 0.000048
0 0.000287 0.001526 0.000573 0.000044
0 0.000277 0.001492 0.000554 0.000043
0 0.000244 0.001453 0.000488 0.000031
0 0.000261 0.001920 0.000522 0.000045
0 0.000079 0.002007 0.000158 0.000044
0 0.000113 0.001922 0.000226 0.000021
0 0.000127 0.001932 0.000255 0.000025
0 0.000146 0.001936 0.000291 0.000026
0 0.000179 0.001900 0.000357 0.000025
0 0.000189 0.001875 0.000378 0.000025
0 0.000188 0.001777 0.000376 0.000050
0 0.000280 0.001844 0.000560 0.000047
0 0.000234 0.001501 0.000467 0.000047
0 0.000284 0.001804 0.000568 0.000028
0 0.000299 0.001772 0.000599 0.000046
0 0.000290 0.001725 0.000580 0.000031
0 0.000279 0.001685 0.000558 0.000048
0 0.000264 0.001642 0.000529 0.000048
0 0.000122 0.001592 0.000245 0.000029
0 0.000229 0.001561 0.000458 0.000044
0 0.000354 0.001796 0.000709 0.000049
0 0.000435 0.001726 0.000871 0.000029
0 0.000371 0.001234 0.000741 0.000030
0 0.000496 0.001606 0.000993 0.000052
0 0.001047 0.001205 0.002093 0.000043
0 0.000465 0.001526 0.000929 0.000021
0 0.000366 0.001531 0.000732 0.000028
0 0.000337 0.001470 0.000675 0.000028
0 0.000350 0.001369 0.000700 0.000026
0 0.000234 0.001349 0.000468 0.000037
0 0.000454 0.001364 0.000908 0.000028
0 0.000518 0.001298 0.001035 0.000029
0 0.000544 0.001311 0.001087 0.000029
0 0.000581 0.001317 0.001162 0.000051
0 0.000550 0.001147 0.001099 0.000027
0 0.000529 0.001194 0.001058 0.000044
0 0.000461 0.001274 0.000921 0.000031
0 0.000452 0.001157 0.000905 0.000028
0 0.000435 0.001255 0.000871 0.000049
0 0.000425 0.001146 0.000850 0.000028
0 0.000403 0.001138 0.000806 0.000042
0 0.001069 0.001212 0.002138 0.000034
0 0.001092 0.001224 0.002184 0.000038
0 0.001056 0.001297 0.002112 0.000050
0 0.000930 0.001607 0.001859 0.000048
0 0.000470 0.001832 0.000940 0.000029
0 0.000797 0.001813 0.001594 0.000022
0 0.000868 0.001832 0.001737 0.000046
0 0.000840 0.001744 0.001679 0.000042
0 0.000887 0.001761 0.001775 0.000046
0 0.000911 0.001679 0.001821 0.000048
0 0.000918 0.001644 0.001837 0.000044
0 0.000836 0.001613 0.001672 0.000052
0 0.000993 0.001371 0.001986 0.000049
0 0.000854 0.001542 0.001709 0.000052
0 0.000869 0.001493 0.001738 0.000048
0 0.000875 0.001456 0.001750 0.000045
0 0.000885 0.001419 0.001769 0.000044
0 0.000951 0.001525 0.001901 0.000045
0 0.000961 0.001490 0.001923 0.000046
0 0.000972 0.001453 0.001943 0.000046
0 0.000360 0.000728 0.000721 0.000049