0 0.005510 0.000769 0.006838 0.000089
0 0.011377 0.000216 0.021888 0.000027
0 0.011450 0.000046 0.021744 0.000033
0 0.011402 0.000078 0.021840 0.000033
0 0.011403 0.000107 0.021838 0.000023
0 0.011405 0.000143 0.021834 0.000021
0 0.011388 0.000156 0.021867 0.000025
0 0.011383 0.000089 0.021877 0.000020
0 0.011345 0.000215 0.021953 0.000026
0 0.005484 0.000776 0.006889 0.000086
0 0.011339 0.000212 0.021966 0.000026
0 0.011315 0.000200 0.022014 0.000030
0 0.011324 0.000069 0.021995 0.000030
0 0.011291 0.000094 0.022060 0.000033
0 0.011276 0.000102 0.022091 0.000023
0 0.011237 0.000298 0.022169 0.000030
0 0.011456 0.000033 0.021731 0.000030
0 0.011470 0.000035 0.021703 0.000030
0 0.011469 0.000091 0.021706 0.000029
0 0.011479 0.000129 0.021685 0.000033
0 0.011423 0.000130 0.021798 0.000023
0 0.011437 0.000117 0.021769 0.000021
0 0.011497 0.000117 0.021648 0.000030
0 0.011386 0.000203 0.021870 0.000030
0 0.011370 0.000220 0.021903 0.000033
0 0.011354 0.000218 0.021934 0.000026
0 0.011288 0.000188 0.022068 0.000038
0 0.011187 0.000337 0.022269 0.000027
0 0.011180 0.000340 0.022282 0.000032
0 0.011168 0.000227 0.022306 0.000020
0 0.011168 0.000259 0.022307 0.000035
0 0.011200 0.000188 0.022242 0.000026
0 0.011167 0.000212 0.022309 0.000021
0 0.011234 0.000733 0.022175 0.000021
0 0.014803 0.000635 0.028431 0.000599
0 0.011600 0.000037 0.021443 0.000032
0 0.005139 0.001680 0.007579 0.000101
0 0.005457 0.000781 0.006943 0.000088
0 0.005423 0.000790 0.007012 0.000089
0 0.012121 0.000040 0.020401 0.000031
0 0.005505 0.000661 0.006847 0.000089
0 0.005479 0.000668 0.006899 0.000088
0 0.005451 0.000674 0.006955 0.000088
0 0.005418 0.000684 0.007022 0.000086
0 0.005213 0.001924 0.007431 0.000172
0 0.005124 0.001938 0.007609 0.000099
0 0.005130 0.001852 0.007598 0.000100
0 0.005134 0.001766 0.007588 0.000101
0 0.012022 0.001499 0.020599 0.000023
0 0.011583 0.000042 0.021476 0.000032
0 0.012022 0.001476 0.020599 0.000022
0 0.012046 0.001125 0.020550 0.000018
0 0.012122 0.000040 0.020400 0.000032
0 0.010783 0.000139 0.018613 0.000020
0 0.011610 0.000016 0.021424 0.000030
0 0.011551 0.000035 0.021541 0.000020
0 0.011525 0.000094 0.021593 0.000032
0 0.011512 0.000106 0.021619 0.000031
0 0.011506 0.000110 0.021631 0.000030
0 0.011497 0.000116 0.021649 0.000029
0 0.010389 0.000022 0.019401 0.000034
0 0.006866 0.000702 0.013054 0.000617