0 0.001118 0.001912 0.002229 0.000115
0 0.001579 0.001662 0.001307 0.000044
0 0.001523 0.001545 0.001419 0.000024
0 0.001525 0.001424 0.001415 0.000020
0 0.001526 0.001391 0.001412 0.000020
0 0.001525 0.001360 0.001414 0.000029
0 0.001527 0.001330 0.001411 0.000023
0 0.001525 0.001265 0.001414 0.000024
0 0.001529 0.001233 0.001407 0.000024
0 0.001569 0.001662 0.001326 0.000039
0 0.001597 0.001655 0.001270 0.000042
0 0.001520 0.001607 0.001424 0.000023
0 0.001616 0.001613 0.001233 0.000034
0 0.001631 0.001608 0.001203 0.000011
0 0.001630 0.001619 0.001204 0.000011
0 0.001630 0.001628 0.001204 0.000009
0 0.001635 0.001582 0.001195 0.000025
0 0.001635 0.001524 0.001194 0.000030
0 0.001605 0.001454 0.001255 0.000017
0 0.001604 0.001424 0.001256 0.000021
0 0.001521 0.001577 0.001422 0.000024
0 0.001487 0.001511 0.001491 0.000029
0 0.001635 0.001430 0.001194 0.000021
0 0.001530 0.000973 0.001405 0.000031
0 0.001530 0.001040 0.001404 0.000029
0 0.001531 0.001006 0.001402 0.000032
0 0.001533 0.000878 0.001399 0.000024
0 0.001533 0.000815 0.001398 0.000029
0 0.001534 0.000743 0.001396 0.000022
0 0.001535 0.000847 0.001395 0.000025
0 0.001532 0.000908 0.001400 0.000022
0 0.001531 0.000939 0.001402 0.000021
0 0.001560 0.000987 0.001344 0.000013
0 0.001488 0.001476 0.001488 0.000029
0 0.001530 0.001073 0.001403 0.000024
0 0.001530 0.001105 0.001405 0.000024
0 0.001529 0.001169 0.001407 0.000023
0 0.001491 0.001033 0.001481 0.000030
0 0.001496 0.001133 0.001472 0.000023
0 0.001496 0.000972 0.001472 0.000025
0 0.001492 0.001293 0.001481 0.000024
0 0.001493 0.001385 0.001478 0.000023
0 0.001604 0.001398 0.001256 0.000021
0 0.001635 0.001402 0.001195 0.000025
0 0.001523 0.001455 0.001418 0.000025
0 0.001604 0.000649 0.001257 0.000033
0 0.001601 0.001181 0.001261 0.000029
0 0.001602 0.001276 0.001261 0.000016
0 0.001606 0.001053 0.001252 0.000027
0 0.001605 0.000954 0.001255 0.000029
0 0.001606 0.000919 0.001253 0.000034
0 0.001605 0.000797 0.001254 0.000027
0 0.001606 0.000765 0.001252 0.000025
0 0.001604 0.000830 0.001256 0.000036
0 0.001645 0.000834 0.001174 0.000022
0 0.001598 0.001247 0.001269 0.000025
0 0.001646 0.000866 0.001172 0.000024
0 0.001642 0.000959 0.001181 0.000026
0 0.001640 0.001121 0.001185 0.000023
0 0.001638 0.001315 0.001188 0.000021
0 0.001635 0.001344 0.001194 0.000026
0 0.001636 0.001372 0.001192 0.000021
0 0.001634 0.001489 0.001196 0.000022
0 0.001633 0.001556 0.001199 0.000017
0 0.001603 0.001215 0.001258 0.000023
0 0.001599 0.001369 0.001267 0.000027
0 0.001638 0.001187 0.001188 0.000029
0 0.001647 0.000732 0.001170 0.000023
0 0.001639 0.001153 0.001186 0.000028
0 0.001642 0.001088 0.001181 0.000021
0 0.001643 0.001043 0.001179 0.000049
0 0.001644 0.000998 0.001176 0.000025
0 0.001646 0.000927 0.001173 0.000030
0 0.001645 0.000894 0.001174 0.000021
0 0.001646 0.000801 0.001173 0.000029
0 0.001646 0.000769 0.001172 0.000031
0 0.001647 0.000700 0.001171 0.000026
0 0.001601 0.001485 0.001263 0.000025
0 0.001613 0.000695 0.001238 0.000024
0 0.001607 0.000728 0.001251 0.000032
0 0.001606 0.001084 0.001252 0.000028
0 0.001607 0.001115 0.001251 0.000025
0 0.001605 0.001150 0.001254 0.000025
0 0.001605 0.001306 0.001254 0.000026
0 0.001606 0.001338 0.001252 0.000023
0 0.001598 0.001518 0.001269 0.000026
0 0.001528 0.001298 0.001408 0.000029
0 0.001521 0.001510 0.001422 0.000018
0 0.001771 0.001647 0.000923 0.000032
0 0.001432 0.001742 0.001601 0.000025
0 0.001365 0.001780 0.001734 0.000025
0 0.001361 0.001777 0.001743 0.000024
0 0.001374 0.001784 0.001716 0.000022
0 0.001372 0.001794 0.001720 0.000019
0 0.001414 0.001702 0.001636 0.000027
0 0.001408 0.001731 0.001648 0.000026
0 0.001422 0.001747 0.001620 0.000024
0 0.001427 0.001745 0.001611 0.000025
0 0.001437 0.001738 0.001590 0.000025
0 0.001352 0.001765 0.001760 0.000024
0 0.001441 0.001734 0.001582 0.000029
0 0.001446 0.001731 0.001573 0.000026
0 0.001450 0.001726 0.001564 0.000028
0 0.001455 0.001722 0.001554 0.000026
0 0.001460 0.001718 0.001545 0.000026
0 0.001464 0.001713 0.001536 0.000028
0 0.001469 0.001710 0.001527 0.000027
0 0.001474 0.001706 0.001517 0.000026
0 0.001357 0.001773 0.001751 0.000022
0 0.001357 0.001741 0.001750 0.000017
0 0.001483 0.001698 0.001499 0.000027
0 0.001379 0.001626 0.001706 0.000015
0 0.001297 0.001100 0.001871 0.000056
0 0.001259 0.001074 0.001947 0.000041
0 0.001227 0.001139 0.002010 0.000043
0 0.001306 0.001046 0.001853 0.000036
0 0.001330 0.001061 0.001804 0.000034
0 0.001386 0.001589 0.001692 0.000025
0 0.001383 0.001604 0.001698 0.000016
0 0.001381 0.001615 0.001703 0.000017
0 0.001377 0.001635 0.001710 0.000016
0 0.001359 0.001729 0.001746 0.000016
0 0.001375 0.001646 0.001714 0.000017
0 0.001373 0.001657 0.001718 0.000016
0 0.001371 0.001667 0.001722 0.000015
0 0.001369 0.001677 0.001726 0.000017
0 0.001368 0.001687 0.001729 0.000016
0 0.001365 0.001698 0.001734 0.000016
0 0.001363 0.001708 0.001738 0.000015
0 0.001361 0.001718 0.001741 0.000015
0 0.001478 0.001703 0.001508 0.000029
0 0.001488 0.001696 0.001489 0.000030
0 0.001489 0.001597 0.001486 0.000025
0 0.001494 0.001070 0.001476 0.000030
0 0.001454 0.001363 0.001556 0.000044
0 0.001445 0.001402 0.001574 0.000042
0 0.001439 0.001396 0.001587 0.000043
0 0.001504 0.000698 0.001455 0.000027
0 0.001498 0.000741 0.001469 0.000030
0 0.001498 0.000775 0.001468 0.000026
0 0.001495 0.000838 0.001475 0.000032
0 0.001498 0.000873 0.001469 0.000028
0 0.001494 0.001101 0.001476 0.000026
0 0.001442 0.001368 0.001580 0.000025
0 0.001498 0.001166 0.001468 0.000023
0 0.001493 0.001196 0.001478 0.000025
0 0.001494 0.001259 0.001477 0.000026
0 0.001495 0.001358 0.001475 0.000025
0 0.001491 0.001416 0.001481 0.000029
0 0.001492 0.001448 0.001479 0.000022
0 0.001491 0.001542 0.001483 0.000026
0 0.001492 0.001572 0.001481 0.000021
0 0.001448 0.001355 0.001568 0.000044
0 0.001446 0.001341 0.001573 0.000027
0 0.001492 0.001691 0.001479 0.000030
0 0.001415 0.001462 0.001634 0.000037
0 0.001497 0.001687 0.001471 0.000029
0 0.001501 0.001682 0.001462 0.000030
0 0.001400 0.001668 0.001664 0.000034
0 0.001399 0.001622 0.001666 0.000016
0 0.001404 0.001612 0.001657 0.000025
0 0.001410 0.001564 0.001645 0.000027
0 0.001394 0.001567 0.001675 0.000041
0 0.001404 0.001518 0.001657 0.000038
0 0.001416 0.001567 0.001632 0.000044
0 0.001433 0.001346 0.001597 0.000064
0 0.001417 0.001511 0.001630 0.000042
0 0.001421 0.001519 0.001621 0.000045
0 0.001427 0.001528 0.001611 0.000045
0 0.001425 0.001472 0.001615 0.000045
0 0.001430 0.001480 0.001604 0.000043
0 0.001422 0.001403 0.001620 0.000065
0 0.001433 0.001434 0.001597 0.000040
0 0.001439 0.001441 0.001587 0.000044
0 0.001656 0.001656 0.001152 0.000044
0 0.001796 0.001665 0.000871 0.000049
0 0.008241 0.001699 0.014767 0.000044
0 0.002098 0.001809 0.000269 0.000045
0 0.002022 0.001325 0.000420 0.000032
0 0.002052 0.001378 0.000361 0.000020
0 0.002023 0.001448 0.000419 0.000030
0 0.002020 0.001487 0.000424 0.000027
0 0.002019 0.001529 0.000427 0.000036
0 0.002021 0.001568 0.000422 0.000033
0 0.002019 0.001604 0.000426 0.000031
0 0.002016 0.001684 0.000432 0.000033
0 0.001971 0.001636 0.000523 0.000034
0 0.002023 0.001173 0.000419 0.000030
0 0.001976 0.001561 0.000513 0.000031
0 0.001974 0.001515 0.000516 0.000041
0 0.001979 0.001401 0.000507 0.000033
0 0.001978 0.001366 0.000509 0.000034
0 0.001976 0.001244 0.000513 0.000032
0 0.001981 0.001009 0.000502 0.000031
0 0.001978 0.000933 0.000508 0.000031
0 0.001984 0.000897 0.000497 0.000033
0 0.002024 0.001285 0.000415 0.000026
0 0.002027 0.001132 0.000410 0.000040
0 0.001985 0.000781 0.000494 0.000027
0 0.001981 0.001281 0.000502 0.000025
0 0.001853 0.000925 0.000758 0.000025
0 0.001857 0.000709 0.000750 0.000048
0 0.001897 0.000723 0.000671 0.000031
0 0.001898 0.000772 0.000668 0.000032
0 0.001894 0.000898 0.000677 0.000028
0 0.001978 0.001684 0.000509 0.000018
0 0.001983 0.001600 0.000499 0.000023
0 0.001986 0.001474 0.000492 0.000021
0 0.001982 0.001205 0.000500 0.000035
0 0.002063 0.000990 0.000337 0.000014
0 0.001979 0.001165 0.000505 0.000027
0 0.001983 0.001128 0.000498 0.000028
0 0.001984 0.001086 0.000497 0.000024
0 0.001983 0.000972 0.000498 0.000029
0 0.001984 0.000853 0.000497 0.000034
0 0.002004 0.000731 0.000457 0.000033
0 0.002032 0.000786 0.000401 0.000030
0 0.002030 0.000975 0.000405 0.000032
0 0.001986 0.000814 0.000493 0.000030
0 0.002028 0.000861 0.000409 0.000035
0 0.001848 0.001170 0.000769 0.000023
0 0.007925 0.001080 0.015399 0.000120
0 0.001962 0.000473 0.000541 0.000046
0 0.002027 0.000497 0.000410 0.000044
0 0.008000 0.000461 0.015250 0.000203
0 0.007901 0.000885 0.015447 0.000659
0 0.007901 0.001398 0.015447 0.000325
0 0.007907 0.001682 0.015436 0.000229
0 0.007979 0.000705 0.015292 0.000109
0 0.007952 0.000895 0.015345 0.000108
0 0.007977 0.001512 0.015297 0.000601
0 0.002142 0.001535 0.000179 0.000035
0 0.008185 0.001158 0.014880 0.000950
0 0.008296 0.001123 0.014659 0.000919
0 0.008406 0.001142 0.014437 0.000905
0 0.008251 0.000150 0.014748 0.000040
0 0.008438 0.000448 0.014374 0.000216
0 0.008834 0.001177 0.013582 0.001299
0 0.008671 0.001228 0.013908 0.000963
0 0.007970 0.001828 0.015310 0.000226
0 0.001215 0.001511 0.002035 0.000093
0 0.001806 0.000562 0.000853 0.000030
0 0.002027 0.000938 0.000410 0.000035
0 0.002156 0.000853 0.000152 0.000031
0 0.002024 0.001057 0.000415 0.000033
0 0.002019 0.001209 0.000426 0.000039
0 0.002017 0.001412 0.000429 0.000038
0 0.002141 0.001210 0.000183 0.000029
0 0.002153 0.001257 0.000158 0.000039
0 0.002148 0.001142 0.000167 0.000030
0 0.002159 0.000933 0.000147 0.000023
0 0.002156 0.001073 0.000153 0.000029
0 0.002146 0.000599 0.000172 0.000038
0 0.002143 0.001458 0.000179 0.000018
0 0.002152 0.000809 0.000160 0.000031
0 0.002157 0.000888 0.000150 0.000028
0 0.002154 0.001006 0.000156 0.000033
0 0.002152 0.001639 0.000160 0.000027
0 0.002152 0.001667 0.000161 0.000021
0 0.002152 0.001772 0.000161 0.000020
0 0.002146 0.001366 0.000173 0.000021
0 0.002145 0.001394 0.000175 0.000021
0 0.001848 0.000956 0.000767 0.000028
0 0.001846 0.001138 0.000772 0.000027
0 0.001807 0.001670 0.000851 0.000049
0 0.001764 0.000784 0.000936 0.000024
0 0.001711 0.001437 0.001043 0.000023
0 0.001712 0.001406 0.001041 0.000027
0 0.001713 0.001280 0.001037 0.000027
0 0.001711 0.001212 0.001043 0.000029
0 0.001710 0.001140 0.001044 0.000025
0 0.001711 0.001177 0.001042 0.000024
0 0.001716 0.000858 0.001032 0.000030
0 0.001717 0.000891 0.001031 0.000030
0 0.001763 0.000723 0.000938 0.000016
0 0.001708 0.001527 0.001048 0.000030
0 0.001759 0.000860 0.000945 0.000026
0 0.001757 0.000897 0.000950 0.000028
0 0.001755 0.000934 0.000954 0.000033
0 0.001755 0.001041 0.000954 0.000025
0 0.001752 0.001074 0.000959 0.000026
0 0.001756 0.001110 0.000953 0.000034
0 0.001755 0.001146 0.000955 0.000027
0 0.001751 0.001181 0.000963 0.000030
0 0.001712 0.001466 0.001040 0.000025
0 0.001718 0.001315 0.001029 0.000023
0 0.001747 0.001316 0.000970 0.000025
0 0.001732 0.000750 0.001000 0.000039
0 0.001744 0.001533 0.000977 0.000024
0 0.001744 0.001501 0.000977 0.000028
0 0.001750 0.001285 0.000964 0.000024
0 0.001750 0.001217 0.000965 0.000023
0 0.001754 0.001005 0.000956 0.000030
0 0.001759 0.000967 0.000947 0.000030
0 0.001780 0.000757 0.000904 0.000021
0 0.001761 0.000755 0.000942 0.000022
0 0.001721 0.000823 0.001023 0.000026
0 0.001715 0.001343 0.001034 0.000025
0 0.001744 0.000790 0.000976 0.000019
0 0.001720 0.000995 0.001024 0.000026
0 0.001718 0.000925 0.001028 0.000028
0 0.001714 0.001106 0.001036 0.000027
0 0.001720 0.001065 0.001023 0.000020
0 0.001718 0.001035 0.001027 0.000028
0 0.001710 0.001497 0.001045 0.000029
0 0.001714 0.001379 0.001036 0.000022
0 0.001750 0.001252 0.000965 0.000029
0 0.001749 0.001349 0.000966 0.000025
0 0.001854 0.001064 0.000756 0.000028
0 0.001847 0.001432 0.000771 0.000025
0 0.001914 0.001715 0.000637 0.000033
0 0.001923 0.001721 0.000618 0.000038
0 0.001882 0.001678 0.000701 0.000017
0 0.001877 0.001652 0.000710 0.000022
0 0.001880 0.001616 0.000704 0.000022
0 0.001881 0.001558 0.000701 0.000025
0 0.001882 0.001529 0.000699 0.000021
0 0.001882 0.001496 0.000701 0.000021
0 0.001851 0.001402 0.000762 0.000023
0 0.001883 0.001435 0.000698 0.000027
0 0.001885 0.001356 0.000694 0.000029
0 0.001887 0.001320 0.000690 0.000022
0 0.001886 0.001284 0.000692 0.000031
0 0.001889 0.001213 0.000687 0.000028
0 0.001890 0.001107 0.000685 0.000031
0 0.001893 0.000998 0.000679 0.000032
0 0.001893 0.001036 0.000679 0.000033
0 0.001893 0.000963 0.000679 0.000030
0 0.001882 0.001586 0.000699 0.000021
0 0.001890 0.001248 0.000684 0.000028
0 0.001745 0.001378 0.000975 0.000028
0 0.001850 0.001275 0.000763 0.000021
0 0.001743 0.001566 0.000978 0.000020
0 0.001742 0.001592 0.000981 0.000025
0 0.001842 0.001613 0.000780 0.000022
0 0.001848 0.001462 0.000767 0.000019
0 0.001849 0.001582 0.000767 0.000024
0 0.001853 0.001551 0.000759 0.000022
0 0.001850 0.001521 0.000764 0.000021
0 0.001850 0.001491 0.000765 0.000021
0 0.001852 0.001100 0.000760 0.000027
0 0.001890 0.001174 0.000685 0.000030
0 0.001849 0.000995 0.000766 0.000032
0 0.001851 0.000889 0.000762 0.000031
0 0.001855 0.000817 0.000755 0.000033
0 0.001854 0.000766 0.000756 0.000034
0 0.001895 0.000861 0.000673 0.000034
0 0.001893 0.000931 0.000678 0.000026
0 0.001924 0.000899 0.000617 0.000024
0 0.001890 0.001071 0.000684 0.000029
0 0.001295 0.001376 0.001875 0.000530