0 0.002696 0.000561 0.003537 0.000011
0 0.000793 0.001062 0.001585 0.000013
0 0.000713 0.001129 0.001427 0.000018
0 0.000704 0.001086 0.001407 0.000029
0 0.000704 0.001154 0.001409 0.000040
0 0.000663 0.001105 0.001326 0.000024
0 0.000646 0.001104 0.001293 0.000021
0 0.000639 0.001049 0.001277 0.000022
0 0.000599 0.001100 0.001199 0.000022
0 0.000615 0.001052 0.001231 0.000036
0 0.000565 0.001049 0.001130 0.000022
0 0.000312 0.001049 0.000624 0.000020
0 0.000277 0.001029 0.000554 0.000021
0 0.000251 0.001029 0.000502 0.000016
0 0.000232 0.001027 0.000465 0.000023
0 0.000211 0.001030 0.000422 0.000022
0 0.000137 0.001016 0.000273 0.000021
0 0.000212 0.001076 0.000424 0.000018
0 0.000202 0.001099 0.000405 0.000025
0 0.000228 0.001100 0.000455 0.000019
0 0.000243 0.001104 0.000487 0.000022
0 0.000270 0.001099 0.000540 0.000021
0 0.000224 0.001161 0.000447 0.000024
0 0.000247 0.001161 0.000493 0.000022
0 0.000270 0.001164 0.000540 0.000019
0 0.000292 0.001229 0.000584 0.000023
0 0.000119 0.001245 0.000239 0.000020
0 0.000202 0.001284 0.000404 0.000023
0 0.000187 0.001333 0.000375 0.000024
0 0.000206 0.001332 0.000411 0.000017
0 0.000245 0.001288 0.000490 0.000017
0 0.000786 0.001157 0.001572 0.000018
0 0.000818 0.000985 0.001637 0.000015
0 0.000281 0.001282 0.000562 0.000017
0 0.000692 0.000981 0.001385 0.000033
0 0.000399 0.000230 0.000799 0.000019
0 0.000284 0.000224 0.000567 0.000032
0 0.000706 0.000080 0.001411 0.000037
0 0.000758 0.000100 0.001517 0.000036
0 0.000807 0.000112 0.001614 0.000035
0 0.000694 0.000188 0.001388 0.000034
0 0.000696 0.000242 0.001393 0.000041
0 0.000453 0.000282 0.000906 0.000019
0 0.000772 0.000426 0.001545 0.000032
0 0.000855 0.000502 0.001709 0.000020
0 0.000817 0.000516 0.001633 0.000037
0 0.000341 0.000416 0.000681 0.000035
0 0.000804 0.000645 0.001609 0.000035
0 0.000825 0.000871 0.001651 0.000037
0 0.000609 0.000756 0.001218 0.000023
0 0.000607 0.000837 0.001213 0.000039
0 0.000480 0.000869 0.000960 0.000030
0 0.000349 0.000861 0.000698 0.000034
0 0.000285 0.000819 0.000570 0.000030
0 0.000238 0.000969 0.000476 0.000042
0 0.000329 0.000902 0.000658 0.000038
0 0.000318 0.000962 0.000636 0.000036
0 0.000360 0.000965 0.000720 0.000036
0 0.000562 0.000914 0.001124 0.000036
0 0.000573 0.000976 0.001147 0.000031
0 0.000616 0.000980 0.001233 0.000035
0 0.000658 0.000924 0.001315 0.000031
0 0.000659 0.000981 0.001317 0.000029
0 0.000716 0.000923 0.001431 0.000035
0 0.000231 0.001340 0.000463 0.000018
0 0.000276 0.001351 0.000552 0.000017
0 0.002676 0.000560 0.003576 0.000012
0 0.000500 0.001596 0.001000 0.000017
0 0.000682 0.001714 0.001365 0.000032
0 0.000525 0.002096 0.001050 0.000018
0 0.000541 0.002022 0.001082 0.000007
0 0.000571 0.001961 0.001142 0.000018
0 0.000652 0.001954 0.001303 0.000023
0 0.000689 0.002018 0.001379 0.000022
0 0.000688 0.002095 0.001376 0.000025
0 0.000751 0.002035 0.001503 0.000023
0 0.000656 0.001881 0.001312 0.000017
0 0.000987 0.002049 0.001973 0.000034
0 0.001056 0.001856 0.002113 0.000029
0 0.001099 0.001935 0.002199 0.000034
0 0.001092 0.001784 0.002184 0.000021
0 0.001107 0.002031 0.002214 0.000041
0 0.002520 0.000498 0.003889 0.000013
0 0.002520 0.000515 0.003889 0.000013
0 0.002542 0.000500 0.003845 0.000011
0 0.002540 0.000516 0.003849 0.000012
0 0.002568 0.000510 0.003792 0.000009
0 0.002568 0.000520 0.003793 0.000009
0 0.002588 0.000542 0.003752 0.000009
0 0.002603 0.000543 0.003723 0.000008
0 0.002638 0.000522 0.003652 0.000011
0 0.002631 0.000540 0.003668 0.000008
0 0.002632 0.000555 0.003665 0.000004
0 0.002658 0.000523 0.003613 0.000012
0 0.002678 0.000542 0.003572 0.000012
0 0.002696 0.000543 0.003537 0.000011
0 0.002649 0.000557 0.003630 0.000007
0 0.000482 0.001657 0.000965 0.000014
0 0.000531 0.001597 0.001063 0.000018
0 0.000305 0.001267 0.000610 0.000021
0 0.000564 0.001596 0.001127 0.000019
0 0.000540 0.001238 0.001081 0.000021
0 0.000576 0.001216 0.001151 0.000028
0 0.000635 0.001220 0.001271 0.000016
0 0.000635 0.001147 0.001269 0.000020
0 0.000656 0.001147 0.001312 0.000016
0 0.000677 0.001197 0.001354 0.000025
0 0.000667 0.001199 0.001333 0.000025
0 0.000687 0.001248 0.001373 0.000024
0 0.000666 0.001291 0.001332 0.000028
0 0.000649 0.001289 0.001299 0.000021
0 0.000638 0.001315 0.001277 0.000019
0 0.000686 0.001346 0.001371 0.000036
0 0.000663 0.001379 0.001325 0.000020
0 0.000643 0.001338 0.001286 0.000021
0 0.000613 0.001335 0.001225 0.000021
0 0.000609 0.001382 0.001218 0.000030
0 0.000529 0.001284 0.001058 0.000018
0 0.000514 0.001382 0.001029 0.000023
0 0.000565 0.001433 0.001131 0.000020
0 0.000605 0.001436 0.001210 0.000019
0 0.000650 0.001435 0.001300 0.000016
0 0.000666 0.001435 0.001331 0.000016
0 0.001072 0.001498 0.002143 0.000010
0 0.001071 0.001509 0.002143 0.000011
0 0.001069 0.001521 0.002139 0.000012
0 0.001068 0.001532 0.002135 0.000010
0 0.000684 0.001620 0.001368 0.000023
0 0.000623 0.001572 0.001247 0.000014
0 0.000601 0.001626 0.001202 0.000017
0 0.000289 0.000168 0.000577 0.000030