0 0.002846 0.000949 0.003236 0.000020
0 0.000600 0.001075 0.001199 0.000044
0 0.000818 0.000853 0.001636 0.000039
0 0.000866 0.000871 0.001733 0.000030
0 0.000838 0.000967 0.001676 0.000046
0 0.000765 0.000862 0.001530 0.000046
0 0.000735 0.000908 0.001469 0.000028
0 0.000713 0.000953 0.001426 0.000027
0 0.000692 0.001000 0.001385 0.000026
0 0.000739 0.001021 0.001478 0.000023
0 0.000734 0.001042 0.001468 0.000025
0 0.000759 0.001117 0.001519 0.000025
0 0.000667 0.001082 0.001335 0.000050
0 0.000632 0.001162 0.001263 0.000023
0 0.000387 0.001130 0.000775 0.000048
0 0.000371 0.001167 0.000743 0.000050
0 0.000358 0.001205 0.000716 0.000046
0 0.000335 0.001242 0.000670 0.000043
0 0.000412 0.001237 0.000824 0.000050
0 0.000539 0.001204 0.001077 0.000022
0 0.000662 0.001361 0.001323 0.000040
0 0.000584 0.001265 0.001168 0.000043
0 0.000504 0.001289 0.001008 0.000026
0 0.000494 0.001308 0.000987 0.000023
0 0.000453 0.001340 0.000906 0.000023
0 0.000359 0.001379 0.000718 0.000025
0 0.000298 0.001402 0.000597 0.000024
0 0.000637 0.000999 0.001274 0.000046
0 0.000601 0.000970 0.001203 0.000029
0 0.000314 0.001443 0.000629 0.000028
0 0.000589 0.000882 0.001177 0.000043
0 0.000956 0.000039 0.001913 0.000041
0 0.000937 0.000080 0.001873 0.000040
0 0.000969 0.000145 0.001937 0.000045
0 0.000918 0.000276 0.001837 0.000053
0 0.001072 0.000319 0.002143 0.000047
0 0.001021 0.000392 0.002042 0.000024
0 0.000813 0.000522 0.001627 0.000028
0 0.000775 0.000598 0.001550 0.000047
0 0.000785 0.000667 0.001571 0.000039
0 0.000972 0.000498 0.001944 0.000020
0 0.000951 0.000616 0.001903 0.000046
0 0.001032 0.000590 0.002064 0.000024
0 0.001084 0.000646 0.002168 0.000028
0 0.000893 0.000676 0.001786 0.000037
0 0.000878 0.000712 0.001757 0.000039
0 0.000816 0.000716 0.001632 0.000025
0 0.000850 0.000774 0.001700 0.000039
0 0.000749 0.000740 0.001498 0.000034
0 0.000721 0.000818 0.001442 0.000043
0 0.000682 0.000809 0.001364 0.000037
0 0.000510 0.000811 0.001019 0.000044
0 0.000527 0.000773 0.001054 0.000045
0 0.000322 0.000983 0.000644 0.000020
0 0.000347 0.000964 0.000694 0.000042
0 0.000365 0.000920 0.000730 0.000042
0 0.000216 0.001508 0.000433 0.000022
0 0.000349 0.001431 0.000699 0.000049
0 0.002823 0.000941 0.003283 0.000020
0 0.000347 0.001850 0.000694 0.000039
0 0.001068 0.002077 0.002135 0.000040
0 0.001102 0.002060 0.002205 0.000033
0 0.001082 0.001996 0.002164 0.000041
0 0.001114 0.001979 0.002229 0.000045
0 0.001113 0.002138 0.002226 0.000017
0 0.000225 0.002097 0.000451 0.000025
0 0.000261 0.002110 0.000523 0.000024
0 0.000483 0.001327 0.000966 0.000021
0 0.000467 0.000863 0.000935 0.000017
0 0.000200 0.001911 0.000401 0.000050
0 0.000176 0.001956 0.000352 0.000032
0 0.000655 0.001234 0.001311 0.000038
0 0.000398 0.001365 0.000796 0.000037
0 0.000408 0.001410 0.000816 0.000042
0 0.000446 0.001396 0.000893 0.000046
0 0.000433 0.001351 0.000865 0.000038
0 0.002843 0.000851 0.003242 0.000019
0 0.002867 0.000857 0.003194 0.000017
0 0.002888 0.000863 0.003153 0.000017
0 0.002830 0.000860 0.003268 0.000011
0 0.002828 0.000880 0.003272 0.000023
0 0.002857 0.000890 0.003215 0.000021
0 0.002816 0.000904 0.003297 0.000023
0 0.002842 0.000911 0.003244 0.000025
0 0.002800 0.000935 0.003329 0.000020
0 0.000294 0.001866 0.000589 0.000050
0 0.000329 0.001884 0.000659 0.000038
0 0.000625 0.001451 0.001250 0.000050
0 0.000311 0.001929 0.000621 0.000042
0 0.000431 0.001495 0.000863 0.000044
0 0.000387 0.001496 0.000775 0.000033
0 0.000353 0.001508 0.000706 0.000025
0 0.000329 0.001522 0.000659 0.000040
0 0.000291 0.001538 0.000581 0.000039
0 0.000170 0.001622 0.000340 0.000026
0 0.000175 0.001679 0.000349 0.000023
0 0.000197 0.001704 0.000394 0.000035
0 0.000240 0.001693 0.000479 0.000041
0 0.000264 0.001655 0.000527 0.000035
0 0.000336 0.001630 0.000671 0.000041
0 0.000353 0.001579 0.000706 0.000043
0 0.000382 0.001569 0.000765 0.000050
0 0.000350 0.001686 0.000700 0.000028
0 0.000325 0.001734 0.000650 0.000040
0 0.000301 0.001715 0.000602 0.000055
0 0.000226 0.001769 0.000452 0.000026
0 0.000259 0.001803 0.000518 0.000042
0 0.000160 0.001991 0.000321 0.000036
0 0.000119 0.002059 0.000238 0.000022
0 0.000117 0.002096 0.000234 0.000043
0 0.000081 0.002168 0.000163 0.000036
0 0.000240 0.002158 0.000480 0.000022
0 0.000214 0.002121 0.000428 0.000026
0 0.000283 0.001976 0.000566 0.000034
0 0.000652 0.000047 0.001304 0.000028