0 0.000185 0.002128 0.000370 0.000041
0 0.001058 0.001269 0.002117 0.000053
0 0.000937 0.001063 0.001875 0.000028
0 0.000950 0.001077 0.001899 0.000022
0 0.000933 0.001093 0.001866 0.000019
0 0.000933 0.001106 0.001866 0.000017
0 0.000939 0.001118 0.001878 0.000016
0 0.000948 0.001110 0.001896 0.000021
0 0.001072 0.001142 0.002144 0.000058
0 0.000941 0.001143 0.001881 0.000015
0 0.000948 0.001156 0.001896 0.000020
0 0.000940 0.001174 0.001880 0.000014
0 0.000947 0.001184 0.001894 0.000016
0 0.000943 0.001201 0.001885 0.000013
0 0.000993 0.001137 0.001987 0.000045
0 0.000996 0.001182 0.001993 0.000046
0 0.000993 0.001223 0.001987 0.000045
0 0.000944 0.001045 0.001887 0.000016
0 0.000906 0.001213 0.001812 0.000010
0 0.000945 0.001031 0.001890 0.000014
0 0.000714 0.000772 0.001427 0.000034
0 0.000624 0.000547 0.001248 0.000026
0 0.000715 0.000640 0.001430 0.000030
0 0.000556 0.000895 0.001113 0.000039
0 0.000611 0.000951 0.001221 0.000038
0 0.000654 0.000898 0.001308 0.000037
0 0.000634 0.000803 0.001268 0.000035
0 0.000928 0.000876 0.001856 0.000015
0 0.000951 0.001014 0.001902 0.000019
0 0.000952 0.000834 0.001903 0.000015
0 0.000942 0.000861 0.001884 0.000016
0 0.000952 0.000862 0.001903 0.000020
0 0.000951 0.000880 0.001902 0.000014
0 0.000956 0.000948 0.001913 0.000030
0 0.000945 0.000966 0.001890 0.000018
0 0.001037 0.001156 0.002075 0.000053
0 0.001018 0.001343 0.002036 0.000057
0 0.000021 0.002030 0.000042 0.000034
0 0.000821 0.001281 0.001642 0.000035
0 0.000364 0.001599 0.000729 0.000041
0 0.000424 0.001712 0.000848 0.000060
0 0.000354 0.001799 0.000708 0.000060
0 0.000688 0.001967 0.001375 0.000033
0 0.000685 0.002191 0.001371 0.000030
0 0.000740 0.002224 0.001481 0.000014
0 0.000358 0.002141 0.000716 0.000024
0 0.000407 0.001983 0.000813 0.000030
0 0.000364 0.002006 0.000729 0.000037
0 0.000331 0.002026 0.000662 0.000033
0 0.000296 0.001989 0.000592 0.000035
0 0.000268 0.001948 0.000536 0.000038
0 0.000203 0.001917 0.000405 0.000031
0 0.000144 0.001946 0.000288 0.000037
0 0.000117 0.001978 0.000233 0.000032
0 0.000290 0.001669 0.000580 0.000041
0 0.000258 0.001676 0.000516 0.000038
0 0.000240 0.001625 0.000480 0.000038
0 0.000503 0.001535 0.001007 0.000068
0 0.000699 0.001521 0.001398 0.000031
0 0.000696 0.001751 0.001392 0.000035
0 0.000897 0.001619 0.001795 0.000022
0 0.000566 0.001441 0.001132 0.000050
0 0.000512 0.001376 0.001025 0.000071
0 0.000450 0.001503 0.000900 0.000032
0 0.000516 0.001572 0.001033 0.000061
0 0.000450 0.001944 0.000900 0.000059
0 0.000507 0.001617 0.001014 0.000044
0 0.000496 0.001662 0.000993 0.000035
0 0.000573 0.001705 0.001146 0.000042
0 0.000536 0.001815 0.001073 0.000031
0 0.000559 0.001873 0.001118 0.000069
0 0.000518 0.001826 0.001036 0.000059
0 0.000624 0.000494 0.001249 0.000025