0 0.005214 0.001584 0.007429 0.000140
0 0.005174 0.001583 0.007508 0.000137
0 0.005170 0.001147 0.007517 0.000140
0 0.005170 0.000974 0.007517 0.000147
0 0.004984 0.001149 0.007888 0.000144
0 0.004984 0.000977 0.007888 0.000147
0 0.004982 0.000690 0.007894 0.000147
0 0.004779 0.001565 0.008298 0.000147
0 0.004782 0.001393 0.008293 0.000150
0 0.004781 0.001176 0.008296 0.000140
0 0.004782 0.001003 0.008293 0.000147
0 0.004782 0.000831 0.008293 0.000140
0 0.004782 0.000658 0.008293 0.000147
0 0.004784 0.000480 0.008290 0.000150