0 0.011326 0.001312 0.021991 0.000055
0 0.011175 0.000062 0.022292 0.000032
0 0.010663 0.001631 0.018852 0.000104
0 0.010580 0.001631 0.019019 0.000099
0 0.010780 0.001912 0.018618 0.000106
0 0.010546 0.001633 0.019086 0.000101
0 0.010465 0.001646 0.019249 0.000097
0 0.010435 0.001651 0.019308 0.000101
0 0.010404 0.001631 0.019370 0.000090
0 0.010350 0.001644 0.019479 0.000097
0 0.010233 0.001637 0.019713 0.000097
0 0.010203 0.001646 0.019772 0.000092
0 0.010176 0.001640 0.019826 0.000106
0 0.011290 0.000535 0.022062 0.000042
0 0.011556 0.000530 0.021531 0.000046
0 0.011324 0.000535 0.021995 0.000042
0 0.011317 0.000583 0.022008 0.000037
0 0.011280 0.000588 0.022083 0.000042
0 0.011236 0.000588 0.022171 0.000037
0 0.011255 0.000588 0.022133 0.000037
0 0.011340 0.000590 0.021962 0.000055
0 0.011363 0.000586 0.021916 0.000042
0 0.011435 0.000534 0.021774 0.000044
0 0.011443 0.000593 0.021757 0.000046
0 0.011485 0.000589 0.021674 0.000048
0 0.011491 0.000533 0.021661 0.000042
0 0.010722 0.001633 0.018735 0.000101
0 0.010749 0.001626 0.018681 0.000078
0 0.010346 0.001495 0.019487 0.000095
0 0.010375 0.001497 0.019429 0.000088
0 0.010249 0.000349 0.019680 0.000025
0 0.010450 0.000303 0.019278 0.000044
0 0.010444 0.000346 0.019291 0.000023
0 0.010546 0.000261 0.019086 0.000037
0 0.010354 0.000744 0.019471 0.000076
0 0.010567 0.000760 0.019044 0.000030
0 0.010703 0.000853 0.018773 0.000092
0 0.010728 0.000876 0.018722 0.000083
0 0.010726 0.000921 0.018727 0.000081
0 0.010724 0.000972 0.018731 0.000085
0 0.010724 0.001053 0.018731 0.000085
0 0.010745 0.001490 0.018689 0.000092
0 0.010720 0.001486 0.018739 0.000071
0 0.010667 0.001497 0.018844 0.000092
0 0.010634 0.001490 0.018911 0.000097
0 0.010576 0.001491 0.019028 0.000095
0 0.010546 0.001492 0.019086 0.000088
0 0.010515 0.001491 0.019149 0.000090
0 0.010490 0.001498 0.019199 0.000090
0 0.010463 0.001495 0.019253 0.000095
0 0.010479 0.001230 0.019220 0.000095
0 0.010440 0.001230 0.019299 0.000095
0 0.010404 0.001499 0.019370 0.000092
0 0.011520 0.000533 0.021602 0.000046
0 0.011614 0.000532 0.021414 0.000048
0 0.011322 0.001497 0.022000 0.000046
0 0.012216 0.002188 0.020211 0.000046
0 0.011729 0.001084 0.021184 0.000046
0 0.011746 0.001116 0.021151 0.000046
0 0.011729 0.001182 0.021184 0.000053
0 0.011725 0.001218 0.021193 0.000055
0 0.011708 0.001244 0.021226 0.000062
0 0.011658 0.001806 0.021327 0.000028
0 0.011633 0.001634 0.021377 0.000058
0 0.011729 0.001809 0.021184 0.000025
0 0.012126 0.002093 0.020390 0.000021
0 0.012124 0.002120 0.020394 0.000021
0 0.012124 0.002161 0.020394 0.000023
0 0.011405 0.001841 0.021832 0.000048
0 0.011274 0.000669 0.022096 0.000018
0 0.011368 0.001844 0.021908 0.000044
0 0.011336 0.001841 0.021970 0.000048
0 0.011320 0.001849 0.022004 0.000046
0 0.011299 0.001851 0.022046 0.000048
0 0.011460 0.001384 0.021724 0.000032
0 0.011432 0.001491 0.021778 0.000048
0 0.011432 0.001631 0.021778 0.000053
0 0.011399 0.001628 0.021845 0.000046
0 0.011401 0.001491 0.021841 0.000053
0 0.011374 0.001499 0.021895 0.000060
0 0.011347 0.001503 0.021949 0.000060
0 0.011733 0.001060 0.021176 0.000048
0 0.011848 0.000782 0.020946 0.000042
0 0.011798 0.000811 0.021047 0.000053
0 0.011169 0.000972 0.022305 0.000021
0 0.011274 0.000692 0.022096 0.000018
0 0.011284 0.000717 0.022075 0.000018
0 0.011280 0.000745 0.022083 0.000023
0 0.011650 0.000532 0.021343 0.000044
0 0.011675 0.000536 0.021293 0.000044
0 0.011712 0.000534 0.021218 0.000044
0 0.011740 0.000538 0.021164 0.000039
0 0.011673 0.000593 0.021297 0.000051
0 0.011715 0.000590 0.021214 0.000046
0 0.011733 0.000589 0.021176 0.000048
0 0.011792 0.000397 0.021059 0.000028
0 0.011884 0.000211 0.020875 0.000030
0 0.011888 0.000183 0.020867 0.000025
0 0.011773 0.000529 0.021097 0.000048
0 0.011512 0.000663 0.021619 0.000021
0 0.011167 0.000809 0.022309 0.000023
0 0.011165 0.000783 0.022313 0.000021
0 0.011169 0.000831 0.022305 0.000021
0 0.011169 0.000856 0.022305 0.000023
0 0.011167 0.000876 0.022309 0.000023
0 0.011167 0.000900 0.022309 0.000021
0 0.011167 0.000922 0.022309 0.000023
0 0.011167 0.000950 0.022309 0.000023
0 0.010316 0.000286 0.019546 0.000037