0 0.011774 0.002139 0.021094 0.000035
0 0.011285 0.000886 0.022073 0.000020
0 0.011260 0.000364 0.022124 0.000016
0 0.011262 0.000400 0.022120 0.000018
0 0.011173 0.000495 0.022296 0.000020
0 0.011180 0.000533 0.022284 0.000020
0 0.011375 0.000314 0.021893 0.000022
0 0.011371 0.000284 0.021901 0.000020
0 0.011384 0.000605 0.021876 0.000018
0 0.011268 0.000629 0.022107 0.000018
0 0.011178 0.000570 0.022288 0.000016
0 0.011283 0.000925 0.022078 0.000018
0 0.011766 0.002158 0.021111 0.000036
0 0.011285 0.000965 0.022073 0.000018
0 0.011405 0.001038 0.021834 0.000018
0 0.011407 0.001092 0.021830 0.000022
0 0.011402 0.001112 0.021838 0.000018
0 0.011409 0.001133 0.021825 0.000016
0 0.011281 0.001075 0.022082 0.000020
0 0.011287 0.001096 0.022069 0.000018
0 0.011289 0.001127 0.022065 0.000022
0 0.011291 0.001151 0.022061 0.000022
0 0.011264 0.000344 0.022115 0.000016
0 0.005244 0.001471 0.007369 0.000135
0 0.005284 0.001375 0.007289 0.000136
0 0.005099 0.001966 0.007659 0.000136
0 0.004941 0.000301 0.007974 0.000089
0 0.004946 0.000441 0.007966 0.000085
0 0.004950 0.000542 0.007958 0.000084
0 0.004950 0.000685 0.007958 0.000084
0 0.004956 0.000788 0.007945 0.000082
0 0.005246 0.000192 0.007365 0.000089
0 0.005252 0.000294 0.007352 0.000089
0 0.005255 0.000438 0.007348 0.000091
0 0.005259 0.000539 0.007340 0.000089
0 0.005261 0.000677 0.007335 0.000085
0 0.005267 0.000781 0.007323 0.000085
0 0.016245 0.001101 0.030010 0.000224
0 0.004914 0.001541 0.008029 0.000140
0 0.004876 0.001636 0.008105 0.000138
0 0.004817 0.001770 0.008222 0.000135
0 0.004777 0.001863 0.008302 0.000138
0 0.005238 0.001643 0.007382 0.000135
0 0.005200 0.001737 0.007457 0.000133
0 0.005139 0.001872 0.007579 0.000135
0 0.011291 0.001172 0.022061 0.000018
0 0.011293 0.001190 0.022057 0.000016
0 0.011291 0.001209 0.022061 0.000018
0 0.011304 0.001553 0.022036 0.000020
0 0.011306 0.001590 0.022031 0.000020
0 0.011419 0.001561 0.021804 0.000022
0 0.011421 0.001580 0.021800 0.000020
0 0.011423 0.001600 0.021796 0.000018
0 0.011417 0.001620 0.021809 0.000018
0 0.011419 0.001636 0.021804 0.000018
0 0.011428 0.001694 0.021788 0.000018
0 0.011465 0.002098 0.021712 0.000040
0 0.011489 0.002102 0.021666 0.000035
0 0.011508 0.002112 0.021628 0.000036
0 0.011524 0.002121 0.021594 0.000040
0 0.011543 0.002130 0.021556 0.000040
0 0.011560 0.002139 0.021523 0.000040
0 0.011581 0.002146 0.021481 0.000045
0 0.011619 0.002049 0.021405 0.000040
0 0.011688 0.002094 0.021266 0.000036
0 0.011726 0.002113 0.021191 0.000038
0 0.011741 0.002129 0.021161 0.000038
0 0.011711 0.002209 0.021220 0.000040
0 0.011310 0.001571 0.022023 0.000024
0 0.011302 0.001534 0.022040 0.000018
0 0.011291 0.001227 0.022061 0.000015
0 0.011299 0.001513 0.022044 0.000020
0 0.011293 0.001243 0.022057 0.000018
0 0.011295 0.001262 0.022052 0.000020
0 0.011295 0.001283 0.022052 0.000018
0 0.011297 0.001304 0.022048 0.000016
0 0.011302 0.001322 0.022040 0.000016
0 0.011306 0.001339 0.022031 0.000016
0 0.011306 0.001357 0.022031 0.000016
0 0.011304 0.001378 0.022036 0.000022
0 0.011400 0.001194 0.021842 0.000022
0 0.011400 0.001215 0.021842 0.000020
0 0.011405 0.001234 0.021834 0.000022
0 0.011411 0.001253 0.021821 0.000020
0 0.011411 0.001272 0.021821 0.000022
0 0.011417 0.001291 0.021809 0.000018
0 0.011415 0.001311 0.021813 0.000022
0 0.011413 0.001331 0.021817 0.000020
0 0.011413 0.001353 0.021817 0.000020
0 0.011297 0.001455 0.022048 0.000020
0 0.011297 0.001474 0.022048 0.000018
0 0.004939 0.000200 0.007979 0.000087