0 0.004971 0.001666 0.007915 0.000234
0 0.004999 0.001493 0.007860 0.000241
0 0.005039 0.001294 0.007779 0.000241
0 0.005070 0.001126 0.007718 0.000237
0 0.005106 0.000927 0.007646 0.000244
0 0.005138 0.000762 0.007581 0.000234
0 0.004754 0.001450 0.008350 0.000237
0 0.004786 0.001283 0.008286 0.000231
0 0.004821 0.001082 0.008216 0.000234
0 0.004851 0.000914 0.008155 0.000237
0 0.004890 0.000712 0.008077 0.000237
0 0.004921 0.000545 0.008016 0.000237
0 0.004957 0.000346 0.007943 0.000237
0 0.004988 0.000181 0.007882 0.000234