0 0.010901 0.001567 0.018378 0.000087
0 0.010675 0.000980 0.018829 0.000087
0 0.010590 0.001200 0.018999 0.000085
0 0.010679 0.001196 0.018821 0.000087
0 0.010680 0.001155 0.018818 0.000092
0 0.010584 0.001105 0.019010 0.000090
0 0.010686 0.001120 0.018808 0.000085
0 0.010577 0.001014 0.019024 0.000082
0 0.010577 0.000970 0.019024 0.000087
0 0.010677 0.001024 0.018824 0.000092
0 0.010673 0.000935 0.018832 0.000095
0 0.010590 0.001280 0.018999 0.000085
0 0.010666 0.000803 0.018846 0.000087
0 0.010664 0.000755 0.018851 0.000087
0 0.010668 0.000713 0.018843 0.000087
0 0.010661 0.000660 0.018857 0.000087
0 0.010654 0.000522 0.018871 0.000087
0 0.010639 0.000419 0.018901 0.000090
0 0.010640 0.000378 0.018898 0.000087
0 0.010644 0.000340 0.018890 0.000087
0 0.010587 0.001236 0.019005 0.000090
0 0.010740 0.000214 0.018698 0.000078
0 0.010572 0.000831 0.019035 0.000090
0 0.010844 0.000320 0.018490 0.000078
0 0.010777 0.000913 0.018624 0.000075
0 0.010770 0.000860 0.018638 0.000090
0 0.010851 0.000809 0.018476 0.000085
0 0.010870 0.000739 0.018438 0.000080
0 0.010847 0.000625 0.018484 0.000080
0 0.010847 0.000452 0.018484 0.000075
0 0.010844 0.000408 0.018490 0.000073
0 0.010844 0.000362 0.018490 0.000078
0 0.010848 0.000278 0.018482 0.000080
0 0.010747 0.000268 0.018684 0.000080
0 0.010846 0.000233 0.018487 0.000073
0 0.010848 0.000192 0.018482 0.000078
0 0.010848 0.000152 0.018482 0.000080
0 0.010753 0.000530 0.018673 0.000090
0 0.010764 0.000496 0.018651 0.000085
0 0.010751 0.000402 0.018676 0.000080
0 0.010751 0.000358 0.018676 0.000080
0 0.010751 0.000315 0.018676 0.000078
0 0.010568 0.000869 0.019043 0.000087
0 0.010576 0.000797 0.019027 0.000090
0 0.010987 0.001512 0.018205 0.000087
0 0.010380 0.001055 0.019418 0.000087
0 0.010449 0.000528 0.019281 0.000085
0 0.010455 0.000491 0.019268 0.000085
0 0.010451 0.000443 0.019276 0.000085
0 0.010394 0.001334 0.019391 0.000078
0 0.010390 0.001287 0.019399 0.000080
0 0.010399 0.001256 0.019380 0.000075
0 0.010390 0.001156 0.019399 0.000085
0 0.010384 0.001108 0.019410 0.000085
0 0.010391 0.001029 0.019396 0.000082
0 0.010464 0.000670 0.019251 0.000087
0 0.010386 0.000977 0.019407 0.000085
0 0.010380 0.000933 0.019418 0.000080
0 0.010377 0.000839 0.019424 0.000073
0 0.010375 0.000791 0.019429 0.000068
0 0.010371 0.000702 0.019437 0.000090
0 0.011484 0.000642 0.021675 0.000051
0 0.011484 0.000602 0.021675 0.000053
0 0.011487 0.000562 0.021670 0.000046
0 0.010454 0.000575 0.019270 0.000087
0 0.010461 0.000710 0.019257 0.000085
0 0.010561 0.000728 0.019057 0.000087
0 0.010495 0.001274 0.019188 0.000092
0 0.010561 0.000689 0.019057 0.000087
0 0.010566 0.000651 0.019046 0.000090
0 0.010561 0.000603 0.019057 0.000095
0 0.010560 0.000563 0.019059 0.000092
0 0.010555 0.000513 0.019068 0.000090
0 0.010536 0.000400 0.019106 0.000087
0 0.010538 0.000355 0.019103 0.000090
0 0.010484 0.001304 0.019210 0.000090
0 0.010499 0.001237 0.019180 0.000092
0 0.010473 0.000810 0.019232 0.000087
0 0.010494 0.001180 0.019191 0.000090
0 0.010483 0.001127 0.019213 0.000090
0 0.010484 0.001089 0.019210 0.000087
0 0.010486 0.001044 0.019207 0.000090
0 0.010484 0.000997 0.019210 0.000087
0 0.010486 0.000958 0.019207 0.000087
0 0.010477 0.000904 0.019224 0.000090
0 0.010476 0.000856 0.019227 0.000087
0 0.010775 0.001001 0.018629 0.000085
0 0.010775 0.001037 0.018629 0.000085
0 0.010780 0.001135 0.018619 0.000087
0 0.010427 0.001860 0.019325 0.000080
0 0.010939 0.000368 0.018301 0.000080
0 0.010939 0.000321 0.018301 0.000075
0 0.010946 0.000289 0.018287 0.000078
0 0.010947 0.000247 0.018284 0.000082
0 0.010948 0.000207 0.018282 0.000080
0 0.010421 0.001999 0.019336 0.000087
0 0.010435 0.001957 0.019309 0.000080
0 0.010434 0.001916 0.019311 0.000080
0 0.010425 0.001812 0.019328 0.000078
0 0.010940 0.000454 0.018298 0.000073
0 0.010425 0.001769 0.019328 0.000078
0 0.010423 0.001723 0.019333 0.000082
0 0.010424 0.001678 0.019331 0.000080
0 0.010409 0.001620 0.019361 0.000080
0 0.010410 0.001579 0.019358 0.000082
0 0.010417 0.001543 0.019344 0.000082
0 0.010423 0.001507 0.019333 0.000078
0 0.010539 0.002156 0.019101 0.000085
0 0.010939 0.000411 0.018301 0.000075
0 0.010942 0.000499 0.018295 0.000075
0 0.010787 0.001228 0.018605 0.000087
0 0.010974 0.000938 0.018230 0.000070
0 0.010988 0.001436 0.018202 0.000087
0 0.010992 0.001391 0.018194 0.000090
0 0.010888 0.001371 0.018402 0.000087
0 0.010877 0.001189 0.018424 0.000087
0 0.010979 0.001169 0.018221 0.000087
0 0.010977 0.001117 0.018224 0.000075
0 0.010979 0.001081 0.018221 0.000085
0 0.010977 0.001030 0.018224 0.000075
0 0.010966 0.000839 0.018246 0.000068
0 0.010944 0.000543 0.018290 0.000078
0 0.010968 0.000795 0.018243 0.000061
0 0.010847 0.000543 0.018484 0.000078
0 0.010847 0.000503 0.018484 0.000075
0 0.010854 0.000593 0.018471 0.000075
0 0.010974 0.000757 0.018230 0.000068
0 0.010947 0.000678 0.018284 0.000075
0 0.010944 0.000637 0.018290 0.000070
0 0.010944 0.000588 0.018290 0.000075
0 0.010538 0.002112 0.019103 0.000085
0 0.010539 0.002074 0.019101 0.000087
0 0.010534 0.002019 0.019112 0.000087
0 0.010706 0.001450 0.018766 0.000095
0 0.010725 0.001906 0.018728 0.000090
0 0.010729 0.001871 0.018720 0.000087
0 0.010712 0.001719 0.018755 0.000090
0 0.010709 0.001670 0.018761 0.000090
0 0.010709 0.001629 0.018761 0.000090
0 0.010710 0.001588 0.018758 0.000090
0 0.010707 0.001544 0.018764 0.000085
0 0.010703 0.001491 0.018772 0.000090
0 0.010818 0.001880 0.018542 0.000087
0 0.010535 0.001970 0.019109 0.000092
0 0.010814 0.001783 0.018550 0.000087
0 0.010820 0.001747 0.018539 0.000092
0 0.010825 0.001674 0.018528 0.000092
0 0.010809 0.001566 0.018561 0.000090
0 0.010803 0.001508 0.018572 0.000085
0 0.010795 0.001455 0.018588 0.000085
0 0.010794 0.001405 0.018591 0.000087
0 0.010796 0.001365 0.018586 0.000090
0 0.010725 0.001951 0.018728 0.000087
0 0.010724 0.001994 0.018731 0.000087
0 0.010609 0.001482 0.018961 0.000082
0 0.010603 0.001518 0.018972 0.000085
0 0.010539 0.001934 0.019101 0.000092
0 0.010521 0.001827 0.019136 0.000092
0 0.010527 0.001788 0.019125 0.000087
0 0.010527 0.001748 0.019125 0.000090
0 0.010523 0.001701 0.019133 0.000087
0 0.010525 0.001663 0.019128 0.000090
0 0.010516 0.001604 0.019147 0.000092
0 0.010510 0.001552 0.019158 0.000090
0 0.010505 0.001498 0.019169 0.000090
0 0.010505 0.001455 0.019169 0.000090
0 0.010633 0.001940 0.018912 0.000095
0 0.010633 0.001897 0.018912 0.000092
0 0.010624 0.001844 0.018931 0.000087
0 0.010627 0.001766 0.018925 0.000087
0 0.010624 0.001718 0.018931 0.000087
0 0.010624 0.001666 0.018931 0.000085
0 0.010603 0.001559 0.018972 0.000080
0 0.010262 0.000747 0.019654 0.000087