0 0.005062 0.002062 0.007734 0.000176
0 0.005020 0.000964 0.007817 0.000176
0 0.004613 0.000702 0.008631 0.000174
0 0.004814 0.000702 0.008229 0.000174
0 0.004786 0.000819 0.008285 0.000174
0 0.004576 0.000873 0.008706 0.000174
0 0.004548 0.000990 0.008761 0.000174
0 0.004508 0.001161 0.008840 0.000176
0 0.004481 0.001277 0.008896 0.000174
0 0.004746 0.000988 0.008364 0.000174
0 0.004719 0.001107 0.008419 0.000176
0 0.004682 0.001278 0.008494 0.000171
0 0.004654 0.001393 0.008549 0.000176
0 0.004990 0.001080 0.007877 0.000178
0 0.005090 0.001945 0.007676 0.000171
0 0.004953 0.001251 0.007951 0.000174
0 0.004924 0.001368 0.008009 0.000174
0 0.004896 0.001486 0.008064 0.000174
0 0.005097 0.001485 0.007662 0.000171
0 0.005130 0.001327 0.007596 0.000171
0 0.004616 0.001562 0.008626 0.000176
0 0.004587 0.001681 0.008684 0.000174
0 0.004550 0.001851 0.008758 0.000176
0 0.004522 0.001967 0.008813 0.000174
0 0.005068 0.001601 0.007720 0.000174
0 0.005117 0.001827 0.007624 0.000171
0 0.004642 0.000586 0.008574 0.000171