0 0.012186 0.002145 0.020271 0.000083
0 0.010933 0.000436 0.018312 0.000122
0 0.010638 0.000839 0.018902 0.000122
0 0.010626 0.000540 0.018927 0.000127
0 0.010649 0.000429 0.018881 0.000124
0 0.010677 0.000428 0.018825 0.000125
0 0.010702 0.000429 0.018775 0.000127
0 0.010672 0.000557 0.018835 0.000125
0 0.010696 0.000559 0.018786 0.000127
0 0.010721 0.000563 0.018737 0.000119
0 0.010709 0.000853 0.018760 0.000117
0 0.010749 0.000560 0.018680 0.000122
0 0.010784 0.000542 0.018611 0.000125
0 0.010796 0.000571 0.018587 0.000125
0 0.010764 0.000844 0.018650 0.000125
0 0.010831 0.000431 0.018516 0.000127
0 0.010855 0.000433 0.018468 0.000125
0 0.010860 0.000542 0.018459 0.000124
0 0.010885 0.000548 0.018409 0.000127
0 0.010607 0.000853 0.018964 0.000127
0 0.010552 0.000861 0.019074 0.000127
0 0.010627 0.000423 0.018925 0.000124
0 0.010492 0.000551 0.019194 0.000124
0 0.010202 0.000768 0.019775 0.000120
0 0.010205 0.000835 0.019768 0.000117
0 0.010194 0.000868 0.019790 0.000119
0 0.010342 0.000545 0.019495 0.000120
0 0.010418 0.000298 0.019342 0.000072
0 0.010466 0.000429 0.019246 0.000124
0 0.010427 0.000847 0.019324 0.000132
0 0.010494 0.000428 0.019191 0.000124
0 0.010601 0.000541 0.018977 0.000122
0 0.010522 0.000424 0.019135 0.000124
0 0.010547 0.000428 0.019085 0.000125
0 0.010526 0.000535 0.019127 0.000120
0 0.010550 0.000538 0.019078 0.000125
0 0.010572 0.000426 0.019034 0.000124
0 0.010599 0.000427 0.018981 0.000128
0 0.010577 0.000533 0.019024 0.000128
0 0.010908 0.000433 0.018362 0.000125
0 0.010840 0.000845 0.018498 0.000127
0 0.012136 0.002155 0.020370 0.000058
0 0.010867 0.000846 0.018445 0.000127
0 0.010970 0.000962 0.018238 0.000124
0 0.010992 0.000976 0.018195 0.000127
0 0.011051 0.000963 0.018077 0.000125
0 0.010191 0.001682 0.019797 0.000116
0 0.010187 0.001743 0.019804 0.000128
0 0.010724 0.002054 0.018731 0.000138
0 0.010816 0.002057 0.018547 0.000138
0 0.010808 0.001762 0.018562 0.000132
0 0.010831 0.001774 0.018516 0.000124
0 0.010908 0.002078 0.018362 0.000096
0 0.010878 0.002088 0.018423 0.000080
0 0.011486 0.002074 0.021671 0.000079
0 0.011502 0.002072 0.021639 0.000071
0 0.011673 0.002047 0.021298 0.000069
0 0.012086 0.002136 0.020470 0.000061
0 0.012104 0.002152 0.020434 0.000061
0 0.012121 0.002142 0.020401 0.000064
0 0.010826 0.001645 0.018526 0.000128
0 0.010807 0.001634 0.018564 0.000111
0 0.010924 0.000958 0.018331 0.000128
0 0.010192 0.000921 0.019794 0.000119
0 0.010895 0.000840 0.018388 0.000124
0 0.010919 0.000846 0.018340 0.000125
0 0.010946 0.000846 0.018287 0.000125
0 0.010973 0.000844 0.018233 0.000128
0 0.011019 0.000856 0.018141 0.000124
0 0.011043 0.000861 0.018092 0.000120
0 0.011071 0.000855 0.018037 0.000124
0 0.010137 0.001568 0.019904 0.000125
0 0.010898 0.000959 0.018383 0.000124
0 0.010201 0.001413 0.019776 0.000117
0 0.010197 0.001523 0.019785 0.000122
0 0.010193 0.001632 0.019793 0.000132
0 0.010584 0.000954 0.019010 0.000117
0 0.010819 0.000960 0.018540 0.000124
0 0.010845 0.000962 0.018489 0.000124
0 0.010871 0.000956 0.018437 0.000128
0 0.010145 0.000751 0.019888 0.000122