0 0.011287 0.002160 0.022069 0.000041
0 0.010616 0.001041 0.018946 0.000079
0 0.010630 0.001086 0.018919 0.000079
0 0.010635 0.001109 0.018908 0.000077
0 0.010644 0.000911 0.018891 0.000077
0 0.010649 0.000936 0.018880 0.000075
0 0.010656 0.000958 0.018866 0.000077
0 0.010663 0.000982 0.018852 0.000081
0 0.010669 0.001006 0.018841 0.000081
0 0.010676 0.001029 0.018827 0.000081
0 0.010681 0.001054 0.018816 0.000079
0 0.010695 0.000879 0.018789 0.000081
0 0.010702 0.000903 0.018775 0.000081
0 0.010707 0.000927 0.018764 0.000079
0 0.010713 0.000949 0.018753 0.000079
0 0.010719 0.000973 0.018741 0.000081
0 0.010747 0.000844 0.018684 0.000079
0 0.010623 0.001064 0.018932 0.000077
0 0.010610 0.001015 0.018958 0.000079
0 0.010760 0.000891 0.018659 0.000079
0 0.010603 0.000993 0.018972 0.000081
0 0.010511 0.001111 0.019156 0.000086
0 0.010520 0.001136 0.019138 0.000086
0 0.010525 0.001161 0.019129 0.000084
0 0.010518 0.000912 0.019142 0.000088
0 0.010552 0.001027 0.019074 0.000081
0 0.010558 0.001051 0.019063 0.000081
0 0.010565 0.001075 0.019048 0.000084
0 0.010572 0.001100 0.019035 0.000081
0 0.010577 0.001123 0.019024 0.000079
0 0.010583 0.001145 0.019012 0.000081
0 0.010590 0.001169 0.018999 0.000081
0 0.010597 0.001192 0.018985 0.000077
0 0.010602 0.001215 0.018974 0.000079
0 0.010591 0.000946 0.018996 0.000081
0 0.010596 0.000971 0.018987 0.000081
0 0.010753 0.000867 0.018672 0.000075
0 0.010278 0.001585 0.019622 0.000081
0 0.010500 0.001062 0.019178 0.000084
0 0.011341 0.000214 0.021961 0.000034
0 0.011372 0.000161 0.021898 0.000039
0 0.011393 0.000291 0.021856 0.000041
0 0.011411 0.000259 0.021820 0.000039
0 0.011407 0.000339 0.021830 0.000039
0 0.011417 0.000374 0.021809 0.000041
0 0.011430 0.000324 0.021783 0.000039
0 0.011427 0.000101 0.021789 0.000039
0 0.011441 0.000116 0.021761 0.000039
0 0.011441 0.000369 0.021761 0.000039
0 0.011432 0.000413 0.021778 0.000041
0 0.011437 0.000455 0.021768 0.000039
0 0.011447 0.000488 0.021748 0.000041
0 0.011436 0.000509 0.021770 0.000041
0 0.011442 0.000546 0.021759 0.000041
0 0.011441 0.000606 0.021761 0.000041
0 0.011356 0.000192 0.021931 0.000041
0 0.011346 0.000263 0.021952 0.000036
0 0.010284 0.001608 0.019610 0.000081
0 0.011325 0.000236 0.021992 0.000039
0 0.010290 0.001634 0.019599 0.000081
0 0.010298 0.001656 0.019583 0.000075
0 0.010304 0.001681 0.019571 0.000077
0 0.010310 0.001705 0.019558 0.000081
0 0.011172 0.000516 0.022299 0.000041
0 0.011191 0.000436 0.022260 0.000032
0 0.011205 0.000417 0.022234 0.000028
0 0.011205 0.000467 0.022234 0.000039
0 0.011215 0.000588 0.022213 0.000051
0 0.011233 0.000429 0.022177 0.000034
0 0.011256 0.000339 0.022130 0.000034
0 0.011271 0.000371 0.022101 0.000039
0 0.011288 0.000293 0.022066 0.000041
0 0.011306 0.000266 0.022030 0.000039
0 0.011335 0.000284 0.021974 0.000028
0 0.010505 0.001087 0.019168 0.000081
0 0.010494 0.001040 0.019190 0.000081
0 0.011437 0.000665 0.021768 0.000039
0 0.010653 0.000527 0.018872 0.000081
0 0.010732 0.000433 0.018716 0.000094
0 0.010735 0.000493 0.018709 0.000090
0 0.010742 0.000416 0.018694 0.000094
0 0.010788 0.000564 0.018603 0.000086
0 0.010817 0.000649 0.018545 0.000092
0 0.010775 0.000790 0.018628 0.000101
0 0.010728 0.000772 0.018722 0.000081
0 0.010733 0.000797 0.018712 0.000079
0 0.010741 0.000821 0.018697 0.000077
0 0.010983 0.000312 0.018213 0.000101
0 0.010984 0.000416 0.018210 0.000103
0 0.010973 0.000422 0.018233 0.000103
0 0.010966 0.000526 0.018246 0.000105
0 0.010978 0.000530 0.018222 0.000103
0 0.010956 0.000630 0.018266 0.000103
0 0.010676 0.000596 0.018827 0.000086
0 0.010648 0.000502 0.018883 0.000081
0 0.010979 0.000649 0.018221 0.000101
0 0.010615 0.000327 0.018949 0.000096
0 0.010448 0.000808 0.019283 0.000081
0 0.010460 0.000586 0.019259 0.000079
0 0.010465 0.000609 0.019248 0.000081
0 0.010486 0.000737 0.019207 0.000084
0 0.010499 0.000542 0.019181 0.000077
0 0.010493 0.000519 0.019193 0.000077
0 0.010526 0.000456 0.019126 0.000079
0 0.010533 0.000478 0.019113 0.000077
0 0.010584 0.000709 0.019010 0.000079
0 0.010610 0.000581 0.018958 0.000081
0 0.010654 0.000746 0.018871 0.000077
0 0.010579 0.000400 0.019021 0.000101
0 0.010588 0.000387 0.019002 0.000101
0 0.010594 0.000366 0.018990 0.000096
0 0.010607 0.000344 0.018965 0.000096
0 0.010967 0.000640 0.018244 0.000105
0 0.010984 0.000681 0.018211 0.000101
0 0.010488 0.001016 0.019203 0.000081
0 0.011018 0.000354 0.018142 0.000039
0 0.011014 0.000299 0.018150 0.000041
0 0.010219 0.001303 0.019742 0.000101
0 0.010233 0.001410 0.019713 0.000092
0 0.010242 0.001393 0.019695 0.000092
0 0.010249 0.001371 0.019680 0.000088
0 0.010258 0.001355 0.019662 0.000094
0 0.010265 0.001337 0.019649 0.000088
0 0.010273 0.001181 0.019633 0.000099
0 0.010284 0.001169 0.019612 0.000099
0 0.010294 0.001279 0.019590 0.000096
0 0.010284 0.001297 0.019610 0.000094
0 0.010263 0.001538 0.019652 0.000079
0 0.010269 0.001562 0.019641 0.000079
0 0.010475 0.000971 0.019229 0.000081
0 0.010481 0.000995 0.019217 0.000086
0 0.011015 0.000330 0.018148 0.000039
0 0.011018 0.000383 0.018142 0.000036
0 0.010990 0.000695 0.018199 0.000099
0 0.011018 0.000412 0.018142 0.000043
0 0.011002 0.000693 0.018175 0.000099
0 0.010995 0.000746 0.018189 0.000086
0 0.011003 0.000521 0.018172 0.000103
0 0.010999 0.000418 0.018180 0.000103
0 0.010993 0.000311 0.018192 0.000103
0 0.011003 0.000302 0.018172 0.000107
0 0.011012 0.000405 0.018155 0.000103
0 0.011013 0.000515 0.018152 0.000103
0 0.011024 0.000606 0.018131 0.000041
0 0.011026 0.000576 0.018127 0.000032
0 0.011024 0.000549 0.018130 0.000039
0 0.011022 0.000516 0.018134 0.000041
0 0.011022 0.000489 0.018134 0.000039
0 0.011021 0.000462 0.018138 0.000036
0 0.011020 0.000438 0.018139 0.000036
0 0.011422 0.000631 0.021798 0.000036
0 0.011440 0.000650 0.021764 0.000043
0 0.011813 0.001972 0.021017 0.000049
0 0.011580 0.001707 0.021483 0.000051
0 0.011537 0.001710 0.021568 0.000045
0 0.011476 0.001842 0.021692 0.000043
0 0.011745 0.001697 0.021153 0.000075
0 0.011736 0.001772 0.021172 0.000049
0 0.011721 0.001790 0.021201 0.000039
0 0.011771 0.001823 0.021101 0.000047
0 0.011743 0.001848 0.021156 0.000043
0 0.011750 0.001838 0.021142 0.000043
0 0.011758 0.001834 0.021126 0.000045
0 0.011790 0.001875 0.021062 0.000045
0 0.011614 0.001884 0.021414 0.000045
0 0.011345 0.002099 0.021953 0.000051
0 0.011320 0.002144 0.022002 0.000047
0 0.011305 0.002181 0.022033 0.000056
0 0.011236 0.002067 0.022171 0.000069
0 0.011553 0.001678 0.021537 0.000049
0 0.011580 0.001620 0.021483 0.000054
0 0.011224 0.002087 0.022195 0.000049
0 0.011603 0.001577 0.021436 0.000041
0 0.011182 0.001714 0.022279 0.000041
0 0.011266 0.001768 0.022112 0.000049
0 0.011252 0.001792 0.022138 0.000054
0 0.011370 0.001735 0.021903 0.000047
0 0.011375 0.001760 0.021894 0.000043
0 0.011378 0.001792 0.021886 0.000041
0 0.011384 0.001811 0.021875 0.000045
0 0.011388 0.001846 0.021867 0.000043
0 0.011393 0.001860 0.021858 0.000049
0 0.011491 0.001805 0.021660 0.000056
0 0.011683 0.001409 0.021277 0.000047
0 0.011700 0.001415 0.021242 0.000056
0 0.011662 0.001453 0.021319 0.000054
0 0.011638 0.001507 0.021366 0.000051
0 0.011617 0.001547 0.021410 0.000054
0 0.011230 0.002077 0.022184 0.000054
0 0.011192 0.002026 0.022259 0.000051
0 0.011197 0.001682 0.022249 0.000049
0 0.011886 0.002021 0.020871 0.000041
0 0.012073 0.001787 0.020497 0.000049
0 0.011609 0.002128 0.021425 0.000041
0 0.011604 0.002117 0.021435 0.000045
0 0.011588 0.002126 0.021466 0.000066
0 0.011584 0.002147 0.021476 0.000066
0 0.011600 0.002097 0.021443 0.000047
0 0.011596 0.002079 0.021451 0.000041
0 0.011625 0.002040 0.021393 0.000041
0 0.011613 0.002149 0.021416 0.000039
0 0.011607 0.002190 0.021429 0.000066
0 0.011602 0.002204 0.021438 0.000056
0 0.011644 0.002096 0.021355 0.000041
0 0.011606 0.001897 0.021430 0.000041
0 0.011602 0.001912 0.021438 0.000036
0 0.011621 0.001991 0.021400 0.000041
0 0.011881 0.002061 0.020880 0.000047
0 0.011882 0.001996 0.020879 0.000034
0 0.011200 0.001953 0.022243 0.000047
0 0.011879 0.001977 0.020885 0.000039
0 0.011248 0.002158 0.022146 0.000049
0 0.011254 0.002175 0.022135 0.000045
0 0.011519 0.002073 0.021606 0.000039
0 0.011562 0.002184 0.021518 0.000054
0 0.011565 0.002158 0.021513 0.000054
0 0.011581 0.002067 0.021480 0.000047
0 0.011607 0.002015 0.021429 0.000041
0 0.011633 0.002023 0.021377 0.000045
0 0.011636 0.002057 0.021371 0.000036
0 0.011734 0.001941 0.021175 0.000056
0 0.011702 0.002060 0.021239 0.000062
0 0.011742 0.001982 0.021159 0.000062
0 0.011859 0.001991 0.020924 0.000079
0 0.011860 0.001919 0.020923 0.000043
0 0.011871 0.001935 0.020901 0.000036
0 0.011174 0.001646 0.022295 0.000019
0 0.011236 0.001606 0.022171 0.000043
0 0.011446 0.000639 0.021751 0.000043
0 0.011841 0.000214 0.020960 0.000039
0 0.011880 0.000357 0.020883 0.000041
0 0.011870 0.000371 0.020902 0.000039
0 0.011854 0.000291 0.020935 0.000041
0 0.011895 0.000311 0.020854 0.000043
0 0.011901 0.000297 0.020841 0.000041
0 0.011909 0.000263 0.020826 0.000041
0 0.011929 0.000148 0.020785 0.000043
0 0.011924 0.000128 0.020796 0.000041
0 0.011918 0.000111 0.020807 0.000043
0 0.011913 0.000092 0.020816 0.000043
0 0.011906 0.000061 0.020832 0.000045
0 0.011951 0.000045 0.020741 0.000051
0 0.011975 0.000145 0.020692 0.000041
0 0.011983 0.000158 0.020677 0.000041
0 0.012039 0.000279 0.020565 0.000043
0 0.011883 0.000339 0.020877 0.000051
0 0.011848 0.000129 0.020948 0.000047
0 0.011950 0.000292 0.020742 0.000034
0 0.011838 0.000098 0.020966 0.000049
0 0.011461 0.000612 0.021721 0.000045
0 0.011468 0.000405 0.021707 0.000043
0 0.011515 0.000603 0.021613 0.000047
0 0.011497 0.000640 0.021648 0.000045
0 0.011551 0.000525 0.021541 0.000047
0 0.011558 0.000557 0.021527 0.000043
0 0.011585 0.000505 0.021472 0.000049
0 0.011579 0.000465 0.021485 0.000043
0 0.011611 0.000392 0.021421 0.000047
0 0.011628 0.000334 0.021386 0.000030
0 0.011645 0.000271 0.021353 0.000066
0 0.011679 0.000248 0.021284 0.000058
0 0.011812 0.000175 0.021020 0.000041
0 0.011802 0.000243 0.021039 0.000041
0 0.011820 0.000154 0.021003 0.000047
0 0.011955 0.000271 0.020733 0.000036
0 0.011946 0.000311 0.020750 0.000034
0 0.011196 0.001497 0.022251 0.000043
0 0.012043 0.000473 0.020558 0.000032
0 0.011181 0.000995 0.022281 0.000043
0 0.011162 0.001030 0.022318 0.000045
0 0.011182 0.001099 0.022279 0.000045
0 0.011271 0.001060 0.022101 0.000045
0 0.011284 0.001071 0.022074 0.000045
0 0.011266 0.001116 0.022110 0.000041
0 0.011290 0.000693 0.022063 0.000047
0 0.011331 0.000982 0.021982 0.000043
0 0.011363 0.000918 0.021917 0.000047
0 0.011396 0.000862 0.021852 0.000047
0 0.011417 0.000818 0.021809 0.000041
0 0.011443 0.000754 0.021758 0.000045
0 0.011470 0.000701 0.021703 0.000047
0 0.011608 0.001300 0.021427 0.000041
0 0.011722 0.001313 0.021198 0.000054
0 0.012047 0.000516 0.020550 0.000041
0 0.012045 0.000444 0.020553 0.000026
0 0.011940 0.000347 0.020763 0.000043
0 0.011901 0.000479 0.020841 0.000036
0 0.011956 0.000351 0.020730 0.000041
0 0.011973 0.000292 0.020697 0.000043
0 0.011993 0.000370 0.020656 0.000041
0 0.011975 0.000445 0.020692 0.000045
0 0.011971 0.000462 0.020702 0.000041
0 0.011982 0.000504 0.020680 0.000043
0 0.011973 0.000549 0.020697 0.000043
0 0.011965 0.000480 0.020713 0.000034
0 0.011956 0.000546 0.020732 0.000036
0 0.011931 0.000375 0.020780 0.000039
0 0.011927 0.000398 0.020788 0.000036
0 0.011928 0.000467 0.020786 0.000039
0 0.011920 0.000419 0.020802 0.000041
0 0.011914 0.000436 0.020815 0.000036
0 0.011906 0.000457 0.020832 0.000043
0 0.010432 0.000756 0.019314 0.000079