0 0.011414 0.000743 0.021814 0.000226
0 0.010924 0.001002 0.018331 0.000312
0 0.010535 0.001441 0.019108 0.000295
0 0.010582 0.001400 0.019015 0.000265
0 0.010610 0.001330 0.018958 0.000305
0 0.010650 0.001292 0.018879 0.000308
0 0.010685 0.001240 0.018808 0.000312
0 0.010723 0.000426 0.018733 0.000348
0 0.010732 0.001204 0.018714 0.000299
0 0.010770 0.001166 0.018639 0.000295
0 0.010807 0.001123 0.018564 0.000302
0 0.010845 0.001086 0.018488 0.000302
0 0.010885 0.001041 0.018410 0.000299
0 0.010965 0.000955 0.018248 0.000305
0 0.011163 0.001035 0.022318 0.000146
0 0.010950 0.000303 0.018278 0.000269
0 0.011170 0.000642 0.022303 0.000116
0 0.011270 0.000668 0.022103 0.000103
0 0.011501 0.000574 0.021641 0.000153
0 0.011685 0.000055 0.021273 0.000109
0 0.011495 0.001708 0.021653 0.000206
0 0.011422 0.001773 0.021799 0.000202
0 0.011213 0.001368 0.022216 0.000163
0 0.011204 0.001275 0.022235 0.000149
0 0.011185 0.001199 0.022273 0.000156
0 0.011178 0.001116 0.022288 0.000143
0 0.010415 0.001564 0.019349 0.000295