0 0.012087 0.001272 0.020469 0.000029
0 0.010400 0.001288 0.019379 0.000092
0 0.010514 0.001414 0.019150 0.000064
0 0.010562 0.001285 0.019055 0.000064
0 0.010520 0.001264 0.019138 0.000064
0 0.010493 0.001406 0.019193 0.000066
0 0.010468 0.001468 0.019243 0.000071
0 0.010448 0.001461 0.019283 0.000067
0 0.010453 0.001386 0.019273 0.000066
0 0.010431 0.001450 0.019317 0.000073
0 0.010434 0.001374 0.019311 0.000071
0 0.010499 0.001253 0.019180 0.000067
0 0.010369 0.001527 0.019440 0.000097
0 0.010386 0.001394 0.019406 0.000093
0 0.010414 0.001197 0.019351 0.000090
0 0.010511 0.001487 0.019157 0.000067
0 0.010827 0.001181 0.018525 0.000064
0 0.010851 0.001120 0.018476 0.000062
0 0.010908 0.001128 0.018362 0.000090
0 0.010859 0.000890 0.018461 0.000066
0 0.010908 0.000688 0.018362 0.000066
0 0.010883 0.000751 0.018413 0.000067
0 0.010861 0.000740 0.018457 0.000067
0 0.010797 0.000710 0.018584 0.000066
0 0.010794 0.000866 0.018590 0.000069
0 0.010787 0.001089 0.018605 0.000064
0 0.010761 0.001152 0.018656 0.000062
0 0.010767 0.001077 0.018645 0.000067
0 0.010491 0.001475 0.019197 0.000062
0 0.010535 0.001424 0.019108 0.000064
0 0.010755 0.001375 0.018670 0.000066
0 0.010665 0.001335 0.018848 0.000067
0 0.010751 0.001525 0.018677 0.000064
0 0.010723 0.001583 0.018732 0.000064
0 0.010700 0.001579 0.018778 0.000069
0 0.010728 0.001513 0.018723 0.000062
0 0.010733 0.001367 0.018713 0.000066
0 0.010736 0.001296 0.018707 0.000066
0 0.010715 0.001283 0.018749 0.000064
0 0.010711 0.001354 0.018757 0.000062
0 0.010682 0.001564 0.018814 0.000066
0 0.010662 0.001557 0.018856 0.000069
0 0.010639 0.001545 0.018901 0.000071
0 0.010688 0.001346 0.018802 0.000062
0 0.010648 0.001324 0.018882 0.000064
0 0.010531 0.001498 0.019116 0.000062
0 0.010673 0.001260 0.018833 0.000064
0 0.010627 0.001311 0.018924 0.000062
0 0.010618 0.001539 0.018943 0.000066
0 0.010596 0.001524 0.018986 0.000062
0 0.010621 0.001464 0.018937 0.000067
0 0.010600 0.001455 0.018979 0.000066
0 0.010574 0.001516 0.019030 0.000064
0 0.010554 0.001507 0.019070 0.000064
0 0.010579 0.001444 0.019021 0.000066
0 0.010607 0.001301 0.018964 0.000062
0 0.010582 0.001292 0.019015 0.000066
0 0.010557 0.001433 0.019064 0.000067
0 0.010746 0.001065 0.018687 0.000064
0 0.010722 0.001126 0.018734 0.000064
0 0.010698 0.001121 0.018783 0.000066
0 0.010520 0.000733 0.019138 0.000067
0 0.010480 0.001175 0.019218 0.000062
0 0.010485 0.001021 0.019209 0.000066
0 0.010508 0.000961 0.019163 0.000060
0 0.010488 0.000950 0.019203 0.000066
0 0.010600 0.000844 0.018979 0.000067
0 0.010579 0.000834 0.019021 0.000066
0 0.010555 0.000825 0.019068 0.000067
0 0.010584 0.000762 0.019011 0.000066
0 0.010534 0.000818 0.019110 0.000067
0 0.010559 0.000753 0.019061 0.000066
0 0.010539 0.000746 0.019100 0.000066
0 0.010513 0.000805 0.019154 0.000062
0 0.010943 0.000466 0.018292 0.000062
0 0.010609 0.001232 0.018960 0.000066
0 0.010913 0.000530 0.018353 0.000060
0 0.010861 0.000422 0.018457 0.000062
0 0.010799 0.000637 0.018580 0.000060
0 0.010783 0.000623 0.018613 0.000067
0 0.010739 0.000607 0.018700 0.000060
0 0.010774 0.000382 0.018630 0.000066
0 0.010753 0.000371 0.018673 0.000066
0 0.010729 0.000365 0.018721 0.000067
0 0.010708 0.000353 0.018763 0.000064
0 0.010673 0.000575 0.018833 0.000066
0 0.010668 0.000329 0.018842 0.000060
0 0.010607 0.000616 0.018964 0.000067
0 0.010455 0.001234 0.019269 0.000062
0 0.010480 0.001245 0.019218 0.000067
0 0.010508 0.001031 0.019163 0.000069
0 0.010527 0.001043 0.019125 0.000067
0 0.010631 0.001240 0.018916 0.000064
0 0.010654 0.001249 0.018871 0.000062
0 0.010677 0.001109 0.018825 0.000066
0 0.010662 0.001094 0.018856 0.000057
0 0.010681 0.001040 0.018816 0.000062
0 0.010700 0.001047 0.018778 0.000062
0 0.010725 0.001056 0.018728 0.000067
0 0.010753 0.000840 0.018673 0.000066
0 0.010755 0.000688 0.018668 0.000060
0 0.010709 0.000823 0.018761 0.000067
0 0.010667 0.000802 0.018844 0.000066
0 0.010660 0.001029 0.018859 0.000060
0 0.010633 0.001092 0.018912 0.000062
0 0.010636 0.001023 0.018907 0.000066
0 0.010616 0.001079 0.018947 0.000060
0 0.010589 0.001072 0.019000 0.000064
0 0.010616 0.001008 0.018947 0.000067
0 0.010641 0.000866 0.018897 0.000064
0 0.010645 0.000790 0.018888 0.000066
0 0.010621 0.000853 0.018937 0.000069
0 0.010570 0.001062 0.019038 0.000064
0 0.010568 0.001213 0.019043 0.000062
0 0.010543 0.001201 0.019093 0.000066
0 0.010508 0.001180 0.019163 0.000066
0 0.010550 0.001052 0.019078 0.000066
0 0.010760 0.001298 0.018658 0.000067
0 0.010778 0.001315 0.018622 0.000069
0 0.012093 0.001233 0.020458 0.000029
0 0.012167 0.001579 0.020309 0.000028
0 0.012095 0.001588 0.020454 0.000021
0 0.012090 0.001606 0.020463 0.000022
0 0.012112 0.001617 0.020420 0.000024
0 0.012089 0.001624 0.020465 0.000021
0 0.012112 0.001634 0.020420 0.000021
0 0.012105 0.001649 0.020433 0.000026
0 0.012104 0.001668 0.020435 0.000022
0 0.012084 0.001644 0.020475 0.000019
0 0.012084 0.001660 0.020475 0.000024
0 0.012081 0.001678 0.020480 0.000021
0 0.012105 0.001688 0.020433 0.000024
0 0.012172 0.001565 0.020298 0.000024
0 0.012163 0.001598 0.020317 0.000024
0 0.012117 0.001578 0.020408 0.000026
0 0.012163 0.001615 0.020317 0.000024
0 0.012156 0.001635 0.020330 0.000022
0 0.012154 0.001655 0.020334 0.000028
0 0.012151 0.001674 0.020342 0.000028
0 0.012079 0.001697 0.020484 0.000022
0 0.012102 0.001710 0.020439 0.000021
0 0.012098 0.001726 0.020446 0.000024
0 0.012076 0.001716 0.020492 0.000028
0 0.012074 0.001735 0.020495 0.000026
0 0.012095 0.001744 0.020454 0.000029
0 0.012150 0.001691 0.020344 0.000024
0 0.012148 0.001707 0.020347 0.000028
0 0.012115 0.001596 0.020412 0.000021
0 0.012124 0.001540 0.020395 0.000022
0 0.010774 0.001386 0.018632 0.000064
0 0.012035 0.001651 0.020573 0.000022
0 0.012114 0.001088 0.020416 0.000031
0 0.012157 0.001283 0.020328 0.000022
0 0.012158 0.001261 0.020327 0.000028
0 0.012192 0.001376 0.020258 0.000026
0 0.012019 0.001787 0.020606 0.000022
0 0.012019 0.001767 0.020606 0.000021
0 0.012021 0.001752 0.020602 0.000024
0 0.012024 0.001733 0.020594 0.000021
0 0.012024 0.001716 0.020594 0.000026
0 0.012029 0.001700 0.020585 0.000024
0 0.012029 0.001684 0.020585 0.000028
0 0.010893 0.001550 0.018392 0.000100
0 0.012041 0.001631 0.020560 0.000017
0 0.012097 0.001570 0.020448 0.000022
0 0.012042 0.001595 0.020558 0.000026
0 0.012044 0.001573 0.020554 0.000026
0 0.012050 0.001555 0.020543 0.000024
0 0.012050 0.001537 0.020543 0.000022
0 0.012059 0.001481 0.020526 0.000026
0 0.012075 0.001412 0.020494 0.000024
0 0.012112 0.001456 0.020420 0.000022
0 0.012108 0.001475 0.020427 0.000024
0 0.012111 0.001496 0.020421 0.000028
0 0.012103 0.001514 0.020437 0.000026
0 0.012124 0.001521 0.020395 0.000022
0 0.012101 0.001533 0.020440 0.000026
0 0.012143 0.001727 0.020357 0.000033
0 0.012145 0.001748 0.020353 0.000026
0 0.012140 0.001767 0.020363 0.000022
0 0.010315 0.002019 0.019548 0.000085
0 0.011189 0.000149 0.022264 0.000029
0 0.011191 0.000131 0.022261 0.000028
0 0.011194 0.000113 0.022255 0.000036
0 0.011196 0.000092 0.022251 0.000026
0 0.011199 0.000074 0.022246 0.000028
0 0.011202 0.000056 0.022238 0.000029
0 0.011223 0.000085 0.022196 0.000028
0 0.011205 0.000037 0.022232 0.000033
0 0.011206 0.000018 0.022230 0.000029
0 0.010302 0.002120 0.019575 0.000090
0 0.010305 0.002083 0.019569 0.000088
0 0.010309 0.002050 0.019560 0.000085
0 0.010320 0.001986 0.019539 0.000081
0 0.012059 0.001811 0.020526 0.000024
0 0.010327 0.001956 0.019526 0.000079
0 0.010339 0.001873 0.019501 0.000086
0 0.010340 0.001833 0.019499 0.000083
0 0.010346 0.001809 0.019486 0.000079
0 0.010354 0.001715 0.019471 0.000074
0 0.010363 0.001691 0.019453 0.000071
0 0.010745 0.001597 0.018689 0.000054
0 0.010772 0.001533 0.018635 0.000064
0 0.010789 0.001552 0.018601 0.000067
0 0.010794 0.001393 0.018590 0.000060
0 0.010821 0.001333 0.018537 0.000064
0 0.010801 0.001320 0.018577 0.000062
0 0.011314 0.000257 0.022014 0.000022
0 0.011406 0.000462 0.021832 0.000029
0 0.011428 0.000469 0.021786 0.000026
0 0.012221 0.000494 0.020201 0.000052
0 0.012059 0.001830 0.020526 0.000022
0 0.012080 0.001821 0.020482 0.000024
0 0.012079 0.001842 0.020484 0.000024
0 0.012078 0.001861 0.020486 0.000024
0 0.012056 0.001849 0.020532 0.000022
0 0.012053 0.001868 0.020537 0.000024
0 0.012050 0.001889 0.020543 0.000022
0 0.012074 0.001880 0.020495 0.000028
0 0.012073 0.001899 0.020497 0.000024
0 0.012071 0.001919 0.020501 0.000024
0 0.012123 0.001849 0.020397 0.000026
0 0.012121 0.001868 0.020401 0.000031
0 0.012116 0.001906 0.020410 0.000024
0 0.012112 0.001927 0.020420 0.000026
0 0.012110 0.001947 0.020423 0.000021
0 0.012055 0.001962 0.020533 0.000019
0 0.012111 0.001965 0.020421 0.000019
0 0.012107 0.001983 0.020429 0.000024
0 0.012179 0.000929 0.020285 0.000035
0 0.012176 0.000992 0.020290 0.000028
0 0.012198 0.001000 0.020247 0.000024
0 0.012227 0.000747 0.020188 0.000029
0 0.012225 0.000658 0.020194 0.000041
0 0.012226 0.000583 0.020190 0.000026
0 0.012186 0.000555 0.020272 0.000022
0 0.010576 0.000365 0.019026 0.000067