0 0.005271 0.001383 0.007315 0.000079
0 0.005277 0.001471 0.007303 0.000080
0 0.004864 0.000282 0.008130 0.000082
0 0.004870 0.000422 0.008118 0.000077
0 0.004876 0.000512 0.008106 0.000079
0 0.004880 0.000600 0.008098 0.000077
0 0.004888 0.000690 0.008081 0.000077
0 0.005219 0.000232 0.007419 0.000077
0 0.005225 0.000322 0.007407 0.000077
0 0.005229 0.000410 0.007399 0.000079
0 0.005235 0.000500 0.007387 0.000076
0 0.005239 0.000588 0.007379 0.000077
0 0.005245 0.000678 0.007367 0.000079
0 0.005179 0.001087 0.007499 0.000077
0 0.004850 0.001557 0.008158 0.000079
0 0.004856 0.001651 0.008146 0.000080
0 0.004862 0.001740 0.008134 0.000076
0 0.004866 0.001829 0.008126 0.000077
0 0.004870 0.001919 0.008118 0.000077
0 0.005297 0.001828 0.007262 0.000079
0 0.005291 0.001739 0.007275 0.000077
0 0.005287 0.001650 0.007283 0.000080
0 0.005283 0.001560 0.007291 0.000076
0 0.004860 0.000192 0.008138 0.000076