0 0.011854 0.000644 0.020934 0.000028
0 0.010447 0.001080 0.019284 0.000119
0 0.010449 0.001322 0.019281 0.000122
0 0.010437 0.001327 0.019304 0.000117
0 0.010426 0.001322 0.019327 0.000122
0 0.010414 0.001330 0.019351 0.000119
0 0.010403 0.001335 0.019373 0.000115
0 0.010393 0.001331 0.019392 0.000121
0 0.010383 0.001329 0.019412 0.000115
0 0.010377 0.001092 0.019424 0.000110
0 0.010389 0.001079 0.019400 0.000112
0 0.010401 0.001077 0.019376 0.000118
0 0.010412 0.001081 0.019354 0.000119
0 0.010424 0.001083 0.019331 0.000115
0 0.010435 0.001084 0.019308 0.000119
0 0.010457 0.001088 0.019265 0.000118
0 0.011862 0.000641 0.020919 0.000040
0 0.010469 0.001087 0.019241 0.000119
0 0.010480 0.001075 0.019219 0.000115
0 0.010502 0.001077 0.019174 0.000124
0 0.010516 0.001079 0.019147 0.000119
0 0.010525 0.001081 0.019128 0.000118
0 0.010536 0.001083 0.019107 0.000119
0 0.010547 0.001083 0.019085 0.000117
0 0.010558 0.001075 0.019063 0.000118
0 0.010569 0.001077 0.019041 0.000119
0 0.010580 0.001070 0.019018 0.000121
0 0.010590 0.001073 0.018998 0.000117
0 0.010640 0.001080 0.018898 0.000097
0 0.010662 0.001188 0.018855 0.000017
0 0.010459 0.001333 0.019260 0.000101
0 0.010472 0.001326 0.019235 0.000121
0 0.010482 0.001326 0.019214 0.000110
0 0.010505 0.001326 0.019168 0.000119
0 0.010536 0.001842 0.019106 0.000133
0 0.010548 0.001844 0.019082 0.000121
0 0.010559 0.001847 0.019060 0.000118
0 0.010571 0.001832 0.019038 0.000117
0 0.010761 0.001784 0.018656 0.000014
0 0.010802 0.001691 0.018575 0.000019
0 0.010822 0.001572 0.018536 0.000040
0 0.010900 0.001532 0.018378 0.000049
0 0.010889 0.001528 0.018400 0.000062
0 0.010879 0.001527 0.018421 0.000061
0 0.010867 0.001526 0.018445 0.000049
0 0.010427 0.001449 0.019325 0.000119
0 0.010451 0.001451 0.019277 0.000117
0 0.010462 0.001449 0.019255 0.000118
0 0.010471 0.001447 0.019236 0.000110
0 0.010484 0.001452 0.019211 0.000117
0 0.010505 0.001452 0.019168 0.000117
0 0.010517 0.001451 0.019144 0.000117
0 0.010529 0.001449 0.019120 0.000117
0 0.010538 0.001453 0.019103 0.000115
0 0.010579 0.001636 0.019020 0.000118
0 0.010578 0.001504 0.019022 0.000118
0 0.010579 0.001357 0.019020 0.000115
0 0.010549 0.001350 0.019080 0.000118
0 0.010539 0.001327 0.019101 0.000119
0 0.010528 0.001326 0.019123 0.000118
0 0.010516 0.001329 0.019146 0.000121
0 0.010702 0.001170 0.018774 0.000017
0 0.010706 0.001149 0.018766 0.000018
0 0.010699 0.001129 0.018780 0.000018
0 0.010618 0.000600 0.018942 0.000119
0 0.010582 0.000440 0.019015 0.000114
0 0.010563 0.000450 0.019052 0.000114
0 0.010532 0.000469 0.019114 0.000114
0 0.010514 0.000482 0.019150 0.000122
0 0.010504 0.000498 0.019171 0.000124
0 0.010482 0.000349 0.019215 0.000115
0 0.010459 0.000750 0.019260 0.000035
0 0.010441 0.000706 0.019297 0.000121
0 0.010430 0.000711 0.019319 0.000119
0 0.010420 0.000714 0.019339 0.000117
0 0.010410 0.000720 0.019358 0.000100
0 0.010399 0.000709 0.019381 0.000125
0 0.010451 0.000574 0.019276 0.000121
0 0.010440 0.000576 0.019298 0.000119
0 0.010429 0.000577 0.019320 0.000122
0 0.010417 0.000571 0.019344 0.000117
0 0.010406 0.000589 0.019366 0.000115
0 0.010396 0.000581 0.019387 0.000121
0 0.010384 0.000577 0.019411 0.000101
0 0.010336 0.000688 0.019506 0.000107
0 0.010335 0.000544 0.019509 0.000122
0 0.010331 0.000391 0.019516 0.000021
0 0.010346 0.000370 0.019486 0.000024
0 0.010335 0.000350 0.019509 0.000022
0 0.010339 0.000331 0.019500 0.000024
0 0.010353 0.000310 0.019473 0.000024
0 0.010385 0.000286 0.019408 0.000017
0 0.010599 0.000577 0.018980 0.000119
0 0.010524 0.000647 0.019130 0.000111
0 0.010701 0.001072 0.018777 0.000018
0 0.010628 0.000567 0.018922 0.000124
0 0.010701 0.001032 0.018777 0.000018
0 0.010930 0.000782 0.018318 0.000017
0 0.010912 0.000473 0.018354 0.000032
0 0.010839 0.000263 0.018501 0.000018
0 0.010875 0.000480 0.018429 0.000033
0 0.010378 0.000975 0.019422 0.000121
0 0.010388 0.000956 0.019403 0.000111
0 0.010399 0.000947 0.019381 0.000117
0 0.010412 0.000955 0.019354 0.000119
0 0.010423 0.000954 0.019333 0.000118
0 0.010434 0.000956 0.019311 0.000117
0 0.010446 0.000953 0.019287 0.000118
0 0.010455 0.000956 0.019268 0.000125
0 0.010467 0.000956 0.019244 0.000122
0 0.010478 0.000954 0.019223 0.000118
0 0.010501 0.000949 0.019177 0.000104
0 0.010524 0.000952 0.019131 0.000115
0 0.010536 0.000952 0.019107 0.000119
0 0.010547 0.000957 0.019085 0.000110
0 0.010566 0.000951 0.019047 0.000117
0 0.010590 0.000954 0.018999 0.000115
0 0.010613 0.000952 0.018953 0.000115
0 0.010633 0.001001 0.018912 0.000119
0 0.010654 0.000726 0.018871 0.000122
0 0.010621 0.000718 0.018936 0.000119
0 0.010592 0.000741 0.018995 0.000115
0 0.010493 0.000738 0.019192 0.000114
0 0.010526 0.001841 0.019127 0.000119
0 0.010513 0.001839 0.019154 0.000115
0 0.010451 0.001803 0.019277 0.000085
0 0.012037 0.000726 0.020569 0.000014
0 0.012037 0.000741 0.020569 0.000012
0 0.012054 0.000741 0.020534 0.000012
0 0.012038 0.000757 0.020566 0.000012
0 0.012038 0.000770 0.020567 0.000012
0 0.012038 0.000800 0.020567 0.000012
0 0.012038 0.000813 0.020566 0.000012
0 0.012037 0.000828 0.020569 0.000015
0 0.012038 0.000873 0.020567 0.000014
0 0.012039 0.000858 0.020564 0.000014
0 0.012054 0.000841 0.020534 0.000014
0 0.012056 0.000872 0.020531 0.000014
0 0.012057 0.000901 0.020529 0.000019
0 0.012027 0.000947 0.020590 0.000026
0 0.012026 0.001020 0.020591 0.000031
0 0.012042 0.001016 0.020560 0.000031
0 0.012068 0.001017 0.020507 0.000035
0 0.012077 0.001018 0.020488 0.000031
0 0.012087 0.001017 0.020469 0.000040
0 0.012097 0.000930 0.020448 0.000019
0 0.012095 0.000886 0.020453 0.000017
0 0.012095 0.000870 0.020453 0.000018
0 0.012092 0.000822 0.020458 0.000015
0 0.012096 0.000811 0.020452 0.000014
0 0.012096 0.000780 0.020452 0.000017
0 0.012093 0.000737 0.020456 0.000017
0 0.012097 0.000709 0.020448 0.000014
0 0.012095 0.000680 0.020453 0.000011
0 0.012052 0.000727 0.020539 0.000015
0 0.012052 0.000710 0.020539 0.000012
0 0.012092 0.000652 0.020459 0.000017
0 0.012037 0.000711 0.020569 0.000012
0 0.011872 0.000644 0.020900 0.000031
0 0.011879 0.000641 0.020885 0.000035
0 0.011895 0.000639 0.020852 0.000033
0 0.011904 0.000614 0.020834 0.000026
0 0.011934 0.000640 0.020774 0.000031
0 0.011950 0.000639 0.020742 0.000032
0 0.011969 0.000639 0.020706 0.000029
0 0.011986 0.000642 0.020671 0.000029
0 0.011993 0.000660 0.020656 0.000015
0 0.011993 0.000677 0.020656 0.000014
0 0.011995 0.000693 0.020653 0.000012
0 0.011992 0.000720 0.020660 0.000015
0 0.011993 0.000761 0.020656 0.000012
0 0.011994 0.000777 0.020655 0.000014
0 0.011992 0.000792 0.020660 0.000012
0 0.011994 0.000808 0.020655 0.000017
0 0.011992 0.000836 0.020660 0.000017
0 0.011992 0.000866 0.020658 0.000017
0 0.011996 0.000893 0.020652 0.000012
0 0.011996 0.000965 0.020650 0.000012
0 0.011995 0.000992 0.020653 0.000015
0 0.012037 0.000641 0.020569 0.000012
0 0.012035 0.000657 0.020574 0.000017
0 0.012033 0.000669 0.020577 0.000014
0 0.012049 0.000655 0.020545 0.000012
0 0.012033 0.000683 0.020577 0.000014
0 0.012035 0.000697 0.020572 0.000014
0 0.012096 0.000667 0.020452 0.000015
0 0.012096 0.000637 0.020452 0.000017
0 0.010445 0.001787 0.019289 0.000075
0 0.010266 0.001136 0.019646 0.000021
0 0.010273 0.001193 0.019632 0.000018
0 0.010273 0.001213 0.019633 0.000017
0 0.010269 0.001233 0.019640 0.000017
0 0.010273 0.001252 0.019633 0.000017
0 0.010267 0.001290 0.019644 0.000018
0 0.010273 0.001330 0.019633 0.000017
0 0.010265 0.001350 0.019649 0.000015
0 0.010272 0.001387 0.019635 0.000015
0 0.010273 0.001404 0.019632 0.000021
0 0.010273 0.001428 0.019633 0.000019
0 0.010308 0.001501 0.019562 0.000083
0 0.010358 0.001492 0.019463 0.000068
0 0.010329 0.001549 0.019521 0.000083
0 0.010336 0.001564 0.019506 0.000086
0 0.010349 0.001593 0.019481 0.000082
0 0.010358 0.001607 0.019462 0.000082
0 0.010363 0.001624 0.019452 0.000083
0 0.010375 0.001636 0.019428 0.000082
0 0.010381 0.001654 0.019417 0.000079
0 0.010383 0.001673 0.019412 0.000081
0 0.010391 0.001687 0.019397 0.000083
0 0.010402 0.001696 0.019374 0.000085
0 0.010404 0.001718 0.019370 0.000085
0 0.010413 0.001731 0.019352 0.000086
0 0.010423 0.001747 0.019333 0.000079
0 0.010431 0.001758 0.019317 0.000082
0 0.010438 0.001773 0.019303 0.000081
0 0.010269 0.001172 0.019640 0.000018
0 0.010263 0.001097 0.019652 0.000019
0 0.012095 0.000622 0.020453 0.000014
0 0.010266 0.001038 0.019646 0.000014
0 0.012092 0.000607 0.020459 0.000015
0 0.012141 0.000144 0.020361 0.000017
0 0.012093 0.000562 0.020456 0.000017
0 0.012089 0.000489 0.020464 0.000018
0 0.011880 0.000226 0.020884 0.000035
0 0.011871 0.000344 0.020901 0.000031
0 0.011809 0.000435 0.021025 0.000035
0 0.011818 0.000301 0.021008 0.000032
0 0.011446 0.000413 0.021751 0.000018
0 0.011445 0.000435 0.021753 0.000018
0 0.010654 0.001911 0.018871 0.000015
0 0.010656 0.002093 0.018866 0.000089
0 0.010721 0.002095 0.018736 0.000092
0 0.010868 0.002116 0.018443 0.000099
0 0.010885 0.002138 0.018408 0.000097
0 0.010917 0.002129 0.018345 0.000096
0 0.010919 0.002024 0.018340 0.000050
0 0.010924 0.002008 0.018331 0.000051
0 0.010934 0.001968 0.018310 0.000054
0 0.010285 0.000825 0.019609 0.000017
0 0.010265 0.000801 0.019649 0.000017
0 0.010266 0.000843 0.019646 0.000018
0 0.010268 0.000881 0.019643 0.000017
0 0.010277 0.000904 0.019624 0.000017
0 0.010257 0.000922 0.019665 0.000018
0 0.010298 0.000943 0.019582 0.000017
0 0.010292 0.001019 0.019595 0.000017
0 0.010281 0.000146 0.019616 0.000018