0 0.011419 0.001001 0.021805 0.000049
0 0.011409 0.001015 0.021825 0.000056
0 0.010364 0.001753 0.019451 0.000151
0 0.011178 0.000432 0.022287 0.000041
0 0.011188 0.000478 0.022266 0.000046
0 0.011215 0.000621 0.022213 0.000041
0 0.011661 0.000454 0.021320 0.000074
0 0.011676 0.000582 0.021290 0.000064
0 0.011667 0.000064 0.021309 0.000051
0 0.011675 0.000087 0.021293 0.000036
0 0.011681 0.000118 0.021281 0.000041
0 0.011688 0.000144 0.021267 0.000033
0 0.011706 0.000198 0.021231 0.000059
0 0.011695 0.000208 0.021254 0.000054
0 0.011683 0.000224 0.021277 0.000059
0 0.011675 0.000238 0.021293 0.000056
0 0.011672 0.000344 0.021300 0.000049
0 0.010433 0.001512 0.019313 0.000130
0 0.010387 0.001395 0.019405 0.000130
0 0.010341 0.001410 0.019497 0.000115
0 0.010587 0.001059 0.019005 0.000128
0 0.010513 0.000692 0.019152 0.000156
0 0.010528 0.000666 0.019122 0.000156
0 0.010646 0.000630 0.018886 0.000136
0 0.010530 0.000910 0.019118 0.000128
0 0.010565 0.000998 0.019049 0.000130
0 0.010575 0.001029 0.019028 0.000125
0 0.010611 0.001114 0.018957 0.000125
0 0.010352 0.001310 0.019474 0.000125
0 0.010645 0.001203 0.018888 0.000130
0 0.010700 0.000825 0.018778 0.000141
0 0.010771 0.000984 0.018636 0.000138
0 0.010295 0.001211 0.019589 0.000141
0 0.010320 0.001223 0.019538 0.000130
0 0.010342 0.001281 0.019495 0.000128
0 0.011677 0.000367 0.021288 0.000043
0 0.011685 0.000390 0.021272 0.000043
0 0.011690 0.000412 0.021263 0.000051
0 0.012055 0.000681 0.020533 0.000049
0 0.011734 0.000114 0.021176 0.000059
0 0.011842 0.000075 0.020960 0.000043
0 0.011878 0.000171 0.020886 0.000036
0 0.011915 0.000263 0.020813 0.000092
0 0.011948 0.000361 0.020746 0.000061
0 0.012035 0.000637 0.020574 0.000056
0 0.011216 0.001305 0.022211 0.000049
0 0.011742 0.000280 0.021159 0.000038
0 0.011201 0.001234 0.022241 0.000038
0 0.011188 0.001308 0.022266 0.000043
0 0.011207 0.001353 0.022230 0.000041
0 0.011201 0.001377 0.022241 0.000043
0 0.011248 0.001459 0.022147 0.000059
0 0.011234 0.001460 0.022174 0.000041
0 0.011734 0.000256 0.021176 0.000046
0 0.011747 0.000304 0.021148 0.000041
0 0.011692 0.000439 0.021258 0.000049
0 0.011731 0.000602 0.021180 0.000049
0 0.011699 0.000456 0.021244 0.000049
0 0.011706 0.000485 0.021231 0.000049
0 0.011710 0.000510 0.021224 0.000049
0 0.011713 0.000531 0.021217 0.000049
0 0.011722 0.000554 0.021198 0.000043
0 0.011726 0.000580 0.021192 0.000041
0 0.011778 0.000509 0.021086 0.000036
0 0.011751 0.000330 0.021141 0.000041
0 0.011776 0.000481 0.021091 0.000036
0 0.011770 0.000456 0.021102 0.000033
0 0.011769 0.000430 0.021104 0.000036
0 0.011762 0.000407 0.021118 0.000041
0 0.011758 0.000382 0.021127 0.000038
0 0.011750 0.000358 0.021143 0.000041
0 0.010285 0.000874 0.019609 0.000153