0 0.001291 0.000680 0.001883 0.000106
0 0.002097 0.000892 0.000270 0.000053
0 0.002130 0.001088 0.000205 0.000046
0 0.002108 0.001132 0.000248 0.000046
0 0.002105 0.001102 0.000255 0.000045
0 0.002120 0.001034 0.000225 0.000052
0 0.002102 0.001082 0.000261 0.000038
0 0.002095 0.001045 0.000274 0.000043
0 0.002116 0.001002 0.000233 0.000039
0 0.002112 0.000979 0.000241 0.000048
0 0.002108 0.000946 0.000248 0.000048
0 0.002102 0.000925 0.000259 0.000048
0 0.002084 0.000996 0.000296 0.000052
0 0.002083 0.000969 0.000297 0.000043
0 0.002093 0.000866 0.000277 0.000039
0 0.002038 0.001232 0.000388 0.000046
0 0.002090 0.000837 0.000285 0.000046
0 0.002085 0.000815 0.000295 0.000046
0 0.002082 0.000779 0.000301 0.000043
0 0.002078 0.000757 0.000307 0.000041
0 0.002077 0.000913 0.000310 0.000041
0 0.002070 0.000881 0.000325 0.000041
0 0.002068 0.000853 0.000328 0.000041
0 0.002059 0.000828 0.000345 0.000055
0 0.002057 0.000801 0.000351 0.000046
0 0.002053 0.000771 0.000359 0.000048
0 0.002048 0.000757 0.000369 0.000045
0 0.002049 0.001277 0.000365 0.000081
0 0.002119 0.001143 0.000227 0.000088
0 0.002095 0.000452 0.000274 0.000053
0 0.002084 0.000378 0.000296 0.000062
0 0.002071 0.000308 0.000322 0.000070
0 0.001989 0.000361 0.000486 0.000053
0 0.001992 0.000386 0.000480 0.000055
0 0.002002 0.000446 0.000460 0.000053
0 0.002020 0.000550 0.000425 0.000043
0 0.002025 0.000579 0.000415 0.000039
0 0.002034 0.000636 0.000397 0.000043
0 0.002035 0.000660 0.000394 0.000050
0 0.002044 0.000720 0.000376 0.000050
0 0.001993 0.000209 0.000478 0.000048
0 0.001998 0.000234 0.000468 0.000031
0 0.002008 0.000282 0.000448 0.000039
0 0.002011 0.000319 0.000442 0.000043
0 0.002016 0.000338 0.000432 0.000034
0 0.002021 0.000376 0.000422 0.000048
0 0.002024 0.000398 0.000416 0.000038
0 0.002025 0.000430 0.000413 0.000053
0 0.002033 0.000448 0.000398 0.000041
0 0.002039 0.000507 0.000385 0.000045
0 0.002049 0.000560 0.000365 0.000041
0 0.002055 0.000620 0.000354 0.000045
0 0.002061 0.000650 0.000343 0.000036
0 0.002064 0.000671 0.000335 0.000038
0 0.002069 0.000702 0.000326 0.000052
0 0.002030 0.000121 0.000403 0.000094
0 0.002055 0.000217 0.000354 0.000084
0 0.002061 0.001227 0.000343 0.000043
0 0.002061 0.001192 0.000343 0.000029
0 0.001973 0.000037 0.000519 0.000064
0 0.001940 0.001113 0.000585 0.000048
0 0.001987 0.001265 0.000490 0.000046
0 0.001969 0.001335 0.000526 0.000046
0 0.001966 0.001303 0.000533 0.000041
0 0.001961 0.001278 0.000543 0.000053
0 0.001974 0.001181 0.000516 0.000048
0 0.001958 0.001248 0.000549 0.000045
0 0.001952 0.001222 0.000561 0.000053
0 0.001972 0.001150 0.000520 0.000034
0 0.001966 0.001127 0.000532 0.000046
0 0.001962 0.001070 0.000541 0.000045
0 0.001949 0.001196 0.000566 0.000046
0 0.001947 0.001165 0.000569 0.000046
0 0.001953 0.001015 0.000558 0.000041
0 0.002054 0.001168 0.000355 0.000041
0 0.001947 0.000983 0.000569 0.000050
0 0.001946 0.000956 0.000572 0.000046
0 0.001925 0.001026 0.000615 0.000057
0 0.001923 0.001001 0.000617 0.000048
0 0.001937 0.000898 0.000591 0.000058
0 0.001921 0.000964 0.000623 0.000046
0 0.001914 0.000942 0.000636 0.000043
0 0.001934 0.000869 0.000596 0.000038
0 0.001931 0.000841 0.000603 0.000045
0 0.001907 0.000887 0.000650 0.000043
0 0.001924 0.000786 0.000616 0.000045
0 0.001918 0.000759 0.000628 0.000048
0 0.001974 0.001362 0.000517 0.000048
0 0.001991 0.001300 0.000482 0.000041
0 0.001977 0.001393 0.000510 0.000053
0 0.001981 0.001422 0.000502 0.000048
0 0.002037 0.001211 0.000390 0.000041
0 0.002029 0.001180 0.000407 0.000058
0 0.002052 0.001132 0.000361 0.000045
0 0.002040 0.001054 0.000384 0.000052
0 0.002022 0.001121 0.000420 0.000041
0 0.002018 0.001098 0.000428 0.000043
0 0.002014 0.001066 0.000437 0.000045
0 0.002030 0.000999 0.000404 0.000052
0 0.002024 0.000968 0.000416 0.000043
0 0.002020 0.000943 0.000424 0.000052
0 0.002006 0.001012 0.000452 0.000039
0 0.002017 0.001004 0.000431 0.000038
0 0.002015 0.000912 0.000433 0.000055
0 0.002013 0.000886 0.000438 0.000055
0 0.002010 0.000857 0.000445 0.000041
0 0.002007 0.000832 0.000451 0.000046
0 0.002000 0.000986 0.000464 0.000046
0 0.001996 0.000958 0.000471 0.000048
0 0.001991 0.000931 0.000483 0.000055
0 0.001989 0.000898 0.000486 0.000052
0 0.001986 0.000879 0.000493 0.000045
0 0.001999 0.000773 0.000466 0.000048
0 0.001980 0.000843 0.000504 0.000052
0 0.001972 0.000785 0.000520 0.000048
0 0.002001 0.001387 0.000461 0.000050
0 0.001982 0.000033 0.000500 0.000052
0 0.001967 0.000048 0.000529 0.000069
0 0.001468 0.002167 0.001529 0.000058
0 0.001803 0.000199 0.000859 0.000062
0 0.001629 0.000479 0.001207 0.000072
0 0.001636 0.000469 0.001193 0.000076
0 0.001719 0.000680 0.001027 0.000058
0 0.001769 0.000604 0.000926 0.000057
0 0.001792 0.000726 0.000880 0.000055
0 0.001814 0.000515 0.000837 0.000062
0 0.001810 0.000592 0.000845 0.000033
0 0.001826 0.000722 0.000811 0.000039
0 0.001797 0.000318 0.000869 0.000062
0 0.001797 0.000296 0.000871 0.000053
0 0.001797 0.000214 0.000869 0.000060
0 0.001826 0.000350 0.000812 0.000072
0 0.001808 0.000183 0.000849 0.000057
0 0.001862 0.000079 0.000741 0.000082
0 0.001818 0.000165 0.000829 0.000048
0 0.001823 0.000149 0.000818 0.000055
0 0.001829 0.000140 0.000806 0.000057
0 0.001833 0.000330 0.000799 0.000065
0 0.001840 0.000319 0.000784 0.000065
0 0.001835 0.000122 0.000794 0.000062
0 0.001846 0.000313 0.000772 0.000067
0 0.001851 0.000305 0.000762 0.000060
0 0.001840 0.000113 0.000783 0.000086
0 0.001857 0.000294 0.000750 0.000060
0 0.001864 0.000329 0.000736 0.000084
0 0.001847 0.000094 0.000770 0.000079
0 0.001620 0.000485 0.001225 0.000077
0 0.001610 0.000473 0.001244 0.000101
0 0.001603 0.000495 0.001258 0.000081
0 0.001595 0.000528 0.001274 0.000074
0 0.008103 0.001635 0.015044 0.001169
0 0.008203 0.001564 0.014844 0.001140
0 0.008283 0.001450 0.014685 0.001142
0 0.008353 0.001337 0.014543 0.001118
0 0.008435 0.001223 0.014379 0.001128
0 0.008512 0.001080 0.014227 0.001106
0 0.008583 0.000920 0.014084 0.001075
0 0.008639 0.000792 0.013972 0.001071
0 0.008697 0.000673 0.013855 0.001058
0 0.001408 0.000657 0.001648 0.000094
0 0.001437 0.000319 0.001591 0.000076
0 0.001447 0.000303 0.001571 0.000074
0 0.001458 0.000301 0.001549 0.000070
0 0.001473 0.000443 0.001518 0.000034
0 0.001452 0.000738 0.001560 0.000048
0 0.001457 0.000726 0.001549 0.000052
0 0.001464 0.000720 0.001536 0.000046
0 0.001542 0.000602 0.001380 0.000067
0 0.001549 0.000596 0.001365 0.000076
0 0.001558 0.000581 0.001349 0.000060
0 0.001564 0.000572 0.001335 0.000065
0 0.001572 0.000558 0.001321 0.000076
0 0.001580 0.000551 0.001304 0.000069
0 0.001588 0.000543 0.001288 0.000058
0 0.001587 0.000402 0.001291 0.000082
0 0.001855 0.000081 0.000755 0.000072
0 0.001880 0.000299 0.000704 0.000079
0 0.001963 0.000065 0.000539 0.000072
0 0.001954 0.000652 0.000557 0.000034
0 0.001918 0.000733 0.000628 0.000041
0 0.001927 0.000449 0.000610 0.000050
0 0.001928 0.000486 0.000607 0.000048
0 0.001932 0.000508 0.000599 0.000048
0 0.001938 0.000541 0.000588 0.000052
0 0.001940 0.000567 0.000584 0.000046
0 0.001945 0.000593 0.000574 0.000053
0 0.001946 0.000410 0.000573 0.000048
0 0.001936 0.000359 0.000592 0.000045
0 0.001933 0.000328 0.000597 0.000048
0 0.001932 0.000275 0.000600 0.000055
0 0.001947 0.000099 0.000570 0.000057
0 0.001956 0.000677 0.000553 0.000053
0 0.001868 0.000402 0.000729 0.000065
0 0.001960 0.000501 0.000545 0.000041
0 0.001968 0.000551 0.000529 0.000045
0 0.001967 0.000581 0.000529 0.000050
0 0.001975 0.000610 0.000514 0.000036
0 0.001979 0.000631 0.000506 0.000036
0 0.001982 0.000664 0.000500 0.000048
0 0.001986 0.000691 0.000493 0.000050
0 0.001994 0.000742 0.000476 0.000041
0 0.001971 0.000259 0.000521 0.000048
0 0.001965 0.000210 0.000535 0.000043
0 0.001977 0.000279 0.000510 0.000039
0 0.001981 0.000311 0.000501 0.000045
0 0.001911 0.000371 0.000642 0.000058
0 0.001935 0.000103 0.000594 0.000069
0 0.001925 0.000138 0.000614 0.000046
0 0.001916 0.000149 0.000632 0.000053
0 0.001856 0.000492 0.000752 0.000036
0 0.001844 0.000458 0.000777 0.000034
0 0.001865 0.000568 0.000734 0.000052
0 0.001869 0.000604 0.000725 0.000046
0 0.001875 0.000624 0.000714 0.000039
0 0.001877 0.000662 0.000710 0.000046
0 0.001884 0.000685 0.000696 0.000041
0 0.001885 0.000716 0.000694 0.000045
0 0.001891 0.000737 0.000683 0.000041
0 0.001878 0.000447 0.000708 0.000029
0 0.001882 0.000470 0.000700 0.000038
0 0.001892 0.000562 0.000680 0.000039
0 0.001894 0.000586 0.000675 0.000045
0 0.001903 0.000624 0.000659 0.000036
0 0.001905 0.000644 0.000654 0.000038
0 0.001908 0.000676 0.000649 0.000043
0 0.001910 0.000697 0.000644 0.000045
0 0.001888 0.000288 0.000688 0.000082
0 0.001884 0.000216 0.000695 0.000058
0 0.001887 0.000198 0.000690 0.000077
0 0.001895 0.000184 0.000674 0.000065
0 0.001903 0.000173 0.000658 0.000057
0 0.001874 0.000059 0.000716 0.000074
0 0.001881 0.000045 0.000703 0.000072
0 0.001910 0.000159 0.000644 0.000053
0 0.001903 0.000853 0.000657 0.000055
0 0.001900 0.000828 0.000664 0.000043
0 0.001898 0.000800 0.000668 0.000038
0 0.001523 0.001840 0.001419 0.000074
0 0.001459 0.002084 0.001546 0.000062
0 0.001499 0.001495 0.001467 0.000060
0 0.001525 0.001429 0.001413 0.000064
0 0.001528 0.001477 0.001409 0.000041
0 0.001529 0.001502 0.001407 0.000052
0 0.001500 0.001569 0.001465 0.000064
0 0.001504 0.001608 0.001456 0.000067
0 0.001510 0.001641 0.001444 0.000053
0 0.001511 0.001681 0.001442 0.000076
0 0.001517 0.001720 0.001430 0.000048
0 0.001518 0.001760 0.001428 0.000062
0 0.001528 0.001786 0.001408 0.000034
0 0.001531 0.001868 0.001403 0.000048
0 0.001567 0.001922 0.001331 0.000057
0 0.001534 0.001915 0.001396 0.000046
0 0.001534 0.001951 0.001396 0.000052
0 0.001539 0.001991 0.001387 0.000064
0 0.001544 0.002025 0.001376 0.000053
0 0.001546 0.002066 0.001372 0.000053
0 0.001534 0.001538 0.001397 0.000052
0 0.001535 0.001573 0.001394 0.000055
0 0.001540 0.001611 0.001384 0.000055
0 0.001544 0.001680 0.001375 0.000043
0 0.001548 0.001714 0.001369 0.000046
0 0.001560 0.001777 0.001345 0.000045
0 0.001556 0.001823 0.001352 0.000058
0 0.001455 0.002006 0.001555 0.000060
0 0.001454 0.001928 0.001557 0.000048
0 0.001442 0.001855 0.001579 0.000074
0 0.001439 0.001816 0.001587 0.000060
0 0.001302 0.001162 0.001860 0.000069
0 0.001295 0.001274 0.001875 0.000096
0 0.001249 0.001221 0.001966 0.000045
0 0.001332 0.001672 0.001801 0.000110
0 0.001344 0.001829 0.001777 0.000127
0 0.001325 0.001475 0.001814 0.000069
0 0.001329 0.001512 0.001807 0.000060
0 0.001334 0.001586 0.001797 0.000060
0 0.001350 0.001807 0.001764 0.000057
0 0.001357 0.001880 0.001750 0.000038
0 0.001362 0.001921 0.001741 0.000048
0 0.001362 0.001954 0.001741 0.000058
0 0.001371 0.002066 0.001723 0.000052
0 0.001358 0.002001 0.001748 0.000098
0 0.001384 0.001454 0.001697 0.000055
0 0.001391 0.001527 0.001683 0.000046
0 0.001394 0.001604 0.001676 0.000062
0 0.001417 0.001518 0.001631 0.000055
0 0.001423 0.001552 0.001619 0.000045
0 0.001422 0.001590 0.001620 0.000062
0 0.001430 0.001668 0.001605 0.000060
0 0.001432 0.001704 0.001599 0.000057
0 0.001434 0.001745 0.001597 0.000057
0 0.001437 0.001780 0.001590 0.000064
0 0.001423 0.001969 0.001617 0.000057
0 0.001561 0.001886 0.001343 0.000057
0 0.001569 0.001961 0.001326 0.000048
0 0.001894 0.000771 0.000676 0.000055
0 0.001835 0.001676 0.000794 0.000038
0 0.001721 0.001861 0.001023 0.000048
0 0.001708 0.001444 0.001048 0.000045
0 0.001710 0.001475 0.001044 0.000055
0 0.001718 0.001509 0.001029 0.000055
0 0.001720 0.001581 0.001025 0.000057
0 0.001729 0.001650 0.001007 0.000055
0 0.001738 0.001716 0.000987 0.000050
0 0.001744 0.001790 0.000976 0.000043
0 0.001743 0.001829 0.000979 0.000065
0 0.001785 0.001488 0.000894 0.000053
0 0.001796 0.001594 0.000872 0.000043
0 0.001816 0.001736 0.000833 0.000079
0 0.001826 0.001597 0.000812 0.000055
0 0.001578 0.002030 0.001308 0.000055
0 0.001820 0.001556 0.000825 0.000055
0 0.001882 0.001458 0.000700 0.000058
0 0.001883 0.001496 0.000698 0.000072
0 0.001893 0.001523 0.000679 0.000052
0 0.001894 0.001556 0.000676 0.000064
0 0.001912 0.001450 0.000641 0.000050
0 0.001915 0.001478 0.000635 0.000050
0 0.001919 0.001520 0.000626 0.000050
0 0.001904 0.001578 0.000656 0.000072
0 0.001320 0.002178 0.001825 0.000101
0 0.001360 0.002184 0.001745 0.000065
0 0.001441 0.002194 0.001582 0.000052
0 0.001719 0.001828 0.001027 0.000050
0 0.001716 0.001784 0.001033 0.000058
0 0.001709 0.001708 0.001046 0.000058
0 0.001704 0.001681 0.001055 0.000058
0 0.001557 0.002090 0.001350 0.000084
0 0.001596 0.001538 0.001273 0.000039
0 0.001599 0.001575 0.001267 0.000043
0 0.001602 0.001608 0.001261 0.000050
0 0.001609 0.001641 0.001247 0.000043
0 0.001615 0.001735 0.001235 0.000060
0 0.001615 0.001437 0.001234 0.000052
0 0.001617 0.001472 0.001230 0.000046
0 0.001621 0.001506 0.001223 0.000045
0 0.001627 0.001539 0.001209 0.000039
0 0.001629 0.001572 0.001207 0.000043
0 0.001634 0.001635 0.001197 0.000060
0 0.001636 0.001678 0.001191 0.000041
0 0.001641 0.001702 0.001183 0.000050
0 0.001644 0.001767 0.001176 0.000062
0 0.001649 0.001806 0.001167 0.000045
0 0.001656 0.001831 0.001153 0.000043
0 0.001629 0.001872 0.001206 0.000057
0 0.001632 0.001909 0.001199 0.000041
0 0.001639 0.001973 0.001187 0.000041
0 0.001678 0.001438 0.001109 0.000053
0 0.001684 0.001477 0.001097 0.000052
0 0.001684 0.001511 0.001097 0.000048
0 0.001691 0.001577 0.001083 0.000064
0 0.001699 0.001618 0.001067 0.000043
0 0.001312 0.001396 0.001840 0.000110
0 0.001313 0.001295 0.001838 0.000041
0 0.001316 0.001331 0.001831 0.000055
0 0.001695 0.001339 0.001075 0.000048
0 0.001754 0.001229 0.000957 0.000043
0 0.001751 0.001197 0.000962 0.000052
0 0.001744 0.001155 0.000976 0.000057
0 0.001770 0.001115 0.000925 0.000057
0 0.001765 0.001086 0.000934 0.000057
0 0.001758 0.001048 0.000948 0.000053
0 0.001736 0.001086 0.000993 0.000050
0 0.001758 0.001009 0.000949 0.000064
0 0.001752 0.000950 0.000960 0.000043
0 0.001732 0.001009 0.001001 0.000043
0 0.001730 0.000796 0.001005 0.000070
0 0.001711 0.000864 0.001043 0.000055
0 0.001674 0.001411 0.001116 0.000055
0 0.001321 0.001409 0.001822 0.000039
0 0.001669 0.001377 0.001126 0.000062
0 0.001693 0.001308 0.001079 0.000045
0 0.001683 0.001244 0.001098 0.000046
0 0.001681 0.001199 0.001102 0.000060
0 0.001677 0.001173 0.001110 0.000048
0 0.001659 0.001235 0.001147 0.000055
0 0.001671 0.001133 0.001122 0.000055
0 0.001654 0.001208 0.001157 0.000046
0 0.001652 0.001166 0.001160 0.000038
0 0.001648 0.001139 0.001169 0.000053
0 0.001669 0.001038 0.001127 0.000039
0 0.001641 0.001072 0.001181 0.000043
0 0.001772 0.001158 0.000919 0.000060
0 0.001778 0.001189 0.000908 0.000046
0 0.001762 0.001276 0.000941 0.000041
0 0.001795 0.001338 0.000875 0.000041
0 0.001889 0.001279 0.000686 0.000055
0 0.001893 0.001312 0.000679 0.000065
0 0.001897 0.001348 0.000670 0.000052
0 0.001903 0.001383 0.000658 0.000053
0 0.001909 0.001409 0.000646 0.000036
0 0.001879 0.001424 0.000707 0.000046
0 0.001874 0.001390 0.000717 0.000050
0 0.001871 0.001360 0.000723 0.000048
0 0.001878 0.001188 0.000708 0.000048
0 0.001860 0.001253 0.000744 0.000045
0 0.001854 0.001227 0.000756 0.000053
0 0.001850 0.001190 0.000764 0.000058
0 0.001845 0.001161 0.000775 0.000058
0 0.001864 0.001084 0.000737 0.000057
0 0.001856 0.001016 0.000752 0.000062
0 0.001849 0.000949 0.000767 0.000060
0 0.001821 0.000994 0.000821 0.000065
0 0.001822 0.000968 0.000821 0.000043
0 0.001842 0.000883 0.000780 0.000036
0 0.001818 0.000922 0.000828 0.000052
0 0.001828 0.000789 0.000809 0.000060
0 0.001825 0.000750 0.000815 0.000055
0 0.001800 0.000792 0.000864 0.000046
0 0.001798 0.001387 0.000869 0.000052
0 0.001774 0.001415 0.000917 0.000055
0 0.001653 0.000969 0.001158 0.000057
0 0.001653 0.000898 0.001158 0.000048
0 0.001627 0.000966 0.001209 0.000057
0 0.001533 0.000796 0.001399 0.000101
0 0.001515 0.000823 0.001435 0.000098
0 0.001507 0.000835 0.001451 0.000091
0 0.001497 0.000841 0.001470 0.000093
0 0.001500 0.001157 0.001464 0.000058
0 0.001504 0.001195 0.001457 0.000062
0 0.001507 0.001229 0.001451 0.000055
0 0.001510 0.001299 0.001443 0.000050
0 0.001519 0.001365 0.001427 0.000041
0 0.001524 0.001406 0.001416 0.000041
0 0.001482 0.001343 0.001500 0.000065
0 0.001485 0.001383 0.001494 0.000057
0 0.001489 0.001417 0.001486 0.000064
0 0.001482 0.001259 0.001500 0.000045
0 0.001482 0.001230 0.001500 0.000033
0 0.001473 0.001188 0.001518 0.000045
0 0.001462 0.001120 0.001539 0.000064
0 0.001463 0.001095 0.001538 0.000036
0 0.001476 0.001083 0.001511 0.000033
0 0.001461 0.001046 0.001541 0.000058
0 0.001403 0.001283 0.001658 0.000050
0 0.001405 0.001353 0.001655 0.000065
0 0.001410 0.001424 0.001645 0.000067
0 0.001371 0.001316 0.001723 0.000053
0 0.001370 0.001277 0.001724 0.000053
0 0.001344 0.001120 0.001777 0.000065
0 0.001525 0.000811 0.001415 0.000088
0 0.001543 0.000773 0.001379 0.000103
0 0.001648 0.000832 0.001169 0.000043
0 0.001553 0.000767 0.001358 0.000091
0 0.001645 0.000785 0.001175 0.000069
0 0.001601 0.000847 0.001262 0.000067
0 0.001613 0.001408 0.001238 0.000052
0 0.001605 0.001374 0.001254 0.000043
0 0.001607 0.001344 0.001249 0.000050
0 0.001583 0.001406 0.001297 0.000045
0 0.001578 0.001383 0.001309 0.000046
0 0.001601 0.001281 0.001263 0.000041
0 0.001574 0.001348 0.001316 0.000058
0 0.001572 0.001312 0.001320 0.000058
0 0.001570 0.001275 0.001324 0.000057
0 0.001596 0.001242 0.001273 0.000053
0 0.001593 0.001213 0.001279 0.000046
0 0.001589 0.001174 0.001286 0.000048
0 0.001565 0.001249 0.001335 0.000057
0 0.001563 0.001210 0.001339 0.000033
0 0.001582 0.001109 0.001300 0.000062
0 0.001579 0.001042 0.001306 0.000045
0 0.001558 0.001143 0.001348 0.000036
0 0.001556 0.001113 0.001353 0.000045
0 0.001552 0.001075 0.001361 0.000048
0 0.001541 0.001016 0.001382 0.000055
0 0.001524 0.000958 0.001417 0.000072
0 0.001562 0.000744 0.001340 0.000094
0 0.001572 0.000889 0.001321 0.000050
0 0.008026 0.001684 0.015197 0.001090