0 0.011980 0.001910 0.020682 0.000050
0 0.010924 0.001299 0.018331 0.000107
0 0.010913 0.001270 0.018352 0.000105
0 0.010895 0.001249 0.018389 0.000105
0 0.010880 0.001224 0.018418 0.000102
0 0.010828 0.001162 0.018522 0.000112
0 0.010716 0.001406 0.018746 0.000093
0 0.010726 0.001379 0.018726 0.000102
0 0.010743 0.001359 0.018693 0.000106
0 0.010810 0.001454 0.018559 0.000110
0 0.010753 0.001326 0.018672 0.000107
0 0.010386 0.001472 0.019407 0.000112
0 0.010291 0.001584 0.019596 0.000115
0 0.010278 0.001557 0.019623 0.000103
0 0.010261 0.001539 0.019657 0.000106
0 0.010238 0.001535 0.019702 0.000108
0 0.010204 0.001651 0.019771 0.000104
0 0.010224 0.001515 0.019731 0.000107
0 0.010169 0.001619 0.019840 0.000108
0 0.010881 0.001420 0.018416 0.000133
0 0.010947 0.001143 0.018284 0.000110
0 0.010115 0.001565 0.019949 0.000112
0 0.010962 0.001168 0.018255 0.000106
0 0.010900 0.001622 0.018379 0.000096
0 0.010915 0.001602 0.018348 0.000104
0 0.010795 0.001651 0.018588 0.000095
0 0.010807 0.001621 0.018564 0.000094
0 0.010818 0.001594 0.018542 0.000095
0 0.010736 0.001569 0.018706 0.000094
0 0.010712 0.001585 0.018754 0.000099
0 0.010702 0.001612 0.018774 0.000097
0 0.010603 0.001647 0.018973 0.000099
0 0.010631 0.001646 0.018916 0.000095
0 0.010623 0.001594 0.018933 0.000100
0 0.010650 0.001493 0.018879 0.000098
0 0.010672 0.001482 0.018834 0.000102
0 0.010959 0.001343 0.018261 0.000108
0 0.010940 0.001333 0.018299 0.000083
0 0.010980 0.001259 0.018219 0.000071
0 0.010978 0.001189 0.018223 0.000110
0 0.010153 0.001610 0.019873 0.000092
0 0.010124 0.001497 0.019931 0.000105
0 0.010228 0.001704 0.019723 0.000105
0 0.010489 0.000638 0.019201 0.000113
0 0.010570 0.000580 0.019038 0.000115
0 0.010555 0.000559 0.019069 0.000112
0 0.010479 0.000607 0.019220 0.000110
0 0.010455 0.000593 0.019268 0.000106
0 0.010506 0.000491 0.019166 0.000116
0 0.010497 0.000464 0.019186 0.000108
0 0.010477 0.000444 0.019225 0.000113
0 0.010438 0.000570 0.019302 0.000110
0 0.010376 0.000606 0.019427 0.000096
0 0.010395 0.000500 0.019389 0.000105
0 0.010380 0.000471 0.019418 0.000109
0 0.010448 0.000396 0.019282 0.000107
0 0.010410 0.000353 0.019358 0.000116
0 0.010401 0.000325 0.019377 0.000106
0 0.010365 0.000285 0.019448 0.000109
0 0.010349 0.000436 0.019481 0.000106
0 0.010303 0.000513 0.019573 0.000100
0 0.010441 0.000704 0.019297 0.000105
0 0.010501 0.000664 0.019176 0.000112
0 0.010112 0.001449 0.019955 0.000108
0 0.010514 0.000696 0.019150 0.000110
0 0.010128 0.001096 0.019922 0.000114
0 0.010105 0.001080 0.019969 0.000121
0 0.010931 0.001120 0.018316 0.000108
0 0.010916 0.001097 0.018347 0.000113
0 0.010900 0.001077 0.018379 0.000109
0 0.010885 0.001051 0.018408 0.000109
0 0.010870 0.001029 0.018438 0.000109
0 0.010855 0.001006 0.018469 0.000108
0 0.010784 0.001094 0.018610 0.000110
0 0.010772 0.001068 0.018635 0.000109
0 0.010761 0.001046 0.018657 0.000077
0 0.010746 0.001022 0.018687 0.000076
0 0.010840 0.000982 0.018499 0.000108
0 0.010824 0.000960 0.018530 0.000109
0 0.010808 0.000935 0.018562 0.000112
0 0.010788 0.000918 0.018602 0.000110
0 0.010722 0.000998 0.018734 0.000114
0 0.010889 0.001652 0.018401 0.000096
0 0.010252 0.001710 0.019675 0.000110
0 0.011959 0.001949 0.020725 0.000056
0 0.011607 0.001965 0.021428 0.000054
0 0.011585 0.001945 0.021473 0.000052
0 0.011568 0.001935 0.021507 0.000059
0 0.011554 0.001922 0.021534 0.000047
0 0.011543 0.001902 0.021557 0.000050
0 0.011317 0.001894 0.022010 0.000038
0 0.011285 0.001484 0.022073 0.000077
0 0.011331 0.001493 0.021980 0.000078
0 0.011304 0.001648 0.022035 0.000073
0 0.011402 0.001773 0.021838 0.000069
0 0.011431 0.001717 0.021780 0.000070
0 0.011460 0.001657 0.021723 0.000076
0 0.011431 0.001771 0.021781 0.000069
0 0.011461 0.001704 0.021720 0.000078
0 0.011492 0.001646 0.021658 0.000069
0 0.011474 0.001842 0.021695 0.000073
0 0.011516 0.001863 0.021611 0.000069
0 0.011558 0.001868 0.021527 0.000048
0 0.011594 0.001953 0.021455 0.000058
0 0.011524 0.001897 0.021594 0.000054
0 0.011552 0.001795 0.021540 0.000074
0 0.011678 0.002024 0.021288 0.000059
0 0.011831 0.002137 0.020981 0.000049
0 0.011803 0.002068 0.021037 0.000067
0 0.011806 0.002126 0.021030 0.000059
0 0.011797 0.002111 0.021049 0.000055
0 0.011782 0.002103 0.021078 0.000050
0 0.011771 0.002093 0.021102 0.000051
0 0.011778 0.002015 0.021086 0.000068
0 0.011758 0.002075 0.021127 0.000046
0 0.011747 0.002047 0.021148 0.000077
0 0.011738 0.001963 0.021167 0.000069
0 0.011732 0.002032 0.021179 0.000083
0 0.011715 0.002049 0.021213 0.000050
0 0.011727 0.002006 0.021189 0.000048
0 0.011715 0.001996 0.021212 0.000054
0 0.011703 0.002037 0.021237 0.000052
0 0.011700 0.001987 0.021244 0.000058
0 0.011692 0.002030 0.021258 0.000046
0 0.011554 0.001829 0.021534 0.000075
0 0.011514 0.001773 0.021615 0.000071
0 0.010270 0.001730 0.019639 0.000113
0 0.010765 0.001691 0.018649 0.000094
0 0.010732 0.001970 0.018714 0.000105
0 0.010719 0.001995 0.018740 0.000108
0 0.010627 0.001863 0.018925 0.000107
0 0.010629 0.001820 0.018921 0.000105
0 0.010637 0.001785 0.018904 0.000097
0 0.010646 0.001754 0.018887 0.000096
0 0.010688 0.001684 0.018803 0.000100
0 0.010530 0.001861 0.019119 0.000106
0 0.010522 0.001802 0.019134 0.000096
0 0.010538 0.001780 0.019103 0.000099
0 0.010554 0.001717 0.019071 0.000099
0 0.010574 0.001698 0.019030 0.000096
0 0.010585 0.001668 0.019009 0.000097
0 0.010417 0.001765 0.019345 0.000107
0 0.010348 0.001808 0.019483 0.000087
0 0.010330 0.001780 0.019519 0.000104
0 0.010382 0.001677 0.019414 0.000105
0 0.010778 0.001672 0.018623 0.000103
0 0.010878 0.001679 0.018422 0.000094
0 0.011524 0.001698 0.021596 0.000070
0 0.010868 0.001710 0.018442 0.000103
0 0.012124 0.001608 0.020395 0.000068
0 0.012145 0.001627 0.020353 0.000039
0 0.012191 0.001753 0.020260 0.000037
0 0.011766 0.000945 0.021111 0.000042
0 0.011813 0.001004 0.021017 0.000044
0 0.011798 0.000994 0.021047 0.000057
0 0.011696 0.000652 0.021252 0.000088
0 0.011201 0.001262 0.022240 0.000049
0 0.011756 0.000491 0.021131 0.000049
0 0.011591 0.000407 0.021460 0.000076
0 0.011561 0.000464 0.021520 0.000073
0 0.011532 0.000527 0.021578 0.000071
0 0.011489 0.000450 0.021665 0.000075
0 0.010814 0.001810 0.018550 0.000093
0 0.010828 0.001785 0.018522 0.000100
0 0.010840 0.001759 0.018498 0.000099
0 0.010855 0.001738 0.018469 0.000099
0 0.010309 0.000392 0.019560 0.000116