0 0.011429 0.001219 0.021785 0.000029
0 0.010793 0.001101 0.018594 0.000113
0 0.010702 0.000508 0.018775 0.000068
0 0.010702 0.000541 0.018775 0.000068
0 0.010698 0.000575 0.018782 0.000068
0 0.010698 0.000610 0.018782 0.000068
0 0.010696 0.000642 0.018787 0.000070
0 0.010694 0.000708 0.018791 0.000070
0 0.010692 0.000743 0.018794 0.000066
0 0.010696 0.000776 0.018787 0.000070
0 0.010688 0.000844 0.018803 0.000072
0 0.010687 0.000881 0.018805 0.000068
0 0.010614 0.000489 0.018950 0.000064
0 0.010615 0.000621 0.018948 0.000068
0 0.010613 0.000652 0.018953 0.000066
0 0.010600 0.000715 0.018978 0.000068
0 0.010596 0.000847 0.018987 0.000066
0 0.010589 0.001079 0.019001 0.000066
0 0.010587 0.001112 0.019005 0.000070
0 0.010590 0.001148 0.018999 0.000059
0 0.010588 0.001248 0.019003 0.000068
0 0.010585 0.001280 0.019008 0.000070
0 0.010184 0.001032 0.019811 0.000078
0 0.010182 0.001068 0.019815 0.000076
0 0.010180 0.001141 0.019818 0.000082
0 0.010177 0.001181 0.019825 0.000084
0 0.010177 0.001221 0.019825 0.000082
0 0.010790 0.001183 0.018598 0.000117
0 0.010796 0.001056 0.018587 0.000109
0 0.010175 0.001378 0.019829 0.000084
0 0.010797 0.001017 0.018584 0.000105
0 0.010537 0.000288 0.019104 0.000105
0 0.010550 0.000147 0.019079 0.000113
0 0.010566 0.000147 0.019047 0.000105
0 0.010585 0.000160 0.019008 0.000107
0 0.010605 0.000159 0.018969 0.000113
0 0.010626 0.000159 0.018927 0.000113
0 0.010650 0.000162 0.018879 0.000103
0 0.010672 0.000161 0.018835 0.000113
0 0.010766 0.000261 0.018646 0.000107
0 0.010784 0.000239 0.018610 0.000158
0 0.010803 0.000240 0.018573 0.000156
0 0.010821 0.000242 0.018536 0.000156
0 0.010840 0.000267 0.018499 0.000107
0 0.010857 0.000244 0.018465 0.000160
0 0.010895 0.000272 0.018389 0.000109
0 0.010819 0.000610 0.018541 0.000109
0 0.010817 0.000650 0.018545 0.000107
0 0.010814 0.000689 0.018550 0.000107
0 0.010813 0.000730 0.018552 0.000107
0 0.010809 0.000774 0.018561 0.000105
0 0.010807 0.000814 0.018564 0.000107
0 0.010805 0.000851 0.018568 0.000115
0 0.010804 0.000893 0.018571 0.000113
0 0.010802 0.000935 0.018575 0.000113
0 0.010799 0.000973 0.018580 0.000109
0 0.010176 0.001335 0.019827 0.000088
0 0.010175 0.001418 0.019829 0.000082
0 0.011435 0.001156 0.021774 0.000018
0 0.011405 0.000735 0.021834 0.000039
0 0.011401 0.000796 0.021840 0.000041
0 0.011389 0.000790 0.021866 0.000041
0 0.011391 0.000741 0.021861 0.000037
0 0.011379 0.000734 0.021884 0.000045
0 0.011364 0.000730 0.021914 0.000041
0 0.011339 0.000788 0.021965 0.000037
0 0.011305 0.000660 0.022034 0.000023
0 0.011303 0.000681 0.022036 0.000025
0 0.011303 0.000703 0.022036 0.000023
0 0.011305 0.000883 0.022034 0.000043
0 0.011303 0.000931 0.022036 0.000041
0 0.011321 0.000881 0.022002 0.000043
0 0.011334 0.000881 0.021974 0.000043
0 0.011332 0.000933 0.021979 0.000045
0 0.011347 0.000890 0.021949 0.000049
0 0.011356 0.000940 0.021930 0.000045
0 0.011372 0.000892 0.021898 0.000037
0 0.011384 0.000893 0.021875 0.000043
0 0.011383 0.000938 0.021877 0.000037
0 0.011394 0.000947 0.021854 0.000039
0 0.011399 0.000894 0.021845 0.000045
0 0.011408 0.000940 0.021827 0.000033
0 0.011422 0.000903 0.021799 0.000049
0 0.011430 0.000945 0.021783 0.000043
0 0.011431 0.001087 0.021781 0.000025
0 0.011412 0.000796 0.021820 0.000045
0 0.011416 0.000735 0.021811 0.000039
0 0.010175 0.001456 0.019829 0.000088
0 0.011429 0.000738 0.021785 0.000039
0 0.010172 0.001495 0.019834 0.000084
0 0.010174 0.001575 0.019832 0.000092
0 0.010172 0.001622 0.019834 0.000092
0 0.010171 0.001659 0.019836 0.000092
0 0.010170 0.001699 0.019838 0.000090
0 0.010170 0.001787 0.019838 0.000094
0 0.011307 0.000396 0.022029 0.000041
0 0.011308 0.000428 0.022027 0.000035
0 0.011308 0.000456 0.022027 0.000039
0 0.011306 0.000484 0.022031 0.000049
0 0.011455 0.000510 0.021732 0.000031
0 0.011455 0.000534 0.021732 0.000027
0 0.011455 0.000559 0.021732 0.000023
0 0.011454 0.000583 0.021735 0.000021
0 0.011454 0.000603 0.021735 0.000025
0 0.011443 0.000636 0.021758 0.000045
0 0.011416 0.000633 0.021811 0.000047
0 0.011819 0.000200 0.021005 0.000043
0 0.011819 0.000226 0.021005 0.000037
0 0.011814 0.000249 0.021014 0.000039
0 0.011814 0.000274 0.021014 0.000031
0 0.011815 0.000299 0.021012 0.000027
0 0.011450 0.000798 0.021744 0.000041
0 0.011447 0.000892 0.021748 0.000041
0 0.011438 0.000795 0.021767 0.000039
0 0.010481 0.000289 0.019217 0.000103