0 0.011451 0.001220 0.021740 0.000084
0 0.010532 0.000466 0.019115 0.000122
0 0.010473 0.000559 0.019233 0.000213
0 0.010485 0.000809 0.019209 0.000219
0 0.010492 0.000550 0.019194 0.000222
0 0.010506 0.000823 0.019167 0.000235
0 0.010512 0.000552 0.019155 0.000222
0 0.010528 0.000822 0.019123 0.000192
0 0.010502 0.001119 0.019175 0.000222
0 0.010529 0.001148 0.019120 0.000228
0 0.010530 0.000536 0.019118 0.000131
0 0.011471 0.001233 0.021701 0.000077
0 0.010532 0.000595 0.019114 0.000131
0 0.010547 0.000649 0.019084 0.000104
0 0.010541 0.000718 0.019096 0.000120
0 0.010549 0.000773 0.019081 0.000127
0 0.010552 0.000832 0.019075 0.000131
0 0.010554 0.000894 0.019071 0.000124
0 0.010567 0.000950 0.019044 0.000118
0 0.010570 0.001011 0.019039 0.000113
0 0.010376 0.000496 0.019428 0.000097
0 0.010364 0.000552 0.019450 0.000095
0 0.010370 0.000621 0.019439 0.000088
0 0.010377 0.000685 0.019425 0.000095
0 0.010077 0.001209 0.020024 0.000084
0 0.010077 0.001272 0.020024 0.000079
0 0.010079 0.001331 0.020021 0.000066
0 0.010077 0.001386 0.020024 0.000068
0 0.010392 0.001646 0.019395 0.000095
0 0.010383 0.001585 0.019413 0.000095
0 0.010393 0.001372 0.019392 0.000084
0 0.010392 0.001305 0.019395 0.000090
0 0.010390 0.001240 0.019399 0.000093
0 0.010389 0.001183 0.019401 0.000086
0 0.010387 0.001117 0.019405 0.000081
0 0.010387 0.001054 0.019405 0.000090
0 0.010386 0.000993 0.019407 0.000095
0 0.010383 0.000929 0.019413 0.000090
0 0.010382 0.000867 0.019414 0.000093
0 0.010380 0.000807 0.019419 0.000090
0 0.010378 0.000747 0.019422 0.000088
0 0.010564 0.001075 0.019051 0.000129
0 0.010570 0.001131 0.019039 0.000127
0 0.010572 0.001195 0.019035 0.000133
0 0.010891 0.000720 0.018397 0.000052
0 0.010945 0.001322 0.018288 0.000079
0 0.011011 0.001210 0.018156 0.000072
0 0.011002 0.001272 0.018174 0.000093
0 0.011042 0.000716 0.018094 0.000084
0 0.011019 0.000481 0.018140 0.000093
0 0.011017 0.000423 0.018144 0.000090
0 0.011012 0.000358 0.018155 0.000111
0 0.011079 0.001162 0.018021 0.000077
0 0.011031 0.001135 0.018117 0.000072
0 0.011083 0.001101 0.018012 0.000072
0 0.011082 0.001226 0.018015 0.000077
0 0.012028 0.000824 0.020586 0.000043
0 0.012150 0.000219 0.020344 0.000063
0 0.012168 0.000585 0.020306 0.000061
0 0.012184 0.000634 0.020275 0.000070
0 0.012179 0.000853 0.020284 0.000063
0 0.011822 0.001222 0.020998 0.000043
0 0.010887 0.001350 0.018404 0.000072
0 0.010886 0.000659 0.018407 0.000057
0 0.010579 0.001253 0.019022 0.000127
0 0.010886 0.000598 0.018406 0.000052
0 0.010579 0.001320 0.019022 0.000129
0 0.010634 0.000465 0.018910 0.000079
0 0.010634 0.000524 0.018910 0.000079
0 0.010642 0.000585 0.018894 0.000084
0 0.010644 0.000643 0.018891 0.000079
0 0.010651 0.000711 0.018876 0.000075
0 0.010655 0.000771 0.018868 0.000081
0 0.010658 0.000835 0.018862 0.000077
0 0.010663 0.000897 0.018854 0.000079
0 0.010664 0.000960 0.018851 0.000084
0 0.010665 0.001023 0.018849 0.000075
0 0.010677 0.001092 0.018824 0.000081
0 0.010678 0.001149 0.018822 0.000077
0 0.010703 0.001330 0.018772 0.000072
0 0.010794 0.000535 0.018590 0.000138
0 0.010805 0.000649 0.018569 0.000131
0 0.010808 0.000708 0.018562 0.000145
0 0.010080 0.001143 0.020019 0.000093