0 0.010393 0.001714 0.019393 0.000290
0 0.010417 0.001670 0.019345 0.000293
0 0.010515 0.001387 0.019149 0.000285
0 0.010465 0.001516 0.019248 0.000282
0 0.010491 0.001453 0.019198 0.000288
0 0.010473 0.001157 0.019233 0.000236
0 0.010488 0.000998 0.019203 0.000231
0 0.010418 0.000922 0.019343 0.000074
0 0.010395 0.000998 0.019389 0.000088
0 0.010398 0.001371 0.019382 0.000248
0 0.010373 0.001066 0.019432 0.000105
0 0.010403 0.001240 0.019373 0.000236
0 0.010345 0.001133 0.019488 0.000085
0 0.010329 0.001201 0.019520 0.000085
0 0.010329 0.001584 0.019521 0.000231
0 0.010315 0.001529 0.019549 0.000233
0 0.010299 0.001273 0.019581 0.000080
0 0.010539 0.001317 0.019101 0.000282
0 0.010561 0.001238 0.019056 0.000285
0 0.010585 0.001170 0.019010 0.000290
0 0.010652 0.000975 0.018875 0.000288
0 0.010439 0.001583 0.019300 0.000279
0 0.010907 0.000326 0.018365 0.000242
0 0.010829 0.000561 0.018520 0.000239
0 0.010733 0.000826 0.018714 0.000222
0 0.010665 0.000352 0.018849 0.000259
0 0.010676 0.000935 0.018827 0.000288
0 0.010630 0.001048 0.018918 0.000296
0 0.010554 0.000807 0.019071 0.000236
0 0.010606 0.001116 0.018967 0.000302
0 0.010537 0.000578 0.019104 0.000074
0 0.010513 0.000648 0.019153 0.000077
0 0.010491 0.000717 0.019196 0.000085
0 0.010464 0.000789 0.019250 0.000068
0 0.010439 0.000863 0.019300 0.000063
0 0.010285 0.001340 0.019609 0.000088