0 0.000867 0.002124 0.001734 0.000060
0 0.000340 0.000977 0.000680 0.000039
0 0.000361 0.000531 0.000722 0.000035
0 0.000353 0.000576 0.000706 0.000031
0 0.000376 0.000720 0.000753 0.000040
0 0.000393 0.000755 0.000787 0.000047
0 0.000895 0.000987 0.001791 0.000040
0 0.000902 0.001094 0.001804 0.000054
0 0.000892 0.001154 0.001784 0.000056
0 0.000385 0.000988 0.000770 0.000034
0 0.000299 0.000973 0.000599 0.000032
0 0.000870 0.001392 0.001740 0.000054
0 0.000261 0.000963 0.000522 0.000039
0 0.000197 0.000993 0.000395 0.000036
0 0.000180 0.001053 0.000359 0.000040
0 0.000183 0.001098 0.000365 0.000041
0 0.000213 0.001124 0.000427 0.000042
0 0.000251 0.001130 0.000501 0.000038
0 0.000877 0.001214 0.001754 0.000054
0 0.000882 0.001274 0.001763 0.000057
0 0.000365 0.000495 0.000730 0.000030
0 0.000183 0.000686 0.000365 0.000030
0 0.000197 0.000583 0.000394 0.000034
0 0.000191 0.000516 0.000383 0.000030
0 0.000758 0.000048 0.001516 0.000059
0 0.000837 0.000068 0.001675 0.000070
0 0.000869 0.000112 0.001737 0.000063
0 0.000924 0.000177 0.001849 0.000029
0 0.000229 0.000207 0.000459 0.000031
0 0.000223 0.000241 0.000446 0.000031
0 0.000410 0.000194 0.000820 0.000037
0 0.000834 0.000245 0.001669 0.000049
0 0.001034 0.000209 0.002069 0.000067
0 0.000219 0.000274 0.000438 0.000032
0 0.000222 0.000309 0.000444 0.000033
0 0.000406 0.000327 0.000812 0.000060
0 0.000407 0.000402 0.000814 0.000074
0 0.000402 0.000470 0.000805 0.000042
0 0.000818 0.000388 0.001636 0.000042
0 0.000800 0.000441 0.001599 0.000072
0 0.001009 0.000373 0.002017 0.000053
0 0.000865 0.001333 0.001729 0.000053
0 0.000719 0.001358 0.001438 0.000042
0 0.000779 0.002121 0.001558 0.000067
0 0.000222 0.001949 0.000444 0.000060
0 0.001004 0.001569 0.002007 0.000041
0 0.000157 0.001727 0.000313 0.000065
0 0.000240 0.001733 0.000479 0.000069
0 0.000312 0.001736 0.000625 0.000067
0 0.000386 0.001740 0.000771 0.000056
0 0.000713 0.001754 0.001425 0.000054
0 0.000809 0.001764 0.001618 0.000065
0 0.000137 0.001949 0.000274 0.000049
0 0.000299 0.001955 0.000598 0.000063
0 0.000285 0.001236 0.000570 0.000032
0 0.000374 0.001960 0.000748 0.000066
0 0.000660 0.001976 0.001319 0.000057
0 0.000744 0.001981 0.001488 0.000066
0 0.000894 0.001989 0.001787 0.000058
0 0.000136 0.002079 0.000273 0.000066
0 0.000238 0.002087 0.000476 0.000069
0 0.000595 0.002111 0.001190 0.000067
0 0.000687 0.002116 0.001374 0.000065
0 0.000928 0.001637 0.001857 0.000032
0 0.000869 0.001506 0.001739 0.000049
0 0.000865 0.001450 0.001730 0.000054
0 0.000837 0.001632 0.001675 0.000033
0 0.000341 0.001398 0.000682 0.000036
0 0.000303 0.001404 0.000607 0.000038
0 0.000225 0.001399 0.000449 0.000042
0 0.000187 0.001387 0.000375 0.000040
0 0.000161 0.001364 0.000322 0.000045
0 0.000151 0.001332 0.000303 0.000031
0 0.000154 0.001288 0.000307 0.000035
0 0.000198 0.001232 0.000396 0.000050
0 0.000176 0.001589 0.000352 0.000068
0 0.000261 0.001594 0.000523 0.000068
0 0.000355 0.001600 0.000711 0.000068
0 0.000713 0.001435 0.001426 0.000038
0 0.000656 0.001579 0.001313 0.000030
0 0.000647 0.001619 0.001294 0.000030
0 0.000692 0.001621 0.001383 0.000031
0 0.000736 0.001625 0.001472 0.000034
0 0.000795 0.001629 0.001589 0.000030
0 0.000128 0.000093 0.000256 0.000041