0 0.011886 0.000898 0.020871 0.000081
0 0.011897 0.001039 0.020848 0.000073
0 0.010366 0.001043 0.019447 0.000360
0 0.010457 0.000934 0.019264 0.000369
0 0.010489 0.000911 0.019200 0.000363
0 0.010520 0.000868 0.019139 0.000363
0 0.010553 0.000843 0.019072 0.000360
0 0.010587 0.000807 0.019005 0.000369
0 0.010617 0.000772 0.018944 0.000363
0 0.010651 0.000738 0.018877 0.000360
0 0.010350 0.001853 0.019479 0.000357
0 0.010427 0.001851 0.019325 0.000360
0 0.010460 0.001831 0.019258 0.000384
0 0.010501 0.001847 0.019177 0.000352
0 0.010531 0.001819 0.019116 0.000360
0 0.010569 0.001822 0.019040 0.000384
0 0.010604 0.001827 0.018970 0.000363
0 0.010642 0.001815 0.018895 0.000357
0 0.010672 0.001798 0.018834 0.000357
0 0.010704 0.001760 0.018770 0.000387
0 0.010735 0.001703 0.018709 0.000337
0 0.010776 0.001690 0.018627 0.000352
0 0.011616 0.002103 0.021412 0.000073
0 0.012009 0.001260 0.020624 0.000073
0 0.012015 0.001184 0.020612 0.000061
0 0.012028 0.001107 0.020586 0.000064
0 0.012028 0.001030 0.020586 0.000061
0 0.012024 0.000955 0.020595 0.000061
0 0.011897 0.001112 0.020848 0.000073
0 0.010238 0.001118 0.019703 0.000352