0 0.010141 0.000791 0.019896 0.000151
0 0.010919 0.001225 0.018341 0.000094
0 0.010859 0.000551 0.018460 0.000044
0 0.010866 0.000622 0.018446 0.000033
0 0.010902 0.000726 0.018374 0.000040
0 0.010960 0.000962 0.018259 0.000030
0 0.010825 0.001165 0.018530 0.000047
0 0.010826 0.001218 0.018526 0.000040
0 0.010825 0.001263 0.018530 0.000037
0 0.010825 0.001314 0.018530 0.000037
0 0.010849 0.001355 0.018480 0.000033
0 0.010456 0.000385 0.019266 0.000040
0 0.010454 0.000549 0.019270 0.000047
0 0.010459 0.000738 0.019260 0.000037
0 0.010916 0.001891 0.018347 0.000268
0 0.010678 0.000395 0.018822 0.000040
0 0.010580 0.001225 0.019019 0.000040
0 0.010563 0.001176 0.019053 0.000044
0 0.010267 0.001369 0.019644 0.000047
0 0.010269 0.001416 0.019640 0.000040
0 0.010201 0.000520 0.019777 0.000137
0 0.010234 0.000382 0.019711 0.000040
0 0.010911 0.001166 0.018356 0.000064
0 0.010855 0.000279 0.018468 0.000044