0 0.011330 0.001532 0.021983 0.000074
0 0.011331 0.001153 0.021981 0.000058
0 0.010961 0.001196 0.018257 0.000217
0 0.011327 0.000779 0.021989 0.000064
0 0.011335 0.000949 0.021972 0.000053
0 0.011330 0.001002 0.021983 0.000053
0 0.011328 0.001052 0.021986 0.000048
0 0.011331 0.001103 0.021981 0.000053
0 0.011333 0.001209 0.021978 0.000064
0 0.010941 0.000106 0.018296 0.000201
0 0.011331 0.001262 0.021981 0.000064
0 0.011333 0.001323 0.021978 0.000058
0 0.011411 0.000888 0.021821 0.000101
0 0.011411 0.001007 0.021821 0.000117
0 0.011409 0.001148 0.021824 0.000101
0 0.011485 0.001082 0.021673 0.000106
0 0.010964 0.000130 0.018251 0.000239
0 0.010812 0.001047 0.018556 0.000239
0 0.011328 0.001474 0.021986 0.000053
0 0.010588 0.001034 0.019003 0.000244
0 0.010366 0.001641 0.019447 0.000408
0 0.010443 0.001010 0.019293 0.000239
0 0.010469 0.001005 0.019240 0.000249
0 0.010515 0.001023 0.019148 0.000254
0 0.010534 0.001413 0.019112 0.000090
0 0.010559 0.001023 0.019061 0.000244
0 0.010608 0.001039 0.018963 0.000244
0 0.010791 0.001055 0.018597 0.000244
0 0.010629 0.001039 0.018922 0.000254
0 0.010654 0.001039 0.018871 0.000254
0 0.010673 0.001039 0.018832 0.000244
0 0.010696 0.001034 0.018787 0.000244
0 0.010718 0.001042 0.018743 0.000249
0 0.010770 0.001076 0.018639 0.000244
0 0.011502 0.001087 0.021640 0.000095
0 0.011517 0.001108 0.021609 0.000095
0 0.011510 0.000570 0.021623 0.000058
0 0.012108 0.001970 0.020427 0.000111
0 0.012152 0.001392 0.020338 0.000111
0 0.012122 0.001599 0.020399 0.000090
0 0.012136 0.001288 0.020371 0.000127
0 0.012108 0.001620 0.020427 0.000101
0 0.012109 0.001723 0.020425 0.000095
0 0.012123 0.001948 0.020397 0.000090
0 0.012119 0.002057 0.020405 0.000095
0 0.011807 0.000594 0.021028 0.000053
0 0.012094 0.001948 0.020455 0.000111
0 0.012080 0.002065 0.020483 0.000101
0 0.012078 0.001948 0.020486 0.000101
0 0.012080 0.001620 0.020483 0.000090
0 0.011330 0.001379 0.021983 0.000053
0 0.011330 0.001429 0.021983 0.000058
0 0.012145 0.001736 0.020352 0.000111
0 0.012161 0.001726 0.020321 0.000101
0 0.012136 0.002062 0.020371 0.000095
0 0.012150 0.002070 0.020344 0.000133
0 0.012162 0.002073 0.020318 0.000117
0 0.012175 0.002073 0.020293 0.000106
0 0.012189 0.002068 0.020265 0.000106
0 0.012204 0.001728 0.020235 0.000095
0 0.012218 0.001728 0.020207 0.000095
0 0.012203 0.002073 0.020237 0.000106
0 0.012231 0.002070 0.020181 0.000101
0 0.012254 0.002073 0.020134 0.000106
0 0.012259 0.001304 0.020126 0.000127
0 0.012190 0.001288 0.020262 0.000106
0 0.012206 0.001029 0.020232 0.000095
0 0.012189 0.000642 0.020265 0.000106
0 0.011842 0.000596 0.020958 0.000058
0 0.010420 0.001005 0.019338 0.000217