0 0.010719 0.001527 0.018740 0.000206
0 0.010587 0.001527 0.019004 0.000215
0 0.010591 0.001322 0.018996 0.000117
0 0.010641 0.001292 0.018897 0.000186
0 0.010670 0.001290 0.018839 0.000201
0 0.010698 0.001307 0.018782 0.000176
0 0.010717 0.001292 0.018744 0.000196
0 0.010746 0.001295 0.018687 0.000191
0 0.010767 0.001285 0.018645 0.000201
0 0.010824 0.001285 0.018530 0.000191
0 0.010534 0.001554 0.019111 0.000201
0 0.010614 0.001532 0.018950 0.000206
0 0.010746 0.001522 0.018687 0.000206
0 0.010775 0.001535 0.018629 0.000210
0 0.010851 0.001650 0.018476 0.000196
0 0.010679 0.000448 0.018820 0.000191
0 0.010798 0.000472 0.018583 0.000191
0 0.010960 0.000480 0.018258 0.000059
0 0.010954 0.000573 0.018270 0.000088
0 0.010950 0.000666 0.018278 0.000069
0 0.010952 0.000742 0.018274 0.000064
0 0.010536 0.001297 0.019107 0.000196
0 0.010821 0.000467 0.018537 0.000210
0 0.010704 0.000450 0.018771 0.000196
0 0.010725 0.000453 0.018729 0.000181
0 0.010947 0.000817 0.018285 0.000059
0 0.010975 0.000896 0.018228 0.000049
0 0.010798 0.001290 0.018583 0.000201
0 0.010643 0.001537 0.018893 0.000206
0 0.010564 0.001297 0.019050 0.000176