0 0.011378 0.001976 0.021886 0.000041
0 0.010523 0.001645 0.019133 0.000087
0 0.010701 0.001768 0.018776 0.000078
0 0.010683 0.001422 0.018813 0.000084
0 0.010655 0.001445 0.018869 0.000087
0 0.010641 0.001304 0.018897 0.000076
0 0.010619 0.001333 0.018941 0.000068
0 0.010604 0.001366 0.018971 0.000076
0 0.010566 0.001415 0.019047 0.000097
0 0.010612 0.001499 0.018955 0.000087
0 0.010571 0.001553 0.019036 0.000076
0 0.010554 0.001445 0.019070 0.000076
0 0.010523 0.001476 0.019133 0.000089
0 0.010508 0.001502 0.019163 0.000081
0 0.010485 0.001529 0.019209 0.000076
0 0.010546 0.001580 0.019087 0.000092
0 0.010544 0.001611 0.019091 0.000084
0 0.010617 0.001729 0.018945 0.000087
0 0.010618 0.001779 0.018943 0.000073
0 0.010694 0.001723 0.018790 0.000081
0 0.010693 0.001679 0.018793 0.000078
0 0.010686 0.001641 0.018806 0.000078
0 0.010622 0.000433 0.018934 0.000146
0 0.010334 0.000733 0.019510 0.000114
0 0.010321 0.001039 0.019536 0.000108
0 0.010376 0.000790 0.019427 0.000119
0 0.010464 0.000484 0.019251 0.000124
0 0.010488 0.000713 0.019202 0.000122
0 0.010519 0.000745 0.019140 0.000122
0 0.010454 0.000871 0.019270 0.000135
0 0.010874 0.001554 0.018431 0.000062
0 0.010720 0.001545 0.018739 0.000038
0 0.010878 0.001596 0.018422 0.000065
0 0.010882 0.001637 0.018415 0.000065
0 0.010878 0.001687 0.018422 0.000051
0 0.010886 0.001752 0.018406 0.000041
0 0.010802 0.001264 0.018575 0.000179
0 0.010777 0.001232 0.018624 0.000181
0 0.010753 0.001158 0.018672 0.000179
0 0.010617 0.001820 0.018945 0.000073
0 0.010509 0.001677 0.019161 0.000087
0 0.011375 0.001944 0.021893 0.000041
0 0.010474 0.001561 0.019230 0.000076
0 0.011301 0.001813 0.022041 0.000043
0 0.011307 0.001837 0.022030 0.000043
0 0.011309 0.001866 0.022025 0.000041
0 0.011312 0.001897 0.022018 0.000038
0 0.011317 0.001921 0.022009 0.000038
0 0.011292 0.001941 0.022060 0.000041
0 0.011297 0.001967 0.022048 0.000038
0 0.011302 0.001993 0.022039 0.000035
0 0.011303 0.002021 0.022037 0.000043
0 0.011308 0.002050 0.022027 0.000046
0 0.011329 0.002004 0.021986 0.000041
0 0.011325 0.001974 0.021993 0.000035
0 0.011322 0.001951 0.022000 0.000032
0 0.011347 0.001671 0.021949 0.000041
0 0.011347 0.001702 0.021949 0.000038
0 0.011342 0.001638 0.021958 0.000041
0 0.011370 0.001895 0.021902 0.000035
0 0.011290 0.001732 0.022062 0.000038
0 0.011293 0.001756 0.022057 0.000049
0 0.011285 0.001887 0.022074 0.000046
0 0.010413 0.001765 0.019353 0.000176
0 0.010461 0.001592 0.019256 0.000084
0 0.010451 0.001621 0.019277 0.000076
0 0.010437 0.001654 0.019304 0.000073
0 0.010495 0.001706 0.019189 0.000078
0 0.010463 0.001726 0.019253 0.000076
0 0.010444 0.001755 0.019290 0.000078
0 0.010408 0.001402 0.019362 0.000108
0 0.010395 0.001763 0.019388 0.000143
0 0.011283 0.001861 0.022076 0.000038
0 0.011208 0.001794 0.022226 0.000043
0 0.011201 0.002073 0.022240 0.000054
0 0.011210 0.002083 0.022222 0.000060
0 0.011231 0.002117 0.022180 0.000062
0 0.011257 0.002147 0.022129 0.000057
0 0.011276 0.002169 0.022090 0.000062
0 0.011274 0.001829 0.022095 0.000043
0 0.010362 0.000917 0.019455 0.000092