0 0.010374 0.001847 0.019431 0.000058
0 0.010362 0.001826 0.019454 0.000055
0 0.010887 0.000985 0.018404 0.000071
0 0.010904 0.000917 0.018370 0.000076
0 0.010946 0.000779 0.018287 0.000074
0 0.010843 0.000769 0.018492 0.000094
0 0.010711 0.000875 0.018757 0.000089
0 0.010719 0.000841 0.018740 0.000089
0 0.010618 0.000869 0.018943 0.000142
0 0.010595 0.000851 0.018988 0.000144
0 0.010573 0.000838 0.019033 0.000141
0 0.010489 0.000966 0.019200 0.000053
0 0.010530 0.000808 0.019119 0.000144
0 0.010443 0.000746 0.019292 0.000142
0 0.010421 0.000732 0.019337 0.000144
0 0.010400 0.000904 0.019379 0.000051
0 0.010377 0.000884 0.019424 0.000055
0 0.010354 0.000870 0.019471 0.000056
0 0.010356 0.000687 0.019467 0.000142
0 0.010311 0.000646 0.019557 0.000141
0 0.010293 0.000637 0.019593 0.000139
0 0.010220 0.000779 0.019739 0.000055
0 0.010046 0.001025 0.020087 0.000061
0 0.010125 0.001090 0.019929 0.000076
0 0.010980 0.000593 0.018218 0.000058
0 0.010534 0.000618 0.019110 0.000071
0 0.010427 0.000539 0.019324 0.000073
0 0.010408 0.000523 0.019362 0.000073
0 0.010394 0.000502 0.019390 0.000074
0 0.010319 0.000458 0.019540 0.000076
0 0.010267 0.000395 0.019645 0.000073
0 0.010881 0.001112 0.018417 0.000050
0 0.010829 0.001113 0.018520 0.000058
0 0.010285 0.001009 0.019608 0.000094
0 0.010357 0.001603 0.019465 0.000071
0 0.010305 0.001967 0.019568 0.000131
0 0.010272 0.001756 0.019634 0.000069
0 0.010202 0.001709 0.019775 0.000069
0 0.010238 0.001919 0.019702 0.000132
0 0.010216 0.001905 0.019747 0.000131
0 0.010195 0.001893 0.019788 0.000132
0 0.010171 0.001871 0.019837 0.000131
0 0.010149 0.001861 0.019880 0.000132
0 0.010054 0.001679 0.020070 0.000053
0 0.010822 0.001315 0.018535 0.000053
0 0.010851 0.001215 0.018477 0.000053
0 0.010626 0.001534 0.018926 0.000053
0 0.010405 0.001635 0.019369 0.000076
0 0.010336 0.001588 0.019506 0.000071
0 0.010301 0.001020 0.019576 0.000094
0 0.010454 0.001459 0.019270 0.000074
0 0.010436 0.001440 0.019307 0.000073
0 0.010402 0.001429 0.019375 0.000074
0 0.010395 0.001402 0.019388 0.000074
0 0.010313 0.001573 0.019553 0.000074
0 0.010351 0.001369 0.019476 0.000074
0 0.010270 0.001538 0.019638 0.000071
0 0.010226 0.001487 0.019726 0.000051
0 0.010311 0.001334 0.019557 0.000071
0 0.010292 0.001320 0.019595 0.000074
0 0.010272 0.001300 0.019634 0.000071
0 0.010283 0.001274 0.019612 0.000053
0 0.010316 0.001031 0.019546 0.000096
0 0.010224 0.000264 0.019730 0.000094