0 0.012191 0.002013 0.020261 0.000055
0 0.010831 0.001653 0.018516 0.000199
0 0.010865 0.001287 0.018449 0.000073
0 0.010891 0.001490 0.018396 0.000062
0 0.011198 0.000047 0.022248 0.000094
0 0.011496 0.000308 0.021650 0.000049
0 0.011502 0.000343 0.021639 0.000051
0 0.011506 0.000375 0.021631 0.000058
0 0.011520 0.000479 0.021602 0.000066
0 0.011527 0.000511 0.021589 0.000060
0 0.011542 0.000654 0.021559 0.000056
0 0.011558 0.000755 0.021527 0.000047
0 0.011567 0.000265 0.021509 0.000045
0 0.011572 0.000300 0.021500 0.000047
0 0.011575 0.000338 0.021494 0.000049
0 0.011582 0.000403 0.021480 0.000055
0 0.011585 0.000442 0.021474 0.000053
0 0.011588 0.000476 0.021466 0.000056
0 0.011593 0.000511 0.021457 0.000060
0 0.011600 0.000543 0.021442 0.000055
0 0.011607 0.000577 0.021430 0.000053
0 0.010858 0.001231 0.018462 0.000077
0 0.010749 0.001759 0.018681 0.000182
0 0.011612 0.000646 0.021419 0.000058
0 0.010727 0.001779 0.018725 0.000188
0 0.010199 0.000903 0.019780 0.000060
0 0.010218 0.001084 0.019743 0.000055
0 0.010283 0.000574 0.019613 0.000171
0 0.010324 0.000506 0.019532 0.000162
0 0.010342 0.000544 0.019495 0.000164
0 0.010349 0.000606 0.019482 0.000171
0 0.010345 0.000715 0.019488 0.000173
0 0.010362 0.000745 0.019455 0.000177
0 0.010377 0.000773 0.019424 0.000173
0 0.010387 0.000844 0.019405 0.000177
0 0.010835 0.000979 0.018509 0.000062
0 0.010842 0.001105 0.018495 0.000073
0 0.010234 0.001217 0.019710 0.000064
0 0.010243 0.001284 0.019693 0.000064
0 0.010268 0.001475 0.019643 0.000058
0 0.010517 0.002028 0.019145 0.000182
0 0.010602 0.001901 0.018974 0.000188
0 0.010644 0.001884 0.018891 0.000192
0 0.010696 0.001417 0.018788 0.000160
0 0.011603 0.000618 0.021437 0.000062
0 0.011625 0.000713 0.021392 0.000056
0 0.012142 0.001740 0.020358 0.000077
0 0.012227 0.000416 0.020188 0.000068
0 0.011939 0.000859 0.020765 0.000053
0 0.011694 0.001275 0.021255 0.000060
0 0.011690 0.001237 0.021262 0.000056
0 0.011673 0.001099 0.021297 0.000055
0 0.011668 0.001065 0.021306 0.000058
0 0.011669 0.001031 0.021305 0.000047
0 0.011658 0.000997 0.021326 0.000064
0 0.011655 0.000963 0.021334 0.000060
0 0.011638 0.000826 0.021367 0.000058
0 0.011635 0.000789 0.021372 0.000051
0 0.011630 0.001309 0.021384 0.000064
0 0.011645 0.001441 0.021352 0.000066
0 0.011575 0.000862 0.021492 0.000055
0 0.011651 0.001487 0.021341 0.000058
0 0.011670 0.001617 0.021304 0.000056
0 0.011678 0.001664 0.021286 0.000045
0 0.012049 0.001909 0.020546 0.000071
0 0.012072 0.001887 0.020499 0.000081
0 0.012101 0.001869 0.020441 0.000071
0 0.012167 0.001408 0.020308 0.000075
0 0.012219 0.000436 0.020206 0.000071
0 0.011808 0.000108 0.021027 0.000058
0 0.012221 0.000627 0.020201 0.000073
0 0.011822 0.000174 0.021000 0.000051
0 0.011826 0.000210 0.020991 0.000055
0 0.011828 0.000247 0.020986 0.000062
0 0.011815 0.000683 0.021012 0.000098
0 0.011872 0.000392 0.020898 0.000058
0 0.011885 0.000486 0.020873 0.000062
0 0.011903 0.000620 0.020837 0.000058
0 0.011907 0.000658 0.020830 0.000068
0 0.012000 0.000713 0.020642 0.000068
0 0.012060 0.000527 0.020522 0.000068
0 0.012085 0.000761 0.020473 0.000066
0 0.012084 0.000456 0.020476 0.000055
0 0.012115 0.000385 0.020412 0.000073
0 0.012146 0.000210 0.020351 0.000085
0 0.012149 0.000169 0.020344 0.000060
0 0.012139 0.000058 0.020366 0.000053
0 0.012180 0.000390 0.020283 0.000085
0 0.012196 0.000493 0.020251 0.000064
0 0.012187 0.000520 0.020268 0.000070
0 0.010080 0.000605 0.020019 0.000051