0 0.008709 0.000168 0.013831 0.000232
0 0.008052 0.001638 0.015146 0.000217
0 0.008243 0.001474 0.014764 0.000111
0 0.008271 0.001635 0.014708 0.000069
0 0.008249 0.001598 0.014753 0.000108
0 0.008224 0.001582 0.014801 0.000109
0 0.008197 0.001554 0.014856 0.000122
0 0.008186 0.001412 0.014879 0.000166
0 0.008149 0.001259 0.014951 0.000293
0 0.008116 0.001493 0.015018 0.000263
0 0.008084 0.001575 0.015083 0.000260
0 0.008000 0.001697 0.015250 0.000148
0 0.008739 0.000349 0.013771 0.000215
0 0.008005 0.002016 0.015241 0.000169
0 0.007999 0.001827 0.015252 0.000119
0 0.008017 0.001970 0.015216 0.000134
0 0.007965 0.001963 0.015319 0.000335
0 0.007946 0.002002 0.015359 0.000319
0 0.007919 0.002038 0.015411 0.000283
0 0.007890 0.002069 0.015470 0.000283
0 0.007900 0.001688 0.015451 0.000102
0 0.007830 0.001747 0.015591 0.000121
0 0.008297 0.001536 0.014656 0.000118
0 0.008288 0.001689 0.014675 0.000091
0 0.008252 0.001112 0.014746 0.000221
0 0.008289 0.001034 0.014672 0.000293
0 0.008747 0.000510 0.013757 0.000218
0 0.008760 0.000666 0.013731 0.000160
0 0.008702 0.001328 0.013847 0.000081
0 0.008681 0.001366 0.013887 0.000078
0 0.008666 0.001398 0.013918 0.000085
0 0.008647 0.001404 0.013956 0.000118
0 0.008638 0.001416 0.013974 0.000094
0 0.008617 0.001419 0.014016 0.000104
0 0.008643 0.000704 0.013963 0.000190
0 0.008601 0.000587 0.014049 0.000045
0 0.008548 0.000541 0.014155 0.000102
0 0.008595 0.000730 0.014060 0.000149
0 0.008547 0.000723 0.014156 0.000209
0 0.008496 0.000792 0.014259 0.000299
0 0.008450 0.000608 0.014351 0.000267
0 0.008476 0.000912 0.014297 0.000262
0 0.008438 0.001044 0.014374 0.000367
0 0.008398 0.000982 0.014454 0.000556
0 0.008333 0.000984 0.014584 0.000320
0 0.007865 0.001721 0.015520 0.000112