0 0.008670 0.001323 0.013911 0.000019
0 0.008275 0.001731 0.014700 0.000021
0 0.008320 0.001429 0.014609 0.000039
0 0.008303 0.001446 0.014645 0.000036
0 0.008298 0.001477 0.014655 0.000044
0 0.008305 0.001500 0.014640 0.000029
0 0.008297 0.001574 0.014657 0.000071
0 0.008280 0.001625 0.014690 0.000033
0 0.008276 0.001665 0.014698 0.000044
0 0.008277 0.001753 0.014695 0.000018
0 0.008146 0.001970 0.014958 0.000071
0 0.008277 0.001773 0.014696 0.000013
0 0.008282 0.001870 0.014686 0.000045
0 0.008252 0.001947 0.014747 0.000082
0 0.008241 0.001945 0.014767 0.000057
0 0.008225 0.001954 0.014800 0.000057
0 0.008207 0.001963 0.014835 0.000059
0 0.008184 0.001961 0.014881 0.000042
0 0.008336 0.001421 0.014578 0.000062
0 0.008455 0.001783 0.014340 0.000027
0 0.008487 0.001703 0.014276 0.000043
0 0.008505 0.001680 0.014240 0.000032
0 0.008653 0.001346 0.013944 0.000027
0 0.008654 0.001371 0.013943 0.000036
0 0.008647 0.001392 0.013956 0.000037
0 0.008637 0.001416 0.013977 0.000037
0 0.008611 0.001430 0.014028 0.000054
0 0.008624 0.001463 0.014002 0.000034
0 0.008597 0.001482 0.014056 0.000047
0 0.008589 0.001503 0.014071 0.000047
0 0.008580 0.001520 0.014090 0.000051
0 0.008567 0.001539 0.014116 0.000057
0 0.008553 0.001565 0.014144 0.000053
0 0.008558 0.001604 0.014134 0.000034
0 0.008534 0.001615 0.014182 0.000047
0 0.008531 0.001643 0.014189 0.000031
0 0.008502 0.001653 0.014245 0.000051
0 0.008167 0.001973 0.014917 0.000082
0 0.008115 0.001982 0.015020 0.000058
0 0.008682 0.001290 0.013886 0.000018
0 0.007910 0.000506 0.015430 0.000044
0 0.008203 0.000232 0.014844 0.000021
0 0.008201 0.000197 0.014847 0.000022
0 0.008194 0.000174 0.014862 0.000023
0 0.007981 0.000536 0.015287 0.000057
0 0.007966 0.000518 0.015319 0.000060
0 0.007948 0.000515 0.015355 0.000057
0 0.007922 0.000511 0.015405 0.000056
0 0.007896 0.000492 0.015458 0.000054
0 0.008069 0.001926 0.015112 0.000041
0 0.007879 0.000470 0.015492 0.000070
0 0.007866 0.000467 0.015518 0.000059
0 0.007849 0.000490 0.015552 0.000034
0 0.007835 0.000491 0.015579 0.000035
0 0.007819 0.000497 0.015611 0.000032
0 0.007818 0.000067 0.015613 0.000058
0 0.007855 0.000284 0.015540 0.000011
0 0.008176 0.000270 0.014898 0.000030
0 0.008207 0.000253 0.014835 0.000021
0 0.008208 0.000294 0.014834 0.000027
0 0.008204 0.000331 0.014841 0.000033
0 0.008060 0.001883 0.015131 0.000039
0 0.008041 0.001845 0.015168 0.000046
0 0.008019 0.001787 0.015213 0.000076
0 0.008007 0.001766 0.015235 0.000064
0 0.007995 0.001766 0.015261 0.000067
0 0.007980 0.001749 0.015291 0.000058
0 0.007958 0.001730 0.015333 0.000041
0 0.007933 0.001737 0.015384 0.000072
0 0.007900 0.001730 0.015450 0.000050
0 0.007889 0.001733 0.015472 0.000028
0 0.008280 0.000543 0.014690 0.000036
0 0.008259 0.000502 0.014732 0.000046
0 0.008235 0.000460 0.014780 0.000044
0 0.008221 0.000412 0.014808 0.000041
0 0.008217 0.000369 0.014817 0.000034
0 0.008760 0.001786 0.013730 0.000033
0 0.008736 0.001829 0.013779 0.000032
0 0.008723 0.001837 0.013805 0.000007
0 0.008766 0.000916 0.013718 0.000033
0 0.008702 0.001073 0.013847 0.000031
0 0.008713 0.001043 0.013824 0.000035
0 0.008723 0.001018 0.013805 0.000026
0 0.008822 0.000992 0.013606 0.000011
0 0.008808 0.000977 0.013634 0.000018
0 0.008798 0.000958 0.013653 0.000015
0 0.008776 0.000939 0.013697 0.000029
0 0.008731 0.000813 0.013788 0.000026
0 0.008711 0.001859 0.013828 0.000010
0 0.008743 0.000893 0.013764 0.000050
0 0.008771 0.000741 0.013708 0.000029
0 0.008755 0.000742 0.013740 0.000008
0 0.008765 0.000695 0.013719 0.000022
0 0.008330 0.001287 0.014589 0.000048
0 0.008306 0.001226 0.014639 0.000088
0 0.008296 0.001219 0.014658 0.000056
0 0.008709 0.001103 0.013831 0.000017
0 0.008652 0.000999 0.013945 0.000047
0 0.008586 0.000968 0.014077 0.000053
0 0.008585 0.000936 0.014080 0.000047
0 0.008685 0.001264 0.013880 0.000028
0 0.008686 0.001233 0.013878 0.000040
0 0.008701 0.001215 0.013849 0.000030
0 0.008691 0.001185 0.013867 0.000038
0 0.008688 0.001152 0.013874 0.000036
0 0.008703 0.001134 0.013843 0.000027
0 0.008437 0.000788 0.014376 0.000048
0 0.008450 0.000810 0.014350 0.000082
0 0.008462 0.000827 0.014325 0.000088
0 0.008492 0.000819 0.014267 0.000064
0 0.008512 0.000828 0.014225 0.000056
0 0.008541 0.000852 0.014167 0.000054
0 0.008544 0.000875 0.014161 0.000069
0 0.008576 0.000883 0.014098 0.000035
0 0.008581 0.000907 0.014088 0.000055
0 0.008285 0.001203 0.014679 0.000048
0 0.008273 0.001177 0.014704 0.000066
0 0.008263 0.001161 0.014724 0.000052
0 0.008135 0.000897 0.014979 0.000049
0 0.008118 0.000848 0.015013 0.000045
0 0.008302 0.000596 0.014645 0.000039
0 0.008302 0.000622 0.014645 0.000041
0 0.008398 0.000723 0.014454 0.000051
0 0.008428 0.000578 0.014393 0.000048
0 0.008498 0.001893 0.014255 0.000072
0 0.008509 0.001937 0.014231 0.000062
0 0.008532 0.001958 0.014186 0.000045
0 0.008554 0.002015 0.014142 0.000035
0 0.008561 0.002052 0.014128 0.000055
0 0.008597 0.002105 0.014056 0.000031
0 0.008689 0.002015 0.013872 0.000039
0 0.008698 0.001993 0.013855 0.000041
0 0.008700 0.001973 0.013850 0.000033
0 0.008705 0.001915 0.013841 0.000023
0 0.008110 0.000822 0.015030 0.000038
0 0.008099 0.000800 0.015052 0.000041
0 0.008254 0.001156 0.014742 0.000019
0 0.008090 0.000765 0.015071 0.000072
0 0.008244 0.001124 0.014763 0.000055
0 0.008230 0.001112 0.014791 0.000039
0 0.008217 0.001089 0.014817 0.000057
0 0.008203 0.001072 0.014843 0.000054
0 0.008196 0.001048 0.014858 0.000056
0 0.008187 0.001038 0.014876 0.000035
0 0.008176 0.001007 0.014898 0.000048
0 0.008165 0.000983 0.014920 0.000053
0 0.008146 0.000950 0.014959 0.000039
0 0.008031 0.000617 0.015188 0.000038
0 0.008038 0.000675 0.015174 0.000043
0 0.008043 0.000705 0.015164 0.000046
0 0.008053 0.000718 0.015143 0.000062
0 0.008058 0.000752 0.015135 0.000052
0 0.008074 0.000769 0.015102 0.000054
0 0.007830 0.000143 0.015590 0.000043