0 0.011896 0.002143 0.020851 0.000039
0 0.011335 0.000083 0.021973 0.000027
0 0.011339 0.000127 0.021965 0.000036
0 0.011345 0.000169 0.021953 0.000030
0 0.011349 0.000216 0.021944 0.000035
0 0.011448 0.000450 0.021748 0.000047
0 0.011439 0.000461 0.021764 0.000050
0 0.011480 0.000425 0.021683 0.000050
0 0.011497 0.000406 0.021649 0.000047
0 0.011506 0.000403 0.021631 0.000046
0 0.011515 0.000397 0.021614 0.000053
0 0.011530 0.000387 0.021584 0.000046
0 0.011525 0.000273 0.021593 0.000034
0 0.011520 0.000229 0.021603 0.000027
0 0.011517 0.000192 0.021609 0.000022
0 0.011494 0.000019 0.021655 0.000034
0 0.011562 0.000180 0.021520 0.000032
0 0.011573 0.000244 0.021496 0.000035
0 0.011577 0.000263 0.021490 0.000034
0 0.011578 0.000292 0.021486 0.000032
0 0.011580 0.000312 0.021482 0.000032
0 0.011582 0.000338 0.021479 0.000040
0 0.011615 0.000125 0.021414 0.000050
0 0.011337 0.000104 0.021968 0.000026
0 0.011328 0.000039 0.021986 0.000027
0 0.011619 0.000076 0.021404 0.000047
0 0.011327 0.000018 0.021990 0.000031
0 0.011201 0.000371 0.022240 0.000032
0 0.011177 0.000372 0.022290 0.000036
0 0.011175 0.000344 0.022293 0.000045
0 0.011190 0.000445 0.022262 0.000030
0 0.011193 0.000473 0.022256 0.000030
0 0.011245 0.000211 0.022153 0.000057
0 0.011257 0.000314 0.022128 0.000068
0 0.011259 0.000201 0.022126 0.000056
0 0.011268 0.000187 0.022108 0.000047
0 0.011277 0.000179 0.022090 0.000058
0 0.011263 0.000050 0.022117 0.000029
0 0.011261 0.000029 0.022121 0.000032
0 0.011303 0.000038 0.022037 0.000034
0 0.011301 0.000016 0.022041 0.000030
0 0.011314 0.000115 0.022015 0.000022
0 0.011317 0.000140 0.022009 0.000024
0 0.011318 0.000166 0.022006 0.000031
0 0.011321 0.000189 0.022002 0.000029
0 0.011324 0.000214 0.021996 0.000027
0 0.011328 0.000239 0.021987 0.000030
0 0.011330 0.000264 0.021982 0.000036
0 0.011612 0.000076 0.021420 0.000045
0 0.011629 0.000072 0.021384 0.000046
0 0.011173 0.000303 0.022297 0.000027
0 0.011805 0.000027 0.021032 0.000045
0 0.011815 0.000024 0.021013 0.000036
0 0.011823 0.000024 0.020996 0.000046
0 0.011164 0.000599 0.022315 0.000037
0 0.011168 0.000622 0.022307 0.000034
0 0.011232 0.000828 0.022179 0.000052
0 0.011240 0.000814 0.022162 0.000055
0 0.011250 0.000808 0.022144 0.000055
0 0.011271 0.000797 0.022100 0.000045
0 0.011276 0.000732 0.022091 0.000031
0 0.011289 0.000782 0.022064 0.000047
0 0.011294 0.000693 0.022056 0.000031
0 0.011300 0.000721 0.022043 0.000031
0 0.011332 0.000632 0.021979 0.000034
0 0.011336 0.000655 0.021972 0.000039
0 0.011337 0.000728 0.021968 0.000048
0 0.011351 0.000523 0.021941 0.000037
0 0.011361 0.000707 0.021921 0.000054
0 0.011369 0.000693 0.021905 0.000062
0 0.011398 0.000585 0.021847 0.000034
0 0.011391 0.000541 0.021861 0.000035
0 0.011430 0.000471 0.021783 0.000055
0 0.011814 0.000068 0.021015 0.000045
0 0.011792 0.000024 0.021060 0.000041
0 0.011638 0.000069 0.021367 0.000053
0 0.011783 0.000032 0.021078 0.000045
0 0.011648 0.000063 0.021346 0.000045
0 0.011659 0.000062 0.021325 0.000041
0 0.011668 0.000122 0.021308 0.000052
0 0.011677 0.000071 0.021289 0.000052
0 0.011680 0.000121 0.021282 0.000045
0 0.011667 0.000370 0.021308 0.000061
0 0.011678 0.000366 0.021286 0.000046
0 0.011688 0.000350 0.021266 0.000053
0 0.011692 0.000116 0.021260 0.000048
0 0.011691 0.000065 0.021261 0.000045
0 0.011701 0.000059 0.021241 0.000046
0 0.011713 0.000105 0.021216 0.000049
0 0.011711 0.000057 0.021221 0.000048
0 0.011722 0.000057 0.021200 0.000048
0 0.011698 0.000343 0.021246 0.000045
0 0.011707 0.000336 0.021228 0.000059
0 0.011728 0.000320 0.021187 0.000049
0 0.011761 0.000044 0.021120 0.000041
0 0.011775 0.000098 0.021094 0.000048
0 0.011771 0.000040 0.021101 0.000053
0 0.011786 0.000082 0.021072 0.000045
0 0.011195 0.000298 0.022253 0.000038
0 0.011172 0.000280 0.022299 0.000030
0 0.011446 0.000512 0.021750 0.000050
0 0.010644 0.000650 0.018891 0.000106
0 0.010675 0.000617 0.018829 0.000109
0 0.010685 0.000480 0.018809 0.000101
0 0.010662 0.000395 0.018855 0.000084
0 0.010685 0.000604 0.018808 0.000105
0 0.010695 0.000587 0.018788 0.000109
0 0.010706 0.000573 0.018767 0.000112
0 0.010706 0.000655 0.018767 0.000068
0 0.010716 0.000560 0.018747 0.000110
0 0.010726 0.000545 0.018726 0.000112
0 0.010735 0.000525 0.018709 0.000111
0 0.010737 0.000675 0.018705 0.000109
0 0.010739 0.000809 0.018700 0.000103
0 0.010745 0.000513 0.018689 0.000109
0 0.010754 0.000499 0.018670 0.000106
0 0.010765 0.000487 0.018649 0.000110
0 0.010775 0.000471 0.018629 0.000106
0 0.010785 0.000458 0.018608 0.000109
0 0.010812 0.000722 0.018555 0.000109
0 0.010806 0.000436 0.018566 0.000109
0 0.010843 0.000273 0.018493 0.000105
0 0.010868 0.000248 0.018443 0.000111
0 0.010655 0.000642 0.018868 0.000110
0 0.010635 0.000664 0.018909 0.000108
0 0.010864 0.000196 0.018451 0.000081
0 0.010625 0.000682 0.018928 0.000111
0 0.010296 0.000712 0.019586 0.000080
0 0.010358 0.000657 0.019463 0.000077
0 0.010419 0.000601 0.019341 0.000077
0 0.010421 0.000628 0.019337 0.000075
0 0.010480 0.000571 0.019218 0.000083
0 0.010478 0.000542 0.019222 0.000078
0 0.010538 0.000485 0.019102 0.000077
0 0.010541 0.000513 0.019096 0.000080
0 0.010602 0.000454 0.018975 0.000081
0 0.010598 0.000426 0.018982 0.000080
0 0.010564 0.000605 0.019050 0.000102
0 0.010571 0.000633 0.019037 0.000099
0 0.010628 0.000557 0.018923 0.000100
0 0.010564 0.000759 0.019050 0.000105
0 0.010532 0.000867 0.019115 0.000059
0 0.010573 0.000743 0.019033 0.000105
0 0.010591 0.000816 0.018996 0.000069
0 0.010585 0.000734 0.019010 0.000108
0 0.010595 0.000719 0.018989 0.000106
0 0.010605 0.000705 0.018969 0.000104
0 0.010613 0.000692 0.018952 0.000106
0 0.010874 0.000215 0.018430 0.000080
0 0.010891 0.000257 0.018396 0.000080
0 0.011189 0.000268 0.022264 0.000034
0 0.010450 0.000913 0.019278 0.000106
0 0.010461 0.000902 0.019256 0.000108
0 0.010470 0.000890 0.019238 0.000106
0 0.010481 0.000884 0.019216 0.000112
0 0.010492 0.000873 0.019194 0.000106
0 0.010479 0.000955 0.019222 0.000067
0 0.010535 0.000936 0.019109 0.000068
0 0.011132 0.001364 0.017915 0.000089
0 0.011120 0.001396 0.017938 0.000105
0 0.011112 0.001414 0.017954 0.000106
0 0.011102 0.001428 0.017974 0.000109
0 0.011022 0.001323 0.018134 0.000119
0 0.010970 0.001420 0.018238 0.000117
0 0.010653 0.001990 0.018872 0.000128
0 0.010705 0.001891 0.018768 0.000120
0 0.010759 0.001799 0.018660 0.000118
0 0.010811 0.001703 0.018556 0.000119
0 0.010864 0.001610 0.018450 0.000120
0 0.010918 0.001513 0.018343 0.000115
0 0.011126 0.001522 0.017926 0.000105
0 0.011189 0.000108 0.022264 0.000040
0 0.011187 0.000240 0.022268 0.000039
0 0.010444 0.000798 0.019291 0.000109
0 0.010434 0.000810 0.019310 0.000113
0 0.010880 0.000294 0.018419 0.000111
0 0.010431 0.000900 0.019316 0.000160
0 0.010894 0.000345 0.018391 0.000111
0 0.010906 0.000389 0.018366 0.000114
0 0.010949 0.000445 0.018280 0.000044
0 0.010972 0.000597 0.018235 0.000108
0 0.010457 0.000783 0.019264 0.000113
0 0.010181 0.001118 0.019816 0.000062
0 0.010187 0.001144 0.019805 0.000058
0 0.010196 0.001197 0.019788 0.000059
0 0.010224 0.001077 0.019730 0.000059
0 0.010232 0.001132 0.019715 0.000062
0 0.010236 0.001158 0.019707 0.000061
0 0.010239 0.001186 0.019701 0.000064
0 0.010279 0.001152 0.019621 0.000061
0 0.010277 0.001121 0.019625 0.000062
0 0.010272 0.001095 0.019634 0.000059
0 0.010319 0.001113 0.019540 0.000059
0 0.010355 0.001279 0.019469 0.000147
0 0.010377 0.001274 0.019425 0.000102
0 0.010387 0.001257 0.019405 0.000101
0 0.010397 0.000964 0.019384 0.000106
0 0.010408 0.000954 0.019363 0.000106
0 0.011433 0.000472 0.021778 0.000040
0 0.011432 0.000639 0.021779 0.000048
0 0.011906 0.002163 0.020830 0.000054
0 0.011199 0.001614 0.022244 0.000039
0 0.011222 0.001511 0.022198 0.000034
0 0.011229 0.001453 0.022185 0.000039
0 0.011227 0.001428 0.022190 0.000035
0 0.011210 0.001451 0.022223 0.000030
0 0.011217 0.001490 0.022209 0.000032
0 0.011222 0.001392 0.022198 0.000035
0 0.011209 0.001428 0.022224 0.000028
0 0.011222 0.001370 0.022198 0.000031
0 0.011205 0.001387 0.022233 0.000029
0 0.011206 0.001409 0.022230 0.000025
0 0.011183 0.001554 0.022277 0.000035
0 0.011186 0.001574 0.022270 0.000032
0 0.011181 0.001532 0.022281 0.000031
0 0.011178 0.001511 0.022286 0.000030
0 0.011176 0.001491 0.022291 0.000029
0 0.011173 0.001472 0.022297 0.000035
0 0.011169 0.001452 0.022305 0.000034
0 0.011165 0.001428 0.022313 0.000043
0 0.011201 0.002043 0.022240 0.000045
0 0.011233 0.002091 0.022178 0.000045
0 0.011247 0.002123 0.022148 0.000047
0 0.011227 0.001532 0.022189 0.000031
0 0.011203 0.001629 0.022237 0.000055
0 0.011828 0.002159 0.020987 0.000037
0 0.011210 0.001646 0.022222 0.000044
0 0.011268 0.001650 0.022106 0.000041
0 0.011265 0.001632 0.022114 0.000040
0 0.011277 0.001602 0.022090 0.000044
0 0.011273 0.001587 0.022097 0.000038
0 0.011259 0.001616 0.022126 0.000039
0 0.011265 0.001570 0.022114 0.000040
0 0.011252 0.001601 0.022139 0.000044
0 0.011262 0.001783 0.022119 0.000043
0 0.011251 0.001760 0.022140 0.000040
0 0.011242 0.001740 0.022158 0.000056
0 0.011237 0.001727 0.022169 0.000047
0 0.011246 0.001586 0.022151 0.000038
0 0.011259 0.001552 0.022124 0.000038
0 0.011255 0.001536 0.022133 0.000038
0 0.011241 0.001568 0.022162 0.000040
0 0.011248 0.001518 0.022147 0.000041
0 0.011236 0.001551 0.022170 0.000039
0 0.011232 0.001711 0.022179 0.000041
0 0.011227 0.001693 0.022189 0.000043
0 0.011221 0.001676 0.022201 0.000040
0 0.011215 0.001662 0.022213 0.000043
0 0.011234 0.002155 0.022174 0.000043
0 0.012052 0.001837 0.020538 0.000038
0 0.011274 0.001668 0.022095 0.000044
0 0.011972 0.001986 0.020698 0.000039
0 0.011961 0.001941 0.020721 0.000048
0 0.011955 0.002014 0.020733 0.000049
0 0.011959 0.002039 0.020724 0.000036
0 0.011953 0.002117 0.020737 0.000052
0 0.011953 0.001987 0.020737 0.000035
0 0.011946 0.001972 0.020750 0.000039
0 0.011941 0.001951 0.020761 0.000041
0 0.011957 0.001921 0.020728 0.000039
0 0.011952 0.001903 0.020738 0.000040
0 0.011935 0.001927 0.020772 0.000043
0 0.011947 0.001883 0.020748 0.000036
0 0.011942 0.001858 0.020760 0.000044
0 0.011924 0.001889 0.020795 0.000050
0 0.011932 0.001905 0.020779 0.000036
0 0.011925 0.002072 0.020793 0.000038
0 0.011921 0.002048 0.020801 0.000044
0 0.011915 0.002025 0.020813 0.000041
0 0.011910 0.002007 0.020822 0.000043
0 0.011905 0.001987 0.020833 0.000039
0 0.011898 0.001965 0.020847 0.000039
0 0.011893 0.001941 0.020858 0.000039
0 0.011968 0.001963 0.020707 0.000040
0 0.011980 0.002080 0.020683 0.000050
0 0.012059 0.001861 0.020525 0.000036
0 0.011975 0.001825 0.020694 0.000050
0 0.012063 0.001883 0.020518 0.000038
0 0.012068 0.001916 0.020506 0.000036
0 0.012060 0.002020 0.020523 0.000066
0 0.012105 0.001968 0.020432 0.000043
0 0.012084 0.001876 0.020474 0.000040
0 0.012090 0.001895 0.020463 0.000039
0 0.012036 0.002027 0.020571 0.000055
0 0.012036 0.002156 0.020571 0.000036
0 0.012032 0.001944 0.020579 0.000044
0 0.012017 0.001968 0.020609 0.000039
0 0.012012 0.002055 0.020619 0.000048
0 0.012010 0.001950 0.020623 0.000038
0 0.012019 0.001901 0.020604 0.000039
0 0.012014 0.001881 0.020615 0.000041
0 0.012001 0.001906 0.020641 0.000039
0 0.012005 0.001926 0.020632 0.000039
0 0.011994 0.001888 0.020655 0.000037
0 0.011989 0.001866 0.020665 0.000045
0 0.012006 0.001835 0.020631 0.000039
0 0.012000 0.001815 0.020642 0.000041
0 0.011983 0.001846 0.020677 0.000039
0 0.011283 0.001618 0.022077 0.000039
0 0.011287 0.001637 0.022068 0.000040
0 0.011402 0.000627 0.021839 0.000028
0 0.011212 0.001304 0.022219 0.000038
0 0.011198 0.001344 0.022247 0.000035
0 0.011202 0.001363 0.022239 0.000030
0 0.011214 0.001331 0.022215 0.000037
0 0.011220 0.001351 0.022203 0.000032
0 0.011238 0.001193 0.022168 0.000032
0 0.011241 0.001212 0.022161 0.000038
0 0.011242 0.001235 0.022158 0.000036
0 0.011247 0.001258 0.022149 0.000039
0 0.011252 0.001296 0.022138 0.000038
0 0.011258 0.001336 0.022127 0.000044
0 0.011265 0.001359 0.022112 0.000032
0 0.011557 0.001141 0.021528 0.000039
0 0.011562 0.001163 0.021519 0.000038
0 0.011572 0.001202 0.021498 0.000043
0 0.011567 0.001094 0.021508 0.000040
0 0.011573 0.001113 0.021497 0.000035
0 0.011581 0.001156 0.021480 0.000037
0 0.011654 0.001265 0.021334 0.000057
0 0.012191 0.000992 0.020260 0.000022
0 0.012178 0.000936 0.020286 0.000021
0 0.012237 0.001662 0.020170 0.000040
0 0.011197 0.001323 0.022250 0.000029
0 0.011222 0.001184 0.022199 0.000053
0 0.012238 0.001761 0.020166 0.000035
0 0.011206 0.001191 0.022230 0.000043
0 0.011449 0.000630 0.021744 0.000052
0 0.011465 0.000612 0.021713 0.000050
0 0.011468 0.000481 0.021706 0.000052
0 0.011474 0.000603 0.021695 0.000052
0 0.011484 0.000600 0.021674 0.000046
0 0.011492 0.000587 0.021659 0.000054
0 0.011507 0.000578 0.021629 0.000050
0 0.011508 0.000573 0.021626 0.000049
0 0.011530 0.000540 0.021582 0.000054
0 0.011540 0.000536 0.021563 0.000049
0 0.011571 0.000509 0.021500 0.000055
0 0.011587 0.000495 0.021468 0.000049
0 0.011595 0.000466 0.021452 0.000055
0 0.012121 0.000722 0.020401 0.000026
0 0.012131 0.000751 0.020382 0.000024
0 0.012240 0.000537 0.020162 0.000046
0 0.012250 0.000545 0.020143 0.000048
0 0.012259 0.000538 0.020124 0.000037
0 0.011174 0.001221 0.022295 0.000049
0 0.011183 0.001214 0.022276 0.000049
0 0.011199 0.001201 0.022245 0.000056
0 0.012242 0.001683 0.020159 0.000036
0 0.012204 0.001537 0.020235 0.000043
0 0.011294 0.001652 0.022056 0.000038
0 0.012037 0.001779 0.020570 0.000038
0 0.011988 0.001772 0.020666 0.000039
0 0.011971 0.001802 0.020701 0.000049
0 0.011993 0.001795 0.020656 0.000044
0 0.011345 0.001647 0.021952 0.000049
0 0.011353 0.001663 0.021938 0.000040
0 0.011333 0.001614 0.021976 0.000040
0 0.011330 0.001595 0.021983 0.000041
0 0.011310 0.001545 0.022022 0.000044
0 0.011308 0.001528 0.022027 0.000034
0 0.011300 0.001514 0.022044 0.000043
0 0.011295 0.001496 0.022054 0.000039
0 0.011291 0.001476 0.022061 0.000032
0 0.011318 0.001719 0.022008 0.000037
0 0.011313 0.001698 0.022017 0.000037
0 0.011304 0.001750 0.022034 0.000041
0 0.011306 0.001683 0.022032 0.000040
0 0.011300 0.001727 0.022044 0.000041
0 0.011294 0.001713 0.022056 0.000041
0 0.011287 0.001701 0.022068 0.000040
0 0.011299 0.001669 0.022045 0.000041
0 0.011280 0.001681 0.022082 0.000040
0 0.012037 0.001803 0.020568 0.000049
0 0.012031 0.001762 0.020581 0.000038
0 0.012188 0.001481 0.020267 0.000039
0 0.012022 0.001742 0.020599 0.000038
0 0.012183 0.001458 0.020277 0.000038
0 0.012179 0.001432 0.020284 0.000043
0 0.012173 0.001504 0.020296 0.000043
0 0.012175 0.001804 0.020292 0.000052
0 0.012143 0.001649 0.020358 0.000046
0 0.012125 0.001590 0.020392 0.000038
0 0.012131 0.001517 0.020380 0.000035
0 0.012136 0.001814 0.020371 0.000043
0 0.012122 0.001750 0.020400 0.000044
0 0.012116 0.001727 0.020411 0.000041
0 0.012089 0.001714 0.020465 0.000045
0 0.012085 0.001693 0.020473 0.000037
0 0.012081 0.001675 0.020481 0.000034
0 0.012089 0.001624 0.020465 0.000036
0 0.012085 0.001604 0.020473 0.000040
0 0.012068 0.001630 0.020506 0.000041
0 0.012052 0.001755 0.020539 0.000041
0 0.012047 0.001732 0.020549 0.000046
0 0.012040 0.001714 0.020564 0.000039
0 0.012036 0.001684 0.020571 0.000038
0 0.012015 0.001714 0.020612 0.000046
0 0.010235 0.000770 0.019708 0.000076