0 0.012140 0.000697 0.020364 0.000035
0 0.010540 0.001977 0.019098 0.000072
0 0.010320 0.001993 0.019538 0.000063
0 0.010367 0.001988 0.019445 0.000063
0 0.010388 0.001988 0.019403 0.000063
0 0.010406 0.001989 0.019366 0.000065
0 0.010432 0.001983 0.019315 0.000063
0 0.010453 0.001985 0.019272 0.000063
0 0.010473 0.001984 0.019233 0.000065
0 0.010495 0.001981 0.019188 0.000063
0 0.010518 0.001982 0.019142 0.000068
0 0.010574 0.001973 0.019030 0.000065
0 0.010470 0.002105 0.019238 0.000111
0 0.010596 0.001976 0.018986 0.000063
0 0.010718 0.001532 0.018744 0.000091
0 0.010184 0.001791 0.019810 0.000023
0 0.010182 0.001764 0.019815 0.000025
0 0.010833 0.001582 0.018513 0.000040
0 0.010823 0.001643 0.018532 0.000030
0 0.010775 0.001637 0.018628 0.000028
0 0.010779 0.001607 0.018620 0.000030
0 0.010771 0.001551 0.018637 0.000028
0 0.010298 0.001992 0.019583 0.000060
0 0.010464 0.002116 0.019250 0.000074
0 0.010783 0.001500 0.018613 0.000040
0 0.010234 0.002120 0.019711 0.000074
0 0.011921 0.002034 0.020801 0.000035
0 0.011888 0.002018 0.020867 0.000032
0 0.011745 0.002072 0.021154 0.000040
0 0.011737 0.002143 0.021169 0.000039
0 0.011728 0.002145 0.021186 0.000033
0 0.011727 0.002103 0.021189 0.000040
0 0.010345 0.001989 0.019488 0.000065
0 0.010188 0.002183 0.019803 0.000088
0 0.010223 0.002122 0.019732 0.000074
0 0.010248 0.002175 0.019683 0.000089
0 0.010413 0.002109 0.019352 0.000105
0 0.010256 0.002118 0.019667 0.000123
0 0.010284 0.002144 0.019611 0.000081
0 0.010305 0.002140 0.019569 0.000079
0 0.010304 0.002139 0.019571 0.000112
0 0.010315 0.002130 0.019549 0.000109
0 0.010324 0.002116 0.019530 0.000109
0 0.010341 0.002115 0.019496 0.000109
0 0.010360 0.002115 0.019459 0.000104
0 0.010394 0.002108 0.019391 0.000107
0 0.010779 0.001525 0.018620 0.000046
0 0.010786 0.001478 0.018606 0.000040
0 0.012166 0.000626 0.020311 0.000042
0 0.010970 0.000292 0.018238 0.000019
0 0.010845 0.000705 0.018489 0.000091
0 0.010806 0.000559 0.018567 0.000061
0 0.010967 0.000504 0.018244 0.000067
0 0.010964 0.000480 0.018250 0.000068
0 0.010967 0.000443 0.018244 0.000058
0 0.010970 0.000410 0.018238 0.000058
0 0.010970 0.000381 0.018238 0.000053
0 0.010970 0.000356 0.018238 0.000049
0 0.010969 0.000329 0.018240 0.000047
0 0.010971 0.000268 0.018237 0.000021
0 0.010877 0.000704 0.018425 0.000095
0 0.010972 0.000243 0.018235 0.000023
0 0.010972 0.000216 0.018235 0.000025
0 0.010971 0.000194 0.018237 0.000023
0 0.010854 0.000535 0.018471 0.000046
0 0.010854 0.000508 0.018471 0.000044
0 0.010855 0.000480 0.018469 0.000040
0 0.010884 0.000412 0.018411 0.000056
0 0.010895 0.000382 0.018389 0.000044
0 0.010895 0.000351 0.018388 0.000053
0 0.010857 0.000705 0.018464 0.000088
0 0.010888 0.000700 0.018403 0.000088
0 0.010790 0.001456 0.018599 0.000040
0 0.010636 0.001454 0.018906 0.000068
0 0.010792 0.001433 0.018594 0.000044
0 0.010796 0.001409 0.018586 0.000042
0 0.010805 0.001388 0.018569 0.000046
0 0.010682 0.001162 0.018815 0.000021
0 0.010682 0.001185 0.018815 0.000023
0 0.010684 0.001211 0.018810 0.000021
0 0.010682 0.001237 0.018815 0.000021
0 0.010677 0.001451 0.018825 0.000070
0 0.010657 0.001452 0.018864 0.000068
0 0.010601 0.001456 0.018977 0.000068
0 0.010900 0.000702 0.018379 0.000091
0 0.010583 0.001457 0.019013 0.000068
0 0.010440 0.001291 0.019298 0.000023
0 0.010165 0.001567 0.019849 0.000067
0 0.010973 0.000690 0.018232 0.000091
0 0.010962 0.000687 0.018255 0.000089
0 0.010949 0.000694 0.018281 0.000089
0 0.010938 0.000696 0.018303 0.000089
0 0.010924 0.000699 0.018330 0.000093
0 0.010912 0.000703 0.018355 0.000089
0 0.011940 0.001976 0.020762 0.000028
0 0.011973 0.002148 0.020698 0.000039
0 0.011957 0.002154 0.020728 0.000030
0 0.012076 0.001551 0.020491 0.000032
0 0.012106 0.001282 0.020430 0.000040
0 0.012109 0.001320 0.020425 0.000035
0 0.012109 0.001343 0.020425 0.000033
0 0.012109 0.001363 0.020425 0.000023
0 0.012111 0.001399 0.020421 0.000021
0 0.012066 0.001623 0.020511 0.000032
0 0.012067 0.001606 0.020508 0.000035
0 0.012072 0.001587 0.020499 0.000026
0 0.012074 0.001566 0.020494 0.000033
0 0.012090 0.001498 0.020462 0.000037
0 0.012104 0.001233 0.020435 0.000033
0 0.012109 0.001487 0.020425 0.000040
0 0.012110 0.001507 0.020423 0.000035
0 0.012111 0.001534 0.020421 0.000028
0 0.012112 0.001590 0.020420 0.000028
0 0.012104 0.001582 0.020435 0.000033
0 0.012092 0.001615 0.020459 0.000040
0 0.012104 0.001616 0.020435 0.000032
0 0.012106 0.001636 0.020430 0.000025
0 0.012094 0.001643 0.020455 0.000030
0 0.012107 0.001249 0.020428 0.000033
0 0.012106 0.001208 0.020430 0.000023
0 0.012031 0.001906 0.020581 0.000042
0 0.012170 0.000132 0.020303 0.000035
0 0.012254 0.000546 0.020135 0.000042
0 0.012197 0.000024 0.020249 0.000040
0 0.012191 0.000183 0.020260 0.000033
0 0.012145 0.000555 0.020352 0.000035
0 0.012178 0.000405 0.020288 0.000039
0 0.012164 0.000410 0.020315 0.000040
0 0.012156 0.000398 0.020332 0.000039
0 0.012156 0.000330 0.020330 0.000039
0 0.012167 0.000180 0.020310 0.000037
0 0.012173 0.000089 0.020298 0.000037
0 0.012105 0.001192 0.020433 0.000025
0 0.012097 0.001105 0.020449 0.000037
0 0.012108 0.001106 0.020427 0.000039
0 0.012098 0.001139 0.020447 0.000028
0 0.012106 0.001139 0.020430 0.000032
0 0.012101 0.001170 0.020442 0.000033
0 0.012133 0.000992 0.020377 0.000037
0 0.012170 0.001087 0.020303 0.000033
0 0.012206 0.001026 0.020232 0.000040
0 0.012245 0.001040 0.020154 0.000040
0 0.012184 0.001199 0.020274 0.000018
0 0.012186 0.001213 0.020271 0.000016
0 0.012186 0.001228 0.020271 0.000018
0 0.012109 0.002174 0.020425 0.000014
0 0.012064 0.001720 0.020515 0.000018
0 0.012101 0.001795 0.020440 0.000021
0 0.012121 0.001814 0.020401 0.000033
0 0.012138 0.001898 0.020367 0.000040
0 0.012140 0.001938 0.020362 0.000037
0 0.012140 0.001978 0.020362 0.000039
0 0.012143 0.002208 0.020357 0.000040
0 0.012141 0.002020 0.020360 0.000032
0 0.012110 0.002215 0.020423 0.000018
0 0.012108 0.002152 0.020427 0.000019
0 0.012185 0.001305 0.020272 0.000019
0 0.012110 0.002029 0.020423 0.000039
0 0.012082 0.002041 0.020479 0.000042
0 0.012073 0.002039 0.020498 0.000035
0 0.012066 0.002116 0.020511 0.000021
0 0.012068 0.002157 0.020506 0.000021
0 0.012070 0.002195 0.020503 0.000018
0 0.012056 0.002176 0.020530 0.000035
0 0.012048 0.002184 0.020547 0.000037
0 0.012041 0.001900 0.020560 0.000039
0 0.012065 0.001700 0.020513 0.000018
0 0.012063 0.001682 0.020516 0.000019
0 0.012232 0.002045 0.020179 0.000030
0 0.012260 0.002100 0.020123 0.000033
0 0.012189 0.001327 0.020266 0.000018
0 0.012189 0.001347 0.020266 0.000019
0 0.012189 0.001387 0.020266 0.000019
0 0.012190 0.001408 0.020264 0.000012
0 0.012190 0.001426 0.020262 0.000019
0 0.012193 0.001446 0.020257 0.000021
0 0.012190 0.001470 0.020262 0.000019
0 0.012222 0.001306 0.020199 0.000021
0 0.012222 0.001341 0.020199 0.000021
0 0.012224 0.001368 0.020194 0.000019
0 0.012225 0.001390 0.020193 0.000018
0 0.012225 0.001408 0.020193 0.000019
0 0.012224 0.001427 0.020194 0.000021
0 0.012263 0.001471 0.020116 0.000042
0 0.012264 0.001522 0.020115 0.000037
0 0.012249 0.001743 0.020145 0.000025
0 0.012228 0.001929 0.020186 0.000030
0 0.012228 0.001950 0.020186 0.000028
0 0.012228 0.002024 0.020186 0.000033
0 0.010931 0.000171 0.018316 0.000026