0 0.011781 0.002206 0.021080 0.000041
0 0.010816 0.001365 0.018546 0.000089
0 0.010658 0.001451 0.018862 0.000091
0 0.010671 0.001467 0.018836 0.000091
0 0.010583 0.001510 0.019013 0.000087
0 0.010709 0.001202 0.018760 0.000093
0 0.010724 0.001220 0.018730 0.000091
0 0.010736 0.001239 0.018706 0.000093
0 0.010764 0.001281 0.018651 0.000091
0 0.010777 0.001302 0.018625 0.000093
0 0.010789 0.001327 0.018600 0.000079
0 0.010801 0.001350 0.018576 0.000087
0 0.010830 0.001391 0.018518 0.000089
0 0.011788 0.002182 0.021066 0.000039
0 0.010887 0.001485 0.018405 0.000089
0 0.010910 0.001502 0.018358 0.000087
0 0.010921 0.001526 0.018337 0.000091
0 0.010937 0.001544 0.018305 0.000089
0 0.011015 0.001670 0.018150 0.000089
0 0.011027 0.001692 0.018124 0.000085
0 0.011047 0.001728 0.018085 0.000093
0 0.010773 0.001628 0.018632 0.000091
0 0.010788 0.001649 0.018602 0.000089
0 0.010802 0.001668 0.018574 0.000089
0 0.010646 0.001430 0.018887 0.000089
0 0.010629 0.001409 0.018920 0.000095
0 0.010619 0.001387 0.018941 0.000097
0 0.010605 0.001369 0.018969 0.000093
0 0.010416 0.000497 0.019347 0.000075
0 0.010405 0.000529 0.019368 0.000059
0 0.010425 0.000811 0.019328 0.000108
0 0.010589 0.000708 0.019001 0.000071
0 0.010581 0.000734 0.019017 0.000071
0 0.010564 0.000776 0.019050 0.000073
0 0.010560 0.000804 0.019059 0.000069
0 0.010552 0.000830 0.019075 0.000071
0 0.010647 0.001049 0.018885 0.000104
0 0.010433 0.001103 0.019312 0.000102
0 0.010450 0.001125 0.019279 0.000089
0 0.010460 0.001141 0.019259 0.000097
0 0.010474 0.001168 0.019231 0.000089
0 0.010502 0.001205 0.019175 0.000095
0 0.010492 0.001180 0.019194 0.000089
0 0.010515 0.001227 0.019150 0.000093
0 0.010541 0.001264 0.019096 0.000095
0 0.010553 0.001287 0.019073 0.000091
0 0.010567 0.001307 0.019045 0.000091
0 0.010579 0.001328 0.019020 0.000089
0 0.010593 0.001350 0.018992 0.000091
0 0.010815 0.001689 0.018549 0.000087
0 0.010829 0.001708 0.018521 0.000097
0 0.010842 0.001728 0.018495 0.000093
0 0.011708 0.000631 0.021226 0.000043
0 0.011213 0.000832 0.022217 0.000043
0 0.011223 0.000844 0.022196 0.000051
0 0.011597 0.000661 0.021449 0.000035
0 0.011578 0.000732 0.021486 0.000043
0 0.011901 0.002054 0.020841 0.000035
0 0.011857 0.001952 0.020929 0.000032
0 0.011887 0.002073 0.020869 0.000039
0 0.011880 0.002095 0.020883 0.000035
0 0.011870 0.002113 0.020904 0.000035
0 0.011867 0.002132 0.020908 0.000035
0 0.011859 0.002151 0.020925 0.000032
0 0.011853 0.002170 0.020936 0.000035
0 0.011849 0.002188 0.020945 0.000039
0 0.011841 0.002208 0.020962 0.000041
0 0.011941 0.002124 0.020760 0.000037
0 0.011936 0.002150 0.020771 0.000030
0 0.011926 0.002167 0.020790 0.000037
0 0.011919 0.002188 0.020804 0.000039
0 0.011910 0.002211 0.020823 0.000039
0 0.011803 0.002141 0.021036 0.000032
0 0.011795 0.002160 0.021052 0.000035
0 0.011222 0.000685 0.022198 0.000047
0 0.011679 0.000578 0.021284 0.000043
0 0.010859 0.001744 0.018460 0.000087
0 0.011629 0.000454 0.021384 0.000043
0 0.010868 0.001765 0.018442 0.000097
0 0.011230 0.000588 0.022182 0.000043
0 0.011252 0.000610 0.022138 0.000047
0 0.011264 0.000615 0.022115 0.000041
0 0.011342 0.000071 0.021959 0.000037
0 0.011349 0.000089 0.021946 0.000049
0 0.011365 0.000258 0.021913 0.000045
0 0.011383 0.000289 0.021876 0.000047
0 0.011394 0.000306 0.021855 0.000039
0 0.011412 0.000333 0.021818 0.000045
0 0.011430 0.000166 0.021783 0.000047
0 0.011460 0.000184 0.021723 0.000039
0 0.011470 0.000203 0.021702 0.000041
0 0.011452 0.000396 0.021739 0.000045
0 0.011469 0.000453 0.021704 0.000041
0 0.011476 0.000465 0.021690 0.000057
0 0.011513 0.000275 0.021616 0.000043
0 0.011525 0.000291 0.021593 0.000043
0 0.011545 0.000330 0.021553 0.000047
0 0.011586 0.000377 0.021470 0.000043
0 0.011613 0.000434 0.021417 0.000051
0 0.010284 0.000943 0.019611 0.000100