0 0.011411 0.002169 0.021820 0.000040
0 0.011570 0.001038 0.021503 0.000053
0 0.011672 0.001168 0.021299 0.000062
0 0.011655 0.001160 0.021332 0.000068
0 0.011662 0.001048 0.021319 0.000054
0 0.011643 0.001047 0.021357 0.000068
0 0.011665 0.000987 0.021313 0.000057
0 0.011645 0.000983 0.021353 0.000062
0 0.011622 0.001051 0.021399 0.000064
0 0.011630 0.000980 0.021382 0.000054
0 0.011610 0.000974 0.021422 0.000059
0 0.011607 0.001042 0.021428 0.000065
0 0.011587 0.001044 0.021469 0.000059
0 0.011593 0.000976 0.021457 0.000057
0 0.011574 0.000975 0.021495 0.000051
0 0.011654 0.000868 0.021334 0.000054
0 0.011601 0.001151 0.021442 0.000050
0 0.011637 0.000867 0.021369 0.000062
0 0.011617 0.000865 0.021409 0.000070
0 0.011599 0.000863 0.021445 0.000060
0 0.011579 0.000864 0.021486 0.000062
0 0.011563 0.000857 0.021517 0.000064
0 0.011657 0.000807 0.021328 0.000057
0 0.011628 0.000686 0.021388 0.000062
0 0.011609 0.000683 0.021424 0.000064
0 0.011556 0.000674 0.021530 0.000060
0 0.011637 0.001159 0.021369 0.000065
0 0.011634 0.001229 0.021374 0.000059
0 0.011615 0.001219 0.021413 0.000065
0 0.011620 0.001156 0.021403 0.000060
0 0.011653 0.001225 0.021336 0.000053
0 0.011670 0.001230 0.021303 0.000059
0 0.011688 0.001234 0.021267 0.000057
0 0.011694 0.001173 0.021255 0.000048
0 0.011701 0.000990 0.021240 0.000056
0 0.011679 0.001057 0.021284 0.000064
0 0.011684 0.000988 0.021275 0.000065
0 0.011744 0.000887 0.021155 0.000059
0 0.011749 0.000822 0.021144 0.000059
0 0.011728 0.000884 0.021186 0.000059
0 0.011729 0.000817 0.021184 0.000059
0 0.011708 0.000880 0.021226 0.000056
0 0.011712 0.000816 0.021219 0.000065
0 0.011694 0.000877 0.021255 0.000051
0 0.011673 0.000873 0.021298 0.000059
0 0.011676 0.000813 0.021292 0.000062
0 0.011760 0.000709 0.021123 0.000047
0 0.011739 0.000707 0.021165 0.000056
0 0.011719 0.000704 0.021205 0.000050
0 0.011701 0.000697 0.021240 0.000057
0 0.011681 0.000700 0.021280 0.000062
0 0.011664 0.000698 0.021315 0.000059
0 0.011765 0.001181 0.021113 0.000054
0 0.011781 0.001245 0.021080 0.000048
0 0.011759 0.001243 0.021125 0.000060
0 0.011748 0.001174 0.021148 0.000053
0 0.011742 0.001245 0.021159 0.000057
0 0.011725 0.001235 0.021194 0.000062
0 0.011729 0.001170 0.021184 0.000054
0 0.011706 0.001236 0.021230 0.000059
0 0.011710 0.001173 0.021223 0.000050
0 0.011596 0.001216 0.021451 0.000065
0 0.011579 0.001214 0.021486 0.000064
0 0.011720 0.000996 0.021203 0.000056
0 0.011356 0.000987 0.021931 0.000025
0 0.011473 0.001136 0.021697 0.000057
0 0.011454 0.001191 0.021736 0.000053
0 0.011458 0.001133 0.021728 0.000051
0 0.011434 0.001129 0.021774 0.000065
0 0.011433 0.001194 0.021776 0.000059
0 0.011376 0.000686 0.021891 0.000034
0 0.011370 0.000738 0.021903 0.000034
0 0.011361 0.000777 0.021920 0.000025
0 0.011361 0.000807 0.021920 0.000026
0 0.011358 0.000866 0.021928 0.000022
0 0.011357 0.000895 0.021930 0.000031
0 0.011355 0.000924 0.021933 0.000029
0 0.011350 0.000953 0.021943 0.000029
0 0.011352 0.001014 0.021939 0.000028
0 0.011581 0.001154 0.021480 0.000062
0 0.011348 0.001039 0.021947 0.000033
0 0.011349 0.001073 0.021945 0.000034
0 0.011344 0.001106 0.021955 0.000031
0 0.011340 0.001134 0.021962 0.000031
0 0.011341 0.001163 0.021960 0.000023
0 0.011341 0.001193 0.021960 0.000028
0 0.011337 0.001219 0.021968 0.000028
0 0.011336 0.001250 0.021970 0.000028
0 0.011337 0.001280 0.021968 0.000026
0 0.011332 0.001310 0.021980 0.000033
0 0.011330 0.001334 0.021983 0.000028
0 0.011335 0.001360 0.021974 0.000026
0 0.011328 0.001394 0.021987 0.000029
0 0.011470 0.001198 0.021703 0.000059
0 0.011493 0.001139 0.021657 0.000056
0 0.011489 0.001198 0.021664 0.000054
0 0.011529 0.001142 0.021586 0.000054
0 0.011565 0.001147 0.021513 0.000064
0 0.011560 0.001206 0.021522 0.000054
0 0.011555 0.001036 0.021534 0.000056
0 0.011555 0.000967 0.021532 0.000064
0 0.011534 0.001028 0.021574 0.000065
0 0.011518 0.001029 0.021607 0.000054
0 0.011519 0.000963 0.021605 0.000056
0 0.011537 0.000968 0.021568 0.000053
0 0.011546 0.000857 0.021551 0.000051
0 0.011527 0.000856 0.021590 0.000065
0 0.011510 0.000852 0.021622 0.000048
0 0.011520 0.000669 0.021603 0.000060
0 0.011494 0.000783 0.021655 0.000062
0 0.011490 0.000846 0.021663 0.000064
0 0.011503 0.000961 0.021638 0.000057
0 0.011500 0.001025 0.021643 0.000053
0 0.011482 0.001021 0.021680 0.000048
0 0.011462 0.001017 0.021718 0.000060
0 0.011465 0.000952 0.021712 0.000057
0 0.011483 0.000961 0.021676 0.000051
0 0.011452 0.000843 0.021739 0.000054
0 0.011463 0.000668 0.021716 0.000064
0 0.011548 0.001149 0.021547 0.000057
0 0.011543 0.001208 0.021557 0.000057
0 0.011526 0.001205 0.021591 0.000053
0 0.011506 0.001205 0.021630 0.000059
0 0.011511 0.001141 0.021620 0.000057
0 0.011698 0.001067 0.021248 0.000062
0 0.011719 0.001061 0.021205 0.000065
0 0.011431 0.002176 0.021782 0.000054
0 0.012048 0.001042 0.020546 0.000033
0 0.012060 0.000645 0.020523 0.000029
0 0.012061 0.000677 0.020522 0.000033
0 0.012060 0.000702 0.020523 0.000033
0 0.012059 0.000733 0.020525 0.000036
0 0.012059 0.000762 0.020525 0.000028
0 0.012060 0.000794 0.020523 0.000031
0 0.012057 0.000824 0.020529 0.000034
0 0.012058 0.000855 0.020527 0.000029
0 0.012058 0.000883 0.020527 0.000036
0 0.012063 0.000918 0.020518 0.000025
0 0.012057 0.000943 0.020529 0.000028
0 0.012059 0.000975 0.020525 0.000023
0 0.012056 0.001004 0.020531 0.000026
0 0.011995 0.000678 0.020652 0.000062
0 0.011926 0.000916 0.020790 0.000054
0 0.011992 0.000745 0.020658 0.000064
0 0.011987 0.000859 0.020669 0.000064
0 0.011983 0.000921 0.020677 0.000065
0 0.011963 0.000922 0.020717 0.000064
0 0.011968 0.000856 0.020708 0.000053
0 0.011944 0.000918 0.020756 0.000059
0 0.011948 0.000852 0.020746 0.000064
0 0.011975 0.000745 0.020692 0.000056
0 0.011978 0.000679 0.020687 0.000059
0 0.011956 0.000740 0.020731 0.000056
0 0.011959 0.000679 0.020725 0.000067
0 0.011940 0.000675 0.020764 0.000065
0 0.011938 0.000740 0.020767 0.000056
0 0.012060 0.000616 0.020523 0.000031
0 0.012059 0.000586 0.020525 0.000031
0 0.012058 0.000557 0.020527 0.000028
0 0.012053 0.000516 0.020537 0.000054
0 0.011003 0.001984 0.018172 0.000130
0 0.011297 0.000634 0.022049 0.000065
0 0.011410 0.000420 0.021822 0.000033
0 0.011389 0.000536 0.021864 0.000042
0 0.011384 0.000624 0.021876 0.000036
0 0.011507 0.000296 0.021628 0.000056
0 0.011493 0.000486 0.021657 0.000059
0 0.011465 0.000602 0.021712 0.000065
0 0.011679 0.000324 0.021284 0.000065
0 0.011783 0.000537 0.021077 0.000062
0 0.011821 0.000540 0.021002 0.000043
0 0.011842 0.000474 0.020959 0.000057
0 0.011830 0.000347 0.020983 0.000059
0 0.011864 0.000355 0.020915 0.000068
0 0.011875 0.000546 0.020892 0.000065
0 0.011934 0.000492 0.020775 0.000065
0 0.011929 0.000562 0.020785 0.000059
0 0.011949 0.000560 0.020744 0.000053
0 0.011967 0.000569 0.020710 0.000067
0 0.011985 0.000566 0.020673 0.000068
0 0.011970 0.000499 0.020702 0.000062
0 0.011976 0.000373 0.020691 0.000064
0 0.011995 0.000377 0.020652 0.000059
0 0.012012 0.000408 0.020619 0.000059
0 0.012028 0.000429 0.020587 0.000048
0 0.012040 0.000458 0.020564 0.000048
0 0.012046 0.000488 0.020550 0.000051
0 0.011930 0.000852 0.020783 0.000060
0 0.011909 0.000911 0.020825 0.000053
0 0.011738 0.000992 0.021167 0.000064
0 0.011825 0.001073 0.020992 0.000060
0 0.011842 0.000836 0.020959 0.000065
0 0.011819 0.000896 0.021006 0.000064
0 0.011821 0.000835 0.021002 0.000067
0 0.011801 0.000893 0.021040 0.000064
0 0.011804 0.000831 0.021034 0.000054
0 0.011783 0.000892 0.021077 0.000053
0 0.011783 0.000831 0.021077 0.000065
0 0.011767 0.000820 0.021109 0.000060
0 0.011760 0.000893 0.021123 0.000059
0 0.011863 0.001079 0.020917 0.000048
0 0.011864 0.001022 0.020915 0.000059
0 0.011845 0.001083 0.020954 0.000067
0 0.011848 0.001017 0.020946 0.000051
0 0.011829 0.001011 0.020984 0.000053
0 0.011913 0.000847 0.020817 0.000053
0 0.011811 0.001006 0.021021 0.000064
0 0.011806 0.001072 0.021031 0.000065
0 0.011856 0.001198 0.020931 0.000056
0 0.011839 0.001190 0.020965 0.000062
0 0.011818 0.001192 0.021008 0.000057
0 0.011801 0.001185 0.021040 0.000062
0 0.011793 0.001006 0.021057 0.000051
0 0.011791 0.001073 0.021061 0.000051
0 0.011774 0.001002 0.021094 0.000065
0 0.011773 0.001067 0.021098 0.000068
0 0.011755 0.001065 0.021132 0.000060
0 0.011735 0.001062 0.021173 0.000057
0 0.011756 0.000998 0.021130 0.000067
0 0.011836 0.000900 0.020971 0.000062
0 0.011857 0.000900 0.020929 0.000053
0 0.011857 0.000841 0.020929 0.000059
0 0.011775 0.000709 0.021092 0.000053
0 0.011919 0.000736 0.020806 0.000054
0 0.011923 0.000670 0.020796 0.000059
0 0.011902 0.000730 0.020838 0.000054
0 0.011901 0.000667 0.020840 0.000062
0 0.011885 0.000729 0.020873 0.000065
0 0.011896 0.000845 0.020850 0.000057
0 0.011890 0.000910 0.020863 0.000057
0 0.011919 0.001022 0.020804 0.000059
0 0.011919 0.001093 0.020806 0.000057
0 0.011911 0.001201 0.020821 0.000060
0 0.011893 0.001199 0.020858 0.000047
0 0.011897 0.001089 0.020848 0.000053
0 0.011902 0.001025 0.020838 0.000050
0 0.011882 0.001017 0.020879 0.000060
0 0.011878 0.001087 0.020886 0.000068
0 0.011873 0.001193 0.020896 0.000065
0 0.011873 0.000905 0.020896 0.000057
0 0.011872 0.000844 0.020898 0.000056
0 0.011886 0.000666 0.020871 0.000060
0 0.011866 0.000725 0.020911 0.000060
0 0.011848 0.000660 0.020946 0.000060
0 0.011869 0.000662 0.020906 0.000056
0 0.011848 0.000724 0.020946 0.000057
0 0.011830 0.000717 0.020983 0.000057
0 0.011832 0.000655 0.020979 0.000068
0 0.011810 0.000721 0.021023 0.000062
0 0.011793 0.000717 0.021057 0.000048
0 0.011326 0.001421 0.021991 0.000031
0 0.011325 0.001450 0.021993 0.000031
0 0.011323 0.001481 0.021997 0.000028
0 0.011880 0.001376 0.020883 0.000062
0 0.011865 0.001644 0.020913 0.000062
0 0.011884 0.001645 0.020875 0.000064
0 0.011888 0.001579 0.020867 0.000068
0 0.011907 0.001592 0.020829 0.000062
0 0.011902 0.001652 0.020838 0.000053
0 0.011896 0.001761 0.020850 0.000051
0 0.011892 0.001841 0.020860 0.000068
0 0.011872 0.001840 0.020898 0.000057
0 0.011878 0.001757 0.020886 0.000064
0 0.011860 0.001754 0.020923 0.000062
0 0.011894 0.001467 0.020856 0.000064
0 0.011913 0.001474 0.020817 0.000060
0 0.011903 0.001378 0.020837 0.000067
0 0.011907 0.001265 0.020829 0.000060
0 0.011992 0.001765 0.020660 0.000028
0 0.011885 0.001263 0.020873 0.000065
0 0.011871 0.001260 0.020902 0.000057
0 0.011852 0.001256 0.020938 0.000051
0 0.011831 0.001251 0.020981 0.000067
0 0.011815 0.001256 0.021013 0.000060
0 0.011797 0.001250 0.021050 0.000062
0 0.011814 0.001570 0.021015 0.000056
0 0.011998 0.001542 0.020646 0.000031
0 0.011997 0.001578 0.020648 0.000028
0 0.011992 0.001609 0.020658 0.000029
0 0.011990 0.001643 0.020664 0.000031
0 0.011992 0.001672 0.020658 0.000037
0 0.011990 0.001703 0.020664 0.000031
0 0.011869 0.001578 0.020906 0.000064
0 0.011876 0.001463 0.020890 0.000059
0 0.011858 0.001467 0.020927 0.000060
0 0.011864 0.001374 0.020915 0.000045
0 0.011784 0.001453 0.021075 0.000056
0 0.011791 0.001360 0.021061 0.000060
0 0.011807 0.001366 0.021029 0.000060
0 0.011802 0.001452 0.021038 0.000062
0 0.011826 0.001367 0.020990 0.000067
0 0.011819 0.001455 0.021006 0.000062
0 0.011796 0.001571 0.021052 0.000065
0 0.011795 0.001633 0.021054 0.000043
0 0.011833 0.001570 0.020977 0.000056
0 0.011811 0.001632 0.021021 0.000056
0 0.011751 0.001734 0.021140 0.000056
0 0.011768 0.001740 0.021107 0.000053
0 0.011765 0.001825 0.021113 0.000060
0 0.011785 0.001738 0.021073 0.000060
0 0.011780 0.001830 0.021082 0.000065
0 0.011798 0.001828 0.021046 0.000057
0 0.011804 0.001743 0.021034 0.000067
0 0.011815 0.001835 0.021013 0.000059
0 0.011823 0.001745 0.020996 0.000059
0 0.011835 0.001835 0.020973 0.000062
0 0.011840 0.001755 0.020963 0.000057
0 0.011855 0.001839 0.020933 0.000054
0 0.011853 0.001578 0.020936 0.000053
0 0.011828 0.001639 0.020986 0.000060
0 0.011847 0.001639 0.020948 0.000060
0 0.011841 0.001462 0.020961 0.000054
0 0.011846 0.001374 0.020952 0.000048
0 0.011992 0.001736 0.020658 0.000031
0 0.011989 0.001799 0.020666 0.000031
0 0.011327 0.001512 0.021989 0.000025
0 0.011517 0.001967 0.021609 0.000056
0 0.011646 0.001925 0.021351 0.000056
0 0.011643 0.001983 0.021357 0.000054
0 0.011625 0.001986 0.021394 0.000053
0 0.011629 0.001916 0.021384 0.000051
0 0.011608 0.001918 0.021426 0.000054
0 0.011587 0.001980 0.021469 0.000057
0 0.011590 0.001909 0.021463 0.000062
0 0.011570 0.001975 0.021503 0.000053
0 0.011574 0.001909 0.021495 0.000050
0 0.011553 0.001972 0.021538 0.000059
0 0.011554 0.001910 0.021536 0.000060
0 0.011532 0.001971 0.021578 0.000060
0 0.011536 0.001900 0.021570 0.000062
0 0.011520 0.001902 0.021603 0.000056
0 0.011980 0.001842 0.020683 0.000029
0 0.011498 0.001961 0.021647 0.000060
0 0.011630 0.002203 0.021382 0.000040
0 0.011648 0.002203 0.021348 0.000051
0 0.011612 0.002205 0.021419 0.000045
0 0.011595 0.002198 0.021453 0.000056
0 0.011575 0.002195 0.021493 0.000056
0 0.011555 0.002196 0.021532 0.000057
0 0.011539 0.002189 0.021565 0.000043
0 0.011522 0.002186 0.021599 0.000056
0 0.011503 0.002181 0.021638 0.000056
0 0.011484 0.002180 0.021674 0.000045
0 0.011465 0.002177 0.021712 0.000057
0 0.011449 0.002178 0.021745 0.000059
0 0.011661 0.001986 0.021321 0.000051
0 0.011667 0.001925 0.021309 0.000047
0 0.011685 0.001924 0.021273 0.000057
0 0.011680 0.001992 0.021282 0.000051
0 0.011981 0.001882 0.020681 0.000029
0 0.011975 0.001928 0.020692 0.000028
0 0.011973 0.001972 0.020696 0.000028
0 0.011970 0.002014 0.020702 0.000026
0 0.011970 0.002055 0.020702 0.000025
0 0.011884 0.001964 0.020875 0.000053
0 0.011882 0.002021 0.020879 0.000062
0 0.011861 0.002018 0.020921 0.000062
0 0.011864 0.001958 0.020915 0.000057
0 0.011844 0.002021 0.020956 0.000050
0 0.011848 0.001948 0.020946 0.000060
0 0.011827 0.002010 0.020988 0.000047
0 0.011826 0.001949 0.020990 0.000064
0 0.011809 0.002010 0.021025 0.000045
0 0.011809 0.001948 0.021025 0.000054
0 0.011790 0.002011 0.021063 0.000051
0 0.011790 0.001945 0.021063 0.000062
0 0.011771 0.002006 0.021102 0.000053
0 0.011774 0.001940 0.021094 0.000060
0 0.011752 0.002006 0.021138 0.000056
0 0.011757 0.001941 0.021129 0.000053
0 0.011740 0.001934 0.021163 0.000062
0 0.011736 0.001998 0.021171 0.000059
0 0.011718 0.001994 0.021207 0.000060
0 0.011699 0.001992 0.021246 0.000057
0 0.011720 0.001931 0.021203 0.000062
0 0.011700 0.001934 0.021244 0.000056
0 0.011768 0.001447 0.021107 0.000056
0 0.011774 0.001357 0.021094 0.000062
0 0.011779 0.001566 0.021084 0.000060
0 0.011591 0.001330 0.021461 0.000060
0 0.011506 0.001522 0.021632 0.000057
0 0.011502 0.001586 0.021639 0.000064
0 0.011403 0.001686 0.021837 0.000053
0 0.011423 0.001690 0.021797 0.000060
0 0.011440 0.001689 0.021762 0.000059
0 0.011460 0.001692 0.021722 0.000048
0 0.011479 0.001697 0.021686 0.000062
0 0.011496 0.001698 0.021651 0.000070
0 0.011506 0.001782 0.021630 0.000067
0 0.011501 0.001899 0.021641 0.000051
0 0.011533 0.001324 0.021576 0.000070
0 0.011554 0.001329 0.021536 0.000062
0 0.011571 0.001329 0.021501 0.000057
0 0.011606 0.001339 0.021430 0.000070
0 0.011776 0.001628 0.021090 0.000048
0 0.011532 0.001411 0.021578 0.000060
0 0.011549 0.001415 0.021545 0.000059
0 0.011567 0.001416 0.021509 0.000056
0 0.011587 0.001418 0.021469 0.000059
0 0.011604 0.001424 0.021434 0.000062
0 0.011623 0.001430 0.021397 0.000050
0 0.011524 0.001524 0.021595 0.000045
0 0.011521 0.001588 0.021601 0.000064
0 0.011539 0.001589 0.021565 0.000054
0 0.011541 0.001526 0.021561 0.000059
0 0.011559 0.001535 0.021524 0.000064
0 0.011558 0.001592 0.021526 0.000051
0 0.011578 0.001536 0.021488 0.000059
0 0.011482 0.001583 0.021678 0.000054
0 0.011487 0.001522 0.021668 0.000060
0 0.011466 0.001578 0.021711 0.000064
0 0.011448 0.001578 0.021747 0.000060
0 0.011320 0.001543 0.022003 0.000026
0 0.011316 0.001571 0.022010 0.000026
0 0.011315 0.001607 0.022012 0.000028
0 0.011318 0.001633 0.022006 0.000023
0 0.011312 0.001658 0.022018 0.000025
0 0.011312 0.001688 0.022018 0.000029
0 0.011426 0.001308 0.021791 0.000062
0 0.011444 0.001307 0.021755 0.000064
0 0.011402 0.001395 0.021839 0.000060
0 0.011423 0.001402 0.021797 0.000065
0 0.011440 0.001398 0.021762 0.000059
0 0.011458 0.001401 0.021726 0.000053
0 0.011459 0.001315 0.021724 0.000067
0 0.011482 0.001316 0.021680 0.000054
0 0.011476 0.001402 0.021691 0.000062
0 0.011499 0.001319 0.021645 0.000053
0 0.011494 0.001406 0.021655 0.000060
0 0.011518 0.001319 0.021607 0.000050
0 0.011514 0.001406 0.021615 0.000060
0 0.011393 0.001509 0.021857 0.000064
0 0.011388 0.001574 0.021866 0.000056
0 0.011413 0.001511 0.021816 0.000068
0 0.011409 0.001578 0.021826 0.000056
0 0.011434 0.001508 0.021774 0.000053
0 0.011450 0.001512 0.021743 0.000068
0 0.011469 0.001517 0.021705 0.000050
0 0.011429 0.001573 0.021785 0.000053
0 0.011574 0.001598 0.021495 0.000051
0 0.011596 0.001536 0.021451 0.000059
0 0.011593 0.001599 0.021457 0.000056
0 0.011670 0.001547 0.021303 0.000064
0 0.011682 0.001616 0.021278 0.000065
0 0.011687 0.001551 0.021269 0.000068
0 0.011701 0.001617 0.021242 0.000064
0 0.011703 0.001551 0.021236 0.000074
0 0.011725 0.001557 0.021194 0.000067
0 0.011719 0.001623 0.021205 0.000068
0 0.011641 0.001721 0.021361 0.000060
0 0.011660 0.001723 0.021323 0.000056
0 0.011676 0.001727 0.021290 0.000057
0 0.011695 0.001730 0.021253 0.000064
0 0.011713 0.001734 0.021217 0.000062
0 0.011637 0.001806 0.021369 0.000064
0 0.011656 0.001806 0.021330 0.000051
0 0.011672 0.001813 0.021299 0.000057
0 0.011692 0.001814 0.021259 0.000048
0 0.011709 0.001818 0.021225 0.000050
0 0.011725 0.001815 0.021194 0.000065
0 0.011735 0.001354 0.021173 0.000068
0 0.011730 0.001442 0.021182 0.000060
0 0.011745 0.001557 0.021153 0.000062
0 0.011738 0.001624 0.021167 0.000068
0 0.011732 0.001737 0.021178 0.000070
0 0.011744 0.001823 0.021155 0.000062
0 0.011753 0.001358 0.021136 0.000070
0 0.011751 0.001446 0.021140 0.000060
0 0.011761 0.001560 0.021121 0.000054
0 0.011757 0.001628 0.021129 0.000048
0 0.011664 0.001616 0.021315 0.000059
0 0.011648 0.001609 0.021348 0.000065
0 0.011616 0.001538 0.021411 0.000054
0 0.011652 0.001542 0.021340 0.000068
0 0.011608 0.001607 0.021426 0.000062
0 0.011514 0.001700 0.021615 0.000053
0 0.011530 0.001705 0.021582 0.000056
0 0.011549 0.001709 0.021545 0.000054
0 0.011567 0.001712 0.021509 0.000054
0 0.011586 0.001712 0.021470 0.000067
0 0.011603 0.001716 0.021436 0.000056
0 0.011621 0.001719 0.021401 0.000064
0 0.011526 0.001788 0.021591 0.000064
0 0.011547 0.001792 0.021549 0.000057
0 0.011562 0.001792 0.021518 0.000060
0 0.011581 0.001794 0.021480 0.000051
0 0.011597 0.001799 0.021449 0.000060
0 0.011617 0.001800 0.021409 0.000067
0 0.011627 0.001336 0.021390 0.000045
0 0.011644 0.001341 0.021355 0.000060
0 0.011641 0.001430 0.021361 0.000043
0 0.011658 0.001429 0.021326 0.000060
0 0.011662 0.001343 0.021319 0.000053
0 0.011680 0.001347 0.021282 0.000051
0 0.011676 0.001437 0.021290 0.000064
0 0.011697 0.001437 0.021250 0.000060
0 0.011699 0.001350 0.021246 0.000060
0 0.011712 0.001440 0.021219 0.000060
0 0.011717 0.001355 0.021209 0.000064
0 0.011631 0.001545 0.021380 0.000065
0 0.011629 0.001608 0.021384 0.000051
0 0.011453 0.000313 0.021737 0.000065