0 0.011810 0.002011 0.021023 0.000018
0 0.010527 0.001474 0.019124 0.000029
0 0.010558 0.001396 0.019062 0.000026
0 0.010552 0.001417 0.019075 0.000025
0 0.010541 0.001417 0.019096 0.000025
0 0.010546 0.001399 0.019086 0.000026
0 0.010530 0.001418 0.019118 0.000025
0 0.010535 0.001399 0.019108 0.000026
0 0.010525 0.001401 0.019128 0.000025
0 0.010519 0.001421 0.019140 0.000025
0 0.010508 0.001421 0.019163 0.000025
0 0.010513 0.001403 0.019152 0.000024
0 0.010497 0.001423 0.019184 0.000026
0 0.010502 0.001404 0.019175 0.000025
0 0.010486 0.001424 0.019206 0.000024
0 0.010492 0.001404 0.019194 0.000025
0 0.010480 0.001408 0.019219 0.000024
0 0.010479 0.001479 0.019221 0.000031
0 0.010491 0.001505 0.019197 0.000031
0 0.010488 0.001482 0.019203 0.000023
0 0.010498 0.001504 0.019183 0.000028
0 0.010493 0.001481 0.019192 0.000031
0 0.010506 0.001505 0.019167 0.000028
0 0.010502 0.001480 0.019175 0.000023
0 0.010512 0.001503 0.019154 0.000029
0 0.010506 0.001478 0.019166 0.000029
0 0.010519 0.001502 0.019141 0.000031
0 0.010514 0.001475 0.019150 0.000030
0 0.010527 0.001501 0.019124 0.000028
0 0.010566 0.001471 0.019046 0.000028
0 0.010573 0.001469 0.019033 0.000029
0 0.010580 0.001495 0.019020 0.000029
0 0.010618 0.001406 0.018944 0.000025
0 0.010680 0.001472 0.018819 0.000031
0 0.010663 0.001458 0.018852 0.000028
0 0.010657 0.001485 0.018864 0.000029
0 0.010676 0.001433 0.018827 0.000010
0 0.010677 0.001423 0.018825 0.000009
0 0.010657 0.001437 0.018865 0.000010
0 0.010658 0.001425 0.018862 0.000010
0 0.010638 0.001440 0.018903 0.000011
0 0.010642 0.001427 0.018894 0.000009
0 0.010644 0.001386 0.018891 0.000026
0 0.010636 0.001485 0.018907 0.000030
0 0.010630 0.001488 0.018918 0.000028
0 0.010622 0.001388 0.018934 0.000025
0 0.010568 0.001395 0.019043 0.000027
0 0.010607 0.001409 0.018965 0.000025
0 0.010597 0.001410 0.018984 0.000024
0 0.010616 0.001490 0.018947 0.000029
0 0.010609 0.001491 0.018961 0.000028
0 0.010602 0.001466 0.018975 0.000029
0 0.010601 0.001493 0.018976 0.000029
0 0.010593 0.001492 0.018992 0.000027
0 0.010586 0.001492 0.019006 0.000028
0 0.010601 0.001391 0.018977 0.000025
0 0.010589 0.001394 0.019001 0.000025
0 0.010579 0.001395 0.019021 0.000025
0 0.010563 0.001415 0.019052 0.000025
0 0.010520 0.001473 0.019138 0.000029
0 0.010533 0.001499 0.019113 0.000031
0 0.010306 0.000997 0.019567 0.000025
0 0.010540 0.001499 0.019099 0.000029
0 0.010772 0.001735 0.018635 0.000028
0 0.010766 0.001738 0.018646 0.000028
0 0.010775 0.001765 0.018629 0.000028
0 0.010760 0.001741 0.018658 0.000027
0 0.010767 0.001765 0.018645 0.000028
0 0.010752 0.001741 0.018674 0.000028
0 0.010759 0.001764 0.018661 0.000029
0 0.010752 0.001766 0.018675 0.000028
0 0.010745 0.001740 0.018690 0.000028
0 0.010737 0.001741 0.018704 0.000029
0 0.010746 0.001767 0.018686 0.000027
0 0.010732 0.001743 0.018715 0.000029
0 0.010738 0.001768 0.018702 0.000030
0 0.010724 0.001741 0.018731 0.000031
0 0.010718 0.001743 0.018743 0.000030
0 0.010732 0.001769 0.018715 0.000028
0 0.010724 0.001770 0.018730 0.000031
0 0.010711 0.001742 0.018757 0.000030
0 0.010705 0.001744 0.018769 0.000030
0 0.010718 0.001771 0.018742 0.000030
0 0.010711 0.001772 0.018756 0.000030
0 0.010705 0.001773 0.018768 0.000029
0 0.010703 0.001782 0.018772 0.000026
0 0.010781 0.001566 0.018617 0.000024
0 0.010782 0.001552 0.018615 0.000025
0 0.010766 0.001573 0.018646 0.000026
0 0.010771 0.001554 0.018636 0.000024
0 0.010781 0.001764 0.018618 0.000029
0 0.010786 0.001761 0.018606 0.000029
0 0.010781 0.001735 0.018618 0.000025
0 0.010805 0.001698 0.018569 0.000028
0 0.010534 0.001473 0.019110 0.000029
0 0.010547 0.001499 0.019084 0.000030
0 0.010541 0.001472 0.019097 0.000032
0 0.010553 0.001498 0.019072 0.000030
0 0.010547 0.001472 0.019084 0.000030
0 0.010560 0.001497 0.019059 0.000029
0 0.010553 0.001471 0.019072 0.000028
0 0.010566 0.001496 0.019046 0.000029
0 0.010573 0.001496 0.019033 0.000029
0 0.010818 0.001681 0.018543 0.000029
0 0.010805 0.001672 0.018569 0.000028
0 0.010803 0.001682 0.018572 0.000029
0 0.010819 0.001695 0.018540 0.000025
0 0.010792 0.001760 0.018594 0.000028
0 0.010818 0.001707 0.018542 0.000027
0 0.010820 0.001721 0.018538 0.000026
0 0.010822 0.001739 0.018534 0.000025
0 0.010807 0.001715 0.018564 0.000028
0 0.010803 0.001722 0.018572 0.000030
0 0.010818 0.001748 0.018542 0.000029
0 0.010817 0.001759 0.018544 0.000025
0 0.010803 0.001735 0.018573 0.000028
0 0.010808 0.001758 0.018562 0.000029
0 0.010794 0.001733 0.018591 0.000028
0 0.010802 0.001760 0.018575 0.000027
0 0.010788 0.001736 0.018603 0.000028
0 0.010698 0.001481 0.018782 0.000030
0 0.010710 0.001477 0.018759 0.000030
0 0.010704 0.001450 0.018771 0.000030
0 0.010717 0.001476 0.018745 0.000030
0 0.010356 0.000958 0.019467 0.000027
0 0.010356 0.000973 0.019467 0.000027
0 0.010354 0.000982 0.019471 0.000025
0 0.010353 0.000994 0.019472 0.000025
0 0.010354 0.001007 0.019470 0.000026
0 0.010353 0.001018 0.019473 0.000025
0 0.010393 0.000958 0.019393 0.000032
0 0.010415 0.000892 0.019349 0.000010
0 0.010401 0.000980 0.019377 0.000010
0 0.010401 0.000990 0.019377 0.000009
0 0.010401 0.001017 0.019377 0.000010
0 0.010477 0.000891 0.019224 0.000012
0 0.010474 0.000949 0.019230 0.000034
0 0.010484 0.000947 0.019210 0.000033
0 0.010489 0.000946 0.019200 0.000034
0 0.010495 0.000943 0.019189 0.000032
0 0.010505 0.000946 0.019169 0.000033
0 0.010509 0.000944 0.019160 0.000036
0 0.010483 0.000901 0.019213 0.000010
0 0.010466 0.001022 0.019246 0.000035
0 0.010493 0.001053 0.019192 0.000032
0 0.010655 0.001148 0.018868 0.000009
0 0.010655 0.001159 0.018868 0.000010
0 0.010565 0.001150 0.019049 0.000017
0 0.010565 0.001164 0.019048 0.000025
0 0.010557 0.001168 0.019065 0.000023
0 0.010561 0.001184 0.019057 0.000017
0 0.010355 0.000946 0.019468 0.000024
0 0.010358 0.000938 0.019463 0.000024
0 0.010356 0.000920 0.019467 0.000025
0 0.010377 0.000786 0.019425 0.000026
0 0.010363 0.000706 0.019452 0.000026
0 0.010362 0.000717 0.019454 0.000026
0 0.010362 0.000729 0.019454 0.000026
0 0.010361 0.000740 0.019456 0.000027
0 0.010362 0.000755 0.019454 0.000027
0 0.010361 0.000779 0.019457 0.000025
0 0.010382 0.000716 0.019415 0.000026
0 0.010380 0.000727 0.019418 0.000027
0 0.010379 0.000739 0.019420 0.000027
0 0.010379 0.000751 0.019421 0.000025
0 0.010377 0.000761 0.019425 0.000026
0 0.010378 0.000776 0.019423 0.000027
0 0.010377 0.000799 0.019425 0.000027
0 0.010357 0.000911 0.019465 0.000024
0 0.010377 0.000811 0.019425 0.000024
0 0.010375 0.000821 0.019428 0.000024
0 0.010374 0.000833 0.019430 0.000026
0 0.010360 0.000789 0.019459 0.000026
0 0.010359 0.000800 0.019460 0.000027
0 0.010359 0.000812 0.019461 0.000025
0 0.010362 0.000826 0.019454 0.000026
0 0.010358 0.000835 0.019463 0.000025
0 0.010359 0.000861 0.019461 0.000025
0 0.010358 0.000874 0.019463 0.000025
0 0.010357 0.000884 0.019465 0.000025
0 0.010356 0.000897 0.019466 0.000025
0 0.010550 0.001187 0.019079 0.000022
0 0.010544 0.001168 0.019091 0.000022
0 0.010533 0.001170 0.019113 0.000024
0 0.010783 0.001436 0.018613 0.000035
0 0.010814 0.001583 0.018551 0.000027
0 0.010814 0.001595 0.018551 0.000027
0 0.010816 0.001611 0.018547 0.000027
0 0.010817 0.001624 0.018545 0.000027
0 0.010815 0.001636 0.018548 0.000028
0 0.010816 0.001649 0.018547 0.000028
0 0.010816 0.001663 0.018546 0.000028
0 0.010798 0.001431 0.018582 0.000035
0 0.010794 0.001433 0.018591 0.000034
0 0.010792 0.001396 0.018595 0.000033
0 0.010788 0.001432 0.018602 0.000033
0 0.010787 0.001396 0.018605 0.000034
0 0.010781 0.001399 0.018616 0.000036
0 0.010812 0.001558 0.018554 0.000026
0 0.010778 0.001437 0.018623 0.000035
0 0.010777 0.001402 0.018625 0.000029
0 0.010773 0.001438 0.018633 0.000037
0 0.010771 0.001402 0.018637 0.000030
0 0.010767 0.001445 0.018644 0.000035
0 0.010765 0.001403 0.018649 0.000034
0 0.010752 0.001442 0.018675 0.000035
0 0.010733 0.001439 0.018712 0.000009
0 0.010730 0.001399 0.018718 0.000033
0 0.010731 0.001474 0.018717 0.000031
0 0.010724 0.001476 0.018731 0.000031
0 0.010712 0.001449 0.018754 0.000029
0 0.010814 0.001570 0.018551 0.000025
0 0.010811 0.001544 0.018556 0.000026
0 0.010538 0.001187 0.019103 0.000022
0 0.010352 0.001085 0.019474 0.000035
0 0.010528 0.001188 0.019122 0.000022
0 0.010526 0.001171 0.019127 0.000018
0 0.010511 0.001153 0.019156 0.000025
0 0.010516 0.001172 0.019146 0.000019
0 0.010514 0.001186 0.019150 0.000023
0 0.010509 0.001190 0.019161 0.000025
0 0.010321 0.001067 0.019537 0.000035
0 0.010325 0.001066 0.019528 0.000035
0 0.010331 0.001069 0.019516 0.000036
0 0.010337 0.001075 0.019505 0.000034
0 0.010342 0.001078 0.019495 0.000034
0 0.010347 0.001082 0.019485 0.000034
0 0.010358 0.001087 0.019463 0.000034
0 0.010811 0.001532 0.018556 0.000028
0 0.010364 0.001090 0.019452 0.000036
0 0.010371 0.001093 0.019436 0.000036
0 0.010380 0.001096 0.019419 0.000037
0 0.010386 0.001104 0.019407 0.000032
0 0.010391 0.001104 0.019396 0.000034
0 0.010396 0.001107 0.019387 0.000034
0 0.010400 0.001109 0.019378 0.000032
0 0.010407 0.001115 0.019364 0.000031
0 0.010411 0.001115 0.019356 0.000035
0 0.010812 0.001489 0.018554 0.000031
0 0.010813 0.001505 0.018553 0.000031
0 0.010811 0.001519 0.018557 0.000028
0 0.010757 0.001574 0.018665 0.000023
0 0.010776 0.001535 0.018627 0.000024
0 0.010761 0.001555 0.018656 0.000024
0 0.010394 0.001448 0.019390 0.000013
0 0.010288 0.001419 0.019603 0.000011
0 0.010288 0.001410 0.019602 0.000012
0 0.010291 0.001399 0.019597 0.000014
0 0.010277 0.001561 0.019625 0.000010
0 0.010276 0.001541 0.019626 0.000011
0 0.010257 0.001563 0.019664 0.000010
0 0.010266 0.001535 0.019647 0.000026
0 0.010260 0.001533 0.019659 0.000025
0 0.010250 0.001531 0.019678 0.000025
0 0.010235 0.001550 0.019709 0.000024
0 0.010237 0.001567 0.019704 0.000010
0 0.010252 0.001137 0.019675 0.000013
0 0.010248 0.001146 0.019683 0.000016
0 0.010256 0.001161 0.019667 0.000015
0 0.010241 0.001154 0.019696 0.000014
0 0.010232 0.001138 0.019715 0.000016
0 0.010235 0.001128 0.019708 0.000015
0 0.010220 0.001119 0.019739 0.000014
0 0.010216 0.001130 0.019746 0.000014
0 0.010225 0.001146 0.019728 0.000013
0 0.010210 0.001138 0.019759 0.000013
0 0.010201 0.001123 0.019776 0.000015
0 0.010202 0.001112 0.019774 0.000014
0 0.010193 0.001131 0.019792 0.000016
0 0.010190 0.001140 0.019799 0.000017
0 0.010208 0.001150 0.019762 0.000015
0 0.010227 0.001158 0.019725 0.000016
0 0.010285 0.001429 0.019608 0.000012
0 0.010285 0.001439 0.019608 0.000010
0 0.010301 0.001452 0.019576 0.000010
0 0.010314 0.001518 0.019550 0.000012
0 0.010375 0.001454 0.019429 0.000010
0 0.010389 0.001521 0.019400 0.000007
0 0.010369 0.001520 0.019440 0.000010
0 0.010371 0.001511 0.019436 0.000009
0 0.010350 0.001519 0.019478 0.000009
0 0.010342 0.001540 0.019495 0.000008
0 0.010335 0.001521 0.019509 0.000009
0 0.010323 0.001540 0.019532 0.000010
0 0.010314 0.001555 0.019550 0.000010
0 0.010314 0.001565 0.019551 0.000010
0 0.010303 0.001538 0.019572 0.000010
0 0.010295 0.001558 0.019588 0.000010
0 0.010295 0.001512 0.019588 0.000016
0 0.010304 0.001442 0.019571 0.000010
0 0.010339 0.001419 0.019501 0.000035
0 0.010333 0.001454 0.019512 0.000033
0 0.010344 0.001386 0.019490 0.000028
0 0.010334 0.001384 0.019511 0.000031
0 0.010329 0.001418 0.019520 0.000034
0 0.010322 0.001454 0.019535 0.000036
0 0.010309 0.001484 0.019562 0.000029
0 0.010311 0.001397 0.019558 0.000013
0 0.010309 0.001405 0.019561 0.000013
0 0.010308 0.001414 0.019563 0.000013
0 0.010307 0.001423 0.019564 0.000014
0 0.010306 0.001432 0.019567 0.000012
0 0.010246 0.001168 0.019686 0.000017
0 0.010248 0.001189 0.019683 0.000017
0 0.010236 0.001173 0.019707 0.000016
0 0.010171 0.001236 0.019836 0.000016
0 0.010227 0.001285 0.019724 0.000015
0 0.010242 0.001314 0.019694 0.000017
0 0.010225 0.001305 0.019728 0.000016
0 0.010227 0.001295 0.019725 0.000016
0 0.010208 0.001297 0.019763 0.000015
0 0.010212 0.001289 0.019754 0.000015
0 0.010209 0.001276 0.019761 0.000016
0 0.010195 0.001280 0.019789 0.000015
0 0.010190 0.001289 0.019798 0.000017
0 0.010192 0.001267 0.019795 0.000016
0 0.010188 0.001245 0.019803 0.000016
0 0.010184 0.001253 0.019812 0.000016
0 0.010174 0.001260 0.019831 0.000016
0 0.010228 0.001275 0.019722 0.000016
0 0.010174 0.001269 0.019830 0.000016
0 0.010172 0.001281 0.019835 0.000014
0 0.010172 0.001291 0.019835 0.000016
0 0.010160 0.001314 0.019859 0.000032
0 0.010169 0.001300 0.019840 0.000016
0 0.010189 0.001298 0.019800 0.000015
0 0.010188 0.001309 0.019802 0.000016
0 0.010208 0.001307 0.019763 0.000016
0 0.010205 0.001317 0.019769 0.000016
0 0.010226 0.001316 0.019727 0.000016
0 0.010222 0.001325 0.019735 0.000016
0 0.010239 0.001345 0.019702 0.000017
0 0.010207 0.001255 0.019765 0.000016
0 0.010236 0.001268 0.019706 0.000015
0 0.010220 0.001175 0.019740 0.000016
0 0.010232 0.001212 0.019715 0.000014
0 0.010221 0.001165 0.019736 0.000014
0 0.010210 0.001159 0.019759 0.000013
0 0.010201 0.001167 0.019776 0.000016
0 0.010191 0.001152 0.019797 0.000016
0 0.010187 0.001171 0.019804 0.000015
0 0.010186 0.001181 0.019807 0.000016
0 0.010206 0.001180 0.019766 0.000015
0 0.010204 0.001189 0.019770 0.000016
0 0.010223 0.001188 0.019732 0.000016
0 0.010223 0.001198 0.019733 0.000016
0 0.010240 0.001205 0.019698 0.000016
0 0.010243 0.001229 0.019692 0.000016
0 0.010226 0.001221 0.019727 0.000015
0 0.010248 0.001262 0.019683 0.000016
0 0.010214 0.001205 0.019751 0.000015
0 0.010208 0.001212 0.019763 0.000014
0 0.010196 0.001196 0.019786 0.000016
0 0.010182 0.001210 0.019814 0.000013
0 0.010182 0.001221 0.019814 0.000016
0 0.010180 0.001231 0.019819 0.000016
0 0.010198 0.001217 0.019783 0.000016
0 0.010199 0.001229 0.019780 0.000016
0 0.010197 0.001239 0.019785 0.000016
0 0.010216 0.001226 0.019747 0.000016
0 0.010215 0.001237 0.019748 0.000013
0 0.010234 0.001235 0.019711 0.000017
0 0.010374 0.001443 0.019430 0.000012
0 0.010272 0.001120 0.019635 0.000021
0 0.010745 0.001576 0.018688 0.000026
0 0.010273 0.001105 0.019632 0.000022
0 0.010662 0.001569 0.018855 0.000025
0 0.010683 0.001529 0.018812 0.000022
0 0.010667 0.001549 0.018845 0.000025
0 0.010651 0.001570 0.018876 0.000025
0 0.010636 0.001589 0.018906 0.000025
0 0.010624 0.001591 0.018930 0.000025
0 0.010639 0.001571 0.018900 0.000026
0 0.010655 0.001551 0.018868 0.000023
0 0.010671 0.001532 0.018838 0.000025
0 0.010662 0.001530 0.018854 0.000024
0 0.010644 0.001551 0.018890 0.000026
0 0.010629 0.001572 0.018920 0.000026
0 0.010615 0.001592 0.018949 0.000024
0 0.010618 0.001574 0.018942 0.000025
0 0.010603 0.001594 0.018972 0.000024
0 0.010647 0.001536 0.018884 0.000024
0 0.010638 0.001536 0.018902 0.000022
0 0.010622 0.001555 0.018934 0.000024
0 0.010608 0.001576 0.018963 0.000025
0 0.010592 0.001595 0.018995 0.000024
0 0.010611 0.001556 0.018957 0.000025
0 0.010597 0.001577 0.018985 0.000025
0 0.010580 0.001596 0.019018 0.000025
0 0.010571 0.001598 0.019037 0.000024
0 0.010585 0.001579 0.019008 0.000026
0 0.010601 0.001558 0.018978 0.000025
0 0.010606 0.001539 0.018967 0.000025
0 0.010678 0.001548 0.018823 0.000025
0 0.010693 0.001529 0.018792 0.000022
0 0.010657 0.001587 0.018864 0.000025
0 0.010732 0.001541 0.018715 0.000025
0 0.010765 0.001537 0.018649 0.000023
0 0.010750 0.001557 0.018678 0.000023
0 0.010736 0.001575 0.018707 0.000024
0 0.010738 0.001561 0.018703 0.000023
0 0.010753 0.001539 0.018672 0.000023
0 0.010768 0.001521 0.018643 0.000021
0 0.010724 0.001579 0.018731 0.000022
0 0.010757 0.001522 0.018665 0.000025
0 0.010742 0.001542 0.018694 0.000024
0 0.010726 0.001561 0.018727 0.000026
0 0.010710 0.001582 0.018759 0.000025
0 0.010748 0.001521 0.018683 0.000023
0 0.010718 0.001561 0.018743 0.000024
0 0.010673 0.001567 0.018832 0.000025
0 0.010701 0.001579 0.018776 0.000026
0 0.010737 0.001522 0.018705 0.000024
0 0.010721 0.001543 0.018737 0.000025
0 0.010705 0.001563 0.018768 0.000026
0 0.010726 0.001524 0.018727 0.000025
0 0.010711 0.001543 0.018757 0.000022
0 0.010695 0.001564 0.018788 0.000025
0 0.010715 0.001527 0.018749 0.000022
0 0.010699 0.001545 0.018780 0.000025
0 0.010683 0.001566 0.018812 0.000026
0 0.010703 0.001527 0.018773 0.000024
0 0.010688 0.001547 0.018803 0.000024
0 0.010591 0.001559 0.018997 0.000025
0 0.010576 0.001579 0.019027 0.000024
0 0.010560 0.001599 0.019059 0.000026
0 0.010345 0.001550 0.019490 0.000008
0 0.010439 0.001540 0.019300 0.000007
0 0.010437 0.001530 0.019304 0.000009
0 0.010421 0.001550 0.019337 0.000008
0 0.010419 0.001540 0.019340 0.000008
0 0.010418 0.001531 0.019343 0.000008
0 0.010401 0.001551 0.019376 0.000009
0 0.010399 0.001541 0.019381 0.000007
0 0.010398 0.001531 0.019383 0.000008
0 0.010383 0.001551 0.019414 0.000009
0 0.010380 0.001540 0.019419 0.000008
0 0.010364 0.001550 0.019451 0.000007
0 0.010362 0.001540 0.019455 0.000008
0 0.010432 0.001309 0.019315 0.000013
0 0.010460 0.001606 0.019258 0.000034
0 0.010431 0.001298 0.019317 0.000014
0 0.010430 0.001286 0.019318 0.000016
0 0.010430 0.001276 0.019318 0.000016
0 0.010430 0.001266 0.019319 0.000016
0 0.010430 0.001256 0.019318 0.000015
0 0.010409 0.001351 0.019360 0.000008
0 0.010409 0.001360 0.019361 0.000009
0 0.010408 0.001371 0.019363 0.000010
0 0.010406 0.001381 0.019367 0.000010
0 0.010405 0.001389 0.019368 0.000012
0 0.010404 0.001399 0.019371 0.000013
0 0.010402 0.001408 0.019374 0.000015
0 0.010458 0.001571 0.019262 0.000034
0 0.010495 0.001555 0.019189 0.000025
0 0.010595 0.001541 0.018988 0.000024
0 0.010549 0.001549 0.019080 0.000023
0 0.010580 0.001560 0.019020 0.000025
0 0.010563 0.001581 0.019053 0.000027
0 0.010547 0.001601 0.019085 0.000025
0 0.010583 0.001542 0.019012 0.000027
0 0.010568 0.001563 0.019043 0.000025
0 0.010551 0.001583 0.019076 0.000027
0 0.010572 0.001546 0.019035 0.000025
0 0.010557 0.001564 0.019065 0.000024
0 0.010542 0.001585 0.019095 0.000026
0 0.010527 0.001603 0.019125 0.000024
0 0.010514 0.001606 0.019150 0.000028
0 0.010530 0.001587 0.019118 0.000026
0 0.010534 0.001569 0.019111 0.000024
0 0.010507 0.001552 0.019165 0.000025
0 0.010518 0.001589 0.019143 0.000025
0 0.010503 0.001609 0.019173 0.000025
0 0.010494 0.001608 0.019190 0.000025
0 0.010510 0.001588 0.019160 0.000025
0 0.010524 0.001568 0.019130 0.000022
0 0.010539 0.001549 0.019100 0.000023
0 0.010513 0.001570 0.019152 0.000025
0 0.010497 0.001590 0.019184 0.000026
0 0.010518 0.001551 0.019143 0.000024
0 0.010503 0.001570 0.019172 0.000025
0 0.010490 0.001589 0.019198 0.000022
0 0.010491 0.001574 0.019196 0.000019
0 0.010365 0.000696 0.019448 0.000025
0 0.010315 0.000995 0.019548 0.000023
0 0.010223 0.001347 0.019733 0.000016
0 0.010731 0.000588 0.018716 0.000027
0 0.010807 0.000479 0.018565 0.000009
0 0.010805 0.000488 0.018568 0.000008
0 0.010804 0.000468 0.018570 0.000012
0 0.010805 0.000460 0.018569 0.000010
0 0.010803 0.000450 0.018573 0.000009
0 0.010799 0.000434 0.018581 0.000026
0 0.010794 0.000431 0.018591 0.000032
0 0.010780 0.000460 0.018619 0.000010
0 0.010777 0.000473 0.018624 0.000007
0 0.010779 0.000488 0.018620 0.000021
0 0.010784 0.000505 0.018610 0.000025
0 0.010784 0.000523 0.018610 0.000028
0 0.010779 0.000527 0.018620 0.000025
0 0.010793 0.000634 0.018593 0.000032
0 0.010798 0.000634 0.018584 0.000034
0 0.010780 0.000633 0.018618 0.000035
0 0.010774 0.000619 0.018630 0.000034
0 0.010763 0.000523 0.018653 0.000009
0 0.010764 0.000485 0.018651 0.000009
0 0.010760 0.000475 0.018658 0.000010
0 0.010762 0.000462 0.018655 0.000010
0 0.010790 0.000427 0.018599 0.000029
0 0.010784 0.000424 0.018610 0.000028
0 0.010779 0.000424 0.018621 0.000029
0 0.010762 0.000596 0.018656 0.000028
0 0.010747 0.000591 0.018685 0.000028
0 0.010741 0.000592 0.018696 0.000031
0 0.010804 0.000499 0.018570 0.000007
0 0.010805 0.000509 0.018568 0.000008
0 0.010811 0.000519 0.018557 0.000008
0 0.011038 0.000389 0.018102 0.000028
0 0.011027 0.000306 0.018125 0.000035
0 0.011022 0.000343 0.018135 0.000036
0 0.011017 0.000379 0.018144 0.000036
0 0.011032 0.000312 0.018114 0.000035
0 0.011027 0.000347 0.018124 0.000035
0 0.011023 0.000382 0.018133 0.000036
0 0.011038 0.000312 0.018103 0.000035
0 0.011033 0.000349 0.018114 0.000036
0 0.011028 0.000385 0.018123 0.000036
0 0.011042 0.000317 0.018094 0.000036
0 0.011047 0.000327 0.018084 0.000028
0 0.011043 0.000358 0.018092 0.000028
0 0.011053 0.000323 0.018072 0.000034
0 0.010815 0.000530 0.018548 0.000007
0 0.011048 0.000361 0.018083 0.000033
0 0.011044 0.000395 0.018091 0.000034
0 0.011060 0.000322 0.018058 0.000034
0 0.011054 0.000360 0.018071 0.000032
0 0.011049 0.000397 0.018080 0.000034
0 0.011054 0.000396 0.018070 0.000034
0 0.010815 0.000588 0.018549 0.000008
0 0.010817 0.000577 0.018544 0.000008
0 0.010812 0.000565 0.018555 0.000007
0 0.010810 0.000555 0.018558 0.000007
0 0.010811 0.000546 0.018557 0.000007
0 0.010812 0.000538 0.018554 0.000008
0 0.010736 0.000588 0.018706 0.000034
0 0.010727 0.000592 0.018725 0.000028
0 0.010306 0.000959 0.019567 0.000024
0 0.010722 0.000593 0.018735 0.000028
0 0.010603 0.000527 0.018973 0.000037
0 0.010602 0.000489 0.018974 0.000032
0 0.010606 0.000487 0.018966 0.000033
0 0.010599 0.000449 0.018980 0.000034
0 0.010605 0.000453 0.018969 0.000032
0 0.010604 0.000420 0.018971 0.000033
0 0.010593 0.000433 0.018993 0.000035
0 0.010598 0.000414 0.018982 0.000035
0 0.010592 0.000392 0.018994 0.000034
0 0.010587 0.000397 0.019004 0.000036
0 0.010602 0.000384 0.018974 0.000033
0 0.010585 0.000361 0.019008 0.000035
0 0.010589 0.000356 0.019000 0.000033
0 0.010596 0.000353 0.018986 0.000031
0 0.010589 0.000323 0.019001 0.000024
0 0.010583 0.000596 0.019012 0.000021
0 0.010577 0.000601 0.019024 0.000023
0 0.010576 0.000611 0.019027 0.000022
0 0.010583 0.000630 0.019012 0.000020
0 0.010590 0.000648 0.018999 0.000020
0 0.010582 0.000652 0.019015 0.000021
0 0.010585 0.000666 0.019009 0.000022
0 0.010591 0.000682 0.018996 0.000018
0 0.010574 0.000633 0.019031 0.000020
0 0.010567 0.000615 0.019045 0.000022
0 0.010577 0.000669 0.019025 0.000018
0 0.010568 0.000650 0.019043 0.000021
0 0.010608 0.000530 0.018962 0.000035
0 0.010599 0.000667 0.018980 0.000020
0 0.010599 0.000645 0.018980 0.000022
0 0.010616 0.000660 0.018946 0.000019
0 0.010717 0.000595 0.018744 0.000028
0 0.010712 0.000601 0.018754 0.000028
0 0.010707 0.000607 0.018764 0.000029
0 0.010702 0.000606 0.018774 0.000034
0 0.010647 0.000620 0.018884 0.000022
0 0.010642 0.000628 0.018894 0.000022
0 0.010640 0.000648 0.018898 0.000022
0 0.010633 0.000653 0.018912 0.000022
0 0.010631 0.000663 0.018917 0.000022
0 0.010633 0.000675 0.018913 0.000022
0 0.010623 0.000678 0.018932 0.000022
0 0.010616 0.000682 0.018946 0.000021
0 0.010629 0.000627 0.018920 0.000022
0 0.010596 0.000629 0.018987 0.000021
0 0.010628 0.000613 0.018922 0.000020
0 0.010631 0.000605 0.018916 0.000022
0 0.010627 0.000586 0.018924 0.000022
0 0.010625 0.000633 0.018929 0.000019
0 0.010615 0.000636 0.018949 0.000022
0 0.010613 0.000647 0.018952 0.000021
0 0.010613 0.000589 0.018953 0.000021
0 0.010610 0.000597 0.018959 0.000022
0 0.010608 0.000606 0.018963 0.000022
0 0.010606 0.000616 0.018966 0.000022
0 0.010606 0.000663 0.018966 0.000020
0 0.010597 0.000620 0.018984 0.000022
0 0.011012 0.000373 0.018154 0.000031
0 0.011017 0.000341 0.018145 0.000035
0 0.011022 0.000305 0.018135 0.000036
0 0.011006 0.000374 0.018166 0.000036
0 0.010546 0.000124 0.019086 0.000013
0 0.010546 0.000134 0.019087 0.000012
0 0.010536 0.000072 0.019107 0.000015
0 0.010537 0.000062 0.019105 0.000014
0 0.010556 0.000070 0.019067 0.000016
0 0.010496 0.000284 0.019186 0.000010
0 0.010496 0.000305 0.019186 0.000012
0 0.010512 0.000256 0.019154 0.000010
0 0.010511 0.000277 0.019156 0.000012
0 0.010512 0.000287 0.019155 0.000010
0 0.010508 0.000297 0.019162 0.000010
0 0.010515 0.000309 0.019149 0.000010
0 0.010529 0.000249 0.019121 0.000010
0 0.010528 0.000258 0.019122 0.000010
0 0.010528 0.000269 0.019122 0.000010
0 0.010528 0.000280 0.019122 0.000010
0 0.010530 0.000289 0.019118 0.000010
0 0.010527 0.000299 0.019125 0.000010
0 0.010547 0.000250 0.019084 0.000009
0 0.010547 0.000260 0.019084 0.000011
0 0.010548 0.000271 0.019082 0.000009
0 0.010547 0.000281 0.019084 0.000010
0 0.010549 0.000290 0.019080 0.000009
0 0.010545 0.000300 0.019089 0.000009
0 0.010544 0.000311 0.019090 0.000009
0 0.010580 0.000176 0.019020 0.000034
0 0.010581 0.000213 0.019017 0.000034
0 0.010528 0.000118 0.019123 0.000014
0 0.010528 0.000127 0.019122 0.000015
0 0.010528 0.000137 0.019122 0.000015
0 0.010497 0.000054 0.019184 0.000015
0 0.010103 0.000056 0.019972 0.000031
0 0.010110 0.000255 0.019958 0.000022
0 0.010109 0.000273 0.019960 0.000020
0 0.010110 0.000285 0.019960 0.000019
0 0.010111 0.000296 0.019956 0.000016
0 0.010138 0.000200 0.019903 0.000032
0 0.010142 0.000208 0.019895 0.000033
0 0.010153 0.000247 0.019873 0.000007
0 0.010151 0.000259 0.019877 0.000008
0 0.010150 0.000271 0.019878 0.000008
0 0.010155 0.000236 0.019869 0.000008
0 0.010480 0.000049 0.019218 0.000012
0 0.010516 0.000063 0.019147 0.000015
0 0.010521 0.000159 0.019136 0.000008
0 0.010519 0.000055 0.019141 0.000014
0 0.010511 0.000111 0.019156 0.000014
0 0.010502 0.000157 0.019175 0.000009
0 0.010501 0.000166 0.019177 0.000010
0 0.010501 0.000189 0.019176 0.000010
0 0.010498 0.000206 0.019182 0.000009
0 0.010518 0.000209 0.019143 0.000010
0 0.010521 0.000199 0.019136 0.000009
0 0.010535 0.000211 0.019108 0.000007
0 0.010540 0.000200 0.019099 0.000008
0 0.010520 0.000168 0.019138 0.000010
0 0.010539 0.000171 0.019100 0.000010
0 0.010586 0.000179 0.019007 0.000036
0 0.010585 0.000215 0.019008 0.000035
0 0.010581 0.000248 0.019016 0.000035
0 0.010980 0.000360 0.018218 0.000035
0 0.010935 0.000283 0.018308 0.000016
0 0.010934 0.000293 0.018311 0.000015
0 0.010931 0.000303 0.018316 0.000017
0 0.010932 0.000314 0.018314 0.000015
0 0.010927 0.000322 0.018325 0.000017
0 0.010926 0.000333 0.018327 0.000018
0 0.010928 0.000343 0.018323 0.000016
0 0.010979 0.000285 0.018220 0.000037
0 0.010985 0.000287 0.018208 0.000036
0 0.010969 0.000360 0.018240 0.000035
0 0.010991 0.000287 0.018197 0.000035
0 0.010985 0.000323 0.018208 0.000034
0 0.010985 0.000361 0.018208 0.000035
0 0.010937 0.000263 0.018305 0.000015
0 0.010991 0.000323 0.018197 0.000034
0 0.010997 0.000287 0.018186 0.000034
0 0.011000 0.000293 0.018178 0.000037
0 0.010995 0.000328 0.018188 0.000034
0 0.010991 0.000364 0.018197 0.000033
0 0.011006 0.000296 0.018167 0.000034
0 0.011000 0.000336 0.018178 0.000033
0 0.010996 0.000371 0.018186 0.000035
0 0.011012 0.000298 0.018155 0.000034
0 0.011007 0.000335 0.018165 0.000034
0 0.011001 0.000374 0.018177 0.000035
0 0.011012 0.000336 0.018155 0.000035
0 0.010936 0.000272 0.018307 0.000015
0 0.010938 0.000254 0.018302 0.000015
0 0.010582 0.000284 0.019016 0.000034
0 0.010597 0.000145 0.018985 0.000027
0 0.010586 0.000252 0.019006 0.000033
0 0.010588 0.000292 0.019002 0.000034
0 0.010583 0.000323 0.019012 0.000034
0 0.010591 0.000165 0.018996 0.000034
0 0.010591 0.000201 0.018997 0.000035
0 0.010591 0.000237 0.018997 0.000036
0 0.010592 0.000276 0.018995 0.000032
0 0.010594 0.000316 0.018991 0.000032
0 0.010599 0.000303 0.018982 0.000034
0 0.010597 0.000264 0.018985 0.000034
0 0.010596 0.000228 0.018986 0.000034
0 0.010596 0.000189 0.018987 0.000035
0 0.010598 0.000134 0.018982 0.000027
0 0.010933 0.000241 0.018313 0.000015
0 0.010600 0.000127 0.018978 0.000028
0 0.010616 0.000150 0.018947 0.000029
0 0.010616 0.000160 0.018947 0.000029
0 0.010614 0.000175 0.018951 0.000027
0 0.010609 0.000181 0.018961 0.000025
0 0.010606 0.000195 0.018966 0.000031
0 0.010602 0.000211 0.018974 0.000029
0 0.010602 0.000223 0.018974 0.000026
0 0.010953 0.000202 0.018272 0.000016
0 0.010975 0.000211 0.018229 0.000016
0 0.010937 0.000225 0.018304 0.000013
0 0.010937 0.000234 0.018305 0.000013
0 0.010565 0.000636 0.019050 0.000022
0 0.010563 0.000669 0.019052 0.000022
0 0.010559 0.000654 0.019060 0.000021
0 0.010485 0.000655 0.019209 0.000022
0 0.010400 0.000636 0.019379 0.000012
0 0.010396 0.000612 0.019386 0.000025
0 0.010399 0.000602 0.019380 0.000022
0 0.010402 0.000595 0.019374 0.000023
0 0.010409 0.000569 0.019360 0.000025
0 0.010412 0.000560 0.019354 0.000026
0 0.010415 0.000549 0.019348 0.000022
0 0.010418 0.000543 0.019343 0.000024
0 0.010440 0.000612 0.019299 0.000011
0 0.010386 0.000507 0.019406 0.000029
0 0.010379 0.000538 0.019421 0.000030
0 0.010373 0.000584 0.019433 0.000032
0 0.010360 0.000613 0.019458 0.000032
0 0.010348 0.000643 0.019483 0.000032
0 0.010345 0.000632 0.019489 0.000033
0 0.010357 0.000602 0.019465 0.000031
0 0.010340 0.000625 0.019498 0.000032
0 0.010342 0.000605 0.019495 0.000028
0 0.010353 0.000596 0.019472 0.000033
0 0.010365 0.000566 0.019448 0.000031
0 0.010370 0.000511 0.019439 0.000024
0 0.010364 0.000498 0.019452 0.000029
0 0.010358 0.000489 0.019463 0.000030
0 0.010308 0.000598 0.019563 0.000029
0 0.010280 0.000630 0.019619 0.000010
0 0.010284 0.000640 0.019610 0.000010
0 0.010249 0.000602 0.019681 0.000011
0 0.010414 0.000630 0.019351 0.000024
0 0.010415 0.000621 0.019349 0.000023
0 0.010419 0.000615 0.019342 0.000027
0 0.010450 0.000680 0.019279 0.000022
0 0.010474 0.000669 0.019230 0.000023
0 0.010472 0.000678 0.019234 0.000021
0 0.010467 0.000683 0.019244 0.000023
0 0.010466 0.000696 0.019246 0.000024
0 0.010467 0.000765 0.019244 0.000037
0 0.010475 0.000623 0.019228 0.000019
0 0.010470 0.000631 0.019239 0.000020
0 0.010467 0.000639 0.019244 0.000022
0 0.010462 0.000645 0.019254 0.000023
0 0.010458 0.000652 0.019263 0.000022
0 0.010456 0.000662 0.019266 0.000025
0 0.010453 0.000670 0.019273 0.000021
0 0.010448 0.000690 0.019283 0.000023
0 0.010422 0.000608 0.019334 0.000028
0 0.010447 0.000701 0.019285 0.000025
0 0.010445 0.000586 0.019289 0.000025
0 0.010444 0.000596 0.019290 0.000025
0 0.010430 0.000629 0.019318 0.000025
0 0.010460 0.000767 0.019258 0.000034
0 0.010417 0.000780 0.019346 0.000009
0 0.010407 0.000729 0.019364 0.000033
0 0.010412 0.000704 0.019355 0.000008
0 0.010411 0.000684 0.019357 0.000008
0 0.010429 0.000579 0.019320 0.000022
0 0.010428 0.000567 0.019323 0.000025
0 0.010424 0.000597 0.019331 0.000026
0 0.010252 0.000584 0.019674 0.000022
0 0.010276 0.000528 0.019627 0.000028
0 0.010268 0.000517 0.019643 0.000030
0 0.010324 0.000895 0.019530 0.000025
0 0.010311 0.000789 0.019558 0.000028
0 0.010311 0.000803 0.019558 0.000025
0 0.010311 0.000813 0.019558 0.000025
0 0.010309 0.000826 0.019560 0.000025
0 0.010326 0.000847 0.019526 0.000027
0 0.010310 0.000838 0.019559 0.000025
0 0.010309 0.000849 0.019561 0.000028
0 0.010325 0.000869 0.019529 0.000025
0 0.010325 0.000858 0.019529 0.000028
0 0.010309 0.000864 0.019560 0.000025
0 0.010326 0.000884 0.019527 0.000025
0 0.010325 0.000907 0.019529 0.000026
0 0.010309 0.000874 0.019561 0.000025
0 0.010326 0.000822 0.019526 0.000025
0 0.010309 0.000888 0.019560 0.000025
0 0.010308 0.000900 0.019562 0.000025
0 0.010325 0.000919 0.019529 0.000025
0 0.010307 0.000909 0.019565 0.000026
0 0.010323 0.000929 0.019533 0.000025
0 0.010322 0.000941 0.019535 0.000025
0 0.010308 0.000921 0.019562 0.000023
0 0.010307 0.000933 0.019565 0.000025
0 0.010307 0.000946 0.019564 0.000026
0 0.010323 0.000954 0.019533 0.000025
0 0.010324 0.000969 0.019531 0.000026
0 0.010322 0.000977 0.019535 0.000025
0 0.010326 0.000833 0.019527 0.000024
0 0.010326 0.000810 0.019526 0.000025
0 0.010264 0.000510 0.019650 0.000028
0 0.010275 0.000998 0.019630 0.000031
0 0.010244 0.000368 0.019691 0.000032
0 0.010076 0.000619 0.020026 0.000013
0 0.010282 0.000815 0.019614 0.000036
0 0.010280 0.000852 0.019618 0.000037
0 0.010288 0.000795 0.019602 0.000034
0 0.010287 0.000829 0.019605 0.000028
0 0.010293 0.000792 0.019592 0.000032
0 0.010292 0.000846 0.019596 0.000023
0 0.010277 0.000912 0.019624 0.000029
0 0.010276 0.000930 0.019626 0.000032
0 0.010276 0.000948 0.019627 0.000032
0 0.010276 0.000964 0.019627 0.000031
0 0.010274 0.001027 0.019630 0.000025
0 0.010329 0.000788 0.019521 0.000024
0 0.010273 0.001056 0.019632 0.000025
0 0.010272 0.001071 0.019635 0.000022
0 0.010273 0.001081 0.019632 0.000020
0 0.010314 0.000717 0.019550 0.000008
0 0.010315 0.000743 0.019548 0.000009
0 0.010332 0.000717 0.019515 0.000008
0 0.010329 0.000725 0.019520 0.000007
0 0.010328 0.000735 0.019522 0.000010
0 0.010328 0.000754 0.019523 0.000010
0 0.010327 0.000765 0.019525 0.000010
0 0.010312 0.000768 0.019554 0.000025
0 0.010312 0.000779 0.019554 0.000025
0 0.010479 0.000662 0.019220 0.000023
0 0.010490 0.000647 0.019198 0.000021
0 0.010559 0.000618 0.019061 0.000019
0 0.010490 0.000637 0.019198 0.000021
0 0.010509 0.000701 0.019161 0.000022
0 0.010507 0.000708 0.019164 0.000022
0 0.010544 0.000400 0.019090 0.000009
0 0.010525 0.000399 0.019128 0.000009
0 0.010526 0.000409 0.019127 0.000009
0 0.010532 0.000421 0.019114 0.000010
0 0.010513 0.000420 0.019152 0.000010
0 0.010514 0.000431 0.019151 0.000012
0 0.010507 0.000408 0.019165 0.000008
0 0.010506 0.000398 0.019167 0.000008
0 0.010538 0.000357 0.019103 0.000009
0 0.010533 0.000367 0.019112 0.000011
0 0.010519 0.000355 0.019141 0.000008
0 0.010517 0.000363 0.019145 0.000011
0 0.010515 0.000373 0.019149 0.000011
0 0.010502 0.000361 0.019175 0.000010
0 0.010497 0.000370 0.019184 0.000009
0 0.010501 0.000418 0.019177 0.000007
0 0.010496 0.000427 0.019186 0.000010
0 0.010495 0.000437 0.019189 0.000008
0 0.010537 0.000541 0.019105 0.000033
0 0.010517 0.000489 0.019144 0.000017
0 0.010511 0.000504 0.019156 0.000018
0 0.010513 0.000480 0.019152 0.000016
0 0.010500 0.000493 0.019179 0.000010
0 0.010502 0.000519 0.019175 0.000010
0 0.010517 0.000546 0.019144 0.000032
0 0.010514 0.000694 0.019151 0.000022
0 0.010521 0.000687 0.019137 0.000022
0 0.010523 0.000677 0.019133 0.000023
0 0.010542 0.000661 0.019095 0.000021
0 0.010559 0.000597 0.019061 0.000020
0 0.010559 0.000675 0.019060 0.000018
0 0.010578 0.000514 0.019023 0.000033
0 0.010580 0.000491 0.019020 0.000028
0 0.010565 0.000506 0.019048 0.000034
0 0.010534 0.000474 0.019110 0.000010
0 0.010551 0.000634 0.019077 0.000022
0 0.010547 0.000621 0.019084 0.000022
0 0.010542 0.000604 0.019094 0.000020
0 0.010549 0.000599 0.019081 0.000022
0 0.010549 0.000654 0.019080 0.000019
0 0.010542 0.000638 0.019094 0.000021
0 0.010532 0.000640 0.019114 0.000021
0 0.010525 0.000667 0.019129 0.000022
0 0.010530 0.000605 0.019119 0.000022
0 0.010602 0.000682 0.018974 0.000022
0 0.010578 0.000691 0.019023 0.000020
0 0.010582 0.000686 0.019016 0.000022
0 0.010567 0.000695 0.019044 0.000022
0 0.010559 0.000699 0.019060 0.000022
0 0.010549 0.000679 0.019080 0.000022
0 0.010554 0.000706 0.019070 0.000019
0 0.010542 0.000685 0.019095 0.000021
0 0.010540 0.000692 0.019099 0.000019
0 0.010538 0.000702 0.019103 0.000022
0 0.010534 0.000664 0.019110 0.000019
0 0.010501 0.000548 0.019176 0.000026
0 0.010487 0.000397 0.019205 0.000007
0 0.010477 0.000374 0.019225 0.000013
0 0.010505 0.000661 0.019168 0.000021
0 0.010658 0.000710 0.018863 0.000013
0 0.010657 0.000720 0.018864 0.000013
0 0.010651 0.000742 0.018876 0.000025
0 0.010639 0.000743 0.018900 0.000023
0 0.010603 0.000750 0.018973 0.000022
0 0.010596 0.000755 0.018987 0.000024
0 0.010529 0.000763 0.019121 0.000024
0 0.010499 0.000770 0.019181 0.000019
0 0.010530 0.000648 0.019119 0.000019
0 0.010517 0.000649 0.019145 0.000022
0 0.010511 0.000633 0.019156 0.000022
0 0.010508 0.000652 0.019163 0.000019
0 0.010513 0.000623 0.019152 0.000025
0 0.010443 0.000527 0.019293 0.000021
0 0.010516 0.000603 0.019147 0.000023
0 0.010533 0.000619 0.019113 0.000023
0 0.010510 0.000607 0.019160 0.000019
0 0.010495 0.000607 0.019188 0.000022
0 0.010500 0.000634 0.019179 0.000022
0 0.010502 0.000671 0.019175 0.000022
0 0.010497 0.000679 0.019185 0.000021
0 0.010491 0.000684 0.019197 0.000022
0 0.010489 0.000692 0.019201 0.000022
0 0.010485 0.000699 0.019209 0.000019
0 0.010488 0.000612 0.019202 0.000022
0 0.010482 0.000618 0.019214 0.000024
0 0.010441 0.000537 0.019297 0.000025
0 0.010424 0.000518 0.019330 0.000025
0 0.010496 0.000378 0.019186 0.000010
0 0.010481 0.000487 0.019217 0.000016
0 0.010488 0.000407 0.019203 0.000010
0 0.010468 0.000395 0.019243 0.000008
0 0.010468 0.000404 0.019242 0.000010
0 0.010481 0.000416 0.019216 0.000010
0 0.010477 0.000426 0.019224 0.000010
0 0.010475 0.000435 0.019228 0.000010
0 0.010461 0.000414 0.019256 0.000009
0 0.010458 0.000423 0.019263 0.000010
0 0.010456 0.000433 0.019266 0.000010
0 0.010492 0.000505 0.019194 0.000016
0 0.010482 0.000514 0.019214 0.000019
0 0.010481 0.000525 0.019216 0.000022
0 0.010470 0.000558 0.019238 0.000024
0 0.010427 0.000509 0.019324 0.000021
0 0.010464 0.000575 0.019251 0.000025
0 0.010457 0.000555 0.019264 0.000024
0 0.010457 0.000542 0.019265 0.000020
0 0.010464 0.000503 0.019251 0.000017
0 0.010456 0.000485 0.019267 0.000018
0 0.010474 0.000496 0.019230 0.000014
0 0.010462 0.000479 0.019255 0.000017
0 0.010455 0.000460 0.019270 0.000019
0 0.010439 0.000470 0.019301 0.000022
0 0.010450 0.000445 0.019278 0.000012
0 0.010443 0.000346 0.019292 0.000036
0 0.010424 0.000411 0.019330 0.000034
0 0.010238 0.001365 0.019703 0.000017
0 0.010221 0.001336 0.019736 0.000016
0 0.011743 0.002031 0.021157 0.000018
0 0.011762 0.002007 0.021119 0.000016
0 0.011734 0.001960 0.021174 0.000016
0 0.011724 0.001959 0.021194 0.000017
0 0.011741 0.001927 0.021161 0.000015
0 0.011740 0.001915 0.021164 0.000017
0 0.011737 0.001904 0.021169 0.000018
0 0.011731 0.001937 0.021180 0.000016
0 0.011723 0.001950 0.021198 0.000017
0 0.011730 0.001927 0.021182 0.000019
0 0.011728 0.001917 0.021187 0.000017
0 0.011727 0.001906 0.021189 0.000018
0 0.011721 0.001938 0.021201 0.000017
0 0.011719 0.001928 0.021205 0.000019
0 0.011718 0.001918 0.021207 0.000017
0 0.011716 0.001908 0.021211 0.000017
0 0.011711 0.001950 0.021222 0.000017
0 0.011821 0.002007 0.021000 0.000018
0 0.011818 0.001999 0.021007 0.000016
0 0.011810 0.001996 0.021024 0.000019
0 0.011809 0.001985 0.021025 0.000017
0 0.011799 0.001995 0.021044 0.000018
0 0.011801 0.002008 0.021040 0.000018
0 0.011791 0.002008 0.021062 0.000016
0 0.011789 0.001996 0.021064 0.000017
0 0.011787 0.001987 0.021069 0.000018
0 0.011781 0.002006 0.021081 0.000017
0 0.011778 0.001998 0.021088 0.000018
0 0.011771 0.001995 0.021101 0.000019
0 0.011734 0.001947 0.021174 0.000016
0 0.011741 0.001937 0.021160 0.000018
0 0.011748 0.001904 0.021146 0.000018
0 0.011774 0.001921 0.021096 0.000019
0 0.011795 0.001931 0.021053 0.000018
0 0.011787 0.001942 0.021069 0.000015
0 0.011796 0.001919 0.021051 0.000018
0 0.011794 0.001907 0.021055 0.000018
0 0.011792 0.001897 0.021059 0.000017
0 0.011784 0.001920 0.021074 0.000017
0 0.011783 0.001909 0.021078 0.000017
0 0.011780 0.001900 0.021082 0.000018
0 0.011788 0.001953 0.021066 0.000018
0 0.011778 0.001953 0.021086 0.000017
0 0.011776 0.001944 0.021092 0.000019
0 0.011785 0.001932 0.021073 0.000019
0 0.011771 0.001911 0.021101 0.000019
0 0.011752 0.001925 0.021139 0.000017
0 0.011763 0.001923 0.021117 0.000017
0 0.011763 0.001934 0.021117 0.000018
0 0.011764 0.001946 0.021116 0.000016
0 0.011767 0.001955 0.021109 0.000018
0 0.011753 0.001960 0.021138 0.000021
0 0.011754 0.001947 0.021135 0.000018
0 0.011743 0.001959 0.021157 0.000019
0 0.011742 0.001948 0.021158 0.000017
0 0.011752 0.001935 0.021138 0.000017
0 0.011760 0.001914 0.021123 0.000018
0 0.011759 0.001903 0.021126 0.000019
0 0.011749 0.001916 0.021144 0.000019
0 0.011768 0.002010 0.021106 0.000017
0 0.011755 0.002003 0.021134 0.000017
0 0.011410 0.000735 0.021823 0.000021
0 0.011744 0.002004 0.021154 0.000018
0 0.011674 0.002007 0.021295 0.000022
0 0.011667 0.002009 0.021309 0.000018
0 0.011662 0.002006 0.021319 0.000021
0 0.011658 0.002003 0.021327 0.000019
0 0.011666 0.001958 0.021310 0.000019
0 0.011657 0.001970 0.021328 0.000019
0 0.011664 0.001947 0.021314 0.000019
0 0.011656 0.001961 0.021332 0.000019
0 0.011655 0.001948 0.021333 0.000018
0 0.011645 0.001960 0.021353 0.000019
0 0.011665 0.001935 0.021313 0.000017
0 0.011664 0.001925 0.021316 0.000018
0 0.011659 0.001917 0.021324 0.000019
0 0.011654 0.001936 0.021336 0.000019
0 0.011651 0.001928 0.021342 0.000018
0 0.011650 0.001917 0.021343 0.000019
0 0.011641 0.001928 0.021360 0.000019
0 0.011641 0.001940 0.021360 0.000018
0 0.011645 0.001948 0.021354 0.000018
0 0.011635 0.001960 0.021372 0.000018
0 0.011633 0.001952 0.021377 0.000019
0 0.011632 0.001938 0.021379 0.000019
0 0.011635 0.001924 0.021374 0.000018
0 0.011644 0.001911 0.021355 0.000019
0 0.011633 0.001912 0.021376 0.000021
0 0.011622 0.001914 0.021398 0.000019
0 0.011624 0.001924 0.021394 0.000019
0 0.011692 0.002000 0.021259 0.000019
0 0.011699 0.002002 0.021245 0.000019
0 0.011707 0.002001 0.021229 0.000019
0 0.011697 0.001931 0.021248 0.000019
0 0.011739 0.002001 0.021165 0.000016
0 0.011734 0.001994 0.021176 0.000019
0 0.011725 0.002008 0.021193 0.000019
0 0.011724 0.001997 0.021195 0.000019
0 0.011718 0.001995 0.021207 0.000020
0 0.011709 0.001941 0.021225 0.000019
0 0.011703 0.001962 0.021237 0.000019
0 0.011701 0.001952 0.021241 0.000017
0 0.011708 0.001930 0.021227 0.000019
0 0.011707 0.001919 0.021229 0.000019
0 0.011698 0.001943 0.021247 0.000019
0 0.011704 0.001911 0.021236 0.000017
0 0.011695 0.001921 0.021253 0.000018
0 0.011709 0.002009 0.021225 0.000019
0 0.011694 0.001910 0.021255 0.000016
0 0.011688 0.001955 0.021266 0.000019
0 0.011679 0.001968 0.021286 0.000019
0 0.011678 0.001956 0.021286 0.000020
0 0.011688 0.001944 0.021267 0.000019
0 0.011686 0.001933 0.021271 0.000019
0 0.011685 0.001923 0.021274 0.000017
0 0.011683 0.001912 0.021278 0.000019
0 0.011675 0.001935 0.021293 0.000021
0 0.011674 0.001923 0.021295 0.000017
0 0.011672 0.001914 0.021298 0.000018
0 0.011717 0.002010 0.021209 0.000018
0 0.011797 0.001941 0.021048 0.000018
0 0.011795 0.001957 0.021053 0.000017
0 0.011805 0.001954 0.021032 0.000019
0 0.011803 0.001946 0.021036 0.000018
0 0.011357 0.001248 0.021930 0.000013
0 0.011353 0.001183 0.021936 0.000015
0 0.011321 0.001263 0.022000 0.000015
0 0.011334 0.001268 0.021976 0.000013
0 0.011365 0.001219 0.021913 0.000014
0 0.011368 0.001241 0.021906 0.000012
0 0.011369 0.001252 0.021905 0.000013
0 0.011399 0.001193 0.021844 0.000011
0 0.011398 0.001203 0.021846 0.000010
0 0.011397 0.001212 0.021850 0.000013
0 0.011393 0.001239 0.021858 0.000013
0 0.011390 0.001251 0.021863 0.000015
0 0.011437 0.001012 0.021769 0.000021
0 0.011552 0.001207 0.021539 0.000013
0 0.011552 0.001216 0.021540 0.000010
0 0.011551 0.001227 0.021541 0.000011
0 0.011540 0.001224 0.021563 0.000010
0 0.011948 0.000941 0.020746 0.000008
0 0.011950 0.000957 0.020742 0.000009
0 0.011949 0.000966 0.020745 0.000009
0 0.012208 0.001068 0.020228 0.000015
0 0.012199 0.001068 0.020244 0.000015
0 0.012201 0.001084 0.020241 0.000014
0 0.012204 0.001083 0.020235 0.000013
0 0.011385 0.001310 0.021874 0.000013
0 0.011362 0.001281 0.021919 0.000013
0 0.011359 0.001324 0.021925 0.000015
0 0.011353 0.001256 0.021937 0.000011
0 0.011340 0.001261 0.021962 0.000013
0 0.011342 0.001252 0.021960 0.000014
0 0.011563 0.000772 0.021518 0.000029
0 0.011432 0.000733 0.021779 0.000010
0 0.011431 0.000753 0.021781 0.000009
0 0.011491 0.000677 0.021661 0.000020
0 0.011489 0.000688 0.021665 0.000016
0 0.011498 0.000699 0.021646 0.000018
0 0.011501 0.000689 0.021641 0.000018
0 0.011506 0.000686 0.021631 0.000017
0 0.011511 0.000702 0.021621 0.000017
0 0.011505 0.000648 0.021634 0.000009
0 0.011521 0.000648 0.021601 0.000009
0 0.011533 0.000648 0.021578 0.000009
0 0.011543 0.000648 0.021556 0.000010
0 0.011570 0.000770 0.021503 0.000028
0 0.011347 0.001243 0.021948 0.000011
0 0.011977 0.000716 0.020689 0.000009
0 0.011975 0.000701 0.020692 0.000008
0 0.011975 0.000686 0.020693 0.000007
0 0.011941 0.000682 0.020762 0.000007
0 0.011947 0.000918 0.020748 0.000008
0 0.012137 0.000830 0.020369 0.000009
0 0.012139 0.000915 0.020365 0.000007
0 0.011221 0.001120 0.022200 0.000015
0 0.011301 0.001189 0.022041 0.000013
0 0.011300 0.001200 0.022042 0.000014
0 0.011311 0.001205 0.022020 0.000013
0 0.011331 0.001246 0.021981 0.000014
0 0.011355 0.001354 0.021933 0.000015
0 0.011352 0.001407 0.021938 0.000016
0 0.011347 0.001415 0.021948 0.000016
0 0.011343 0.001537 0.021957 0.000019
0 0.011304 0.001536 0.022034 0.000019
0 0.011316 0.001523 0.022011 0.000017
0 0.011317 0.001534 0.022010 0.000017
0 0.011327 0.001533 0.021988 0.000019
0 0.011321 0.001553 0.022000 0.000019
0 0.011327 0.001522 0.021988 0.000017
0 0.011324 0.001512 0.021995 0.000018
0 0.011320 0.001504 0.022003 0.000018
0 0.011337 0.001509 0.021969 0.000016
0 0.011337 0.001518 0.021969 0.000021
0 0.011340 0.001529 0.021962 0.000017
0 0.011332 0.001541 0.021980 0.000018
0 0.011335 0.001548 0.021973 0.000017
0 0.011296 0.001536 0.022051 0.000019
0 0.011349 0.001517 0.021944 0.000019
0 0.011354 0.001524 0.021935 0.000016
0 0.011363 0.001514 0.021917 0.000016
0 0.011359 0.001506 0.021925 0.000019
0 0.011496 0.001498 0.021650 0.000010
0 0.011508 0.001500 0.021627 0.000013
0 0.011530 0.001502 0.021583 0.000010
0 0.011542 0.001502 0.021558 0.000010
0 0.011554 0.001502 0.021535 0.000010
0 0.011805 0.001907 0.021033 0.000016
0 0.011806 0.001916 0.021031 0.000018
0 0.011807 0.001928 0.021029 0.000019
0 0.011297 0.001548 0.022048 0.000018
0 0.011294 0.001526 0.022056 0.000017
0 0.011328 0.001423 0.021987 0.000010
0 0.011253 0.001553 0.022138 0.000019
0 0.011279 0.001359 0.022086 0.000013
0 0.011240 0.001530 0.022163 0.000021
0 0.011243 0.001515 0.022157 0.000016
0 0.011252 0.001504 0.022139 0.000018
0 0.011251 0.001530 0.022142 0.000018
0 0.011251 0.001516 0.022142 0.000024
0 0.011263 0.001502 0.022117 0.000019
0 0.011271 0.001505 0.022100 0.000019
0 0.011261 0.001519 0.022121 0.000019
0 0.011261 0.001529 0.022121 0.000016
0 0.011270 0.001518 0.022103 0.000018
0 0.011280 0.001506 0.022083 0.000019
0 0.011256 0.001563 0.022132 0.000018
0 0.011292 0.001451 0.022060 0.000037
0 0.011264 0.001551 0.022114 0.000017
0 0.011262 0.001541 0.022119 0.000019
0 0.011265 0.001562 0.022113 0.000019
0 0.011273 0.001540 0.022097 0.000019
0 0.011275 0.001551 0.022092 0.000018
0 0.011276 0.001560 0.022090 0.000019
0 0.011283 0.001527 0.022078 0.000017
0 0.011284 0.001539 0.022075 0.000018
0 0.011287 0.001548 0.022070 0.000018
0 0.011287 0.001560 0.022069 0.000019
0 0.011292 0.001515 0.022059 0.000019
0 0.011287 0.001509 0.022069 0.000024
0 0.011625 0.001935 0.021392 0.000019
0 0.011622 0.001950 0.021399 0.000019
0 0.011617 0.001946 0.021409 0.000019
0 0.011428 0.001875 0.021787 0.000021
0 0.011352 0.001871 0.021938 0.000019
0 0.011353 0.001911 0.021937 0.000022
0 0.011345 0.001909 0.021953 0.000020
0 0.011350 0.001861 0.021943 0.000020
0 0.011342 0.001872 0.021959 0.000018
0 0.011339 0.001905 0.021965 0.000022
0 0.011333 0.001902 0.021976 0.000022
0 0.011340 0.001862 0.021964 0.000019
0 0.011329 0.001863 0.021985 0.000016
0 0.011366 0.001807 0.021910 0.000018
0 0.011359 0.001817 0.021926 0.000016
0 0.011350 0.001830 0.021943 0.000019
0 0.011349 0.001817 0.021945 0.000017
0 0.011349 0.001805 0.021944 0.000019
0 0.011339 0.001817 0.021965 0.000019
0 0.011329 0.001829 0.021984 0.000020
0 0.011339 0.001805 0.021965 0.000019
0 0.011329 0.001817 0.021984 0.000021
0 0.011319 0.001865 0.022006 0.000019
0 0.011326 0.001908 0.021991 0.000020
0 0.011319 0.001906 0.022005 0.000020
0 0.011313 0.001902 0.022016 0.000021
0 0.011309 0.001898 0.022025 0.000019
0 0.011319 0.001817 0.022004 0.000019
0 0.011310 0.001829 0.022022 0.000016
0 0.011302 0.001841 0.022038 0.000016
0 0.011316 0.001808 0.022010 0.000020
0 0.011362 0.001859 0.021919 0.000019
0 0.011359 0.001912 0.021925 0.000022
0 0.011365 0.001913 0.021913 0.000019
0 0.011382 0.001916 0.021878 0.000022
0 0.011412 0.001923 0.021818 0.000022
0 0.011426 0.001864 0.021791 0.000018
0 0.011417 0.001876 0.021809 0.000018
0 0.011419 0.001862 0.021806 0.000018
0 0.011420 0.001848 0.021803 0.000019
0 0.011409 0.001872 0.021825 0.000018
0 0.011407 0.001890 0.021829 0.000018
0 0.011401 0.001922 0.021840 0.000019
0 0.011407 0.001924 0.021828 0.000020
0 0.011395 0.001890 0.021853 0.000020
0 0.011395 0.001921 0.021852 0.000021
0 0.011389 0.001920 0.021865 0.000022
0 0.011398 0.001874 0.021846 0.000019
0 0.011370 0.001914 0.021902 0.000019
0 0.011390 0.001885 0.021863 0.000019
0 0.011405 0.001854 0.021832 0.000018
0 0.011395 0.001866 0.021852 0.000019
0 0.011385 0.001878 0.021872 0.000019
0 0.011395 0.001855 0.021853 0.000016
0 0.011385 0.001866 0.021872 0.000018
0 0.011377 0.001877 0.021889 0.000016
0 0.011376 0.001917 0.021890 0.000022
0 0.011384 0.001856 0.021875 0.000018
0 0.011374 0.001869 0.021894 0.000020
0 0.011374 0.001858 0.021896 0.000019
0 0.011365 0.001869 0.021912 0.000016
0 0.011307 0.001821 0.022028 0.000019
0 0.011298 0.001831 0.022046 0.000015
0 0.011303 0.001896 0.022037 0.000017
0 0.011701 0.002023 0.021241 0.000020
0 0.011644 0.002013 0.021355 0.000022
0 0.011649 0.002016 0.021346 0.000024
0 0.011653 0.002021 0.021336 0.000021
0 0.011658 0.002023 0.021327 0.000023
0 0.011667 0.002023 0.021309 0.000021
0 0.011672 0.002025 0.021299 0.000022
0 0.011677 0.002028 0.021288 0.000019
0 0.011685 0.002013 0.021274 0.000019
0 0.011685 0.002028 0.021274 0.000018
0 0.011691 0.002015 0.021260 0.000019
0 0.011690 0.002030 0.021263 0.000019
0 0.011700 0.002016 0.021244 0.000018
0 0.011709 0.002022 0.021225 0.000019
0 0.011223 0.001825 0.022197 0.000023
0 0.011716 0.002022 0.021211 0.000019
0 0.011722 0.002025 0.021199 0.000018
0 0.011730 0.002012 0.021182 0.000018
0 0.011727 0.002029 0.021188 0.000020
0 0.011736 0.002016 0.021170 0.000018
0 0.011736 0.002028 0.021170 0.000018
0 0.011746 0.002014 0.021150 0.000018
0 0.011753 0.002019 0.021137 0.000017
0 0.011758 0.002026 0.021127 0.000017
0 0.011771 0.002019 0.021101 0.000019
0 0.011744 0.002061 0.021154 0.000013
0 0.011744 0.002040 0.021155 0.000019
0 0.011639 0.002010 0.021364 0.000020
0 0.011229 0.001827 0.022185 0.000020
0 0.011297 0.001892 0.022049 0.000018
0 0.011269 0.001820 0.022105 0.000018
0 0.011295 0.001884 0.022053 0.000018
0 0.011304 0.001812 0.022035 0.000019
0 0.011294 0.001825 0.022054 0.000019
0 0.011296 0.001809 0.022052 0.000019
0 0.011288 0.001822 0.022067 0.000018
0 0.011283 0.001814 0.022077 0.000020
0 0.011272 0.001827 0.022099 0.000019
0 0.011282 0.001894 0.022079 0.000017
0 0.011280 0.001886 0.022083 0.000017
0 0.011275 0.001881 0.022092 0.000016
0 0.011288 0.001796 0.022067 0.000019
0 0.011278 0.001808 0.022087 0.000018
0 0.011274 0.001801 0.022095 0.000017
0 0.011234 0.001831 0.022176 0.000020
0 0.011270 0.001878 0.022104 0.000015
0 0.011265 0.001873 0.022113 0.000017
0 0.011259 0.001870 0.022124 0.000019
0 0.011254 0.001868 0.022135 0.000019
0 0.011250 0.001862 0.022143 0.000020
0 0.011247 0.001855 0.022150 0.000019
0 0.011265 0.001798 0.022113 0.000019
0 0.011257 0.001812 0.022128 0.000018
0 0.011251 0.001805 0.022141 0.000022
0 0.011238 0.001843 0.022167 0.000019
0 0.011251 0.001793 0.022142 0.000020
0 0.011243 0.001847 0.022157 0.000022
0 0.011419 0.001887 0.021805 0.000019
0 0.011423 0.001894 0.021797 0.000020
0 0.011614 0.001937 0.021415 0.000019
0 0.011419 0.001924 0.021806 0.000022
0 0.011560 0.001894 0.021522 0.000017
0 0.011568 0.001883 0.021506 0.000018
0 0.011564 0.001876 0.021515 0.000019
0 0.011572 0.001853 0.021499 0.000019
0 0.011567 0.001835 0.021509 0.000017
0 0.011563 0.001865 0.021518 0.000018
0 0.011563 0.001853 0.021517 0.000018
0 0.011557 0.001846 0.021529 0.000020
0 0.011554 0.001876 0.021535 0.000019
0 0.011552 0.001864 0.021538 0.000021
0 0.011543 0.001888 0.021556 0.000021
0 0.011542 0.001877 0.021558 0.000019
0 0.011548 0.001860 0.021547 0.000019
0 0.011548 0.001846 0.021547 0.000017
0 0.011546 0.001837 0.021552 0.000018
0 0.011538 0.001872 0.021567 0.000019
0 0.011539 0.001858 0.021566 0.000019
0 0.011537 0.001848 0.021568 0.000016
0 0.011535 0.001838 0.021573 0.000018
0 0.011531 0.001926 0.021582 0.000020
0 0.011530 0.001941 0.021583 0.000019
0 0.011529 0.001955 0.021585 0.000021
0 0.011522 0.001953 0.021600 0.000019
0 0.011521 0.001938 0.021601 0.000019
0 0.011523 0.001924 0.021597 0.000017
0 0.011514 0.001936 0.021614 0.000019
0 0.011506 0.001948 0.021631 0.000021
0 0.011539 0.001929 0.021564 0.000016
0 0.011539 0.001942 0.021566 0.000019
0 0.011548 0.001929 0.021547 0.000019
0 0.011601 0.001991 0.021442 0.000022
0 0.011612 0.001926 0.021419 0.000020
0 0.011575 0.001863 0.021494 0.000018
0 0.011577 0.001872 0.021488 0.000020
0 0.011578 0.001884 0.021486 0.000020
0 0.011569 0.001895 0.021505 0.000018
0 0.011590 0.001960 0.021462 0.000019
0 0.011595 0.001966 0.021453 0.000016
0 0.011634 0.002006 0.021375 0.000022
0 0.011629 0.002003 0.021385 0.000024
0 0.011622 0.002001 0.021398 0.000024
0 0.011612 0.001994 0.021419 0.000025
0 0.011607 0.001994 0.021430 0.000022
0 0.011596 0.001986 0.021450 0.000021
0 0.011541 0.001952 0.021562 0.000019
0 0.011591 0.001982 0.021461 0.000020
0 0.011586 0.001979 0.021471 0.000019
0 0.011582 0.001973 0.021478 0.000019
0 0.011585 0.001946 0.021473 0.000017
0 0.011571 0.001950 0.021500 0.000017
0 0.011572 0.001937 0.021499 0.000018
0 0.011569 0.001928 0.021506 0.000016
0 0.011563 0.001950 0.021518 0.000019
0 0.011560 0.001940 0.021523 0.000016
0 0.011559 0.001928 0.021525 0.000017
0 0.011546 0.001955 0.021551 0.000025
0 0.011549 0.001940 0.021544 0.000018
0 0.011527 0.001885 0.021589 0.000019
0 0.011518 0.001886 0.021608 0.000019
0 0.011527 0.001873 0.021588 0.000017
0 0.011448 0.001929 0.021746 0.000023
0 0.011473 0.001879 0.021696 0.000019
0 0.011463 0.001892 0.021716 0.000020
0 0.011471 0.001869 0.021700 0.000019
0 0.011471 0.001859 0.021700 0.000019
0 0.011461 0.001882 0.021721 0.000019
0 0.011454 0.001893 0.021735 0.000016
0 0.011470 0.001847 0.021703 0.000017
0 0.011461 0.001859 0.021722 0.000018
0 0.011461 0.001846 0.021721 0.000018
0 0.011450 0.001870 0.021742 0.000021
0 0.011452 0.001881 0.021739 0.000019
0 0.011444 0.001892 0.021755 0.000018
0 0.011453 0.001934 0.021736 0.000021
0 0.011467 0.001901 0.021710 0.000018
0 0.011459 0.001935 0.021725 0.000019
0 0.011464 0.001936 0.021715 0.000019
0 0.011452 0.001857 0.021739 0.000019
0 0.011448 0.001849 0.021748 0.000019
0 0.011441 0.001871 0.021761 0.000020
0 0.011440 0.001861 0.021764 0.000017
0 0.011434 0.001854 0.021774 0.000016
0 0.011432 0.001882 0.021779 0.000019
0 0.011438 0.001928 0.021766 0.000022
0 0.011434 0.001928 0.021775 0.000019
0 0.011429 0.001924 0.021784 0.000020
0 0.011424 0.001924 0.021795 0.000020
0 0.011470 0.001937 0.021703 0.000020
0 0.011476 0.001889 0.021692 0.000018
0 0.011528 0.001860 0.021587 0.000019
0 0.011495 0.001876 0.021653 0.000019
0 0.011525 0.001851 0.021593 0.000018
0 0.011524 0.001841 0.021596 0.000018
0 0.011519 0.001873 0.021605 0.000017
0 0.011509 0.001897 0.021624 0.000016
0 0.011508 0.001883 0.021626 0.000019
0 0.011501 0.001895 0.021642 0.000017
0 0.011516 0.001864 0.021612 0.000017
0 0.011514 0.001852 0.021616 0.000018
0 0.011511 0.001844 0.021620 0.000017
0 0.011505 0.001864 0.021632 0.000017
0 0.011505 0.001876 0.021633 0.000019
0 0.011496 0.001888 0.021651 0.000017
0 0.011499 0.001930 0.021646 0.000019
0 0.011480 0.001846 0.021683 0.000018
0 0.011500 0.001938 0.021643 0.000028
0 0.011491 0.001942 0.021661 0.000016
0 0.011491 0.001928 0.021661 0.000019
0 0.011482 0.001941 0.021679 0.000020
0 0.011501 0.001856 0.021640 0.000017
0 0.011501 0.001844 0.021641 0.000019
0 0.011493 0.001867 0.021657 0.000019
0 0.011491 0.001855 0.021660 0.000019
0 0.011489 0.001845 0.021664 0.000018
0 0.011484 0.001878 0.021674 0.000019
0 0.011483 0.001867 0.021677 0.000016
0 0.011480 0.001858 0.021682 0.000017
0 0.011433 0.000708 0.021778 0.000010
0 0.011400 0.000663 0.021844 0.000011
0 0.010220 0.001356 0.019739 0.000016
0 0.010563 0.001747 0.019052 0.000022
0 0.010621 0.001774 0.018937 0.000025
0 0.010637 0.001754 0.018904 0.000024
0 0.010650 0.001736 0.018879 0.000024
0 0.010665 0.001717 0.018849 0.000023
0 0.010656 0.001716 0.018867 0.000025
0 0.010640 0.001736 0.018899 0.000024
0 0.010625 0.001756 0.018929 0.000025
0 0.010609 0.001776 0.018960 0.000027
0 0.010614 0.001758 0.018951 0.000025
0 0.010628 0.001739 0.018922 0.000025
0 0.010633 0.001722 0.018913 0.000021
0 0.010619 0.001739 0.018941 0.000022
0 0.010605 0.001757 0.018968 0.000023
0 0.010622 0.001721 0.018935 0.000025
0 0.010606 0.001742 0.018966 0.000024
0 0.010609 0.001724 0.018960 0.000025
0 0.010597 0.001744 0.018985 0.000020
0 0.010591 0.001763 0.018997 0.000024
0 0.010596 0.001729 0.018986 0.000023
0 0.010585 0.001746 0.019009 0.000018
0 0.010582 0.001760 0.019014 0.000023
0 0.010577 0.001782 0.019025 0.000023
0 0.010570 0.001763 0.019038 0.000024
0 0.010556 0.001783 0.019067 0.000025
0 0.010589 0.001727 0.019000 0.000023
0 0.010574 0.001745 0.019031 0.000024
0 0.010559 0.001766 0.019061 0.000026
0 0.010635 0.001770 0.018910 0.000023
0 0.010648 0.001752 0.018882 0.000021
0 0.010661 0.001734 0.018856 0.000025
0 0.010500 0.001697 0.019179 0.000021
0 0.010541 0.001693 0.019096 0.000025
0 0.010574 0.001636 0.019030 0.000024
0 0.010560 0.001656 0.019058 0.000024
0 0.010546 0.001674 0.019088 0.000024
0 0.010530 0.001695 0.019118 0.000025
0 0.010549 0.001656 0.019080 0.000025
0 0.010555 0.001638 0.019069 0.000023
0 0.010536 0.001675 0.019107 0.000022
0 0.010519 0.001694 0.019140 0.000025
0 0.010538 0.001658 0.019102 0.000025
0 0.010523 0.001678 0.019133 0.000026
0 0.010507 0.001698 0.019164 0.000025
0 0.010512 0.001680 0.019155 0.000024
0 0.010641 0.001775 0.018896 0.000022
0 0.010528 0.001660 0.019123 0.000022
0 0.010542 0.001641 0.019095 0.000025
0 0.010516 0.001662 0.019146 0.000023
0 0.010522 0.001642 0.019135 0.000022
0 0.010506 0.001663 0.019167 0.000024
0 0.010491 0.001682 0.019197 0.000027
0 0.010509 0.001645 0.019160 0.000022
0 0.010494 0.001664 0.019190 0.000023
0 0.010487 0.001665 0.019205 0.000020
0 0.010498 0.001648 0.019183 0.000023
0 0.010677 0.001714 0.018825 0.000025
0 0.010653 0.001757 0.018872 0.000024
0 0.010578 0.001727 0.019023 0.000025
0 0.010565 0.001732 0.019048 0.000025
0 0.011187 0.000677 0.022268 0.000017
0 0.010549 0.001766 0.019080 0.000024
0 0.010452 0.001807 0.019274 0.000020
0 0.010453 0.001772 0.019273 0.000025
0 0.010456 0.001743 0.019266 0.000022
0 0.010441 0.001762 0.019296 0.000025
0 0.010434 0.001783 0.019311 0.000025
0 0.010413 0.001784 0.019352 0.000026
0 0.010398 0.001804 0.019383 0.000026
0 0.010418 0.001767 0.019343 0.000022
0 0.010402 0.001785 0.019374 0.000025
0 0.010387 0.001805 0.019405 0.000025
0 0.010421 0.001748 0.019337 0.000027
0 0.010407 0.001767 0.019364 0.000023
0 0.010392 0.001786 0.019395 0.000024
0 0.010377 0.001807 0.019425 0.000025
0 0.010413 0.001747 0.019353 0.000025
0 0.010398 0.001767 0.019383 0.000025
0 0.010402 0.001749 0.019376 0.000025
0 0.010385 0.001770 0.019409 0.000025
0 0.010372 0.001789 0.019435 0.000022
0 0.010356 0.001807 0.019467 0.000025
0 0.010375 0.001770 0.019429 0.000025
0 0.010359 0.001791 0.019460 0.000025
0 0.010344 0.001811 0.019491 0.000025
0 0.010364 0.001771 0.019451 0.000025
0 0.010380 0.001752 0.019419 0.000025
0 0.010348 0.001792 0.019483 0.000025
0 0.010332 0.001813 0.019514 0.000026
0 0.010473 0.001880 0.019232 0.000037
0 0.010479 0.001879 0.019221 0.000035
0 0.010484 0.001878 0.019211 0.000034
0 0.010524 0.001736 0.019130 0.000019
0 0.010543 0.001786 0.019093 0.000025
0 0.010533 0.001785 0.019113 0.000025
0 0.010552 0.001750 0.019074 0.000021
0 0.010538 0.001767 0.019103 0.000025
0 0.010524 0.001786 0.019130 0.000023
0 0.010527 0.001769 0.019125 0.000024
0 0.010542 0.001750 0.019095 0.000023
0 0.010531 0.001751 0.019117 0.000022
0 0.010516 0.001770 0.019147 0.000024
0 0.010502 0.001788 0.019175 0.000025
0 0.010504 0.001770 0.019170 0.000026
0 0.010535 0.001734 0.019109 0.000021
0 0.010508 0.001754 0.019162 0.000025
0 0.010472 0.001843 0.019236 0.000034
0 0.010494 0.001789 0.019191 0.000019
0 0.010494 0.001773 0.019191 0.000025
0 0.010497 0.001756 0.019184 0.000024
0 0.010498 0.001742 0.019183 0.000025
0 0.010513 0.001738 0.019153 0.000019
0 0.010497 0.001734 0.019185 0.000020
0 0.010479 0.001742 0.019221 0.000036
0 0.010474 0.001742 0.019232 0.000034
0 0.010470 0.001784 0.019238 0.000035
0 0.010475 0.001786 0.019228 0.000035
0 0.010482 0.001842 0.019215 0.000034
0 0.010477 0.001844 0.019224 0.000034
0 0.010557 0.001673 0.019065 0.000025
0 0.010572 0.001654 0.019035 0.000022
0 0.010552 0.001691 0.019075 0.000025
0 0.010568 0.001672 0.019043 0.000024
0 0.010197 0.001398 0.019785 0.000016
0 0.010177 0.001413 0.019825 0.000017
0 0.010175 0.001400 0.019828 0.000015
0 0.010179 0.001391 0.019820 0.000015
0 0.010164 0.001446 0.019851 0.000034
0 0.010157 0.001445 0.019865 0.000034
0 0.010151 0.001442 0.019877 0.000034
0 0.010144 0.001439 0.019890 0.000034
0 0.010132 0.001434 0.019914 0.000035
0 0.010128 0.001431 0.019922 0.000032
0 0.010086 0.001498 0.020006 0.000011
0 0.010086 0.001517 0.020007 0.000012
0 0.010085 0.001551 0.020009 0.000010
0 0.010085 0.001560 0.020009 0.000012
0 0.010080 0.001577 0.020018 0.000011
0 0.010080 0.001587 0.020018 0.000010
0 0.010127 0.001500 0.019925 0.000022
0 0.010187 0.001511 0.019804 0.000023
0 0.010218 0.001497 0.019743 0.000024
0 0.010231 0.001491 0.019716 0.000026
0 0.010232 0.001502 0.019714 0.000025
0 0.010227 0.001547 0.019725 0.000025
0 0.010217 0.001570 0.019744 0.000008
0 0.010779 0.001626 0.018622 0.000024
0 0.010775 0.001643 0.018629 0.000025
0 0.010760 0.001664 0.018659 0.000025
0 0.010764 0.001647 0.018652 0.000024
0 0.010195 0.001409 0.019789 0.000018
0 0.010193 0.001424 0.019792 0.000018
0 0.010201 0.001453 0.019776 0.000010
0 0.010194 0.001365 0.019791 0.000016
0 0.010202 0.001347 0.019774 0.000016
0 0.010205 0.001339 0.019769 0.000015
0 0.010202 0.001327 0.019774 0.000016
0 0.010185 0.001339 0.019808 0.000015
0 0.010186 0.001330 0.019806 0.000016
0 0.010185 0.001318 0.019808 0.000016
0 0.010168 0.001321 0.019842 0.000016
0 0.010236 0.001375 0.019706 0.000017
0 0.010230 0.001381 0.019719 0.000016
0 0.010219 0.001366 0.019740 0.000016
0 0.010213 0.001373 0.019753 0.000015
0 0.010201 0.001358 0.019777 0.000016
0 0.010193 0.001375 0.019793 0.000017
0 0.010210 0.001436 0.019758 0.000019
0 0.010211 0.001383 0.019757 0.000015
0 0.010183 0.001349 0.019812 0.000016
0 0.010176 0.001367 0.019827 0.000014
0 0.010164 0.001352 0.019851 0.000014
0 0.010165 0.001341 0.019850 0.000014
0 0.010159 0.001370 0.019860 0.000016
0 0.010161 0.001381 0.019857 0.000016
0 0.010177 0.001379 0.019824 0.000015
0 0.010195 0.001387 0.019788 0.000016
0 0.010214 0.001397 0.019751 0.000016
0 0.010214 0.001406 0.019751 0.000016
0 0.010223 0.001430 0.019733 0.000015
0 0.010748 0.001667 0.018682 0.000024
0 0.010737 0.001667 0.018704 0.000025
0 0.010756 0.001645 0.018667 0.000022
0 0.010621 0.001666 0.018936 0.000025
0 0.010684 0.001622 0.018811 0.000024
0 0.010670 0.001642 0.018839 0.000023
0 0.010655 0.001661 0.018869 0.000024
0 0.010638 0.001680 0.018902 0.000025
0 0.010659 0.001643 0.018861 0.000025
0 0.010644 0.001663 0.018891 0.000025
0 0.010665 0.001623 0.018849 0.000023
0 0.010648 0.001642 0.018882 0.000025
0 0.010652 0.001625 0.018875 0.000023
0 0.010632 0.001664 0.018914 0.000025
0 0.010616 0.001685 0.018946 0.000025
0 0.010640 0.001629 0.018899 0.000026
0 0.010606 0.001685 0.018967 0.000025
0 0.010666 0.001658 0.018846 0.000025
0 0.010611 0.001666 0.018957 0.000025
0 0.010629 0.001630 0.018920 0.000024
0 0.010614 0.001650 0.018951 0.000024
0 0.010597 0.001671 0.018985 0.000025
0 0.010619 0.001629 0.018941 0.000025
0 0.010604 0.001650 0.018971 0.000024
0 0.010589 0.001669 0.019001 0.000025
0 0.010608 0.001631 0.018963 0.000025
0 0.010593 0.001651 0.018992 0.000023
0 0.010599 0.001633 0.018982 0.000022
0 0.010578 0.001670 0.019022 0.000024
0 0.010582 0.001652 0.019014 0.000024
0 0.010651 0.001678 0.018877 0.000025
0 0.010681 0.001639 0.018816 0.000023
0 0.010770 0.001625 0.018639 0.000024
0 0.010724 0.001633 0.018731 0.000024
0 0.010757 0.001629 0.018664 0.000023
0 0.010773 0.001610 0.018633 0.000024
0 0.010743 0.001649 0.018694 0.000024
0 0.010729 0.001667 0.018720 0.000022
0 0.010731 0.001651 0.018717 0.000026
0 0.010746 0.001630 0.018686 0.000025
0 0.010762 0.001611 0.018655 0.000024
0 0.010752 0.001611 0.018675 0.000023
0 0.010736 0.001632 0.018707 0.000025
0 0.010721 0.001651 0.018737 0.000024
0 0.010705 0.001670 0.018768 0.000025
0 0.010740 0.001613 0.018699 0.000025
0 0.010708 0.001654 0.018762 0.000027
0 0.010696 0.001619 0.018787 0.000025
0 0.010691 0.001675 0.018796 0.000025
0 0.010714 0.001634 0.018750 0.000025
0 0.010699 0.001654 0.018781 0.000025
0 0.010730 0.001614 0.018719 0.000025
0 0.010682 0.001675 0.018814 0.000025
0 0.010717 0.001617 0.018745 0.000025
0 0.010702 0.001637 0.018774 0.000024
0 0.010687 0.001656 0.018804 0.000025
0 0.010707 0.001618 0.018766 0.000024
0 0.010691 0.001637 0.018796 0.000024
0 0.010676 0.001658 0.018826 0.000025
0 0.010661 0.001678 0.018857 0.000025
0 0.010368 0.001754 0.019443 0.000025
0 0.010352 0.001774 0.019474 0.000025
0 0.010337 0.001794 0.019505 0.000025
0 0.011613 0.000228 0.021417 0.000012
0 0.011872 0.000209 0.020899 0.000010
0 0.011890 0.000150 0.020863 0.000014
0 0.011890 0.000159 0.020863 0.000011
0 0.011890 0.000168 0.020863 0.000011
0 0.011888 0.000177 0.020867 0.000011
0 0.011886 0.000186 0.020871 0.000011
0 0.011885 0.000194 0.020873 0.000012
0 0.011884 0.000203 0.020875 0.000011
0 0.011882 0.000211 0.020879 0.000010
0 0.011878 0.000218 0.020887 0.000010
0 0.011936 0.000123 0.020771 0.000019
0 0.011939 0.000125 0.020764 0.000021
0 0.011943 0.000142 0.020756 0.000016
0 0.011948 0.000147 0.020748 0.000016
0 0.011953 0.000149 0.020737 0.000019
0 0.011959 0.000153 0.020724 0.000019
0 0.011965 0.000156 0.020712 0.000019
0 0.011972 0.000157 0.020699 0.000020
0 0.011977 0.000162 0.020690 0.000019
0 0.011983 0.000163 0.020677 0.000021
0 0.011988 0.000165 0.020666 0.000020
0 0.011993 0.000168 0.020657 0.000022
0 0.011999 0.000170 0.020644 0.000020
0 0.012003 0.000173 0.020636 0.000022
0 0.012010 0.000175 0.020623 0.000021
0 0.012016 0.000177 0.020612 0.000020
0 0.012022 0.000180 0.020600 0.000020
0 0.011872 0.000200 0.020899 0.000011
0 0.011873 0.000191 0.020897 0.000012
0 0.011875 0.000182 0.020893 0.000011
0 0.011878 0.000098 0.020888 0.000021
0 0.011626 0.000219 0.021392 0.000012
0 0.011635 0.000230 0.021374 0.000008
0 0.011636 0.000220 0.021371 0.000010
0 0.011646 0.000231 0.021351 0.000011
0 0.011646 0.000220 0.021351 0.000010
0 0.011657 0.000231 0.021329 0.000010
0 0.011656 0.000222 0.021331 0.000009
0 0.011785 0.000119 0.021074 0.000013
0 0.011783 0.000128 0.021076 0.000015
0 0.011812 0.000133 0.021018 0.000016
0 0.011867 0.000093 0.020908 0.000022
0 0.011872 0.000096 0.020898 0.000022
0 0.011883 0.000100 0.020877 0.000022
0 0.011877 0.000173 0.020889 0.000010
0 0.011888 0.000104 0.020867 0.000021
0 0.011893 0.000106 0.020858 0.000022
0 0.011899 0.000107 0.020846 0.000019
0 0.011903 0.000109 0.020836 0.000022
0 0.011909 0.000112 0.020825 0.000019
0 0.011915 0.000114 0.020813 0.000020
0 0.011920 0.000115 0.020803 0.000019
0 0.011924 0.000119 0.020794 0.000022
0 0.011930 0.000123 0.020782 0.000022
0 0.011880 0.000146 0.020882 0.000012
0 0.011878 0.000155 0.020887 0.000011
0 0.011878 0.000165 0.020886 0.000011
0 0.012028 0.000183 0.020588 0.000019
0 0.012032 0.000184 0.020578 0.000019
0 0.012037 0.000188 0.020569 0.000022
0 0.011577 0.000520 0.021488 0.000016
0 0.011641 0.000519 0.021360 0.000022
0 0.011639 0.000529 0.021364 0.000024
0 0.011645 0.000548 0.021352 0.000022
0 0.011609 0.000545 0.021425 0.000019
0 0.011605 0.000550 0.021433 0.000018
0 0.011601 0.000558 0.021441 0.000019
0 0.011599 0.000533 0.021446 0.000017
0 0.011593 0.000547 0.021457 0.000017
0 0.011590 0.000523 0.021463 0.000017
0 0.011586 0.000530 0.021470 0.000016
0 0.011584 0.000536 0.021476 0.000016
0 0.011580 0.000512 0.021483 0.000016
0 0.011574 0.000526 0.021495 0.000014
0 0.011652 0.000514 0.021339 0.000022
0 0.011567 0.000511 0.021510 0.000016
0 0.011562 0.000517 0.021518 0.000016
0 0.011559 0.000461 0.021525 0.000020
0 0.011567 0.000348 0.021508 0.000021
0 0.011489 0.000522 0.021665 0.000023
0 0.011493 0.000529 0.021658 0.000023
0 0.011499 0.000503 0.021646 0.000023
0 0.011487 0.000610 0.021669 0.000023
0 0.011369 0.000567 0.021905 0.000015
0 0.011236 0.000650 0.022171 0.000010
0 0.011191 0.000666 0.022261 0.000017
0 0.011185 0.000658 0.022272 0.000018
0 0.011647 0.000515 0.021349 0.000021
0 0.011659 0.000514 0.021324 0.000024
0 0.012049 0.000191 0.020546 0.000015
0 0.011662 0.000489 0.021318 0.000021
0 0.012119 0.000229 0.020406 0.000013
0 0.012152 0.000150 0.020339 0.000010
0 0.012225 0.000182 0.020194 0.000013
0 0.012039 0.000351 0.020566 0.000016
0 0.012090 0.000364 0.020463 0.000023
0 0.011692 0.000457 0.021259 0.000022
0 0.011687 0.000462 0.021268 0.000020
0 0.011683 0.000464 0.021277 0.000020
0 0.011676 0.000465 0.021290 0.000023
0 0.011683 0.000484 0.021277 0.000019
0 0.011674 0.000481 0.021294 0.000022
0 0.011670 0.000495 0.021302 0.000022
0 0.011670 0.000507 0.021303 0.000021
0 0.011658 0.000533 0.021326 0.000022
0 0.011677 0.000513 0.021289 0.000023
0 0.011675 0.000526 0.021292 0.000020
0 0.011681 0.000545 0.021280 0.000023
0 0.011677 0.000549 0.021290 0.000022
0 0.011684 0.000536 0.021275 0.000023
0 0.011689 0.000531 0.021265 0.000021
0 0.011693 0.000523 0.021257 0.000024
0 0.011687 0.000504 0.021268 0.000021
0 0.011670 0.000532 0.021302 0.000022
0 0.011664 0.000511 0.021314 0.000018
0 0.011666 0.000536 0.021311 0.000020
0 0.011665 0.000551 0.021313 0.000022
0 0.011624 0.000230 0.021394 0.000010
0 0.011614 0.000218 0.021415 0.000010
0 0.010322 0.001814 0.019535 0.000025
0 0.010359 0.001936 0.019461 0.000025
0 0.010233 0.001789 0.019713 0.000024
0 0.010221 0.001792 0.019737 0.000025
0 0.010236 0.001773 0.019706 0.000026
0 0.010226 0.001772 0.019727 0.000027
0 0.010211 0.001792 0.019756 0.000025
0 0.010213 0.001776 0.019753 0.000025
0 0.010200 0.001795 0.019779 0.000021
0 0.010204 0.001776 0.019771 0.000024
0 0.010193 0.001778 0.019793 0.000025
0 0.010182 0.001780 0.019815 0.000024
0 0.010170 0.001783 0.019838 0.000025
0 0.010160 0.001783 0.019859 0.000024
0 0.010145 0.001777 0.019888 0.000025
0 0.010091 0.001675 0.019996 0.000030
0 0.010087 0.001708 0.020004 0.000031
0 0.010090 0.001720 0.019999 0.000031
0 0.010094 0.001732 0.019991 0.000031
0 0.010095 0.001753 0.019989 0.000034
0 0.010093 0.001775 0.019992 0.000031
0 0.010093 0.001791 0.019993 0.000029
0 0.010078 0.001817 0.020023 0.000028
0 0.010100 0.001796 0.019979 0.000029
0 0.010101 0.001808 0.019976 0.000030
0 0.010682 0.001841 0.018814 0.000024
0 0.010667 0.001860 0.018844 0.000025
0 0.010657 0.001861 0.018865 0.000024
0 0.010673 0.001841 0.018834 0.000025
0 0.010242 0.001788 0.019694 0.000025
0 0.010259 0.001769 0.019661 0.000025
0 0.010254 0.001788 0.019671 0.000022
0 0.010309 0.001779 0.019560 0.000024
0 0.010358 0.001755 0.019463 0.000025
0 0.010342 0.001775 0.019494 0.000025
0 0.010316 0.001808 0.019547 0.000025
0 0.010346 0.001757 0.019486 0.000025
0 0.010330 0.001777 0.019518 0.000025
0 0.010315 0.001797 0.019549 0.000025
0 0.010299 0.001817 0.019580 0.000025
0 0.010335 0.001758 0.019509 0.000026
0 0.010319 0.001779 0.019540 0.000025
0 0.010303 0.001798 0.019572 0.000025
0 0.010288 0.001817 0.019603 0.000025
0 0.010324 0.001758 0.019530 0.000026
0 0.010293 0.001799 0.019592 0.000026
0 0.010268 0.001769 0.019642 0.000025
0 0.010278 0.001819 0.019623 0.000025
0 0.010313 0.001761 0.019553 0.000025
0 0.010297 0.001781 0.019584 0.000025
0 0.010282 0.001801 0.019615 0.000025
0 0.010266 0.001822 0.019646 0.000024
0 0.010271 0.001802 0.019637 0.000025
0 0.010256 0.001823 0.019668 0.000025
0 0.010276 0.001784 0.019627 0.000025
0 0.010260 0.001804 0.019658 0.000025
0 0.010244 0.001824 0.019690 0.000025
0 0.010280 0.001766 0.019619 0.000025
0 0.010264 0.001786 0.019650 0.000025
0 0.010662 0.001842 0.018855 0.000025
0 0.010666 0.001825 0.018847 0.000024
0 0.010650 0.001844 0.018878 0.000025
0 0.010534 0.001842 0.019110 0.000024
0 0.010578 0.001836 0.019023 0.000025
0 0.010563 0.001856 0.019054 0.000025
0 0.010547 0.001874 0.019084 0.000025
0 0.010566 0.001838 0.019046 0.000025
0 0.010551 0.001857 0.019076 0.000025
0 0.010572 0.001819 0.019035 0.000024
0 0.010556 0.001839 0.019067 0.000025
0 0.010540 0.001859 0.019098 0.000026
0 0.010562 0.001820 0.019055 0.000025
0 0.010536 0.001878 0.019107 0.000025
0 0.010526 0.001879 0.019126 0.000023
0 0.010550 0.001822 0.019079 0.000025
0 0.010518 0.001862 0.019142 0.000026
0 0.010557 0.001874 0.019065 0.000025
0 0.010539 0.001824 0.019101 0.000024
0 0.010523 0.001843 0.019133 0.000025
0 0.010507 0.001863 0.019164 0.000025
0 0.010530 0.001823 0.019118 0.000022
0 0.010516 0.001828 0.019146 0.000025
0 0.010513 0.001843 0.019152 0.000025
0 0.010497 0.001864 0.019185 0.000025
0 0.010501 0.001847 0.019177 0.000025
0 0.010505 0.001828 0.019169 0.000025
0 0.010496 0.001828 0.019186 0.000025
0 0.010401 0.000405 0.019377 0.000029
0 0.010322 0.001135 0.019535 0.000015
0 0.010593 0.001816 0.018992 0.000025
0 0.010573 0.001856 0.019033 0.000025
0 0.010635 0.001863 0.018908 0.000024
0 0.010602 0.001869 0.018974 0.000025
0 0.010669 0.001806 0.018840 0.000025
0 0.010654 0.001826 0.018870 0.000024
0 0.010638 0.001847 0.018902 0.000025
0 0.010623 0.001866 0.018932 0.000025
0 0.010659 0.001807 0.018860 0.000025
0 0.010644 0.001827 0.018891 0.000025
0 0.010628 0.001848 0.018923 0.000025
0 0.010612 0.001868 0.018955 0.000025
0 0.010648 0.001809 0.018883 0.000025
0 0.010633 0.001829 0.018913 0.000023
0 0.010667 0.001738 0.018845 0.000025
0 0.010618 0.001849 0.018944 0.000025
0 0.010637 0.001810 0.018904 0.000024
0 0.010588 0.001836 0.019002 0.000024
0 0.010622 0.001830 0.018935 0.000025
0 0.010606 0.001851 0.018966 0.000025
0 0.010591 0.001870 0.018996 0.000025
0 0.010627 0.001811 0.018925 0.000025
0 0.010611 0.001832 0.018956 0.000025
0 0.010595 0.001852 0.018988 0.000025
0 0.010580 0.001872 0.019019 0.000025
0 0.010616 0.001813 0.018947 0.000025
0 0.010600 0.001832 0.018978 0.000025
0 0.010585 0.001852 0.019009 0.000025
0 0.010569 0.001872 0.019041 0.000025
0 0.010604 0.001816 0.018971 0.000025
0 0.010059 0.000154 0.020061 0.000008