0 0.010725 0.002056 0.018728 0.000363
0 0.010642 0.001396 0.018894 0.000254
0 0.010700 0.001156 0.018780 0.000248
0 0.010500 0.001151 0.019178 0.000225
0 0.010450 0.000952 0.019278 0.000231
0 0.010489 0.000897 0.019200 0.000236
0 0.010532 0.001156 0.019115 0.000213
0 0.010550 0.001110 0.019078 0.000225
0 0.010563 0.001044 0.019053 0.000219
0 0.010572 0.000940 0.019034 0.000173
0 0.010541 0.000750 0.019097 0.000219
0 0.010565 0.000695 0.019049 0.000225
0 0.010661 0.000790 0.018857 0.000231
0 0.010681 0.000738 0.018816 0.000231
0 0.010724 0.000640 0.018732 0.000219
0 0.010648 0.000450 0.018883 0.000196