0 0.011209 0.001747 0.022225 0.000100
0 0.010678 0.000708 0.018822 0.000262
0 0.010506 0.001175 0.019166 0.000259
0 0.010517 0.000653 0.019145 0.000259
0 0.010533 0.000659 0.019112 0.000259
0 0.010548 0.000658 0.019082 0.000251
0 0.010575 0.000665 0.019029 0.000259
0 0.010593 0.000669 0.018993 0.000251
0 0.010578 0.001129 0.019023 0.000089
0 0.010622 0.000690 0.018935 0.000259
0 0.010637 0.000687 0.018905 0.000254
0 0.010705 0.001182 0.018768 0.000262
0 0.010999 0.000904 0.018181 0.000070
0 0.010728 0.000720 0.018723 0.000265
0 0.010762 0.000745 0.018654 0.000103
0 0.010766 0.000673 0.018647 0.000114
0 0.010855 0.000786 0.018468 0.000089
0 0.010858 0.000719 0.018462 0.000095
0 0.010931 0.000869 0.018317 0.000100
0 0.010924 0.001071 0.018330 0.000086
0 0.010923 0.001154 0.018333 0.000117
0 0.010925 0.001228 0.018329 0.000086
0 0.010491 0.001176 0.019196 0.000251
0 0.010475 0.001183 0.019228 0.000248
0 0.010456 0.001183 0.019267 0.000265
0 0.010399 0.001219 0.019380 0.000281
0 0.010135 0.000927 0.019908 0.000070
0 0.010136 0.000998 0.019907 0.000072
0 0.010141 0.001058 0.019897 0.000075
0 0.010136 0.001122 0.019907 0.000075
0 0.010139 0.001244 0.019900 0.000081
0 0.010141 0.001307 0.019896 0.000067
0 0.010141 0.001370 0.019896 0.000064
0 0.010182 0.000670 0.019815 0.000248
0 0.010198 0.000647 0.019783 0.000245
0 0.010215 0.000624 0.019748 0.000245
0 0.010232 0.000614 0.019715 0.000242
0 0.010283 0.000621 0.019613 0.000251
0 0.010313 0.001276 0.019553 0.000256
0 0.010343 0.001244 0.019492 0.000248
0 0.010290 0.000648 0.019600 0.000254
0 0.010310 0.000653 0.019558 0.000248
0 0.010354 0.000624 0.019471 0.000251
0 0.010371 0.000619 0.019436 0.000251
0 0.010404 0.000616 0.019370 0.000251
0 0.011025 0.001202 0.018129 0.000120
0 0.010995 0.000836 0.018188 0.000078
0 0.011201 0.001300 0.022242 0.000125
0 0.012081 0.001933 0.020480 0.000070
0 0.012146 0.001990 0.020351 0.000050
0 0.012148 0.002041 0.020347 0.000053
0 0.012149 0.002190 0.020346 0.000050
0 0.012080 0.001460 0.020483 0.000045
0 0.012078 0.001516 0.020487 0.000050
0 0.012079 0.001570 0.020486 0.000047
0 0.012079 0.001616 0.020484 0.000061
0 0.012084 0.001774 0.020475 0.000059
0 0.012084 0.001831 0.020475 0.000056
0 0.012084 0.001997 0.020475 0.000053
0 0.011213 0.000575 0.022217 0.000120
0 0.011340 0.001834 0.021963 0.000050
0 0.011342 0.001942 0.021958 0.000050
0 0.011340 0.002001 0.021963 0.000056
0 0.011341 0.002104 0.021961 0.000050
0 0.011261 0.001568 0.022121 0.000053
0 0.011266 0.001673 0.022112 0.000053
0 0.011264 0.001821 0.022116 0.000064
0 0.011266 0.001878 0.022112 0.000056
0 0.011271 0.002034 0.022101 0.000050
0 0.012146 0.001889 0.020350 0.000061
0 0.012149 0.001831 0.020344 0.000061
0 0.012149 0.001726 0.020344 0.000053
0 0.012145 0.001625 0.020353 0.000056
0 0.011189 0.000698 0.022265 0.000098
0 0.011684 0.000212 0.021275 0.000072
0 0.012230 0.001491 0.020183 0.000056
0 0.012235 0.001548 0.020173 0.000047
0 0.012238 0.001705 0.020167 0.000056
0 0.012236 0.001756 0.020172 0.000056
0 0.012236 0.001874 0.020172 0.000075
0 0.012237 0.001966 0.020169 0.000053
0 0.012240 0.002076 0.020163 0.000056
0 0.012177 0.002084 0.020290 0.000045
0 0.012175 0.002139 0.020292 0.000047
0 0.012174 0.001934 0.020295 0.000050
0 0.012175 0.001774 0.020294 0.000053
0 0.012174 0.001724 0.020295 0.000053
0 0.012173 0.001671 0.020298 0.000059
0 0.012170 0.001622 0.020303 0.000056
0 0.012172 0.001561 0.020299 0.000050
0 0.012170 0.001508 0.020303 0.000056
0 0.012144 0.001565 0.020355 0.000053
0 0.010135 0.000864 0.019908 0.000067