0 0.010876 0.001602 0.018427 0.000081
0 0.010870 0.001555 0.018439 0.000075
0 0.010196 0.000438 0.019787 0.000223
0 0.010244 0.000424 0.019690 0.000220
0 0.010282 0.000433 0.019614 0.000221
0 0.010318 0.000434 0.019542 0.000227
0 0.010367 0.000406 0.019445 0.000186
0 0.010397 0.000422 0.019385 0.000224
0 0.010427 0.000431 0.019325 0.000200
0 0.010461 0.000450 0.019256 0.000227
0 0.010502 0.000427 0.019175 0.000214
0 0.010536 0.000393 0.019106 0.000215
0 0.010572 0.000419 0.019034 0.000237
0 0.010612 0.000431 0.018954 0.000221
0 0.010656 0.000426 0.018866 0.000220
0 0.010682 0.000427 0.018815 0.000217
0 0.010716 0.000437 0.018746 0.000244
0 0.010746 0.000424 0.018686 0.000227
0 0.010780 0.000407 0.018619 0.000255
0 0.010820 0.000377 0.018538 0.000229
0 0.010850 0.000408 0.018478 0.000247
0 0.010896 0.000473 0.018386 0.000160
0 0.010891 0.000608 0.018397 0.000069
0 0.010899 0.000799 0.018381 0.000067
0 0.010915 0.000850 0.018349 0.000069
0 0.010886 0.000882 0.018407 0.000078
0 0.010869 0.000927 0.018441 0.000079
0 0.010863 0.000973 0.018453 0.000087
0 0.010915 0.001028 0.018349 0.000072
0 0.010855 0.001403 0.018469 0.000073
0 0.010859 0.001457 0.018460 0.000072
0 0.010153 0.000417 0.019872 0.000220