0 0.000753 0.002042 0.001505 0.000123
0 0.000606 0.000462 0.001213 0.000046
0 0.000941 0.000572 0.001882 0.000041
0 0.000913 0.000496 0.001826 0.000044
0 0.000891 0.000411 0.001783 0.000058
0 0.000856 0.000507 0.001712 0.000035
0 0.000799 0.000445 0.001598 0.000043
0 0.000768 0.000581 0.001536 0.000043
0 0.000664 0.000605 0.001328 0.000037
0 0.000664 0.000537 0.001328 0.000040
0 0.000669 0.000485 0.001337 0.000058
0 0.000634 0.000372 0.001267 0.000051
0 0.000483 0.000435 0.000966 0.000053
0 0.000929 0.000863 0.001858 0.000036
0 0.000392 0.000523 0.000785 0.000052
0 0.000376 0.000450 0.000751 0.000043
0 0.000315 0.000548 0.000630 0.000049
0 0.000239 0.000569 0.000477 0.000061
0 0.000170 0.000412 0.000340 0.000052
0 0.000118 0.000775 0.000235 0.000034
0 0.000119 0.000825 0.000238 0.000044
0 0.000119 0.000876 0.000237 0.000031
0 0.000779 0.000795 0.001557 0.000036
0 0.000819 0.000741 0.001639 0.000028
0 0.000974 0.000568 0.001949 0.000043
0 0.001067 0.000638 0.002135 0.000030
0 0.001067 0.000599 0.002135 0.000036
0 0.000905 0.000328 0.001810 0.000042
0 0.000165 0.000305 0.000329 0.000061
0 0.000187 0.000346 0.000373 0.000068
0 0.000223 0.000184 0.000445 0.000067
0 0.000254 0.000198 0.000507 0.000064
0 0.000288 0.000321 0.000576 0.000061
0 0.000290 0.000196 0.000580 0.000062
0 0.000386 0.000291 0.000771 0.000074
0 0.000431 0.000113 0.000863 0.000099
0 0.000446 0.000276 0.000891 0.000055
0 0.000433 0.000357 0.000866 0.000037
0 0.000496 0.000096 0.000993 0.000098
0 0.000494 0.000262 0.000987 0.000081
0 0.000542 0.000242 0.001084 0.000076
0 0.000591 0.000232 0.001181 0.000061
0 0.000638 0.000289 0.001276 0.000051
0 0.000685 0.000110 0.001370 0.000050
0 0.000690 0.000158 0.001379 0.000038
0 0.000741 0.000172 0.001482 0.000048
0 0.000775 0.000295 0.001549 0.000057
0 0.000833 0.000301 0.001666 0.000050
0 0.000813 0.000349 0.001625 0.000038
0 0.000826 0.000829 0.001652 0.000043
0 0.000946 0.000799 0.001892 0.000030
0 0.001045 0.002213 0.002090 0.000037
0 0.001116 0.001433 0.002231 0.000068
0 0.000973 0.001277 0.001946 0.000065
0 0.000972 0.001492 0.001945 0.000068
0 0.000936 0.001443 0.001873 0.000063
0 0.000925 0.001276 0.001850 0.000067
0 0.000847 0.001435 0.001694 0.000102
0 0.000798 0.001287 0.001596 0.000061
0 0.000692 0.001282 0.001383 0.000042
0 0.000671 0.001398 0.001341 0.000033
0 0.000709 0.001520 0.001417 0.000041
0 0.001097 0.001344 0.002193 0.000059
0 0.001030 0.001538 0.002061 0.000060
0 0.000951 0.000694 0.001901 0.000044
0 0.000998 0.001614 0.001997 0.000056
0 0.000932 0.001670 0.001865 0.000093
0 0.000895 0.001588 0.001790 0.000112
0 0.000867 0.001516 0.001733 0.000096
0 0.000758 0.001682 0.001517 0.000035
0 0.000745 0.001643 0.001491 0.000037
0 0.000718 0.001562 0.001437 0.000037
0 0.000693 0.001693 0.001386 0.000020
0 0.000712 0.001779 0.001423 0.000028
0 0.001069 0.002123 0.002137 0.000117
0 0.000999 0.001283 0.001997 0.000060
0 0.000104 0.000958 0.000209 0.000028
0 0.000112 0.000921 0.000223 0.000030
0 0.000717 0.001231 0.001433 0.000039
0 0.000984 0.000848 0.001967 0.000043
0 0.001004 0.000852 0.002008 0.000039
0 0.001032 0.000845 0.002065 0.000040
0 0.001057 0.000844 0.002114 0.000038
0 0.001085 0.000840 0.002170 0.000042
0 0.001090 0.000876 0.002180 0.000045
0 0.001093 0.000928 0.002186 0.000045
0 0.001095 0.000985 0.002190 0.000047
0 0.001043 0.000984 0.002085 0.000054
0 0.001027 0.001007 0.002054 0.000049
0 0.001025 0.001153 0.002049 0.000057
0 0.000988 0.001153 0.001976 0.000056
0 0.001005 0.000967 0.002010 0.000048
0 0.000964 0.001041 0.001929 0.000033
0 0.000882 0.000993 0.001764 0.000053
0 0.000864 0.000979 0.001727 0.000048
0 0.000874 0.001158 0.001747 0.000056
0 0.000830 0.000984 0.001660 0.000047
0 0.000795 0.001061 0.001590 0.000042
0 0.000777 0.001106 0.001555 0.000038
0 0.000796 0.001145 0.001591 0.000051
0 0.000092 0.000340 0.000184 0.000058