0 0.011261 0.002211 0.022121 0.000027
0 0.011248 0.002160 0.022147 0.000053
0 0.010255 0.000923 0.019669 0.000095
0 0.010232 0.000934 0.019714 0.000097
0 0.010210 0.000942 0.019759 0.000098
0 0.010195 0.000963 0.019788 0.000095
0 0.010173 0.000974 0.019833 0.000095
0 0.010155 0.000992 0.019868 0.000095
0 0.010180 0.001420 0.019820 0.000041
0 0.010177 0.001454 0.019825 0.000042
0 0.010179 0.001489 0.019821 0.000042
0 0.010180 0.001523 0.019818 0.000041
0 0.010181 0.001557 0.019816 0.000045
0 0.010249 0.001513 0.019681 0.000045
0 0.010248 0.001548 0.019683 0.000045
0 0.010357 0.001061 0.019465 0.000127
0 0.010375 0.001452 0.019429 0.000118
0 0.010393 0.001462 0.019392 0.000119
0 0.010454 0.001234 0.019271 0.000071
0 0.010460 0.001266 0.019259 0.000070
0 0.010430 0.001456 0.019318 0.000119
0 0.010411 0.001581 0.019356 0.000088
0 0.010396 0.001608 0.019387 0.000085
0 0.010454 0.001579 0.019271 0.000086
0 0.010475 0.001557 0.019228 0.000074
0 0.010496 0.001542 0.019187 0.000074
0 0.010473 0.001438 0.019233 0.000116
0 0.010494 0.001442 0.019190 0.000118
0 0.010519 0.001523 0.019140 0.000071
0 0.010536 0.001497 0.019107 0.000062
0 0.010536 0.001461 0.019107 0.000068
0 0.010275 0.000906 0.019629 0.000095
0 0.010861 0.000836 0.018457 0.000116
0 0.010843 0.000447 0.018492 0.000118
0 0.010512 0.000504 0.019154 0.000113
0 0.010301 0.000645 0.019576 0.000128
0 0.010319 0.000629 0.019541 0.000125
0 0.010336 0.000620 0.019507 0.000124
0 0.010353 0.000605 0.019472 0.000122
0 0.010370 0.000600 0.019439 0.000124
0 0.010406 0.000574 0.019367 0.000124
0 0.010433 0.000828 0.019313 0.000088
0 0.010395 0.000850 0.019389 0.000095
0 0.010448 0.000818 0.019284 0.000092
0 0.010468 0.000806 0.019242 0.000092
0 0.010429 0.000562 0.019320 0.000124
0 0.010448 0.000552 0.019284 0.000124
0 0.010497 0.000531 0.019185 0.000113
0 0.010530 0.000490 0.019118 0.000115
0 0.010813 0.000319 0.018552 0.000118
0 0.010577 0.000535 0.019024 0.000118
0 0.010601 0.000521 0.018976 0.000118
0 0.010620 0.000513 0.018939 0.000116
0 0.010636 0.000502 0.018907 0.000118
0 0.010652 0.000493 0.018876 0.000121
0 0.010607 0.000592 0.018964 0.000056
0 0.010670 0.000479 0.018839 0.000118
0 0.010686 0.000469 0.018806 0.000119
0 0.010731 0.000480 0.018716 0.000116
0 0.010749 0.000472 0.018680 0.000118
0 0.010774 0.000460 0.018630 0.000116
0 0.010793 0.000450 0.018592 0.000116
0 0.010811 0.000425 0.018556 0.000115
0 0.010551 0.001438 0.019076 0.000077
0 0.010561 0.001410 0.019057 0.000076
0 0.010569 0.001381 0.019040 0.000071
0 0.011305 0.001795 0.022033 0.000039
0 0.011624 0.000288 0.021395 0.000056
0 0.011693 0.000252 0.021256 0.000039
0 0.011722 0.000237 0.021199 0.000035
0 0.010560 0.000187 0.019059 0.000068
0 0.010648 0.000198 0.018882 0.000070
0 0.010706 0.000154 0.018767 0.000079
0 0.011930 0.000036 0.020783 0.000041
0 0.011981 0.000071 0.020681 0.000033
0 0.012051 0.000191 0.020541 0.000053
0 0.012085 0.000094 0.020473 0.000056
0 0.011215 0.000915 0.022213 0.000035
0 0.011295 0.001745 0.022053 0.000035
0 0.011297 0.001770 0.022048 0.000041
0 0.011309 0.001818 0.022024 0.000039
0 0.011558 0.000246 0.021526 0.000042
0 0.011301 0.001878 0.022041 0.000056
0 0.011315 0.001851 0.022014 0.000033
0 0.011322 0.001875 0.022000 0.000038
0 0.011327 0.001903 0.021989 0.000033
0 0.011332 0.001925 0.021979 0.000026
0 0.011262 0.002020 0.022119 0.000029
0 0.011351 0.001747 0.021941 0.000030
0 0.011353 0.001773 0.021936 0.000030
0 0.011360 0.001799 0.021922 0.000023
0 0.011379 0.001903 0.021886 0.000030
0 0.011392 0.001930 0.021858 0.000024
0 0.011393 0.001957 0.021856 0.000024
0 0.011264 0.002055 0.022114 0.000045
0 0.011571 0.000259 0.021500 0.000038
0 0.011538 0.000281 0.021568 0.000042
0 0.010613 0.001377 0.018952 0.000091
0 0.011062 0.001238 0.018054 0.000076
0 0.010645 0.001041 0.018889 0.000130
0 0.010740 0.001265 0.018699 0.000070
0 0.010755 0.001331 0.018668 0.000076
0 0.010766 0.001362 0.018647 0.000068
0 0.010826 0.001288 0.018526 0.000073
0 0.010884 0.000954 0.018410 0.000121
0 0.010974 0.000973 0.018231 0.000071
0 0.010984 0.001078 0.018210 0.000070
0 0.010995 0.001107 0.018189 0.000068
0 0.010986 0.001210 0.018206 0.000113
0 0.011016 0.001325 0.018146 0.000113
0 0.011030 0.001137 0.018118 0.000071
0 0.011037 0.001171 0.018104 0.000070
0 0.011080 0.001299 0.018018 0.000068
0 0.011479 0.000296 0.021685 0.000057
0 0.010262 0.001776 0.019655 0.000118
0 0.010288 0.001891 0.019603 0.000116
0 0.010301 0.001747 0.019576 0.000121
0 0.010307 0.001881 0.019565 0.000119
0 0.010322 0.001869 0.019534 0.000119
0 0.010327 0.001746 0.019524 0.000118
0 0.010348 0.001725 0.019482 0.000116
0 0.010360 0.001846 0.019458 0.000116
0 0.010382 0.001815 0.019415 0.000115
0 0.010771 0.001391 0.018637 0.000071
0 0.010087 0.001377 0.020005 0.000115
0 0.010096 0.001566 0.019987 0.000116
0 0.010109 0.001824 0.019960 0.000145
0 0.010277 0.000650 0.019624 0.000118