0 0.011367 0.000094 0.021909 0.000072
0 0.010863 0.001000 0.018452 0.000089
0 0.010694 0.001187 0.018791 0.000217
0 0.010714 0.001227 0.018751 0.000165
0 0.010736 0.000980 0.018706 0.000068
0 0.010743 0.001033 0.018693 0.000068
0 0.010780 0.001182 0.018618 0.000217
0 0.010814 0.001170 0.018551 0.000177
0 0.010888 0.001139 0.018402 0.000214
0 0.010662 0.001202 0.018855 0.000210
0 0.010907 0.001139 0.018364 0.000233
0 0.010928 0.001130 0.018324 0.000177
0 0.010937 0.001038 0.018305 0.000221
0 0.010922 0.000781 0.018334 0.000186
0 0.010961 0.001109 0.018257 0.000186
0 0.010979 0.001100 0.018221 0.000224
0 0.010679 0.001199 0.018820 0.000207
0 0.010643 0.001212 0.018893 0.000205
0 0.010991 0.000915 0.018198 0.000100
0 0.010473 0.001286 0.019232 0.000205
0 0.010090 0.001217 0.019999 0.000203
0 0.010224 0.001342 0.019730 0.000079
0 0.010289 0.001268 0.019601 0.000079
0 0.010295 0.001323 0.019590 0.000084
0 0.010458 0.001087 0.019262 0.000119
0 0.010506 0.001104 0.019167 0.000075
0 0.010489 0.001280 0.019201 0.000203
0 0.010623 0.001199 0.018933 0.000231
0 0.010507 0.001282 0.019165 0.000210
0 0.010523 0.001263 0.019132 0.000219
0 0.010541 0.001258 0.019097 0.000214
0 0.010559 0.001248 0.019061 0.000207
0 0.010592 0.001245 0.018994 0.000226
0 0.010610 0.001226 0.018958 0.000210
0 0.010994 0.001080 0.018190 0.000221
0 0.011013 0.001068 0.018153 0.000221
0 0.011352 0.000106 0.021939 0.000082
0 0.011214 0.000231 0.022216 0.000079
0 0.010599 0.001441 0.018980 0.000147
0 0.010626 0.001428 0.018926 0.000149
0 0.010732 0.001399 0.018715 0.000068
0 0.010836 0.001496 0.018506 0.000089
0 0.010840 0.001556 0.018499 0.000070
0 0.011199 0.000728 0.022245 0.000082
0 0.011216 0.000308 0.022211 0.000075
0 0.010539 0.001460 0.019100 0.000161
0 0.011190 0.000236 0.022262 0.000068
0 0.011311 0.000453 0.022020 0.000082
0 0.011327 0.000465 0.021990 0.000082
0 0.011339 0.000386 0.021965 0.000082
0 0.011322 0.000386 0.021998 0.000082
0 0.011333 0.000304 0.021977 0.000086
0 0.010570 0.001452 0.019038 0.000158
0 0.010574 0.001679 0.019030 0.000077
0 0.011032 0.001080 0.018115 0.000221
0 0.010224 0.001406 0.019732 0.000082
0 0.011048 0.001051 0.018082 0.000233
0 0.010733 0.001339 0.018713 0.000072
0 0.010455 0.001297 0.019268 0.000231
0 0.010439 0.001318 0.019301 0.000231
0 0.010424 0.001880 0.019330 0.000214
0 0.010443 0.001872 0.019293 0.000217
0 0.010111 0.001469 0.019957 0.000184
0 0.010552 0.001831 0.019074 0.000210
0 0.010100 0.001512 0.019979 0.000172
0 0.010486 0.001489 0.019207 0.000168
0 0.010513 0.001481 0.019152 0.000156
0 0.010494 0.001850 0.019191 0.000233
0 0.010515 0.001845 0.019149 0.000228
0 0.010534 0.001837 0.019110 0.000231
0 0.010108 0.000691 0.019963 0.000198