0 0.010742 0.000821 0.018694 0.000096
0 0.010751 0.000662 0.018677 0.000085
0 0.010820 0.000659 0.018539 0.000082
0 0.010844 0.000655 0.018491 0.000094
0 0.010864 0.000659 0.018450 0.000091
0 0.010887 0.000658 0.018405 0.000089
0 0.010911 0.000654 0.018357 0.000091
0 0.010932 0.000659 0.018315 0.000087
0 0.010954 0.000655 0.018271 0.000085
0 0.010973 0.000655 0.018233 0.000085
0 0.010994 0.000654 0.018191 0.000087
0 0.011018 0.000656 0.018143 0.000091
0 0.011038 0.000655 0.018102 0.000085
0 0.011038 0.000919 0.018102 0.000105
0 0.011001 0.000882 0.018177 0.000085
0 0.010937 0.000982 0.018305 0.000025
0 0.010944 0.001030 0.018291 0.000030
0 0.010982 0.000815 0.018215 0.000094
0 0.010961 0.000816 0.018257 0.000091
0 0.010940 0.000814 0.018298 0.000096
0 0.010918 0.000818 0.018343 0.000094
0 0.010894 0.000818 0.018391 0.000094
0 0.010871 0.000816 0.018436 0.000091
0 0.010796 0.000658 0.018587 0.000085
0 0.010730 0.000662 0.018718 0.000085
0 0.010665 0.000663 0.018849 0.000087
0 0.010474 0.000882 0.019232 0.000030
0 0.010468 0.000623 0.019242 0.000030
0 0.010465 0.000654 0.019249 0.000032
0 0.010468 0.000680 0.019242 0.000025
0 0.010468 0.000706 0.019242 0.000025
0 0.010468 0.000735 0.019242 0.000025
0 0.010472 0.000765 0.019235 0.000025
0 0.010470 0.000792 0.019238 0.000025
0 0.010468 0.000822 0.019242 0.000030
0 0.010472 0.000851 0.019235 0.000027
0 0.010470 0.000911 0.019238 0.000025
0 0.010646 0.000664 0.018887 0.000085
0 0.010530 0.001672 0.019118 0.000032
0 0.010537 0.001704 0.019104 0.000032
0 0.010529 0.001772 0.019121 0.000032
0 0.010537 0.001808 0.019104 0.000030
0 0.010532 0.001841 0.019114 0.000027
0 0.010534 0.001875 0.019111 0.000027
0 0.010532 0.001906 0.019114 0.000025
0 0.010601 0.000667 0.018977 0.000085
0 0.010620 0.000664 0.018939 0.000085
0 0.010851 0.000818 0.018477 0.000094
0 0.010828 0.000816 0.018522 0.000091
0 0.010808 0.000819 0.018563 0.000091
0 0.010716 0.001122 0.018746 0.000094
0 0.010975 0.001117 0.018229 0.000098
0 0.010951 0.001114 0.018277 0.000091
0 0.010930 0.001117 0.018319 0.000098
0 0.010906 0.001120 0.018367 0.000094
0 0.010882 0.001120 0.018415 0.000094
0 0.010811 0.001121 0.018556 0.000091
0 0.010789 0.001124 0.018601 0.000094
0 0.010763 0.001122 0.018653 0.000094
0 0.010740 0.001120 0.018698 0.000094
0 0.010696 0.001125 0.018787 0.000091
0 0.010978 0.000910 0.018222 0.000087
0 0.010673 0.001123 0.018832 0.000096
0 0.010651 0.001124 0.018877 0.000094
0 0.010625 0.001125 0.018928 0.000091
0 0.010601 0.001123 0.018977 0.000096
0 0.010501 0.001951 0.019176 0.000032
0 0.010207 0.000930 0.019765 0.000190
0 0.010689 0.000664 0.018801 0.000085
0 0.010709 0.000664 0.018760 0.000085
0 0.010777 0.000661 0.018625 0.000087
0 0.010995 0.001113 0.018188 0.000094
0 0.010957 0.000909 0.018264 0.000085
0 0.010785 0.000821 0.018608 0.000091
0 0.010697 0.000919 0.018784 0.000087
0 0.010763 0.000822 0.018653 0.000094
0 0.010720 0.000822 0.018739 0.000094
0 0.010699 0.000823 0.018780 0.000096
0 0.010677 0.000823 0.018825 0.000091
0 0.010656 0.000824 0.018866 0.000094
0 0.010635 0.000824 0.018908 0.000098
0 0.010635 0.000917 0.018908 0.000087
0 0.010654 0.000917 0.018870 0.000087
0 0.010677 0.000917 0.018825 0.000087
0 0.010720 0.000919 0.018739 0.000091
0 0.010935 0.000907 0.018308 0.000085
0 0.010739 0.000916 0.018701 0.000089
0 0.010759 0.000915 0.018660 0.000091
0 0.010785 0.000914 0.018608 0.000085
0 0.010806 0.000915 0.018567 0.000091
0 0.010825 0.000913 0.018529 0.000087
0 0.010849 0.000914 0.018481 0.000080
0 0.010870 0.000910 0.018439 0.000087
0 0.010892 0.000909 0.018395 0.000080
0 0.010918 0.000908 0.018343 0.000082
0 0.010475 0.000592 0.019228 0.000027