0 0.011210 0.001710 0.022223 0.000051
0 0.011545 0.001771 0.021554 0.000053
0 0.010590 0.000468 0.018998 0.000208
0 0.010552 0.000486 0.019075 0.000191
0 0.010511 0.000495 0.019157 0.000188
0 0.010416 0.001418 0.019346 0.000060
0 0.010422 0.001359 0.019335 0.000058
0 0.010420 0.001306 0.019338 0.000068
0 0.010419 0.001249 0.019341 0.000065
0 0.010416 0.001190 0.019346 0.000072
0 0.010415 0.001135 0.019349 0.000070
0 0.010408 0.001016 0.019363 0.000077
0 0.010407 0.000950 0.019365 0.000065
0 0.010467 0.000477 0.019245 0.000147
0 0.010420 0.000507 0.019338 0.000208
0 0.010379 0.000521 0.019420 0.000198
0 0.010326 0.000513 0.019527 0.000200
0 0.010283 0.000521 0.019612 0.000203
0 0.010232 0.000514 0.019714 0.000203
0 0.010189 0.000530 0.019801 0.000210
0 0.010147 0.000531 0.019884 0.000208
0 0.010682 0.000460 0.018814 0.000200
0 0.010722 0.000452 0.018735 0.000200
0 0.010771 0.000445 0.018636 0.000205
0 0.010418 0.001473 0.019343 0.000070
0 0.011532 0.001718 0.021578 0.000058
0 0.011465 0.001622 0.021713 0.000106
0 0.011425 0.001495 0.021792 0.000123
0 0.011205 0.001423 0.022234 0.000065
0 0.011207 0.001291 0.022228 0.000058
0 0.011196 0.000999 0.022250 0.000058
0 0.010078 0.000539 0.020023 0.000138
0 0.010427 0.001536 0.019324 0.000065
0 0.010812 0.001512 0.018554 0.000056
0 0.010810 0.000853 0.018559 0.000070
0 0.010806 0.001454 0.018567 0.000070
0 0.010807 0.001395 0.018565 0.000063
0 0.010808 0.001340 0.018562 0.000070
0 0.010799 0.001285 0.018581 0.000065
0 0.010804 0.001221 0.018570 0.000072
0 0.010785 0.001050 0.018609 0.000072
0 0.010801 0.000983 0.018576 0.000065
0 0.010800 0.000919 0.018578 0.000072
0 0.010105 0.000536 0.019969 0.000212