0 0.010365 0.000964 0.019448 0.000157
0 0.011829 0.001382 0.020984 0.000049
0 0.011886 0.000935 0.020870 0.000053
0 0.011907 0.000915 0.020830 0.000049
0 0.011810 0.001459 0.021022 0.000042
0 0.011817 0.001430 0.021010 0.000050
0 0.011845 0.001502 0.020952 0.000046
0 0.011850 0.001472 0.020943 0.000052
0 0.011825 0.001407 0.020992 0.000050
0 0.011842 0.001358 0.020959 0.000043
0 0.011886 0.000983 0.020871 0.000043
0 0.011863 0.001291 0.020917 0.000056
0 0.011888 0.001220 0.020867 0.000045
0 0.011896 0.001307 0.020850 0.000053
0 0.011907 0.001282 0.020828 0.000043
0 0.011913 0.001264 0.020816 0.000055
0 0.011897 0.001204 0.020849 0.000049
0 0.011922 0.001236 0.020799 0.000039
0 0.011889 0.000960 0.020865 0.000042
0 0.011874 0.001005 0.020894 0.000048
0 0.012190 0.002043 0.020263 0.000056
0 0.011833 0.000769 0.020978 0.000055
0 0.011821 0.000926 0.021002 0.000055
0 0.011808 0.000871 0.021026 0.000049
0 0.011813 0.000840 0.021017 0.000059
0 0.011838 0.000879 0.020967 0.000053
0 0.011845 0.000853 0.020953 0.000053
0 0.011855 0.000830 0.020933 0.000043
0 0.011860 0.000805 0.020922 0.000045
0 0.011849 0.000725 0.020945 0.000053
0 0.011868 0.001025 0.020906 0.000043
0 0.011869 0.000687 0.020905 0.000060
0 0.011885 0.000737 0.020873 0.000055
0 0.011893 0.000714 0.020857 0.000053
0 0.011880 0.000665 0.020882 0.000057
0 0.011847 0.001100 0.020949 0.000048
0 0.011851 0.001073 0.020941 0.000043
0 0.011858 0.001050 0.020928 0.000053
0 0.011904 0.001181 0.020835 0.000056
0 0.011931 0.001216 0.020781 0.000042
0 0.011912 0.001156 0.020819 0.000045
0 0.011959 0.001481 0.020725 0.000049
0 0.011983 0.001326 0.020677 0.000045
0 0.011962 0.001347 0.020718 0.000055
0 0.011981 0.001407 0.020681 0.000050
0 0.011947 0.001394 0.020749 0.000046
0 0.011971 0.001430 0.020701 0.000042
0 0.011944 0.001420 0.020756 0.000045
0 0.011964 0.001453 0.020714 0.000043
0 0.011926 0.001464 0.020791 0.000049
0 0.011917 0.001129 0.020810 0.000049
0 0.011965 0.001507 0.020713 0.000042
0 0.011944 0.001526 0.020756 0.000046
0 0.011940 0.001549 0.020763 0.000049
0 0.011926 0.001572 0.020791 0.000049
0 0.011902 0.001533 0.020839 0.000050
0 0.011892 0.001559 0.020859 0.000052
0 0.011917 0.001594 0.020808 0.000043
0 0.011980 0.001299 0.020683 0.000049
0 0.011987 0.001277 0.020670 0.000049
0 0.012003 0.001333 0.020638 0.000049
0 0.011995 0.001257 0.020654 0.000059
0 0.011926 0.001108 0.020791 0.000056
0 0.011958 0.001123 0.020726 0.000049
0 0.011932 0.001084 0.020779 0.000052
0 0.011942 0.001063 0.020759 0.000049
0 0.011948 0.001036 0.020748 0.000046
0 0.011975 0.001072 0.020693 0.000050
0 0.011966 0.000992 0.020710 0.000059
0 0.011991 0.001032 0.020662 0.000053
0 0.012091 0.001025 0.020462 0.000045
0 0.012069 0.001137 0.020505 0.000046
0 0.012034 0.001136 0.020574 0.000056
0 0.012043 0.001217 0.020557 0.000049
0 0.012019 0.001186 0.020604 0.000046
0 0.012017 0.001211 0.020609 0.000046
0 0.012003 0.001231 0.020638 0.000056
0 0.011817 0.000951 0.021008 0.000046
0 0.011806 0.000971 0.021030 0.000056
0 0.011792 0.001023 0.021058 0.000048
0 0.011528 0.000757 0.021586 0.000052
0 0.011407 0.000398 0.021828 0.000053
0 0.011444 0.000388 0.021756 0.000063
0 0.011436 0.000463 0.021770 0.000063
0 0.011452 0.000480 0.021738 0.000068
0 0.011469 0.000507 0.021705 0.000055
0 0.011484 0.000514 0.021675 0.000053
0 0.011494 0.000534 0.021655 0.000053
0 0.011534 0.000732 0.021574 0.000056
0 0.011663 0.000347 0.021316 0.000056
0 0.011542 0.000709 0.021558 0.000050
0 0.011550 0.000683 0.021542 0.000046
0 0.011573 0.000636 0.021496 0.000050
0 0.011581 0.000590 0.021482 0.000053
0 0.011622 0.000475 0.021400 0.000052
0 0.011649 0.000431 0.021346 0.000046
0 0.011652 0.000407 0.021339 0.000050
0 0.011461 0.000682 0.021721 0.000056
0 0.011446 0.000732 0.021750 0.000056
0 0.011429 0.000721 0.021784 0.000064
0 0.011439 0.000644 0.021765 0.000060
0 0.010117 0.000592 0.019945 0.000082
0 0.011286 0.000692 0.022070 0.000062
0 0.011251 0.000625 0.022140 0.000053
0 0.011298 0.000711 0.022047 0.000053
0 0.011320 0.000739 0.022003 0.000056
0 0.011335 0.000753 0.021973 0.000048
0 0.011350 0.000783 0.021942 0.000050
0 0.011362 0.000801 0.021918 0.000059
0 0.011382 0.000830 0.021878 0.000050
0 0.011388 0.000851 0.021866 0.000064
0 0.011352 0.000605 0.021938 0.000060
0 0.011389 0.000648 0.021865 0.000060
0 0.011409 0.000684 0.021824 0.000043
0 0.011393 0.000579 0.021858 0.000063
0 0.011425 0.000633 0.021792 0.000053
0 0.011652 0.000377 0.021339 0.000052
0 0.011579 0.000830 0.021486 0.000055
0 0.011766 0.000953 0.021111 0.000048
0 0.011782 0.000591 0.021080 0.000048
0 0.011712 0.000801 0.021219 0.000050
0 0.011716 0.000774 0.021210 0.000056
0 0.011743 0.000812 0.021158 0.000048
0 0.011750 0.000790 0.021143 0.000048
0 0.011757 0.000762 0.021129 0.000057
0 0.011751 0.000687 0.021140 0.000055
0 0.011790 0.000672 0.021062 0.000052
0 0.011799 0.000544 0.021045 0.000055
0 0.011588 0.000808 0.021467 0.000045
0 0.011819 0.000607 0.021004 0.000048
0 0.011740 0.001059 0.021163 0.000043
0 0.011754 0.001035 0.021135 0.000049
0 0.011766 0.001091 0.021111 0.000046
0 0.011761 0.001010 0.021121 0.000049
0 0.011784 0.001044 0.021074 0.000053
0 0.011760 0.000983 0.021123 0.000049
0 0.011734 0.000837 0.021175 0.000052
0 0.011728 0.000860 0.021187 0.000049
0 0.011722 0.000883 0.021199 0.000048
0 0.011701 0.000852 0.021241 0.000046
0 0.011612 0.000869 0.021418 0.000052
0 0.011622 0.000844 0.021398 0.000050
0 0.011627 0.000820 0.021389 0.000052
0 0.011618 0.000740 0.021408 0.000055
0 0.011638 0.000798 0.021367 0.000048
0 0.011643 0.000776 0.021357 0.000055
0 0.011651 0.000749 0.021340 0.000056
0 0.011661 0.000728 0.021322 0.000053
0 0.011645 0.000644 0.021353 0.000048
0 0.011671 0.000601 0.021301 0.000048
0 0.011664 0.000941 0.021315 0.000053
0 0.011697 0.000955 0.021249 0.000052
0 0.011685 0.000901 0.021272 0.000046
0 0.011685 0.000876 0.021273 0.000046
0 0.011715 0.000909 0.021213 0.000046
0 0.011879 0.001584 0.020885 0.000053
0 0.011958 0.001703 0.020726 0.000052
0 0.011987 0.001744 0.020668 0.000053
0 0.011389 0.001501 0.021865 0.000045
0 0.011460 0.001535 0.021723 0.000050
0 0.011462 0.001557 0.021719 0.000045
0 0.011452 0.001584 0.021740 0.000045
0 0.011469 0.001618 0.021705 0.000052
0 0.011467 0.001649 0.021709 0.000052
0 0.011405 0.001710 0.021834 0.000055
0 0.011378 0.001681 0.021886 0.000071
0 0.011370 0.001469 0.021903 0.000042
0 0.011438 0.001355 0.021768 0.000049
0 0.011390 0.001395 0.021863 0.000048
0 0.011405 0.001482 0.021832 0.000059
0 0.011421 0.001432 0.021801 0.000052
0 0.011397 0.001369 0.021848 0.000043
0 0.011427 0.001407 0.021789 0.000050
0 0.011406 0.001345 0.021831 0.000038
0 0.011436 0.001383 0.021772 0.000049
0 0.011468 0.001509 0.021707 0.000046
0 0.011494 0.001573 0.021655 0.000046
0 0.011499 0.001549 0.021644 0.000055
0 0.011507 0.001519 0.021629 0.000052
0 0.011602 0.001238 0.021439 0.000057
0 0.011590 0.001294 0.021463 0.000050
0 0.011570 0.001199 0.021503 0.000053
0 0.011565 0.001229 0.021514 0.000050
0 0.011556 0.001252 0.021531 0.000053
0 0.011549 0.001278 0.021545 0.000048
0 0.011543 0.001304 0.021557 0.000042
0 0.011536 0.001329 0.021570 0.000043
0 0.011534 0.001351 0.021576 0.000046
0 0.011520 0.001372 0.021602 0.000043
0 0.011501 0.001440 0.021640 0.000049
0 0.011524 0.001475 0.021596 0.000053
0 0.011560 0.001387 0.021523 0.000043
0 0.011551 0.001410 0.021541 0.000042
0 0.011515 0.001499 0.021613 0.000055
0 0.011419 0.001326 0.021805 0.000048
0 0.011452 0.001338 0.021740 0.000055
0 0.011679 0.001347 0.021284 0.000056
0 0.011313 0.001421 0.022018 0.000052
0 0.011395 0.001157 0.021854 0.000045
0 0.011383 0.001178 0.021877 0.000039
0 0.011370 0.001229 0.021902 0.000052
0 0.011356 0.001298 0.021930 0.000048
0 0.011330 0.001347 0.021983 0.000053
0 0.011321 0.001367 0.022000 0.000050
0 0.011313 0.001392 0.022018 0.000053
0 0.011324 0.001589 0.021995 0.000059
0 0.011423 0.001302 0.021797 0.000041
0 0.011312 0.001579 0.022019 0.000063
0 0.011300 0.001567 0.022042 0.000064
0 0.011290 0.001549 0.022062 0.000066
0 0.011276 0.001536 0.022090 0.000053
0 0.011264 0.001513 0.022114 0.000063
0 0.011909 0.000084 0.020824 0.000022
0 0.011906 0.000120 0.020831 0.000038
0 0.011407 0.001108 0.021828 0.000049
0 0.011414 0.001083 0.021815 0.000048
0 0.011423 0.001062 0.021797 0.000048
0 0.011432 0.001038 0.021779 0.000048
0 0.011430 0.001280 0.021783 0.000050
0 0.011460 0.001315 0.021722 0.000055
0 0.011437 0.001257 0.021769 0.000046
0 0.011469 0.001291 0.021705 0.000053
0 0.011479 0.001268 0.021684 0.000048
0 0.011486 0.001243 0.021671 0.000045
0 0.011493 0.001222 0.021658 0.000048
0 0.011463 0.001187 0.021717 0.000046
0 0.011468 0.001166 0.021707 0.000048
0 0.011509 0.001178 0.021625 0.000049
0 0.011477 0.001143 0.021690 0.000050
0 0.011487 0.001120 0.021670 0.000050
0 0.011491 0.001090 0.021660 0.000055
0 0.011526 0.001129 0.021592 0.000053
0 0.011438 0.001008 0.021768 0.000056
0 0.011663 0.001395 0.021318 0.000048
0 0.011647 0.001313 0.021348 0.000052
0 0.011967 0.001672 0.020709 0.000057
0 0.012098 0.001754 0.020447 0.000053
0 0.012202 0.001337 0.020240 0.000052
0 0.012190 0.001364 0.020263 0.000053
0 0.012181 0.001395 0.020280 0.000056
0 0.012145 0.001506 0.020353 0.000049
0 0.012122 0.001549 0.020398 0.000059
0 0.012116 0.001585 0.020410 0.000045
0 0.012092 0.001670 0.020459 0.000043
0 0.012068 0.001737 0.020507 0.000043
0 0.011724 0.001705 0.021195 0.000053
0 0.012084 0.001797 0.020475 0.000043
0 0.012048 0.001788 0.020548 0.000052
0 0.012064 0.001852 0.020514 0.000053
0 0.012210 0.001996 0.020224 0.000045
0 0.012253 0.001887 0.020136 0.000050
0 0.011701 0.002038 0.021241 0.000048
0 0.011661 0.002169 0.021320 0.000059
0 0.012122 0.001219 0.020398 0.000042
0 0.012104 0.001264 0.020435 0.000056
0 0.012097 0.001289 0.020449 0.000053
0 0.012079 0.001338 0.020484 0.000046
0 0.012002 0.001711 0.020639 0.000048
0 0.011978 0.001647 0.020687 0.000053
0 0.012012 0.001686 0.020619 0.000053
0 0.011988 0.001626 0.020667 0.000057
0 0.012019 0.001635 0.020604 0.000046
0 0.012000 0.001579 0.020643 0.000055
0 0.012009 0.001554 0.020625 0.000050
0 0.012018 0.001533 0.020607 0.000050
0 0.012048 0.001563 0.020546 0.000056
0 0.012025 0.001508 0.020592 0.000056
0 0.012042 0.001459 0.020560 0.000048
0 0.012048 0.001438 0.020546 0.000049
0 0.012056 0.001411 0.020531 0.000049
0 0.012065 0.001391 0.020513 0.000053
0 0.012072 0.001363 0.020499 0.000046
0 0.011647 0.002197 0.021348 0.000055
0 0.011735 0.001679 0.021174 0.000048
0 0.011622 0.001384 0.021398 0.000055
0 0.011558 0.001566 0.021526 0.000057
0 0.011520 0.001691 0.021602 0.000049
0 0.011559 0.001705 0.021525 0.000053
0 0.011544 0.001644 0.021554 0.000046
0 0.011561 0.001677 0.021520 0.000042
0 0.011546 0.001618 0.021551 0.000052
0 0.011568 0.001658 0.021507 0.000056
0 0.011585 0.001632 0.021473 0.000055
0 0.011592 0.001607 0.021459 0.000048
0 0.011741 0.001653 0.021162 0.000050
0 0.011598 0.001584 0.021447 0.000046
0 0.011604 0.001561 0.021436 0.000043
0 0.011585 0.001500 0.021472 0.000052
0 0.011596 0.001481 0.021451 0.000046
0 0.011601 0.001458 0.021440 0.000050
0 0.011630 0.001495 0.021383 0.000046
0 0.011649 0.001449 0.021346 0.000052
0 0.011551 0.001732 0.021541 0.000056
0 0.011519 0.001880 0.021605 0.000053
0 0.011531 0.001895 0.021581 0.000053
0 0.011542 0.001909 0.021559 0.000063
0 0.011749 0.001632 0.021144 0.000052
0 0.011755 0.001602 0.021133 0.000055
0 0.011765 0.001577 0.021113 0.000055
0 0.011711 0.001497 0.021221 0.000053
0 0.011704 0.001523 0.021236 0.000049
0 0.011685 0.001569 0.021273 0.000055
0 0.011673 0.001620 0.021297 0.000056
0 0.011653 0.001658 0.021336 0.000053
0 0.011642 0.001684 0.021358 0.000053
0 0.011634 0.001706 0.021374 0.000055
0 0.011617 0.001755 0.021409 0.000046
0 0.011620 0.001781 0.021404 0.000042
0 0.011604 0.001810 0.021436 0.000053
0 0.011588 0.001832 0.021467 0.000055
0 0.011553 0.001929 0.021537 0.000064
0 0.010106 0.000555 0.019967 0.000103