0 0.012210 0.001865 0.020222 0.000069
0 0.012106 0.000354 0.020431 0.000069
0 0.011974 0.000178 0.020695 0.000082
0 0.011991 0.000201 0.020661 0.000082
0 0.012008 0.000222 0.020628 0.000082
0 0.011984 0.000427 0.020675 0.000078
0 0.012001 0.000449 0.020641 0.000072
0 0.012019 0.000473 0.020605 0.000070
0 0.012037 0.000491 0.020569 0.000084
0 0.012053 0.000516 0.020538 0.000084
0 0.012024 0.000248 0.020596 0.000086
0 0.012040 0.000265 0.020562 0.000078
0 0.012043 0.000173 0.020556 0.000088
0 0.012054 0.000299 0.020536 0.000076
0 0.012075 0.000235 0.020493 0.000070
0 0.012092 0.000245 0.020459 0.000076
0 0.012072 0.000314 0.020498 0.000076
0 0.012067 0.000542 0.020509 0.000072
0 0.012081 0.000571 0.020481 0.000076
0 0.011962 0.000065 0.020720 0.000088
0 0.011960 0.000154 0.020723 0.000076
0 0.011940 0.000137 0.020763 0.000080
0 0.005218 0.000837 0.007420 0.000331
0 0.004937 0.000737 0.007983 0.000325
0 0.004802 0.001135 0.008253 0.000325
0 0.004736 0.001333 0.008385 0.000329
0 0.005153 0.001036 0.007552 0.000322
0 0.005085 0.001235 0.007687 0.000324
0 0.004955 0.001633 0.007948 0.000327
0 0.004868 0.000935 0.008122 0.000333
0 0.005020 0.001434 0.007818 0.000329
0 0.011954 0.000382 0.020735 0.000078
0 0.011380 0.000522 0.021883 0.000059
0 0.011828 0.000072 0.020986 0.000065
0 0.011872 0.000271 0.020900 0.000078
0 0.011888 0.000298 0.020868 0.000070
0 0.011902 0.000317 0.020840 0.000074
0 0.011921 0.000336 0.020800 0.000070
0 0.011936 0.000362 0.020770 0.000080
0 0.012087 0.000336 0.020468 0.000078
0 0.012122 0.000373 0.020399 0.000065
0 0.012195 0.001889 0.020252 0.000070
0 0.012109 0.000278 0.020425 0.000069
0 0.012039 0.001908 0.020566 0.000070
0 0.012053 0.001883 0.020538 0.000078
0 0.012067 0.001853 0.020509 0.000076
0 0.012081 0.001824 0.020481 0.000074
0 0.012112 0.001769 0.020419 0.000089
0 0.012144 0.001713 0.020356 0.000084
0 0.012155 0.001677 0.020333 0.000082
0 0.012171 0.001652 0.020301 0.000072
0 0.012137 0.002006 0.020369 0.000076
0 0.012167 0.002062 0.020309 0.000082
0 0.012148 0.001977 0.020346 0.000072
0 0.012179 0.002035 0.020284 0.000078
0 0.012193 0.002006 0.020256 0.000080
0 0.012167 0.001950 0.020309 0.000070
0 0.012180 0.001917 0.020282 0.000078
0 0.012210 0.001979 0.020222 0.000080
0 0.012221 0.001946 0.020200 0.000074
0 0.012025 0.001939 0.020592 0.000072
0 0.012010 0.001965 0.020622 0.000070
0 0.012012 0.002117 0.020618 0.000067
0 0.012152 0.000428 0.020339 0.000076
0 0.012115 0.000042 0.020414 0.000072
0 0.012145 0.000087 0.020352 0.000078
0 0.012163 0.000104 0.020316 0.000074
0 0.012129 0.000295 0.020386 0.000065
0 0.012142 0.000304 0.020359 0.000084
0 0.012157 0.000339 0.020329 0.000076
0 0.012137 0.000400 0.020369 0.000076
0 0.012170 0.000458 0.020303 0.000070
0 0.011995 0.002086 0.020652 0.000076
0 0.012179 0.000125 0.020284 0.000086
0 0.012174 0.000363 0.020296 0.000074
0 0.012189 0.000390 0.020266 0.000080
0 0.012196 0.000153 0.020251 0.000078
0 0.012216 0.000170 0.020211 0.000078
0 0.012223 0.000195 0.020196 0.000093
0 0.011997 0.001998 0.020648 0.000072
0 0.005001 0.000539 0.007856 0.000327