0 0.011052 0.001536 0.018075 0.000254
0 0.011654 0.001901 0.021334 0.000108
0 0.011758 0.000543 0.021127 0.000105
0 0.011796 0.000547 0.021051 0.000098
0 0.011838 0.000539 0.020968 0.000127
0 0.011878 0.000550 0.020888 0.000124
0 0.011919 0.000548 0.020804 0.000129
0 0.011957 0.000553 0.020728 0.000096
0 0.011994 0.000548 0.020655 0.000124
0 0.012035 0.000548 0.020572 0.000105
0 0.012074 0.000545 0.020496 0.000105
0 0.011769 0.001896 0.021106 0.000122
0 0.011692 0.001894 0.021258 0.000103
0 0.011567 0.001914 0.021508 0.000096
0 0.011640 0.000536 0.021363 0.000100
0 0.011398 0.001782 0.021846 0.000072
0 0.011371 0.001574 0.021900 0.000053
0 0.011368 0.001512 0.021908 0.000057
0 0.011362 0.001404 0.021919 0.000057
0 0.011364 0.001177 0.021915 0.000038
0 0.011346 0.001071 0.021951 0.000045
0 0.011348 0.001007 0.021948 0.000048
0 0.011349 0.000920 0.021944 0.000045
0 0.011357 0.000865 0.021929 0.000045
0 0.011353 0.000810 0.021937 0.000055
0 0.011359 0.000758 0.021926 0.000053
0 0.011676 0.000541 0.021291 0.000100
0 0.011598 0.000537 0.021447 0.000122
0 0.010656 0.001249 0.018866 0.000239
0 0.010605 0.001005 0.018968 0.000239
0 0.010600 0.001245 0.018979 0.000242
0 0.010589 0.001495 0.019000 0.000244
0 0.010654 0.001499 0.018870 0.000246
0 0.010729 0.001498 0.018721 0.000206
0 0.010792 0.001513 0.018594 0.000213
0 0.010732 0.001254 0.018714 0.000239
0 0.010878 0.001377 0.018423 0.000232
0 0.010801 0.001250 0.018576 0.000242
0 0.010883 0.000933 0.018412 0.000191
0 0.010743 0.000998 0.018692 0.000234
0 0.010671 0.001002 0.018837 0.000201
0 0.010542 0.000933 0.019095 0.000163
0 0.011515 0.000538 0.021614 0.000129
0 0.010542 0.001232 0.019095 0.000249
0 0.010533 0.001493 0.019113 0.000249
0 0.011565 0.001620 0.021512 0.000048
0 0.011560 0.001416 0.021523 0.000053
0 0.011560 0.001290 0.021523 0.000072
0 0.011556 0.001227 0.021530 0.000067
0 0.011551 0.001050 0.021541 0.000057
0 0.011551 0.000993 0.021541 0.000057
0 0.011560 0.000935 0.021523 0.000057
0 0.011567 0.000871 0.021508 0.000048
0 0.011478 0.000530 0.021686 0.000108
0 0.011380 0.000608 0.021882 0.000048