0 0.012064 0.000188 0.020514 0.000098
0 0.011475 0.001740 0.021694 0.000046
0 0.011388 0.001887 0.021868 0.000043
0 0.011475 0.001839 0.021694 0.000043
0 0.011175 0.002130 0.022292 0.000041
0 0.011261 0.002015 0.022122 0.000098
0 0.011259 0.001887 0.022125 0.000105
0 0.011210 0.001797 0.022223 0.000046
0 0.011482 0.001790 0.021679 0.000046
0 0.011473 0.001691 0.021697 0.000043
0 0.011388 0.001938 0.021868 0.000038
0 0.011388 0.001744 0.021868 0.000043
0 0.011389 0.001696 0.021864 0.000043
0 0.011208 0.001698 0.022227 0.000038
0 0.011208 0.001647 0.022227 0.000046
0 0.011195 0.001601 0.022252 0.000041
0 0.011197 0.001505 0.022249 0.000041
0 0.011199 0.001456 0.022245 0.000043
0 0.011480 0.001887 0.021683 0.000043
0 0.011480 0.001936 0.021683 0.000041
0 0.011397 0.001595 0.021850 0.000043
0 0.011745 0.000453 0.021153 0.000048
0 0.011660 0.000704 0.021323 0.000048
0 0.011738 0.000699 0.021167 0.000048
0 0.011732 0.000648 0.021178 0.000050
0 0.011849 0.000235 0.020946 0.000043
0 0.011740 0.000600 0.021164 0.000046
0 0.011741 0.000550 0.021160 0.000046
0 0.011741 0.000502 0.021160 0.000046
0 0.011649 0.000650 0.021345 0.000046
0 0.011406 0.001989 0.021831 0.000046
0 0.011643 0.000605 0.021356 0.000050
0 0.011663 0.000553 0.021316 0.000038
0 0.011658 0.000501 0.021327 0.000048
0 0.011663 0.000447 0.021316 0.000046
0 0.011398 0.002087 0.021846 0.000046
0 0.011493 0.002092 0.021657 0.000046
0 0.011493 0.002035 0.021657 0.000046
0 0.011478 0.001639 0.021686 0.000046
0 0.011475 0.001547 0.021694 0.000048
0 0.011747 0.000748 0.021149 0.000041
0 0.011377 0.000912 0.021890 0.000043
0 0.011473 0.000714 0.021697 0.000048
0 0.011458 0.000660 0.021726 0.000041
0 0.011455 0.000616 0.021733 0.000043
0 0.011451 0.000566 0.021741 0.000046
0 0.011458 0.000516 0.021726 0.000041
0 0.011371 0.001011 0.021900 0.000038
0 0.011380 0.000959 0.021882 0.000041
0 0.011393 0.000862 0.021857 0.000043
0 0.011464 0.000860 0.021715 0.000043
0 0.011388 0.000817 0.021868 0.000043
0 0.011380 0.000768 0.021882 0.000041
0 0.011371 0.000715 0.021900 0.000050
0 0.011369 0.000668 0.021904 0.000043
0 0.011366 0.000619 0.021911 0.000046
0 0.011378 0.000575 0.021886 0.000038
0 0.011366 0.000526 0.021911 0.000046
0 0.011469 0.000763 0.021704 0.000046
0 0.011457 0.000908 0.021730 0.000048
0 0.011473 0.001498 0.021697 0.000046
0 0.011478 0.001199 0.021686 0.000046
0 0.011475 0.001448 0.021694 0.000046
0 0.011391 0.001449 0.021860 0.000043
0 0.011476 0.001391 0.021690 0.000057
0 0.011380 0.001356 0.021882 0.000043
0 0.011473 0.001342 0.021697 0.000041
0 0.011480 0.001293 0.021683 0.000043
0 0.011478 0.001242 0.021686 0.000060
0 0.011467 0.001152 0.021708 0.000043
0 0.011466 0.000958 0.021712 0.000043
0 0.011393 0.001251 0.021857 0.000046
0 0.011386 0.001195 0.021871 0.000043
0 0.011473 0.001105 0.021697 0.000041
0 0.011371 0.001110 0.021900 0.000046
0 0.011460 0.001059 0.021723 0.000043
0 0.011371 0.001059 0.021900 0.000043
0 0.011462 0.001009 0.021719 0.000046
0 0.011660 0.000753 0.021323 0.000046
0 0.011740 0.000805 0.021164 0.000048
0 0.012025 0.000545 0.020594 0.000046
0 0.011959 0.001226 0.020724 0.000043
0 0.011948 0.000988 0.020746 0.000041
0 0.011943 0.001038 0.020757 0.000046
0 0.011943 0.001087 0.020757 0.000038
0 0.012035 0.001226 0.020572 0.000038
0 0.012037 0.001177 0.020568 0.000041
0 0.011943 0.001162 0.020757 0.000048
0 0.011970 0.001425 0.020703 0.000043
0 0.012043 0.001275 0.020557 0.000046
0 0.012034 0.000988 0.020576 0.000041
0 0.012039 0.001328 0.020565 0.000046
0 0.012039 0.001377 0.020565 0.000043
0 0.012044 0.001478 0.020554 0.000034
0 0.012059 0.001571 0.020525 0.000048
0 0.011945 0.001332 0.020753 0.000048
0 0.011957 0.001378 0.020728 0.000046
0 0.011959 0.001527 0.020724 0.000046
0 0.011939 0.000940 0.020764 0.000041
0 0.012039 0.001074 0.020565 0.000050
0 0.011961 0.001722 0.020721 0.000043
0 0.011947 0.000593 0.020750 0.000041
0 0.012021 0.000497 0.020601 0.000046
0 0.012030 0.000445 0.020583 0.000043
0 0.011934 0.000394 0.020775 0.000041
0 0.011939 0.000447 0.020764 0.000041
0 0.011937 0.000495 0.020768 0.000041
0 0.011939 0.000544 0.020764 0.000038
0 0.012035 0.000593 0.020572 0.000046
0 0.012025 0.000738 0.020594 0.000043
0 0.011937 0.000887 0.020768 0.000046
0 0.012034 0.000641 0.020576 0.000041
0 0.011936 0.000639 0.020772 0.000048
0 0.011936 0.000689 0.020772 0.000046
0 0.012026 0.000789 0.020590 0.000041
0 0.011937 0.000787 0.020768 0.000050
0 0.011941 0.000837 0.020761 0.000041
0 0.012034 0.000838 0.020576 0.000043
0 0.011966 0.001624 0.020710 0.000043
0 0.011963 0.001821 0.020717 0.000041
0 0.011649 0.000806 0.021345 0.000046
0 0.011749 0.001041 0.021145 0.000050
0 0.011669 0.001286 0.021305 0.000043
0 0.011754 0.001236 0.021135 0.000043
0 0.011669 0.001236 0.021305 0.000038
0 0.011669 0.001188 0.021305 0.000043
0 0.011749 0.001175 0.021145 0.000046
0 0.011671 0.001133 0.021302 0.000043
0 0.011752 0.001091 0.021138 0.000046
0 0.011663 0.001050 0.021316 0.000046
0 0.011663 0.001339 0.021316 0.000053
0 0.011747 0.000992 0.021149 0.000043
0 0.011756 0.000947 0.021131 0.000041
0 0.011660 0.001000 0.021323 0.000046
0 0.011743 0.000898 0.021156 0.000048
0 0.011663 0.000950 0.021316 0.000046
0 0.011667 0.000901 0.021309 0.000043
0 0.011654 0.000855 0.021334 0.000048
0 0.011752 0.001286 0.021138 0.000043
0 0.011754 0.001338 0.021135 0.000046
0 0.011691 0.001879 0.021262 0.000041
0 0.011774 0.001774 0.021095 0.000046
0 0.011680 0.002078 0.021283 0.000046
0 0.011769 0.001926 0.021106 0.000038
0 0.011685 0.001985 0.021273 0.000043
0 0.011678 0.001930 0.021287 0.000043
0 0.011772 0.001880 0.021098 0.000038
0 0.011772 0.001830 0.021098 0.000043
0 0.011683 0.001783 0.021276 0.000041
0 0.011680 0.001730 0.021283 0.000046
0 0.011676 0.001485 0.021291 0.000043
0 0.011763 0.001672 0.021116 0.000043
0 0.011674 0.001633 0.021294 0.000043
0 0.011763 0.001582 0.021116 0.000041
0 0.011756 0.001394 0.021131 0.000043
0 0.011669 0.001395 0.021305 0.000046
0 0.011763 0.001487 0.021116 0.000048
0 0.011680 0.001538 0.021283 0.000043
0 0.011275 0.000341 0.022093 0.000098