0 0.011531 0.001154 0.021581 0.000100
0 0.010746 0.000448 0.018686 0.000090
0 0.010582 0.000656 0.019014 0.000109
0 0.010712 0.001036 0.018755 0.000261
0 0.010679 0.001126 0.018821 0.000251
0 0.010696 0.001204 0.018786 0.000190
0 0.010658 0.001208 0.018863 0.000256
0 0.010646 0.001493 0.018886 0.000133
0 0.010617 0.001519 0.018944 0.000166
0 0.010617 0.001630 0.018944 0.000123
0 0.011681 0.001469 0.021281 0.000085
0 0.011446 0.000900 0.021751 0.000066
0 0.011459 0.000860 0.021724 0.000071
0 0.011984 0.000995 0.020675 0.000095
0 0.011261 0.000123 0.022121 0.000095
0 0.011951 0.000931 0.020741 0.000090
0 0.011941 0.000588 0.020760 0.000085
0 0.011938 0.001054 0.020768 0.000090
0 0.012159 0.001327 0.020324 0.000085
0 0.012205 0.001412 0.020232 0.000085
0 0.011246 0.000185 0.022152 0.000076
0 0.012155 0.002073 0.020332 0.000090
0 0.012184 0.002095 0.020274 0.000085
0 0.011481 0.000810 0.021681 0.000066
0 0.010779 0.000334 0.018620 0.000100
0 0.011278 0.000374 0.022086 0.000085
0 0.010592 0.000618 0.018994 0.000128