0 0.011763 0.001409 0.021117 0.000136
0 0.011706 0.000646 0.021231 0.000140
0 0.011681 0.000517 0.021281 0.000125
0 0.011656 0.000547 0.021331 0.000136
0 0.011633 0.000585 0.021377 0.000132
0 0.011611 0.000613 0.021422 0.000132
0 0.011638 0.000751 0.021367 0.000143
0 0.011657 0.000712 0.021328 0.000136
0 0.011682 0.000674 0.021278 0.000140
0 0.011730 0.000601 0.021182 0.000136
0 0.011732 0.000445 0.021179 0.000132
0 0.011757 0.000574 0.021130 0.000125
0 0.011777 0.000531 0.021088 0.000132
0 0.011801 0.000490 0.021041 0.000136
0 0.011828 0.000619 0.020986 0.000136
0 0.011805 0.000653 0.021033 0.000132
0 0.011781 0.000699 0.021080 0.000132
0 0.011758 0.000730 0.021127 0.000129
0 0.011708 0.000478 0.021226 0.000125
0 0.011751 0.000399 0.021140 0.000140
0 0.011740 0.001290 0.021164 0.000140
0 0.011584 0.000481 0.021474 0.000132
0 0.011583 0.000326 0.021477 0.000143
0 0.011607 0.000288 0.021430 0.000125
0 0.011631 0.000261 0.021380 0.000129
0 0.011656 0.000213 0.021331 0.000132
0 0.011674 0.000168 0.021294 0.000136
0 0.011698 0.000123 0.021247 0.000140
0 0.011724 0.000086 0.021195 0.000136
0 0.011578 0.000599 0.021487 0.000147
0 0.011774 0.000352 0.021096 0.000147
0 0.011609 0.000453 0.021424 0.000132
0 0.011631 0.000424 0.021380 0.000132
0 0.011652 0.000386 0.021338 0.000136
0 0.011681 0.000342 0.021281 0.000132
0 0.011706 0.000313 0.021231 0.000140
0 0.011725 0.000256 0.021192 0.000140
0 0.011750 0.000218 0.021143 0.000136
0 0.011729 0.000773 0.021184 0.000129
0 0.011708 0.000808 0.021226 0.000143
0 0.011685 0.000844 0.021273 0.000136
0 0.011880 0.001223 0.020882 0.000143
0 0.011878 0.000884 0.020887 0.000136
0 0.011900 0.001014 0.020843 0.000147
0 0.011952 0.001114 0.020739 0.000132
0 0.011927 0.001148 0.020788 0.000136
0 0.011907 0.001188 0.020830 0.000143
0 0.011878 0.001052 0.020887 0.000143
0 0.011857 0.001095 0.020929 0.000143
0 0.011860 0.001275 0.020924 0.000132
0 0.011664 0.000882 0.021315 0.000132
0 0.011835 0.001143 0.020973 0.000132
0 0.011836 0.001307 0.020971 0.000132
0 0.011810 0.001180 0.021023 0.000143
0 0.011785 0.001213 0.021072 0.000143
0 0.011813 0.001347 0.021018 0.000125
0 0.011788 0.001377 0.021067 0.000150
0 0.011764 0.001254 0.021114 0.000140
0 0.011856 0.000928 0.020932 0.000125
0 0.011830 0.000962 0.020984 0.000136
0 0.011806 0.001000 0.021031 0.000132
0 0.011783 0.001036 0.021078 0.000140
0 0.011643 0.000957 0.021357 0.000175
0 0.011673 0.001116 0.021297 0.000172
0 0.011704 0.001281 0.021234 0.000193
0 0.011740 0.001443 0.021164 0.000168
0 0.011686 0.001027 0.021271 0.000143
0 0.011711 0.000984 0.021221 0.000136
0 0.011732 0.000943 0.021179 0.000140
0 0.011758 0.000907 0.021127 0.000132
0 0.011780 0.000867 0.021083 0.000147
0 0.011805 0.000830 0.021033 0.000150
0 0.011827 0.000791 0.020989 0.000143
0 0.011852 0.000753 0.020939 0.000140
0 0.011714 0.001164 0.021216 0.000140
0 0.011732 0.001107 0.021179 0.000147
0 0.011757 0.001068 0.021130 0.000147
0 0.010309 0.001136 0.019560 0.000562