0 0.011522 0.000952 0.021599 0.000046
0 0.011839 0.000319 0.020965 0.000046
0 0.011762 0.000559 0.021119 0.000046
0 0.011741 0.000488 0.021160 0.000033
0 0.011747 0.000472 0.021150 0.000039
0 0.011780 0.000540 0.021083 0.000035
0 0.011762 0.000455 0.021119 0.000043
0 0.011770 0.000442 0.021103 0.000041
0 0.011774 0.000430 0.021094 0.000044
0 0.011801 0.000497 0.021041 0.000046
0 0.011798 0.000397 0.021046 0.000050
0 0.011809 0.000486 0.021024 0.000039
0 0.011815 0.000475 0.021012 0.000041
0 0.011823 0.000462 0.020996 0.000039
0 0.011829 0.000453 0.020984 0.000035
0 0.011805 0.000386 0.021032 0.000048
0 0.011807 0.000378 0.021029 0.000037
0 0.011813 0.000362 0.021017 0.000043
0 0.011834 0.000442 0.020975 0.000044
0 0.011849 0.000431 0.020945 0.000043
0 0.011849 0.000419 0.020945 0.000033
0 0.011757 0.000571 0.021128 0.000039
0 0.011744 0.000588 0.021156 0.000039
0 0.011736 0.000604 0.021171 0.000048
0 0.011389 0.000489 0.021865 0.000046
0 0.004618 0.001714 0.008621 0.000166
0 0.004643 0.001814 0.008571 0.000170
0 0.015045 0.000942 0.027947 0.000793
0 0.007124 0.000938 0.012538 0.001246
0 0.004785 0.001475 0.008286 0.000191
0 0.004011 0.001900 0.005371 0.000404
0 0.011367 0.000453 0.021910 0.000050
0 0.011382 0.000471 0.021879 0.000044
0 0.011535 0.000366 0.021574 0.000043
0 0.011723 0.000621 0.021198 0.000043
0 0.011520 0.000309 0.021603 0.000043
0 0.011679 0.000592 0.021284 0.000050
0 0.011686 0.000581 0.021270 0.000037
0 0.011696 0.000571 0.021252 0.000043
0 0.011701 0.000557 0.021241 0.000043
0 0.011708 0.000547 0.021227 0.000050
0 0.011716 0.000539 0.021212 0.000041
0 0.011716 0.000525 0.021210 0.000037
0 0.011853 0.000399 0.020936 0.000044
0 0.011862 0.000399 0.020919 0.000037
0 0.011545 0.000918 0.021554 0.000041
0 0.011869 0.000389 0.020905 0.000039
0 0.011682 0.000691 0.021280 0.000046
0 0.011678 0.000701 0.021287 0.000033
0 0.011669 0.000709 0.021304 0.000041
0 0.011668 0.000617 0.021306 0.000039
0 0.011654 0.000632 0.021335 0.000044
0 0.011648 0.000638 0.021346 0.000039
0 0.011641 0.000647 0.021362 0.000037
0 0.011634 0.000658 0.021374 0.000039
0 0.011656 0.000736 0.021331 0.000044
0 0.011641 0.000756 0.021360 0.000050
0 0.011632 0.000783 0.021379 0.000035
0 0.011623 0.000790 0.021397 0.000048
0 0.011595 0.000740 0.021453 0.000048
0 0.011579 0.000750 0.021484 0.000043
0 0.011604 0.000824 0.021434 0.000035
0 0.011582 0.000855 0.021479 0.000046
0 0.011579 0.000877 0.021486 0.000044
0 0.011567 0.000777 0.021509 0.000037
0 0.011552 0.000801 0.021540 0.000039
0 0.011692 0.000687 0.021258 0.000039
0 0.011698 0.000671 0.021247 0.000039
0 0.011701 0.000660 0.021241 0.000050
0 0.011872 0.000266 0.020899 0.000041
0 0.011847 0.000310 0.020948 0.000052
0 0.011874 0.000373 0.020896 0.000039
0 0.011880 0.000361 0.020883 0.000041
0 0.011887 0.000355 0.020869 0.000044
0 0.011894 0.000344 0.020854 0.000043
0 0.011902 0.000333 0.020838 0.000043
0 0.011908 0.000322 0.020826 0.000041
0 0.011865 0.000280 0.020913 0.000043
0 0.011884 0.000254 0.020876 0.000037
0 0.011715 0.000634 0.021213 0.000046
0 0.011887 0.000241 0.020868 0.000052
0 0.011914 0.000307 0.020815 0.000048
0 0.011928 0.000287 0.020787 0.000037
0 0.011907 0.000215 0.020829 0.000054
0 0.011947 0.000263 0.020749 0.000046
0 0.011930 0.000182 0.020783 0.000046
0 0.011944 0.000160 0.020755 0.000048
0 0.011957 0.000134 0.020729 0.000037
0 0.004751 0.001530 0.008356 0.000197