0 0.012222 0.000037 0.020198 0.000068
0 0.012242 0.000105 0.020158 0.000100
0 0.011573 0.001167 0.021498 0.000105
0 0.011550 0.001077 0.021543 0.000108
0 0.011530 0.000981 0.021583 0.000100
0 0.011598 0.001367 0.021446 0.000100
0 0.011579 0.001286 0.021486 0.000100
0 0.011555 0.001194 0.021533 0.000110
0 0.011534 0.001107 0.021575 0.000105
0 0.011511 0.001007 0.021620 0.000116
0 0.011579 0.001390 0.021486 0.000103
0 0.011556 0.001300 0.021531 0.000103
0 0.011534 0.001215 0.021575 0.000105
0 0.011512 0.001125 0.021618 0.000110
0 0.011492 0.001036 0.021660 0.000100
0 0.011562 0.001421 0.021519 0.000092
0 0.011537 0.001329 0.021569 0.000108
0 0.011500 0.001282 0.021642 0.000108
0 0.011460 0.001103 0.021723 0.000097
0 0.011526 0.001489 0.021591 0.000108
0 0.011505 0.001400 0.021632 0.000103
0 0.011483 0.001315 0.021677 0.000105
0 0.011487 0.001439 0.021670 0.000108
0 0.011593 0.001255 0.021456 0.000097
0 0.011613 0.001336 0.021417 0.000105
0 0.011633 0.001296 0.021377 0.000105
0 0.011641 0.000927 0.021361 0.000108
0 0.011694 0.000815 0.021255 0.000105
0 0.011751 0.001165 0.021140 0.000100
0 0.011734 0.001088 0.021176 0.000095
0 0.011718 0.001014 0.021207 0.000092
0 0.011681 0.000881 0.021280 0.000110
0 0.011657 0.000770 0.021330 0.000095
0 0.011721 0.001144 0.021201 0.000100
0 0.011700 0.001057 0.021243 0.000105
0 0.011680 0.000965 0.021282 0.000100
0 0.011620 0.000826 0.021403 0.000105
0 0.011565 0.000918 0.021514 0.000105
0 0.011685 0.001199 0.021273 0.000100
0 0.011664 0.001121 0.021314 0.000103
0 0.011667 0.001238 0.021308 0.000100
0 0.011645 0.001148 0.021354 0.000108
0 0.011625 0.001062 0.021393 0.000100
0 0.011603 0.000978 0.021436 0.000100
0 0.011651 0.001273 0.021342 0.000100
0 0.011630 0.001182 0.021383 0.000103
0 0.011585 0.001003 0.021472 0.000108
0 0.011486 0.001530 0.021672 0.000110
0 0.011406 0.001198 0.021832 0.000108
0 0.011465 0.001554 0.021713 0.000100
0 0.011224 0.001509 0.022195 0.000116
0 0.011296 0.001475 0.022051 0.000095
0 0.011276 0.001399 0.022090 0.000095
0 0.011304 0.001627 0.022035 0.000116
0 0.011242 0.001474 0.022159 0.000108
0 0.011312 0.001762 0.022019 0.000110
0 0.011336 0.001857 0.021972 0.000108
0 0.011311 0.001851 0.022021 0.000100
0 0.011288 0.001763 0.022067 0.000103
0 0.011250 0.001599 0.022144 0.000100
0 0.011251 0.001717 0.022142 0.000116
0 0.011297 0.001378 0.022049 0.000105
0 0.011274 0.001906 0.022094 0.000089
0 0.011253 0.001818 0.022138 0.000103
0 0.011232 0.001727 0.022179 0.000100
0 0.011232 0.001848 0.022179 0.000110
0 0.011212 0.001751 0.022219 0.000100
0 0.011191 0.001564 0.022260 0.000100
0 0.011195 0.001797 0.022252 0.000108
0 0.011191 0.001670 0.022260 0.000095
0 0.011172 0.001584 0.022300 0.000097
0 0.011374 0.001798 0.021895 0.000116
0 0.011319 0.001464 0.022005 0.000100
0 0.011448 0.001471 0.021747 0.000092
0 0.011421 0.001683 0.021800 0.000105
0 0.011428 0.001396 0.021786 0.000100
0 0.011408 0.001319 0.021828 0.000103
0 0.011452 0.001595 0.021739 0.000097
0 0.011430 0.001517 0.021782 0.000095
0 0.011412 0.001438 0.021820 0.000105
0 0.011391 0.001353 0.021861 0.000103
0 0.011395 0.001467 0.021853 0.000095
0 0.011371 0.001383 0.021901 0.000121
0 0.011349 0.001280 0.021944 0.000100
0 0.011398 0.001588 0.021847 0.000110
0 0.011316 0.001347 0.022011 0.000092
0 0.011373 0.001495 0.021897 0.000113
0 0.011350 0.001396 0.021942 0.000110
0 0.011333 0.001311 0.021978 0.000097
0 0.011390 0.001650 0.021863 0.000092
0 0.011371 0.001575 0.021901 0.000095
0 0.011384 0.001727 0.021875 0.000095
0 0.011361 0.001639 0.021920 0.000097
0 0.011353 0.001503 0.021936 0.000097
0 0.011333 0.001421 0.021978 0.000097
0 0.011713 0.000898 0.021217 0.000097
0 0.011731 0.000981 0.021182 0.000110
0 0.011754 0.001066 0.021134 0.000097
0 0.012051 0.000423 0.020542 0.000105
0 0.012117 0.000778 0.020409 0.000084
0 0.012103 0.000426 0.020437 0.000100
0 0.012069 0.000394 0.020504 0.000110
0 0.012049 0.000308 0.020546 0.000105
0 0.012030 0.000230 0.020583 0.000097
0 0.012008 0.000142 0.020627 0.000110
0 0.011990 0.000167 0.020662 0.000108
0 0.012012 0.000255 0.020619 0.000105
0 0.012034 0.000344 0.020575 0.000095
0 0.012072 0.000510 0.020498 0.000110
0 0.012188 0.000655 0.020267 0.000084
0 0.012055 0.000540 0.020534 0.000108
0 0.012033 0.000447 0.020577 0.000100
0 0.012014 0.000365 0.020615 0.000095
0 0.011993 0.000285 0.020656 0.000108
0 0.011972 0.000201 0.020700 0.000103
0 0.011978 0.000323 0.020688 0.000105
0 0.011999 0.000409 0.020644 0.000092
0 0.012018 0.000490 0.020607 0.000103
0 0.012039 0.000574 0.020565 0.000108
0 0.012156 0.000712 0.020330 0.000084
0 0.012220 0.000597 0.020202 0.000079
0 0.011960 0.000351 0.020723 0.000103
0 0.012145 0.000381 0.020352 0.000100
0 0.012199 0.000041 0.020245 0.000076
0 0.012219 0.000121 0.020206 0.000105
0 0.012240 0.000205 0.020162 0.000100
0 0.012203 0.000155 0.020237 0.000110
0 0.012180 0.000068 0.020283 0.000105
0 0.012147 0.000043 0.020348 0.000082
0 0.012168 0.000117 0.020307 0.000103
0 0.012187 0.000193 0.020269 0.000097
0 0.012208 0.000277 0.020228 0.000103
0 0.012122 0.000301 0.020399 0.000108
0 0.012026 0.000101 0.020591 0.000097
0 0.012101 0.000209 0.020441 0.000108
0 0.012080 0.000121 0.020482 0.000105
0 0.012103 0.000322 0.020437 0.000103
0 0.012080 0.000231 0.020482 0.000105
0 0.012061 0.000145 0.020520 0.000100
0 0.012040 0.000068 0.020563 0.000100
0 0.012085 0.000346 0.020473 0.000092
0 0.012061 0.000255 0.020520 0.000100
0 0.012043 0.000179 0.020557 0.000095
0 0.011937 0.000268 0.020769 0.000105
0 0.011981 0.000438 0.020680 0.000103
0 0.011757 0.000978 0.021128 0.000105
0 0.011743 0.000610 0.021156 0.000105
0 0.011815 0.000494 0.021014 0.000116
0 0.011819 0.000618 0.021006 0.000116
0 0.011796 0.000522 0.021051 0.000113
0 0.011843 0.000815 0.020956 0.000110
0 0.011822 0.000724 0.020998 0.000103
0 0.011800 0.000635 0.021043 0.000108
0 0.011775 0.000539 0.021093 0.000116
0 0.011849 0.000936 0.020945 0.000105
0 0.011827 0.000849 0.020988 0.000105
0 0.011767 0.000707 0.021109 0.000110
0 0.011863 0.000684 0.020917 0.000110
0 0.011790 0.000802 0.021063 0.000110
0 0.011813 0.000897 0.021018 0.000110
0 0.011816 0.001011 0.021012 0.000113
0 0.011795 0.000920 0.021053 0.000100
0 0.011773 0.000835 0.021097 0.000108
0 0.011751 0.000739 0.021140 0.000105
0 0.011726 0.000644 0.021192 0.000110
0 0.011800 0.001050 0.021043 0.000118
0 0.011777 0.000952 0.021089 0.000110
0 0.011839 0.000593 0.020964 0.000108
0 0.011884 0.000766 0.020875 0.000103
0 0.012002 0.000525 0.020638 0.000103
0 0.011902 0.000325 0.020838 0.000097
0 0.012023 0.000620 0.020597 0.000105
0 0.012004 0.000645 0.020634 0.000103
0 0.011985 0.000557 0.020672 0.000095
0 0.011963 0.000477 0.020717 0.000103
0 0.011941 0.000388 0.020761 0.000108
0 0.011919 0.000297 0.020804 0.000110
0 0.011970 0.000593 0.020704 0.000097
0 0.011948 0.000507 0.020747 0.000100
0 0.011924 0.000418 0.020794 0.000105
0 0.011972 0.000706 0.020700 0.000097
0 0.011904 0.000857 0.020834 0.000110
0 0.011949 0.000619 0.020745 0.000108
0 0.011927 0.000526 0.020789 0.000100
0 0.011908 0.000446 0.020826 0.000097
0 0.011886 0.000363 0.020872 0.000105
0 0.011951 0.000731 0.020741 0.000095
0 0.011931 0.000651 0.020781 0.000103
0 0.011912 0.000567 0.020818 0.000092
0 0.011893 0.000492 0.020858 0.000100
0 0.011868 0.000400 0.020907 0.000110
0 0.011177 0.001708 0.022290 0.000103