0 0.012194 0.001869 0.020256 0.000072
0 0.011315 0.000149 0.022014 0.000079
0 0.011210 0.001086 0.022223 0.000056
0 0.011188 0.001144 0.022266 0.000075
0 0.011175 0.001131 0.022294 0.000079
0 0.011221 0.000104 0.022200 0.000072
0 0.011188 0.000282 0.022266 0.000090
0 0.010874 0.000821 0.018430 0.000068
0 0.010680 0.002123 0.018818 0.000105
0 0.010689 0.002074 0.018800 0.000105
0 0.010698 0.002029 0.018783 0.000105
0 0.010703 0.001984 0.018773 0.000105
0 0.010712 0.001940 0.018755 0.000109
0 0.010718 0.001893 0.018742 0.000105
0 0.010723 0.001843 0.018732 0.000102
0 0.010729 0.001797 0.018720 0.000102
0 0.010731 0.001750 0.018717 0.000105
0 0.011289 0.000128 0.022064 0.000075
0 0.011373 0.000226 0.021898 0.000075
0 0.010631 0.001415 0.018916 0.000105
0 0.011384 0.000250 0.021875 0.000109
0 0.011519 0.000207 0.021605 0.000083
0 0.011504 0.000190 0.021635 0.000102
0 0.011494 0.000183 0.021656 0.000072
0 0.011481 0.000168 0.021681 0.000072
0 0.011470 0.000154 0.021703 0.000068
0 0.011481 0.000346 0.021681 0.000075
0 0.011467 0.000335 0.021709 0.000083
0 0.011460 0.000145 0.021724 0.000102
0 0.011428 0.000128 0.021787 0.000090
0 0.011443 0.000147 0.021756 0.000075
0 0.011446 0.000312 0.021751 0.000083
0 0.011431 0.000303 0.021782 0.000087
0 0.011409 0.000267 0.021825 0.000113
0 0.011417 0.000081 0.021809 0.000079
0 0.011399 0.000256 0.021845 0.000113
0 0.010742 0.001701 0.018695 0.000105
0 0.010637 0.001374 0.018904 0.000105
0 0.011544 0.000226 0.021555 0.000060
0 0.010543 0.001528 0.019093 0.000105
0 0.010557 0.001438 0.019065 0.000105
0 0.010567 0.001393 0.019045 0.000105
0 0.010572 0.001346 0.019035 0.000102
0 0.010578 0.001299 0.019022 0.000098
0 0.010381 0.001694 0.019416 0.000105
0 0.010386 0.001643 0.019406 0.000102
0 0.010461 0.001086 0.019257 0.000094
0 0.010466 0.001035 0.019247 0.000098
0 0.010472 0.000988 0.019234 0.000102
0 0.010477 0.000943 0.019224 0.000102
0 0.010485 0.000896 0.019209 0.000098
0 0.010501 0.000753 0.019176 0.000098
0 0.010511 0.000710 0.019156 0.000094
0 0.010523 0.000614 0.019133 0.000105
0 0.010528 0.000568 0.019123 0.000098
0 0.010552 0.001479 0.019075 0.000090
0 0.010543 0.001577 0.019093 0.000098
0 0.010756 0.001566 0.018667 0.000105
0 0.010529 0.001671 0.019121 0.000098
0 0.010769 0.001519 0.018642 0.000102
0 0.010769 0.001472 0.018642 0.000105
0 0.010774 0.001428 0.018631 0.000109
0 0.010780 0.001380 0.018619 0.000109
0 0.010786 0.001333 0.018606 0.000105
0 0.010794 0.001287 0.018591 0.000105
0 0.010803 0.001240 0.018573 0.000109
0 0.010805 0.001191 0.018568 0.000102
0 0.010811 0.001141 0.018556 0.000105
0 0.010819 0.001099 0.018541 0.000105
0 0.010843 0.000913 0.018493 0.000109
0 0.010847 0.000864 0.018485 0.000109
0 0.010552 0.001948 0.019075 0.000072
0 0.010509 0.001899 0.019161 0.000094
0 0.010515 0.001812 0.019149 0.000094
0 0.011531 0.000216 0.021580 0.000072
0 0.011547 0.000258 0.021550 0.000102
0 0.012066 0.001412 0.020510 0.000053
0 0.011173 0.001415 0.022296 0.000075
0 0.011197 0.001442 0.022248 0.000068
0 0.011161 0.001125 0.022321 0.000068
0 0.011511 0.001206 0.021620 0.000072
0 0.011555 0.000858 0.021532 0.000068
0 0.011753 0.001195 0.021136 0.000049
0 0.011737 0.001171 0.021169 0.000053
0 0.011709 0.001139 0.021224 0.000056
0 0.012252 0.001110 0.020140 0.000075
0 0.012168 0.001001 0.020306 0.000075
0 0.012194 0.001159 0.020256 0.000090
0 0.012223 0.000732 0.020198 0.000079
0 0.012189 0.000700 0.020266 0.000075
0 0.012149 0.000830 0.020344 0.000049
0 0.012128 0.000973 0.020387 0.000064
0 0.012055 0.001016 0.020533 0.000045
0 0.011185 0.001430 0.022274 0.000075
0 0.011246 0.001220 0.022150 0.000075
0 0.012067 0.000945 0.020508 0.000045
0 0.011350 0.001344 0.021943 0.000083
0 0.012081 0.001274 0.020480 0.000056
0 0.011897 0.002191 0.020848 0.000060
0 0.011905 0.002153 0.020833 0.000053
0 0.011906 0.002114 0.020831 0.000072
0 0.011987 0.002021 0.020669 0.000060
0 0.011943 0.001873 0.020758 0.000049
0 0.011965 0.001690 0.020712 0.000053
0 0.011987 0.001564 0.020669 0.000056
0 0.011992 0.001528 0.020659 0.000060
0 0.011997 0.001492 0.020649 0.000049
0 0.012002 0.001462 0.020639 0.000049
0 0.012007 0.001428 0.020629 0.000049
0 0.012013 0.001368 0.020616 0.000056
0 0.012030 0.001229 0.020584 0.000056
0 0.011410 0.001415 0.021822 0.000068
0 0.012064 0.000984 0.020516 0.000056
0 0.012070 0.000913 0.020503 0.000056
0 0.011560 0.000279 0.021522 0.000083
0 0.011822 0.000685 0.021000 0.000068
0 0.011798 0.000661 0.021048 0.000072
0 0.011530 0.001043 0.021582 0.000105
0 0.011542 0.000960 0.021560 0.000083
0 0.011562 0.000783 0.021519 0.000075
0 0.011576 0.000696 0.021492 0.000090
0 0.011588 0.000474 0.021466 0.000090
0 0.011574 0.000459 0.021494 0.000105
0 0.011597 0.000316 0.021449 0.000113
0 0.011587 0.000295 0.021469 0.000094
0 0.011574 0.000280 0.021494 0.000102
0 0.011571 0.000369 0.021502 0.000075
0 0.011562 0.000553 0.021519 0.000053
0 0.011542 0.000529 0.021560 0.000056
0 0.011552 0.000433 0.021540 0.000090
0 0.011542 0.000425 0.021560 0.000083
0 0.011810 0.000666 0.021022 0.000090
0 0.011824 0.000770 0.020995 0.000064
0 0.012075 0.000879 0.020493 0.000049
0 0.011803 0.000745 0.021038 0.000068
0 0.012081 0.000847 0.020480 0.000053
0 0.012089 0.000815 0.020465 0.000056
0 0.011994 0.000772 0.020654 0.000068
0 0.011999 0.000725 0.020644 0.000072
0 0.011843 0.000981 0.020957 0.000079
0 0.011866 0.000821 0.020912 0.000083
0 0.011876 0.000742 0.020891 0.000068
0 0.011853 0.000723 0.020937 0.000075
0 0.011832 0.000710 0.020980 0.000079
0 0.011810 0.000932 0.021022 0.000079
0 0.011790 0.000918 0.021063 0.000075
0 0.011765 0.000879 0.021113 0.000079
0 0.011767 0.000700 0.021108 0.000060
0 0.011779 0.000726 0.021086 0.000068
0 0.011789 0.000736 0.021065 0.000072
0 0.010534 0.000519 0.019111 0.000098