0 0.010476 0.001384 0.019227 0.000049
0 0.010485 0.001274 0.019209 0.000061
0 0.010616 0.001843 0.018947 0.000067
0 0.010632 0.001810 0.018914 0.000061
0 0.010724 0.001849 0.018730 0.000061
0 0.010726 0.001810 0.018726 0.000061
0 0.010748 0.001768 0.018682 0.000052
0 0.010757 0.001641 0.018664 0.000055
0 0.010719 0.001523 0.018741 0.000052
0 0.010721 0.001396 0.018737 0.000061
0 0.010435 0.001312 0.019308 0.000138
0 0.010982 0.001442 0.018214 0.000049
0 0.010411 0.001306 0.019356 0.000138
0 0.010372 0.001304 0.019434 0.000122
0 0.010343 0.001288 0.019493 0.000138
0 0.010321 0.001284 0.019537 0.000132
0 0.010756 0.001171 0.018667 0.000083
0 0.010203 0.000632 0.019773 0.000285
0 0.010354 0.000585 0.019470 0.000080
0 0.010349 0.000496 0.019482 0.000067
0 0.010735 0.001705 0.018708 0.000067
0 0.010984 0.001479 0.018211 0.000055
0 0.010236 0.001800 0.019706 0.000049
0 0.010330 0.001601 0.019518 0.000116
0 0.010476 0.001860 0.019227 0.000046
0 0.010441 0.000917 0.019297 0.000248
0 0.010500 0.001647 0.019179 0.000116
0 0.010452 0.001640 0.019275 0.000126
0 0.010411 0.001629 0.019356 0.000129
0 0.010380 0.001626 0.019419 0.000135
0 0.010356 0.001614 0.019467 0.000135
0 0.010277 0.001598 0.019625 0.000147
0 0.010251 0.001588 0.019677 0.000132
0 0.010982 0.001555 0.018214 0.000049
0 0.010304 0.001597 0.019570 0.000132
0 0.010223 0.001589 0.019732 0.000147
0 0.010321 0.001820 0.019537 0.000052
0 0.010929 0.001914 0.018321 0.000055
0 0.010932 0.001875 0.018314 0.000058
0 0.010960 0.001761 0.018259 0.000055
0 0.010971 0.001673 0.018237 0.000052
0 0.010984 0.001594 0.018211 0.000046
0 0.010371 0.000331 0.019437 0.000092