0 0.011162 0.000518 0.022320 0.000036
0 0.005273 0.000309 0.007312 0.000128
0 0.004812 0.000257 0.008233 0.000130
0 0.004818 0.000405 0.008222 0.000130
0 0.004741 0.000594 0.008376 0.000127
0 0.004745 0.000740 0.008366 0.000129
0 0.004750 0.000885 0.008357 0.000128
0 0.005259 0.001010 0.007339 0.000130
0 0.005254 0.000848 0.007350 0.000128
0 0.005247 0.000687 0.007363 0.000129
0 0.005277 0.000454 0.007302 0.000128
0 0.005267 0.000160 0.007323 0.000129
0 0.005166 0.002143 0.007525 0.000126
0 0.004669 0.001301 0.008518 0.000128
0 0.004674 0.001463 0.008509 0.000127
0 0.004538 0.001701 0.008780 0.000127
0 0.004543 0.001863 0.008771 0.000127
0 0.004549 0.002026 0.008759 0.000128
0 0.005214 0.001410 0.007430 0.000128
0 0.005218 0.001587 0.007422 0.000126
0 0.005225 0.001764 0.007407 0.000129
0 0.005161 0.001983 0.007534 0.000127
0 0.004807 0.000112 0.008243 0.000129