0 0.011192 0.002194 0.022258 0.000077
0 0.011196 0.001117 0.022250 0.000071
0 0.011320 0.001057 0.022004 0.000085
0 0.011300 0.001083 0.022042 0.000083
0 0.011297 0.001408 0.022048 0.000077
0 0.011264 0.001337 0.022115 0.000069
0 0.011265 0.001013 0.022113 0.000073
0 0.011213 0.001094 0.022217 0.000069
0 0.011182 0.000954 0.022279 0.000085
0 0.011751 0.000643 0.021141 0.000073
0 0.011164 0.000970 0.022316 0.000073
0 0.012095 0.000871 0.020453 0.000077
0 0.011815 0.000851 0.021014 0.000071
0 0.011841 0.000639 0.020962 0.000093
0 0.011822 0.000663 0.020998 0.000083
0 0.011732 0.000791 0.021179 0.000081
0 0.011357 0.001016 0.021929 0.000079
0 0.011374 0.000987 0.021894 0.000083
0 0.011364 0.001174 0.021915 0.000067
0 0.011353 0.001332 0.021936 0.000083
0 0.011373 0.001308 0.021898 0.000075
0 0.011348 0.001531 0.021946 0.000067
0 0.011369 0.001504 0.021905 0.000065
0 0.011385 0.001596 0.021873 0.000083
0 0.011403 0.001571 0.021836 0.000077
0 0.011383 0.001475 0.021877 0.000069
0 0.011389 0.001159 0.021865 0.000069
0 0.011422 0.001428 0.021800 0.000067
0 0.011421 0.001551 0.021801 0.000079
0 0.011439 0.001080 0.021765 0.000065
0 0.011460 0.001051 0.021722 0.000065
0 0.011478 0.001152 0.021686 0.000083
0 0.011479 0.001029 0.021684 0.000065
0 0.011731 0.000669 0.021181 0.000075
0 0.011517 0.000356 0.021609 0.000087
0 0.011211 0.002171 0.022221 0.000081
0 0.011293 0.000796 0.022058 0.000079
0 0.011474 0.000549 0.021696 0.000083
0 0.011400 0.000537 0.021844 0.000075
0 0.011420 0.000623 0.021803 0.000085
0 0.011383 0.000671 0.021877 0.000083
0 0.011340 0.000916 0.021963 0.000063
0 0.011346 0.000723 0.021952 0.000083
0 0.011273 0.000826 0.022096 0.000077
0 0.011642 0.000916 0.021358 0.000071
0 0.011255 0.000851 0.022133 0.000079
0 0.011237 0.000873 0.022169 0.000073
0 0.011219 0.000898 0.022204 0.000075
0 0.011463 0.000044 0.021717 0.000083
0 0.011431 0.000093 0.021780 0.000069
0 0.011428 0.000185 0.021786 0.000073
0 0.011491 0.000520 0.021661 0.000083
0 0.011528 0.000477 0.021588 0.000093
0 0.011412 0.000815 0.021819 0.000063
0 0.011449 0.000765 0.021746 0.000065
0 0.011446 0.000890 0.021751 0.000087
0 0.011483 0.000841 0.021676 0.000079
0 0.011557 0.000737 0.021528 0.000077
0 0.011566 0.000899 0.021511 0.000069
0 0.011552 0.000926 0.021540 0.000063
0 0.011603 0.000847 0.021437 0.000063
0 0.011565 0.000420 0.021513 0.000085
0 0.011583 0.000400 0.021476 0.000093
0 0.011602 0.000370 0.021439 0.000083
0 0.011649 0.000486 0.021345 0.000067
0 0.011666 0.000460 0.021310 0.000067
0 0.011712 0.000218 0.021218 0.000079
0 0.011625 0.000825 0.021393 0.000063
0 0.011474 0.001466 0.021696 0.000083
0 0.011509 0.001415 0.021624 0.000083
0 0.011532 0.001075 0.021578 0.000085
0 0.011673 0.001993 0.021297 0.000073
0 0.011208 0.001755 0.022227 0.000081
0 0.011227 0.001734 0.022189 0.000079
0 0.011246 0.001806 0.022150 0.000089
0 0.011571 0.002147 0.021501 0.000077
0 0.011607 0.002093 0.021430 0.000075
0 0.011640 0.002040 0.021362 0.000071
0 0.011416 0.001751 0.021811 0.000073
0 0.011607 0.000975 0.021430 0.000075
0 0.011428 0.001719 0.021786 0.000069
0 0.011448 0.001695 0.021748 0.000067
0 0.011494 0.001937 0.021655 0.000075
0 0.011518 0.001912 0.021607 0.000065
0 0.011504 0.001743 0.021634 0.000077
0 0.011541 0.001686 0.021561 0.000073
0 0.011228 0.001825 0.022187 0.000083
0 0.011193 0.001779 0.022256 0.000075
0 0.011209 0.001847 0.022225 0.000085
0 0.011193 0.001874 0.022256 0.000087
0 0.011172 0.001803 0.022298 0.000083
0 0.011175 0.001895 0.022293 0.000089
0 0.011162 0.001922 0.022320 0.000081
0 0.011341 0.002184 0.021961 0.000075
0 0.011322 0.002119 0.021998 0.000085
0 0.011303 0.002140 0.022036 0.000087
0 0.011282 0.002072 0.022079 0.000081
0 0.011162 0.001829 0.022320 0.000071
0 0.011260 0.002088 0.022123 0.000089
0 0.011283 0.002164 0.022077 0.000087
0 0.011266 0.002190 0.022112 0.000081
0 0.011244 0.002123 0.022154 0.000081
0 0.011227 0.002153 0.022189 0.000085
0 0.011551 0.001861 0.021541 0.000069
0 0.011588 0.001808 0.021466 0.000069
0 0.011603 0.001780 0.021437 0.000073
0 0.011672 0.001185 0.021299 0.000089
0 0.011599 0.001159 0.021445 0.000065
0 0.011546 0.001243 0.021551 0.000071
0 0.011529 0.001388 0.021586 0.000077
0 0.011546 0.001365 0.021551 0.000087
0 0.011564 0.001338 0.021514 0.000079
0 0.011619 0.001263 0.021405 0.000075
0 0.011615 0.001134 0.021412 0.000069
0 0.011576 0.001515 0.021491 0.000067
0 0.011557 0.001538 0.021528 0.000069
0 0.011612 0.001591 0.021418 0.000077
0 0.011579 0.001644 0.021486 0.000073
0 0.011558 0.001663 0.021526 0.000075
0 0.011643 0.001403 0.021357 0.000075
0 0.011681 0.001352 0.021281 0.000067
0 0.011655 0.001086 0.021333 0.000065
0 0.011619 0.001750 0.021405 0.000067
0 0.011706 0.001136 0.021231 0.000081
0 0.011746 0.000959 0.021150 0.000067
0 0.011769 0.001223 0.021104 0.000063
0 0.011753 0.001248 0.021137 0.000069
0 0.011775 0.001346 0.021093 0.000075
0 0.011840 0.001439 0.020964 0.000069
0 0.011891 0.001356 0.020862 0.000069
0 0.011926 0.001302 0.020790 0.000067
0 0.011947 0.001275 0.020748 0.000067
0 0.011963 0.001248 0.020717 0.000065
0 0.011933 0.000983 0.020777 0.000063
0 0.011731 0.001598 0.021181 0.000063
0 0.011681 0.001677 0.021281 0.000063
0 0.011659 0.001700 0.021326 0.000061
0 0.011273 0.000401 0.022096 0.000071