0 0.012221 0.001824 0.020200 0.000077
0 0.011749 0.001004 0.021145 0.000116
0 0.011961 0.001432 0.020720 0.000130
0 0.011979 0.001271 0.020686 0.000137
0 0.012063 0.001759 0.020517 0.000123
0 0.012070 0.000376 0.020504 0.000134
0 0.012067 0.000784 0.020509 0.000120
0 0.011954 0.000395 0.020736 0.000130
0 0.012017 0.000791 0.020609 0.000134
0 0.011882 0.000824 0.020878 0.000123
0 0.011860 0.000956 0.020923 0.000120
0 0.011830 0.000954 0.020984 0.000130
0 0.011798 0.000837 0.021047 0.000134
0 0.011803 0.000434 0.021036 0.000137
0 0.011778 0.000997 0.021087 0.000130
0 0.011778 0.000859 0.021087 0.000137
0 0.011724 0.001014 0.021195 0.000123
0 0.011856 0.001475 0.020931 0.000137
0 0.011721 0.000874 0.021200 0.000123
0 0.011694 0.001014 0.021255 0.000116
0 0.011695 0.000874 0.021253 0.000130
0 0.011673 0.001012 0.021298 0.000127
0 0.011667 0.000868 0.021308 0.000127
0 0.011640 0.001014 0.021364 0.000130
0 0.011642 0.000868 0.021358 0.000127
0 0.011605 0.001028 0.021432 0.000130
0 0.011663 0.000460 0.021316 0.000120
0 0.011634 0.000473 0.021374 0.000116
0 0.011611 0.000487 0.021422 0.000123
0 0.011582 0.000487 0.021480 0.000116
0 0.011514 0.000965 0.021614 0.000144
0 0.011289 0.000086 0.022065 0.000116
0 0.011901 0.001295 0.020841 0.000137
0 0.011923 0.001800 0.020796 0.000127
0 0.011659 0.002179 0.021324 0.000112
0 0.011690 0.001338 0.021263 0.000137
0 0.011803 0.002169 0.021036 0.000127
0 0.011909 0.002125 0.020825 0.000137
0 0.011936 0.002128 0.020770 0.000158
0 0.011967 0.002123 0.020709 0.000127
0 0.012021 0.002100 0.020601 0.000123
0 0.011704 0.001860 0.021234 0.000127
0 0.011677 0.001860 0.021290 0.000141
0 0.011646 0.001868 0.021350 0.000137
0 0.011621 0.001879 0.021401 0.000123
0 0.011592 0.001886 0.021459 0.000123
0 0.011566 0.001882 0.021511 0.000109
0 0.011615 0.001378 0.021414 0.000112
0 0.011625 0.001533 0.021393 0.000141
0 0.011653 0.001364 0.021337 0.000105
0 0.011688 0.001496 0.021266 0.000137
0 0.011873 0.001833 0.020897 0.000130
0 0.011760 0.001845 0.021124 0.000127
0 0.011719 0.001345 0.021205 0.000151
0 0.011728 0.001830 0.021187 0.000130
0 0.011787 0.001826 0.021068 0.000123
0 0.011719 0.001492 0.021205 0.000144
0 0.011742 0.001325 0.021158 0.000134
0 0.011811 0.001821 0.021021 0.000134
0 0.011843 0.001826 0.020957 0.000158
0 0.011750 0.001469 0.021142 0.000141
0 0.011766 0.001320 0.021110 0.000116
0 0.011774 0.001478 0.021095 0.000137
0 0.011802 0.001473 0.021039 0.000134
0 0.011823 0.001476 0.020997 0.000127
0 0.011820 0.001329 0.021002 0.000134
0 0.011181 0.000069 0.022282 0.000123