0 0.012246 0.001351 0.020152 0.000054
0 0.012238 0.000433 0.020167 0.000073
0 0.011516 0.000505 0.021610 0.000038
0 0.011525 0.000468 0.021592 0.000035
0 0.011529 0.000197 0.021584 0.000032
0 0.011486 0.000341 0.021670 0.000029
0 0.011320 0.000116 0.022002 0.000060
0 0.011237 0.000446 0.022168 0.000067
0 0.011222 0.000208 0.022199 0.000029
0 0.011205 0.000459 0.022233 0.000073
0 0.011178 0.000472 0.022288 0.000067
0 0.005374 0.001769 0.007109 0.000146
0 0.005375 0.001600 0.007107 0.000152
0 0.005379 0.001432 0.007099 0.000159
0 0.005383 0.001268 0.007091 0.000149
0 0.005386 0.001095 0.007086 0.000146
0 0.005200 0.001753 0.007457 0.000152
0 0.005204 0.001586 0.007449 0.000143
0 0.005207 0.001418 0.007444 0.000149
0 0.005209 0.001249 0.007439 0.000149
0 0.005212 0.001083 0.007434 0.000140
0 0.006140 0.001510 0.010042 0.000314
0 0.006205 0.001527 0.009912 0.000311
0 0.011518 0.000533 0.021608 0.000038
0 0.011512 0.000567 0.021618 0.000041
0 0.011512 0.000599 0.021618 0.000048
0 0.011608 0.000629 0.021426 0.000038
0 0.011907 0.000075 0.020829 0.000073
0 0.011803 0.000175 0.021037 0.000032
0 0.011777 0.000467 0.021089 0.000038
0 0.011772 0.000529 0.021099 0.000035
0 0.011775 0.000564 0.021094 0.000035
0 0.011772 0.000599 0.021099 0.000035
0 0.011764 0.000629 0.021115 0.000038
0 0.011763 0.000719 0.021117 0.000041
0 0.011608 0.000592 0.021426 0.000035
0 0.011549 0.001029 0.021545 0.000038
0 0.011507 0.000660 0.021628 0.000044
0 0.011555 0.000902 0.021532 0.000044
0 0.011580 0.000619 0.021483 0.000044
0 0.011570 0.000679 0.021504 0.000044
0 0.011544 0.000783 0.021556 0.000067
0 0.011484 0.001011 0.021675 0.000035
0 0.011486 0.000980 0.021670 0.000035
0 0.011486 0.000945 0.021670 0.000035
0 0.011499 0.000821 0.021644 0.000035
0 0.011501 0.000756 0.021641 0.000038
0 0.006215 0.001216 0.009892 0.000318