0 0.011699 0.001528 0.021244 0.000047
0 0.011648 0.000386 0.021348 0.000055
0 0.011591 0.000363 0.021460 0.000055
0 0.011613 0.000411 0.021418 0.000051
0 0.011642 0.000590 0.021359 0.000046
0 0.011630 0.000396 0.021383 0.000052
0 0.011656 0.000533 0.021331 0.000043
0 0.011677 0.000586 0.021289 0.000049
0 0.011676 0.000526 0.021290 0.000050
0 0.011606 0.000422 0.021431 0.000047
0 0.011683 0.000574 0.021277 0.000044
0 0.011668 0.000373 0.021307 0.000049
0 0.011692 0.000516 0.021259 0.000045
0 0.011714 0.000559 0.021215 0.000047
0 0.011694 0.000498 0.021255 0.000050
0 0.011730 0.000542 0.021183 0.000050
0 0.011573 0.000377 0.021497 0.000050
0 0.011623 0.000605 0.021398 0.000052
0 0.011682 0.000717 0.021279 0.000055
0 0.011564 0.000601 0.021516 0.000049
0 0.011498 0.000443 0.021647 0.000052
0 0.011503 0.000492 0.021638 0.000055
0 0.011513 0.000631 0.021617 0.000046
0 0.011531 0.000618 0.021580 0.000047
0 0.011520 0.000482 0.021603 0.000059
0 0.011533 0.000417 0.021577 0.000049
0 0.011547 0.000402 0.021549 0.000047
0 0.011616 0.000562 0.021410 0.000044
0 0.011568 0.000447 0.021507 0.000051
0 0.011564 0.000389 0.021514 0.000047
0 0.011590 0.000441 0.021462 0.000050
0 0.011602 0.000637 0.021438 0.000058
0 0.011599 0.000573 0.021446 0.000049
0 0.011602 0.000618 0.021438 0.000051
0 0.011712 0.000479 0.021218 0.000047
0 0.011740 0.000389 0.021163 0.000052
0 0.011748 0.000529 0.021146 0.000051
0 0.011567 0.000666 0.021508 0.000047
0 0.011486 0.000917 0.021671 0.000063
0 0.011455 0.000678 0.021732 0.000046
0 0.011471 0.000659 0.021701 0.000056
0 0.011494 0.000698 0.021654 0.000047
0 0.011526 0.000685 0.021592 0.000051
0 0.011558 0.000805 0.021527 0.000047
0 0.011589 0.000780 0.021464 0.000051
0 0.011740 0.000463 0.021163 0.000052
0 0.011600 0.000828 0.021444 0.000049
0 0.011610 0.000767 0.021423 0.000051
0 0.011632 0.000819 0.021379 0.000051
0 0.011697 0.000910 0.021250 0.000049
0 0.011638 0.000802 0.021366 0.000050
0 0.011656 0.000789 0.021331 0.000051
0 0.011437 0.000689 0.021769 0.000050
0 0.011448 0.000881 0.021747 0.000050
0 0.011419 0.000705 0.021804 0.000050
0 0.011419 0.000760 0.021804 0.000046
0 0.011377 0.000727 0.021889 0.000053
0 0.011000 0.000594 0.018179 0.000072
0 0.011859 0.000650 0.020924 0.000047
0 0.011838 0.000601 0.020967 0.000046
0 0.011831 0.000614 0.020982 0.000050
0 0.011807 0.000498 0.021030 0.000052
0 0.011790 0.000437 0.021063 0.000052
0 0.011762 0.000457 0.021119 0.000052
0 0.011772 0.000508 0.021098 0.000046
0 0.011812 0.000627 0.021019 0.000047
0 0.011794 0.000636 0.021056 0.000052
0 0.011775 0.000650 0.021093 0.000049
0 0.011761 0.000511 0.021120 0.000047
0 0.011476 0.000460 0.021691 0.000059
0 0.011502 0.000640 0.021640 0.000049
0 0.011487 0.000646 0.021669 0.000044
0 0.011600 0.000219 0.021442 0.000051
0 0.010390 0.000094 0.019398 0.000055
0 0.011544 0.000255 0.021555 0.000046
0 0.011553 0.000192 0.021536 0.000052
0 0.011562 0.000241 0.021519 0.000049
0 0.011572 0.000182 0.021499 0.000051
0 0.011579 0.000233 0.021484 0.000052
0 0.011630 0.000198 0.021383 0.000047
0 0.011689 0.000352 0.021264 0.000046
0 0.011639 0.000188 0.021364 0.000049
0 0.011644 0.000340 0.021355 0.000049
0 0.011608 0.000350 0.021427 0.000047
0 0.011649 0.000325 0.021346 0.000050
0 0.011679 0.000309 0.021285 0.000051
0 0.011685 0.000293 0.021274 0.000046
0 0.011536 0.000208 0.021571 0.000051
0 0.011527 0.000268 0.021590 0.000044
0 0.011517 0.000221 0.021608 0.000049
0 0.011507 0.000280 0.021629 0.000047
0 0.011503 0.000234 0.021638 0.000050
0 0.011488 0.000291 0.021667 0.000049
0 0.011480 0.000244 0.021682 0.000046
0 0.011470 0.000302 0.021702 0.000051
0 0.011464 0.000258 0.021715 0.000049
0 0.011454 0.000320 0.021736 0.000046
0 0.011434 0.000338 0.021774 0.000058
0 0.011418 0.000344 0.021808 0.000043
0 0.011448 0.000276 0.021747 0.000049
0 0.011429 0.000288 0.021786 0.000050
0 0.011410 0.000301 0.021823 0.000050
0 0.011390 0.000310 0.021863 0.000052
0 0.011370 0.000325 0.021902 0.000047
0 0.011756 0.000119 0.021131 0.000049
0 0.011306 0.000360 0.022031 0.000051
0 0.011468 0.000520 0.021706 0.000045
0 0.011406 0.000512 0.021832 0.000053
0 0.011324 0.000352 0.021994 0.000047
0 0.011370 0.000538 0.021904 0.000050
0 0.011376 0.000585 0.021891 0.000045
0 0.011362 0.000389 0.021919 0.000050
0 0.011380 0.000372 0.021884 0.000051
0 0.011386 0.000523 0.021871 0.000047
0 0.011412 0.000557 0.021819 0.000050
0 0.011288 0.000374 0.022066 0.000052
0 0.011406 0.000415 0.021832 0.000028
0 0.011425 0.000496 0.021793 0.000045
0 0.011444 0.000545 0.021754 0.000053
0 0.011443 0.000487 0.021756 0.000047
0 0.011448 0.000529 0.021747 0.000050
0 0.011445 0.000471 0.021752 0.000051
0 0.011343 0.000401 0.021957 0.000047
0 0.011323 0.000413 0.021996 0.000052
0 0.011356 0.000590 0.021932 0.000047
0 0.011333 0.000541 0.021976 0.000050
0 0.011312 0.000544 0.022018 0.000049
0 0.011305 0.000423 0.022033 0.000049
0 0.011288 0.000440 0.022066 0.000051
0 0.011320 0.000620 0.022004 0.000051
0 0.011314 0.000570 0.022015 0.000049
0 0.011284 0.000644 0.022076 0.000050
0 0.011277 0.000597 0.022089 0.000049
0 0.011217 0.000487 0.022209 0.000047
0 0.011234 0.000473 0.022175 0.000046
0 0.011253 0.000462 0.022137 0.000052
0 0.011231 0.000417 0.022181 0.000049
0 0.011262 0.000403 0.022118 0.000053
0 0.011282 0.000390 0.022079 0.000051
0 0.011675 0.000778 0.021292 0.000045
0 0.011706 0.000764 0.021231 0.000045
0 0.010617 0.001703 0.018945 0.000116
0 0.012150 0.001399 0.020342 0.000049
0 0.012071 0.001315 0.020501 0.000057
0 0.012084 0.001251 0.020475 0.000049
0 0.012105 0.001244 0.020433 0.000050
0 0.012125 0.001231 0.020392 0.000047
0 0.012115 0.001288 0.020413 0.000051
0 0.012173 0.001387 0.020296 0.000044
0 0.012183 0.001588 0.020276 0.000044
0 0.012054 0.001323 0.020535 0.000049
0 0.012135 0.001412 0.020372 0.000045
0 0.012166 0.001597 0.020311 0.000047
0 0.012148 0.001616 0.020346 0.000046
0 0.012131 0.001622 0.020381 0.000045
0 0.012118 0.001488 0.020407 0.000047
0 0.012108 0.001425 0.020427 0.000051
0 0.012063 0.001263 0.020516 0.000053
0 0.012050 0.001278 0.020544 0.000047
0 0.011708 0.000711 0.021228 0.000043
0 0.011975 0.001332 0.020694 0.000046
0 0.011925 0.001157 0.020793 0.000052
0 0.011928 0.001206 0.020788 0.000045
0 0.011948 0.001193 0.020747 0.000046
0 0.011970 0.001183 0.020703 0.000046
0 0.011926 0.001359 0.020791 0.000043
0 0.011953 0.001346 0.020736 0.000047
0 0.011994 0.001375 0.020655 0.000050
0 0.012048 0.001335 0.020548 0.000043
0 0.011989 0.001169 0.020666 0.000047
0 0.012019 0.001158 0.020605 0.000051
0 0.011990 0.001321 0.020662 0.000045
0 0.012013 0.001302 0.020616 0.000046
0 0.012017 0.001349 0.020609 0.000044
0 0.012023 0.001284 0.020597 0.000059
0 0.012098 0.001443 0.020446 0.000047
0 0.012101 0.001499 0.020440 0.000045
0 0.012080 0.001452 0.020483 0.000047
0 0.011905 0.001572 0.020832 0.000049
0 0.012037 0.001694 0.020568 0.000049
0 0.012018 0.001705 0.020607 0.000049
0 0.011971 0.001590 0.020701 0.000059
0 0.011921 0.001558 0.020801 0.000047
0 0.011939 0.001607 0.020766 0.000053
0 0.011906 0.001445 0.020830 0.000050
0 0.011917 0.001628 0.020808 0.000050
0 0.012069 0.001510 0.020505 0.000049
0 0.011923 0.001621 0.020797 0.000050
0 0.012044 0.001742 0.020555 0.000052
0 0.012028 0.001755 0.020586 0.000047
0 0.011974 0.001879 0.020695 0.000043
0 0.011798 0.001728 0.021046 0.000047
0 0.011989 0.001793 0.020666 0.000052
0 0.012076 0.001722 0.020490 0.000050
0 0.012051 0.001671 0.020540 0.000047
0 0.011944 0.001407 0.020754 0.000053
0 0.011972 0.001572 0.020699 0.000058
0 0.011997 0.001565 0.020649 0.000047
0 0.011989 0.001522 0.020666 0.000049
0 0.012017 0.001490 0.020609 0.000050
0 0.012028 0.001556 0.020586 0.000047
0 0.012031 0.001539 0.020581 0.000042
0 0.012054 0.001527 0.020535 0.000056
0 0.012043 0.001474 0.020557 0.000051
0 0.012059 0.001466 0.020525 0.000052
0 0.012074 0.001662 0.020496 0.000051
0 0.012091 0.001649 0.020461 0.000052
0 0.012112 0.001697 0.020418 0.000045
0 0.012135 0.001683 0.020374 0.000042
0 0.012113 0.001640 0.020416 0.000047
0 0.011904 0.001175 0.020834 0.000050
0 0.011889 0.001189 0.020865 0.000045
0 0.011899 0.001382 0.020845 0.000050
0 0.011832 0.000869 0.020978 0.000056
0 0.011778 0.000905 0.021087 0.000046
0 0.011795 0.000834 0.021052 0.000047
0 0.011799 0.000896 0.021045 0.000050
0 0.011828 0.000881 0.020987 0.000047
0 0.011813 0.000684 0.021017 0.000052
0 0.011813 0.000820 0.021017 0.000055
0 0.011844 0.000807 0.020954 0.000045
0 0.011907 0.000813 0.020828 0.000049
0 0.011819 0.000670 0.021006 0.000047
0 0.011850 0.000792 0.020943 0.000053
0 0.011870 0.000839 0.020902 0.000047
0 0.011851 0.000660 0.020941 0.000053
0 0.011882 0.000782 0.020878 0.000043
0 0.011889 0.000826 0.020865 0.000043
0 0.011789 0.000849 0.021065 0.000046
0 0.011785 0.000701 0.021072 0.000046
0 0.011758 0.000669 0.021126 0.000050
0 0.011780 0.000713 0.021083 0.000049
0 0.011774 0.000860 0.021094 0.000047
0 0.011762 0.000732 0.021119 0.000050
0 0.011772 0.000917 0.021098 0.000050
0 0.011755 0.000870 0.021133 0.000049
0 0.011757 0.000935 0.021130 0.000045
0 0.011707 0.000963 0.021229 0.000051
0 0.011682 0.000983 0.021279 0.000051
0 0.011726 0.000948 0.021191 0.000044
0 0.011719 0.000876 0.021205 0.000046
0 0.011740 0.000681 0.021163 0.000045
0 0.011745 0.000742 0.021154 0.000052
0 0.011711 0.000752 0.021220 0.000045
0 0.011722 0.000693 0.021198 0.000050
0 0.011901 0.000771 0.020841 0.000046
0 0.011918 0.000757 0.020806 0.000045
0 0.011874 0.001248 0.020895 0.000049
0 0.011590 0.001048 0.021462 0.000047
0 0.011860 0.001067 0.020923 0.000050
0 0.011838 0.001017 0.020967 0.000050
0 0.011843 0.001078 0.020958 0.000046
0 0.011805 0.001107 0.021034 0.000052
0 0.011767 0.001072 0.021109 0.000049
0 0.011747 0.001078 0.021148 0.000052
0 0.011519 0.001099 0.021604 0.000052
0 0.011926 0.000799 0.020791 0.000046
0 0.011557 0.001212 0.021529 0.000049
0 0.010445 0.001292 0.019289 0.000065
0 0.011813 0.001302 0.021017 0.000047
0 0.011835 0.001289 0.020973 0.000047
0 0.011848 0.001210 0.020947 0.000053
0 0.011872 0.001200 0.020899 0.000050
0 0.011944 0.001143 0.020754 0.000049
0 0.011885 0.001043 0.020873 0.000050
0 0.011914 0.001034 0.020815 0.000049
0 0.011913 0.000972 0.020817 0.000049
0 0.011961 0.001130 0.020721 0.000053
0 0.011964 0.001117 0.020716 0.000043
0 0.012000 0.001111 0.020644 0.000050
0 0.012023 0.001140 0.020597 0.000046
0 0.012001 0.001096 0.020640 0.000045
0 0.012019 0.001080 0.020605 0.000047
0 0.012039 0.001067 0.020564 0.000049
0 0.012070 0.001108 0.020503 0.000052
0 0.011950 0.000992 0.020743 0.000050
0 0.011957 0.000986 0.020729 0.000049
0 0.011965 0.000919 0.020714 0.000046
0 0.011986 0.000913 0.020671 0.000049
0 0.011991 0.000962 0.020660 0.000053
0 0.011354 0.000340 0.021935 0.000046