0 0.011249 0.001995 0.022146 0.000085
0 0.011272 0.001325 0.022100 0.000081
0 0.011442 0.000884 0.021760 0.000090
0 0.011472 0.000659 0.021698 0.000095
0 0.011453 0.000654 0.021737 0.000095
0 0.011432 0.000661 0.021779 0.000090
0 0.011413 0.000668 0.021817 0.000095
0 0.011363 0.000981 0.021916 0.000085
0 0.011358 0.000680 0.021928 0.000090
0 0.011312 0.001320 0.022019 0.000081
0 0.011323 0.000893 0.021997 0.000081
0 0.011560 0.001763 0.021523 0.000047
0 0.011228 0.001007 0.022188 0.000090
0 0.005290 0.001346 0.007277 0.000218
0 0.005284 0.001107 0.007289 0.000223
0 0.005278 0.000863 0.007300 0.000227
0 0.005275 0.000626 0.007308 0.000227
0 0.005030 0.001374 0.007797 0.000218
0 0.005026 0.001133 0.007805 0.000227
0 0.005022 0.000889 0.007812 0.000213
0 0.011463 0.000886 0.021718 0.000104
0 0.011482 0.000872 0.021679 0.000095
0 0.011480 0.000969 0.021683 0.000081
0 0.011392 0.001299 0.021859 0.000085
0 0.011394 0.001780 0.021855 0.000043
0 0.011337 0.001531 0.021970 0.000095
0 0.011528 0.001310 0.021588 0.000090
0 0.011524 0.001204 0.021595 0.000085
0 0.011472 0.001519 0.021698 0.000081
0 0.011514 0.000659 0.021614 0.000085
0 0.011520 0.000877 0.021603 0.000085
0 0.011520 0.000972 0.021603 0.000085
0 0.011501 0.000976 0.021641 0.000095
0 0.011507 0.001296 0.021630 0.000090
0 0.011451 0.001514 0.021740 0.000090
0 0.011505 0.001192 0.021633 0.000100
0 0.011486 0.001299 0.021672 0.000066
0 0.011466 0.001201 0.021710 0.000081
0 0.011424 0.001206 0.021794 0.000090
0 0.011445 0.001308 0.021752 0.000085
0 0.011426 0.001296 0.021790 0.000090
0 0.005018 0.000652 0.007820 0.000223