0 0.012135 0.000050 0.020372 0.000052
0 0.011739 0.000869 0.021166 0.000054
0 0.011720 0.000615 0.021204 0.000049
0 0.011704 0.000680 0.021235 0.000050
0 0.011725 0.000645 0.021193 0.000052
0 0.011710 0.000714 0.021222 0.000052
0 0.011729 0.000681 0.021184 0.000052
0 0.011714 0.000744 0.021214 0.000056
0 0.011736 0.000714 0.021171 0.000049
0 0.011722 0.000775 0.021199 0.000049
0 0.011739 0.000745 0.021165 0.000050
0 0.011724 0.000809 0.021196 0.000056
0 0.011745 0.000773 0.021152 0.000052
0 0.011728 0.000842 0.021186 0.000056
0 0.011751 0.000805 0.021142 0.000054
0 0.011758 0.000839 0.021128 0.000054
0 0.011608 0.000975 0.021428 0.000052
0 0.011743 0.000902 0.021157 0.000054
0 0.011763 0.000871 0.021117 0.000050
0 0.011749 0.000937 0.021145 0.000052
0 0.011770 0.000905 0.021104 0.000052
0 0.011776 0.000931 0.021091 0.000054
0 0.011756 0.000965 0.021130 0.000050
0 0.011761 0.000999 0.021121 0.000054
0 0.011780 0.000967 0.021082 0.000054
0 0.011786 0.001000 0.021072 0.000049
0 0.011771 0.000563 0.021101 0.000058
0 0.011779 0.000594 0.021085 0.000054
0 0.011797 0.000556 0.021049 0.000054
0 0.011783 0.000625 0.021077 0.000061
0 0.011698 0.000649 0.021246 0.000056
0 0.011713 0.000581 0.021217 0.000058
0 0.011693 0.000619 0.021258 0.000058
0 0.011706 0.000552 0.021230 0.000049
0 0.011616 0.001043 0.021412 0.000052
0 0.011617 0.000702 0.021408 0.000054
0 0.011630 0.000770 0.021383 0.000056
0 0.011635 0.000797 0.021373 0.000056
0 0.011621 0.000573 0.021401 0.000052
0 0.011624 0.000606 0.021394 0.000056
0 0.011633 0.000635 0.021376 0.000052
0 0.011639 0.000670 0.021364 0.000050
0 0.011647 0.000695 0.021348 0.000050
0 0.011651 0.000727 0.021340 0.000050
0 0.011655 0.000764 0.021332 0.000049
0 0.011640 0.000835 0.021363 0.000054
0 0.011647 0.000862 0.021348 0.000050
0 0.011659 0.000797 0.021325 0.000061
0 0.011667 0.000829 0.021308 0.000056
0 0.011649 0.000904 0.021345 0.000054
0 0.011669 0.000864 0.021305 0.000058
0 0.011654 0.000932 0.021336 0.000058
0 0.011676 0.000897 0.021291 0.000052
0 0.011665 0.000958 0.021313 0.000054
0 0.011684 0.000925 0.021275 0.000054
0 0.011691 0.000954 0.021261 0.000050
0 0.011677 0.001022 0.021289 0.000052
0 0.011697 0.000987 0.021250 0.000049
0 0.011679 0.001058 0.021284 0.000061
0 0.011680 0.000558 0.021283 0.000054
0 0.011688 0.000588 0.021267 0.000049
0 0.011804 0.000586 0.021035 0.000056
0 0.011791 0.000654 0.021061 0.000052
0 0.011812 0.000613 0.021020 0.000059
0 0.011884 0.000698 0.020874 0.000052
0 0.011907 0.000662 0.020829 0.000052
0 0.011910 0.000699 0.020823 0.000056
0 0.011918 0.000725 0.020806 0.000054
0 0.011894 0.000759 0.020856 0.000049
0 0.011899 0.000793 0.020844 0.000056
0 0.011923 0.000759 0.020797 0.000052
0 0.011906 0.000827 0.020831 0.000052
0 0.011928 0.000789 0.020787 0.000056
0 0.011911 0.000861 0.020820 0.000056
0 0.011934 0.000825 0.020774 0.000056
0 0.011917 0.000894 0.020808 0.000049
0 0.011937 0.000858 0.020768 0.000056
0 0.011921 0.000930 0.020802 0.000049
0 0.011929 0.000957 0.020784 0.000052
0 0.011937 0.000992 0.020769 0.000047
0 0.011939 0.001024 0.020765 0.000054
0 0.011958 0.000960 0.020727 0.000052
0 0.011966 0.001004 0.020711 0.000050
0 0.011957 0.000570 0.020729 0.000052
0 0.011960 0.000608 0.020723 0.000049
0 0.011965 0.000641 0.020713 0.000047
0 0.011971 0.000676 0.020700 0.000049
0 0.011984 0.000607 0.020674 0.000058
0 0.011990 0.000642 0.020663 0.000056
0 0.011977 0.000707 0.020689 0.000052
0 0.011996 0.000671 0.020650 0.000050
0 0.011980 0.000739 0.020682 0.000056
0 0.011888 0.000730 0.020866 0.000049
0 0.011879 0.000669 0.020885 0.000056
0 0.011797 0.000689 0.021050 0.000056
0 0.011894 0.000598 0.020856 0.000050
0 0.011815 0.000648 0.021013 0.000058
0 0.011801 0.000723 0.021042 0.000052
0 0.011818 0.000689 0.021007 0.000052
0 0.011826 0.000717 0.020991 0.000059
0 0.011833 0.000751 0.020977 0.000058
0 0.011804 0.000753 0.021035 0.000059
0 0.011811 0.000790 0.021021 0.000058
0 0.011815 0.000822 0.021013 0.000059
0 0.011840 0.000788 0.020964 0.000050
0 0.011820 0.000853 0.021003 0.000061
0 0.011843 0.000820 0.020958 0.000052
0 0.011830 0.000878 0.020983 0.000050
0 0.011849 0.000846 0.020945 0.000050
0 0.011834 0.000913 0.020974 0.000054
0 0.011854 0.000876 0.020935 0.000056
0 0.011863 0.000904 0.020916 0.000050
0 0.011865 0.000941 0.020913 0.000056
0 0.011843 0.000938 0.020957 0.000050
0 0.011845 0.000977 0.020952 0.000050
0 0.011858 0.000638 0.020927 0.000081
0 0.011848 0.001013 0.020946 0.000052
0 0.011870 0.000977 0.020904 0.000059
0 0.011876 0.001007 0.020891 0.000056
0 0.011863 0.000569 0.020916 0.000047
0 0.011868 0.000603 0.020907 0.000050
0 0.011888 0.000563 0.020866 0.000050
0 0.011873 0.000636 0.020897 0.000056
0 0.011610 0.001010 0.021422 0.000058
0 0.011601 0.000942 0.021440 0.000056
0 0.011706 0.001555 0.021230 0.000058
0 0.011851 0.000344 0.020941 0.000054
0 0.011768 0.000403 0.021107 0.000054
0 0.011752 0.000467 0.021139 0.000052
0 0.011774 0.000431 0.021096 0.000052
0 0.011759 0.000500 0.021126 0.000056
0 0.011780 0.000464 0.021083 0.000050
0 0.011768 0.000527 0.021107 0.000050
0 0.011786 0.000496 0.021072 0.000052
0 0.011793 0.000523 0.021057 0.000049
0 0.011775 0.000095 0.021093 0.000050
0 0.011806 0.000248 0.021031 0.000049
0 0.011827 0.000211 0.020989 0.000050
0 0.011820 0.000353 0.021003 0.000058
0 0.011821 0.000308 0.021001 0.000054
0 0.011859 0.000410 0.020926 0.000054
0 0.011579 0.000978 0.021484 0.000059
0 0.011870 0.000477 0.020903 0.000050
0 0.011847 0.000473 0.020949 0.000047
0 0.011849 0.000509 0.020944 0.000054
0 0.011859 0.000537 0.020926 0.000049
0 0.011878 0.000506 0.020888 0.000054
0 0.011951 0.000082 0.020741 0.000059
0 0.011925 0.000419 0.020792 0.000054
0 0.011933 0.000486 0.020777 0.000058
0 0.011956 0.000446 0.020731 0.000056
0 0.011943 0.000517 0.020757 0.000050
0 0.011969 0.000511 0.020705 0.000050
0 0.011949 0.000543 0.020745 0.000052
0 0.011983 0.000107 0.020676 0.000059
0 0.011763 0.000366 0.021116 0.000059
0 0.011749 0.000436 0.021144 0.000050
0 0.011743 0.000072 0.021158 0.000072
0 0.011743 0.000405 0.021158 0.000061
0 0.011580 0.000482 0.021483 0.000056
0 0.011602 0.000443 0.021439 0.000058
0 0.011608 0.000473 0.021427 0.000054
0 0.011614 0.000504 0.021415 0.000050
0 0.011617 0.000545 0.021408 0.000045
0 0.011671 0.000109 0.021301 0.000059
0 0.011652 0.000263 0.021338 0.000050
0 0.011659 0.000296 0.021325 0.000056
0 0.011648 0.000359 0.021347 0.000052
0 0.011667 0.000325 0.021308 0.000049
0 0.011651 0.000392 0.021340 0.000054
0 0.011674 0.000357 0.021296 0.000049
0 0.011680 0.000391 0.021283 0.000054
0 0.011658 0.000424 0.021327 0.000052
0 0.011664 0.000457 0.021315 0.000054
0 0.011687 0.000419 0.021269 0.000054
0 0.011674 0.000484 0.021296 0.000047
0 0.011675 0.000519 0.021293 0.000056
0 0.011690 0.000455 0.021262 0.000050
0 0.011697 0.000488 0.021248 0.000050
0 0.011701 0.000523 0.021240 0.000052
0 0.011704 0.000181 0.021235 0.000056
0 0.011724 0.000145 0.021196 0.000049
0 0.011713 0.000243 0.021217 0.000058
0 0.011718 0.000277 0.021207 0.000061
0 0.011730 0.000343 0.021183 0.000052
0 0.011739 0.000368 0.021165 0.000052
0 0.011995 0.000170 0.020652 0.000056
0 0.012005 0.000197 0.020634 0.000056
0 0.011989 0.000264 0.020665 0.000049
0 0.012103 0.000442 0.020436 0.000056
0 0.012133 0.000437 0.020378 0.000049
0 0.012117 0.000505 0.020410 0.000052
0 0.012136 0.000472 0.020371 0.000058
0 0.012124 0.000536 0.020395 0.000052
0 0.012149 0.000532 0.020345 0.000059
0 0.012141 0.000078 0.020362 0.000052
0 0.012146 0.000111 0.020350 0.000045
0 0.012153 0.000142 0.020337 0.000050
0 0.012156 0.000176 0.020332 0.000063
0 0.012161 0.000209 0.020320 0.000050
0 0.012169 0.000240 0.020304 0.000045
0 0.012175 0.000275 0.020294 0.000052
0 0.012182 0.000299 0.020279 0.000054
0 0.012189 0.000331 0.020265 0.000050
0 0.012195 0.000364 0.020252 0.000054
0 0.011384 0.000899 0.021876 0.000056
0 0.011461 0.000682 0.021721 0.000054
0 0.011471 0.000731 0.021701 0.000050
0 0.011465 0.000845 0.021713 0.000052
0 0.011486 0.000975 0.021670 0.000049
0 0.011500 0.001033 0.021644 0.000050
0 0.011506 0.000939 0.021631 0.000056
0 0.011545 0.000659 0.021553 0.000058
0 0.011558 0.000724 0.021528 0.000054
0 0.011550 0.000818 0.021544 0.000059
0 0.011583 0.000848 0.021476 0.000050
0 0.011589 0.000882 0.021466 0.000050
0 0.012110 0.000471 0.020422 0.000056
0 0.012127 0.000407 0.020388 0.000050
0 0.012014 0.000270 0.020615 0.000050
0 0.012123 0.000368 0.020396 0.000045
0 0.011998 0.000337 0.020646 0.000054
0 0.012019 0.000299 0.020605 0.000058
0 0.012025 0.000333 0.020592 0.000054
0 0.012030 0.000362 0.020582 0.000054
0 0.012012 0.000432 0.020619 0.000058
0 0.012019 0.000464 0.020604 0.000056
0 0.012040 0.000424 0.020563 0.000059
0 0.012046 0.000455 0.020551 0.000050
0 0.012050 0.000488 0.020543 0.000054
0 0.012056 0.000521 0.020532 0.000056
0 0.012062 0.000053 0.020519 0.000056
0 0.012067 0.000091 0.020509 0.000052
0 0.012075 0.000122 0.020494 0.000052
0 0.012053 0.000156 0.020537 0.000056
0 0.012060 0.000184 0.020522 0.000054
0 0.012063 0.000214 0.020517 0.000054
0 0.012086 0.000177 0.020471 0.000052
0 0.012070 0.000249 0.020503 0.000052
0 0.012079 0.000279 0.020486 0.000050
0 0.012092 0.000213 0.020458 0.000056
0 0.012096 0.000247 0.020450 0.000054
0 0.012104 0.000276 0.020435 0.000052
0 0.012084 0.000311 0.020474 0.000056
0 0.012110 0.000309 0.020422 0.000056
0 0.012116 0.000339 0.020411 0.000052
0 0.012096 0.000375 0.020450 0.000049
0 0.012101 0.000404 0.020441 0.000056
0 0.011990 0.000767 0.020664 0.000054
0 0.011991 0.000805 0.020660 0.000054
0 0.012011 0.000769 0.020621 0.000058
0 0.012098 0.000746 0.020447 0.000049
0 0.012045 0.000589 0.020552 0.000054
0 0.012049 0.000619 0.020544 0.000050
0 0.012064 0.000554 0.020514 0.000050
0 0.012071 0.000587 0.020501 0.000054
0 0.012054 0.000652 0.020535 0.000054
0 0.012076 0.000620 0.020491 0.000052
0 0.012061 0.000688 0.020520 0.000054
0 0.012083 0.000648 0.020476 0.000054
0 0.012068 0.000715 0.020507 0.000054
0 0.012088 0.000681 0.020466 0.000052
0 0.012072 0.000751 0.020498 0.000054
0 0.012094 0.000715 0.020456 0.000054
0 0.012078 0.000781 0.020487 0.000050
0 0.012083 0.000813 0.020478 0.000049
0 0.012001 0.000833 0.020641 0.000047
0 0.012104 0.000779 0.020434 0.000052
0 0.012088 0.000848 0.020467 0.000054
0 0.012110 0.000814 0.020422 0.000054
0 0.012093 0.000881 0.020457 0.000052
0 0.012097 0.000920 0.020449 0.000050
0 0.012119 0.000861 0.020405 0.000049
0 0.012130 0.000570 0.020383 0.000056
0 0.012136 0.000598 0.020371 0.000047
0 0.012150 0.000659 0.020343 0.000050
0 0.012156 0.000697 0.020331 0.000047
0 0.012146 0.000499 0.020351 0.000054
0 0.012134 0.000968 0.020375 0.000063
0 0.011199 0.001815 0.022244 0.000067
0 0.012038 0.000559 0.020567 0.000049
0 0.012054 0.000990 0.020535 0.000058
0 0.012045 0.000959 0.020553 0.000054
0 0.012041 0.000926 0.020561 0.000052
0 0.011830 0.001253 0.020982 0.000058
0 0.011817 0.001319 0.021008 0.000050
0 0.011820 0.001355 0.021003 0.000054
0 0.011838 0.001285 0.020967 0.000054
0 0.011843 0.001320 0.020957 0.000052
0 0.011854 0.001044 0.020935 0.000054
0 0.011860 0.001076 0.020923 0.000054
0 0.011880 0.001040 0.020883 0.000052
0 0.011866 0.001109 0.020912 0.000050
0 0.011886 0.001072 0.020872 0.000056
0 0.011893 0.001105 0.020858 0.000050
0 0.011872 0.001140 0.020898 0.000056
0 0.011877 0.001175 0.020889 0.000054
0 0.011898 0.001137 0.020846 0.000049
0 0.011887 0.001201 0.020869 0.000050
0 0.011890 0.001243 0.020864 0.000049
0 0.011905 0.001167 0.020834 0.000056
0 0.011909 0.001202 0.020825 0.000065
0 0.010821 0.001315 0.018536 0.000092
0 0.011945 0.001056 0.020752 0.000052
0 0.011953 0.001088 0.020737 0.000049
0 0.011958 0.001120 0.020727 0.000050
0 0.011980 0.001085 0.020682 0.000058
0 0.010895 0.001227 0.018389 0.000095
0 0.012037 0.001061 0.020569 0.000056
0 0.012030 0.000862 0.020583 0.000054
0 0.012034 0.000896 0.020574 0.000056
0 0.011245 0.001609 0.022154 0.000058
0 0.011282 0.001669 0.022078 0.000054
0 0.011298 0.001764 0.022047 0.000050
0 0.011511 0.001603 0.021622 0.000052
0 0.011514 0.001635 0.021615 0.000049
0 0.011536 0.001597 0.021570 0.000054
0 0.011543 0.001627 0.021557 0.000050
0 0.011548 0.001669 0.021547 0.000058
0 0.011524 0.001708 0.021595 0.000047
0 0.011529 0.001741 0.021584 0.000047
0 0.011536 0.001770 0.021571 0.000050
0 0.011516 0.001862 0.021610 0.000027
0 0.011556 0.001705 0.021531 0.000050
0 0.011563 0.001760 0.021516 0.000056
0 0.011583 0.001516 0.021477 0.000050
0 0.011592 0.001545 0.021459 0.000045
0 0.011610 0.001512 0.021423 0.000054
0 0.011593 0.001579 0.021456 0.000058
0 0.011615 0.001544 0.021413 0.000054
0 0.011601 0.001610 0.021441 0.000052
0 0.011601 0.001654 0.021441 0.000050
0 0.011621 0.001577 0.021400 0.000050
0 0.011628 0.001604 0.021387 0.000054
0 0.011613 0.001677 0.021417 0.000049
0 0.011633 0.001640 0.021376 0.000050
0 0.011618 0.001705 0.021407 0.000050
0 0.011640 0.001671 0.021363 0.000050
0 0.011676 0.001526 0.021291 0.000047
0 0.011681 0.001562 0.021282 0.000049
0 0.011701 0.001523 0.021240 0.000050
0 0.011685 0.001598 0.021273 0.000056
0 0.011531 0.001568 0.021582 0.000050
0 0.011524 0.001535 0.021594 0.000052
0 0.011323 0.001894 0.021997 0.000029
0 0.011502 0.001573 0.021638 0.000058
0 0.011349 0.001715 0.021945 0.000052
0 0.011360 0.001756 0.021923 0.000052
0 0.011359 0.001612 0.021924 0.000056
0 0.011365 0.001645 0.021914 0.000054
0 0.011370 0.001676 0.021902 0.000050
0 0.011377 0.001703 0.021889 0.000054
0 0.011385 0.001738 0.021873 0.000049
0 0.011403 0.001899 0.021838 0.000025
0 0.011408 0.001530 0.021827 0.000054
0 0.011421 0.001590 0.021801 0.000049
0 0.011435 0.001782 0.021773 0.000061
0 0.011427 0.001622 0.021790 0.000054
0 0.011431 0.001527 0.021781 0.000056
0 0.011441 0.001553 0.021761 0.000058
0 0.011447 0.001586 0.021748 0.000050
0 0.011431 0.001658 0.021781 0.000058
0 0.011453 0.001618 0.021738 0.000050
0 0.011439 0.001686 0.021765 0.000052
0 0.011458 0.001649 0.021727 0.000054
0 0.011443 0.001722 0.021756 0.000052
0 0.011452 0.001757 0.021739 0.000050
0 0.011471 0.001714 0.021701 0.000047
0 0.011473 0.001753 0.021698 0.000043
0 0.011480 0.001784 0.021683 0.000040
0 0.011494 0.001506 0.021654 0.000041
0 0.011500 0.001540 0.021644 0.000052
0 0.011520 0.001503 0.021602 0.000050
0 0.011814 0.001283 0.021014 0.000047
0 0.011824 0.001222 0.020996 0.000050
0 0.011805 0.001257 0.021034 0.000052
0 0.011507 0.001444 0.021630 0.000054
0 0.011500 0.001072 0.021644 0.000059
0 0.011516 0.001128 0.021610 0.000052
0 0.011523 0.001157 0.021598 0.000050
0 0.011528 0.001190 0.021586 0.000050
0 0.011533 0.001229 0.021577 0.000049
0 0.011539 0.001259 0.021566 0.000056
0 0.011545 0.001287 0.021553 0.000050
0 0.011537 0.001095 0.021569 0.000056
0 0.011544 0.001125 0.021555 0.000054
0 0.011549 0.001157 0.021545 0.000047
0 0.011560 0.001222 0.021523 0.000054
0 0.011564 0.001256 0.021515 0.000050
0 0.011548 0.001323 0.021547 0.000054
0 0.011571 0.001287 0.021501 0.000047
0 0.011558 0.001357 0.021528 0.000054
0 0.011576 0.001319 0.021491 0.000052
0 0.011583 0.001354 0.021477 0.000050
0 0.011564 0.001388 0.021515 0.000047
0 0.011570 0.001418 0.021502 0.000045
0 0.011573 0.001453 0.021498 0.000054
0 0.011580 0.001482 0.021483 0.000049
0 0.011588 0.001388 0.021467 0.000050
0 0.011593 0.001419 0.021458 0.000052
0 0.011598 0.001450 0.021446 0.000052
0 0.011604 0.001481 0.021436 0.000052
0 0.011595 0.001073 0.021453 0.000050
0 0.011600 0.001111 0.021444 0.000050
0 0.011512 0.001476 0.021618 0.000050
0 0.011502 0.001409 0.021638 0.000054
0 0.011626 0.001106 0.021391 0.000056
0 0.011498 0.001373 0.021646 0.000052
0 0.012003 0.000867 0.020636 0.000056
0 0.012025 0.000831 0.020592 0.000056
0 0.012010 0.000900 0.020623 0.000054
0 0.012023 0.000977 0.020597 0.000054
0 0.011388 0.001273 0.021868 0.000054
0 0.011381 0.001368 0.021881 0.000050
0 0.011384 0.001407 0.021876 0.000056
0 0.011404 0.001329 0.021834 0.000049
0 0.011413 0.001398 0.021816 0.000052
0 0.011418 0.001425 0.021807 0.000056
0 0.011421 0.001464 0.021801 0.000052
0 0.011435 0.001192 0.021773 0.000054
0 0.011455 0.001149 0.021732 0.000056
0 0.011441 0.001225 0.021761 0.000056
0 0.011461 0.001184 0.021721 0.000054
0 0.011451 0.001250 0.021741 0.000052
0 0.011471 0.001208 0.021701 0.000054
0 0.011454 0.001282 0.021734 0.000058
0 0.011475 0.001243 0.021692 0.000059
0 0.011480 0.001280 0.021684 0.000058
0 0.011487 0.001312 0.021669 0.000058
0 0.011465 0.001349 0.021713 0.000056
0 0.011469 0.001384 0.021705 0.000054
0 0.011477 0.001412 0.021688 0.000049
0 0.011481 0.001443 0.021680 0.000056
0 0.011486 0.001477 0.021670 0.000056
0 0.011492 0.001342 0.021659 0.000056
0 0.011621 0.001077 0.021401 0.000052
0 0.011613 0.001173 0.021416 0.000052
0 0.011799 0.001227 0.021045 0.000052
0 0.011724 0.001149 0.021196 0.000049
0 0.011728 0.001184 0.021186 0.000052
0 0.011713 0.001247 0.021216 0.000059
0 0.011735 0.001213 0.021173 0.000054
0 0.011722 0.001278 0.021198 0.000054
0 0.011740 0.001245 0.021162 0.000052
0 0.011744 0.001275 0.021154 0.000052
0 0.011726 0.001314 0.021191 0.000054
0 0.011728 0.001350 0.021186 0.000050
0 0.011753 0.001313 0.021137 0.000052
0 0.011738 0.001375 0.021167 0.000047
0 0.011740 0.001412 0.021163 0.000056
0 0.011745 0.001445 0.021153 0.000047
0 0.011754 0.001477 0.021136 0.000049
0 0.011767 0.001382 0.021108 0.000052
0 0.011775 0.001436 0.021092 0.000054
0 0.011764 0.001032 0.021114 0.000052
0 0.011791 0.001030 0.021061 0.000054
0 0.011770 0.001066 0.021103 0.000058
0 0.011777 0.001097 0.021089 0.000056
0 0.011780 0.001131 0.021082 0.000049
0 0.011797 0.001060 0.021049 0.000054
0 0.011802 0.001096 0.021038 0.000047
0 0.011786 0.001164 0.021070 0.000052
0 0.011805 0.001130 0.021032 0.000047
0 0.011794 0.001191 0.021054 0.000052
0 0.011814 0.001161 0.021014 0.000047
0 0.011818 0.001192 0.021007 0.000054
0 0.011708 0.001215 0.021227 0.000050
0 0.011705 0.001184 0.021234 0.000045
0 0.011634 0.001134 0.021375 0.000058
0 0.011720 0.001115 0.021204 0.000052
0 0.011620 0.001205 0.021404 0.000056
0 0.011639 0.001166 0.021364 0.000058
0 0.011648 0.001200 0.021347 0.000052
0 0.011625 0.001239 0.021393 0.000056
0 0.011632 0.001266 0.021378 0.000049
0 0.011633 0.001303 0.021376 0.000050
0 0.011650 0.001236 0.021343 0.000056
0 0.011656 0.001265 0.021331 0.000050
0 0.011659 0.001300 0.021324 0.000050
0 0.011640 0.001338 0.021362 0.000052
0 0.011647 0.001361 0.021348 0.000050
0 0.011667 0.001330 0.021308 0.000050
0 0.011651 0.001400 0.021340 0.000056
0 0.011672 0.001360 0.021299 0.000052
0 0.011658 0.001427 0.021328 0.000050
0 0.011677 0.001397 0.021290 0.000050
0 0.011662 0.001462 0.021319 0.000050
0 0.011683 0.001427 0.021276 0.000054
0 0.011668 0.001496 0.021306 0.000054
0 0.011689 0.001460 0.021266 0.000050
0 0.011693 0.001493 0.021256 0.000056
0 0.011687 0.001085 0.021269 0.000052
0 0.011702 0.001020 0.021238 0.000049
0 0.011706 0.001054 0.021231 0.000049
0 0.011691 0.001120 0.021261 0.000054
0 0.011713 0.001083 0.021217 0.000052
0 0.011697 0.001150 0.021248 0.000050
0 0.011569 0.000414 0.021505 0.000050