0 0.010144 0.001416 0.019891 0.000207
0 0.010431 0.001505 0.019316 0.000180
0 0.010352 0.001190 0.019476 0.000191
0 0.010364 0.001230 0.019451 0.000185
0 0.010376 0.001274 0.019426 0.000185
0 0.010390 0.001326 0.019398 0.000180
0 0.010404 0.001367 0.019371 0.000185
0 0.010444 0.001451 0.019291 0.000180
0 0.010423 0.001579 0.019332 0.000174
0 0.010627 0.000623 0.018925 0.000169
0 0.010405 0.001620 0.019368 0.000169
0 0.010394 0.001677 0.019390 0.000174
0 0.010680 0.000338 0.018818 0.000174
0 0.010667 0.000414 0.018845 0.000174
0 0.010657 0.000463 0.018864 0.000163
0 0.010646 0.000520 0.018887 0.000169
0 0.010338 0.001135 0.019503 0.000180
0 0.010365 0.001546 0.019448 0.000185
0 0.010352 0.001494 0.019476 0.000191
0 0.010339 0.001448 0.019500 0.000196
0 0.010324 0.001407 0.019531 0.000191
0 0.010312 0.001361 0.019555 0.000196
0 0.010301 0.001315 0.019577 0.000201
0 0.010324 0.001094 0.019531 0.000185
0 0.010285 0.001274 0.019608 0.000196
0 0.010312 0.001053 0.019555 0.000180
0 0.010273 0.001225 0.019632 0.000196
0 0.010259 0.001187 0.019660 0.000196
0 0.010247 0.001138 0.019685 0.000196
0 0.010298 0.001007 0.019583 0.000196
0 0.010427 0.000591 0.019324 0.000201
0 0.010411 0.000615 0.019357 0.000196
0 0.010393 0.000629 0.019393 0.000212
0 0.010636 0.000574 0.018906 0.000158
0 0.010614 0.000681 0.018950 0.000185
0 0.010160 0.001456 0.019858 0.000201
0 0.010268 0.001794 0.019643 0.000180
0 0.010519 0.001704 0.019140 0.000152
0 0.010507 0.001753 0.019165 0.000152
0 0.010496 0.001810 0.019187 0.000158
0 0.010325 0.001884 0.019528 0.000163
0 0.010305 0.001854 0.019569 0.000169
0 0.010287 0.001824 0.019605 0.000174
0 0.010255 0.001753 0.019668 0.000185
0 0.010603 0.000732 0.018972 0.000180
0 0.010240 0.001712 0.019698 0.000180
0 0.010229 0.001660 0.019720 0.000185
0 0.010213 0.001620 0.019754 0.000191
0 0.010200 0.001582 0.019778 0.000191
0 0.010186 0.001541 0.019806 0.000196
0 0.010173 0.001500 0.019833 0.000191
0 0.010576 0.001424 0.019027 0.000158
0 0.010588 0.001372 0.019002 0.000152
0 0.010599 0.001315 0.018980 0.000158
0 0.010612 0.001252 0.018955 0.000152
0 0.010623 0.001203 0.018933 0.000152
0 0.010635 0.001149 0.018909 0.000152
0 0.010646 0.001094 0.018887 0.000152
0 0.010656 0.001043 0.018867 0.000147
0 0.010669 0.000988 0.018840 0.000158
0 0.010680 0.000931 0.018818 0.000152
0 0.010693 0.000877 0.018793 0.000152
0 0.010702 0.000825 0.018774 0.000158
0 0.010713 0.000770 0.018752 0.000158
0 0.010726 0.000719 0.018727 0.000152
0 0.010737 0.000661 0.018705 0.000158
0 0.010746 0.000604 0.018686 0.000152
0 0.010760 0.000553 0.018658 0.000147
0 0.010361 0.000642 0.019456 0.000207