0 0.011167 0.000211 0.022309 0.000076
0 0.011181 0.000198 0.022280 0.000095
0 0.004713 0.000849 0.008432 0.000307
0 0.004659 0.001201 0.008540 0.000309
0 0.004623 0.001465 0.008612 0.000305
0 0.005040 0.000461 0.007777 0.000312
0 0.004991 0.000819 0.007875 0.000305
0 0.004950 0.001078 0.007957 0.000307
0 0.004901 0.001435 0.008056 0.000303
0 0.004863 0.001701 0.008131 0.000312
0 0.005225 0.001044 0.007408 0.000305
0 0.005186 0.001313 0.007485 0.000303
0 0.005136 0.001666 0.007585 0.000303
0 0.005099 0.001930 0.007660 0.000307
0 0.012056 0.000260 0.020530 0.000099
0 0.012048 0.000051 0.020548 0.000085
0 0.012066 0.000067 0.020511 0.000093
0 0.004750 0.000580 0.008357 0.000309