0 0.011813 0.002144 0.021017 0.000054
0 0.010622 0.001761 0.018935 0.000126
0 0.011985 0.000732 0.020674 0.000046
0 0.011998 0.000657 0.020647 0.000056
0 0.012010 0.000586 0.020623 0.000048
0 0.011920 0.000101 0.020802 0.000062
0 0.011552 0.000827 0.021539 0.000043
0 0.011554 0.000800 0.021534 0.000043
0 0.011560 0.000775 0.021523 0.000040
0 0.011355 0.000873 0.021933 0.000027
0 0.011386 0.000857 0.021871 0.000032
0 0.011386 0.000830 0.021871 0.000027
0 0.011363 0.000846 0.021916 0.000038
0 0.011360 0.000813 0.021923 0.000030
0 0.011388 0.000795 0.021866 0.000021
0 0.011366 0.000783 0.021911 0.000024
0 0.011391 0.000767 0.021861 0.000019
0 0.011269 0.000835 0.022104 0.000054
0 0.011272 0.000786 0.022100 0.000046
0 0.011276 0.000717 0.022090 0.000054
0 0.011276 0.000653 0.022090 0.000054
0 0.011280 0.000583 0.022083 0.000059
0 0.011232 0.000391 0.022178 0.000046
0 0.011236 0.000169 0.022171 0.000048
0 0.011210 0.000854 0.022224 0.000059
0 0.011212 0.000779 0.022219 0.000054
0 0.011219 0.000725 0.022205 0.000038
0 0.010313 0.002019 0.019553 0.000099
0 0.010328 0.001598 0.019522 0.000134
0 0.010393 0.001659 0.019393 0.000137
0 0.010610 0.001849 0.018959 0.000126
0 0.012020 0.000813 0.020602 0.000062
0 0.012110 0.000263 0.020423 0.000059
0 0.012088 0.000140 0.020466 0.000059
0 0.012065 0.000986 0.020514 0.000081
0 0.011729 0.001002 0.021184 0.000043
0 0.011765 0.000990 0.021112 0.000040
0 0.011868 0.001354 0.020907 0.000059
0 0.011945 0.001446 0.020752 0.000051
0 0.011915 0.001417 0.020812 0.000051
0 0.011923 0.001358 0.020798 0.000062
0 0.011972 0.001346 0.020700 0.000054
0 0.011992 0.001168 0.020659 0.000048
0 0.011983 0.001233 0.020676 0.000059
0 0.012011 0.001297 0.020621 0.000064
0 0.012018 0.001269 0.020607 0.000062
0 0.012026 0.001236 0.020590 0.000064
0 0.012040 0.001174 0.020564 0.000070
0 0.012091 0.000960 0.020461 0.000083
0 0.012135 0.000132 0.020373 0.000054
0 0.012137 0.001134 0.020368 0.000075
0 0.012111 0.001224 0.020421 0.000073
0 0.012140 0.001210 0.020364 0.000073
0 0.012160 0.000604 0.020323 0.000021
0 0.012149 0.000571 0.020344 0.000030
0 0.012152 0.000528 0.020340 0.000062
0 0.012166 0.000510 0.020311 0.000075
0 0.012187 0.000500 0.020268 0.000075
0 0.012197 0.000502 0.020249 0.000070
0 0.012174 0.000643 0.020294 0.000040
0 0.012208 0.000539 0.020228 0.000062
0 0.012218 0.000561 0.020206 0.000064
0 0.012243 0.000612 0.020156 0.000059
0 0.010616 0.001796 0.018947 0.000121
0 0.010655 0.001863 0.018868 0.000180
0 0.011820 0.002109 0.021003 0.000043
0 0.010636 0.001730 0.018906 0.000129
0 0.010678 0.000670 0.018823 0.000191
0 0.010697 0.000657 0.018785 0.000164
0 0.010789 0.000395 0.018601 0.000134
0 0.010753 0.000387 0.018673 0.000134
0 0.010731 0.000384 0.018716 0.000134
0 0.010712 0.000384 0.018754 0.000134
0 0.010694 0.000379 0.018790 0.000134
0 0.010655 0.000375 0.018868 0.000132
0 0.010636 0.000372 0.018906 0.000126
0 0.010615 0.000372 0.018949 0.000142
0 0.010593 0.000371 0.018992 0.000140
0 0.010574 0.000368 0.019030 0.000134
0 0.010554 0.000367 0.019071 0.000137
0 0.010534 0.000361 0.019112 0.000137
0 0.010516 0.000357 0.019147 0.000134
0 0.010476 0.000353 0.019226 0.000132
0 0.010454 0.000352 0.019271 0.000140
0 0.010429 0.000600 0.019321 0.000148
0 0.010415 0.000349 0.019348 0.000134
0 0.010406 0.000595 0.019367 0.000148
0 0.010395 0.000348 0.019388 0.000137
0 0.010387 0.000596 0.019405 0.000140
0 0.010375 0.000344 0.019429 0.000134
0 0.010333 0.000345 0.019512 0.000137
0 0.010328 0.000587 0.019522 0.000148
0 0.010306 0.000590 0.019567 0.000142
0 0.010296 0.000337 0.019586 0.000137
0 0.010259 0.000325 0.019660 0.000129
0 0.010244 0.000321 0.019691 0.000099
0 0.010667 0.000663 0.018844 0.000193
0 0.010618 0.000658 0.018942 0.000193
0 0.010598 0.000657 0.018983 0.000191
0 0.010798 0.000764 0.018582 0.000132
0 0.010646 0.001640 0.018887 0.000132
0 0.010661 0.001555 0.018856 0.000129
0 0.010666 0.001512 0.018847 0.000134
0 0.010673 0.001471 0.018833 0.000126
0 0.010690 0.001336 0.018799 0.000132
0 0.010705 0.001246 0.018768 0.000124
0 0.010721 0.001164 0.018737 0.000126
0 0.010734 0.001080 0.018711 0.000124
0 0.010741 0.001044 0.018697 0.000132
0 0.010749 0.000997 0.018680 0.000129
0 0.010760 0.000968 0.018658 0.000132
0 0.010766 0.000927 0.018646 0.000113
0 0.010779 0.000894 0.018620 0.000129
0 0.010793 0.001143 0.018592 0.000089
0 0.010579 0.000655 0.019021 0.000193
0 0.010809 0.001038 0.018561 0.000110
0 0.010833 0.000870 0.018513 0.000183
0 0.010792 0.000716 0.018594 0.000132
0 0.010798 0.000663 0.018582 0.000134
0 0.010814 0.000587 0.018551 0.000116
0 0.010836 0.000531 0.018506 0.000116
0 0.010505 0.001013 0.019169 0.000145
0 0.010469 0.000643 0.019240 0.000191
0 0.010487 0.000645 0.019205 0.000193
0 0.010510 0.000646 0.019159 0.000191
0 0.010531 0.000651 0.019116 0.000196
0 0.010548 0.000650 0.019083 0.000193
0 0.010567 0.000653 0.019045 0.000193
0 0.011727 0.000975 0.021189 0.000038
0 0.011734 0.001136 0.021174 0.000043
0 0.011731 0.001172 0.021182 0.000040
0 0.011728 0.001205 0.021186 0.000035
0 0.011320 0.001203 0.022002 0.000038
0 0.011336 0.001284 0.021971 0.000038
0 0.011340 0.001257 0.021964 0.000043
0 0.011342 0.001234 0.021959 0.000040
0 0.011348 0.001211 0.021947 0.000038
0 0.011353 0.001182 0.021937 0.000043
0 0.011328 0.001177 0.021988 0.000043
0 0.011331 0.001148 0.021980 0.000051
0 0.011341 0.001061 0.021961 0.000027
0 0.011343 0.001040 0.021957 0.000027
0 0.011349 0.001005 0.021945 0.000032
0 0.011351 0.000979 0.021940 0.000030
0 0.011353 0.000951 0.021937 0.000027
0 0.011374 0.000988 0.021895 0.000032
0 0.011375 0.000966 0.021892 0.000035
0 0.011355 0.000927 0.021933 0.000032
0 0.011355 0.000897 0.021933 0.000032
0 0.011380 0.000909 0.021883 0.000035
0 0.011386 0.000886 0.021871 0.000032
0 0.011167 0.001283 0.022310 0.000040
0 0.011174 0.001217 0.022295 0.000048
0 0.011181 0.001162 0.022281 0.000051
0 0.011199 0.000967 0.022245 0.000043
0 0.011204 0.000919 0.022236 0.000048
0 0.011201 0.001175 0.022240 0.000051
0 0.011212 0.001413 0.022219 0.000048
0 0.011218 0.001350 0.022207 0.000046
0 0.011226 0.001277 0.022190 0.000051
0 0.011232 0.001217 0.022178 0.000048
0 0.011316 0.001229 0.022011 0.000040
0 0.011310 0.001252 0.022023 0.000032
0 0.011304 0.001281 0.022035 0.000038
0 0.011297 0.001510 0.022050 0.000038
0 0.011709 0.002076 0.021224 0.000054
0 0.011712 0.002043 0.021220 0.000056
0 0.011664 0.002009 0.021315 0.000064
0 0.011675 0.002063 0.021294 0.000054
0 0.011683 0.002001 0.021277 0.000070
0 0.011349 0.001579 0.021945 0.000043
0 0.011353 0.001555 0.021937 0.000038
0 0.011355 0.001530 0.021933 0.000035
0 0.011373 0.001586 0.021897 0.000051
0 0.011385 0.001527 0.021873 0.000046
0 0.011360 0.001504 0.021923 0.000038
0 0.011287 0.001559 0.022069 0.000046
0 0.011297 0.001534 0.022050 0.000043
0 0.011301 0.001484 0.022040 0.000040
0 0.011328 0.001332 0.021988 0.000048
0 0.011267 0.001504 0.022109 0.000032
0 0.011273 0.001480 0.022097 0.000043
0 0.011274 0.001455 0.022095 0.000040
0 0.011280 0.001403 0.022083 0.000040
0 0.011279 0.001426 0.022085 0.000038
0 0.011311 0.001457 0.022021 0.000046
0 0.011316 0.001410 0.022011 0.000032
0 0.011319 0.001383 0.022004 0.000032
0 0.011289 0.001379 0.022064 0.000035
0 0.011293 0.001356 0.022057 0.000038
0 0.011297 0.001331 0.022050 0.000040
0 0.011303 0.001305 0.022038 0.000038
0 0.011328 0.001362 0.021988 0.000043
0 0.011239 0.001162 0.022164 0.000046
0 0.011225 0.000900 0.022193 0.000059
0 0.011244 0.001111 0.022154 0.000040
0 0.012153 0.001695 0.020337 0.000081
0 0.011977 0.001491 0.020688 0.000054
0 0.011967 0.001472 0.020709 0.000059
0 0.012010 0.001442 0.020623 0.000075
0 0.012024 0.001463 0.020595 0.000078
0 0.012034 0.001484 0.020576 0.000067
0 0.012042 0.001500 0.020559 0.000067
0 0.012055 0.001518 0.020533 0.000064
0 0.012063 0.001539 0.020516 0.000075
0 0.012078 0.001557 0.020488 0.000073
0 0.012092 0.001578 0.020459 0.000073
0 0.012104 0.001596 0.020435 0.000064
0 0.012129 0.001649 0.020385 0.000070
0 0.012147 0.001663 0.020349 0.000070
0 0.012169 0.001714 0.020304 0.000059
0 0.011998 0.001531 0.020647 0.000059
0 0.012178 0.001726 0.020287 0.000062
0 0.012189 0.001746 0.020266 0.000070
0 0.012204 0.001784 0.020235 0.000070
0 0.012215 0.001814 0.020213 0.000083
0 0.012255 0.001852 0.020132 0.000073
0 0.011527 0.000954 0.021589 0.000043
0 0.011536 0.000932 0.021570 0.000043
0 0.011542 0.000878 0.021558 0.000059
0 0.011654 0.001438 0.021334 0.000035
0 0.011657 0.001405 0.021329 0.000032
0 0.011672 0.001330 0.021298 0.000043
0 0.011689 0.001219 0.021265 0.000043
0 0.011697 0.001182 0.021248 0.000043
0 0.011988 0.001508 0.020666 0.000056
0 0.011941 0.001528 0.020762 0.000048
0 0.011250 0.001335 0.022143 0.000054
0 0.011264 0.000890 0.022114 0.000051
0 0.011258 0.001283 0.022126 0.000051
0 0.011258 0.001238 0.022126 0.000038
0 0.011264 0.001213 0.022114 0.000035
0 0.011269 0.001187 0.022104 0.000043
0 0.011270 0.001159 0.022102 0.000040
0 0.011287 0.001007 0.022069 0.000038
0 0.011288 0.000979 0.022066 0.000030
0 0.011288 0.000952 0.022066 0.000035
0 0.011293 0.000924 0.022057 0.000032
0 0.011294 0.000898 0.022054 0.000035
0 0.011298 0.000869 0.022047 0.000035
0 0.011297 0.000845 0.022050 0.000035
0 0.011258 0.000958 0.022126 0.000051
0 0.011304 0.001890 0.022035 0.000056
0 0.011941 0.001565 0.020762 0.000051
0 0.011313 0.001915 0.022016 0.000059
0 0.011297 0.002106 0.022050 0.000059
0 0.011306 0.002115 0.022030 0.000062
0 0.011334 0.002138 0.021976 0.000064
0 0.011350 0.002154 0.021942 0.000059
0 0.011650 0.001510 0.021344 0.000043
0 0.011650 0.001475 0.021344 0.000038
0 0.011679 0.001500 0.021284 0.000035
0 0.011884 0.001587 0.020874 0.000054
0 0.011895 0.001510 0.020852 0.000064
0 0.011919 0.001645 0.020805 0.000051
0 0.011923 0.001617 0.020798 0.000054
0 0.011930 0.001593 0.020783 0.000054
0 0.010214 0.000329 0.019751 0.000142