0 0.004933 0.000518 0.007992 0.000243
0 0.004863 0.000635 0.008132 0.000248
0 0.004797 0.000752 0.008264 0.000245
0 0.005335 0.001186 0.007187 0.000248
0 0.005281 0.001275 0.007296 0.000245
0 0.005226 0.001369 0.007405 0.000245
0 0.005146 0.001508 0.007566 0.000245
0 0.005092 0.001596 0.007672 0.000245
0 0.005040 0.001685 0.007776 0.000245
0 0.004987 0.001773 0.007883 0.000245
0 0.004907 0.001907 0.008044 0.000245
0 0.004855 0.001996 0.008147 0.000245
0 0.005775 0.001106 0.010771 0.000260
0 0.005695 0.000926 0.010932 0.000265
0 0.003417 0.001292 0.006559 0.000349