0 0.001002 0.002152 0.002004 0.000107
0 0.000059 0.000500 0.000119 0.000053
0 0.000517 0.000464 0.001034 0.000091
0 0.000313 0.000382 0.000626 0.000083
0 0.000301 0.000445 0.000603 0.000070
0 0.000299 0.000503 0.000599 0.000038
0 0.000244 0.000423 0.000487 0.000087
0 0.000219 0.000492 0.000438 0.000080
0 0.000200 0.000375 0.000401 0.000054
0 0.000175 0.000606 0.000350 0.000051
0 0.000132 0.000451 0.000264 0.000067
0 0.000110 0.000541 0.000219 0.000063
0 0.000064 0.000632 0.000129 0.000059
0 0.000687 0.000748 0.001373 0.000044
0 0.000872 0.001066 0.001744 0.000054
0 0.000706 0.000728 0.001412 0.000052
0 0.000730 0.000693 0.001460 0.000041
0 0.000794 0.000755 0.001587 0.000046
0 0.000808 0.000908 0.001615 0.000071
0 0.000839 0.000902 0.001679 0.000037
0 0.000607 0.001112 0.001214 0.000084
0 0.000634 0.001152 0.001267 0.000053
0 0.000649 0.000951 0.001298 0.000066
0 0.000697 0.000956 0.001394 0.000069
0 0.000731 0.000973 0.001462 0.000064
0 0.000768 0.001005 0.001536 0.000082
0 0.000554 0.000477 0.001109 0.000071
0 0.000643 0.000649 0.001287 0.000044
0 0.000592 0.000416 0.001184 0.000085
0 0.000589 0.000571 0.001179 0.000070
0 0.000126 0.000266 0.000253 0.000048
0 0.000113 0.000312 0.000226 0.000048
0 0.000142 0.000176 0.000283 0.000031
0 0.000156 0.000175 0.000311 0.000029
0 0.000172 0.000171 0.000345 0.000031
0 0.000158 0.000360 0.000315 0.000066
0 0.000195 0.000224 0.000390 0.000032
0 0.000207 0.000189 0.000414 0.000038
0 0.000219 0.000163 0.000438 0.000026
0 0.000482 0.000331 0.000965 0.000071
0 0.000507 0.000318 0.001013 0.000042
0 0.000566 0.000222 0.001132 0.000035
0 0.000569 0.000140 0.001139 0.000069
0 0.000579 0.000304 0.001157 0.000076
0 0.000651 0.000194 0.001302 0.000081
0 0.000653 0.000337 0.001305 0.000072
0 0.000708 0.000592 0.001416 0.000033
0 0.000681 0.000567 0.001361 0.000042
0 0.000668 0.000621 0.001336 0.000042
0 0.000670 0.000404 0.001341 0.000065
0 0.000642 0.000461 0.001285 0.000099
0 0.000619 0.000367 0.001238 0.000089
0 0.000601 0.000504 0.001203 0.000072
0 0.000806 0.001038 0.001612 0.000077
0 0.000911 0.001080 0.001822 0.000059
0 0.000250 0.002174 0.000499 0.000052
0 0.000289 0.001770 0.000578 0.000054
0 0.000838 0.001517 0.001676 0.000050
0 0.000683 0.001454 0.001366 0.000076
0 0.000664 0.001650 0.001329 0.000083
0 0.000613 0.001577 0.001225 0.000083
0 0.000600 0.001651 0.001200 0.000070
0 0.000586 0.001701 0.001171 0.000090
0 0.000574 0.001671 0.001147 0.000108
0 0.000591 0.001502 0.001182 0.000074
0 0.000546 0.001458 0.001092 0.000034
0 0.000496 0.001538 0.000992 0.000053
0 0.000463 0.001738 0.000927 0.000045
0 0.000277 0.001736 0.000553 0.000043
0 0.000920 0.000977 0.001840 0.000073
0 0.000265 0.001698 0.000530 0.000048
0 0.000254 0.001661 0.000508 0.000052
0 0.000238 0.001629 0.000475 0.000054
0 0.000160 0.001509 0.000321 0.000091
0 0.000305 0.001806 0.000609 0.000053
0 0.000350 0.001890 0.000700 0.000052
0 0.000432 0.001865 0.000863 0.000037
0 0.000451 0.001949 0.000901 0.000039
0 0.000483 0.001805 0.000966 0.000034
0 0.000427 0.002050 0.000854 0.000071
0 0.000423 0.002133 0.000846 0.000046
0 0.000556 0.001414 0.001112 0.000041
0 0.000130 0.001351 0.000259 0.000077
0 0.000074 0.001230 0.000148 0.000095
0 0.000097 0.001154 0.000194 0.000093
0 0.001009 0.001442 0.002018 0.000035
0 0.000998 0.001444 0.001997 0.000034
0 0.000973 0.001339 0.001946 0.000035
0 0.000989 0.001343 0.001978 0.000038
0 0.000956 0.001335 0.001912 0.000035
0 0.000941 0.001332 0.001881 0.000037
0 0.000935 0.001431 0.001870 0.000037
0 0.000919 0.001437 0.001838 0.000032
0 0.000921 0.001311 0.001841 0.000055
0 0.000898 0.001440 0.001796 0.000055
0 0.000880 0.001299 0.001760 0.000040
0 0.000860 0.001435 0.001720 0.000063
0 0.000846 0.001296 0.001692 0.000042
0 0.000814 0.001291 0.001628 0.000064
0 0.000751 0.001415 0.001503 0.000049
0 0.000744 0.001251 0.001488 0.000081
0 0.000707 0.001216 0.001413 0.000068
0 0.000657 0.001330 0.001314 0.000077
0 0.000175 0.001103 0.000350 0.000052
0 0.000151 0.001119 0.000301 0.000041
0 0.000123 0.001136 0.000246 0.000070
0 0.000113 0.001264 0.000227 0.000095
0 0.000112 0.001362 0.000225 0.000088
0 0.000127 0.000177 0.000255 0.000035