0 0.010322 0.001636 0.019535 0.000136
0 0.010787 0.000687 0.018606 0.000116
0 0.010761 0.000745 0.018657 0.000116
0 0.010590 0.001131 0.018999 0.000131
0 0.010638 0.001019 0.018903 0.000139
0 0.010651 0.000995 0.018877 0.000131
0 0.010187 0.001685 0.019804 0.000124
0 0.010182 0.001654 0.019815 0.000116
0 0.010311 0.001670 0.019556 0.000124
0 0.010478 0.000760 0.019222 0.000136
0 0.010399 0.001024 0.019380 0.000124
0 0.010386 0.001001 0.019406 0.000119
0 0.010355 0.000946 0.019468 0.000124
0 0.010340 0.000918 0.019499 0.000124
0 0.010209 0.000995 0.019760 0.000121
0 0.010195 0.000971 0.019789 0.000119
0 0.010251 0.000722 0.019678 0.000111
0 0.010252 0.000689 0.019675 0.000131
0 0.010266 0.000663 0.019646 0.000119
0 0.010301 0.000597 0.019577 0.000119
0 0.010322 0.000556 0.019535 0.000131
0 0.010750 0.000775 0.018678 0.000121
0 0.010771 0.000716 0.018637 0.000119
0 0.010336 0.001615 0.019507 0.000134
0 0.010737 0.000802 0.018704 0.000119
0 0.010350 0.001588 0.019478 0.000136
0 0.010364 0.001567 0.019450 0.000139
0 0.010380 0.001545 0.019419 0.000136
0 0.010442 0.001470 0.019294 0.000136
0 0.010459 0.001428 0.019261 0.000124
0 0.010467 0.001406 0.019245 0.000131
0 0.010515 0.001292 0.019149 0.000139
0 0.010539 0.001239 0.019100 0.000139
0 0.010555 0.001213 0.019069 0.000124
0 0.010534 0.001273 0.019110 0.000121
0 0.010561 0.001183 0.019056 0.000139
0 0.010583 0.001163 0.019012 0.000119
0 0.010605 0.001110 0.018968 0.000134
0 0.010614 0.001083 0.018950 0.000136
0 0.010679 0.000944 0.018820 0.000121
0 0.010692 0.000918 0.018795 0.000119
0 0.010700 0.000884 0.018779 0.000121
0 0.010711 0.000855 0.018756 0.000119
0 0.010723 0.000827 0.018732 0.000114
0 0.010109 0.000819 0.019960 0.000088