0 0.010917 0.001392 0.018345 0.000139
0 0.003904 0.000579 0.005584 0.000617
0 0.005192 0.001362 0.007474 0.000257
0 0.005174 0.001200 0.007509 0.000253
0 0.005070 0.001510 0.007717 0.000253
0 0.005054 0.001348 0.007748 0.000250
0 0.004871 0.001749 0.008114 0.000246
0 0.004853 0.001578 0.008151 0.000253
0 0.004837 0.001403 0.008182 0.000246
0 0.004783 0.001515 0.008292 0.000164
0 0.004750 0.001560 0.008358 0.000168
0 0.004714 0.001599 0.008428 0.000175
0 0.004680 0.001640 0.008497 0.000171
0 0.003390 0.000494 0.006614 0.000752