0 0.010825 0.001914 0.018530 0.000113
0 0.006051 0.002067 0.010220 0.000304
0 0.005047 0.000567 0.007763 0.000223
0 0.005018 0.000692 0.007820 0.000225
0 0.004993 0.000816 0.007872 0.000228
0 0.004963 0.000939 0.007931 0.000223
0 0.004936 0.001068 0.007986 0.000223
0 0.004909 0.001188 0.008039 0.000228
0 0.004880 0.001316 0.008096 0.000223
0 0.004852 0.001438 0.008154 0.000225
0 0.004824 0.001561 0.008209 0.000220
0 0.004797 0.001640 0.008264 0.000105
0 0.004851 0.001724 0.008156 0.000115
0 0.004835 0.001792 0.008187 0.000115
0 0.004822 0.001859 0.008213 0.000118
0 0.004806 0.001931 0.008244 0.000110
0 0.004783 0.001708 0.008292 0.000105
0 0.004768 0.001774 0.008321 0.000110
0 0.004753 0.001842 0.008351 0.000110
0 0.015072 0.001115 0.027892 0.000831
0 0.006047 0.001747 0.010228 0.000299
0 0.005996 0.001978 0.010329 0.000293
0 0.006100 0.001835 0.010122 0.000312
0 0.005076 0.000443 0.007706 0.000225