0 0.012235 0.000563 0.020172 0.000059
0 0.011354 0.001904 0.021934 0.000057
0 0.011257 0.001402 0.022130 0.000052
0 0.011257 0.001512 0.022130 0.000059
0 0.011338 0.001302 0.021967 0.000057
0 0.011343 0.001380 0.021956 0.000052
0 0.011342 0.001466 0.021960 0.000048
0 0.011347 0.001533 0.021949 0.000052
0 0.011349 0.001591 0.021945 0.000055
0 0.011349 0.001660 0.021945 0.000059
0 0.011349 0.001750 0.021945 0.000069
0 0.011320 0.001810 0.022003 0.000069
0 0.011352 0.001825 0.021938 0.000052
0 0.011356 0.002008 0.021931 0.000052
0 0.011253 0.001252 0.022137 0.000052
0 0.012201 0.001668 0.020241 0.000029
0 0.012197 0.001611 0.020248 0.000033
0 0.012199 0.001473 0.020245 0.000024
0 0.012203 0.001417 0.020238 0.000026
0 0.012199 0.001365 0.020245 0.000026
0 0.012154 0.001365 0.020335 0.000026
0 0.012197 0.001311 0.020248 0.000029
0 0.012194 0.001284 0.020256 0.000031
0 0.012190 0.001258 0.020263 0.000026
0 0.012147 0.001311 0.020350 0.000038
0 0.012145 0.001261 0.020353 0.000029
0 0.011255 0.001333 0.022133 0.000052
0 0.011249 0.001180 0.022144 0.000067
0 0.012174 0.000658 0.020295 0.000026
0 0.011258 0.000481 0.022126 0.000052
0 0.004743 0.000757 0.008371 0.000124
0 0.004748 0.000911 0.008361 0.000124
0 0.005014 0.000597 0.007829 0.000129
0 0.005018 0.000744 0.007822 0.000126
0 0.005025 0.000897 0.007807 0.000124
0 0.005063 0.001449 0.007731 0.000124
0 0.005067 0.001618 0.007724 0.000124
0 0.004786 0.001462 0.008285 0.000126
0 0.004790 0.001646 0.008277 0.000121
0 0.004792 0.001795 0.008274 0.000121
0 0.005070 0.001786 0.007717 0.000121
0 0.011327 0.000803 0.021989 0.000055
0 0.011246 0.001101 0.022151 0.000050
0 0.011327 0.000860 0.021989 0.000059
0 0.011329 0.000929 0.021985 0.000045
0 0.011329 0.000986 0.021985 0.000040
0 0.011331 0.001065 0.021981 0.000064
0 0.011340 0.001173 0.021963 0.000052
0 0.011340 0.001239 0.021963 0.000059
0 0.011237 0.000773 0.022169 0.000052
0 0.011238 0.000840 0.022166 0.000052
0 0.011244 0.000910 0.022155 0.000059
0 0.011246 0.000970 0.022151 0.000045
0 0.011246 0.001035 0.022151 0.000057
0 0.012183 0.001231 0.020277 0.000031
0 0.012143 0.001236 0.020357 0.000021
0 0.012051 0.001403 0.020542 0.000026
0 0.012181 0.000903 0.020281 0.000021
0 0.012043 0.001041 0.020556 0.000026
0 0.012040 0.001068 0.020563 0.000029
0 0.012045 0.001099 0.020552 0.000029
0 0.012190 0.001010 0.020263 0.000026
0 0.012145 0.001009 0.020353 0.000029
0 0.012188 0.000984 0.020267 0.000026
0 0.012145 0.000984 0.020353 0.000026
0 0.012145 0.000955 0.020353 0.000026
0 0.012147 0.000930 0.020350 0.000024
0 0.012190 0.000954 0.020263 0.000029
0 0.012188 0.000929 0.020267 0.000026
0 0.012185 0.000876 0.020274 0.000029
0 0.012045 0.001367 0.020552 0.000021
0 0.012143 0.000877 0.020357 0.000026
0 0.012186 0.000850 0.020270 0.000029
0 0.012181 0.000822 0.020281 0.000026
0 0.012132 0.000820 0.020379 0.000031
0 0.012139 0.000769 0.020364 0.000024
0 0.012179 0.000766 0.020285 0.000024
0 0.012141 0.000737 0.020361 0.000026
0 0.012134 0.000709 0.020375 0.000024
0 0.012181 0.000735 0.020281 0.000024
0 0.012175 0.000712 0.020292 0.000029
0 0.012174 0.000684 0.020295 0.000021
0 0.012045 0.001017 0.020552 0.000026
0 0.012042 0.000964 0.020560 0.000029
0 0.012040 0.000880 0.020563 0.000029
0 0.012038 0.000853 0.020567 0.000031
0 0.012045 0.001292 0.020552 0.000024
0 0.012042 0.001237 0.020560 0.000029
0 0.012040 0.001180 0.020563 0.000033
0 0.012045 0.001124 0.020552 0.000026
0 0.012190 0.001204 0.020263 0.000029
0 0.012148 0.001209 0.020346 0.000024
0 0.012190 0.001152 0.020263 0.000029
0 0.012186 0.001121 0.020270 0.000029
0 0.012143 0.001180 0.020357 0.000033
0 0.012145 0.001124 0.020353 0.000031
0 0.012143 0.001152 0.020357 0.000033
0 0.012188 0.001092 0.020267 0.000029
0 0.012143 0.001093 0.020357 0.000031
0 0.012143 0.001068 0.020357 0.000029
0 0.012186 0.001066 0.020270 0.000029
0 0.012190 0.001038 0.020263 0.000029
0 0.012143 0.001039 0.020357 0.000031
0 0.012034 0.000688 0.020574 0.000029
0 0.012033 0.000719 0.020578 0.000029
0 0.012036 0.000745 0.020570 0.000029
0 0.012038 0.000773 0.020567 0.000033
0 0.012036 0.000796 0.020570 0.000031
0 0.012043 0.000826 0.020556 0.000029
0 0.004739 0.000612 0.008379 0.000124