0 0.011944 0.001668 0.020754 0.000133
0 0.010504 0.000713 0.019171 0.000216
0 0.010433 0.001688 0.019312 0.000195
0 0.010458 0.001634 0.019263 0.000200
0 0.010484 0.001588 0.019211 0.000190
0 0.010500 0.001521 0.019179 0.000169
0 0.010526 0.001491 0.019126 0.000180
0 0.010887 0.000811 0.018405 0.000205
0 0.010619 0.000485 0.018941 0.000210
0 0.010595 0.000534 0.018989 0.000216
0 0.010530 0.000665 0.019118 0.000210
0 0.010480 0.000752 0.019219 0.000221
0 0.011892 0.001693 0.020859 0.000144
0 0.010456 0.000798 0.019267 0.000221
0 0.010433 0.000854 0.019312 0.000231
0 0.010383 0.000939 0.019412 0.000216
0 0.010347 0.001060 0.019485 0.000210
0 0.010319 0.001103 0.019541 0.000216
0 0.010294 0.001149 0.019590 0.000216
0 0.010272 0.001190 0.019634 0.000216
0 0.010222 0.001278 0.019735 0.000226
0 0.010196 0.001321 0.019787 0.000241
0 0.010409 0.001732 0.019360 0.000221
0 0.010385 0.001783 0.019408 0.000221
0 0.010363 0.001827 0.019453 0.000226
0 0.010339 0.001870 0.019501 0.000221
0 0.011846 0.001775 0.020952 0.000144
0 0.011795 0.001876 0.021052 0.000159
0 0.011805 0.001565 0.021032 0.000185
0 0.011735 0.001727 0.021173 0.000139
0 0.011672 0.001832 0.021298 0.000154
0 0.011564 0.002053 0.021516 0.000123
0 0.011817 0.001475 0.021008 0.000139
0 0.011777 0.001560 0.021089 0.000123
0 0.011725 0.001383 0.021193 0.000128
0 0.011815 0.001224 0.021012 0.000118
0 0.011985 0.000877 0.020674 0.000133
0 0.011278 0.000652 0.022088 0.000113
0 0.011241 0.000703 0.022160 0.000113
0 0.011229 0.000734 0.022184 0.000123
0 0.011179 0.000836 0.022285 0.000113
0 0.010198 0.002142 0.019783 0.000180
0 0.010232 0.002106 0.019715 0.000159
0 0.010292 0.001960 0.019594 0.000216
0 0.010317 0.001914 0.019545 0.000216
0 0.010174 0.001365 0.019831 0.000236