0 0.010868 0.001573 0.018442 0.000019
0 0.010918 0.000361 0.018343 0.000019
0 0.001627 0.000570 0.001210 0.000021
0 0.001576 0.000115 0.001313 0.000016
0 0.001482 0.000159 0.001500 0.000013
0 0.001322 0.000065 0.001820 0.000026
0 0.001619 0.000227 0.001227 0.000015
0 0.001473 0.000231 0.001518 0.000011
0 0.001543 0.000224 0.001379 0.000021
0 0.001676 0.000539 0.001112 0.000011
0 0.001669 0.000549 0.001126 0.000009
0 0.001682 0.000822 0.001100 0.000019
0 0.010892 0.000402 0.018395 0.000014
0 0.010891 0.000362 0.018397 0.000016
0 0.010872 0.000330 0.018434 0.000006
0 0.010870 0.000321 0.018438 0.000008
0 0.010918 0.000391 0.018343 0.000015
0 0.010885 0.001420 0.018409 0.000015
0 0.010922 0.000319 0.018335 0.000013
0 0.012082 0.000329 0.020479 0.000006
0 0.012078 0.000460 0.020487 0.000013
0 0.001301 0.000274 0.001863 0.000104
0 0.002964 0.001265 0.003001 0.000041
0 0.002948 0.001305 0.003032 0.000040
0 0.002984 0.001334 0.002960 0.000024
0 0.003011 0.001348 0.002907 0.000023
0 0.003007 0.001277 0.002915 0.000033
0 0.003019 0.001324 0.002891 0.000031
0 0.003032 0.001291 0.002864 0.000031
0 0.007923 0.000419 0.015403 0.000237
0 0.008582 0.000116 0.014086 0.000227
0 0.003104 0.001174 0.002720 0.000036
0 0.001566 0.000814 0.001331 0.000031