0 0.011980 0.001116 0.020683 0.000041
0 0.011730 0.000836 0.021182 0.000050
0 0.011722 0.000857 0.021199 0.000055
0 0.010559 0.000850 0.019060 0.000050
0 0.010491 0.000770 0.019197 0.000055
0 0.011498 0.000470 0.021647 0.000050
0 0.011187 0.000163 0.022269 0.000050
0 0.011168 0.000337 0.022307 0.000060
0 0.011234 0.000424 0.022176 0.000041
0 0.010128 0.000472 0.019922 0.000064
0 0.009812 0.001178 0.016090 0.000211
0 0.009811 0.000988 0.016092 0.000215
0 0.010665 0.000958 0.018849 0.000073
0 0.010411 0.000699 0.019356 0.000060
0 0.010223 0.000539 0.019732 0.000078