0 0.016010 0.002188 0.030479 0.000019
0 0.010804 0.001164 0.018571 0.000012
0 0.010248 0.000378 0.019683 0.000026
0 0.010070 0.000177 0.020039 0.000014
0 0.011084 0.001972 0.018011 0.000034
0 0.010806 0.001776 0.018566 0.000015
0 0.010659 0.001285 0.018861 0.000025
0 0.010872 0.001310 0.018435 0.000030
0 0.010879 0.001261 0.018421 0.000021
0 0.010834 0.001229 0.018510 0.000015
0 0.010815 0.001249 0.018549 0.000032
0 0.010801 0.001216 0.018577 0.000027
0 0.010776 0.001167 0.018627 0.000027
0 0.010797 0.001131 0.018585 0.000009
0 0.016355 0.000516 0.029790 0.000027
0 0.010815 0.001200 0.018549 0.000018
0 0.010834 0.001220 0.018512 0.000010
0 0.010807 0.001694 0.018565 0.000035
0 0.010827 0.001816 0.018524 0.000014
0 0.010863 0.001778 0.018453 0.000022
0 0.009028 0.000338 0.017658 0.000200
0 0.009034 0.000584 0.017646 0.000220
0 0.009089 0.001426 0.017536 0.000013
0 0.003672 0.000394 0.006050 0.000048
0 0.005174 0.000419 0.007510 0.000027
0 0.005168 0.000439 0.007522 0.000027
0 0.010270 0.000671 0.019638 0.000029