0 0.014041 0.000743 0.025490 0.000056
0 0.005036 0.000811 0.007786 0.000054
0 0.005047 0.000901 0.007763 0.000054
0 0.005036 0.000953 0.007786 0.000056
0 0.005014 0.001022 0.007829 0.000051
0 0.005004 0.001076 0.007850 0.000053
0 0.004942 0.001040 0.007974 0.000053
0 0.004931 0.000901 0.007994 0.000054
0 0.004973 0.000778 0.007912 0.000051
0 0.015866 0.000639 0.030768 0.000220
0 0.008951 0.001862 0.017812 0.000040
0 0.008984 0.001606 0.017746 0.000072
0 0.009028 0.001737 0.017659 0.000025
0 0.009048 0.001694 0.017617 0.000049