0 0.003577 0.001603 0.006239 0.000298
0 0.003776 0.001351 0.005840 0.000199
0 0.004509 0.000403 0.008840 0.000065
0 0.004510 0.000490 0.008838 0.000062
0 0.004511 0.000609 0.008834 0.000064
0 0.004513 0.000696 0.008831 0.000062
0 0.004514 0.000785 0.008830 0.000064
0 0.004596 0.000200 0.008664 0.000062
0 0.004598 0.000287 0.008661 0.000067
0 0.004598 0.000374 0.008661 0.000067
0 0.004600 0.000493 0.008656 0.000065
0 0.004601 0.000580 0.008655 0.000067
0 0.004602 0.000669 0.008653 0.000065
0 0.004703 0.000352 0.008451 0.000064
0 0.015320 0.001201 0.027395 0.000380
0 0.015333 0.001679 0.027369 0.000319
0 0.007543 0.001323 0.011700 0.000882
0 0.015310 0.000665 0.027417 0.000374
0 0.014839 0.000367 0.028358 0.000547
0 0.013427 0.000943 0.026717 0.000100
0 0.014087 0.001540 0.025397 0.000096
0 0.014078 0.000959 0.025416 0.000096
0 0.003526 0.001102 0.006342 0.000205
0 0.004508 0.000315 0.008841 0.000062