0 0.011253 0.001522 0.022138 0.000044
0 0.011237 0.001670 0.022169 0.000021
0 0.010311 0.000647 0.019556 0.000064
0 0.010793 0.000937 0.018592 0.000078
0 0.000319 0.001739 0.000638 0.000164
0 0.000453 0.002012 0.000906 0.000189
0 0.000415 0.000719 0.000830 0.000185
0 0.000519 0.000778 0.001037 0.000180
0 0.000474 0.001110 0.000948 0.000139
0 0.000569 0.001159 0.001137 0.000130
0 0.000563 0.000444 0.001127 0.000176
0 0.000664 0.000494 0.001329 0.000178
0 0.000792 0.000562 0.001584 0.000213
0 0.011300 0.001679 0.022043 0.000028
0 0.011234 0.001707 0.022174 0.000021
0 0.011220 0.001643 0.022203 0.000039
0 0.011300 0.001804 0.022043 0.000020
0 0.011205 0.001644 0.022232 0.000041
0 0.011190 0.001639 0.022264 0.000044
0 0.011205 0.001773 0.022232 0.000043
0 0.011190 0.001767 0.022264 0.000037
0 0.011178 0.001764 0.022287 0.000046
0 0.011207 0.001858 0.022230 0.000044
0 0.011178 0.001326 0.022287 0.000052
0 0.011194 0.001853 0.022256 0.000036
0 0.011237 0.001747 0.022169 0.000021
0 0.011301 0.001717 0.022040 0.000020
0 0.011299 0.001735 0.022046 0.000027
0 0.011303 0.001823 0.022038 0.000021
0 0.011299 0.001841 0.022046 0.000028
0 0.010282 0.000751 0.019614 0.000082