0 0.000329 0.001243 0.000657 0.000023
0 0.010633 0.001505 0.018914 0.000018
0 0.012639 0.001554 0.023828 0.000015
0 0.000415 0.001903 0.000830 0.000023
0 0.000437 0.001361 0.000874 0.000016
0 0.000472 0.001357 0.000943 0.000017
0 0.000478 0.001335 0.000957 0.000015
0 0.000448 0.001398 0.000896 0.000018
0 0.012750 0.001410 0.023608 0.000012
0 0.000513 0.001463 0.001026 0.000021
0 0.000518 0.001484 0.001037 0.000025
0 0.000519 0.001505 0.001038 0.000019
0 0.000524 0.001530 0.001049 0.000021
0 0.010650 0.001504 0.018879 0.000017
0 0.000342 0.001311 0.000683 0.000025
0 0.000522 0.001562 0.001044 0.000016
0 0.000554 0.001559 0.001108 0.000019
0 0.000586 0.001554 0.001171 0.000017
0 0.000618 0.001550 0.001236 0.000018
0 0.000536 0.001706 0.001071 0.000046
0 0.000573 0.001812 0.001146 0.000023
0 0.000499 0.001819 0.000997 0.000024
0 0.000481 0.001836 0.000963 0.000025
0 0.000493 0.001864 0.000985 0.000025
0 0.000495 0.001888 0.000990 0.000024
0 0.000502 0.001911 0.001005 0.000024
0 0.012631 0.001498 0.023845 0.000017
0 0.000336 0.001288 0.000673 0.000023
0 0.000311 0.001257 0.000623 0.000024
0 0.000253 0.000983 0.000506 0.000024
0 0.000196 0.000684 0.000393 0.000028
0 0.000215 0.000675 0.000431 0.000021
0 0.000206 0.000728 0.000411 0.000030
0 0.000221 0.000763 0.000441 0.000024
0 0.000240 0.000831 0.000479 0.000027
0 0.000242 0.000857 0.000484 0.000023
0 0.000233 0.000915 0.000465 0.000023
0 0.000252 0.000901 0.000505 0.000024
0 0.000262 0.000947 0.000524 0.000022
0 0.000245 0.000961 0.000490 0.000023
0 0.000271 0.000970 0.000543 0.000025
0 0.000258 0.001005 0.000517 0.000024
0 0.000324 0.001219 0.000648 0.000026
0 0.000260 0.001031 0.000520 0.000024
0 0.000277 0.001016 0.000553 0.000021
0 0.000275 0.000993 0.000550 0.000020
0 0.000314 0.000801 0.000629 0.000028
0 0.000322 0.000852 0.000644 0.000025
0 0.000342 0.000950 0.000683 0.000022
0 0.000351 0.000975 0.000701 0.000025
0 0.000354 0.001000 0.000709 0.000025
0 0.000476 0.001188 0.000952 0.000059
0 0.000499 0.001138 0.000999 0.000028
0 0.000298 0.001210 0.000597 0.000025
0 0.000662 0.001865 0.001324 0.000030
0 0.000647 0.001889 0.001294 0.000031
0 0.000672 0.001915 0.001344 0.000040
0 0.000962 0.000390 0.001924 0.000024
0 0.000669 0.000200 0.001337 0.000026
0 0.000645 0.000222 0.001289 0.000025
0 0.000718 0.000274 0.001436 0.000044
0 0.000669 0.000286 0.001337 0.000043
0 0.000575 0.000310 0.001150 0.000019
0 0.000608 0.000309 0.001215 0.000018
0 0.000773 0.000381 0.001546 0.000017
0 0.000886 0.000387 0.001771 0.000023
0 0.000929 0.000386 0.001859 0.000022
0 0.000952 0.000056 0.001904 0.000022
0 0.000594 0.000381 0.001188 0.000017
0 0.000205 0.000706 0.000410 0.000027
0 0.000711 0.001933 0.001422 0.000043
0 0.000200 0.000754 0.000400 0.000024
0 0.000205 0.000777 0.000410 0.000024
0 0.000370 0.001427 0.000741 0.000025
0 0.000345 0.001416 0.000691 0.000022
0 0.000360 0.001403 0.000721 0.000022
0 0.000355 0.001380 0.000710 0.000023
0 0.000334 0.001371 0.000668 0.000022
0 0.000353 0.001357 0.000706 0.000022
0 0.000331 0.001348 0.000662 0.000019
0 0.000345 0.001334 0.000691 0.000024
0 0.000321 0.001302 0.000642 0.000022
0 0.000701 0.000183 0.001402 0.000018
0 0.000741 0.000178 0.001483 0.000014
0 0.000828 0.000171 0.001656 0.000015
0 0.000877 0.000175 0.001753 0.000026
0 0.000746 0.001954 0.001492 0.000040
0 0.000785 0.001974 0.001570 0.000044
0 0.000849 0.002004 0.001699 0.000044
0 0.000934 0.002053 0.001868 0.000032
0 0.001029 0.002092 0.002058 0.000054
0 0.000759 0.001613 0.001517 0.000048
0 0.000788 0.001500 0.001576 0.000015
0 0.000813 0.001497 0.001626 0.000018
0 0.000837 0.001499 0.001674 0.000016
0 0.000863 0.001494 0.001726 0.000018
0 0.000891 0.001498 0.001782 0.000015
0 0.000918 0.001497 0.001836 0.000018
0 0.000905 0.001449 0.001811 0.000023
0 0.000882 0.001268 0.001764 0.000025
0 0.000994 0.001499 0.001989 0.000015
0 0.000797 0.000824 0.001594 0.000022
0 0.000997 0.000056 0.001993 0.000021
0 0.000970 0.000090 0.001940 0.000028
0 0.001002 0.000144 0.002004 0.000020
0 0.000897 0.000070 0.001794 0.000025
0 0.000898 0.000098 0.001797 0.000026
0 0.000896 0.000126 0.001792 0.000024
0 0.000896 0.000153 0.001792 0.000025
0 0.000199 0.000664 0.000397 0.000022