0 0.016661 0.001084 0.029177 0.000019
0 0.016503 0.001018 0.029493 0.000026
0 0.016490 0.000287 0.029520 0.000058
0 0.016631 0.000395 0.029238 0.000023
0 0.016628 0.000725 0.029243 0.000040
0 0.016391 0.000418 0.029719 0.000038
0 0.016330 0.000437 0.029840 0.000034
0 0.016549 0.001094 0.029401 0.000021
0 0.016083 0.001131 0.030334 0.000050
0 0.015738 0.001564 0.031023 0.000024
0 0.015695 0.001754 0.031110 0.000019
0 0.013821 0.001944 0.025930 0.000188
0 0.015718 0.002136 0.031064 0.000044
0 0.004701 0.000716 0.008455 0.000025
0 0.004738 0.000849 0.008381 0.000025
0 0.004738 0.000888 0.008381 0.000026
0 0.004801 0.000794 0.008254 0.000025
0 0.004800 0.000754 0.008257 0.000023
0 0.004800 0.000674 0.008257 0.000026
0 0.015674 0.001784 0.031151 0.000016
0 0.016559 0.000819 0.029381 0.000026
0 0.015802 0.000808 0.030896 0.000020