0 0.000550 0.001468 0.001099 0.000025
0 0.000478 0.001015 0.000955 0.000024
0 0.000397 0.000625 0.000794 0.000029
0 0.000342 0.000655 0.000684 0.000027
0 0.000289 0.000648 0.000577 0.000019
0 0.013716 0.000534 0.026140 0.000024
0 0.001001 0.000456 0.002001 0.000026
0 0.000991 0.000477 0.001981 0.000020
0 0.000997 0.000697 0.001993 0.000026
0 0.000943 0.000578 0.001886 0.000028
0 0.000900 0.000622 0.001800 0.000028
0 0.000870 0.000645 0.001740 0.000028
0 0.000856 0.000658 0.001711 0.000024
0 0.000838 0.000596 0.001677 0.000024
0 0.000854 0.000589 0.001708 0.000022
0 0.000871 0.000576 0.001742 0.000022
0 0.000887 0.000567 0.001773 0.000019
0 0.000327 0.000823 0.000655 0.000040
0 0.000346 0.000848 0.000693 0.000047
0 0.000363 0.000877 0.000726 0.000042
0 0.000244 0.001338 0.000488 0.000024
0 0.000432 0.001016 0.000863 0.000024
0 0.000447 0.001062 0.000894 0.000025
0 0.000454 0.001088 0.000909 0.000030
0 0.000491 0.001061 0.000982 0.000028
0 0.000445 0.000583 0.000891 0.000024
0 0.000465 0.000570 0.000931 0.000024
0 0.010614 0.000725 0.018950 0.000012
0 0.000627 0.000824 0.001254 0.000025
0 0.000130 0.000159 0.000261 0.000030
0 0.000164 0.000218 0.000328 0.000038
0 0.000158 0.000312 0.000317 0.000037
0 0.000175 0.000293 0.000350 0.000046
0 0.000718 0.000659 0.001435 0.000078
0 0.000675 0.000700 0.001350 0.000024
0 0.000693 0.000689 0.001386 0.000025
0 0.000713 0.000766 0.001426 0.000024
0 0.000694 0.000777 0.001388 0.000025
0 0.000678 0.000789 0.001355 0.000022
0 0.000610 0.000835 0.001220 0.000025
0 0.010609 0.000715 0.018960 0.000012
0 0.000594 0.000847 0.001188 0.000026
0 0.000575 0.000858 0.001150 0.000021
0 0.000558 0.000871 0.001116 0.000026
0 0.000524 0.000893 0.001048 0.000025
0 0.000507 0.000903 0.001014 0.000025
0 0.000518 0.000800 0.001036 0.000038
0 0.000555 0.000752 0.001110 0.000030
0 0.000498 0.000753 0.000995 0.000035
0 0.000443 0.000727 0.000886 0.000038
0 0.010602 0.000705 0.018974 0.000015
0 0.000470 0.000993 0.000941 0.000026
0 0.000736 0.000969 0.001473 0.000027
0 0.000536 0.001423 0.001072 0.000026
0 0.000747 0.000990 0.001495 0.000027
0 0.000650 0.001726 0.001301 0.000063
0 0.000666 0.001769 0.001331 0.000063
0 0.000727 0.001866 0.001455 0.000042
0 0.000760 0.001849 0.001520 0.000070
0 0.000827 0.001910 0.001655 0.000027
0 0.000735 0.002105 0.001469 0.000025
0 0.000749 0.002094 0.001498 0.000027
0 0.000765 0.002084 0.001530 0.000025
0 0.000782 0.002074 0.001565 0.000024
0 0.000796 0.002064 0.001593 0.000020
0 0.000813 0.002054 0.001626 0.000026
0 0.000830 0.002043 0.001660 0.000022
0 0.000847 0.002031 0.001693 0.000023
0 0.000854 0.002007 0.001709 0.000022
0 0.000942 0.001560 0.001884 0.000024
0 0.000917 0.001647 0.001834 0.000025
0 0.000903 0.001642 0.001805 0.000024
0 0.000920 0.001627 0.001840 0.000025
0 0.000328 0.001642 0.000656 0.000024
0 0.000982 0.000495 0.001963 0.000024
0 0.000974 0.000517 0.001948 0.000021
0 0.000677 0.000652 0.001355 0.000021
0 0.000528 0.001400 0.001057 0.000024
0 0.000736 0.001769 0.001471 0.000030
0 0.000693 0.001620 0.001385 0.000035
0 0.000698 0.001602 0.001396 0.000026
0 0.000566 0.001492 0.001133 0.000043
0 0.000720 0.001094 0.001439 0.000034
0 0.000730 0.001124 0.001460 0.000023
0 0.000719 0.001140 0.001438 0.000019
0 0.000709 0.001157 0.001419 0.000031
0 0.000736 0.001155 0.001473 0.000034
0 0.000735 0.001176 0.001469 0.000042
0 0.000662 0.001242 0.001323 0.000051
0 0.000510 0.001280 0.001021 0.000041
0 0.000794 0.001402 0.001587 0.000026
0 0.000566 0.001375 0.001133 0.000039
0 0.000579 0.001520 0.001159 0.000040
0 0.000703 0.001535 0.001406 0.000037
0 0.010634 0.001593 0.018910 0.000015
0 0.010639 0.001610 0.018901 0.000014
0 0.010637 0.001601 0.018904 0.000013
0 0.010643 0.001618 0.018893 0.000014
0 0.000645 0.001464 0.001290 0.000042
0 0.000648 0.001467 0.001297 0.000026
0 0.000668 0.001445 0.001336 0.000039
0 0.000649 0.001543 0.001297 0.000038
0 0.000682 0.001548 0.001363 0.000043
0 0.000671 0.001523 0.001343 0.000025
0 0.000107 0.000173 0.000213 0.000033