0 0.012111 0.000091 0.020420 0.000043
0 0.012087 0.000071 0.020470 0.000039
0 0.000768 0.001549 0.001536 0.000082
0 0.000795 0.001457 0.001591 0.000080
0 0.000825 0.001361 0.001650 0.000080
0 0.000851 0.001272 0.001702 0.000084
0 0.000878 0.001181 0.001756 0.000094
0 0.000908 0.001092 0.001816 0.000087
0 0.000935 0.000999 0.001870 0.000089
0 0.000989 0.000816 0.001979 0.000087
0 0.000985 0.000650 0.001971 0.000085
0 0.000826 0.000732 0.001653 0.000084
0 0.000746 0.001354 0.001492 0.000069
0 0.000651 0.001314 0.001301 0.000082
0 0.000599 0.001479 0.001198 0.000082
0 0.000551 0.001645 0.001102 0.000082
0 0.000447 0.001479 0.000895 0.000082
0 0.000507 0.001278 0.001014 0.000082
0 0.000532 0.001191 0.001063 0.000082
0 0.000557 0.001108 0.001115 0.000077
0 0.000605 0.000943 0.001210 0.000080
0 0.000644 0.000815 0.001288 0.000078
0 0.000457 0.000757 0.000913 0.000071
0 0.000479 0.000672 0.000957 0.000077
0 0.000511 0.000593 0.001022 0.000093
0 0.000533 0.000510 0.001066 0.000084
0 0.000354 0.000396 0.000709 0.000077
0 0.000288 0.000365 0.000577 0.000071
0 0.000173 0.000297 0.000347 0.000075
0 0.000742 0.001634 0.001485 0.000082
0 0.000719 0.001728 0.001438 0.000085
0 0.001064 0.001896 0.002129 0.000071
0 0.011878 0.000351 0.020886 0.000039
0 0.012141 0.000196 0.020361 0.000046
0 0.012115 0.000185 0.020413 0.000043
0 0.012118 0.000229 0.020407 0.000037
0 0.012106 0.000222 0.020431 0.000037
0 0.011026 0.000535 0.018126 0.000034
0 0.012106 0.000318 0.020431 0.000048
0 0.012079 0.000206 0.020485 0.000050
0 0.012049 0.000051 0.020545 0.000041
0 0.010884 0.000141 0.018411 0.000057
0 0.011960 0.000239 0.020723 0.000039
0 0.011921 0.000369 0.020801 0.000037
0 0.011894 0.000354 0.020855 0.000036
0 0.011868 0.000278 0.020907 0.000036
0 0.010311 0.000588 0.019556 0.000048
0 0.011875 0.000260 0.020894 0.000028
0 0.011878 0.000240 0.020886 0.000028
0 0.011888 0.000215 0.020868 0.000036
0 0.011895 0.000194 0.020852 0.000028
0 0.011906 0.000151 0.020832 0.000025
0 0.011908 0.000134 0.020826 0.000027
0 0.011900 0.000100 0.020842 0.000036
0 0.011884 0.000093 0.020876 0.000043
0 0.011831 0.000062 0.020982 0.000032
0 0.011816 0.000060 0.021010 0.000037
0 0.011802 0.000050 0.021039 0.000032
0 0.010318 0.000546 0.019544 0.000041
0 0.000041 0.000231 0.000083 0.000055