0 0.012064 0.000568 0.020515 0.000031
0 0.000844 0.000797 0.001689 0.000104
0 0.000122 0.001611 0.000243 0.000089
0 0.000184 0.001606 0.000367 0.000086
0 0.000230 0.001589 0.000461 0.000107
0 0.000212 0.001298 0.000424 0.000104
0 0.000331 0.001420 0.000661 0.000092
0 0.000360 0.001414 0.000721 0.000098
0 0.000344 0.001330 0.000688 0.000082
0 0.000371 0.001331 0.000743 0.000061
0 0.000385 0.001412 0.000770 0.000064
0 0.000523 0.001350 0.001046 0.000214
0 0.000705 0.001370 0.001410 0.000119
0 0.000779 0.001287 0.001557 0.000119
0 0.000757 0.001365 0.001514 0.000128
0 0.000779 0.001457 0.001557 0.000122
0 0.000847 0.001110 0.001694 0.000095
0 0.012063 0.000628 0.020517 0.000034
0 0.000869 0.001296 0.001739 0.000168
0 0.000885 0.001435 0.001770 0.000122
0 0.000895 0.001257 0.001790 0.000131
0 0.000948 0.001345 0.001897 0.000119
0 0.000992 0.001270 0.001984 0.000098
0 0.012045 0.000826 0.020554 0.000058
0 0.012049 0.000756 0.020545 0.000058
0 0.012049 0.000721 0.020544 0.000067
0 0.012018 0.000719 0.020606 0.000034
0 0.012018 0.000690 0.020607 0.000031
0 0.012017 0.000655 0.020608 0.000034
0 0.012017 0.000620 0.020608 0.000037
0 0.012065 0.000821 0.020512 0.000037
0 0.012065 0.000759 0.020512 0.000040
0 0.000090 0.001311 0.000180 0.000076