0 0.000443 0.001757 0.000887 0.000018
0 0.000512 0.000855 0.001025 0.000018
0 0.000594 0.000790 0.001189 0.000020
0 0.000615 0.000801 0.001229 0.000024
0 0.000613 0.000822 0.001226 0.000022
0 0.000581 0.000845 0.001163 0.000033
0 0.000691 0.000896 0.001382 0.000043
0 0.000698 0.000929 0.001397 0.000014
0 0.000522 0.000826 0.001043 0.000040
0 0.000613 0.000760 0.001226 0.000022
0 0.000515 0.000802 0.001031 0.000023
0 0.000525 0.000778 0.001051 0.000026
0 0.000522 0.000748 0.001043 0.000022
0 0.000522 0.000727 0.001043 0.000020
0 0.000406 0.000786 0.000812 0.000032
0 0.000444 0.000760 0.000889 0.000056
0 0.000612 0.000780 0.001224 0.000020
0 0.000664 0.000794 0.001329 0.000028
0 0.000613 0.000739 0.001226 0.000019
0 0.000398 0.001075 0.000797 0.000014
0 0.000392 0.001224 0.000784 0.000020
0 0.000393 0.001202 0.000786 0.000020
0 0.000391 0.001181 0.000782 0.000017
0 0.000397 0.001138 0.000793 0.000018
0 0.000397 0.001118 0.000793 0.000019
0 0.000397 0.001097 0.000795 0.000019
0 0.000400 0.001036 0.000800 0.000018
0 0.000658 0.000822 0.001316 0.000033
0 0.000401 0.001006 0.000802 0.000019
0 0.000405 0.000975 0.000810 0.000022
0 0.000492 0.001037 0.000984 0.000020
0 0.000491 0.000995 0.000983 0.000018
0 0.000986 0.000946 0.001973 0.000013
0 0.000685 0.000854 0.001369 0.000027
0 0.000423 0.000729 0.000846 0.000024
0 0.000612 0.000718 0.001224 0.000019
0 0.000443 0.001736 0.000887 0.000019
0 0.000706 0.000088 0.001411 0.000025
0 0.000537 0.000454 0.001075 0.000018
0 0.000495 0.000453 0.000990 0.000013
0 0.000592 0.000417 0.001183 0.000019
0 0.000543 0.000413 0.001086 0.000016
0 0.000501 0.000416 0.001003 0.000014
0 0.000456 0.000413 0.000913 0.000018
0 0.000611 0.000218 0.001222 0.000021
0 0.000619 0.000457 0.001238 0.000014
0 0.000616 0.000160 0.001233 0.000020
0 0.000610 0.000146 0.001220 0.000019
0 0.000520 0.000172 0.001040 0.000020
0 0.000530 0.000129 0.001060 0.000017
0 0.000438 0.000185 0.000876 0.000017
0 0.000433 0.000172 0.000867 0.000018
0 0.000577 0.000456 0.001154 0.000013
0 0.000535 0.000497 0.001069 0.000016
0 0.000615 0.000698 0.001229 0.000014
0 0.000624 0.000621 0.001248 0.000012
0 0.000616 0.000678 0.001233 0.000020
0 0.000698 0.000706 0.001397 0.000025
0 0.000752 0.000685 0.001503 0.000035
0 0.000520 0.000684 0.001040 0.000016
0 0.000525 0.000663 0.001051 0.000019
0 0.000583 0.000614 0.001167 0.000030
0 0.000605 0.000581 0.001211 0.000012
0 0.000577 0.000496 0.001154 0.000015
0 0.000569 0.000579 0.001137 0.000014
0 0.000524 0.000579 0.001047 0.000012
0 0.000612 0.000539 0.001224 0.000013
0 0.000574 0.000537 0.001148 0.000015
0 0.000443 0.000488 0.000885 0.000026
0 0.000618 0.000497 0.001237 0.000014
0 0.000388 0.001272 0.000777 0.000020
0 0.000383 0.001304 0.000766 0.000020
0 0.000491 0.001078 0.000983 0.000020
0 0.000432 0.000705 0.000863 0.000022
0 0.000521 0.000878 0.001042 0.000024
0 0.000421 0.000851 0.000843 0.000021
0 0.000416 0.000837 0.000832 0.000025
0 0.000520 0.000706 0.001040 0.000020
0 0.000493 0.000619 0.000986 0.000014
0 0.000431 0.000686 0.000861 0.000020
0 0.000662 0.000623 0.001323 0.000011
0 0.000497 0.000975 0.000994 0.000019
0 0.000666 0.000581 0.001332 0.000015
0 0.000533 0.000538 0.001065 0.000016
0 0.000492 0.000538 0.000984 0.000015
0 0.000727 0.000122 0.001454 0.000019
0 0.000523 0.000217 0.001045 0.000020
0 0.000516 0.000202 0.001032 0.000018
0 0.000501 0.000955 0.001001 0.000021
0 0.000486 0.001140 0.000972 0.000019
0 0.000487 0.001118 0.000973 0.000017
0 0.000364 0.001562 0.000729 0.000021
0 0.000444 0.001715 0.000889 0.000021
0 0.000443 0.001673 0.000885 0.000017
0 0.000451 0.001650 0.000902 0.000020
0 0.000539 0.001651 0.001078 0.000019
0 0.000453 0.001586 0.000905 0.000021
0 0.000461 0.001502 0.000922 0.000017
0 0.000338 0.001645 0.000675 0.000024
0 0.000486 0.001160 0.000972 0.000020
0 0.000769 0.001999 0.001538 0.000029
0 0.000777 0.002039 0.001555 0.000019
0 0.000483 0.001248 0.000966 0.000021
0 0.000570 0.001296 0.001139 0.000021
0 0.000578 0.001223 0.001156 0.000018
0 0.000578 0.001178 0.001156 0.000020
0 0.000432 0.000213 0.000863 0.000027
0 0.000420 0.000865 0.000841 0.000027
0 0.000955 0.001646 0.001910 0.000015
0 0.000580 0.001121 0.001159 0.000019
0 0.000823 0.001427 0.001645 0.000020
0 0.000417 0.001418 0.000834 0.000016
0 0.000681 0.001137 0.001362 0.000027
0 0.000625 0.001189 0.001249 0.000017
0 0.000575 0.001200 0.001150 0.000020
0 0.000578 0.001157 0.001156 0.000019
0 0.000581 0.001101 0.001161 0.000019
0 0.000759 0.001645 0.001518 0.000021
0 0.000579 0.001080 0.001157 0.000017
0 0.000479 0.001299 0.000959 0.000020
0 0.000483 0.001273 0.000966 0.000018
0 0.000484 0.001224 0.000968 0.000018
0 0.000487 0.001203 0.000973 0.000021
0 0.000483 0.001182 0.000966 0.000019
0 0.000363 0.001521 0.000725 0.000021
0 0.000361 0.001594 0.000721 0.000029
0 0.000345 0.001610 0.000690 0.000026
0 0.000362 0.001664 0.000723 0.000029
0 0.000458 0.001521 0.000916 0.000018
0 0.000450 0.001563 0.000900 0.000019
0 0.000454 0.001606 0.000907 0.000020
0 0.000537 0.001673 0.001075 0.000020
0 0.000535 0.001695 0.001071 0.000020
0 0.000535 0.001758 0.001069 0.000023
0 0.000763 0.002026 0.001526 0.000032
0 0.000754 0.002051 0.001507 0.000028
0 0.000770 0.002075 0.001540 0.000034
0 0.000790 0.002058 0.001581 0.000028
0 0.000836 0.002054 0.001673 0.000026
0 0.000835 0.002092 0.001671 0.000035
0 0.011066 0.001838 0.018047 0.000019
0 0.000437 0.000157 0.000874 0.000017