0 0.001040 0.001925 0.002081 0.000072
0 0.000764 0.001483 0.001527 0.000068
0 0.000253 0.000288 0.000507 0.000068
0 0.000301 0.001909 0.000601 0.000128
0 0.000921 0.001408 0.001841 0.000108
0 0.000843 0.001450 0.001687 0.000087
0 0.000866 0.001569 0.001731 0.000154
0 0.000855 0.001657 0.001710 0.000066
0 0.000880 0.001605 0.001760 0.000089
0 0.000751 0.001430 0.001501 0.000074
0 0.000780 0.001530 0.001560 0.000075
0 0.000596 0.000598 0.001192 0.000069
0 0.000174 0.000328 0.000347 0.000056
0 0.000536 0.000772 0.001072 0.000074
0 0.000508 0.000713 0.001017 0.000062
0 0.000531 0.000675 0.001063 0.000078
0 0.000552 0.000630 0.001104 0.000072
0 0.000573 0.000593 0.001146 0.000065
0 0.000562 0.000668 0.001123 0.000047
0 0.000576 0.000660 0.001152 0.000071
0 0.000226 0.000302 0.000451 0.000062