0 0.016475 0.000386 0.029550 0.000048
0 0.016586 0.000616 0.029329 0.000024
0 0.016624 0.000752 0.029252 0.000051
0 0.016615 0.000867 0.029271 0.000037
0 0.016643 0.001022 0.029214 0.000057
0 0.016644 0.001211 0.029212 0.000051
0 0.016320 0.001582 0.029859 0.000035
0 0.016359 0.001432 0.029782 0.000040
0 0.016400 0.001328 0.029701 0.000037
0 0.016449 0.001245 0.029603 0.000057
0 0.015838 0.001578 0.030824 0.000035
0 0.015925 0.001178 0.030651 0.000033
0 0.015905 0.001713 0.030690 0.000037
0 0.015721 0.001748 0.031058 0.000046
0 0.015704 0.000640 0.031091 0.000051