0 0.000487 0.001881 0.000973 0.000015
0 0.000707 0.000908 0.001413 0.000021
0 0.000871 0.000911 0.001742 0.000019
0 0.000788 0.000908 0.001577 0.000022
0 0.000695 0.001090 0.001389 0.000022
0 0.000700 0.001067 0.001400 0.000021
0 0.000699 0.001044 0.001398 0.000022
0 0.000703 0.001022 0.001406 0.000021
0 0.000704 0.000977 0.001408 0.000022
0 0.000708 0.000884 0.001417 0.000024
0 0.000787 0.000955 0.001575 0.000021
0 0.000589 0.000906 0.001177 0.000023
0 0.000518 0.000905 0.001036 0.000019
0 0.000455 0.000903 0.000910 0.000013
0 0.000279 0.000900 0.000559 0.000016
0 0.000568 0.000757 0.001136 0.000016
0 0.000460 0.000758 0.000919 0.000016
0 0.000483 0.000788 0.000966 0.000016
0 0.000869 0.000934 0.001738 0.000020
0 0.000873 0.000956 0.001746 0.000022
0 0.000385 0.000804 0.000771 0.000032
0 0.000595 0.001233 0.001190 0.000021
0 0.000925 0.001354 0.001850 0.000054
0 0.000890 0.001325 0.001781 0.000037
0 0.000911 0.001308 0.001822 0.000033
0 0.000681 0.001319 0.001361 0.000039
0 0.000829 0.001232 0.001658 0.000031
0 0.000698 0.001233 0.001396 0.000020
0 0.000653 0.001233 0.001305 0.000024
0 0.000557 0.001229 0.001114 0.000017
0 0.000870 0.000980 0.001740 0.000023
0 0.000503 0.001224 0.001007 0.000017
0 0.000781 0.001046 0.001562 0.000019
0 0.000863 0.001073 0.001725 0.000022
0 0.000866 0.001049 0.001733 0.000021
0 0.000864 0.001026 0.001729 0.000022
0 0.000866 0.001002 0.001733 0.000021
0 0.000782 0.000977 0.001564 0.000022
0 0.000448 0.000778 0.000895 0.000025
0 0.000347 0.000782 0.000695 0.000017
0 0.000651 0.001388 0.001302 0.000049
0 0.000806 0.000224 0.001612 0.000025
0 0.000977 0.000349 0.001954 0.000026
0 0.000978 0.000319 0.001955 0.000024
0 0.000981 0.000288 0.001963 0.000030
0 0.000981 0.000260 0.001963 0.000029
0 0.000752 0.000372 0.001504 0.000021
0 0.000786 0.000275 0.001571 0.000016
0 0.000746 0.000276 0.001491 0.000017
0 0.000777 0.000207 0.001554 0.000025
0 0.000965 0.000504 0.001929 0.000027
0 0.000685 0.000216 0.001370 0.000026
0 0.000910 0.000231 0.001820 0.000028
0 0.000886 0.000211 0.001772 0.000026
0 0.000819 0.000159 0.001638 0.000026
0 0.000658 0.000041 0.001317 0.000025
0 0.000749 0.000188 0.001499 0.000025
0 0.000721 0.000167 0.001443 0.000026
0 0.000739 0.000532 0.001478 0.000022
0 0.000966 0.000532 0.001931 0.000027
0 0.000852 0.000751 0.001705 0.000025
0 0.000742 0.000703 0.001484 0.000021
0 0.000797 0.000751 0.001593 0.000015
0 0.000750 0.000749 0.001500 0.000018
0 0.000751 0.000771 0.001502 0.000021
0 0.000710 0.000772 0.001421 0.000018
0 0.000714 0.000749 0.001428 0.000017
0 0.000832 0.000706 0.001664 0.000015
0 0.000786 0.000705 0.001573 0.000015
0 0.013203 0.000739 0.022702 0.000025
0 0.000972 0.000569 0.001944 0.000041
0 0.000861 0.000658 0.001721 0.000016
0 0.000814 0.000657 0.001629 0.000016
0 0.000769 0.000657 0.001538 0.000015
0 0.000726 0.000657 0.001452 0.000016
0 0.000769 0.000614 0.001538 0.000017
0 0.000731 0.000614 0.001461 0.000020
0 0.000478 0.000573 0.000956 0.000032
0 0.000910 0.001403 0.001820 0.000039
0 0.000709 0.001477 0.001419 0.000019
0 0.000408 0.001879 0.000815 0.000018
0 0.000277 0.001962 0.000553 0.000020
0 0.000782 0.002010 0.001564 0.000020
0 0.000877 0.002013 0.001755 0.000014
0 0.000785 0.001963 0.001569 0.000018
0 0.000654 0.001961 0.001307 0.000015
0 0.000469 0.001963 0.000938 0.000023
0 0.000401 0.001965 0.000802 0.000021
0 0.000341 0.001962 0.000682 0.000019
0 0.000201 0.001952 0.000401 0.000021
0 0.000654 0.002008 0.001307 0.000014
0 0.000829 0.001868 0.001658 0.000018
0 0.000808 0.001890 0.001616 0.000021
0 0.000893 0.001907 0.001786 0.000023
0 0.000827 0.001915 0.001655 0.000015
0 0.000785 0.001914 0.001569 0.000014
0 0.000742 0.001913 0.001484 0.000016
0 0.000698 0.001913 0.001396 0.000013
0 0.000756 0.001984 0.001512 0.000020
0 0.000611 0.002007 0.001222 0.000015
0 0.000617 0.001912 0.001233 0.000013
0 0.000779 0.001070 0.001558 0.000018
0 0.000304 0.002007 0.000607 0.000022
0 0.000734 0.001576 0.001469 0.000033
0 0.000721 0.001621 0.001443 0.000015
0 0.000889 0.001478 0.001777 0.000026
0 0.000698 0.001114 0.001396 0.000023
0 0.000861 0.001119 0.001721 0.000023
0 0.000785 0.001114 0.001569 0.000025
0 0.000780 0.001022 0.001560 0.000021
0 0.000428 0.002007 0.000856 0.000014
0 0.000875 0.000864 0.001749 0.000024
0 0.000705 0.000931 0.001409 0.000023
0 0.000410 0.002163 0.000821 0.000035
0 0.000588 0.002165 0.001175 0.000032
0 0.000700 0.002183 0.001400 0.000029
0 0.000737 0.002166 0.001474 0.000035
0 0.000500 0.002006 0.001001 0.000022
0 0.000658 0.001913 0.001317 0.000014
0 0.000220 0.001912 0.000440 0.000024
0 0.000660 0.001479 0.001320 0.000028
0 0.013151 0.001696 0.022804 0.000011
0 0.000251 0.001715 0.000501 0.000035
0 0.000251 0.001704 0.000501 0.000025
0 0.000799 0.001672 0.001597 0.000016
0 0.000758 0.001671 0.001515 0.000014
0 0.000804 0.001622 0.001608 0.000015
0 0.000759 0.001621 0.001517 0.000013
0 0.000676 0.001621 0.001352 0.000015
0 0.013158 0.001664 0.022791 0.000016
0 0.000858 0.001775 0.001716 0.000023
0 0.013153 0.001624 0.022801 0.000020
0 0.013152 0.001565 0.022802 0.000020
0 0.000815 0.001577 0.001630 0.000035
0 0.000675 0.001581 0.001350 0.000020
0 0.000474 0.001569 0.000949 0.000015
0 0.000382 0.001565 0.000763 0.000015
0 0.000252 0.001560 0.000503 0.000017
0 0.000836 0.001720 0.001671 0.000018
0 0.000793 0.001771 0.001586 0.000015
0 0.000353 0.001917 0.000706 0.000016
0 0.000832 0.001817 0.001664 0.000015
0 0.000396 0.001918 0.000793 0.000015
0 0.000442 0.001919 0.000884 0.000016
0 0.000487 0.001921 0.000975 0.000016
0 0.000350 0.001880 0.000700 0.000016
0 0.000661 0.001864 0.001322 0.000015
0 0.000746 0.001866 0.001491 0.000013
0 0.000822 0.001840 0.001643 0.000021
0 0.000789 0.001817 0.001578 0.000013
0 0.000751 0.001769 0.001502 0.000016
0 0.000747 0.001818 0.001495 0.000013
0 0.000708 0.001816 0.001417 0.000016
0 0.000307 0.001816 0.000615 0.000025
0 0.000266 0.001815 0.000533 0.000020
0 0.000625 0.001767 0.001250 0.000013
0 0.000666 0.001767 0.001331 0.000013
0 0.000710 0.001768 0.001421 0.000016
0 0.000591 0.000149 0.001183 0.000027