0 0.000684 0.001235 0.001369 0.000222
0 0.000636 0.001936 0.001271 0.000179
0 0.000192 0.001447 0.000384 0.000185
0 0.000198 0.001675 0.000396 0.000228
0 0.000209 0.001913 0.000418 0.000304
0 0.010444 0.000955 0.019291 0.000100
0 0.010455 0.000894 0.019268 0.000106
0 0.010470 0.000844 0.019239 0.000103
0 0.000935 0.001652 0.001870 0.000522
0 0.000913 0.001414 0.001826 0.000131
0 0.000879 0.001866 0.001758 0.000161
0 0.000892 0.000692 0.001783 0.000310
0 0.000858 0.000387 0.001717 0.000307
0 0.000434 0.001321 0.000868 0.000097
0 0.000457 0.001321 0.000914 0.000091
0 0.000486 0.001315 0.000972 0.000091
0 0.000485 0.001617 0.000970 0.000076
0 0.000539 0.001605 0.001079 0.000094
0 0.000592 0.001938 0.001183 0.000170
0 0.012486 0.000445 0.024135 0.000167