0 0.003850 0.001680 0.005694 0.000120
0 0.007403 0.000271 0.011980 0.000499
0 0.005210 0.000870 0.007437 0.000035
0 0.005206 0.000962 0.007445 0.000039
0 0.005207 0.000919 0.007443 0.000039
0 0.005203 0.001012 0.007452 0.000041
0 0.005202 0.001053 0.007454 0.000039
0 0.005200 0.001106 0.007458 0.000042
0 0.005199 0.001147 0.007460 0.000039
0 0.006619 0.000151 0.009083 0.000058
0 0.006617 0.000213 0.009087 0.000058
0 0.006571 0.001471 0.009180 0.000079
0 0.007141 0.001368 0.012505 0.000277
0 0.015009 0.001374 0.028017 0.000214
0 0.003626 0.001439 0.006141 0.000189
0 0.006348 0.001698 0.009625 0.000041
0 0.006346 0.001741 0.009630 0.000037
0 0.005210 0.000828 0.007437 0.000037