0 0.001031 0.001371 0.002062 0.000027
0 0.001010 0.001175 0.002020 0.000037
0 0.000757 0.001402 0.001514 0.000018
0 0.000757 0.001425 0.001515 0.000017
0 0.000758 0.001447 0.001515 0.000015
0 0.000756 0.001459 0.001511 0.000020
0 0.000756 0.001481 0.001512 0.000018
0 0.000860 0.001346 0.001719 0.000029
0 0.000869 0.001354 0.001737 0.000019
0 0.000878 0.001339 0.001755 0.000020
0 0.000963 0.001149 0.001927 0.000054
0 0.000965 0.001198 0.001930 0.000038
0 0.000965 0.001246 0.001931 0.000039
0 0.000921 0.001202 0.001841 0.000051
0 0.000922 0.001261 0.001844 0.000057
0 0.000722 0.001355 0.001445 0.000020
0 0.000723 0.001377 0.001445 0.000019
0 0.000704 0.001419 0.001408 0.000031
0 0.000697 0.001425 0.001393 0.000069
0 0.000684 0.001462 0.001368 0.000059
0 0.000683 0.001402 0.001366 0.000058
0 0.000755 0.001415 0.001510 0.000020
0 0.000754 0.001393 0.001509 0.000018
0 0.000756 0.001381 0.001512 0.000018
0 0.000731 0.001383 0.001462 0.000021
0 0.001009 0.001122 0.002018 0.000032
0 0.000987 0.001144 0.001974 0.000038
0 0.000988 0.001243 0.001976 0.000042
0 0.000988 0.001194 0.001977 0.000042
0 0.011014 0.001325 0.018150 0.000020
0 0.000868 0.001327 0.001736 0.000022
0 0.000734 0.001393 0.001468 0.000018
0 0.000732 0.001405 0.001464 0.000022
0 0.000731 0.001362 0.001462 0.000019
0 0.000754 0.001372 0.001508 0.000019
0 0.000733 0.001372 0.001467 0.000017
0 0.000734 0.001416 0.001469 0.000020
0 0.000744 0.001342 0.001489 0.000020
0 0.000742 0.001355 0.001485 0.000020
0 0.000743 0.001376 0.001486 0.000021
0 0.000743 0.001401 0.001486 0.000019
0 0.000745 0.001387 0.001490 0.000018
0 0.000745 0.001410 0.001491 0.000020
0 0.000618 0.001372 0.001235 0.000097