0 0.000750 0.001282 0.001500 0.000052
0 0.000559 0.001290 0.001117 0.000029
0 0.000621 0.001334 0.001241 0.000039
0 0.000616 0.001377 0.001232 0.000034
0 0.000625 0.001417 0.001249 0.000045
0 0.000769 0.001434 0.001538 0.000039
0 0.000812 0.001425 0.001624 0.000035
0 0.000232 0.001833 0.000465 0.000050
0 0.000284 0.001787 0.000568 0.000037
0 0.000317 0.001791 0.000633 0.000037
0 0.000302 0.001817 0.000604 0.000037
0 0.000346 0.001807 0.000692 0.000038
0 0.000423 0.001864 0.000845 0.000046
0 0.000482 0.001858 0.000964 0.000037
0 0.000528 0.001829 0.001056 0.000036
0 0.000609 0.001781 0.001218 0.000042
0 0.000655 0.001718 0.001310 0.000041
0 0.000647 0.001928 0.001295 0.000065
0 0.000646 0.001996 0.001293 0.000064
0 0.000612 0.001301 0.001224 0.000034
0 0.000470 0.001285 0.000939 0.000027
0 0.000937 0.000961 0.001874 0.000032
0 0.000429 0.001281 0.000859 0.000022
0 0.000378 0.000402 0.000756 0.000030
0 0.000379 0.000492 0.000757 0.000033
0 0.000289 0.000582 0.000578 0.000032
0 0.000284 0.000627 0.000568 0.000031
0 0.000279 0.000674 0.000559 0.000038
0 0.000261 0.000722 0.000522 0.000039
0 0.000244 0.000871 0.000488 0.000033
0 0.000370 0.000629 0.000740 0.000035
0 0.000354 0.000685 0.000708 0.000037
0 0.000324 0.000781 0.000648 0.000033
0 0.000320 0.000827 0.000641 0.000034
0 0.000325 0.000917 0.000650 0.000030
0 0.000321 0.001008 0.000643 0.000035
0 0.000321 0.001051 0.000643 0.000034
0 0.000321 0.001096 0.000643 0.000035
0 0.000320 0.001142 0.000641 0.000034
0 0.000389 0.001279 0.000778 0.000026
0 0.000636 0.002057 0.001272 0.000056
0 0.013349 0.002122 0.022409 0.000038
0 0.001024 0.002176 0.002049 0.000056
0 0.000312 0.001928 0.000624 0.000059
0 0.000784 0.000854 0.001568 0.000031
0 0.000912 0.000845 0.001825 0.000026
0 0.000942 0.000883 0.001884 0.000032
0 0.000940 0.001030 0.001880 0.000033
0 0.000938 0.001087 0.001876 0.000034
0 0.000652 0.000953 0.001304 0.000029
0 0.000650 0.001066 0.001301 0.000033
0 0.000232 0.001142 0.000465 0.000027
0 0.000232 0.001097 0.000465 0.000031
0 0.000233 0.001051 0.000467 0.000034
0 0.000754 0.001719 0.001507 0.000046
0 0.000616 0.000234 0.001232 0.000032
0 0.000703 0.000230 0.001406 0.000030
0 0.000378 0.000358 0.000756 0.000031
0 0.000373 0.000448 0.000746 0.000030
0 0.000873 0.000879 0.001746 0.000035
0 0.000943 0.000921 0.001886 0.000036
0 0.000823 0.000726 0.001647 0.000071
0 0.000825 0.000695 0.001651 0.000043
0 0.000812 0.000671 0.001624 0.000039
0 0.000779 0.000271 0.001559 0.000034
0 0.000342 0.001964 0.000685 0.000047
0 0.000343 0.001925 0.000687 0.000049
0 0.000699 0.000260 0.001398 0.000027
0 0.000740 0.000237 0.001480 0.000022
0 0.000743 0.000266 0.001486 0.000024
0 0.000788 0.000231 0.001576 0.000038
0 0.000781 0.000252 0.001563 0.000037
0 0.000838 0.000235 0.001676 0.000049
0 0.000838 0.000633 0.001676 0.000032
0 0.000822 0.000276 0.001643 0.000044
0 0.000855 0.000424 0.001710 0.000027
0 0.000838 0.000462 0.001676 0.000029
0 0.000850 0.000494 0.001700 0.000053
0 0.000843 0.000518 0.001685 0.000047
0 0.000845 0.000557 0.001691 0.000039
0 0.000839 0.000583 0.001677 0.000034
0 0.000291 0.000402 0.000581 0.000033