0 0.008789 0.000307 0.013671 0.000100
0 0.008712 0.000253 0.013825 0.000028
0 0.016333 0.000065 0.029835 0.000012
0 0.016344 0.000011 0.029813 0.000010
0 0.016317 0.000120 0.029866 0.000014
0 0.016176 0.000042 0.030148 0.000009
0 0.016013 0.000122 0.030474 0.000010
0 0.015923 0.000078 0.030653 0.000016
0 0.015931 0.000065 0.030638 0.000014
0 0.010761 0.000289 0.018657 0.000025
0 0.010472 0.002073 0.019234 0.000025
0 0.009339 0.001669 0.017037 0.000880
0 0.009365 0.001901 0.016984 0.000426
0 0.009453 0.001470 0.016808 0.000440
0 0.009629 0.000265 0.016456 0.000178
0 0.009666 0.000265 0.016383 0.000185
0 0.008118 0.000305 0.015013 0.000053
0 0.008162 0.000330 0.014926 0.000055
0 0.008324 0.000299 0.014601 0.000040
0 0.008381 0.000272 0.014488 0.000055
0 0.008402 0.000254 0.014446 0.000038
0 0.008472 0.000264 0.014307 0.000033
0 0.008656 0.000262 0.013939 0.000015
0 0.016232 0.000041 0.030036 0.000007