0 0.006384 0.001473 0.009553 0.000084
0 0.006344 0.001430 0.009633 0.000079
0 0.006364 0.001452 0.009594 0.000081
0 0.005324 0.001510 0.007209 0.000049
0 0.005313 0.001495 0.007232 0.000047
0 0.005299 0.001483 0.007259 0.000047
0 0.004271 0.001222 0.004851 0.000116
0 0.004148 0.001262 0.005097 0.000188
0 0.015092 0.000881 0.027852 0.000311
0 0.007210 0.000879 0.012366 0.000501
0 0.004980 0.000649 0.007897 0.000072
0 0.004962 0.000696 0.007932 0.000072
0 0.004907 0.000638 0.008044 0.000072
0 0.004923 0.000589 0.008011 0.000072