0 0.011881 0.000470 0.020881 0.000040
0 0.012045 0.000340 0.020553 0.000029
0 0.000642 0.001762 0.001283 0.000323
0 0.000777 0.000928 0.001555 0.000316
0 0.003089 0.000081 0.002751 0.000064
0 0.003124 0.000124 0.002680 0.000056
0 0.012482 0.000493 0.024143 0.000125
0 0.012442 0.000277 0.024222 0.000122
0 0.012644 0.000341 0.023818 0.000113
0 0.012047 0.000357 0.020548 0.000031
0 0.010982 0.000410 0.018214 0.000035
0 0.012052 0.000374 0.020539 0.000025
0 0.012056 0.000395 0.020531 0.000027
0 0.012058 0.000409 0.020527 0.000033
0 0.012022 0.000235 0.020598 0.000035
0 0.012077 0.000291 0.020489 0.000029
0 0.012079 0.000309 0.020485 0.000025
0 0.012089 0.000361 0.020464 0.000033
0 0.000948 0.001804 0.001896 0.000332