0 0.000350 0.001338 0.000700 0.000016
0 0.000816 0.000491 0.001631 0.000026
0 0.000759 0.000456 0.001519 0.000020
0 0.000755 0.000465 0.001511 0.000023
0 0.000746 0.000484 0.001492 0.000020
0 0.000735 0.000622 0.001470 0.000022
0 0.000615 0.000829 0.001231 0.000013
0 0.000604 0.000660 0.001207 0.000032
0 0.000583 0.000683 0.001166 0.000020
0 0.000583 0.000715 0.001166 0.000022
0 0.000591 0.000734 0.001183 0.000041
0 0.000589 0.000703 0.001178 0.000046
0 0.000803 0.000402 0.001606 0.000027
0 0.000594 0.000760 0.001188 0.000041
0 0.000605 0.000720 0.001210 0.000049
0 0.000599 0.000695 0.001199 0.000046
0 0.000599 0.000738 0.001197 0.000058
0 0.000614 0.000654 0.001227 0.000043
0 0.000774 0.000435 0.001548 0.000034
0 0.000791 0.000428 0.001582 0.000052
0 0.000674 0.000577 0.001348 0.000029
0 0.000696 0.000544 0.001391 0.000057
0 0.000648 0.000598 0.001297 0.000034
0 0.000655 0.000626 0.001310 0.000055
0 0.000517 0.000957 0.001035 0.000037
0 0.000816 0.000509 0.001631 0.000024
0 0.000796 0.000704 0.001593 0.000022
0 0.000346 0.001328 0.000692 0.000016
0 0.000773 0.000712 0.001547 0.000024
0 0.000349 0.001312 0.000698 0.000017
0 0.000343 0.001332 0.000686 0.000011
0 0.000343 0.001317 0.000686 0.000012
0 0.000348 0.001298 0.000695 0.000019
0 0.000345 0.001286 0.000691 0.000020
0 0.000340 0.001313 0.000680 0.000019
0 0.000342 0.001297 0.000685 0.000024
0 0.000424 0.001246 0.000847 0.000030
0 0.000427 0.001243 0.000854 0.000018
0 0.000462 0.001135 0.000923 0.000018
0 0.000713 0.000782 0.001427 0.000021
0 0.000697 0.000786 0.001394 0.000019
0 0.000720 0.000778 0.001441 0.000017
0 0.000735 0.000772 0.001469 0.000020
0 0.000720 0.000865 0.001440 0.000017
0 0.000717 0.000860 0.001433 0.000013
0 0.000733 0.000870 0.001466 0.000021
0 0.000774 0.000761 0.001549 0.000028
0 0.000800 0.000852 0.001599 0.000019
0 0.000799 0.000837 0.001598 0.000018
0 0.000806 0.000834 0.001612 0.000017
0 0.000870 0.000825 0.001741 0.000019
0 0.000831 0.000831 0.001662 0.000020
0 0.000661 0.000718 0.001322 0.000024