0 0.008518 0.000557 0.014213 0.000393
0 0.001790 0.000595 0.000884 0.000033
0 0.001798 0.000823 0.000867 0.000027
0 0.001802 0.000833 0.000861 0.000037
0 0.001808 0.000850 0.000848 0.000035
0 0.001813 0.000862 0.000838 0.000035
0 0.001818 0.000875 0.000828 0.000041
0 0.001775 0.000558 0.000914 0.000032
0 0.001779 0.000566 0.000907 0.000031
0 0.001784 0.000580 0.000896 0.000032
0 0.001794 0.000610 0.000876 0.000035
0 0.001785 0.000793 0.000894 0.000038
0 0.001798 0.000625 0.000867 0.000038
0 0.001780 0.000502 0.000905 0.000030
0 0.001788 0.000508 0.000889 0.000044
0 0.001798 0.000534 0.000869 0.000038
0 0.001804 0.000545 0.000857 0.000040
0 0.001810 0.000568 0.000844 0.000027
0 0.001816 0.000574 0.000831 0.000036
0 0.001820 0.000590 0.000823 0.000041
0 0.001791 0.000805 0.000883 0.000038
0 0.001780 0.000776 0.000905 0.000045
0 0.001825 0.000683 0.000813 0.000034
0 0.001742 0.000775 0.000980 0.000030
0 0.001787 0.000882 0.000891 0.000035
0 0.001780 0.000870 0.000905 0.000040
0 0.001775 0.000856 0.000915 0.000038
0 0.001771 0.000840 0.000923 0.000035
0 0.001768 0.000827 0.000928 0.000026
0 0.001755 0.000817 0.000954 0.000046
0 0.001760 0.000795 0.000944 0.000024
0 0.001748 0.000788 0.000968 0.000028
0 0.001727 0.000728 0.001011 0.000034
0 0.001772 0.000747 0.000920 0.000029
0 0.001719 0.000715 0.001026 0.000036
0 0.001712 0.000704 0.001040 0.000041
0 0.001727 0.000646 0.001010 0.000049
0 0.001734 0.000665 0.000996 0.000046
0 0.001741 0.000680 0.000981 0.000039
0 0.001751 0.000710 0.000962 0.000038
0 0.001759 0.000721 0.000947 0.000031
0 0.001767 0.000734 0.000931 0.000030
0 0.001826 0.000606 0.000812 0.000036
0 0.001840 0.000726 0.000784 0.000039
0 0.008234 0.001253 0.014783 0.000159
0 0.002102 0.000067 0.000261 0.000019
0 0.001937 0.000657 0.000590 0.000035
0 0.001941 0.000672 0.000582 0.000037
0 0.001958 0.000710 0.000548 0.000026
0 0.001968 0.000719 0.000529 0.000015
0 0.002218 0.000016 0.000028 0.000022
0 0.002201 0.000157 0.000061 0.000027
0 0.002166 0.000271 0.000133 0.000027
0 0.002159 0.000096 0.000147 0.000024
0 0.002063 0.000132 0.000339 0.000028
0 0.001921 0.000618 0.000623 0.000032
0 0.001776 0.000416 0.000912 0.000021
0 0.001781 0.000409 0.000902 0.000023
0 0.001799 0.000376 0.000865 0.000028
0 0.001825 0.000346 0.000814 0.000030
0 0.001732 0.000350 0.001000 0.000022
0 0.001727 0.000345 0.001010 0.000020
0 0.001726 0.000335 0.001013 0.000022
0 0.001720 0.000328 0.001023 0.000021
0 0.001936 0.000643 0.000592 0.000025
0 0.001916 0.000604 0.000633 0.000033
0 0.001855 0.000752 0.000754 0.000031
0 0.001883 0.000910 0.000698 0.000049
0 0.001864 0.000774 0.000735 0.000029
0 0.001844 0.000655 0.000777 0.000030
0 0.001850 0.000662 0.000765 0.000038
0 0.001855 0.000678 0.000753 0.000048
0 0.001861 0.000692 0.000743 0.000047
0 0.001867 0.000709 0.000730 0.000040
0 0.001872 0.000721 0.000720 0.000046
0 0.001882 0.000747 0.000699 0.000029
0 0.002001 0.000865 0.000463 0.000046
0 0.001912 0.000590 0.000641 0.000028
0 0.002030 0.000861 0.000403 0.000048
0 0.002050 0.000876 0.000364 0.000018
0 0.002050 0.000862 0.000364 0.000031
0 0.002058 0.000846 0.000348 0.000031
0 0.002046 0.000817 0.000373 0.000037
0 0.001869 0.000586 0.000727 0.000039
0 0.001891 0.000549 0.000683 0.000034
0 0.001911 0.000569 0.000643 0.000021
0 0.001793 0.000913 0.000878 0.000043
0 0.001723 0.000963 0.001019 0.000049
0 0.001721 0.000961 0.001023 0.000017
0 0.001790 0.001335 0.000884 0.000013
0 0.001810 0.001292 0.000844 0.000017
0 0.001810 0.001260 0.000844 0.000016
0 0.001810 0.001243 0.000844 0.000015
0 0.001810 0.001229 0.000844 0.000016
0 0.001811 0.001210 0.000842 0.000014
0 0.001811 0.001176 0.000843 0.000014
0 0.001810 0.001141 0.000844 0.000017
0 0.001810 0.001126 0.000844 0.000015
0 0.001784 0.001320 0.000896 0.000016
0 0.001811 0.001337 0.000843 0.000014
0 0.001785 0.001297 0.000894 0.000014
0 0.001779 0.001260 0.000906 0.000018
0 0.001779 0.001241 0.000907 0.000018
0 0.001782 0.001205 0.000901 0.000016
0 0.001779 0.001186 0.000907 0.000017
0 0.001779 0.001166 0.000907 0.000017
0 0.001787 0.001147 0.000891 0.000014
0 0.001784 0.001129 0.000896 0.000017
0 0.001810 0.001322 0.000844 0.000017
0 0.001811 0.001358 0.000841 0.000015
0 0.001711 0.000941 0.001042 0.000041
0 0.001579 0.001700 0.001306 0.000022
0 0.008578 0.001040 0.014094 0.000086
0 0.008473 0.001206 0.014304 0.000332
0 0.008453 0.000638 0.014343 0.000352
0 0.008393 0.000785 0.014465 0.000348
0 0.008304 0.000902 0.014643 0.000340
0 0.008220 0.000992 0.014810 0.000352
0 0.008139 0.000961 0.014972 0.000093
0 0.014330 0.000647 0.024912 0.000164
0 0.001864 0.001348 0.000735 0.000020
0 0.001869 0.001101 0.000727 0.000014
0 0.001873 0.001292 0.000719 0.000015
0 0.001867 0.001274 0.000730 0.000018
0 0.001867 0.001233 0.000731 0.000016
0 0.001874 0.001212 0.000717 0.000015
0 0.001870 0.001178 0.000724 0.000015
0 0.001871 0.001161 0.000723 0.000015
0 0.001870 0.001140 0.000725 0.000015
0 0.001869 0.001124 0.000727 0.000016
0 0.001810 0.001072 0.000844 0.000013
0 0.001798 0.001054 0.000867 0.000013
0 0.001740 0.001306 0.000985 0.000075
0 0.001703 0.000983 0.001059 0.000027
0 0.001651 0.001073 0.001162 0.000042
0 0.001657 0.001086 0.001150 0.000046
0 0.001616 0.000808 0.001232 0.000042
0 0.001635 0.000833 0.001194 0.000033
0 0.001647 0.000877 0.001170 0.000039
0 0.001669 0.000919 0.001127 0.000039
0 0.001677 0.000949 0.001110 0.000041
0 0.001690 0.000958 0.001084 0.000030
0 0.001706 0.000997 0.001053 0.000030
0 0.001738 0.001235 0.000989 0.000067
0 0.001701 0.001021 0.001063 0.000046
0 0.001708 0.001035 0.001048 0.000049
0 0.001641 0.000768 0.001181 0.000033
0 0.001645 0.000775 0.001174 0.000037
0 0.001654 0.000801 0.001156 0.000037
0 0.001687 0.000865 0.001090 0.000034
0 0.001693 0.000877 0.001079 0.000049
0 0.001694 0.000903 0.001075 0.000029
0 0.001639 0.001049 0.001186 0.000036
0 0.001633 0.001028 0.001198 0.000043
0 0.001623 0.000997 0.001217 0.000049
0 0.001620 0.000980 0.001225 0.000038
0 0.001725 0.001239 0.001015 0.000069
0 0.001737 0.001151 0.000989 0.000081
0 0.001692 0.001306 0.001080 0.000067
0 0.001679 0.001304 0.001107 0.000069
0 0.001602 0.001276 0.001260 0.000085
0 0.001589 0.001305 0.001287 0.000058
0 0.001589 0.001243 0.001285 0.000052
0 0.001589 0.001021 0.001286 0.000038
0 0.001600 0.001040 0.001264 0.000031
0 0.001546 0.000855 0.001372 0.000056
0 0.001562 0.000861 0.001340 0.000040
0 0.001575 0.000887 0.001315 0.000044
0 0.001636 0.001124 0.001193 0.000044
0 0.001592 0.000935 0.001280 0.000036
0 0.001598 0.000948 0.001269 0.000032
0 0.001604 0.000958 0.001256 0.000046
0 0.001609 0.000977 0.001246 0.000032
0 0.001722 0.000298 0.001020 0.000026