0 0.001281 0.002117 0.001902 0.000108
0 0.001328 0.002028 0.001808 0.000145
0 0.001740 0.000853 0.000983 0.000178
0 0.001726 0.000839 0.001012 0.000178
0 0.001714 0.000818 0.001036 0.000174
0 0.001765 0.000673 0.000934 0.000174
0 0.001820 0.000530 0.000824 0.000141
0 0.001783 0.000490 0.000898 0.000164
0 0.001802 0.000511 0.000861 0.000141
0 0.001747 0.000649 0.000971 0.000164
0 0.001995 0.002075 0.000473 0.000108
0 0.001516 0.001184 0.001432 0.000145
0 0.001477 0.001344 0.001510 0.000127
0 0.001496 0.001414 0.001473 0.000127
0 0.001355 0.002054 0.001755 0.000131
0 0.001292 0.002162 0.001881 0.000141
0 0.001232 0.002174 0.002000 0.000098
0 0.001302 0.002019 0.001861 0.000164