0 0.008984 0.002051 0.017746 0.000013
0 0.008944 0.002030 0.017826 0.000015
0 0.007504 0.000288 0.011778 0.000131
0 0.007130 0.000049 0.012525 0.000084
0 0.005201 0.001842 0.007456 0.000023
0 0.005197 0.001865 0.007462 0.000022
0 0.005194 0.001886 0.007470 0.000021
0 0.005189 0.001908 0.007479 0.000021
0 0.007310 0.000116 0.012166 0.000119
0 0.006202 0.000134 0.009917 0.000037
0 0.006219 0.000107 0.009883 0.000040
0 0.006213 0.000141 0.009896 0.000037
0 0.006400 0.000272 0.009522 0.000028
0 0.006396 0.000305 0.009530 0.000028
0 0.007543 0.001507 0.011700 0.000124
0 0.006448 0.001481 0.009426 0.000031
0 0.006442 0.001503 0.009438 0.000035
0 0.006457 0.001511 0.009408 0.000035
0 0.005270 0.001785 0.007316 0.000026
0 0.006399 0.001739 0.009523 0.000028
0 0.006431 0.001752 0.009460 0.000030
0 0.006369 0.001728 0.009583 0.000028
0 0.006348 0.001717 0.009625 0.000028
0 0.005261 0.001550 0.007335 0.000033
0 0.005272 0.001555 0.007313 0.000034
0 0.008955 0.001996 0.017805 0.000022
0 0.008993 0.002026 0.017728 0.000018
0 0.007471 0.001806 0.011844 0.000101