0 0.014812 0.001693 0.028411 0.000090
0 0.004861 0.001571 0.008136 0.000030
0 0.007015 0.001220 0.012755 0.000335
0 0.007047 0.001206 0.012691 0.000225
0 0.006917 0.001510 0.012952 0.000351
0 0.014757 0.001515 0.028523 0.000248
0 0.009799 0.000712 0.016116 0.000077
0 0.015213 0.001511 0.027611 0.000059
0 0.007385 0.001260 0.012015 0.000131
0 0.004828 0.001646 0.008201 0.000030
0 0.004825 0.001677 0.008206 0.000030
0 0.004822 0.001716 0.008214 0.000032
0 0.004818 0.001747 0.008221 0.000031
0 0.004873 0.001658 0.008111 0.000030
0 0.004870 0.001690 0.008117 0.000036
0 0.004867 0.001730 0.008124 0.000033
0 0.004865 0.001762 0.008128 0.000030
0 0.014891 0.001210 0.028255 0.000155