0 0.004741 0.001053 0.008376 0.000025
0 0.004741 0.001029 0.008376 0.000021
0 0.006847 0.000918 0.013091 0.000131
0 0.014589 0.000891 0.028858 0.000096
0 0.015244 0.000126 0.027548 0.000094
0 0.005214 0.000195 0.007428 0.000024
0 0.005214 0.000221 0.007429 0.000024
0 0.005214 0.000246 0.007428 0.000023
0 0.005214 0.000271 0.007429 0.000025
0 0.005213 0.000296 0.007432 0.000027
0 0.005239 0.000195 0.007380 0.000024
0 0.005238 0.000253 0.007381 0.000023
0 0.015242 0.000034 0.027551 0.000063
0 0.004669 0.001005 0.008519 0.000023
0 0.004668 0.001027 0.008520 0.000021
0 0.004669 0.001053 0.008519 0.000025
0 0.004692 0.001003 0.008473 0.000023
0 0.004691 0.001028 0.008474 0.000023
0 0.004693 0.001054 0.008472 0.000026
0 0.004714 0.001004 0.008428 0.000025
0 0.004714 0.001027 0.008428 0.000021
0 0.004715 0.001052 0.008427 0.000024
0 0.004741 0.001005 0.008376 0.000023
0 0.013697 0.000786 0.026177 0.000036