0 0.002429 0.000878 0.004071 0.000022
0 0.002381 0.000729 0.004167 0.000026
0 0.015104 0.000687 0.027828 0.000137
0 0.015124 0.000866 0.027788 0.000127
0 0.009121 0.001507 0.017472 0.000047
0 0.009193 0.001659 0.017329 0.000047
0 0.009265 0.001920 0.017185 0.000024
0 0.014236 0.001951 0.025100 0.000033
0 0.016524 0.000619 0.029452 0.000066
0 0.002342 0.000618 0.004244 0.000023
0 0.002343 0.000657 0.004243 0.000037
0 0.002332 0.000711 0.004264 0.000037
0 0.002324 0.000747 0.004280 0.000035
0 0.002347 0.000735 0.004235 0.000036
0 0.002358 0.000685 0.004212 0.000036
0 0.002383 0.000698 0.004163 0.000026
0 0.002366 0.000767 0.004197 0.000035
0 0.002414 0.000855 0.004100 0.000031
0 0.002354 0.000800 0.004220 0.000035
0 0.002396 0.000737 0.004137 0.000043
0 0.002377 0.000791 0.004174 0.000036
0 0.002367 0.000823 0.004194 0.000035
0 0.002354 0.000870 0.004220 0.000032
0 0.002368 0.000890 0.004192 0.000035
0 0.002382 0.000913 0.004165 0.000033
0 0.002396 0.000934 0.004137 0.000032
0 0.002387 0.000854 0.004154 0.000032
0 0.002397 0.000826 0.004135 0.000031
0 0.002416 0.000783 0.004096 0.000046
0 0.002433 0.000821 0.004063 0.000041
0 0.002405 0.000886 0.004119 0.000033
0 0.002419 0.000907 0.004091 0.000035
0 0.015079 0.000720 0.027878 0.000127