0 0.000360 0.001308 0.000720 0.000095
0 0.000412 0.001645 0.000823 0.000125
0 0.000383 0.001453 0.000765 0.000091
0 0.000808 0.001501 0.001616 0.000074
0 0.000838 0.001476 0.001675 0.000071
0 0.000869 0.001449 0.001738 0.000070
0 0.000918 0.001696 0.001836 0.000093
0 0.000980 0.000754 0.001960 0.000092
0 0.000937 0.000624 0.001873 0.000094
0 0.000912 0.000422 0.001824 0.000092
0 0.000731 0.000092 0.001463 0.000101
0 0.000522 0.000657 0.001043 0.000086
0 0.000554 0.000801 0.001109 0.000087
0 0.000758 0.000990 0.001517 0.000090
0 0.000036 0.001050 0.000071 0.000086
0 0.000741 0.001544 0.001483 0.000065
0 0.001016 0.000831 0.002031 0.000089
0 0.001088 0.002075 0.002177 0.000072
0 0.000564 0.001966 0.001127 0.000099
0 0.000122 0.000771 0.000244 0.000154
0 0.000231 0.000749 0.000463 0.000124
0 0.000954 0.001776 0.001909 0.000060
0 0.000279 0.001012 0.000558 0.000080
0 0.000372 0.001380 0.000744 0.000085
0 0.000775 0.001527 0.001549 0.000073
0 0.000154 0.000477 0.000308 0.000098
0 0.000267 0.000935 0.000535 0.000090
0 0.000954 0.001676 0.001907 0.000078
0 0.000316 0.001148 0.000632 0.000092