0 0.000273 0.002063 0.000547 0.000093
0 0.000290 0.001966 0.000580 0.000059
0 0.000851 0.000036 0.001702 0.000061
0 0.000863 0.000141 0.001726 0.000051
0 0.000840 0.000515 0.001681 0.000102
0 0.000825 0.000614 0.001649 0.000094
0 0.000739 0.000453 0.001478 0.000101
0 0.000756 0.000368 0.001513 0.000092
0 0.000803 0.000248 0.001605 0.000062
0 0.000766 0.000184 0.001532 0.000115
0 0.000709 0.000167 0.001417 0.000061
0 0.000675 0.000316 0.001350 0.000058
0 0.000650 0.000450 0.001300 0.000063
0 0.000518 0.000637 0.001037 0.000048
0 0.000502 0.000300 0.001004 0.000061
0 0.000429 0.000453 0.000858 0.000047
0 0.000430 0.000555 0.000861 0.000051
0 0.000429 0.000640 0.000859 0.000048
0 0.000363 0.000122 0.000726 0.000058
0 0.000318 0.000620 0.000637 0.000060
0 0.000259 0.000423 0.000519 0.000068
0 0.000236 0.000615 0.000472 0.000061
0 0.000228 0.000545 0.000457 0.000059
0 0.000234 0.000451 0.000468 0.000106
0 0.000159 0.000677 0.000318 0.000049
0 0.000126 0.000535 0.000253 0.000098
0 0.000053 0.000712 0.000106 0.000058
0 0.000911 0.000419 0.001821 0.000039
0 0.000283 0.000160 0.000566 0.000061
0 0.000243 0.000062 0.000487 0.000063
0 0.000724 0.001433 0.001449 0.000066
0 0.000277 0.001807 0.000554 0.000058
0 0.000271 0.001754 0.000542 0.000061
0 0.000355 0.001842 0.000710 0.000066
0 0.000445 0.001874 0.000889 0.000061
0 0.000435 0.001815 0.000869 0.000057
0 0.000432 0.001738 0.000863 0.000064
0 0.000531 0.001620 0.001063 0.000064
0 0.000545 0.001683 0.001089 0.000065
0 0.000609 0.001864 0.001219 0.000099
0 0.000636 0.001645 0.001271 0.000070
0 0.000622 0.001575 0.001244 0.000070
0 0.000764 0.001488 0.001528 0.000108
0 0.001048 0.000164 0.002095 0.000065
0 0.000797 0.001545 0.001594 0.000108
0 0.000887 0.001649 0.001773 0.000122
0 0.000911 0.001520 0.001822 0.000105
0 0.000880 0.001449 0.001759 0.000101
0 0.000848 0.001392 0.001696 0.000112
0 0.000780 0.001278 0.001561 0.000068
0 0.000908 0.001121 0.001815 0.000069
0 0.000955 0.001212 0.001910 0.000060
0 0.001068 0.001572 0.002136 0.000105
0 0.001045 0.001385 0.002091 0.000090
0 0.001106 0.000731 0.002212 0.000063
0 0.000046 0.000608 0.000091 0.000064