0 0.000936 0.000324 0.001871 0.000036
0 0.000164 0.002065 0.000329 0.000024
0 0.000245 0.001691 0.000491 0.000038
0 0.000168 0.002089 0.000336 0.000023
0 0.000158 0.002109 0.000316 0.000023
0 0.000148 0.002130 0.000297 0.000027
0 0.000137 0.002151 0.000275 0.000021
0 0.000123 0.002149 0.000246 0.000026
0 0.000133 0.002127 0.000265 0.000022
0 0.000143 0.002107 0.000286 0.000022
0 0.000154 0.002087 0.000307 0.000024
0 0.000174 0.002044 0.000347 0.000019
0 0.000968 0.000253 0.001937 0.000039
0 0.000179 0.002068 0.000358 0.000025
0 0.000224 0.001917 0.000449 0.000039
0 0.000187 0.001994 0.000374 0.000037
0 0.000165 0.002028 0.000330 0.000023
0 0.000151 0.002053 0.000303 0.000024
0 0.000139 0.002080 0.000279 0.000024
0 0.000126 0.002105 0.000252 0.000020
0 0.000118 0.002124 0.000237 0.000022
0 0.000143 0.001895 0.000286 0.000042
0 0.000262 0.001655 0.000524 0.000037
0 0.000279 0.001613 0.000559 0.000027
0 0.000299 0.001576 0.000598 0.000029
0 0.000375 0.001453 0.000750 0.000036
0 0.000976 0.000165 0.001952 0.000040
0 0.001053 0.000217 0.002106 0.000040
0 0.000986 0.000459 0.001972 0.000038
0 0.000926 0.000555 0.001852 0.000038
0 0.000907 0.000592 0.001815 0.000035
0 0.000894 0.000629 0.001787 0.000039
0 0.000864 0.000462 0.001728 0.000038
0 0.000850 0.000620 0.001701 0.000039
0 0.000753 0.000908 0.001506 0.000036
0 0.000856 0.000703 0.001712 0.000037
0 0.000797 0.000822 0.001595 0.000037
0 0.000771 0.000775 0.001541 0.000034
0 0.000724 0.000737 0.001447 0.000035
0 0.000710 0.000762 0.001421 0.000036
0 0.000700 0.000787 0.001400 0.000034
0 0.000600 0.000995 0.001200 0.000034
0 0.000570 0.001055 0.001141 0.000040
0 0.000467 0.001280 0.000934 0.000039
0 0.000395 0.001413 0.000790 0.000037
0 0.000112 0.001952 0.000225 0.000029