0 0.000364 0.002017 0.000728 0.000060
0 0.000884 0.000913 0.001768 0.000084
0 0.000812 0.000869 0.001624 0.000086
0 0.000777 0.000851 0.001554 0.000085
0 0.000740 0.000832 0.001481 0.000074
0 0.000705 0.000810 0.001410 0.000076
0 0.000672 0.000782 0.001345 0.000093
0 0.000626 0.000768 0.001252 0.000049
0 0.000558 0.000729 0.001117 0.000052
0 0.000522 0.000703 0.001044 0.000054
0 0.000486 0.000680 0.000972 0.000057
0 0.000453 0.000663 0.000907 0.000055
0 0.000391 0.000775 0.000782 0.000045
0 0.000419 0.000795 0.000839 0.000047
0 0.000445 0.000810 0.000890 0.000046
0 0.000471 0.000826 0.000943 0.000046
0 0.000499 0.000843 0.000997 0.000044
0 0.000849 0.000892 0.001698 0.000084
0 0.000918 0.000939 0.001835 0.000071
0 0.000048 0.001619 0.000096 0.000046
0 0.000991 0.000980 0.001981 0.000083
0 0.000159 0.000261 0.000318 0.000055
0 0.000193 0.000290 0.000387 0.000045
0 0.000304 0.000345 0.000607 0.000076
0 0.000226 0.000313 0.000452 0.000045
0 0.000333 0.000369 0.000666 0.000051
0 0.000365 0.000384 0.000729 0.000057
0 0.000511 0.000484 0.001021 0.000050
0 0.000528 0.000496 0.001057 0.000042
0 0.000547 0.000508 0.001095 0.000041
0 0.000579 0.000524 0.001158 0.000065
0 0.000775 0.000649 0.001549 0.000063
0 0.000897 0.000720 0.001794 0.000076
0 0.000930 0.000741 0.001861 0.000064
0 0.000958 0.000766 0.001916 0.000064
0 0.001024 0.001005 0.002047 0.000067
0 0.000886 0.001079 0.001773 0.000050
0 0.000915 0.001096 0.001829 0.000046
0 0.000885 0.001711 0.001770 0.000046
0 0.000764 0.001717 0.001528 0.000045
0 0.000230 0.001564 0.000461 0.000048
0 0.000250 0.001399 0.000500 0.000055
0 0.000293 0.001434 0.000586 0.000040
0 0.000320 0.001451 0.000641 0.000044
0 0.000356 0.001474 0.000712 0.000044
0 0.000386 0.001486 0.000771 0.000051
0 0.000412 0.001509 0.000823 0.000046
0 0.000440 0.001521 0.000880 0.000052
0 0.000579 0.002005 0.001158 0.000046
0 0.000631 0.001984 0.001263 0.000046
0 0.000674 0.002000 0.001348 0.000064
0 0.000724 0.002038 0.001449 0.000048
0 0.000800 0.002084 0.001600 0.000047
0 0.000831 0.002019 0.001661 0.000071
0 0.000118 0.001524 0.000235 0.000041
0 0.000259 0.001746 0.000519 0.000085
0 0.000325 0.001792 0.000651 0.000079
0 0.000341 0.001629 0.000683 0.000075
0 0.000764 0.001886 0.001527 0.000067
0 0.000821 0.001747 0.001641 0.000047
0 0.000952 0.001842 0.001905 0.000050
0 0.000937 0.001903 0.001874 0.000042
0 0.000927 0.001941 0.001854 0.000046
0 0.000891 0.001975 0.001783 0.000034
0 0.000822 0.001931 0.001645 0.000047
0 0.000729 0.001866 0.001458 0.000070
0 0.000373 0.001650 0.000747 0.000069
0 0.000666 0.001825 0.001332 0.000070
0 0.000631 0.001809 0.001261 0.000079
0 0.000593 0.001783 0.001186 0.000082
0 0.000556 0.001761 0.001112 0.000068
0 0.000475 0.001708 0.000951 0.000065
0 0.000394 0.001733 0.000788 0.000082
0 0.000125 0.000241 0.000251 0.000052