0 0.012219 0.001404 0.020206 0.000065
0 0.012240 0.000667 0.020164 0.000050
0 0.004799 0.001324 0.008260 0.000304
0 0.004727 0.001443 0.008403 0.000317
0 0.004669 0.001552 0.008519 0.000310
0 0.004608 0.001657 0.008641 0.000310
0 0.004898 0.001667 0.008061 0.000307
0 0.011055 0.000432 0.018069 0.000059
0 0.012180 0.000459 0.020282 0.000055
0 0.012186 0.000493 0.020270 0.000051
0 0.012196 0.000516 0.020251 0.000044
0 0.012207 0.000570 0.020228 0.000055
0 0.012231 0.000644 0.020180 0.000050
0 0.012224 0.000615 0.020195 0.000054
0 0.011579 0.002195 0.021485 0.000054
0 0.012216 0.000586 0.020211 0.000062
0 0.012200 0.001554 0.020243 0.000041
0 0.012245 0.001803 0.020154 0.000051
0 0.011051 0.002044 0.018076 0.000069
0 0.012209 0.002007 0.020226 0.000043
0 0.010944 0.001789 0.018291 0.000079
0 0.011991 0.001801 0.020660 0.000054
0 0.011802 0.002127 0.021040 0.000055
0 0.011643 0.002065 0.021358 0.000062
0 0.011611 0.002138 0.021421 0.000055
0 0.011593 0.002168 0.021458 0.000057
0 0.014941 0.001065 0.028154 0.001436