0 0.011164 0.000715 0.022315 0.000044
0 0.011545 0.001035 0.021554 0.000040
0 0.007169 0.000768 0.012448 0.001531
0 0.014885 0.001419 0.028266 0.000670
0 0.014659 0.001485 0.028718 0.000558
0 0.005327 0.000615 0.007204 0.000106
0 0.005329 0.000759 0.007199 0.000108
0 0.005331 0.000906 0.007195 0.000102
0 0.005405 0.000665 0.007046 0.000106
0 0.005407 0.000787 0.007042 0.000106
0 0.005410 0.000912 0.007038 0.000106
0 0.011263 0.001060 0.022117 0.000044
0 0.011258 0.001073 0.022127 0.000046
0 0.011570 0.001105 0.021504 0.000037
0 0.011192 0.000333 0.022258 0.000042
0 0.011495 0.000952 0.021652 0.000040
0 0.011496 0.000734 0.021651 0.000042
0 0.011489 0.000755 0.021666 0.000033
0 0.011481 0.000783 0.021682 0.000040
0 0.011474 0.000839 0.021694 0.000040
0 0.011479 0.000853 0.021686 0.000033
0 0.011534 0.000605 0.021575 0.000037
0 0.011524 0.000640 0.021595 0.000035
0 0.011219 0.000144 0.022205 0.000037
0 0.011204 0.000245 0.022235 0.000042
0 0.011198 0.000288 0.022247 0.000035
0 0.015038 0.000731 0.027959 0.000996