0 0.012097 0.001473 0.020449 0.000028
0 0.012148 0.001576 0.020346 0.000021
0 0.014804 0.001062 0.028428 0.000627
0 0.002885 0.000227 0.003159 0.000029
0 0.002886 0.000256 0.003157 0.000029
0 0.002892 0.000286 0.003145 0.000030
0 0.002900 0.000248 0.003129 0.000032
0 0.002903 0.000279 0.003123 0.000034
0 0.014838 0.001783 0.028360 0.000505
0 0.006911 0.001765 0.012964 0.000759
0 0.005146 0.001342 0.007565 0.000103
0 0.005160 0.001422 0.007537 0.000104
0 0.005176 0.001524 0.007505 0.000103
0 0.005190 0.001609 0.007478 0.000105
0 0.005253 0.001265 0.007350 0.000103
0 0.005268 0.001345 0.007322 0.000106
0 0.005283 0.001453 0.007290 0.000103
0 0.005297 0.001539 0.007263 0.000105
0 0.004720 0.002192 0.008417 0.000078
0 0.010947 0.001087 0.018285 0.000047
0 0.010898 0.001010 0.018383 0.000114
0 0.010991 0.001378 0.018197 0.000045
0 0.012152 0.001559 0.020340 0.000021
0 0.014813 0.000444 0.028409 0.000564