0 0.004703 0.001617 0.008450 0.000093
0 0.004707 0.001496 0.008443 0.000087
0 0.004712 0.001363 0.008432 0.000085
0 0.004717 0.001244 0.008423 0.000088
0 0.004563 0.001821 0.008731 0.000083
0 0.004568 0.001710 0.008720 0.000088
0 0.004572 0.001581 0.008714 0.000083
0 0.004577 0.001469 0.008704 0.000088
0 0.004582 0.001323 0.008693 0.000083
0 0.004465 0.001751 0.008927 0.000079
0 0.004465 0.001650 0.008927 0.000085
0 0.007109 0.001543 0.012568 0.000750
0 0.015017 0.001560 0.028002 0.000504
0 0.015551 0.001404 0.026933 0.000292
0 0.014921 0.000475 0.028195 0.000513