0 0.012001 0.001211 0.020642 0.000025
0 0.011959 0.001656 0.020724 0.000029
0 0.011940 0.001419 0.020764 0.000035
0 0.011937 0.001444 0.020770 0.000034
0 0.011932 0.001492 0.020778 0.000034
0 0.011924 0.001560 0.020794 0.000029
0 0.011924 0.001584 0.020796 0.000030
0 0.011920 0.001607 0.020802 0.000032
0 0.011918 0.001632 0.020806 0.000029
0 0.011916 0.001653 0.020811 0.000030
0 0.011914 0.001677 0.020815 0.000031
0 0.011913 0.001699 0.020818 0.000032
0 0.011947 0.001788 0.020750 0.000031
0 0.011946 0.001812 0.020751 0.000027
0 0.011961 0.001633 0.020720 0.000030
0 0.011956 0.001698 0.020731 0.000027
0 0.012004 0.001186 0.020634 0.000027
0 0.011952 0.001744 0.020739 0.000032
0 0.011943 0.001834 0.020757 0.000030
0 0.011936 0.001900 0.020771 0.000032
0 0.011968 0.001565 0.020707 0.000031
0 0.011965 0.001590 0.020713 0.000031
0 0.012003 0.001577 0.020636 0.000042
0 0.012011 0.001586 0.020621 0.000047
0 0.011981 0.001440 0.020681 0.000042
0 0.011989 0.001447 0.020665 0.000051
0 0.012022 0.001479 0.020600 0.000046
0 0.012027 0.001602 0.020589 0.000042
0 0.012035 0.001603 0.020574 0.000045
0 0.012043 0.001616 0.020558 0.000047
0 0.011910 0.001721 0.020823 0.000032
0 0.011906 0.001744 0.020830 0.000035
0 0.011903 0.001791 0.020838 0.000032
0 0.011900 0.001812 0.020844 0.000030
0 0.014067 0.000658 0.025437 0.000269
0 0.010819 0.001876 0.018541 0.000035
0 0.010233 0.000902 0.019712 0.000069
0 0.010532 0.000818 0.019115 0.000029
0 0.002040 0.001529 0.000384 0.000056
0 0.005581 0.001132 0.011160 0.000311
0 0.010226 0.001081 0.019727 0.000055
0 0.011301 0.000589 0.022041 0.000029
0 0.011308 0.000666 0.022027 0.000049
0 0.011301 0.000658 0.022041 0.000037
0 0.011319 0.000884 0.022005 0.000036
0 0.011324 0.000949 0.021994 0.000039
0 0.011297 0.001169 0.022048 0.000036
0 0.011308 0.001259 0.022026 0.000049
0 0.011305 0.001310 0.022032 0.000042
0 0.011292 0.001365 0.022059 0.000039
0 0.011300 0.001497 0.022042 0.000042
0 0.011313 0.001469 0.022017 0.000046
0 0.011507 0.001475 0.021628 0.000039
0 0.011557 0.001482 0.021529 0.000044
0 0.011540 0.001525 0.021562 0.000041
0 0.011586 0.001694 0.021471 0.000045
0 0.011616 0.001769 0.021411 0.000044
0 0.011786 0.001923 0.021070 0.000031
0 0.011903 0.002001 0.020838 0.000041
0 0.011895 0.001885 0.020854 0.000032
0 0.011898 0.001837 0.020846 0.000035
0 0.012036 0.001492 0.020570 0.000046
0 0.012053 0.001499 0.020536 0.000049
0 0.012061 0.001510 0.020520 0.000051
0 0.011520 0.000798 0.021603 0.000036
0 0.011543 0.000813 0.021556 0.000047
0 0.011559 0.000822 0.021525 0.000042
0 0.011630 0.000806 0.021382 0.000022
0 0.011707 0.000833 0.021230 0.000030
0 0.011681 0.000688 0.021281 0.000050
0 0.011669 0.000679 0.021305 0.000050
0 0.011658 0.000669 0.021326 0.000037
0 0.011666 0.000549 0.021310 0.000045
0 0.011658 0.000541 0.021326 0.000039
0 0.011639 0.000534 0.021365 0.000047
0 0.011633 0.000531 0.021376 0.000042
0 0.011618 0.000635 0.021407 0.000047
0 0.011584 0.000501 0.021474 0.000054
0 0.011593 0.000503 0.021457 0.000051
0 0.011584 0.000620 0.021474 0.000041
0 0.011609 0.000516 0.021426 0.000050
0 0.011577 0.000616 0.021490 0.000039
0 0.011601 0.000632 0.021441 0.000042
0 0.011608 0.000637 0.021427 0.000046
0 0.011618 0.000521 0.021407 0.000045
0 0.011649 0.000534 0.021345 0.000037
0 0.011754 0.000605 0.021136 0.000049
0 0.011508 0.000727 0.021626 0.000026
0 0.011873 0.000579 0.020898 0.000035
0 0.011223 0.001276 0.022197 0.000044
0 0.011699 0.001098 0.021244 0.000039
0 0.012007 0.001162 0.020628 0.000024
0 0.011534 0.000811 0.021575 0.000045
0 0.011511 0.000789 0.021620 0.000051
0 0.012101 0.001548 0.020442 0.000047
0 0.011503 0.000784 0.021636 0.000049
0 0.012109 0.001552 0.020425 0.000047
0 0.012117 0.001553 0.020409 0.000049
0 0.012142 0.001576 0.020358 0.000046
0 0.012159 0.001588 0.020325 0.000047
0 0.012226 0.001684 0.020190 0.000047
0 0.012233 0.001701 0.020178 0.000049
0 0.012257 0.001715 0.020128 0.000039
0 0.012090 0.001654 0.020463 0.000042
0 0.012098 0.001664 0.020448 0.000046
0 0.012106 0.001667 0.020430 0.000049
0 0.012113 0.001674 0.020416 0.000042
0 0.012122 0.001681 0.020398 0.000051
0 0.012131 0.001690 0.020381 0.000049
0 0.011233 0.001889 0.022176 0.000029
0 0.011393 0.000712 0.021857 0.000046
0 0.011401 0.000719 0.021840 0.000045
0 0.011409 0.000724 0.021825 0.000042
0 0.011417 0.000728 0.021809 0.000044
0 0.011422 0.000739 0.021798 0.000049
0 0.011435 0.000746 0.021773 0.000049
0 0.011429 0.000674 0.021784 0.000027
0 0.011453 0.000692 0.021736 0.000026
0 0.011466 0.000769 0.021711 0.000051
0 0.011477 0.000574 0.021688 0.000050
0 0.011493 0.000585 0.021657 0.000045
0 0.011500 0.000591 0.021644 0.000046
0 0.011496 0.000785 0.021651 0.000042
0 0.010168 0.000576 0.019842 0.000031