0 0.011861 0.000859 0.020920 0.000011
0 0.012232 0.001219 0.020179 0.000022
0 0.012237 0.001358 0.020169 0.000021
0 0.012231 0.001376 0.020180 0.000013
0 0.012221 0.001321 0.020201 0.000015
0 0.012218 0.001332 0.020207 0.000013
0 0.012213 0.001342 0.020217 0.000017
0 0.012212 0.001354 0.020220 0.000016
0 0.012209 0.001365 0.020225 0.000017
0 0.012208 0.001375 0.020227 0.000015
0 0.012190 0.001500 0.020263 0.000016
0 0.012192 0.001516 0.020260 0.000022
0 0.012183 0.001436 0.020276 0.000023
0 0.012181 0.001443 0.020280 0.000021
0 0.012178 0.001451 0.020287 0.000022
0 0.012175 0.001460 0.020292 0.000021
0 0.012173 0.001467 0.020298 0.000020
0 0.012172 0.001495 0.020298 0.000022
0 0.012166 0.001501 0.020311 0.000020
0 0.012168 0.001510 0.020307 0.000022
0 0.012172 0.001518 0.020299 0.000020
0 0.012265 0.001525 0.020113 0.000020
0 0.012238 0.001659 0.020166 0.000020
0 0.012216 0.001624 0.020211 0.000027
0 0.012217 0.001650 0.020209 0.000021
0 0.012223 0.001632 0.020197 0.000020
0 0.012229 0.001683 0.020185 0.000022
0 0.012232 0.001674 0.020179 0.000023
0 0.012235 0.001667 0.020172 0.000024
0 0.012261 0.001897 0.020121 0.000026
0 0.012269 0.001653 0.020106 0.000023
0 0.012218 0.001256 0.020206 0.000022
0 0.012240 0.001154 0.020162 0.000024
0 0.012205 0.001831 0.020233 0.000022
0 0.012226 0.001026 0.020191 0.000025
0 0.011726 0.000054 0.021192 0.000024
0 0.011733 0.000198 0.021177 0.000022
0 0.011740 0.000031 0.021163 0.000023
0 0.012263 0.000076 0.020117 0.000024
0 0.012256 0.000097 0.020131 0.000023
0 0.012269 0.000162 0.020104 0.000026
0 0.012258 0.000278 0.020127 0.000024
0 0.012251 0.000332 0.020141 0.000024
0 0.012001 0.000469 0.020640 0.000022
0 0.011999 0.000521 0.020644 0.000023
0 0.012000 0.000494 0.020644 0.000024
0 0.011995 0.000601 0.020652 0.000022
0 0.011993 0.000649 0.020657 0.000025
0 0.011991 0.000700 0.020660 0.000023
0 0.011974 0.000735 0.020695 0.000018
0 0.011984 0.000820 0.020675 0.000027
0 0.011982 0.000841 0.020678 0.000021
0 0.011981 0.000863 0.020681 0.000022
0 0.011974 0.000930 0.020694 0.000025
0 0.012018 0.000734 0.020606 0.000013
0 0.012084 0.000597 0.020476 0.000020
0 0.012076 0.000604 0.020491 0.000025
0 0.012071 0.000608 0.020501 0.000024
0 0.012171 0.000892 0.020301 0.000023
0 0.012185 0.000925 0.020273 0.000023
0 0.012192 0.000943 0.020258 0.000021
0 0.012200 0.000964 0.020242 0.000022
0 0.012207 0.000979 0.020228 0.000020
0 0.012213 0.000993 0.020217 0.000023
0 0.012224 0.001795 0.020194 0.000020
0 0.012021 0.001881 0.020602 0.000026
0 0.011405 0.000954 0.021832 0.000015
0 0.011329 0.000846 0.021985 0.000018
0 0.011319 0.000888 0.022005 0.000018
0 0.011317 0.000897 0.022009 0.000019
0 0.011315 0.000914 0.022012 0.000019
0 0.011315 0.000925 0.022013 0.000015
0 0.011340 0.000834 0.021964 0.000016
0 0.011339 0.000845 0.021965 0.000016
0 0.011337 0.000855 0.021969 0.000017
0 0.011335 0.000866 0.021974 0.000019
0 0.011332 0.000876 0.021978 0.000018
0 0.011330 0.000888 0.021982 0.000018
0 0.011330 0.000898 0.021984 0.000019
0 0.011327 0.000908 0.021988 0.000018
0 0.011324 0.000923 0.021994 0.000019
0 0.011321 0.000934 0.022000 0.000019
0 0.011320 0.000947 0.022002 0.000018
0 0.011319 0.000957 0.022005 0.000018
0 0.011317 0.000966 0.022009 0.000017
0 0.011315 0.000978 0.022014 0.000017
0 0.011312 0.000996 0.022018 0.000017
0 0.011311 0.001007 0.022021 0.000016
0 0.011383 0.000740 0.021876 0.000022
0 0.011425 0.000846 0.021794 0.000016
0 0.011423 0.000856 0.021798 0.000015
0 0.011420 0.000878 0.021802 0.000016
0 0.011417 0.000886 0.021808 0.000014
0 0.011417 0.000897 0.021810 0.000017
0 0.011414 0.000906 0.021815 0.000015
0 0.011410 0.000925 0.021823 0.000017
0 0.011410 0.000937 0.021823 0.000015
0 0.011325 0.000867 0.021992 0.000016
0 0.011328 0.000835 0.021988 0.000016
0 0.012011 0.001927 0.020622 0.000023
0 0.011332 0.000824 0.021979 0.000017
0 0.011879 0.002030 0.020886 0.000017
0 0.011879 0.002041 0.020885 0.000018
0 0.011906 0.002023 0.020831 0.000020
0 0.011903 0.002034 0.020836 0.000019
0 0.011896 0.002055 0.020850 0.000022
0 0.011895 0.002069 0.020854 0.000018
0 0.011843 0.001252 0.020956 0.000019
0 0.011799 0.001244 0.021045 0.000025
0 0.011797 0.001296 0.021049 0.000023
0 0.011793 0.001376 0.021057 0.000020
0 0.011794 0.001354 0.021054 0.000019
0 0.011792 0.001405 0.021058 0.000022
0 0.011791 0.001432 0.021060 0.000023
0 0.011791 0.001459 0.021062 0.000025
0 0.011851 0.001364 0.020942 0.000011
0 0.011297 0.001161 0.022048 0.000015
0 0.011303 0.000994 0.022036 0.000017
0 0.011304 0.000982 0.022034 0.000017
0 0.011307 0.000970 0.022029 0.000018
0 0.011310 0.000959 0.022023 0.000015
0 0.011312 0.000948 0.022020 0.000017
0 0.011312 0.000937 0.022019 0.000017
0 0.011348 0.000787 0.021947 0.000018
0 0.011346 0.000799 0.021952 0.000016
0 0.011344 0.000812 0.021956 0.000019
0 0.011342 0.000823 0.021960 0.000017
0 0.011337 0.000793 0.021968 0.000017
0 0.011335 0.000803 0.021973 0.000019
0 0.011334 0.000815 0.021975 0.000018
0 0.011712 0.000213 0.021219 0.000013
0 0.011693 0.000300 0.021258 0.000019
0 0.011692 0.000323 0.021259 0.000016
0 0.010482 0.000993 0.019215 0.000022
0 0.010280 0.001009 0.019618 0.000019
0 0.010883 0.000987 0.018412 0.000028
0 0.010427 0.001135 0.019324 0.000026
0 0.010352 0.001067 0.019475 0.000039
0 0.010157 0.001054 0.019864 0.000047
0 0.010143 0.001134 0.019892 0.000077
0 0.010821 0.001202 0.018537 0.000068
0 0.010794 0.001292 0.018590 0.000018
0 0.010732 0.001246 0.018715 0.000023
0 0.010337 0.001223 0.019504 0.000051
0 0.010333 0.001248 0.019512 0.000050
0 0.010342 0.001198 0.019494 0.000052
0 0.010326 0.001261 0.019526 0.000054
0 0.010164 0.001207 0.019851 0.000027
0 0.010154 0.001240 0.019870 0.000048
0 0.010130 0.001333 0.019919 0.000067
0 0.010321 0.001283 0.019537 0.000053
0 0.010428 0.001330 0.019323 0.000030
0 0.010469 0.001356 0.019241 0.000020
0 0.010467 0.001368 0.019245 0.000020
0 0.010680 0.001325 0.018819 0.000023
0 0.010717 0.001333 0.018744 0.000023
0 0.010912 0.001329 0.018355 0.000028
0 0.011113 0.001400 0.017953 0.000015
0 0.011070 0.001427 0.018039 0.000026
0 0.011008 0.001412 0.018163 0.000026
0 0.010253 0.001249 0.019672 0.000025
0 0.010127 0.001373 0.019925 0.000031
0 0.010124 0.001388 0.019931 0.000030
0 0.010223 0.001031 0.019733 0.000019
0 0.010207 0.000878 0.019765 0.000019
0 0.011688 0.000332 0.021267 0.000020
0 0.010779 0.000880 0.018620 0.000017
0 0.010579 0.000290 0.019020 0.000021
0 0.010619 0.000143 0.018941 0.000023
0 0.010394 0.000414 0.019391 0.000020
0 0.010410 0.000437 0.019359 0.000026
0 0.011065 0.000505 0.018049 0.000024
0 0.010174 0.000529 0.019830 0.000024
0 0.010226 0.000525 0.019726 0.000025
0 0.010252 0.000580 0.019675 0.000028
0 0.010526 0.000559 0.019126 0.000023
0 0.010879 0.000572 0.018421 0.000034
0 0.011051 0.000493 0.018076 0.000016
0 0.011056 0.000484 0.018067 0.000019
0 0.010281 0.000540 0.019617 0.000015
0 0.010280 0.000621 0.019619 0.000024
0 0.010751 0.000691 0.018677 0.000013
0 0.010751 0.000702 0.018677 0.000011
0 0.010749 0.000714 0.018680 0.000013
0 0.010475 0.000687 0.019228 0.000026
0 0.010330 0.000741 0.019518 0.000018
0 0.010325 0.000733 0.019529 0.000014
0 0.010317 0.000681 0.019545 0.000026
0 0.010247 0.000721 0.019685 0.000030
0 0.010278 0.000759 0.019623 0.000031
0 0.010301 0.000797 0.019576 0.000026
0 0.010308 0.000802 0.019562 0.000023
0 0.010383 0.000750 0.019412 0.000026
0 0.010383 0.000778 0.019412 0.000027
0 0.010860 0.000771 0.018459 0.000022
0 0.011062 0.000908 0.018054 0.000022
0 0.010121 0.001399 0.019936 0.000028
0 0.010116 0.001403 0.019947 0.000031
0 0.011049 0.001477 0.018081 0.000026
0 0.011075 0.001476 0.018028 0.000015
0 0.011231 0.000164 0.022181 0.000024
0 0.011231 0.000105 0.022181 0.000019
0 0.011241 0.000121 0.022160 0.000022
0 0.011246 0.000128 0.022150 0.000020
0 0.011251 0.000137 0.022141 0.000022
0 0.011198 0.000117 0.022247 0.000022
0 0.011193 0.000137 0.022257 0.000026
0 0.011172 0.000165 0.022298 0.000020
0 0.011161 0.000150 0.022321 0.000022
0 0.011176 0.000084 0.022292 0.000022
0 0.011162 0.000314 0.022319 0.000019
0 0.011165 0.000324 0.022313 0.000019
0 0.011172 0.000079 0.022298 0.000022
0 0.011161 0.000086 0.022321 0.000022
0 0.011163 0.000094 0.022317 0.000022
0 0.011167 0.000099 0.022309 0.000024
0 0.011174 0.000109 0.022294 0.000023
0 0.011168 0.000073 0.022308 0.000024
0 0.011165 0.000067 0.022313 0.000024
0 0.011161 0.000060 0.022321 0.000023
0 0.011197 0.000142 0.022248 0.000023
0 0.011459 0.000030 0.021724 0.000016
0 0.011463 0.000040 0.021717 0.000016
0 0.011460 0.000054 0.021723 0.000016
0 0.011464 0.000105 0.021715 0.000019
0 0.011456 0.000110 0.021730 0.000020
0 0.011646 0.000261 0.021350 0.000020
0 0.011644 0.000273 0.021355 0.000020
0 0.011669 0.000284 0.021305 0.000016
0 0.011227 0.000159 0.022189 0.000024
0 0.011223 0.000153 0.022197 0.000026
0 0.011217 0.000091 0.022208 0.000023
0 0.010171 0.002088 0.019837 0.000053
0 0.011135 0.001517 0.017909 0.000027
0 0.011154 0.001512 0.017870 0.000015
0 0.014351 0.001499 0.024870 0.000076
0 0.010447 0.001515 0.019285 0.000020
0 0.010391 0.001214 0.019396 0.000019
0 0.011072 0.001572 0.018034 0.000026
0 0.010188 0.001585 0.019802 0.000028
0 0.010837 0.001848 0.018505 0.000026
0 0.010901 0.001867 0.018376 0.000028
0 0.010967 0.001888 0.018244 0.000024
0 0.010868 0.002033 0.018442 0.000029
0 0.010899 0.001908 0.018380 0.000019
0 0.010820 0.002123 0.018538 0.000024
0 0.010151 0.002152 0.019877 0.000044
0 0.016310 0.001923 0.029879 0.000027
0 0.010174 0.002215 0.019831 0.000030
0 0.010437 0.002185 0.019305 0.000026
0 0.010754 0.002215 0.018670 0.000023
0 0.010767 0.002128 0.018645 0.000022
0 0.011018 0.002159 0.018143 0.000024
0 0.011075 0.002216 0.018028 0.000019
0 0.010980 0.002168 0.018218 0.000027
0 0.010235 0.002134 0.019708 0.000039
0 0.010242 0.002141 0.019695 0.000042
0 0.010254 0.002190 0.019671 0.000027
0 0.010278 0.001024 0.019623 0.000018
0 0.010453 0.002120 0.019273 0.000016
0 0.010909 0.001102 0.018361 0.000021
0 0.011408 0.000946 0.021827 0.000016
0 0.011404 0.000964 0.021836 0.000015
0 0.011861 0.000847 0.020920 0.000012
0 0.011659 0.001095 0.021325 0.000015
0 0.011688 0.001108 0.021267 0.000017
0 0.011685 0.001119 0.021273 0.000014
0 0.011684 0.001130 0.021274 0.000015
0 0.011711 0.001083 0.021221 0.000017
0 0.011540 0.001063 0.021564 0.000017
0 0.011531 0.001096 0.021581 0.000017
0 0.011513 0.001064 0.021617 0.000015
0 0.011517 0.001043 0.021609 0.000015
0 0.011518 0.001032 0.021607 0.000015
0 0.011507 0.001135 0.021630 0.000023
0 0.011487 0.001192 0.021670 0.000020
0 0.011513 0.001143 0.021616 0.000023
0 0.011511 0.001166 0.021621 0.000021
0 0.011550 0.000999 0.021544 0.000015
0 0.011538 0.001074 0.021568 0.000017
0 0.011502 0.001208 0.021638 0.000016
0 0.011524 0.001230 0.021596 0.000019
0 0.011522 0.001177 0.021599 0.000023
0 0.011524 0.001151 0.021594 0.000023
0 0.011530 0.001160 0.021584 0.000019
0 0.011543 0.001127 0.021558 0.000017
0 0.011549 0.001339 0.021546 0.000020
0 0.011462 0.001310 0.021718 0.000016
0 0.011462 0.001321 0.021720 0.000016
0 0.011465 0.001300 0.021713 0.000014
0 0.011791 0.001525 0.021062 0.000022
0 0.011791 0.001553 0.021061 0.000019
0 0.011791 0.001578 0.021061 0.000020
0 0.011791 0.001600 0.021060 0.000019
0 0.011686 0.001094 0.021271 0.000016
0 0.011663 0.001074 0.021317 0.000016
0 0.011621 0.001851 0.021401 0.000013
0 0.011656 0.000983 0.021331 0.000018
0 0.011557 0.001548 0.021529 0.000013
0 0.011557 0.001527 0.021528 0.000018
0 0.011553 0.001663 0.021537 0.000023
0 0.011557 0.001640 0.021529 0.000020
0 0.011584 0.001472 0.021475 0.000024
0 0.011571 0.001435 0.021500 0.000018
0 0.011570 0.001458 0.021502 0.000017
0 0.011567 0.001467 0.021508 0.000015
0 0.011566 0.001477 0.021510 0.000016
0 0.011565 0.001489 0.021512 0.000015
0 0.011565 0.001498 0.021514 0.000014
0 0.011572 0.001445 0.021498 0.000016
0 0.011596 0.001296 0.021452 0.000013
0 0.011588 0.001335 0.021467 0.000016
0 0.011601 0.001258 0.021441 0.000019
0 0.011604 0.001338 0.021434 0.000024
0 0.011609 0.001316 0.021425 0.000022
0 0.011613 0.001290 0.021416 0.000023
0 0.011614 0.001178 0.021415 0.000018
0 0.011623 0.001236 0.021398 0.000023
0 0.011617 0.001261 0.021408 0.000022
0 0.011620 0.001131 0.021402 0.000016
0 0.011622 0.001122 0.021399 0.000019
0 0.011632 0.001175 0.021379 0.000023
0 0.011637 0.001150 0.021370 0.000020
0 0.011629 0.001087 0.021384 0.000017
0 0.011631 0.001076 0.021381 0.000014
0 0.011633 0.001065 0.021378 0.000013
0 0.011661 0.001083 0.021320 0.000014
0 0.011794 0.001777 0.021055 0.000021
0 0.011578 0.001820 0.021487 0.000016
0 0.011402 0.000976 0.021839 0.000017
0 0.012015 0.001008 0.020614 0.000023
0 0.011957 0.001087 0.020730 0.000020
0 0.011954 0.001106 0.020735 0.000022
0 0.011930 0.001154 0.020782 0.000019
0 0.011925 0.001150 0.020792 0.000019
0 0.011917 0.001140 0.020809 0.000017
0 0.011912 0.001137 0.020819 0.000017
0 0.011906 0.001120 0.020831 0.000011
0 0.011912 0.001103 0.020818 0.000018
0 0.011891 0.001068 0.020860 0.000019
0 0.011888 0.001064 0.020868 0.000019
0 0.011863 0.001221 0.020916 0.000013
0 0.011871 0.001048 0.020900 0.000017
0 0.011795 0.001099 0.021052 0.000021
0 0.011791 0.001097 0.021062 0.000023
0 0.011786 0.001093 0.021072 0.000022
0 0.011777 0.001087 0.021089 0.000020
0 0.011764 0.001075 0.021114 0.000019
0 0.011761 0.001073 0.021122 0.000019
0 0.011757 0.001068 0.021130 0.000019
0 0.011884 0.000725 0.020875 0.000016
0 0.011895 0.000743 0.020853 0.000013
0 0.011868 0.000680 0.020907 0.000010
0 0.011866 0.000743 0.020910 0.000011
0 0.011866 0.000756 0.020911 0.000009
0 0.011865 0.000767 0.020913 0.000010
0 0.011864 0.000779 0.020915 0.000011
0 0.011863 0.000798 0.020917 0.000011
0 0.011862 0.000810 0.020918 0.000013
0 0.011862 0.000822 0.020920 0.000013
0 0.011967 0.001011 0.020709 0.000020
0 0.011995 0.001023 0.020654 0.000019
0 0.011908 0.001830 0.020827 0.000020
0 0.012011 0.001052 0.020622 0.000019
0 0.011840 0.001549 0.020963 0.000015
0 0.011943 0.001645 0.020758 0.000017
0 0.011950 0.001683 0.020742 0.000023
0 0.011961 0.001662 0.020721 0.000015
0 0.011978 0.001677 0.020687 0.000016
0 0.011988 0.001688 0.020667 0.000018
0 0.012001 0.001699 0.020640 0.000016
0 0.012025 0.001590 0.020593 0.000020
0 0.012010 0.001708 0.020623 0.000015
0 0.012020 0.001717 0.020602 0.000016
0 0.012042 0.001750 0.020559 0.000024
0 0.012059 0.001565 0.020525 0.000022
0 0.012055 0.001560 0.020532 0.000023
0 0.012034 0.001331 0.020575 0.000023
0 0.012153 0.001306 0.020336 0.000020
0 0.012144 0.001289 0.020354 0.000020
0 0.012133 0.001267 0.020376 0.000020
0 0.012126 0.001253 0.020391 0.000019
0 0.012108 0.001221 0.020427 0.000019
0 0.012092 0.001226 0.020459 0.000022
0 0.012090 0.001203 0.020463 0.000018
0 0.012101 0.001208 0.020441 0.000019
0 0.012093 0.001193 0.020456 0.000021
0 0.012083 0.001170 0.020477 0.000020
0 0.012074 0.001154 0.020495 0.000020
0 0.012054 0.001114 0.020535 0.000018
0 0.012046 0.001100 0.020551 0.000017
0 0.012030 0.001108 0.020583 0.000022
0 0.012036 0.001063 0.020572 0.000018
0 0.011552 0.001557 0.021538 0.000014
0 0.011550 0.001567 0.021542 0.000017
0 0.011400 0.001504 0.021842 0.000017
0 0.011411 0.000645 0.021820 0.000023
0 0.011417 0.000651 0.021810 0.000021
0 0.011421 0.000638 0.021800 0.000023
0 0.011422 0.000661 0.021800 0.000023
0 0.011426 0.000640 0.021790 0.000022
0 0.011417 0.000568 0.021808 0.000015
0 0.011423 0.000578 0.021797 0.000013
0 0.011428 0.000585 0.021787 0.000016
0 0.011435 0.000593 0.021773 0.000012
0 0.011439 0.000602 0.021765 0.000014
0 0.011436 0.000725 0.021772 0.000014
0 0.011450 0.000679 0.021743 0.000023
0 0.011444 0.000691 0.021754 0.000019
0 0.011449 0.000703 0.021745 0.000022
0 0.011456 0.000710 0.021732 0.000022
0 0.011454 0.000749 0.021735 0.000013
0 0.011458 0.000759 0.021728 0.000012
0 0.011462 0.000766 0.021718 0.000014
0 0.011460 0.000691 0.021722 0.000023
0 0.011461 0.000720 0.021721 0.000023
0 0.011466 0.000700 0.021711 0.000020
0 0.011466 0.000727 0.021711 0.000020
0 0.011471 0.000706 0.021700 0.000023
0 0.011472 0.000733 0.021699 0.000022
0 0.011476 0.000715 0.021690 0.000019
0 0.011478 0.000740 0.021687 0.000021
0 0.011483 0.000728 0.021677 0.000019
0 0.011488 0.000760 0.021667 0.000022
0 0.011505 0.000761 0.021633 0.000020
0 0.011608 0.000762 0.021427 0.000018
0 0.011416 0.000626 0.021810 0.000023
0 0.011411 0.000618 0.021820 0.000022
0 0.011257 0.002109 0.022129 0.000021
0 0.011406 0.000639 0.021830 0.000022
0 0.011425 0.001025 0.021792 0.000023
0 0.011398 0.000995 0.021847 0.000016
0 0.011392 0.001035 0.021859 0.000014
0 0.011432 0.001027 0.021779 0.000019
0 0.011454 0.000861 0.021734 0.000020
0 0.011471 0.000892 0.021701 0.000017
0 0.011339 0.000617 0.021965 0.000021
0 0.011346 0.000511 0.021952 0.000022
0 0.011349 0.000496 0.021944 0.000020
0 0.011354 0.000487 0.021935 0.000022
0 0.011371 0.000497 0.021901 0.000013
0 0.011374 0.000506 0.021894 0.000016
0 0.011380 0.000513 0.021883 0.000016
0 0.011386 0.000523 0.021872 0.000014
0 0.011392 0.000530 0.021858 0.000014
0 0.011367 0.000553 0.021909 0.000021
0 0.011362 0.000573 0.021918 0.000019
0 0.011374 0.000563 0.021895 0.000022
0 0.011373 0.000587 0.021896 0.000022
0 0.011379 0.000573 0.021884 0.000019
0 0.011380 0.000599 0.021883 0.000020
0 0.011385 0.000578 0.021873 0.000022
0 0.011385 0.000605 0.021873 0.000024
0 0.011390 0.000586 0.021862 0.000022
0 0.011391 0.000612 0.021861 0.000022
0 0.011395 0.000592 0.021852 0.000018
0 0.011401 0.000602 0.021841 0.000024
0 0.011401 0.000630 0.021841 0.000023
0 0.011407 0.000614 0.021830 0.000022
0 0.011580 0.000756 0.021482 0.000021
0 0.011583 0.000764 0.021476 0.000022
0 0.011588 0.000769 0.021468 0.000018
0 0.011591 0.000774 0.021461 0.000020
0 0.012150 0.002184 0.020343 0.000019
0 0.012092 0.002194 0.020459 0.000023
0 0.012043 0.002093 0.020558 0.000017
0 0.012036 0.002101 0.020571 0.000018
0 0.011941 0.002215 0.020761 0.000022
0 0.011920 0.002210 0.020803 0.000019
0 0.011923 0.002200 0.020797 0.000017
0 0.011926 0.002176 0.020791 0.000016
0 0.011930 0.002157 0.020783 0.000019
0 0.011876 0.002051 0.020891 0.000016
0 0.011889 0.002096 0.020864 0.000015
0 0.011875 0.002156 0.020893 0.000023
0 0.011865 0.002104 0.020913 0.000017
0 0.011867 0.002092 0.020909 0.000017
0 0.011868 0.002081 0.020906 0.000019
0 0.011871 0.002071 0.020900 0.000019
0 0.011873 0.002061 0.020897 0.000018
0 0.011887 0.002107 0.020869 0.000017
0 0.011885 0.002117 0.020873 0.000016
0 0.011786 0.001859 0.021072 0.000009
0 0.011763 0.001846 0.021117 0.000012
0 0.011749 0.002135 0.021145 0.000022
0 0.011748 0.002110 0.021147 0.000024
0 0.011748 0.002085 0.021147 0.000023
0 0.011741 0.001908 0.021160 0.000025
0 0.011757 0.002199 0.021129 0.000011
0 0.011758 0.002212 0.021128 0.000008
0 0.011584 0.002017 0.021474 0.000013
0 0.011570 0.002030 0.021503 0.000022
0 0.012129 0.002072 0.020385 0.000024
0 0.012135 0.002053 0.020372 0.000018
0 0.012140 0.002034 0.020363 0.000022
0 0.011616 0.000570 0.021411 0.000019
0 0.011588 0.000707 0.021466 0.000019
0 0.011591 0.000711 0.021461 0.000024
0 0.011595 0.000715 0.021452 0.000020
0 0.011598 0.000722 0.021446 0.000020
0 0.011601 0.000730 0.021441 0.000023
0 0.011597 0.000692 0.021449 0.000022
0 0.011600 0.000697 0.021442 0.000021
0 0.011603 0.000703 0.021436 0.000025
0 0.011607 0.000708 0.021428 0.000023
0 0.011605 0.000641 0.021433 0.000024
0 0.011609 0.000646 0.021424 0.000022
0 0.011614 0.000651 0.021415 0.000021
0 0.011617 0.000657 0.021408 0.000026
0 0.011670 0.000496 0.021303 0.000024
0 0.012145 0.002015 0.020352 0.000018
0 0.011676 0.000473 0.021292 0.000022
0 0.011681 0.000451 0.021281 0.000023
0 0.011686 0.000428 0.021271 0.000021
0 0.011548 0.000469 0.021547 0.000018
0 0.011558 0.000481 0.021527 0.000019
0 0.011499 0.000398 0.021646 0.000020
0 0.012192 0.001884 0.020259 0.000020
0 0.012178 0.001921 0.020286 0.000020
0 0.012165 0.002178 0.020313 0.000023
0 0.012172 0.001938 0.020300 0.000018
0 0.012164 0.001955 0.020314 0.000026
0 0.012159 0.001974 0.020325 0.000020
0 0.012153 0.001991 0.020337 0.000021
0 0.010047 0.000155 0.020084 0.000024