0 0.002932 0.001964 0.003065 0.000032
0 0.000430 0.001932 0.000859 0.000104
0 0.002334 0.001267 0.004261 0.000036
0 0.002349 0.001211 0.004231 0.000041
0 0.002354 0.001256 0.004221 0.000036
0 0.002367 0.001285 0.004194 0.000018
0 0.013557 0.000796 0.026457 0.000028
0 0.000270 0.001679 0.000540 0.000102
0 0.000340 0.001634 0.000680 0.000103
0 0.000397 0.001602 0.000794 0.000122
0 0.000510 0.001527 0.001020 0.000120
0 0.000588 0.001820 0.001176 0.000103
0 0.009095 0.002180 0.017524 0.000100
0 0.000641 0.001755 0.001282 0.000130
0 0.000800 0.001284 0.001599 0.000076
0 0.000812 0.001213 0.001624 0.000089
0 0.000891 0.000860 0.001783 0.000075
0 0.013023 0.000624 0.023060 0.000028
0 0.000732 0.000816 0.001463 0.000066
0 0.000714 0.000931 0.001428 0.000102
0 0.000697 0.001040 0.001395 0.000113
0 0.009627 0.001952 0.016460 0.000550
0 0.002330 0.001222 0.004269 0.000041