0 0.012116 0.002196 0.020411 0.000029
0 0.012113 0.002207 0.020416 0.000029
0 0.012178 0.000533 0.020286 0.000029
0 0.012201 0.000627 0.020240 0.000029
0 0.012081 0.000453 0.020481 0.000016
0 0.012073 0.000436 0.020497 0.000016
0 0.012061 0.000421 0.020522 0.000016
0 0.012046 0.000389 0.020552 0.000015
0 0.012033 0.000368 0.020577 0.000014
0 0.011800 0.000132 0.021043 0.000027
0 0.011789 0.000135 0.021065 0.000025
0 0.011751 0.000152 0.021141 0.000027
0 0.011738 0.000160 0.021168 0.000031
0 0.011724 0.000172 0.021194 0.000032
0 0.011713 0.000183 0.021216 0.000023
0 0.010495 0.000266 0.019189 0.000037
0 0.010528 0.000162 0.019122 0.000048
0 0.010241 0.002163 0.019697 0.000036
0 0.010527 0.002009 0.019124 0.000034
0 0.012170 0.000623 0.020304 0.000026
0 0.011829 0.000591 0.020984 0.000031
0 0.011819 0.000576 0.021005 0.000033
0 0.011468 0.000623 0.021707 0.000034
0 0.011456 0.000755 0.021731 0.000023
0 0.011455 0.000792 0.021733 0.000023
0 0.011453 0.000810 0.021738 0.000023
0 0.011450 0.000830 0.021742 0.000025
0 0.011355 0.000722 0.021932 0.000027
0 0.011347 0.000748 0.021949 0.000031
0 0.011476 0.000578 0.021691 0.000031
0 0.011551 0.000522 0.021541 0.000014
0 0.011808 0.000561 0.021027 0.000032
0 0.011588 0.000592 0.021468 0.000014
0 0.011774 0.000514 0.021094 0.000029
0 0.011785 0.000531 0.021072 0.000031
0 0.011797 0.000547 0.021050 0.000029
0 0.011864 0.000636 0.020915 0.000029
0 0.011847 0.000708 0.020949 0.000016
0 0.011757 0.000587 0.021130 0.000013
0 0.010090 0.001762 0.019998 0.000028
0 0.010072 0.001737 0.020035 0.000029
0 0.010401 0.001712 0.019377 0.000015
0 0.010734 0.000622 0.018711 0.000034
0 0.010192 0.001049 0.019795 0.000037
0 0.010351 0.001041 0.019477 0.000031
0 0.010430 0.000963 0.019318 0.000030
0 0.010071 0.000972 0.020036 0.000036
0 0.010045 0.000994 0.020088 0.000014
0 0.010180 0.000938 0.019819 0.000037
0 0.010676 0.000634 0.018826 0.000013
0 0.011067 0.000603 0.018044 0.000031
0 0.010226 0.001130 0.019727 0.000013
0 0.010767 0.000563 0.018645 0.000032
0 0.010632 0.000571 0.018914 0.000014
0 0.010426 0.000502 0.019327 0.000015
0 0.010936 0.000405 0.018307 0.000018
0 0.010882 0.000216 0.018414 0.000022
0 0.010877 0.000196 0.018425 0.000023
0 0.010649 0.000144 0.018880 0.000030
0 0.010161 0.001054 0.019857 0.000034
0 0.010226 0.001148 0.019727 0.000014
0 0.010213 0.001687 0.019752 0.000031
0 0.010055 0.001373 0.020069 0.000018
0 0.010228 0.001633 0.019722 0.000031
0 0.010421 0.001529 0.019337 0.000105
0 0.010219 0.001538 0.019740 0.000012
0 0.010218 0.001509 0.019744 0.000014
0 0.010085 0.001491 0.020009 0.000031
0 0.010220 0.001459 0.019739 0.000014
0 0.010219 0.001426 0.019741 0.000015
0 0.010045 0.001294 0.020088 0.000032
0 0.010226 0.001168 0.019727 0.000015
0 0.010659 0.001195 0.018861 0.000015
0 0.010225 0.001182 0.019728 0.000012
0 0.010054 0.001199 0.020070 0.000016
0 0.010619 0.001135 0.018940 0.000013
0 0.010604 0.001119 0.018971 0.000014
0 0.010334 0.001071 0.019510 0.000034
0 0.010315 0.001072 0.019549 0.000029
0 0.011181 0.001040 0.022280 0.000031
0 0.011241 0.000972 0.022161 0.000029
0 0.011266 0.000974 0.022111 0.000027
0 0.011509 0.001922 0.021626 0.000014
0 0.011651 0.002141 0.021340 0.000014
0 0.011627 0.002108 0.021389 0.000014
0 0.011616 0.002092 0.021410 0.000016
0 0.011604 0.002075 0.021434 0.000018
0 0.011591 0.002057 0.021461 0.000011
0 0.011582 0.002040 0.021479 0.000012
0 0.011569 0.002025 0.021505 0.000016
0 0.011556 0.002006 0.021531 0.000015
0 0.011705 0.002093 0.021232 0.000031
0 0.011585 0.002188 0.021472 0.000031
0 0.011625 0.001978 0.021392 0.000031
0 0.011469 0.002031 0.021704 0.000030
0 0.011548 0.001990 0.021547 0.000013
0 0.011508 0.001906 0.021627 0.000021
0 0.011356 0.002117 0.021930 0.000027
0 0.011241 0.001576 0.022160 0.000015
0 0.011693 0.002067 0.021258 0.000031
0 0.011748 0.002153 0.021146 0.000028
0 0.011240 0.001820 0.022162 0.000028
0 0.011187 0.002074 0.022268 0.000027
0 0.012009 0.002198 0.020624 0.000029
0 0.012027 0.002178 0.020590 0.000027
0 0.012043 0.002158 0.020556 0.000028
0 0.012062 0.002134 0.020519 0.000031
0 0.012082 0.002111 0.020479 0.000030
0 0.012102 0.002089 0.020439 0.000030
0 0.011260 0.002140 0.022122 0.000025
0 0.011202 0.002055 0.022239 0.000026
0 0.011777 0.002182 0.021090 0.000026
0 0.011233 0.002134 0.022177 0.000031
0 0.011271 0.002139 0.022100 0.000027
0 0.011714 0.002227 0.021215 0.000012
0 0.011702 0.002210 0.021240 0.000014
0 0.011687 0.002193 0.021270 0.000014
0 0.011677 0.002176 0.021290 0.000014
0 0.011663 0.002159 0.021317 0.000012
0 0.011169 0.001490 0.022305 0.000031
0 0.011264 0.001628 0.022115 0.000016
0 0.011254 0.001064 0.022135 0.000014
0 0.011494 0.001046 0.021654 0.000027
0 0.011740 0.001044 0.021163 0.000030
0 0.011694 0.001089 0.021254 0.000012
0 0.011603 0.001035 0.021438 0.000029
0 0.011512 0.001162 0.021619 0.000033
0 0.011515 0.001083 0.021613 0.000029
0 0.011505 0.001048 0.021632 0.000028
0 0.011503 0.001082 0.021637 0.000029
0 0.011491 0.001079 0.021660 0.000030
0 0.011775 0.001089 0.021092 0.000031
0 0.011477 0.001077 0.021689 0.000031
0 0.011465 0.001077 0.021712 0.000026
0 0.011481 0.001043 0.021680 0.000028
0 0.011464 0.001153 0.021716 0.000027
0 0.011474 0.001155 0.021694 0.000030
0 0.011339 0.001196 0.021966 0.000014
0 0.011344 0.001116 0.021956 0.000014
0 0.011755 0.001165 0.021132 0.000014
0 0.011846 0.001191 0.020951 0.000028
0 0.011264 0.001610 0.022115 0.000016
0 0.011776 0.001673 0.021091 0.000036
0 0.011266 0.001592 0.022111 0.000014
0 0.011265 0.001578 0.022114 0.000016
0 0.011329 0.001482 0.021985 0.000013
0 0.011862 0.001680 0.020920 0.000027
0 0.011800 0.001701 0.021043 0.000029
0 0.011810 0.001714 0.021023 0.000029
0 0.011793 0.001788 0.021058 0.000015
0 0.011766 0.001655 0.021111 0.000029
0 0.011811 0.001241 0.021021 0.000020
0 0.011745 0.001627 0.021153 0.000031
0 0.011756 0.001642 0.021131 0.000031
0 0.011764 0.001744 0.021114 0.000014
0 0.011755 0.001728 0.021132 0.000016
0 0.011708 0.001670 0.021226 0.000013
0 0.011698 0.001654 0.021246 0.000013
0 0.011686 0.001634 0.021271 0.000032
0 0.010449 0.000173 0.019281 0.000013