0 0.011020 0.000261 0.018139 0.000091
0 0.010995 0.000269 0.018188 0.000092
0 0.010476 0.000530 0.019227 0.000122
0 0.010502 0.000511 0.019174 0.000112
0 0.010524 0.000494 0.019131 0.000117
0 0.010550 0.000486 0.019079 0.000111
0 0.010572 0.000460 0.019035 0.000122
0 0.010599 0.000458 0.018981 0.000087
0 0.010620 0.000430 0.018938 0.000112
0 0.010665 0.000393 0.018849 0.000112
0 0.010688 0.000373 0.018802 0.000112
0 0.010711 0.000346 0.018756 0.000115
0 0.010736 0.000348 0.018707 0.000117
0 0.010759 0.000325 0.018661 0.000117
0 0.010777 0.000294 0.018625 0.000145
0 0.010808 0.000295 0.018562 0.000109
0 0.010832 0.000277 0.018515 0.000108
0 0.010852 0.000254 0.018475 0.000117
0 0.010878 0.000245 0.018423 0.000109
0 0.010900 0.000225 0.018379 0.000107
0 0.010924 0.000210 0.018331 0.000109
0 0.010946 0.000188 0.018287 0.000115
0 0.010968 0.000172 0.018243 0.000114
0 0.010453 0.000546 0.019273 0.000119
0 0.010428 0.000560 0.019322 0.000119
0 0.010405 0.000583 0.019368 0.000108
0 0.010506 0.001736 0.019166 0.000081
0 0.010972 0.000291 0.018234 0.000091
0 0.010948 0.000310 0.018284 0.000090
0 0.010600 0.002117 0.018979 0.000074
0 0.010584 0.002076 0.019010 0.000080
0 0.010574 0.002033 0.019030 0.000081
0 0.010564 0.001991 0.019051 0.000087
0 0.010550 0.001949 0.019079 0.000085
0 0.010543 0.001906 0.019092 0.000081
0 0.010534 0.001866 0.019110 0.000082
0 0.010493 0.001696 0.019192 0.000084
0 0.010385 0.000607 0.019409 0.000094
0 0.010423 0.001383 0.019333 0.000078
0 0.010387 0.001256 0.019404 0.000082
0 0.010754 0.000589 0.018671 0.000081
0 0.010668 0.000649 0.018843 0.000080
0 0.010597 0.000708 0.018984 0.000080
0 0.010478 0.000786 0.019222 0.000081
0 0.010417 0.000840 0.019345 0.000078
0 0.010336 0.000627 0.019507 0.000119
0 0.010358 0.000603 0.019463 0.000118
0 0.010993 0.000151 0.018192 0.000118