0 0.012186 0.001792 0.020272 0.000054
0 0.011965 0.001250 0.020714 0.000078
0 0.011937 0.001473 0.020769 0.000082
0 0.011905 0.001412 0.020833 0.000076
0 0.011872 0.001353 0.020899 0.000078
0 0.011853 0.001335 0.020936 0.000070
0 0.011841 0.001305 0.020960 0.000066
0 0.011806 0.001248 0.021031 0.000090
0 0.011787 0.001224 0.021068 0.000078
0 0.011858 0.001128 0.020927 0.000062
0 0.011946 0.001234 0.020751 0.000070
0 0.012011 0.001344 0.020621 0.000076
0 0.011917 0.001178 0.020808 0.000074
0 0.011906 0.001144 0.020830 0.000066
0 0.011888 0.001116 0.020868 0.000070
0 0.011877 0.001087 0.020890 0.000068
0 0.011859 0.001065 0.020925 0.000072
0 0.011848 0.001036 0.020947 0.000062
0 0.011828 0.001004 0.020987 0.000066
0 0.011811 0.000980 0.021022 0.000066
0 0.011970 0.001529 0.020703 0.000066
0 0.012033 0.001369 0.020577 0.000062
0 0.011767 0.000895 0.021110 0.000070
0 0.012030 0.001889 0.020582 0.000072
0 0.011938 0.002131 0.020767 0.000082
0 0.011962 0.002129 0.020718 0.000074
0 0.012026 0.002121 0.020591 0.000082
0 0.012121 0.002049 0.020402 0.000062
0 0.012116 0.002007 0.020410 0.000054
0 0.012131 0.001974 0.020382 0.000054
0 0.012137 0.001940 0.020369 0.000066
0 0.012023 0.001926 0.020597 0.000074
0 0.012041 0.001849 0.020560 0.000072
0 0.012065 0.001424 0.020514 0.000064
0 0.012056 0.001818 0.020531 0.000066
0 0.012060 0.001765 0.020523 0.000076
0 0.012048 0.001668 0.020547 0.000090
0 0.012167 0.001620 0.020309 0.000088
0 0.012150 0.001592 0.020342 0.000072
0 0.012110 0.001498 0.020424 0.000068
0 0.012093 0.001477 0.020457 0.000070
0 0.012076 0.001449 0.020492 0.000082
0 0.011800 0.000952 0.021044 0.000066
0 0.011732 0.000841 0.021178 0.000074
0 0.012179 0.001835 0.020285 0.000056
0 0.011697 0.000798 0.021248 0.000060
0 0.011590 0.000600 0.021464 0.000076
0 0.011574 0.000573 0.021495 0.000066
0 0.011558 0.000542 0.021528 0.000082
0 0.011421 0.000566 0.021800 0.000072
0 0.011397 0.000536 0.021849 0.000074
0 0.011380 0.000499 0.021884 0.000084
0 0.011497 0.000429 0.021648 0.000072
0 0.011475 0.000408 0.021692 0.000078
0 0.011680 0.000774 0.021283 0.000064
0 0.011454 0.000627 0.021734 0.000078
0 0.011668 0.000744 0.021308 0.000060
0 0.011657 0.000706 0.021330 0.000064
0 0.011177 0.000739 0.022288 0.000086
0 0.011199 0.000673 0.022244 0.000078
0 0.011222 0.000606 0.022198 0.000072
0 0.011170 0.000502 0.022304 0.000070
0 0.011290 0.000389 0.022062 0.000064
0 0.011228 0.001687 0.022187 0.000072
0 0.011626 0.000649 0.021391 0.000066
0 0.011488 0.000679 0.021666 0.000070
0 0.011691 0.001442 0.021261 0.000060
0 0.011687 0.001011 0.021268 0.000080
0 0.011668 0.001433 0.021308 0.000078
0 0.011510 0.001416 0.021622 0.000076
0 0.011537 0.001438 0.021569 0.000064
0 0.011661 0.001223 0.021321 0.000076
0 0.011646 0.001172 0.021352 0.000074
0 0.011645 0.001199 0.021354 0.000068
0 0.011656 0.001115 0.021332 0.000068
0 0.011672 0.001076 0.021299 0.000074
0 0.011661 0.000987 0.021321 0.000068
0 0.011474 0.000651 0.021695 0.000078
0 0.011643 0.000952 0.021356 0.000074
0 0.011626 0.000930 0.021391 0.000082
0 0.011608 0.000902 0.021426 0.000088
0 0.011579 0.000846 0.021486 0.000080
0 0.011598 0.000865 0.021446 0.000070
0 0.011529 0.000767 0.021585 0.000070
0 0.011514 0.000736 0.021616 0.000072
0 0.011502 0.000708 0.021640 0.000068
0 0.011213 0.002013 0.022216 0.000078