0 0.011552 0.001536 0.021540 0.000063
0 0.011786 0.000657 0.021071 0.000060
0 0.010764 0.000829 0.018651 0.000089
0 0.010726 0.000895 0.018726 0.000075
0 0.010717 0.000847 0.018745 0.000077
0 0.010760 0.000782 0.018659 0.000073
0 0.010756 0.000743 0.018667 0.000080
0 0.010715 0.000804 0.018748 0.000073
0 0.010697 0.000774 0.018785 0.000075
0 0.010667 0.000768 0.018844 0.000077
0 0.010703 0.000713 0.018772 0.000075
0 0.011852 0.000717 0.020938 0.000067
0 0.011791 0.000703 0.021061 0.000061
0 0.010707 0.000648 0.018765 0.000089
0 0.010628 0.000667 0.018922 0.000068
0 0.010735 0.000927 0.018708 0.000084
0 0.010660 0.000610 0.018860 0.000087
0 0.010748 0.000587 0.018683 0.000077
0 0.011856 0.000539 0.020932 0.000072
0 0.010697 0.000605 0.018784 0.000082
0 0.010562 0.000436 0.019055 0.000090
0 0.010605 0.000374 0.018969 0.000087
0 0.010615 0.000419 0.018949 0.000080
0 0.010646 0.000310 0.018886 0.000089
0 0.010605 0.000287 0.018969 0.000114
0 0.010578 0.000271 0.019023 0.000089
0 0.010619 0.000214 0.018940 0.000084
0 0.010527 0.000344 0.019124 0.000090
0 0.010780 0.000871 0.018619 0.000080
0 0.010749 0.000962 0.018681 0.000085
0 0.011697 0.000470 0.021248 0.000067
0 0.010887 0.000973 0.018405 0.000090
0 0.010983 0.001387 0.018213 0.000118
0 0.010988 0.001317 0.018202 0.000121
0 0.010911 0.001329 0.018357 0.000114
0 0.010975 0.001243 0.018229 0.000106
0 0.010935 0.001412 0.018309 0.000102
0 0.010889 0.001306 0.018401 0.000106
0 0.010922 0.001190 0.018334 0.000113
0 0.010920 0.001137 0.018339 0.000107
0 0.010905 0.001094 0.018368 0.000107
0 0.010855 0.001227 0.018469 0.000111
0 0.010834 0.001188 0.018511 0.000121
0 0.010883 0.001023 0.018413 0.000116
0 0.010873 0.000944 0.018433 0.000087
0 0.010758 0.001005 0.018662 0.000090
0 0.010860 0.000917 0.018459 0.000087
0 0.010846 0.000880 0.018487 0.000089
0 0.010835 0.001006 0.018509 0.000085
0 0.010815 0.000980 0.018550 0.000087
0 0.010804 0.000943 0.018570 0.000085
0 0.010792 0.000908 0.018595 0.000087
0 0.010835 0.000845 0.018509 0.000087
0 0.010819 0.000811 0.018541 0.000087
0 0.010813 0.000772 0.018553 0.000078
0 0.010800 0.000730 0.018578 0.000085
0 0.010792 0.001072 0.018595 0.000077
0 0.010812 0.001096 0.018555 0.000075
0 0.011684 0.000366 0.021275 0.000067
0 0.011625 0.000225 0.021393 0.000065
0 0.011564 0.001565 0.021514 0.000063
0 0.011853 0.002072 0.020937 0.000089
0 0.011615 0.001896 0.021413 0.000072
0 0.011631 0.001924 0.021381 0.000067
0 0.010523 0.001961 0.019132 0.000082
0 0.011668 0.002014 0.021307 0.000072
0 0.011681 0.002039 0.021280 0.000067
0 0.011696 0.002076 0.021252 0.000073
0 0.011716 0.002100 0.021211 0.000056
0 0.010562 0.001737 0.019055 0.000101
0 0.010577 0.001712 0.019025 0.000102
0 0.011807 0.002118 0.021029 0.000078
0 0.011820 0.002101 0.021002 0.000078
0 0.011834 0.002087 0.020975 0.000099
0 0.010827 0.001910 0.018524 0.000109
0 0.011580 0.001816 0.021482 0.000061
0 0.010834 0.001762 0.018511 0.000094
0 0.010799 0.000474 0.018580 0.000150
0 0.011745 0.000514 0.021152 0.000070
0 0.011770 0.000581 0.021103 0.000068
0 0.011778 0.000465 0.021087 0.000067
0 0.011788 0.000499 0.021066 0.000073
0 0.011800 0.000529 0.021043 0.000067
0 0.011822 0.000448 0.020999 0.000067
0 0.011833 0.000481 0.020977 0.000072
0 0.010259 0.001652 0.019660 0.000111
0 0.011466 0.001205 0.021710 0.000073
0 0.011537 0.001500 0.021568 0.000067
0 0.011604 0.001866 0.021435 0.000060
0 0.011570 0.001790 0.021503 0.000060
0 0.011656 0.000182 0.021331 0.000065
0 0.011388 0.001055 0.021867 0.000053
0 0.010526 0.000570 0.019127 0.000107
0 0.010247 0.000600 0.019685 0.000065
0 0.010067 0.001171 0.020044 0.000090
0 0.011175 0.001403 0.022293 0.000056
0 0.011267 0.000957 0.022109 0.000056
0 0.011277 0.000986 0.022089 0.000056
0 0.011285 0.001010 0.022074 0.000056
0 0.011307 0.001069 0.022028 0.000061
0 0.011340 0.001154 0.021963 0.000060
0 0.011349 0.001184 0.021946 0.000060
0 0.011391 0.001085 0.021862 0.000060
0 0.011356 0.000975 0.021931 0.000051
0 0.011376 0.001262 0.021892 0.000068
0 0.011555 0.001762 0.021533 0.000060
0 0.011388 0.001295 0.021867 0.000056
0 0.011398 0.001323 0.021846 0.000058
0 0.011408 0.001350 0.021826 0.000063
0 0.011420 0.001381 0.021803 0.000058
0 0.011430 0.001418 0.021782 0.000060
0 0.011440 0.001446 0.021764 0.000061
0 0.011448 0.001478 0.021747 0.000063
0 0.011457 0.001506 0.021728 0.000065
0 0.011466 0.001536 0.021710 0.000060
0 0.011481 0.001565 0.021681 0.000058
0 0.011501 0.001617 0.021641 0.000055
0 0.011541 0.001735 0.021560 0.000060
0 0.010964 0.001480 0.018250 0.000113