0 0.011223 0.000200 0.022197 0.000047
0 0.011874 0.000824 0.020895 0.000063
0 0.011921 0.000881 0.020800 0.000054
0 0.011906 0.000822 0.020830 0.000057
0 0.011900 0.000789 0.020843 0.000059
0 0.011892 0.000759 0.020858 0.000057
0 0.011891 0.000886 0.020861 0.000061
0 0.011884 0.000856 0.020875 0.000054
0 0.011863 0.000768 0.020918 0.000061
0 0.011254 0.000029 0.022134 0.000032
0 0.011884 0.000724 0.020874 0.000059
0 0.011879 0.000699 0.020885 0.000052
0 0.011870 0.000667 0.020902 0.000055
0 0.011862 0.000641 0.020919 0.000057
0 0.011836 0.000679 0.020970 0.000063
0 0.011823 0.000620 0.020997 0.000063
0 0.011935 0.000938 0.020772 0.000068
0 0.011960 0.001027 0.020724 0.000057
0 0.011950 0.000672 0.020742 0.000059
0 0.011962 0.000701 0.020720 0.000048
0 0.011965 0.000737 0.020712 0.000063
0 0.011974 0.000768 0.020695 0.000061
0 0.011989 0.000823 0.020666 0.000054
0 0.012005 0.000882 0.020633 0.000055
0 0.012013 0.000911 0.020618 0.000061
0 0.012021 0.000942 0.020601 0.000059
0 0.012025 0.000981 0.020592 0.000054
0 0.012034 0.001005 0.020575 0.000059
0 0.011916 0.001273 0.020810 0.000050
0 0.011952 0.001383 0.020738 0.000073
0 0.011976 0.001345 0.020691 0.000077
0 0.012012 0.001291 0.020619 0.000064
0 0.012036 0.001252 0.020571 0.000066
0 0.011820 0.000585 0.021003 0.000050
0 0.011854 0.000607 0.020935 0.000057
0 0.011850 0.000577 0.020942 0.000052
0 0.011686 0.000381 0.021271 0.000057
0 0.011271 0.000088 0.022100 0.000061
0 0.011193 0.000073 0.022256 0.000054
0 0.011267 0.000057 0.022109 0.000050
0 0.011314 0.000117 0.022016 0.000052
0 0.011651 0.000158 0.021341 0.000066
0 0.011651 0.000129 0.021340 0.000068
0 0.011854 0.000297 0.020935 0.000057
0 0.011846 0.000245 0.020952 0.000057
0 0.011746 0.001493 0.021152 0.000061
0 0.011430 0.000688 0.021783 0.000059
0 0.011565 0.000910 0.021513 0.000059
0 0.011549 0.000723 0.021544 0.000057
0 0.011598 0.000478 0.021448 0.000061
0 0.011665 0.000748 0.021313 0.000061
0 0.011708 0.000470 0.021227 0.000059
0 0.011808 0.000559 0.021027 0.000059
0 0.011714 0.000499 0.021215 0.000064
0 0.011738 0.000588 0.021167 0.000059
0 0.011755 0.000644 0.021133 0.000054
0 0.011769 0.000705 0.021105 0.000057
0 0.011758 0.000802 0.021126 0.000057
0 0.011809 0.000985 0.021025 0.000054
0 0.011797 0.000398 0.021050 0.000066
0 0.011785 0.000470 0.021074 0.000063
0 0.011792 0.000501 0.021058 0.000057
0 0.011803 0.000524 0.021037 0.000052
0 0.011819 0.000459 0.021006 0.000059
0 0.011827 0.000490 0.020989 0.000054
0 0.011838 0.000516 0.020967 0.000054
0 0.011843 0.000547 0.020957 0.000052
0 0.012064 0.001125 0.020514 0.000055