0 0.011689 0.001229 0.021265 0.000068
0 0.011339 0.000445 0.021965 0.000082
0 0.010633 0.000784 0.018913 0.000106
0 0.010618 0.000741 0.018942 0.000093
0 0.010613 0.000695 0.018952 0.000091
0 0.010590 0.000588 0.019000 0.000086
0 0.010568 0.000537 0.019043 0.000093
0 0.010511 0.000367 0.019157 0.000106
0 0.010498 0.000318 0.019184 0.000102
0 0.011483 0.000377 0.021676 0.000102
0 0.011401 0.000420 0.021841 0.000071
0 0.011311 0.000464 0.022020 0.000077
0 0.010684 0.000995 0.018811 0.000080
0 0.011397 0.001039 0.021848 0.000064
0 0.011559 0.001394 0.021526 0.000064
0 0.011418 0.000678 0.021808 0.000084
0 0.011393 0.000697 0.021858 0.000077
0 0.011217 0.000723 0.022209 0.000042
0 0.011234 0.000765 0.022176 0.000053
0 0.011260 0.000838 0.022123 0.000049
0 0.011268 0.000886 0.022106 0.000049
0 0.011280 0.000924 0.022082 0.000053
0 0.010654 0.000899 0.018870 0.000095
0 0.010689 0.001050 0.018801 0.000090
0 0.010754 0.001814 0.018670 0.000139
0 0.010573 0.001632 0.019033 0.000174
0 0.010635 0.001810 0.018909 0.000157
0 0.010563 0.001867 0.019052 0.000159
0 0.010455 0.001941 0.019270 0.000155
0 0.010523 0.001906 0.019133 0.000159
0 0.010415 0.001745 0.019348 0.000155
0 0.010450 0.001720 0.019279 0.000154
0 0.010481 0.001712 0.019217 0.000159
0 0.011623 0.001651 0.021397 0.000113
0 0.010539 0.001649 0.019100 0.000161
0 0.010634 0.001622 0.018911 0.000159
0 0.010701 0.001099 0.018777 0.000095
0 0.010670 0.001613 0.018839 0.000159
0 0.010704 0.001626 0.018770 0.000174
0 0.010753 0.001634 0.018672 0.000154
0 0.011914 0.001575 0.020816 0.000090
0 0.010764 0.001417 0.018651 0.000088
0 0.010754 0.001361 0.018670 0.000079
0 0.010719 0.001218 0.018741 0.000099
0 0.011622 0.001356 0.021399 0.000057
0 0.010714 0.001150 0.018751 0.000091
0 0.011315 0.001061 0.022013 0.000053