0 0.010516 0.001857 0.019146 0.000047
0 0.011533 0.000957 0.021577 0.000041
0 0.011685 0.001060 0.021272 0.000039
0 0.011669 0.001113 0.021305 0.000034
0 0.011651 0.001169 0.021341 0.000036
0 0.011647 0.001190 0.021350 0.000035
0 0.011665 0.001019 0.021313 0.000031
0 0.011652 0.001058 0.021339 0.000036
0 0.011640 0.001098 0.021363 0.000034
0 0.011634 0.001117 0.021374 0.000036
0 0.011627 0.001138 0.021389 0.000039
0 0.011621 0.001161 0.021402 0.000036
0 0.011574 0.001063 0.021494 0.000042
0 0.011567 0.001046 0.021508 0.000043
0 0.011559 0.001031 0.021525 0.000039
0 0.011523 0.000942 0.021597 0.000041
0 0.011552 0.001016 0.021538 0.000040
0 0.011997 0.000747 0.020648 0.000042
0 0.011741 0.000763 0.021160 0.000038
0 0.011611 0.000537 0.021420 0.000035
0 0.011605 0.000554 0.021432 0.000035
0 0.011599 0.000573 0.021446 0.000036
0 0.011640 0.000856 0.021363 0.000040
0 0.011694 0.000689 0.021255 0.000038
0 0.011753 0.000840 0.021136 0.000033
0 0.011758 0.000821 0.021127 0.000038
0 0.011766 0.000803 0.021111 0.000034
0 0.011769 0.000779 0.021105 0.000043
0 0.011826 0.000853 0.020991 0.000039
0 0.011840 0.000783 0.020962 0.000043
0 0.011918 0.000741 0.020807 0.000033
0 0.012015 0.000774 0.020613 0.000051
0 0.011691 0.001039 0.021260 0.000039
0 0.011699 0.001019 0.021245 0.000040
0 0.011708 0.000974 0.021228 0.000041
0 0.011659 0.001039 0.021326 0.000038
0 0.011689 0.001533 0.021264 0.000038
0 0.011681 0.001517 0.021281 0.000039
0 0.011695 0.001288 0.021253 0.000039
0 0.011667 0.001417 0.021309 0.000033
0 0.011642 0.001383 0.021358 0.000036
0 0.011631 0.001431 0.021380 0.000031
0 0.011633 0.001349 0.021378 0.000026
0 0.011580 0.001447 0.021483 0.000040
0 0.011566 0.001414 0.021510 0.000038
0 0.011541 0.001361 0.021561 0.000041
0 0.011532 0.001343 0.021579 0.000034
0 0.011496 0.001283 0.021650 0.000032
0 0.011483 0.001251 0.021678 0.000019
0 0.011472 0.001228 0.021698 0.000022
0 0.011519 0.001203 0.021605 0.000021
0 0.011507 0.001180 0.021629 0.000024
0 0.011494 0.001151 0.021655 0.000039
0 0.011480 0.001115 0.021683 0.000044
0 0.011467 0.001093 0.021708 0.000040
0 0.011457 0.001071 0.021730 0.000045
0 0.011455 0.001030 0.021732 0.000033
0 0.011483 0.001045 0.021677 0.000040
0 0.011493 0.001074 0.021656 0.000024
0 0.011510 0.001102 0.021623 0.000032
0 0.011530 0.001137 0.021582 0.000038
0 0.011546 0.001176 0.021551 0.000022
0 0.011542 0.001235 0.021559 0.000042
0 0.011554 0.001239 0.021536 0.000041
0 0.011561 0.001214 0.021522 0.000035
0 0.012007 0.000762 0.020629 0.000036
0 0.011988 0.000730 0.020666 0.000042
0 0.011718 0.001594 0.021207 0.000029
0 0.011570 0.000464 0.021503 0.000041
0 0.011655 0.000395 0.021334 0.000041
0 0.011649 0.000379 0.021345 0.000039
0 0.011640 0.000361 0.021364 0.000049
0 0.011486 0.000741 0.021671 0.000043
0 0.011492 0.000723 0.021659 0.000044
0 0.011501 0.000708 0.021641 0.000033
0 0.011506 0.000685 0.021632 0.000047
0 0.011513 0.000666 0.021618 0.000045
0 0.011519 0.000646 0.021605 0.000046
0 0.011523 0.000609 0.021596 0.000036
0 0.011537 0.000572 0.021568 0.000036
0 0.011555 0.000519 0.021532 0.000036
0 0.011560 0.000501 0.021522 0.000036
0 0.011565 0.000481 0.021514 0.000038
0 0.011329 0.000692 0.021985 0.000041
0 0.011979 0.000717 0.020685 0.000041
0 0.011337 0.000668 0.021969 0.000039
0 0.011352 0.000626 0.021940 0.000036
0 0.011360 0.000605 0.021924 0.000035
0 0.011372 0.000566 0.021898 0.000034
0 0.011378 0.000542 0.021888 0.000035
0 0.011384 0.000519 0.021874 0.000035
0 0.011391 0.000498 0.021860 0.000036
0 0.011406 0.000458 0.021830 0.000034
0 0.011420 0.000422 0.021803 0.000035
0 0.011424 0.000397 0.021794 0.000035
0 0.011433 0.000379 0.021777 0.000038
0 0.011440 0.000356 0.021763 0.000039
0 0.011450 0.000339 0.021744 0.000038
0 0.011454 0.000312 0.021735 0.000038
0 0.011673 0.000429 0.021297 0.000031
0 0.011679 0.000443 0.021285 0.000036
0 0.011687 0.000453 0.021268 0.000042
0 0.011693 0.000470 0.021258 0.000047
0 0.011968 0.000707 0.020707 0.000044
0 0.011961 0.000688 0.020722 0.000046
0 0.011952 0.000673 0.020738 0.000044
0 0.011926 0.000632 0.020791 0.000043
0 0.012072 0.000700 0.020498 0.000039
0 0.012062 0.000687 0.020519 0.000041
0 0.012043 0.000666 0.020558 0.000045
0 0.012035 0.000648 0.020573 0.000033
0 0.012055 0.000617 0.020534 0.000050
0 0.012016 0.000619 0.020611 0.000041
0 0.011986 0.000583 0.020670 0.000045
0 0.011981 0.000566 0.020681 0.000040
0 0.011971 0.000551 0.020700 0.000042
0 0.011959 0.000538 0.020724 0.000042
0 0.011953 0.000521 0.020737 0.000043
0 0.011942 0.000507 0.020760 0.000042
0 0.012002 0.000410 0.020639 0.000041
0 0.011995 0.000385 0.020654 0.000050
0 0.011984 0.000367 0.020676 0.000052
0 0.011996 0.000526 0.020650 0.000041
0 0.011986 0.000510 0.020671 0.000040
0 0.011976 0.000497 0.020691 0.000039
0 0.011968 0.000481 0.020707 0.000033
0 0.011959 0.000465 0.020725 0.000036
0 0.011950 0.000450 0.020743 0.000039
0 0.011939 0.000432 0.020766 0.000051
0 0.011717 0.000518 0.021208 0.000035
0 0.011708 0.000495 0.021227 0.000046
0 0.011701 0.000484 0.021241 0.000039
0 0.011707 0.001575 0.021230 0.000030
0 0.011735 0.001625 0.021173 0.000035
0 0.010578 0.001686 0.019022 0.000047
0 0.011386 0.001047 0.021871 0.000020
0 0.011911 0.001441 0.020820 0.000035
0 0.010912 0.001463 0.018355 0.000024
0 0.010917 0.001436 0.018344 0.000024
0 0.010935 0.001398 0.018308 0.000056
0 0.010946 0.001365 0.018287 0.000056
0 0.010965 0.001305 0.018249 0.000057
0 0.012090 0.001254 0.020463 0.000025
0 0.012110 0.001205 0.020423 0.000055
0 0.011461 0.001211 0.021721 0.000031
0 0.011442 0.001163 0.021758 0.000043
0 0.011433 0.001137 0.021777 0.000049
0 0.011423 0.001117 0.021798 0.000041
0 0.011413 0.001092 0.021816 0.000047
0 0.011405 0.001077 0.021833 0.000040
0 0.011368 0.001023 0.021906 0.000020
0 0.010595 0.000863 0.018988 0.000045
0 0.011376 0.000998 0.021890 0.000020
0 0.011390 0.000947 0.021862 0.000020
0 0.011382 0.000970 0.021879 0.000018
0 0.011395 0.000924 0.021853 0.000020
0 0.011400 0.000901 0.021843 0.000017
0 0.011406 0.000875 0.021831 0.000019
0 0.011522 0.000811 0.021599 0.000041
0 0.011528 0.000831 0.021586 0.000046
0 0.011737 0.001111 0.021168 0.000049
0 0.011750 0.001069 0.021142 0.000042
0 0.011670 0.001003 0.021304 0.000044
0 0.011682 0.000962 0.021279 0.000043
0 0.011619 0.000932 0.021405 0.000042
0 0.011699 0.000667 0.021245 0.000043
0 0.010787 0.001459 0.018604 0.000047
0 0.010703 0.001593 0.018773 0.000038
0 0.010756 0.001575 0.018667 0.000042
0 0.010803 0.001625 0.018573 0.000042
0 0.010600 0.001719 0.018978 0.000047
0 0.010617 0.001745 0.018944 0.000052
0 0.010626 0.001758 0.018926 0.000052
0 0.010636 0.001782 0.018906 0.000055
0 0.011769 0.001814 0.021105 0.000044
0 0.011777 0.001851 0.021089 0.000026
0 0.011797 0.001886 0.021049 0.000047
0 0.011813 0.001911 0.021017 0.000032
0 0.011861 0.001947 0.020920 0.000055
0 0.011884 0.001939 0.020875 0.000030
0 0.010784 0.001895 0.018610 0.000049
0 0.010789 0.001861 0.018601 0.000022
0 0.010804 0.001829 0.018571 0.000022
0 0.010391 0.001309 0.019396 0.000032
0 0.010533 0.001574 0.019113 0.000056
0 0.010544 0.001593 0.019091 0.000057
0 0.010557 0.001622 0.019065 0.000053
0 0.010568 0.001640 0.019043 0.000052
0 0.010547 0.001495 0.019084 0.000040
0 0.010525 0.001464 0.019128 0.000039
0 0.011696 0.001550 0.021250 0.000044
0 0.010590 0.001513 0.018999 0.000031
0 0.010606 0.001536 0.018967 0.000028
0 0.010647 0.001415 0.018885 0.000047
0 0.011772 0.001429 0.021098 0.000041
0 0.011782 0.001446 0.021080 0.000044
0 0.011792 0.001463 0.021059 0.000033
0 0.010779 0.001697 0.018620 0.000047
0 0.010796 0.001650 0.018587 0.000047
0 0.010617 0.000898 0.018945 0.000045
0 0.010602 0.000844 0.018975 0.000050
0 0.011697 0.001473 0.021249 0.000028
0 0.011893 0.001504 0.020857 0.000035
0 0.012073 0.001125 0.020497 0.000032
0 0.012028 0.001270 0.020588 0.000039
0 0.012021 0.001290 0.020600 0.000038
0 0.012015 0.001313 0.020612 0.000036
0 0.012002 0.001347 0.020640 0.000041
0 0.011989 0.001388 0.020664 0.000036
0 0.011977 0.001431 0.020688 0.000035
0 0.011948 0.001522 0.020746 0.000045
0 0.011939 0.001563 0.020766 0.000039
0 0.011923 0.001603 0.020797 0.000035
0 0.011936 0.001289 0.020771 0.000033
0 0.011918 0.001418 0.020806 0.000034
0 0.011858 0.001455 0.020927 0.000040
0 0.011865 0.001488 0.020913 0.000041
0 0.011881 0.001547 0.020881 0.000033
0 0.011722 0.000819 0.021199 0.000046
0 0.011826 0.001736 0.020991 0.000028
0 0.011818 0.001719 0.021007 0.000026
0 0.011810 0.001702 0.021023 0.000028
0 0.011800 0.001685 0.021043 0.000026
0 0.011791 0.001668 0.021060 0.000029
0 0.011782 0.001649 0.021080 0.000029
0 0.011790 0.001736 0.021063 0.000029
0 0.011782 0.001720 0.021078 0.000030
0 0.011776 0.001704 0.021091 0.000034
0 0.011755 0.001658 0.021133 0.000038
0 0.011765 0.001686 0.021112 0.000030
0 0.011768 0.001626 0.021106 0.000029
0 0.011749 0.001570 0.021146 0.000043
0 0.011685 0.001460 0.021273 0.000030
0 0.011962 0.001205 0.020719 0.000034
0 0.011967 0.001186 0.020709 0.000035
0 0.011972 0.001162 0.020699 0.000040
0 0.011986 0.001122 0.020671 0.000039
0 0.011182 0.000484 0.022279 0.000034
0 0.011282 0.000723 0.022078 0.000041
0 0.010606 0.000532 0.018967 0.000077
0 0.011594 0.001464 0.021455 0.000051
0 0.011614 0.001496 0.021416 0.000049
0 0.011638 0.001549 0.021367 0.000047
0 0.011296 0.001425 0.022051 0.000035
0 0.011446 0.001738 0.021751 0.000036
0 0.011554 0.001726 0.021535 0.000036
0 0.011826 0.001937 0.020991 0.000034
0 0.011927 0.001782 0.020789 0.000051
0 0.011951 0.001749 0.020741 0.000053
0 0.011961 0.001721 0.020722 0.000053
0 0.011964 0.001682 0.020715 0.000049
0 0.011974 0.001639 0.020695 0.000023
0 0.011985 0.001611 0.020672 0.000019
0 0.011993 0.001582 0.020656 0.000020
0 0.012006 0.001547 0.020632 0.000020
0 0.012015 0.001516 0.020613 0.000019
0 0.012021 0.001489 0.020601 0.000020
0 0.011863 0.001818 0.020917 0.000036
0 0.011845 0.001762 0.020954 0.000026
0 0.011843 0.001844 0.020956 0.000028
0 0.011837 0.001820 0.020969 0.000029
0 0.011826 0.001803 0.020991 0.000028
0 0.011818 0.001787 0.021007 0.000029
0 0.011809 0.001767 0.021024 0.000029
0 0.011801 0.001751 0.021041 0.000028
0 0.012059 0.001161 0.020524 0.000036
0 0.011451 0.000248 0.021740 0.000032