0 0.002260 0.000823 0.004408 0.000033
0 0.011528 0.000264 0.021587 0.000007
0 0.011514 0.000257 0.021615 0.000007
0 0.011518 0.000235 0.021606 0.000008
0 0.011511 0.000295 0.021621 0.000007
0 0.011522 0.000244 0.021600 0.000008
0 0.011524 0.000234 0.021595 0.000007
0 0.011526 0.000274 0.021591 0.000007
0 0.011534 0.000263 0.021575 0.000006
0 0.011536 0.000228 0.021571 0.000006
0 0.011532 0.000246 0.021579 0.000006
0 0.011532 0.000270 0.021579 0.000007
0 0.011581 0.000251 0.021481 0.000005
0 0.012058 0.000247 0.020526 0.000010
0 0.011375 0.000164 0.021893 0.000007
0 0.001857 0.000568 0.000751 0.000026
0 0.001869 0.000674 0.000727 0.000085
0 0.001902 0.000613 0.000659 0.000060
0 0.001951 0.000720 0.000562 0.000061
0 0.001995 0.000754 0.000473 0.000127
0 0.001965 0.000607 0.000534 0.000024
0 0.001968 0.000639 0.000528 0.000068
0 0.001858 0.000561 0.000749 0.000022
0 0.010483 0.000219 0.019213 0.000010
0 0.010712 0.000257 0.018755 0.000014
0 0.011528 0.000268 0.021587 0.000006
0 0.011517 0.000270 0.021610 0.000008
0 0.010759 0.000073 0.018660 0.000013
0 0.011524 0.000285 0.021596 0.000007
0 0.011545 0.000261 0.021553 0.000007
0 0.011540 0.000282 0.021563 0.000007
0 0.011539 0.000242 0.021565 0.000007
0 0.011512 0.000267 0.021620 0.000008
0 0.011504 0.000303 0.021636 0.000007
0 0.011504 0.000227 0.021636 0.000007
0 0.011519 0.000255 0.021604 0.000007
0 0.011513 0.000284 0.021616 0.000007
0 0.011522 0.000241 0.021598 0.000006
0 0.011506 0.000248 0.021632 0.000008
0 0.011509 0.000236 0.021625 0.000007
0 0.011504 0.000231 0.021635 0.000007
0 0.011502 0.000238 0.021639 0.000008
0 0.011530 0.000328 0.021583 0.000007
0 0.011530 0.000256 0.021584 0.000007
0 0.011531 0.000253 0.021580 0.000007
0 0.011534 0.000239 0.021574 0.000006
0 0.011507 0.000292 0.021629 0.000007
0 0.011520 0.000303 0.021603 0.000006
0 0.011512 0.000290 0.021620 0.000006
0 0.002580 0.000281 0.003768 0.000007
0 0.011509 0.000230 0.021626 0.000008
0 0.011516 0.000245 0.021611 0.000006
0 0.010711 0.000248 0.018757 0.000014
0 0.012185 0.000315 0.020273 0.000007
0 0.011585 0.000237 0.021474 0.000006
0 0.012092 0.000485 0.020458 0.000010
0 0.012087 0.000493 0.020468 0.000011
0 0.012085 0.000492 0.020473 0.000010
0 0.012083 0.000491 0.020478 0.000010
0 0.012080 0.000489 0.020482 0.000010
0 0.012076 0.000486 0.020492 0.000010
0 0.012073 0.000485 0.020496 0.000010
0 0.012071 0.000484 0.020501 0.000011
0 0.012068 0.000483 0.020507 0.000011
0 0.012066 0.000481 0.020511 0.000011
0 0.012076 0.000508 0.020491 0.000009
0 0.012073 0.000507 0.020497 0.000010
0 0.012072 0.000506 0.020500 0.000010
0 0.012069 0.000505 0.020505 0.000010
0 0.012066 0.000503 0.020510 0.000010
0 0.012064 0.000502 0.020514 0.000010
0 0.012062 0.000501 0.020520 0.000010
0 0.012059 0.000500 0.020524 0.000010
0 0.012067 0.000452 0.020509 0.000010
0 0.012062 0.000449 0.020518 0.000010
0 0.012055 0.000455 0.020533 0.000011
0 0.012051 0.000453 0.020541 0.000010
0 0.012056 0.000447 0.020530 0.000010
0 0.012052 0.000445 0.020540 0.000009
0 0.012090 0.000495 0.020462 0.000010
0 0.012108 0.000486 0.020427 0.000010
0 0.012182 0.000331 0.020278 0.000008
0 0.010846 0.000485 0.018487 0.000033
0 0.012265 0.000359 0.020113 0.000008
0 0.012261 0.000349 0.020121 0.000008
0 0.012103 0.000272 0.020437 0.000008
0 0.012134 0.000213 0.020374 0.000007
0 0.012096 0.000193 0.020450 0.000010
0 0.012034 0.000159 0.020575 0.000010
0 0.011740 0.000067 0.021163 0.000007
0 0.011729 0.000069 0.021185 0.000007
0 0.011725 0.000060 0.021192 0.000006
0 0.011681 0.000046 0.021281 0.000008
0 0.011669 0.000033 0.021306 0.000007
0 0.011653 0.000033 0.021337 0.000007
0 0.011598 0.000014 0.021448 0.000007
0 0.011522 0.000293 0.021599 0.000007
0 0.011553 0.000221 0.021536 0.000007
0 0.011551 0.000232 0.021540 0.000006
0 0.011549 0.000239 0.021545 0.000007
0 0.002342 0.000731 0.004246 0.000021
0 0.002335 0.000709 0.004258 0.000021
0 0.002352 0.000714 0.004225 0.000014
0 0.010815 0.000507 0.018548 0.000010
0 0.010848 0.000513 0.018483 0.000016
0 0.010853 0.000460 0.018473 0.000019
0 0.011543 0.000272 0.021557 0.000007
0 0.011585 0.000233 0.021473 0.000006
0 0.001887 0.000687 0.000691 0.000068
0 0.003263 0.000614 0.002402 0.000027
0 0.003248 0.000606 0.002432 0.000029
0 0.003244 0.000631 0.002441 0.000027
0 0.003231 0.000625 0.002467 0.000023
0 0.003235 0.000599 0.002459 0.000026
0 0.003221 0.000591 0.002486 0.000028
0 0.003216 0.000617 0.002496 0.000020
0 0.003203 0.000611 0.002523 0.000024
0 0.003206 0.000584 0.002516 0.000026
0 0.003188 0.000603 0.002553 0.000021
0 0.003193 0.000576 0.002543 0.000028
0 0.003151 0.000542 0.002626 0.000035
0 0.003143 0.000578 0.002642 0.000035
0 0.003134 0.000583 0.002660 0.000016
0 0.003127 0.000565 0.002675 0.000026
0 0.003132 0.000531 0.002665 0.000036
0 0.003111 0.000521 0.002706 0.000035
0 0.003113 0.000557 0.002703 0.000027
0 0.003099 0.000551 0.002731 0.000023
0 0.003097 0.000525 0.002735 0.000024
0 0.002417 0.000689 0.004095 0.000012
0 0.002365 0.000661 0.004199 0.000011
0 0.002331 0.000730 0.004266 0.000015
0 0.002594 0.001407 0.003740 0.000067
0 0.003258 0.000638 0.002412 0.000026
0 0.003322 0.000668 0.002284 0.000044
0 0.002578 0.001501 0.003773 0.000053
0 0.003324 0.000617 0.002281 0.000040
0 0.002497 0.000682 0.003935 0.000105
0 0.002471 0.000782 0.003986 0.000109
0 0.002444 0.000915 0.004040 0.000116
0 0.002419 0.001050 0.004090 0.000109
0 0.002395 0.001150 0.004139 0.000112
0 0.002624 0.000385 0.003680 0.000105
0 0.002587 0.000526 0.003754 0.000109
0 0.002571 0.000631 0.003788 0.000114
0 0.002545 0.000765 0.003839 0.000101
0 0.002512 0.000894 0.003904 0.000109
0 0.002491 0.000999 0.003946 0.000109
0 0.002466 0.001134 0.003997 0.000107
0 0.002682 0.000329 0.003564 0.000114
0 0.002746 0.000368 0.003436 0.000116
0 0.002295 0.000627 0.004338 0.000041
0 0.002330 0.000445 0.004268 0.000024
0 0.002343 0.000453 0.004244 0.000022
0 0.002343 0.000402 0.004244 0.000035
0 0.002363 0.000363 0.004203 0.000021
0 0.002652 0.000303 0.003625 0.000012
0 0.002668 0.000288 0.003592 0.000013
0 0.003254 0.000070 0.002422 0.000031
0 0.003335 0.000121 0.002258 0.000024
0 0.002607 0.001520 0.003714 0.000056
0 0.002549 0.001484 0.003830 0.000055
0 0.011594 0.000231 0.021455 0.000007
0 0.011204 0.000045 0.022235 0.000005
0 0.011197 0.000028 0.022249 0.000005
0 0.011206 0.000024 0.022231 0.000007
0 0.011214 0.000021 0.022214 0.000006
0 0.010109 0.000013 0.019961 0.000014
0 0.011253 0.000007 0.022138 0.000006
0 0.011253 0.000012 0.022138 0.000006
0 0.010413 0.000017 0.019353 0.000010
0 0.010527 0.000024 0.019125 0.000011
0 0.010575 0.000046 0.019029 0.000014
0 0.011110 0.000262 0.017959 0.000013
0 0.011051 0.000232 0.018077 0.000011
0 0.011039 0.000296 0.018100 0.000016
0 0.011031 0.000297 0.018117 0.000015
0 0.010990 0.000268 0.018198 0.000015
0 0.010939 0.000241 0.018300 0.000014
0 0.010800 0.000168 0.018579 0.000019
0 0.010785 0.000186 0.018609 0.000016
0 0.010755 0.000143 0.018668 0.000018
0 0.010733 0.000128 0.018712 0.000011
0 0.010694 0.000108 0.018790 0.000015
0 0.010703 0.000141 0.018772 0.000013
0 0.010664 0.000091 0.018850 0.000012
0 0.010646 0.000111 0.018887 0.000016
0 0.011191 0.000036 0.022260 0.000007
0 0.010191 0.000016 0.019796 0.000009
0 0.002520 0.001470 0.003888 0.000053
0 0.010102 0.000042 0.019974 0.000015
0 0.002493 0.001455 0.003942 0.000052
0 0.002461 0.001436 0.004006 0.000053
0 0.002401 0.001402 0.004127 0.000055
0 0.002371 0.001386 0.004186 0.000055
0 0.002342 0.001372 0.004244 0.000054
0 0.002314 0.001357 0.004301 0.000055
0 0.002283 0.001337 0.004363 0.000054
0 0.002253 0.001323 0.004422 0.000051
0 0.002465 0.001229 0.003999 0.000020
0 0.003286 0.001430 0.002356 0.000017
0 0.003284 0.001446 0.002361 0.000017
0 0.003280 0.001462 0.002368 0.000016
0 0.003276 0.001479 0.002377 0.000020
0 0.003272 0.001499 0.002384 0.000019
0 0.003267 0.001518 0.002395 0.000023
0 0.003269 0.001541 0.002390 0.000021
0 0.003267 0.001562 0.002394 0.000022
0 0.003280 0.001557 0.002369 0.000023
0 0.003291 0.001530 0.002346 0.000026
0 0.003294 0.001554 0.002340 0.000018
0 0.003291 0.001508 0.002348 0.000018
0 0.003295 0.001489 0.002339 0.000019
0 0.010072 0.000057 0.020035 0.000011
0 0.012042 0.000449 0.020560 0.000008
0 0.012023 0.000411 0.020597 0.000008
0 0.012015 0.000407 0.020614 0.000008
0 0.002111 0.001632 0.000242 0.000027
0 0.012258 0.001187 0.020127 0.000007
0 0.012259 0.001182 0.020124 0.000007
0 0.012188 0.001491 0.020266 0.000009
0 0.012186 0.001501 0.020271 0.000010
0 0.012185 0.001509 0.020273 0.000008
0 0.012182 0.001519 0.020279 0.000010
0 0.012181 0.001539 0.020280 0.000007
0 0.012180 0.001531 0.020283 0.000010
0 0.012172 0.001543 0.020300 0.000009
0 0.012178 0.001509 0.020287 0.000008
0 0.012177 0.001517 0.020288 0.000009
0 0.012175 0.001524 0.020293 0.000008
0 0.012180 0.001544 0.020283 0.000008
0 0.012171 0.001549 0.020301 0.000007
0 0.012169 0.001555 0.020304 0.000007
0 0.012179 0.001551 0.020285 0.000007
0 0.012179 0.001555 0.020285 0.000006
0 0.012178 0.001559 0.020287 0.000007
0 0.001228 0.001554 0.002009 0.000140
0 0.001323 0.001662 0.001818 0.000076
0 0.001421 0.001722 0.001623 0.000015
0 0.001507 0.001666 0.001450 0.000056
0 0.001622 0.001537 0.001221 0.000121
0 0.002104 0.001641 0.000257 0.000028
0 0.002095 0.001590 0.000275 0.000028
0 0.001122 0.001612 0.002220 0.000029
0 0.002110 0.001598 0.000244 0.000024
0 0.011623 0.001413 0.021397 0.000008
0 0.001869 0.001212 0.000727 0.000034
0 0.001793 0.001106 0.000878 0.000121
0 0.001804 0.001111 0.000857 0.000118
0 0.001813 0.001121 0.000838 0.000118
0 0.001723 0.001274 0.001018 0.000122
0 0.001735 0.001267 0.000994 0.000121
0 0.001747 0.001263 0.000970 0.000121
0 0.001947 0.001118 0.000570 0.000181
0 0.001985 0.001299 0.000495 0.000110
0 0.001895 0.001047 0.000675 0.000308
0 0.002103 0.001173 0.000258 0.000045
0 0.002079 0.001181 0.000306 0.000063
0 0.002090 0.001202 0.000285 0.000060
0 0.002078 0.001221 0.000308 0.000078
0 0.002084 0.001240 0.000296 0.000063
0 0.002086 0.001250 0.000293 0.000044
0 0.002058 0.001335 0.000349 0.000070
0 0.002063 0.001497 0.000339 0.000205
0 0.002059 0.001497 0.000346 0.000127
0 0.002047 0.001475 0.000370 0.000169
0 0.002088 0.001416 0.000288 0.000050
0 0.002108 0.001603 0.000248 0.000023
0 0.001632 0.001543 0.001201 0.000121
0 0.001145 0.001840 0.002174 0.000076
0 0.012030 0.000415 0.020583 0.000007
0 0.001461 0.002207 0.001543 0.000041
0 0.011215 0.000026 0.022213 0.000005
0 0.011225 0.000022 0.022193 0.000005
0 0.011228 0.000035 0.022186 0.000004
0 0.011330 0.000007 0.021983 0.000005
0 0.011636 0.000027 0.021370 0.000006
0 0.011627 0.000017 0.021388 0.000007
0 0.011817 0.000116 0.021009 0.000008
0 0.011851 0.000247 0.020941 0.000008
0 0.008821 0.001349 0.013609 0.000034
0 0.008798 0.001476 0.013653 0.000027
0 0.008861 0.001241 0.013529 0.000022
0 0.011322 0.001483 0.021998 0.000008
0 0.011312 0.001476 0.022019 0.000007
0 0.011317 0.001478 0.022009 0.000007
0 0.011333 0.001486 0.021978 0.000006
0 0.008638 0.000673 0.013974 0.000177
0 0.008611 0.000931 0.014029 0.000620
0 0.008578 0.000625 0.014094 0.000159
0 0.012081 0.000259 0.020480 0.000006
0 0.012140 0.000284 0.020363 0.000008
0 0.012123 0.000282 0.020397 0.000007
0 0.012105 0.000293 0.020433 0.000005
0 0.001922 0.000604 0.000621 0.000035
0 0.001393 0.002006 0.001678 0.000034
0 0.001481 0.002159 0.001503 0.000060
0 0.001146 0.001857 0.002173 0.000068
0 0.001483 0.002143 0.001498 0.000059
0 0.001255 0.001814 0.001955 0.000022
0 0.001270 0.001841 0.001923 0.000064
0 0.001302 0.001967 0.001861 0.000068
0 0.001962 0.001914 0.000540 0.000049
0 0.001959 0.001936 0.000546 0.000061
0 0.002193 0.001650 0.000079 0.000037
0 0.003231 0.002033 0.002467 0.000034
0 0.003235 0.002071 0.002459 0.000031
0 0.003256 0.002024 0.002418 0.000034
0 0.003260 0.002062 0.002408 0.000032
0 0.003284 0.002022 0.002361 0.000032
0 0.003288 0.002057 0.002353 0.000031
0 0.003306 0.002015 0.002316 0.000031
0 0.003310 0.002049 0.002308 0.000033
0 0.003241 0.002152 0.002447 0.000055
0 0.003284 0.002137 0.002360 0.000055
0 0.003294 0.002202 0.002340 0.000055
0 0.003250 0.002210 0.002428 0.000045
0 0.003136 0.002134 0.002656 0.000049
0 0.003091 0.002086 0.002747 0.000054
0 0.008523 0.002146 0.014204 0.000085
0 0.001676 0.002139 0.001112 0.000029
0 0.001486 0.002125 0.001492 0.000061
0 0.011620 0.001411 0.021402 0.000008
0 0.011616 0.001409 0.021411 0.000008
0 0.011613 0.001408 0.021416 0.000008
0 0.011955 0.000374 0.020733 0.000009
0 0.011962 0.000397 0.020719 0.000010
0 0.011960 0.000396 0.020724 0.000010
0 0.011957 0.000396 0.020729 0.000011
0 0.011955 0.000394 0.020733 0.000011
0 0.011951 0.000392 0.020742 0.000009
0 0.011946 0.000389 0.020751 0.000008
0 0.011943 0.000388 0.020756 0.000008
0 0.011939 0.000386 0.020766 0.000010
0 0.011937 0.000385 0.020770 0.000011
0 0.011934 0.000383 0.020774 0.000009
0 0.011930 0.000380 0.020783 0.000009
0 0.011928 0.000379 0.020787 0.000010
0 0.011925 0.000378 0.020792 0.000011
0 0.011921 0.000376 0.020801 0.000010
0 0.011918 0.000376 0.020807 0.000011
0 0.011916 0.000374 0.020811 0.000011
0 0.001885 0.000603 0.000694 0.000065
0 0.011846 0.000403 0.020951 0.000007
0 0.011849 0.000394 0.020945 0.000006
0 0.011849 0.000392 0.020946 0.000006
0 0.011850 0.000388 0.020943 0.000007
0 0.011838 0.000370 0.020968 0.000008
0 0.011836 0.000380 0.020972 0.000008
0 0.011927 0.000362 0.020790 0.000006
0 0.011966 0.000399 0.020711 0.000012
0 0.011611 0.001407 0.021421 0.000008
0 0.011979 0.000390 0.020685 0.000008
0 0.012004 0.000400 0.020635 0.000009
0 0.012032 0.000434 0.020579 0.000010
0 0.012030 0.000433 0.020583 0.000009
0 0.012027 0.000431 0.020589 0.000009
0 0.012025 0.000438 0.020593 0.000010
0 0.012024 0.000429 0.020594 0.000010
0 0.012022 0.000429 0.020598 0.000008
0 0.012021 0.000427 0.020602 0.000008
0 0.012016 0.000424 0.020610 0.000008
0 0.012019 0.000435 0.020606 0.000009
0 0.012017 0.000432 0.020609 0.000009
0 0.012010 0.000422 0.020622 0.000008
0 0.012013 0.000424 0.020617 0.000007
0 0.012014 0.000431 0.020614 0.000009
0 0.012011 0.000430 0.020621 0.000007
0 0.012004 0.000427 0.020635 0.000010
0 0.012006 0.000420 0.020632 0.000009
0 0.012003 0.000418 0.020636 0.000009
0 0.011999 0.000416 0.020646 0.000008
0 0.012002 0.000426 0.020640 0.000009
0 0.011997 0.000423 0.020649 0.000009
0 0.011999 0.000425 0.020645 0.000010
0 0.011985 0.000393 0.020674 0.000008
0 0.011833 0.000391 0.020976 0.000005
0 0.011832 0.000395 0.020979 0.000007
0 0.011830 0.000405 0.020982 0.000007
0 0.011829 0.000410 0.020985 0.000007
0 0.011585 0.001356 0.021473 0.000011
0 0.011588 0.001357 0.021467 0.000009
0 0.011590 0.001359 0.021463 0.000009
0 0.011594 0.001362 0.021455 0.000009
0 0.011597 0.001363 0.021449 0.000010
0 0.011599 0.001364 0.021445 0.000009
0 0.011600 0.001365 0.021442 0.000010
0 0.011603 0.001367 0.021436 0.000009
0 0.011605 0.001367 0.021432 0.000009
0 0.011609 0.001371 0.021424 0.000009
0 0.011613 0.001372 0.021417 0.000009
0 0.011617 0.001373 0.021409 0.000009
0 0.011619 0.001376 0.021405 0.000008
0 0.011621 0.001377 0.021400 0.000009
0 0.011624 0.001378 0.021395 0.000009
0 0.011628 0.001380 0.021386 0.000009
0 0.011611 0.001398 0.021421 0.000010
0 0.011613 0.001399 0.021417 0.000008
0 0.011615 0.001401 0.021413 0.000009
0 0.011617 0.001402 0.021408 0.000009
0 0.011619 0.001403 0.021405 0.000009
0 0.011622 0.001404 0.021399 0.000010
0 0.011609 0.001405 0.021425 0.000010
0 0.011652 0.001508 0.021338 0.000006
0 0.011654 0.001504 0.021336 0.000006
0 0.011654 0.001500 0.021334 0.000007
0 0.001154 0.001465 0.002156 0.000039
0 0.011816 0.000344 0.021011 0.000008
0 0.011812 0.000348 0.021019 0.000007
0 0.011808 0.000354 0.021027 0.000009
0 0.011798 0.000368 0.021047 0.000009
0 0.011795 0.000375 0.021053 0.000010
0 0.002150 0.000984 0.000164 0.000035
0 0.002159 0.001102 0.000146 0.000029
0 0.002136 0.001110 0.000192 0.000042
0 0.001924 0.000966 0.000617 0.000076
0 0.001850 0.000974 0.000764 0.000118
0 0.011634 0.001448 0.021375 0.000011
0 0.011655 0.001495 0.021333 0.000008
0 0.011602 0.001430 0.021440 0.000010
0 0.011605 0.001433 0.021434 0.000009
0 0.011596 0.001418 0.021450 0.000008
0 0.011594 0.001417 0.021455 0.000009
0 0.011592 0.001416 0.021460 0.000009
0 0.011587 0.001413 0.021469 0.000008
0 0.011585 0.001412 0.021474 0.000010
0 0.011582 0.001410 0.021479 0.000008
0 0.011658 0.001482 0.021327 0.000009
0 0.011656 0.001486 0.021331 0.000006
0 0.002528 0.000548 0.003872 0.000101