0 0.003223 0.001728 0.002482 0.000140
0 0.011895 0.001400 0.020853 0.000018
0 0.011905 0.001406 0.020833 0.000016
0 0.011915 0.001410 0.020812 0.000015
0 0.011930 0.001418 0.020784 0.000017
0 0.011925 0.001445 0.020792 0.000017
0 0.011938 0.001451 0.020767 0.000019
0 0.011957 0.001460 0.020729 0.000020
0 0.011940 0.001423 0.020763 0.000016
0 0.011949 0.001426 0.020744 0.000015
0 0.011954 0.001428 0.020736 0.000017
0 0.011957 0.001432 0.020728 0.000016
0 0.011961 0.001436 0.020721 0.000016
0 0.011966 0.001438 0.020710 0.000017
0 0.011979 0.001390 0.020685 0.000026
0 0.012018 0.001423 0.020606 0.000014
0 0.012036 0.001428 0.020571 0.000012
0 0.012044 0.001422 0.020555 0.000013
0 0.012055 0.001415 0.020533 0.000012
0 0.002141 0.001321 0.000182 0.000246
0 0.010118 0.000568 0.019942 0.000037
0 0.011216 0.000495 0.022212 0.000019
0 0.011223 0.000463 0.022197 0.000019
0 0.011227 0.000446 0.022189 0.000016
0 0.011231 0.000431 0.022182 0.000018
0 0.011900 0.001403 0.020842 0.000017
0 0.011890 0.001398 0.020863 0.000016
0 0.011595 0.001206 0.021454 0.000017
0 0.011880 0.001391 0.020883 0.000016
0 0.011615 0.001285 0.021413 0.000020
0 0.011614 0.001267 0.021415 0.000014
0 0.011728 0.001287 0.021186 0.000016
0 0.012063 0.001474 0.020516 0.000013
0 0.012060 0.001471 0.020523 0.000013
0 0.012055 0.001468 0.020532 0.000015
0 0.012050 0.001464 0.020542 0.000018
0 0.012076 0.001463 0.020491 0.000019
0 0.011877 0.001421 0.020888 0.000017
0 0.011873 0.001419 0.020898 0.000017
0 0.011869 0.001417 0.020905 0.000017
0 0.011861 0.001412 0.020921 0.000017
0 0.011849 0.001405 0.020946 0.000016
0 0.011843 0.001402 0.020956 0.000018
0 0.011839 0.001399 0.020965 0.000017
0 0.011842 0.001372 0.020960 0.000017
0 0.011846 0.001374 0.020951 0.000016
0 0.011862 0.001382 0.020918 0.000015
0 0.011854 0.001379 0.020935 0.000017
0 0.011858 0.001379 0.020926 0.000017
0 0.011867 0.001384 0.020909 0.000015
0 0.011872 0.001387 0.020900 0.000017
0 0.011876 0.001388 0.020892 0.000017
0 0.011227 0.000514 0.022188 0.000017
0 0.011231 0.000499 0.022182 0.000017
0 0.011235 0.000483 0.022174 0.000016
0 0.011238 0.000467 0.022167 0.000016
0 0.011270 0.000261 0.022102 0.000017
0 0.011268 0.000231 0.022106 0.000014
0 0.011273 0.000200 0.022098 0.000013
0 0.001309 0.001401 0.001847 0.000277
0 0.003208 0.000899 0.002513 0.000054
0 0.003075 0.000940 0.002778 0.000047
0 0.003125 0.000891 0.002679 0.000069
0 0.002972 0.000979 0.002985 0.000054
0 0.003000 0.000830 0.002928 0.000078
0 0.003005 0.000743 0.002919 0.000096
0 0.002844 0.000795 0.003241 0.000060
0 0.002703 0.000987 0.003523 0.000047
0 0.002727 0.000959 0.003474 0.000040
0 0.002721 0.000916 0.003487 0.000049
0 0.002730 0.000863 0.003468 0.000049
0 0.002751 0.000826 0.003426 0.000056
0 0.002753 0.000761 0.003423 0.000074
0 0.002742 0.000616 0.003444 0.000065
0 0.002548 0.000908 0.003832 0.000107
0 0.002455 0.000733 0.004019 0.000116
0 0.002479 0.000625 0.003971 0.000123
0 0.002336 0.000765 0.004257 0.000098
0 0.002363 0.000670 0.004203 0.000096
0 0.011267 0.000277 0.022109 0.000015
0 0.011263 0.000291 0.022117 0.000015
0 0.011259 0.000307 0.022125 0.000017
0 0.011981 0.000594 0.020681 0.000017
0 0.011241 0.000452 0.022160 0.000016
0 0.011246 0.000437 0.022151 0.000015
0 0.011248 0.000425 0.022146 0.000014
0 0.011251 0.000411 0.022141 0.000017
0 0.011241 0.000386 0.022161 0.000016
0 0.010586 0.000508 0.019007 0.000029
0 0.011944 0.000539 0.020756 0.000017
0 0.011950 0.000578 0.020743 0.000016
0 0.011954 0.000580 0.020735 0.000015
0 0.011954 0.000492 0.020734 0.000012
0 0.011986 0.000596 0.020671 0.000018
0 0.011256 0.000322 0.022131 0.000015
0 0.011991 0.000597 0.020661 0.000016
0 0.011996 0.000600 0.020652 0.000015
0 0.011995 0.000643 0.020652 0.000014
0 0.012232 0.000760 0.020179 0.000012
0 0.010287 0.000062 0.019604 0.000016
0 0.010306 0.000046 0.019566 0.000020
0 0.011263 0.000359 0.022116 0.000015
0 0.011268 0.000345 0.022108 0.000015
0 0.011276 0.000306 0.022090 0.000017
0 0.011272 0.000321 0.022098 0.000019
0 0.011603 0.001279 0.021436 0.000016
0 0.011575 0.001196 0.021492 0.000018
0 0.003169 0.001730 0.002590 0.000071
0 0.003060 0.001020 0.002808 0.000048
0 0.003040 0.001098 0.002849 0.000047
0 0.003090 0.001037 0.002749 0.000044
0 0.002995 0.000897 0.002938 0.000051
0 0.002984 0.000938 0.002960 0.000049
0 0.002966 0.001017 0.002996 0.000047
0 0.002962 0.001058 0.003006 0.000038
0 0.002954 0.001091 0.003021 0.000039
0 0.002945 0.001125 0.003038 0.000038
0 0.002967 0.000905 0.002995 0.000050
0 0.002957 0.000945 0.003015 0.000050
0 0.002947 0.000985 0.003034 0.000050
0 0.002939 0.001024 0.003051 0.000050
0 0.002929 0.001063 0.003071 0.000044
0 0.002920 0.001106 0.003089 0.000051
0 0.002938 0.001158 0.003052 0.000038
0 0.002977 0.000864 0.002975 0.000053
0 0.002909 0.000690 0.003111 0.000094
0 0.002901 0.000780 0.003126 0.000072
0 0.002884 0.000843 0.003160 0.000061
0 0.002870 0.000916 0.003188 0.000069
0 0.002857 0.000982 0.003215 0.000065
0 0.002843 0.001043 0.003242 0.000067
0 0.002808 0.000962 0.003313 0.000050
0 0.003048 0.001058 0.002832 0.000047
0 0.003070 0.000980 0.002788 0.000049
0 0.011554 0.001164 0.021536 0.000015
0 0.003092 0.000899 0.002745 0.000050
0 0.003183 0.001663 0.002562 0.000071
0 0.003146 0.001675 0.002637 0.000055
0 0.003146 0.001617 0.002636 0.000055
0 0.003162 0.001157 0.002606 0.000037
0 0.003245 0.000892 0.002438 0.000057
0 0.003235 0.000942 0.002458 0.000049
0 0.003224 0.000987 0.002480 0.000050
0 0.003217 0.001032 0.002494 0.000042
0 0.003196 0.000998 0.002536 0.000044
0 0.003191 0.001048 0.002547 0.000039
0 0.003202 0.001095 0.002524 0.000040
0 0.003176 0.001083 0.002577 0.000037
0 0.003176 0.001121 0.002577 0.000039
0 0.003204 0.001175 0.002520 0.000027
0 0.003186 0.001181 0.002557 0.000020
0 0.003202 0.000954 0.002524 0.000047
0 0.003222 0.000855 0.002485 0.000054
0 0.003255 0.000844 0.002419 0.000055
0 0.003128 0.000804 0.002673 0.000092
0 0.003113 0.000952 0.002703 0.000063
0 0.003091 0.001083 0.002746 0.000049
0 0.003109 0.001007 0.002712 0.000050
0 0.003094 0.000851 0.002740 0.000051
0 0.002808 0.001013 0.003313 0.000054
0 0.002788 0.001049 0.003352 0.000054
0 0.002822 0.000913 0.003285 0.000066
0 0.002836 0.000853 0.003257 0.000066
0 0.001203 0.001462 0.002058 0.000064
0 0.001195 0.001457 0.002075 0.000067
0 0.001185 0.001479 0.002095 0.000286
0 0.001203 0.001518 0.002059 0.000220
0 0.011203 0.001478 0.022237 0.000010
0 0.001321 0.001424 0.001822 0.000101
0 0.012137 0.001830 0.020370 0.000016
0 0.012127 0.001826 0.020389 0.000012
0 0.012099 0.001820 0.020444 0.000010
0 0.012089 0.001815 0.020465 0.000009
0 0.001582 0.002011 0.001300 0.000024
0 0.001167 0.001581 0.002130 0.000105
0 0.011206 0.001228 0.022231 0.000018
0 0.011209 0.001379 0.022225 0.000016
0 0.011180 0.001178 0.022284 0.000018
0 0.011206 0.001080 0.022232 0.000010
0 0.011322 0.001192 0.022000 0.000017
0 0.011327 0.001209 0.021990 0.000018
0 0.011338 0.001195 0.021966 0.000017
0 0.011498 0.001156 0.021646 0.000014
0 0.011506 0.001159 0.021631 0.000014
0 0.011513 0.001161 0.021617 0.000013
0 0.010381 0.001173 0.019416 0.000024
0 0.001249 0.001369 0.001967 0.000089
0 0.002844 0.001120 0.003240 0.000019
0 0.008855 0.001086 0.013540 0.000080
0 0.002667 0.000965 0.003595 0.000049
0 0.002863 0.000734 0.003203 0.000064
0 0.002866 0.000677 0.003196 0.000045
0 0.002785 0.000695 0.003359 0.000061
0 0.002781 0.000636 0.003366 0.000069
0 0.002724 0.000665 0.003480 0.000067
0 0.002716 0.000733 0.003496 0.000067
0 0.002695 0.000783 0.003538 0.000066
0 0.002701 0.000834 0.003527 0.000051
0 0.002686 0.000885 0.003557 0.000057
0 0.002666 0.000919 0.003597 0.000055
0 0.002574 0.000800 0.003781 0.000098
0 0.008813 0.001294 0.013623 0.000066
0 0.002599 0.000695 0.003730 0.000098
0 0.002623 0.000592 0.003682 0.000096
0 0.002512 0.000517 0.003904 0.000115
0 0.002437 0.000837 0.004056 0.000117
0 0.002323 0.000851 0.004282 0.000100
0 0.002412 0.000467 0.004104 0.000113
0 0.010104 0.001108 0.019971 0.000016
0 0.010098 0.001088 0.019982 0.000014
0 0.010187 0.000308 0.019804 0.000016
0 0.010851 0.000159 0.018477 0.000020
0 0.002384 0.000575 0.004161 0.000098