0 0.005426 0.000849 0.007005 0.000069
0 0.005012 0.000425 0.007834 0.000099
0 0.006260 0.000945 0.009801 0.000114
0 0.006270 0.000838 0.009782 0.000121
0 0.006138 0.000815 0.010046 0.000129
0 0.014822 0.000714 0.028391 0.000168
0 0.014803 0.000853 0.028429 0.000166
0 0.005001 0.000515 0.007855 0.000102
0 0.005038 0.000236 0.007781 0.000100
0 0.005024 0.000331 0.007809 0.000092
0 0.004658 0.001566 0.008541 0.000181
0 0.004802 0.000495 0.008254 0.000106
0 0.004815 0.000402 0.008227 0.000097
0 0.004823 0.000317 0.008211 0.000100
0 0.004836 0.000233 0.008186 0.000097
0 0.004658 0.000459 0.008542 0.000103
0 0.004667 0.000372 0.008523 0.000103
0 0.004678 0.000282 0.008501 0.000101
0 0.006127 0.000920 0.010067 0.000123
0 0.004642 0.001706 0.008573 0.000179
0 0.005416 0.000919 0.007025 0.000072
0 0.006379 0.001767 0.009563 0.000106
0 0.005405 0.000995 0.007047 0.000074
0 0.005310 0.000826 0.007237 0.000070
0 0.005300 0.000899 0.007257 0.000072
0 0.005293 0.000974 0.007272 0.000074
0 0.006906 0.001263 0.012973 0.000667
0 0.006245 0.001845 0.009831 0.000109
0 0.006366 0.001868 0.009590 0.000107
0 0.006393 0.001669 0.009535 0.000109
0 0.006025 0.001593 0.010271 0.000119
0 0.006261 0.001748 0.009800 0.000115
0 0.006274 0.001646 0.009774 0.000119
0 0.006122 0.001822 0.010077 0.000125
0 0.006137 0.001724 0.010047 0.000122
0 0.006150 0.001623 0.010021 0.000119
0 0.005995 0.001789 0.010331 0.000124
0 0.006013 0.001691 0.010296 0.000124
0 0.014843 0.001269 0.028350 0.000503