0 0.005390 0.001503 0.007076 0.000040
0 0.005845 0.000775 0.010631 0.000055
0 0.005328 0.001443 0.007201 0.000047
0 0.005326 0.001376 0.007205 0.000050
0 0.005324 0.001310 0.007208 0.000050
0 0.005323 0.001241 0.007211 0.000052
0 0.014930 0.001479 0.028175 0.000248
0 0.004662 0.001490 0.008533 0.000054
0 0.004661 0.001427 0.008535 0.000054
0 0.004661 0.001364 0.008535 0.000058
0 0.004661 0.001298 0.008535 0.000055
0 0.004659 0.001238 0.008538 0.000053
0 0.005846 0.000838 0.010630 0.000055
0 0.005844 0.000715 0.010633 0.000054
0 0.005919 0.001856 0.010484 0.000054
0 0.005843 0.000655 0.010635 0.000050
0 0.005751 0.000838 0.010820 0.000055
0 0.005750 0.000778 0.010821 0.000055
0 0.005749 0.000715 0.010824 0.000056
0 0.005749 0.000656 0.010823 0.000053
0 0.006470 0.000531 0.009382 0.000055
0 0.006470 0.000471 0.009382 0.000059
0 0.006468 0.000411 0.009385 0.000055
0 0.006469 0.000350 0.009383 0.000058
0 0.006468 0.000286 0.009386 0.000060
0 0.006468 0.000224 0.009385 0.000058
0 0.005919 0.001796 0.010483 0.000056
0 0.005917 0.001916 0.010488 0.000053
0 0.005323 0.001505 0.007211 0.000040
0 0.006264 0.001867 0.009794 0.000058
0 0.005393 0.001563 0.007072 0.000040
0 0.005324 0.001563 0.007208 0.000041
0 0.005393 0.001620 0.007071 0.000039
0 0.005326 0.001619 0.007206 0.000040
0 0.005392 0.001679 0.007073 0.000039
0 0.005325 0.001677 0.007207 0.000039
0 0.007035 0.000366 0.012715 0.000304
0 0.007023 0.001480 0.012740 0.000357
0 0.006261 0.002043 0.009800 0.000054
0 0.006261 0.001984 0.009799 0.000057
0 0.006262 0.001926 0.009796 0.000056
0 0.006265 0.001805 0.009791 0.000059
0 0.005917 0.001974 0.010488 0.000054
0 0.006163 0.002039 0.009995 0.000053
0 0.006164 0.001981 0.009993 0.000054
0 0.006165 0.001924 0.009992 0.000052
0 0.006165 0.001867 0.009991 0.000058
0 0.006166 0.001803 0.009990 0.000061
0 0.006021 0.002035 0.010280 0.000058
0 0.006022 0.001975 0.010277 0.000054
0 0.006024 0.001917 0.010274 0.000055
0 0.006024 0.001860 0.010273 0.000052
0 0.006027 0.001800 0.010268 0.000059
0 0.005918 0.002033 0.010485 0.000058
0 0.014941 0.000367 0.028153 0.000251