0 0.004909 0.002073 0.008040 0.000084
0 0.004812 0.002082 0.008233 0.000092
0 0.005749 0.001585 0.010824 0.000120
0 0.005881 0.001560 0.010559 0.000123
0 0.005730 0.001344 0.010861 0.000123
0 0.005871 0.001442 0.010579 0.000126
0 0.005867 0.001318 0.010588 0.000127
0 0.005995 0.001296 0.010331 0.000129
0 0.006002 0.001417 0.010317 0.000122
0 0.006121 0.001270 0.010080 0.000131
0 0.006135 0.001400 0.010052 0.000124
0 0.006144 0.001518 0.010034 0.000119
0 0.006013 0.001539 0.010296 0.000121
0 0.005760 0.001772 0.010802 0.000222
0 0.005836 0.001761 0.010650 0.000218
0 0.014888 0.000410 0.028261 0.000465
0 0.006974 0.000396 0.012838 0.000636
0 0.005010 0.001825 0.007838 0.000084
0 0.005001 0.001685 0.007855 0.000092
0 0.005150 0.001658 0.007558 0.000094
0 0.005160 0.001797 0.007537 0.000094
0 0.005021 0.001967 0.007815 0.000088
0 0.005025 0.002067 0.007806 0.000093
0 0.005178 0.002040 0.007502 0.000089
0 0.004804 0.001980 0.008250 0.000093
0 0.004850 0.001847 0.008158 0.000103
0 0.004841 0.001704 0.008175 0.000100
0 0.005169 0.001930 0.007519 0.000093
0 0.004900 0.001966 0.008057 0.000089
0 0.005740 0.001465 0.010842 0.000142