0 0.001681 0.001907 0.001103 0.000112
0 0.002687 0.000708 0.003554 0.000033
0 0.001570 0.001114 0.001324 0.000084
0 0.001516 0.001024 0.001432 0.000108
0 0.001530 0.001024 0.001404 0.000154
0 0.001491 0.000902 0.001482 0.000099
0 0.001469 0.000798 0.001527 0.000114
0 0.001464 0.000700 0.001536 0.000069
0 0.001454 0.000707 0.001556 0.000074
0 0.002750 0.000843 0.003428 0.000015
0 0.002706 0.000816 0.003517 0.000022
0 0.002723 0.000857 0.003482 0.000036
0 0.002727 0.000815 0.003475 0.000037
0 0.002697 0.000766 0.003534 0.000050
0 0.002703 0.000661 0.003522 0.000031
0 0.001698 0.001901 0.001069 0.000088
0 0.002667 0.000668 0.003594 0.000031
0 0.001392 0.000628 0.001680 0.000105
0 0.001405 0.000622 0.001655 0.000126
0 0.001417 0.000612 0.001631 0.000121
0 0.001401 0.000434 0.001663 0.000112
0 0.001386 0.000444 0.001692 0.000113
0 0.001372 0.000450 0.001720 0.000111
0 0.001354 0.000448 0.001757 0.000123
0 0.001279 0.000117 0.001907 0.000196
0 0.001293 0.000114 0.001879 0.000193
0 0.001359 0.000300 0.001746 0.000122
0 0.001300 0.000190 0.001865 0.000103
0 0.001604 0.001505 0.001257 0.000067
0 0.001577 0.001508 0.001311 0.000052
0 0.001591 0.001505 0.001282 0.000043
0 0.001563 0.001391 0.001337 0.000049
0 0.001708 0.001892 0.001047 0.000104
0 0.001721 0.001881 0.001023 0.000104
0 0.001719 0.001866 0.001026 0.000109
0 0.001745 0.001856 0.000973 0.000087
0 0.001742 0.001840 0.000981 0.000104
0 0.001755 0.001825 0.000955 0.000092
0 0.001762 0.001811 0.000941 0.000095
0 0.001774 0.001792 0.000916 0.000089
0 0.001789 0.001784 0.000885 0.000097
0 0.001759 0.001699 0.000946 0.000114
0 0.001732 0.001724 0.001000 0.000092
0 0.001725 0.001725 0.001015 0.000109
0 0.001711 0.001737 0.001043 0.000114
0 0.001698 0.001743 0.001067 0.000091
0 0.001687 0.001754 0.001091 0.000089
0 0.001671 0.001758 0.001121 0.000103
0 0.001584 0.001632 0.001296 0.000093
0 0.001596 0.001627 0.001273 0.000096
0 0.001607 0.001619 0.001251 0.000091
0 0.001618 0.001610 0.001228 0.000108
0 0.001631 0.001602 0.001202 0.000116
0 0.001649 0.001598 0.001166 0.000091
0 0.001595 0.001313 0.001274 0.000104
0 0.001586 0.001386 0.001293 0.000044
0 0.001573 0.001387 0.001319 0.000040
0 0.001280 0.000199 0.001904 0.000119