0 0.002844 0.000292 0.003240 0.000018
0 0.002557 0.001140 0.003815 0.000021
0 0.002616 0.001174 0.003697 0.000025
0 0.002619 0.001145 0.003690 0.000026
0 0.002632 0.001062 0.003664 0.000039
0 0.002594 0.001140 0.003740 0.000029
0 0.002596 0.001107 0.003736 0.000020
0 0.002585 0.001152 0.003758 0.000019
0 0.002584 0.001115 0.003760 0.000019
0 0.002574 0.001104 0.003781 0.000019
0 0.002568 0.001144 0.003792 0.000026
0 0.002560 0.001177 0.003809 0.000016
0 0.002562 0.001104 0.003804 0.000024
0 0.002540 0.001167 0.003848 0.000021
0 0.002542 0.001205 0.003846 0.000021
0 0.002540 0.001128 0.003849 0.000023
0 0.002540 0.001087 0.003850 0.000020
0 0.002529 0.001169 0.003870 0.000020
0 0.002522 0.001129 0.003885 0.000029
0 0.002521 0.001072 0.003886 0.000029
0 0.002444 0.001112 0.004041 0.000039
0 0.002445 0.001057 0.004039 0.000035
0 0.002433 0.001154 0.004063 0.000036
0 0.002431 0.001116 0.004066 0.000019
0 0.002409 0.001169 0.004111 0.000028
0 0.002392 0.001171 0.004145 0.000026
0 0.002626 0.001173 0.003677 0.000018
0 0.002629 0.001141 0.003670 0.000026
0 0.002637 0.001161 0.003654 0.000018
0 0.002644 0.001159 0.003641 0.000023
0 0.002442 0.001202 0.004044 0.000049
0 0.002406 0.001392 0.004116 0.000033
0 0.002405 0.001353 0.004118 0.000034
0 0.002380 0.001360 0.004169 0.000020
0 0.002380 0.001339 0.004169 0.000019
0 0.002387 0.001360 0.004155 0.000020
0 0.002387 0.001338 0.004155 0.000020
0 0.002393 0.001343 0.004142 0.000026
0 0.002393 0.001314 0.004143 0.000025
0 0.002389 0.001286 0.004151 0.000025
0 0.002380 0.001302 0.004169 0.000018
0 0.002380 0.001279 0.004169 0.000019
0 0.002372 0.001303 0.004184 0.000018
0 0.002372 0.001280 0.004185 0.000019
0 0.002400 0.001207 0.004128 0.000026
0 0.002216 0.000687 0.000032 0.000039
0 0.002199 0.000833 0.000066 0.000026
0 0.002195 0.000820 0.000075 0.000035
0 0.002177 0.000841 0.000110 0.000044
0 0.002195 0.000874 0.000075 0.000025
0 0.002187 0.000865 0.000091 0.000038
0 0.002667 0.001088 0.003595 0.000038
0 0.002651 0.001177 0.003628 0.000016
0 0.002399 0.001068 0.004131 0.000039
0 0.002363 0.001072 0.004202 0.000041
0 0.003064 0.000413 0.002800 0.000030
0 0.010341 0.001442 0.019497 0.000010
0 0.010455 0.001528 0.019268 0.000046
0 0.010444 0.001503 0.019290 0.000026
0 0.010469 0.001489 0.019241 0.000010
0 0.010465 0.001535 0.019249 0.000029
0 0.010485 0.001531 0.019208 0.000030
0 0.010546 0.001523 0.019087 0.000029
0 0.010525 0.001519 0.019129 0.000048
0 0.010515 0.001521 0.019149 0.000048
0 0.010506 0.001527 0.019167 0.000028
0 0.008824 0.001066 0.013602 0.000034
0 0.008808 0.001142 0.013633 0.000034
0 0.008794 0.001201 0.013662 0.000081
0 0.010151 0.001067 0.019877 0.000035
0 0.008853 0.000936 0.013544 0.000034
0 0.008897 0.000838 0.013456 0.000026
0 0.008902 0.000852 0.013446 0.000029
0 0.008889 0.000813 0.013471 0.000034
0 0.008879 0.000845 0.013492 0.000033
0 0.008909 0.000714 0.013433 0.000031
0 0.002088 0.001001 0.000289 0.000034
0 0.001780 0.000889 0.000905 0.000134
0 0.010779 0.000762 0.018621 0.000018
0 0.002114 0.000091 0.000236 0.000179
0 0.010417 0.001544 0.019345 0.000026
0 0.010326 0.001652 0.019527 0.000026
0 0.002901 0.000046 0.003126 0.000014
0 0.010296 0.001652 0.019586 0.000029
0 0.002897 0.000065 0.003135 0.000015
0 0.002896 0.000048 0.003137 0.000014
0 0.002902 0.000063 0.003124 0.000014
0 0.002902 0.000081 0.003124 0.000015
0 0.002898 0.000085 0.003133 0.000014
0 0.002908 0.000131 0.003112 0.000015
0 0.002901 0.000136 0.003127 0.000015
0 0.010242 0.001661 0.019695 0.000029
0 0.010232 0.001656 0.019715 0.000044
0 0.010156 0.001674 0.019867 0.000028
0 0.010153 0.001659 0.019872 0.000024
0 0.010129 0.001460 0.019921 0.000021
0 0.010143 0.001659 0.019893 0.000024
0 0.010209 0.001662 0.019761 0.000041
0 0.010187 0.001668 0.019804 0.000029
0 0.010168 0.001669 0.019842 0.000031
0 0.010429 0.001554 0.019321 0.000033
0 0.010200 0.001664 0.019779 0.000029
0 0.010243 0.001609 0.019693 0.000011
0 0.010251 0.001655 0.019677 0.000045
0 0.010271 0.001654 0.019636 0.000046
0 0.010290 0.001624 0.019598 0.000013
0 0.010307 0.001477 0.019564 0.000009
0 0.002453 0.001281 0.004022 0.000023
0 0.002521 0.001196 0.003886 0.000030
0 0.002840 0.000275 0.003248 0.000016
0 0.002767 0.001200 0.003394 0.000019
0 0.002786 0.001336 0.003356 0.000020
0 0.002793 0.001313 0.003342 0.000019
0 0.002786 0.001313 0.003357 0.000019
0 0.002792 0.001289 0.003344 0.000021
0 0.002786 0.001290 0.003357 0.000019
0 0.002784 0.001253 0.003360 0.000035
0 0.002790 0.001216 0.003348 0.000023
0 0.002790 0.001185 0.003348 0.000019
0 0.002781 0.001216 0.003366 0.000021
0 0.002781 0.001187 0.003367 0.000021
0 0.002768 0.001243 0.003393 0.000023
0 0.002753 0.001242 0.003422 0.000023
0 0.002519 0.001232 0.003890 0.000023
0 0.002755 0.001199 0.003418 0.000019
0 0.002743 0.001196 0.003443 0.000025
0 0.002757 0.001352 0.003414 0.000013
0 0.002737 0.001244 0.003455 0.000035
0 0.002729 0.001194 0.003470 0.000025
0 0.002722 0.001231 0.003485 0.000030
0 0.002719 0.001194 0.003491 0.000024
0 0.002707 0.001333 0.003515 0.000024
0 0.002709 0.001296 0.003510 0.000021
0 0.002708 0.001233 0.003513 0.000030
0 0.002706 0.001192 0.003516 0.000025
0 0.002794 0.001335 0.003341 0.000020
0 0.002824 0.001177 0.003280 0.000026
0 0.002814 0.001199 0.003301 0.000025
0 0.002824 0.001209 0.003280 0.000019
0 0.003141 0.001909 0.002647 0.000093
0 0.002884 0.001279 0.003161 0.000014
0 0.002884 0.001254 0.003161 0.000015
0 0.002876 0.001247 0.003177 0.000018
0 0.002874 0.001269 0.003181 0.000025
0 0.002867 0.001325 0.003195 0.000015
0 0.002866 0.001301 0.003196 0.000025
0 0.002867 0.001270 0.003194 0.000016
0 0.002867 0.001248 0.003194 0.000024
0 0.002862 0.001267 0.003205 0.000015
0 0.002863 0.001251 0.003203 0.000011
0 0.002860 0.001236 0.003209 0.000018
0 0.002859 0.001325 0.003212 0.000026
0 0.002857 0.001297 0.003214 0.000025
0 0.002851 0.001340 0.003226 0.000026
0 0.002851 0.001315 0.003227 0.000019
0 0.002850 0.001291 0.003228 0.000020
0 0.002851 0.001256 0.003227 0.000035
0 0.002834 0.001209 0.003261 0.000025
0 0.002832 0.001313 0.003264 0.000053
0 0.002828 0.001259 0.003273 0.000053
0 0.002814 0.001320 0.003301 0.000034
0 0.002810 0.001253 0.003309 0.000049
0 0.002695 0.001346 0.003539 0.000025
0 0.002696 0.001305 0.003536 0.000029
0 0.002697 0.001261 0.003535 0.000019
0 0.002599 0.001296 0.003731 0.000019
0 0.002598 0.001244 0.003732 0.000020
0 0.002598 0.001219 0.003733 0.000021
0 0.002596 0.001189 0.003737 0.000026
0 0.002588 0.001264 0.003753 0.000015
0 0.002586 0.001244 0.003756 0.000020
0 0.002580 0.001264 0.003768 0.000019
0 0.002579 0.001244 0.003771 0.000016
0 0.002588 0.001181 0.003753 0.000013
0 0.002579 0.001205 0.003770 0.000021
0 0.002576 0.001176 0.003777 0.000014
0 0.002568 0.001186 0.003792 0.000015
0 0.002569 0.001225 0.003791 0.000021
0 0.002562 0.001260 0.003805 0.000021
0 0.002561 0.001209 0.003807 0.000019
0 0.002549 0.001264 0.003830 0.000015
0 0.002549 0.001307 0.003830 0.000025
0 0.002539 0.001308 0.003850 0.000025
0 0.002549 0.001247 0.003830 0.000015
0 0.002543 0.001265 0.003842 0.000014
0 0.002543 0.001248 0.003842 0.000015
0 0.002529 0.001311 0.003871 0.000025
0 0.002525 0.001269 0.003878 0.000036
0 0.002530 0.001224 0.003869 0.000023
0 0.002598 0.001269 0.003732 0.000020
0 0.002618 0.001248 0.003692 0.000019
0 0.002697 0.001223 0.003535 0.000020
0 0.002618 0.001279 0.003692 0.000023
0 0.002696 0.001186 0.003536 0.000015
0 0.002675 0.001207 0.003579 0.000016
0 0.002673 0.001242 0.003583 0.000028
0 0.002658 0.001178 0.003612 0.000025
0 0.002659 0.001228 0.003611 0.000025
0 0.002671 0.001354 0.003586 0.000029
0 0.002671 0.001320 0.003587 0.000025
0 0.002655 0.001208 0.003620 0.000018
0 0.002660 0.001355 0.003609 0.000026
0 0.002660 0.001320 0.003609 0.000026
0 0.002649 0.001356 0.003632 0.000026
0 0.002648 0.001321 0.003632 0.000026
0 0.002639 0.001340 0.003651 0.000029
0 0.002638 0.001304 0.003652 0.000028
0 0.002645 0.001211 0.003639 0.000024
0 0.002641 0.001191 0.003648 0.000016
0 0.002630 0.001191 0.003668 0.000024
0 0.002629 0.001359 0.003670 0.000029
0 0.002628 0.001323 0.003672 0.000028
0 0.002628 0.001289 0.003672 0.000026
0 0.002620 0.001363 0.003689 0.000024
0 0.002620 0.001335 0.003689 0.000021
0 0.002619 0.001306 0.003690 0.000021
0 0.010248 0.000152 0.019682 0.000034