0 0.003575 0.001432 0.006243 0.000042
0 0.009174 0.001645 0.017366 0.000053
0 0.007599 0.001745 0.011587 0.000061
0 0.007091 0.001415 0.012604 0.000103
0 0.007211 0.001334 0.012363 0.000086
0 0.009978 0.001388 0.015759 0.000008
0 0.009853 0.000958 0.016009 0.000017
0 0.007619 0.001185 0.011547 0.000157
0 0.006920 0.001210 0.012946 0.000122
0 0.007081 0.000695 0.012624 0.000148
0 0.007188 0.000523 0.012409 0.000078
0 0.009834 0.000821 0.016046 0.000035
0 0.009501 0.000199 0.016712 0.000026
0 0.009169 0.000211 0.017377 0.000022