0 0.002286 0.002138 0.004356 0.000011
0 0.010254 0.001554 0.019671 0.000021
0 0.001673 0.001659 0.001119 0.000006
0 0.008571 0.001474 0.014109 0.000028
0 0.001827 0.001518 0.000811 0.000031
0 0.001790 0.001523 0.000884 0.000035
0 0.001462 0.001544 0.001540 0.000102
0 0.001230 0.001477 0.002005 0.000040
0 0.010252 0.001573 0.019675 0.000013
0 0.010258 0.001529 0.019662 0.000014
0 0.010058 0.001842 0.020062 0.000016
0 0.001447 0.001294 0.001570 0.000109
0 0.010578 0.001203 0.019022 0.000022
0 0.010589 0.001160 0.019001 0.000021
0 0.010574 0.001087 0.019030 0.000015
0 0.008239 0.000602 0.014771 0.000013
0 0.008583 0.000707 0.014085 0.000014
0 0.008567 0.000703 0.014115 0.000043
0 0.010427 0.001668 0.019326 0.000011
0 0.010066 0.001946 0.020047 0.000021
0 0.002276 0.002139 0.004376 0.000011
0 0.002571 0.000364 0.003786 0.000023
0 0.002574 0.000395 0.003780 0.000024
0 0.002465 0.000314 0.003998 0.000005
0 0.002461 0.000315 0.004007 0.000005
0 0.002470 0.000306 0.003989 0.000005
0 0.002469 0.000300 0.003990 0.000005
0 0.002461 0.000339 0.004006 0.000012
0 0.002461 0.000325 0.004007 0.000012
0 0.002309 0.000125 0.004311 0.000014
0 0.010057 0.001942 0.020064 0.000022
0 0.002306 0.000105 0.004316 0.000015
0 0.002295 0.000121 0.004340 0.000014
0 0.002281 0.000112 0.004367 0.000015
0 0.010127 0.002081 0.019924 0.000008
0 0.010100 0.002090 0.019979 0.000009
0 0.010086 0.002065 0.020006 0.000012
0 0.010063 0.001938 0.020052 0.000012
0 0.007111 0.000290 0.012564 0.000224