0 0.003043 0.001074 0.002843 0.000132
0 0.011883 0.000113 0.020876 0.000017
0 0.007814 0.000280 0.015623 0.000263
0 0.007880 0.000496 0.015490 0.000407
0 0.008073 0.000820 0.015104 0.000390
0 0.001836 0.001502 0.000792 0.000216
0 0.008538 0.001511 0.014173 0.000317
0 0.001408 0.001420 0.001648 0.000519
0 0.011986 0.000087 0.020672 0.000018
0 0.003128 0.000857 0.002673 0.000131
0 0.011996 0.000080 0.020651 0.000018
0 0.003254 0.000733 0.002420 0.000037
0 0.003194 0.000734 0.002541 0.000092
0 0.001693 0.001005 0.001078 0.000020
0 0.001858 0.000872 0.000749 0.000015
0 0.003050 0.000890 0.002829 0.000055
0 0.007995 0.000050 0.015260 0.000063