0 0.003221 0.001910 0.002487 0.000018
0 0.003006 0.000927 0.002917 0.000035
0 0.002717 0.001209 0.003495 0.000010
0 0.002712 0.001225 0.003504 0.000012
0 0.002711 0.001211 0.003507 0.000011
0 0.002633 0.001066 0.003662 0.000006
0 0.002632 0.001059 0.003664 0.000006
0 0.002255 0.001268 0.004419 0.000011
0 0.002889 0.001007 0.003151 0.000007
0 0.002885 0.001007 0.003158 0.000006
0 0.002889 0.000999 0.003151 0.000007
0 0.002884 0.001000 0.003160 0.000006
0 0.002888 0.000992 0.003152 0.000006
0 0.002884 0.000993 0.003160 0.000006
0 0.003053 0.000878 0.002822 0.000008
0 0.003034 0.000984 0.002861 0.000010
0 0.003031 0.000949 0.002867 0.000034
0 0.003031 0.000893 0.002867 0.000028
0 0.003023 0.000838 0.002882 0.000037
0 0.002719 0.001219 0.003491 0.000009
0 0.002720 0.001229 0.003489 0.000008
0 0.002723 0.001209 0.003483 0.000017
0 0.002875 0.001104 0.003178 0.000010
0 0.002992 0.001084 0.002945 0.000019
0 0.002973 0.001183 0.002982 0.000019
0 0.002974 0.001106 0.002981 0.000011
0 0.002971 0.001088 0.002986 0.000015
0 0.002965 0.001077 0.002999 0.000011
0 0.002894 0.001163 0.003140 0.000025
0 0.002887 0.001043 0.003154 0.000009
0 0.002882 0.001228 0.003164 0.000026
0 0.002725 0.001228 0.003479 0.000016
0 0.002855 0.001226 0.003219 0.000033
0 0.002873 0.001184 0.003182 0.000026
0 0.002859 0.001130 0.003210 0.000034
0 0.002836 0.001266 0.003257 0.000038
0 0.002824 0.001225 0.003281 0.000026
0 0.002767 0.001155 0.003394 0.000035
0 0.002726 0.001246 0.003477 0.000016
0 0.003010 0.000986 0.002909 0.000018
0 0.003000 0.000870 0.002929 0.000033
0 0.002995 0.001143 0.002939 0.000018
0 0.003003 0.000797 0.002923 0.000036
0 0.010266 0.001614 0.019646 0.000007
0 0.010257 0.001617 0.019665 0.000007
0 0.010192 0.001635 0.019795 0.000007
0 0.010508 0.001311 0.019162 0.000028
0 0.010578 0.001037 0.019023 0.000024
0 0.010157 0.000991 0.019865 0.000015
0 0.010384 0.000944 0.019410 0.000027
0 0.010535 0.000968 0.019109 0.000009
0 0.010535 0.000975 0.019109 0.000007
0 0.010536 0.000981 0.019106 0.000008
0 0.010540 0.000987 0.019099 0.000009
0 0.010444 0.000206 0.019291 0.000009
0 0.010916 0.000266 0.018347 0.000006
0 0.014491 0.000144 0.024589 0.000029
0 0.010992 0.000248 0.018195 0.000018
0 0.010483 0.000288 0.019213 0.000008
0 0.010395 0.000238 0.019389 0.000010
0 0.010276 0.001611 0.019627 0.000006
0 0.010583 0.001706 0.019012 0.000012
0 0.008081 0.002035 0.015087 0.000009
0 0.002892 0.000603 0.003144 0.000017
0 0.002982 0.000928 0.002965 0.000034
0 0.002975 0.000855 0.002978 0.000035
0 0.002963 0.001008 0.003003 0.000009
0 0.002960 0.000985 0.003010 0.000020
0 0.002953 0.000936 0.003023 0.000035
0 0.002950 0.000878 0.003029 0.000034
0 0.002949 0.000803 0.003031 0.000056
0 0.002941 0.000699 0.003046 0.000054
0 0.008164 0.002048 0.014922 0.000009
0 0.002979 0.000688 0.002971 0.000054
0 0.003024 0.000570 0.002880 0.000018
0 0.003019 0.000535 0.002890 0.000024
0 0.002975 0.000355 0.002979 0.000018
0 0.002966 0.000356 0.002997 0.000020
0 0.002955 0.000356 0.003018 0.000020
0 0.002945 0.000356 0.003038 0.000021
0 0.002993 0.001113 0.002942 0.000018
0 0.002998 0.001190 0.002932 0.000029
0 0.003220 0.001893 0.002489 0.000016
0 0.002912 0.001662 0.003104 0.000010
0 0.002683 0.001695 0.003563 0.000009
0 0.002681 0.001715 0.003567 0.000012
0 0.002675 0.001665 0.003578 0.000020
0 0.002669 0.001719 0.003591 0.000010
0 0.002667 0.001704 0.003594 0.000014
0 0.002666 0.001688 0.003596 0.000014
0 0.002664 0.001669 0.003601 0.000018
0 0.002657 0.001722 0.003614 0.000011
0 0.002656 0.001708 0.003617 0.000014
0 0.002655 0.001692 0.003619 0.000014
0 0.002652 0.001673 0.003625 0.000019
0 0.002619 0.001619 0.003690 0.000058
0 0.002774 0.001672 0.003380 0.000006
0 0.002773 0.001598 0.003383 0.000010
0 0.002774 0.001664 0.003381 0.000007
0 0.002777 0.001668 0.003374 0.000014
0 0.002782 0.001571 0.003365 0.000059
0 0.002692 0.001685 0.003545 0.000007
0 0.002691 0.001676 0.003546 0.000007
0 0.002677 0.001683 0.003574 0.000006
0 0.002690 0.001662 0.003548 0.000005
0 0.003224 0.001877 0.002481 0.000006
0 0.003220 0.001878 0.002489 0.000006
0 0.003228 0.001868 0.002473 0.000007
0 0.003227 0.001859 0.002474 0.000008
0 0.003323 0.001984 0.002283 0.000032
0 0.003320 0.001944 0.002289 0.000029
0 0.002690 0.001668 0.003548 0.000005
0 0.002687 0.001670 0.003554 0.000006
0 0.002678 0.001691 0.003573 0.000006
0 0.002687 0.001662 0.003555 0.000006
0 0.002688 0.001678 0.003552 0.000005
0 0.002686 0.001685 0.003557 0.000006
0 0.002686 0.001679 0.003557 0.000005
0 0.002683 0.001687 0.003563 0.000005
0 0.002683 0.001680 0.003563 0.000005
0 0.002678 0.001699 0.003572 0.000006
0 0.002792 0.001493 0.003344 0.000028
0 0.002913 0.001648 0.003103 0.000010
0 0.003011 0.001090 0.002906 0.000038
0 0.002901 0.001535 0.003127 0.000037
0 0.002743 0.001411 0.003443 0.000015
0 0.002743 0.001396 0.003443 0.000013
0 0.002769 0.001354 0.003390 0.000009
0 0.002768 0.001343 0.003392 0.000009
0 0.002745 0.001287 0.003439 0.000047
0 0.002780 0.001337 0.003368 0.000045
0 0.002774 0.001278 0.003381 0.000047
0 0.002829 0.001324 0.003270 0.000034
0 0.003006 0.001272 0.002917 0.000053
0 0.003062 0.001422 0.002804 0.000017
0 0.003081 0.001416 0.002767 0.000017
0 0.003060 0.001202 0.002809 0.000027
0 0.003058 0.001092 0.002812 0.000014
0 0.003043 0.001135 0.002843 0.000055
0 0.003046 0.001056 0.002836 0.000012
0 0.003024 0.001199 0.002880 0.000031
0 0.003017 0.001147 0.002894 0.000030
0 0.002750 0.001394 0.003430 0.000014
0 0.002750 0.001409 0.003428 0.000014
0 0.002757 0.001392 0.003415 0.000014
0 0.002861 0.001582 0.003206 0.000038
0 0.002892 0.001601 0.003145 0.000007
0 0.002894 0.001584 0.003140 0.000015
0 0.002888 0.001565 0.003152 0.000016
0 0.002879 0.001542 0.003170 0.000020
0 0.002871 0.001633 0.003186 0.000018
0 0.002861 0.001633 0.003207 0.000013
0 0.002858 0.001506 0.003212 0.000038
0 0.002885 0.001488 0.003158 0.000035
0 0.002758 0.001406 0.003413 0.000015
0 0.003082 0.001627 0.002764 0.000019
0 0.003080 0.001600 0.002769 0.000019
0 0.003069 0.001621 0.002790 0.000018
0 0.003057 0.001609 0.002815 0.000019
0 0.002774 0.001404 0.003381 0.000014
0 0.002772 0.001387 0.003384 0.000014
0 0.002764 0.001390 0.003400 0.000014
0 0.010321 0.000126 0.019536 0.000005