0 0.001976 0.001784 0.000511 0.000021
0 0.011939 0.000843 0.020764 0.000007
0 0.011976 0.000866 0.020690 0.000008
0 0.011980 0.000889 0.020682 0.000008
0 0.011979 0.000881 0.020686 0.000008
0 0.011975 0.000842 0.020693 0.000007
0 0.011976 0.000850 0.020691 0.000008
0 0.011971 0.000810 0.020700 0.000015
0 0.012021 0.000851 0.020601 0.000008
0 0.012022 0.000889 0.020598 0.000009
0 0.012019 0.000867 0.020605 0.000009
0 0.011995 0.000797 0.020653 0.000015
0 0.012033 0.000798 0.020576 0.000007
0 0.012206 0.000567 0.020232 0.000013
0 0.012066 0.000528 0.020511 0.000011
0 0.012191 0.000281 0.020261 0.000010
0 0.012189 0.000274 0.020265 0.000010
0 0.011938 0.000835 0.020768 0.000009
0 0.011941 0.000851 0.020761 0.000009
0 0.012186 0.000300 0.020270 0.000016
0 0.011943 0.000865 0.020758 0.000007
0 0.011875 0.000937 0.020893 0.000015
0 0.011544 0.000944 0.021554 0.000013
0 0.011537 0.000943 0.021570 0.000014
0 0.011520 0.000941 0.021602 0.000012
0 0.011415 0.000939 0.021813 0.000006
0 0.011392 0.000923 0.021859 0.000013
0 0.011320 0.000915 0.022002 0.000014
0 0.011268 0.000905 0.022107 0.000014
0 0.011282 0.000879 0.022079 0.000017
0 0.011428 0.000860 0.021787 0.000006
0 0.011286 0.000865 0.022071 0.000010
0 0.011945 0.000895 0.020752 0.000008
0 0.011946 0.000887 0.020751 0.000008
0 0.011945 0.000879 0.020752 0.000008
0 0.011943 0.000873 0.020757 0.000008
0 0.012232 0.000247 0.020178 0.000016
0 0.012185 0.000267 0.020272 0.000011
0 0.011975 0.000258 0.020694 0.000013
0 0.012065 0.000210 0.020513 0.000014
0 0.012047 0.000215 0.020550 0.000014
0 0.012046 0.000220 0.020551 0.000013
0 0.012039 0.000223 0.020566 0.000016
0 0.012033 0.000225 0.020577 0.000015
0 0.012046 0.000267 0.020551 0.000013
0 0.012038 0.000266 0.020566 0.000014
0 0.012045 0.000282 0.020553 0.000013
0 0.012060 0.000319 0.020522 0.000012
0 0.012047 0.000318 0.020550 0.000012
0 0.012033 0.000317 0.020578 0.000014
0 0.012014 0.000263 0.020615 0.000012
0 0.012007 0.000263 0.020629 0.000014
0 0.012000 0.000263 0.020643 0.000013
0 0.012020 0.000265 0.020603 0.000012
0 0.011994 0.000261 0.020655 0.000012
0 0.012019 0.000280 0.020606 0.000014
0 0.012069 0.000233 0.020505 0.000016
0 0.012185 0.000260 0.020273 0.000010
0 0.012118 0.000326 0.020407 0.000012
0 0.012180 0.000255 0.020283 0.000013
0 0.012178 0.000247 0.020286 0.000010
0 0.012174 0.000241 0.020294 0.000012
0 0.012170 0.000227 0.020302 0.000010
0 0.012163 0.000213 0.020317 0.000011
0 0.012149 0.000248 0.020344 0.000013
0 0.012153 0.000261 0.020336 0.000015
0 0.012143 0.000251 0.020358 0.000015
0 0.012173 0.000304 0.020296 0.000013
0 0.012162 0.000310 0.020319 0.000014
0 0.012092 0.000274 0.020459 0.000019
0 0.012086 0.000272 0.020470 0.000013
0 0.012065 0.000271 0.020512 0.000015
0 0.012117 0.000210 0.020408 0.000014
0 0.012138 0.000323 0.020368 0.000016
0 0.011861 0.000987 0.020922 0.000012
0 0.011853 0.000986 0.020937 0.000013
0 0.011829 0.000983 0.020985 0.000013
0 0.012206 0.001502 0.020231 0.000013
0 0.012208 0.001482 0.020228 0.000013
0 0.012247 0.001546 0.020150 0.000013
0 0.012252 0.001487 0.020138 0.000013
0 0.012255 0.001456 0.020133 0.000013
0 0.012255 0.001439 0.020132 0.000013
0 0.012211 0.001429 0.020221 0.000012
0 0.012212 0.001417 0.020219 0.000016
0 0.012217 0.001363 0.020209 0.000014
0 0.012217 0.001353 0.020209 0.000013
0 0.012218 0.001343 0.020207 0.000012
0 0.012218 0.001332 0.020207 0.000014
0 0.012219 0.001321 0.020205 0.000014
0 0.012221 0.001310 0.020202 0.000012
0 0.012264 0.001336 0.020115 0.000014
0 0.012244 0.001246 0.020156 0.000015
0 0.012207 0.001492 0.020230 0.000013
0 0.012206 0.001513 0.020232 0.000013
0 0.011807 0.000979 0.021029 0.000011
0 0.012204 0.001522 0.020234 0.000013
0 0.012135 0.001799 0.020374 0.000012
0 0.012150 0.001863 0.020342 0.000015
0 0.012158 0.001850 0.020328 0.000011
0 0.012163 0.001838 0.020317 0.000012
0 0.012171 0.001822 0.020301 0.000014
0 0.012174 0.001756 0.020295 0.000014
0 0.012192 0.001775 0.020258 0.000015
0 0.012200 0.001761 0.020243 0.000011
0 0.012217 0.001717 0.020210 0.000013
0 0.012221 0.001703 0.020202 0.000015
0 0.012232 0.001661 0.020179 0.000014
0 0.012217 0.001629 0.020210 0.000013
0 0.012196 0.001631 0.020251 0.000012
0 0.012197 0.001620 0.020248 0.000012
0 0.012204 0.001533 0.020235 0.000014
0 0.012255 0.001108 0.020132 0.000016
0 0.012250 0.001071 0.020142 0.000013
0 0.012115 0.000957 0.020412 0.000012
0 0.012085 0.000931 0.020473 0.000016
0 0.011998 0.000945 0.020648 0.000012
0 0.011989 0.000946 0.020665 0.000014
0 0.011981 0.000947 0.020681 0.000013
0 0.011971 0.000949 0.020701 0.000014
0 0.011980 0.000979 0.020683 0.000015
0 0.011973 0.000980 0.020697 0.000014
0 0.011966 0.000982 0.020711 0.000013
0 0.011964 0.000947 0.020716 0.000014
0 0.011971 0.000905 0.020701 0.000014
0 0.011949 0.000902 0.020745 0.000008
0 0.011938 0.001002 0.020767 0.000016
0 0.011931 0.001003 0.020781 0.000012
0 0.011917 0.001004 0.020809 0.000013
0 0.011911 0.001002 0.020820 0.000012
0 0.011904 0.001002 0.020835 0.000014
0 0.011991 0.000875 0.020661 0.000013
0 0.012006 0.000943 0.020631 0.000015
0 0.012013 0.000974 0.020616 0.000014
0 0.012051 0.000934 0.020540 0.000013
0 0.012076 0.000933 0.020491 0.000013
0 0.012068 0.000932 0.020507 0.000013
0 0.012076 0.000964 0.020491 0.000013
0 0.012068 0.000966 0.020506 0.000011
0 0.012061 0.000966 0.020520 0.000012
0 0.012059 0.000934 0.020524 0.000014
0 0.012041 0.000938 0.020561 0.000014
0 0.012020 0.000972 0.020604 0.000014
0 0.012052 0.000967 0.020538 0.000013
0 0.012043 0.000968 0.020556 0.000013
0 0.012034 0.000937 0.020576 0.000014
0 0.012036 0.000971 0.020571 0.000012
0 0.012027 0.000970 0.020589 0.000012
0 0.012025 0.000940 0.020594 0.000014
0 0.011973 0.000273 0.020697 0.000014
0 0.011980 0.000274 0.020684 0.000013
0 0.012143 0.001854 0.020357 0.000016
0 0.007931 0.000679 0.015389 0.000211
0 0.011033 0.001706 0.018113 0.000017
0 0.011086 0.001596 0.018006 0.000012
0 0.008689 0.001767 0.013871 0.000016
0 0.008678 0.001793 0.013894 0.000016
0 0.001717 0.001809 0.001031 0.000117
0 0.008331 0.001881 0.014589 0.000103
0 0.010842 0.001966 0.018494 0.000017
0 0.010721 0.001874 0.018736 0.000011
0 0.010680 0.001909 0.018819 0.000014
0 0.010732 0.001923 0.018715 0.000027
0 0.010714 0.001933 0.018750 0.000014
0 0.010867 0.002052 0.018444 0.000031
0 0.010919 0.002102 0.018340 0.000015
0 0.010934 0.002073 0.018311 0.000012
0 0.010940 0.002061 0.018298 0.000013
0 0.010776 0.000903 0.018626 0.000012
0 0.008006 0.000579 0.015239 0.000443
0 0.010981 0.000961 0.018216 0.000013
0 0.008117 0.000649 0.015016 0.000400
0 0.012148 0.000194 0.020347 0.000015
0 0.012133 0.000176 0.020376 0.000014
0 0.012138 0.000171 0.020366 0.000016
0 0.012145 0.000168 0.020353 0.000013
0 0.012150 0.000165 0.020342 0.000016
0 0.012158 0.000163 0.020327 0.000016
0 0.012170 0.000030 0.020303 0.000013
0 0.012185 0.000021 0.020273 0.000011
0 0.012161 0.000206 0.020320 0.000011
0 0.012203 0.000192 0.020238 0.000015
0 0.012208 0.000206 0.020228 0.000014
0 0.012210 0.000085 0.020223 0.000010
0 0.012237 0.000027 0.020169 0.000012
0 0.008410 0.000742 0.014429 0.000287
0 0.008255 0.000681 0.014739 0.000374
0 0.010990 0.000959 0.018198 0.000013
0 0.010234 0.000919 0.019710 0.000014
0 0.011986 0.000274 0.020671 0.000012
0 0.008341 0.000506 0.014568 0.000010
0 0.008200 0.000459 0.014851 0.000010
0 0.008159 0.000489 0.014933 0.000008
0 0.008161 0.000453 0.014929 0.000010
0 0.008083 0.000363 0.015084 0.000012
0 0.008088 0.000320 0.015075 0.000012
0 0.008036 0.000356 0.015178 0.000011
0 0.008041 0.000314 0.015167 0.000011
0 0.010804 0.000242 0.018571 0.000013
0 0.010883 0.000278 0.018412 0.000014
0 0.010915 0.000281 0.018349 0.000014
0 0.010851 0.000255 0.018477 0.000016
0 0.010936 0.000269 0.018308 0.000019
0 0.010961 0.000272 0.018257 0.000019
0 0.011013 0.000258 0.018152 0.000020
0 0.010990 0.000271 0.018198 0.000022
0 0.008196 0.000494 0.014858 0.000009
0 0.008154 0.000524 0.014941 0.000010
0 0.008163 0.000813 0.014925 0.000008
0 0.008192 0.000529 0.014866 0.000009
0 0.008126 0.000808 0.014998 0.000009
0 0.008166 0.000777 0.014919 0.000010
0 0.008129 0.000772 0.014991 0.000009
0 0.008170 0.000742 0.014911 0.000010
0 0.008174 0.000706 0.014902 0.000009
0 0.008177 0.000671 0.014895 0.000009
0 0.008133 0.000737 0.014983 0.000009
0 0.008136 0.000702 0.014977 0.000008
0 0.008141 0.000666 0.014969 0.000009
0 0.008181 0.000636 0.014888 0.000009
0 0.008145 0.000630 0.014961 0.000009
0 0.008185 0.000600 0.014881 0.000009
0 0.008148 0.000595 0.014955 0.000009
0 0.008189 0.000564 0.014872 0.000009
0 0.008151 0.000559 0.014947 0.000010
0 0.012142 0.000199 0.020359 0.000014
0 0.012135 0.000202 0.020372 0.000014
0 0.012123 0.000207 0.020396 0.000014
0 0.011924 0.000301 0.020796 0.000013
0 0.011963 0.000226 0.020716 0.000012
0 0.011966 0.000219 0.020711 0.000011
0 0.011971 0.000214 0.020700 0.000012
0 0.011917 0.000300 0.020809 0.000015
0 0.011911 0.000299 0.020822 0.000013
0 0.011908 0.000260 0.020827 0.000012
0 0.011902 0.000265 0.020840 0.000012
0 0.011901 0.000271 0.020841 0.000009
0 0.011893 0.000276 0.020857 0.000013
0 0.011884 0.000263 0.020874 0.000013
0 0.011893 0.000258 0.020856 0.000015
0 0.011900 0.000250 0.020843 0.000017
0 0.011904 0.000243 0.020834 0.000012
0 0.011916 0.000226 0.020812 0.000014
0 0.011921 0.000220 0.020801 0.000012
0 0.011954 0.000233 0.020735 0.000012
0 0.011930 0.000302 0.020783 0.000014
0 0.012127 0.000178 0.020389 0.000014
0 0.011937 0.000301 0.020770 0.000013
0 0.012021 0.000315 0.020602 0.000014
0 0.012008 0.000312 0.020627 0.000012
0 0.011995 0.000310 0.020653 0.000015
0 0.011988 0.000310 0.020668 0.000013
0 0.010909 0.000268 0.018360 0.000015
0 0.010851 0.000270 0.018477 0.000013
0 0.010860 0.000307 0.018459 0.000013
0 0.011963 0.000305 0.020717 0.000014
0 0.011960 0.000269 0.020723 0.000014
0 0.011957 0.000305 0.020730 0.000012
0 0.011949 0.000304 0.020744 0.000013
0 0.011943 0.000303 0.020757 0.000013
0 0.011953 0.000269 0.020737 0.000014
0 0.011947 0.000271 0.020750 0.000013
0 0.011940 0.000270 0.020763 0.000015
0 0.011932 0.000224 0.020779 0.000012
0 0.011922 0.000237 0.020798 0.000014
0 0.011928 0.000232 0.020788 0.000013
0 0.011883 0.000205 0.020878 0.000013
0 0.011983 0.000195 0.020677 0.000014
0 0.011983 0.000160 0.020678 0.000016
0 0.012027 0.000171 0.020589 0.000015
0 0.012034 0.000137 0.020575 0.000016
0 0.012034 0.000169 0.020575 0.000015
0 0.012040 0.000165 0.020562 0.000013
0 0.012071 0.000023 0.020501 0.000015
0 0.012089 0.000015 0.020464 0.000014
0 0.012098 0.000140 0.020446 0.000014
0 0.012086 0.000143 0.020471 0.000014
0 0.012084 0.000196 0.020475 0.000013
0 0.012096 0.000195 0.020450 0.000014
0 0.012102 0.000190 0.020438 0.000016
0 0.012115 0.000184 0.020413 0.000015
0 0.012120 0.000181 0.020402 0.000016
0 0.011996 0.000196 0.020651 0.000014
0 0.011975 0.000198 0.020692 0.000013
0 0.011955 0.000174 0.020733 0.000014
0 0.011940 0.000192 0.020763 0.000013
0 0.011886 0.000199 0.020870 0.000011
0 0.011894 0.000190 0.020855 0.000012
0 0.011898 0.000183 0.020847 0.000012
0 0.011906 0.000172 0.020830 0.000012
0 0.011911 0.000167 0.020821 0.000012
0 0.011935 0.000196 0.020772 0.000012
0 0.011916 0.000161 0.020812 0.000013
0 0.011955 0.000132 0.020733 0.000015
0 0.011920 0.000156 0.020804 0.000013
0 0.011944 0.000187 0.020755 0.000014
0 0.011932 0.000142 0.020779 0.000013
0 0.011923 0.000151 0.020796 0.000012
0 0.011943 0.000137 0.020756 0.000014
0 0.011951 0.000134 0.020741 0.000013
0 0.012125 0.001817 0.020392 0.000010
0 0.012098 0.001873 0.020448 0.000009
0 0.001988 0.001772 0.000488 0.000019
0 0.001466 0.000499 0.001531 0.000014
0 0.001493 0.000555 0.001477 0.000019
0 0.001490 0.000573 0.001484 0.000012
0 0.001459 0.000534 0.001546 0.000016
0 0.001448 0.000549 0.001567 0.000017
0 0.001455 0.000567 0.001554 0.000014
0 0.001456 0.000587 0.001552 0.000013
0 0.001489 0.000591 0.001485 0.000015
0 0.001486 0.000610 0.001492 0.000014
0 0.001485 0.000627 0.001495 0.000016
0 0.001481 0.000661 0.001502 0.000017
0 0.001443 0.000602 0.001577 0.000016
0 0.001451 0.000621 0.001562 0.000014
0 0.001444 0.000638 0.001576 0.000016
0 0.001447 0.000658 0.001570 0.000013
0 0.001479 0.000697 0.001507 0.000017
0 0.001461 0.000515 0.001543 0.000016
0 0.001496 0.000519 0.001472 0.000017
0 0.001444 0.000675 0.001576 0.000015
0 0.001500 0.000503 0.001465 0.000017
0 0.001587 0.000599 0.001291 0.000018
0 0.001630 0.000640 0.001205 0.000026
0 0.001637 0.000611 0.001190 0.000018
0 0.001635 0.000591 0.001195 0.000020
0 0.001638 0.000564 0.001188 0.000014
0 0.001643 0.000491 0.001179 0.000027
0 0.001644 0.000517 0.001176 0.000021
0 0.001598 0.000581 0.001268 0.000016
0 0.001597 0.000562 0.001271 0.000016
0 0.001599 0.000546 0.001266 0.000016
0 0.001607 0.000527 0.001251 0.000013
0 0.001464 0.000460 0.001536 0.000014
0 0.001455 0.000480 0.001554 0.000014
0 0.001503 0.000468 0.001458 0.000015
0 0.001501 0.000486 0.001462 0.000018
0 0.001480 0.000679 0.001505 0.000015
0 0.001444 0.000693 0.001576 0.000011
0 0.001363 0.000649 0.001738 0.000012
0 0.001342 0.000819 0.001780 0.000011
0 0.001304 0.000798 0.001856 0.000010
0 0.001315 0.000784 0.001834 0.000010
0 0.001313 0.000766 0.001838 0.000011
0 0.001313 0.000753 0.001839 0.000013
0 0.001346 0.000756 0.001773 0.000014
0 0.001349 0.000742 0.001766 0.000012
0 0.001319 0.000738 0.001827 0.000010
0 0.001316 0.000722 0.001832 0.000013
0 0.001352 0.000710 0.001761 0.000014
0 0.001322 0.000690 0.001820 0.000013
0 0.001324 0.000659 0.001815 0.000014
0 0.001321 0.000645 0.001821 0.000014
0 0.001323 0.000628 0.001818 0.000014
0 0.001352 0.000696 0.001761 0.000013
0 0.001354 0.000680 0.001757 0.000012
0 0.001346 0.000803 0.001772 0.000011
0 0.001342 0.000787 0.001780 0.000013
0 0.001477 0.000716 0.001510 0.000016
0 0.001345 0.000772 0.001774 0.000014
0 0.001474 0.000732 0.001517 0.000016
0 0.001438 0.000710 0.001589 0.000016
0 0.001434 0.000727 0.001595 0.000016
0 0.001436 0.000745 0.001592 0.000014
0 0.001434 0.000764 0.001597 0.000015
0 0.001439 0.000780 0.001587 0.000012
0 0.001430 0.000797 0.001604 0.000016
0 0.001475 0.000750 0.001514 0.000012
0 0.001473 0.000769 0.001519 0.000014
0 0.001470 0.000821 0.001525 0.000013
0 0.001468 0.000786 0.001528 0.000013
0 0.001467 0.000805 0.001530 0.000018
0 0.001470 0.000835 0.001524 0.000017
0 0.001430 0.000816 0.001605 0.000013
0 0.001427 0.000831 0.001610 0.000013
0 0.001594 0.000616 0.001275 0.000013
0 0.001588 0.000636 0.001288 0.000016
0 0.001593 0.000657 0.001277 0.000016
0 0.001970 0.001366 0.000524 0.000013
0 0.002041 0.001322 0.000382 0.000011
0 0.002047 0.001287 0.000370 0.000010
0 0.002043 0.001270 0.000378 0.000014
0 0.002054 0.001221 0.000356 0.000013
0 0.001979 0.001302 0.000507 0.000017
0 0.001979 0.001278 0.000506 0.000011
0 0.001984 0.001251 0.000496 0.000011
0 0.001991 0.001222 0.000482 0.000019
0 0.001846 0.001331 0.000772 0.000014
0 0.001874 0.001237 0.000716 0.000021
0 0.001886 0.001212 0.000693 0.000017
0 0.001891 0.001178 0.000682 0.000011
0 0.001887 0.001155 0.000691 0.000009
0 0.001902 0.001110 0.000660 0.000010
0 0.001905 0.001069 0.000655 0.000026
0 0.001840 0.001400 0.000785 0.000014
0 0.001962 0.001401 0.000541 0.000012
0 0.001583 0.000670 0.001299 0.000017
0 0.002035 0.001385 0.000394 0.000014
0 0.001994 0.001761 0.000477 0.000017
0 0.001939 0.001706 0.000586 0.000019
0 0.002009 0.001680 0.000446 0.000009
0 0.002006 0.001640 0.000452 0.000018
0 0.002011 0.001617 0.000443 0.000010
0 0.002014 0.001572 0.000437 0.000011
0 0.002019 0.001553 0.000427 0.000014
0 0.002021 0.001525 0.000422 0.000014
0 0.001946 0.001620 0.000572 0.000011
0 0.001943 0.001598 0.000578 0.000017
0 0.001953 0.001529 0.000559 0.000020
0 0.001827 0.001630 0.000809 0.000020
0 0.002023 0.001505 0.000417 0.000008
0 0.002044 0.001425 0.000377 0.000010
0 0.002032 0.001408 0.000400 0.000011
0 0.002110 0.001198 0.000244 0.000024
0 0.002077 0.001131 0.000311 0.000013
0 0.002066 0.001065 0.000332 0.000011
0 0.001998 0.001199 0.000468 0.000010
0 0.001612 0.000824 0.001241 0.000019
0 0.001613 0.000808 0.001239 0.000018
0 0.001616 0.000788 0.001231 0.000014
0 0.001621 0.000769 0.001223 0.000021
0 0.001621 0.000751 0.001222 0.000016
0 0.001624 0.000733 0.001216 0.000019
0 0.001623 0.000714 0.001218 0.000018
0 0.001625 0.000697 0.001214 0.000017
0 0.001627 0.000677 0.001210 0.000019
0 0.001571 0.000779 0.001321 0.000020
0 0.001575 0.000761 0.001315 0.000016
0 0.001575 0.000744 0.001314 0.000017
0 0.001577 0.000728 0.001311 0.000018
0 0.001581 0.000709 0.001302 0.000016
0 0.001576 0.000690 0.001312 0.000020
0 0.001615 0.000841 0.001235 0.000014
0 0.001616 0.000856 0.001233 0.000018
0 0.001568 0.000816 0.001328 0.000019
0 0.001749 0.000695 0.000967 0.000014
0 0.002001 0.001164 0.000462 0.000016
0 0.002006 0.001116 0.000452 0.000014
0 0.002012 0.001082 0.000440 0.000013
0 0.001994 0.001055 0.000476 0.000016
0 0.001869 0.001262 0.000727 0.000020
0 0.001748 0.000617 0.000968 0.000019
0 0.001732 0.000716 0.001001 0.000025
0 0.001567 0.000835 0.001329 0.000013
0 0.001734 0.000740 0.000996 0.000017
0 0.001732 0.000764 0.001000 0.000020
0 0.001732 0.000789 0.001000 0.000023
0 0.001716 0.000836 0.001033 0.000023
0 0.001712 0.000855 0.001040 0.000018
0 0.001562 0.000852 0.001341 0.000014
0 0.001361 0.000663 0.001743 0.000014
0 0.001361 0.000633 0.001742 0.000011
0 0.012094 0.001882 0.020456 0.000011
0 0.011875 0.001864 0.020893 0.000013
0 0.011907 0.001903 0.020829 0.000011
0 0.011900 0.001900 0.020843 0.000010
0 0.011896 0.001895 0.020850 0.000011
0 0.011890 0.001891 0.020863 0.000010
0 0.011880 0.001887 0.020883 0.000011
0 0.011875 0.001883 0.020892 0.000011
0 0.011869 0.001878 0.020904 0.000011
0 0.011875 0.001826 0.020893 0.000015
0 0.011868 0.001822 0.020906 0.000015
0 0.011862 0.001822 0.020919 0.000014
0 0.011852 0.001842 0.020939 0.000010
0 0.011848 0.001849 0.020946 0.000011
0 0.011844 0.001855 0.020955 0.000010
0 0.012008 0.001948 0.020627 0.000015
0 0.012002 0.001947 0.020638 0.000013
0 0.011913 0.001907 0.020817 0.000012
0 0.011880 0.001871 0.020883 0.000011
0 0.011985 0.001956 0.020673 0.000012
0 0.011887 0.001874 0.020868 0.000013
0 0.011905 0.001815 0.020833 0.000011
0 0.011906 0.001809 0.020832 0.000012
0 0.011912 0.001796 0.020818 0.000012
0 0.011921 0.001783 0.020801 0.000010
0 0.011925 0.001776 0.020794 0.000010
0 0.011892 0.001758 0.020859 0.000011
0 0.011888 0.001764 0.020868 0.000010
0 0.011883 0.001777 0.020877 0.000010
0 0.011878 0.001784 0.020886 0.000011
0 0.011872 0.001798 0.020898 0.000012
0 0.011870 0.001804 0.020903 0.000009
0 0.011885 0.001855 0.020873 0.000011
0 0.011912 0.001890 0.020819 0.000013
0 0.011906 0.001887 0.020832 0.000012
0 0.011893 0.001879 0.020856 0.000012
0 0.011996 0.001943 0.020652 0.000016
0 0.012011 0.002054 0.020620 0.000007
0 0.001363 0.000616 0.001739 0.000013
0 0.011984 0.002110 0.020674 0.000006
0 0.011978 0.002126 0.020688 0.000007
0 0.011975 0.002134 0.020693 0.000007
0 0.011971 0.002142 0.020701 0.000006
0 0.011965 0.002151 0.020712 0.000006
0 0.011951 0.002178 0.020742 0.000013
0 0.011941 0.002214 0.020761 0.000015
0 0.012002 0.002167 0.020638 0.000016
0 0.012239 0.002068 0.020166 0.000014
0 0.012102 0.001997 0.020439 0.000010
0 0.012113 0.002003 0.020416 0.000010
0 0.012106 0.001991 0.020431 0.000011
0 0.012083 0.001907 0.020478 0.000006
0 0.012095 0.001919 0.020453 0.000014
0 0.012088 0.001895 0.020467 0.000010
0 0.012116 0.001913 0.020411 0.000014
0 0.011981 0.002118 0.020680 0.000007
0 0.011989 0.002102 0.020665 0.000007
0 0.012007 0.002062 0.020629 0.000007
0 0.011993 0.002094 0.020658 0.000008
0 0.011965 0.001971 0.020712 0.000013
0 0.011952 0.001962 0.020738 0.000014
0 0.011930 0.001950 0.020782 0.000014
0 0.011921 0.001929 0.020801 0.000013
0 0.011918 0.001941 0.020807 0.000013
0 0.011910 0.001937 0.020822 0.000013
0 0.011904 0.001932 0.020834 0.000014
0 0.011898 0.001928 0.020846 0.000013
0 0.011892 0.001923 0.020858 0.000016
0 0.011885 0.001920 0.020872 0.000014
0 0.011878 0.001917 0.020887 0.000014
0 0.011866 0.001989 0.020912 0.000013
0 0.012003 0.002071 0.020637 0.000007
0 0.011999 0.002078 0.020644 0.000007
0 0.011998 0.002086 0.020648 0.000006
0 0.011900 0.001822 0.020843 0.000011
0 0.011903 0.001849 0.020837 0.000013
0 0.011916 0.001853 0.020810 0.000015
0 0.001379 0.000447 0.001707 0.000013
0 0.001384 0.000400 0.001695 0.000012
0 0.001389 0.000370 0.001687 0.000012
0 0.001392 0.000332 0.001681 0.000023
0 0.001392 0.000351 0.001680 0.000020
0 0.001379 0.000305 0.001707 0.000025
0 0.001336 0.000434 0.001792 0.000013
0 0.001338 0.000389 0.001787 0.000015
0 0.001338 0.000367 0.001787 0.000014
0 0.001338 0.000345 0.001788 0.000021
0 0.001345 0.000324 0.001775 0.000019
0 0.001352 0.000725 0.001761 0.000014
0 0.001314 0.000707 0.001837 0.000019
0 0.001243 0.000774 0.001977 0.000010
0 0.001240 0.000759 0.001984 0.000011
0 0.001243 0.000744 0.001979 0.000013
0 0.001379 0.000433 0.001707 0.000014
0 0.001379 0.000462 0.001705 0.000011
0 0.011923 0.001857 0.020798 0.000012
0 0.001377 0.000476 0.001710 0.000012
0 0.001362 0.000602 0.001741 0.000016
0 0.001364 0.000585 0.001736 0.000014
0 0.001326 0.000612 0.001812 0.000013
0 0.001329 0.000598 0.001806 0.000014
0 0.001328 0.000581 0.001808 0.000015
0 0.001369 0.000571 0.001727 0.000012
0 0.001370 0.000554 0.001724 0.000010
0 0.001330 0.000563 0.001804 0.000013
0 0.001325 0.000496 0.001813 0.000019
0 0.001368 0.000539 0.001728 0.000012
0 0.001370 0.000524 0.001725 0.000012
0 0.001328 0.000522 0.001808 0.000016
0 0.001337 0.000477 0.001790 0.000021
0 0.001372 0.000509 0.001721 0.000016
0 0.001374 0.000493 0.001717 0.000011
0 0.001244 0.000731 0.001976 0.000010
0 0.001245 0.000716 0.001974 0.000014
0 0.001247 0.000702 0.001971 0.000012
0 0.001248 0.000686 0.001968 0.000012
0 0.011944 0.001910 0.020754 0.000012
0 0.011938 0.001906 0.020767 0.000011
0 0.011956 0.001937 0.020732 0.000012
0 0.011951 0.001931 0.020741 0.000012
0 0.011946 0.001927 0.020752 0.000012
0 0.011939 0.001923 0.020765 0.000012
0 0.011933 0.001919 0.020776 0.000011
0 0.011926 0.001915 0.020790 0.000011
0 0.011941 0.001869 0.020761 0.000015
0 0.011934 0.001866 0.020774 0.000014
0 0.011929 0.001863 0.020786 0.000013
0 0.011921 0.001910 0.020800 0.000011
0 0.011931 0.001903 0.020781 0.000013
0 0.011925 0.001898 0.020793 0.000013
0 0.011919 0.001894 0.020805 0.000013
0 0.011952 0.001914 0.020738 0.000013
0 0.011958 0.001918 0.020727 0.000013
0 0.011953 0.001876 0.020737 0.000014
0 0.001260 0.000585 0.001945 0.000009
0 0.001249 0.000672 0.001966 0.000010
0 0.001252 0.000658 0.001961 0.000012
0 0.001253 0.000644 0.001959 0.000012
0 0.001256 0.000628 0.001952 0.000012
0 0.001255 0.000614 0.001955 0.000011
0 0.001260 0.000598 0.001945 0.000011
0 0.001264 0.000572 0.001937 0.000009
0 0.011959 0.001879 0.020725 0.000013
0 0.011995 0.001903 0.020652 0.000012
0 0.011989 0.001899 0.020666 0.000014
0 0.011983 0.001894 0.020678 0.000012
0 0.011977 0.001890 0.020689 0.000012
0 0.011971 0.001888 0.020701 0.000013
0 0.011965 0.001884 0.020712 0.000014
0 0.011003 0.000268 0.018172 0.000023