0 0.001185 0.002092 0.002094 0.000046
0 0.001960 0.001687 0.000543 0.000023
0 0.001942 0.001618 0.000581 0.000024
0 0.001943 0.001650 0.000579 0.000033
0 0.001942 0.001684 0.000580 0.000029
0 0.002060 0.001726 0.000345 0.000045
0 0.002057 0.001580 0.000350 0.000031
0 0.002059 0.001542 0.000346 0.000028
0 0.002036 0.001750 0.000391 0.000025
0 0.002035 0.001679 0.000394 0.000022
0 0.002035 0.001613 0.000395 0.000025
0 0.002036 0.001575 0.000391 0.000020
0 0.002035 0.001541 0.000394 0.000033
0 0.002059 0.001473 0.000346 0.000024
0 0.002058 0.001437 0.000348 0.000026
0 0.002058 0.001401 0.000347 0.000033
0 0.002061 0.001364 0.000343 0.000028
0 0.002059 0.001329 0.000346 0.000026
0 0.002059 0.001260 0.000346 0.000030
0 0.002034 0.001506 0.000396 0.000028
0 0.002038 0.001465 0.000387 0.000024
0 0.002038 0.001438 0.000389 0.000024
0 0.002035 0.001399 0.000395 0.000024
0 0.002035 0.001363 0.000394 0.000025
0 0.002033 0.001324 0.000399 0.000032
0 0.002037 0.001289 0.000390 0.000024
0 0.002034 0.001259 0.000397 0.000022
0 0.002059 0.001223 0.000346 0.000034
0 0.002058 0.001189 0.000348 0.000024
0 0.002059 0.001119 0.000346 0.000026
0 0.002057 0.001085 0.000349 0.000032
0 0.001943 0.001583 0.000579 0.000020
0 0.001961 0.001650 0.000543 0.000025
0 0.001388 0.002121 0.001688 0.000039
0 0.001962 0.001616 0.000540 0.000030
0 0.001876 0.001465 0.000712 0.000033
0 0.001876 0.001442 0.000712 0.000033
0 0.001962 0.001221 0.000540 0.000020
0 0.001962 0.001191 0.000541 0.000016
0 0.001961 0.001157 0.000542 0.000023
0 0.001961 0.001120 0.000541 0.000020
0 0.001961 0.001089 0.000542 0.000020
0 0.001962 0.001060 0.000541 0.000025
0 0.001943 0.001191 0.000579 0.000022
0 0.001942 0.001222 0.000580 0.000029
0 0.001943 0.001266 0.000578 0.000020
0 0.001942 0.001300 0.000580 0.000027
0 0.001943 0.001335 0.000578 0.000023
0 0.001944 0.001370 0.000576 0.000019
0 0.001942 0.001405 0.000580 0.000028
0 0.001940 0.001440 0.000584 0.000022
0 0.001941 0.001476 0.000582 0.000023
0 0.001943 0.001512 0.000577 0.000019
0 0.001962 0.001263 0.000541 0.000021
0 0.001961 0.001295 0.000542 0.000028
0 0.001962 0.001329 0.000541 0.000030
0 0.001960 0.001367 0.000544 0.000026
0 0.001963 0.001404 0.000538 0.000025
0 0.001964 0.001440 0.000536 0.000018
0 0.001962 0.001475 0.000541 0.000029
0 0.001962 0.001513 0.000541 0.000028
0 0.001939 0.001547 0.000586 0.000023
0 0.001960 0.001551 0.000544 0.000030
0 0.001963 0.001585 0.000539 0.000029
0 0.002058 0.001050 0.000349 0.000024
0 0.002058 0.001013 0.000348 0.000033
0 0.002059 0.000978 0.000346 0.000028
0 0.002034 0.001191 0.000396 0.000028
0 0.002130 0.001200 0.000203 0.000017
0 0.002130 0.001235 0.000203 0.000023
0 0.002135 0.001268 0.000195 0.000022
0 0.002128 0.001341 0.000209 0.000019
0 0.002131 0.001412 0.000202 0.000025
0 0.002154 0.001234 0.000157 0.000029
0 0.002156 0.001305 0.000152 0.000021
0 0.002155 0.001342 0.000154 0.000033
0 0.002157 0.001375 0.000151 0.000030
0 0.002155 0.001418 0.000154 0.000033
0 0.002154 0.001092 0.000156 0.000026
0 0.002156 0.001063 0.000153 0.000021
0 0.002156 0.001022 0.000153 0.000020
0 0.002154 0.000989 0.000156 0.000018
0 0.002156 0.000952 0.000152 0.000020
0 0.002156 0.000892 0.000153 0.000020
0 0.002155 0.000854 0.000155 0.000020
0 0.002154 0.000831 0.000156 0.000015
0 0.008828 0.001121 0.013593 0.000733
0 0.008733 0.001253 0.013785 0.001043
0 0.008638 0.001383 0.013974 0.000639
0 0.008134 0.001626 0.014982 0.000137
0 0.008142 0.001604 0.014966 0.000139
0 0.008120 0.001664 0.015010 0.000018
0 0.008574 0.001401 0.014102 0.000223
0 0.010759 0.001394 0.018660 0.000024
0 0.010195 0.000938 0.019788 0.000026
0 0.010453 0.000845 0.019274 0.000013
0 0.010659 0.000846 0.018860 0.000027
0 0.002131 0.001161 0.000202 0.000033
0 0.002131 0.001093 0.000202 0.000023
0 0.002131 0.001056 0.000203 0.000021
0 0.002037 0.000871 0.000391 0.000029
0 0.002037 0.001155 0.000391 0.000023
0 0.002036 0.001121 0.000393 0.000027
0 0.002035 0.001084 0.000394 0.000029
0 0.002034 0.001048 0.000396 0.000026
0 0.002034 0.001015 0.000397 0.000024
0 0.002033 0.000976 0.000398 0.000029
0 0.002036 0.000943 0.000392 0.000022
0 0.002036 0.000907 0.000391 0.000026
0 0.002058 0.000940 0.000348 0.000028
0 0.002060 0.000903 0.000345 0.000029
0 0.002058 0.000871 0.000348 0.000030
0 0.002057 0.000838 0.000351 0.000027
0 0.002060 0.000765 0.000345 0.000022
0 0.002035 0.000836 0.000394 0.000022
0 0.002133 0.001020 0.000199 0.000024
0 0.002037 0.000800 0.000390 0.000024
0 0.002037 0.000765 0.000391 0.000020
0 0.002057 0.000736 0.000350 0.000017
0 0.002050 0.000702 0.000365 0.000053
0 0.002131 0.000766 0.000203 0.000021
0 0.002131 0.000798 0.000201 0.000021
0 0.002133 0.000825 0.000199 0.000020
0 0.002132 0.000853 0.000201 0.000029
0 0.002133 0.000886 0.000198 0.000021
0 0.002153 0.000922 0.000158 0.000018
0 0.002132 0.000923 0.000201 0.000019
0 0.002132 0.000955 0.000199 0.000021
0 0.002132 0.000985 0.000199 0.000027
0 0.001880 0.001491 0.000704 0.000031
0 0.001881 0.001513 0.000703 0.000041
0 0.001416 0.001656 0.001632 0.000034
0 0.012231 0.000523 0.020182 0.000023
0 0.011605 0.000143 0.021432 0.000019
0 0.011626 0.000122 0.021392 0.000020
0 0.011642 0.000104 0.021359 0.000016
0 0.011640 0.000047 0.021363 0.000024
0 0.012074 0.000049 0.020494 0.000024
0 0.012036 0.000314 0.020571 0.000029
0 0.012032 0.000197 0.020580 0.000025
0 0.012019 0.000198 0.020604 0.000024
0 0.012026 0.000260 0.020591 0.000030
0 0.012002 0.000288 0.020638 0.000029
0 0.012005 0.000344 0.020633 0.000029
0 0.012059 0.000264 0.020525 0.000027
0 0.012060 0.000221 0.020523 0.000024
0 0.011303 0.000368 0.022037 0.000020
0 0.011279 0.000396 0.022085 0.000021
0 0.011272 0.000405 0.022100 0.000021
0 0.011265 0.000371 0.022112 0.000020
0 0.011253 0.000429 0.022137 0.000017
0 0.011248 0.000391 0.022147 0.000022
0 0.011245 0.000440 0.022153 0.000019
0 0.011227 0.000388 0.022189 0.000022
0 0.011231 0.000457 0.022180 0.000018
0 0.011211 0.000438 0.022221 0.000017
0 0.011201 0.000446 0.022240 0.000012
0 0.011187 0.000487 0.022269 0.000015
0 0.011180 0.000445 0.022283 0.000012
0 0.011989 0.000430 0.020664 0.000031
0 0.012018 0.000527 0.020608 0.000029
0 0.012062 0.000586 0.020519 0.000029
0 0.011602 0.000101 0.021439 0.000021
0 0.011552 0.000160 0.021538 0.000015
0 0.011522 0.000134 0.021599 0.000015
0 0.011340 0.000278 0.021964 0.000021
0 0.001395 0.001860 0.001673 0.000029
0 0.001434 0.001925 0.001597 0.000048
0 0.011258 0.001035 0.022127 0.000013
0 0.011289 0.001132 0.022064 0.000011
0 0.011266 0.001104 0.022111 0.000029
0 0.011274 0.001072 0.022095 0.000026
0 0.011290 0.000341 0.022062 0.000021
0 0.011297 0.000331 0.022048 0.000020
0 0.011321 0.000346 0.022000 0.000021
0 0.011329 0.000337 0.021985 0.000020
0 0.011369 0.000321 0.021905 0.000025
0 0.011312 0.000313 0.022018 0.000020
0 0.011323 0.000300 0.021997 0.000019
0 0.011381 0.000227 0.021880 0.000021
0 0.011506 0.000139 0.021631 0.000016
0 0.011398 0.000205 0.021847 0.000022
0 0.011413 0.000185 0.021818 0.000022
0 0.011423 0.000212 0.021797 0.000016
0 0.011421 0.000177 0.021801 0.000020
0 0.011432 0.000205 0.021778 0.000013
0 0.011442 0.000161 0.021759 0.000014
0 0.011449 0.000198 0.021745 0.000016
0 0.011461 0.000154 0.021721 0.000015
0 0.011473 0.000191 0.021697 0.000017
0 0.011482 0.000184 0.021678 0.000019
0 0.011477 0.000147 0.021688 0.000015
0 0.011491 0.000180 0.021660 0.000015
0 0.011500 0.000178 0.021644 0.000015
0 0.012119 0.000517 0.020404 0.000024
0 0.012046 0.000646 0.020551 0.000027
0 0.001418 0.001686 0.001629 0.000037
0 0.011572 0.000808 0.021498 0.000014
0 0.011872 0.001188 0.020899 0.000020
0 0.011850 0.001346 0.020944 0.000027
0 0.011552 0.001181 0.021539 0.000027
0 0.011482 0.001284 0.021678 0.000032
0 0.011489 0.001352 0.021666 0.000028
0 0.011449 0.001245 0.021746 0.000025
0 0.011441 0.001270 0.021761 0.000022
0 0.011441 0.001481 0.021761 0.000022
0 0.011434 0.001286 0.021775 0.000026
0 0.011419 0.001328 0.021805 0.000020
0 0.011417 0.001304 0.021810 0.000021
0 0.011402 0.001361 0.021838 0.000022
0 0.011387 0.001394 0.021870 0.000021
0 0.011330 0.001449 0.021983 0.000020
0 0.011324 0.001461 0.021994 0.000020
0 0.011170 0.001480 0.022303 0.000012
0 0.011353 0.001397 0.021936 0.000020
0 0.011355 0.001440 0.021932 0.000026
0 0.011346 0.001483 0.021951 0.000024
0 0.011296 0.001523 0.022052 0.000022
0 0.011287 0.001595 0.022069 0.000019
0 0.011262 0.001597 0.022118 0.000015
0 0.011234 0.001549 0.022174 0.000019
0 0.011230 0.001588 0.022182 0.000018
0 0.011219 0.001531 0.022205 0.000020
0 0.011210 0.001520 0.022222 0.000018
0 0.011209 0.001579 0.022224 0.000018
0 0.011204 0.001512 0.022235 0.000019
0 0.001353 0.001794 0.001759 0.000062
0 0.011935 0.001211 0.020774 0.000026
0 0.011925 0.001143 0.020793 0.000029
0 0.011931 0.001038 0.020781 0.000029
0 0.011824 0.000910 0.020996 0.000016
0 0.011731 0.000836 0.021181 0.000021
0 0.011749 0.000816 0.021144 0.000020
0 0.011759 0.000810 0.021125 0.000016
0 0.011776 0.000819 0.021091 0.000017
0 0.011798 0.000831 0.021047 0.000016
0 0.011827 0.000853 0.020989 0.000018
0 0.011821 0.000847 0.021002 0.000015
0 0.011814 0.000843 0.021014 0.000013
0 0.012081 0.000645 0.020480 0.000014
0 0.012043 0.000680 0.020558 0.000025
0 0.011978 0.000822 0.020687 0.000024
0 0.011941 0.000613 0.020761 0.000027
0 0.011862 0.000885 0.020920 0.000016
0 0.011825 0.000871 0.020994 0.000015
0 0.011943 0.000872 0.020756 0.000029
0 0.011802 0.000894 0.021040 0.000015
0 0.011736 0.000898 0.021170 0.000023
0 0.011744 0.000887 0.021156 0.000020
0 0.011707 0.001140 0.021229 0.000028
0 0.011697 0.000889 0.021249 0.000020
0 0.011656 0.000918 0.021331 0.000018
0 0.011639 0.000894 0.021366 0.000021
0 0.011622 0.000871 0.021399 0.000021
0 0.011614 0.000860 0.021414 0.000018
0 0.011602 0.000903 0.021440 0.000019
0 0.011500 0.001038 0.021643 0.000026
0 0.011515 0.000923 0.021613 0.000027
0 0.011490 0.001017 0.021663 0.000024
0 0.010237 0.000305 0.019705 0.000032