0 0.006780 0.000089 0.013225 0.000126
0 0.001991 0.000090 0.000483 0.000024
0 0.002194 0.000146 0.000076 0.000014
0 0.002195 0.000136 0.000074 0.000013
0 0.001120 0.000456 0.002224 0.000020
0 0.001307 0.000538 0.001850 0.000027
0 0.001948 0.000685 0.000569 0.000047
0 0.002090 0.000514 0.000285 0.000017
0 0.001241 0.001048 0.001982 0.000016
0 0.001241 0.001062 0.001983 0.000016
0 0.001245 0.001078 0.001974 0.000019
0 0.001255 0.001094 0.001954 0.000015
0 0.001264 0.001108 0.001937 0.000012
0 0.001311 0.001019 0.001841 0.000022
0 0.001321 0.001060 0.001822 0.000014
0 0.001355 0.001074 0.001754 0.000014
0 0.001357 0.001065 0.001750 0.000011
0 0.001357 0.001057 0.001750 0.000010
0 0.001526 0.001070 0.001412 0.000022
0 0.001529 0.001084 0.001407 0.000018
0 0.001771 0.001087 0.000923 0.000044
0 0.001781 0.001109 0.000903 0.000039
0 0.001384 0.000997 0.001696 0.000082
0 0.001893 0.001127 0.000679 0.000048
0 0.001900 0.001105 0.000663 0.000031
0 0.001998 0.001130 0.000468 0.000037
0 0.001983 0.001151 0.000499 0.000057
0 0.002057 0.001172 0.000351 0.000057
0 0.002052 0.001192 0.000360 0.000056
0 0.002112 0.000178 0.000240 0.000016
0 0.002171 0.000430 0.000122 0.000035
0 0.002185 0.001255 0.000095 0.000033
0 0.002174 0.000416 0.000116 0.000030
0 0.001150 0.000324 0.002165 0.000031
0 0.001150 0.000349 0.002164 0.000034
0 0.001270 0.000290 0.001924 0.000039
0 0.001270 0.000317 0.001924 0.000042
0 0.001271 0.000344 0.001922 0.000052
0 0.001381 0.000283 0.001703 0.000034
0 0.001380 0.000311 0.001704 0.000038
0 0.001383 0.000341 0.001699 0.000044
0 0.001499 0.000279 0.001466 0.000038
0 0.001501 0.000305 0.001462 0.000039
0 0.001504 0.000333 0.001457 0.000050
0 0.001889 0.000322 0.000686 0.000047
0 0.001893 0.000341 0.000679 0.000035
0 0.001893 0.000357 0.000679 0.000032
0 0.001883 0.000373 0.000697 0.000037
0 0.001891 0.000392 0.000682 0.000028
0 0.001887 0.000409 0.000690 0.000031
0 0.001889 0.000428 0.000686 0.000029
0 0.001972 0.000357 0.000521 0.000037
0 0.001974 0.000376 0.000516 0.000030
0 0.002049 0.000379 0.000365 0.000031
0 0.002038 0.000398 0.000388 0.000040
0 0.002043 0.000417 0.000378 0.000030
0 0.002046 0.000435 0.000373 0.000029
0 0.002043 0.000451 0.000378 0.000029
0 0.002033 0.000465 0.000399 0.000032
0 0.002033 0.000480 0.000398 0.000026
0 0.002115 0.001224 0.000233 0.000031
0 0.002188 0.001233 0.000088 0.000038
0 0.002386 0.002223 0.004158 0.000010
0 0.002592 0.002033 0.003744 0.000024
0 0.002555 0.002055 0.003819 0.000017
0 0.002569 0.002060 0.003790 0.000023
0 0.002587 0.002068 0.003754 0.000022
0 0.002605 0.002075 0.003719 0.000019
0 0.002619 0.002080 0.003690 0.000019
0 0.002550 0.002113 0.003829 0.000023
0 0.002570 0.002123 0.003788 0.000023
0 0.002589 0.002129 0.003751 0.000027
0 0.002612 0.002140 0.003704 0.000022
0 0.002544 0.002155 0.003840 0.000021
0 0.002561 0.002157 0.003807 0.000025
0 0.002584 0.002169 0.003760 0.000028
0 0.002606 0.002173 0.003716 0.000030
0 0.002304 0.002027 0.004320 0.000017
0 0.002300 0.002058 0.004329 0.000018
0 0.002338 0.002073 0.004252 0.000015
0 0.002333 0.002120 0.004263 0.000016
0 0.002335 0.002098 0.004259 0.000015
0 0.002325 0.002092 0.004278 0.000013
0 0.002314 0.002110 0.004301 0.000016
0 0.002311 0.002202 0.004306 0.000022
0 0.002294 0.002195 0.004341 0.000021
0 0.002294 0.002105 0.004340 0.000021
0 0.002266 0.002205 0.004396 0.000028
0 0.002381 0.002130 0.004167 0.000015
0 0.002378 0.002152 0.004172 0.000017
0 0.002371 0.002224 0.004187 0.000011
0 0.002612 0.002041 0.003704 0.000028
0 0.002575 0.002026 0.003779 0.000022
0 0.003204 0.001272 0.002521 0.000012
0 0.002559 0.002021 0.003811 0.000022
0 0.003212 0.001276 0.002505 0.000013
0 0.003219 0.001280 0.002490 0.000015
0 0.003228 0.001284 0.002473 0.000012
0 0.003234 0.001287 0.002460 0.000013
0 0.003243 0.001290 0.002443 0.000014
0 0.003200 0.001293 0.002529 0.000017
0 0.003209 0.001297 0.002510 0.000017
0 0.003219 0.001303 0.002491 0.000016
0 0.003229 0.001307 0.002470 0.000017
0 0.003238 0.001310 0.002452 0.000016
0 0.003188 0.001311 0.002552 0.000023
0 0.003202 0.001319 0.002524 0.000022
0 0.003215 0.001325 0.002499 0.000021
0 0.003229 0.001331 0.002471 0.000022
0 0.003208 0.001381 0.002513 0.000010
0 0.003168 0.001263 0.002593 0.000027
0 0.003163 0.001294 0.002602 0.000026
0 0.003156 0.001249 0.002617 0.000021
0 0.003152 0.001271 0.002624 0.000018
0 0.003148 0.001293 0.002632 0.000020
0 0.002282 0.001222 0.004365 0.000019
0 0.002281 0.001247 0.004367 0.000022
0 0.002565 0.001967 0.003798 0.000016
0 0.002577 0.001972 0.003775 0.000017
0 0.002591 0.001975 0.003747 0.000018
0 0.002604 0.001980 0.003721 0.000018
0 0.002618 0.001984 0.003692 0.000018
0 0.001148 0.000296 0.002168 0.000034