0 0.009273 0.001891 0.017168 0.000128
0 0.001781 0.001089 0.000903 0.000058
0 0.001397 0.000632 0.001670 0.000018
0 0.001391 0.000624 0.001682 0.000024
0 0.001391 0.000613 0.001683 0.000032
0 0.001389 0.000600 0.001686 0.000036
0 0.001393 0.000585 0.001678 0.000036
0 0.001333 0.000558 0.001797 0.000038
0 0.001317 0.000541 0.001831 0.000067
0 0.001244 0.000487 0.001977 0.000038
0 0.001231 0.000465 0.002002 0.000086
0 0.001238 0.000443 0.001988 0.000078
0 0.001218 0.000797 0.002029 0.000061
0 0.001225 0.000782 0.002014 0.000052
0 0.001228 0.000768 0.002007 0.000057
0 0.001234 0.000757 0.001997 0.000061
0 0.001270 0.000804 0.001923 0.000025
0 0.001806 0.001012 0.000853 0.000047
0 0.001803 0.001023 0.000859 0.000042
0 0.001798 0.001035 0.000867 0.000040
0 0.001795 0.001047 0.000873 0.000037
0 0.008267 0.000676 0.014716 0.000080
0 0.001549 0.000624 0.001366 0.000015
0 0.001550 0.000706 0.001365 0.000036
0 0.001770 0.000792 0.000925 0.000022
0 0.001119 0.000371 0.002226 0.000041
0 0.001119 0.000405 0.002226 0.000042
0 0.001119 0.000422 0.002226 0.000040
0 0.001972 0.000829 0.000520 0.000037
0 0.001908 0.000884 0.000649 0.000037
0 0.001899 0.000764 0.000667 0.000022
0 0.001815 0.000762 0.000834 0.000024
0 0.001770 0.000771 0.000925 0.000025
0 0.001774 0.000816 0.000915 0.000035
0 0.001523 0.000683 0.001417 0.000057
0 0.001783 0.000758 0.000898 0.000013
0 0.001782 0.000747 0.000901 0.000021
0 0.001735 0.000732 0.000993 0.000023
0 0.001736 0.000722 0.000992 0.000024
0 0.001733 0.000711 0.000998 0.000025
0 0.001622 0.000706 0.001220 0.000052
0 0.001637 0.000726 0.001191 0.000037
0 0.001518 0.000663 0.001428 0.000071
0 0.001781 0.001070 0.000902 0.000070
0 0.001776 0.001105 0.000911 0.000052
0 0.014647 0.001779 0.028741 0.000076
0 0.001430 0.000874 0.001605 0.000065
0 0.008447 0.001565 0.014356 0.000032
0 0.008459 0.001569 0.014332 0.000033
0 0.008488 0.001574 0.014274 0.000010
0 0.002852 0.001677 0.003224 0.000014
0 0.002850 0.001701 0.003228 0.000013
0 0.002859 0.001761 0.003211 0.000034
0 0.002823 0.001752 0.003282 0.000034
0 0.002787 0.001744 0.003354 0.000032
0 0.002782 0.001818 0.003365 0.000032
0 0.002776 0.001874 0.003376 0.000032
0 0.002817 0.001827 0.003294 0.000033
0 0.002812 0.001884 0.003305 0.000032
0 0.002853 0.001838 0.003223 0.000032
0 0.002848 0.001894 0.003232 0.000032
0 0.001503 0.001989 0.001458 0.000043
0 0.001495 0.001977 0.001475 0.000034
0 0.001488 0.001971 0.001489 0.000034
0 0.001483 0.001963 0.001498 0.000027
0 0.006818 0.001779 0.013151 0.000118
0 0.008414 0.001553 0.014422 0.000033
0 0.008393 0.001547 0.014464 0.000033
0 0.008361 0.001538 0.014529 0.000032
0 0.001940 0.001454 0.000585 0.000056
0 0.001429 0.000887 0.001606 0.000049
0 0.001419 0.000899 0.001626 0.000056
0 0.001415 0.000910 0.001635 0.000049
0 0.001407 0.000930 0.001650 0.000067
0 0.001397 0.000945 0.001670 0.000079
0 0.001396 0.000952 0.001672 0.000047
0 0.001470 0.000911 0.001525 0.000022
0 0.001176 0.001288 0.002112 0.000254
0 0.002026 0.001492 0.000413 0.000047
0 0.008340 0.001532 0.014570 0.000032
0 0.002092 0.001535 0.000279 0.000081
0 0.002040 0.001532 0.000385 0.000026
0 0.001993 0.001552 0.000479 0.000025
0 0.002032 0.001569 0.000401 0.000022
0 0.001827 0.001539 0.000810 0.000061
0 0.001482 0.001554 0.001499 0.000102
0 0.001486 0.001582 0.001492 0.000042
0 0.008304 0.001522 0.014642 0.000032
0 0.001119 0.000386 0.002226 0.000041