0 0.013614 0.002166 0.026342 0.000050
0 0.002277 0.002090 0.004375 0.000061
0 0.000700 0.001129 0.001400 0.000028
0 0.000692 0.001080 0.001384 0.000023
0 0.000251 0.001069 0.000502 0.000011
0 0.000389 0.000656 0.000777 0.000012
0 0.000390 0.000669 0.000780 0.000014
0 0.000394 0.000615 0.000788 0.000010
0 0.000371 0.000642 0.000742 0.000011
0 0.000457 0.000610 0.000913 0.000009
0 0.000450 0.000619 0.000899 0.000010
0 0.000446 0.000612 0.000893 0.000010
0 0.000450 0.000652 0.000900 0.000009
0 0.000440 0.000624 0.000880 0.000010
0 0.000436 0.000617 0.000872 0.000009
0 0.000436 0.000644 0.000872 0.000010
0 0.000428 0.000704 0.000856 0.000007
0 0.000430 0.000627 0.000861 0.000011
0 0.000423 0.000641 0.000847 0.000010
0 0.000888 0.000612 0.001776 0.000014
0 0.000391 0.000607 0.000782 0.000010
0 0.000388 0.000599 0.000776 0.000011
0 0.000453 0.000601 0.000906 0.000010
0 0.000450 0.000594 0.000900 0.000008
0 0.000446 0.000585 0.000891 0.000012
0 0.000439 0.000596 0.000878 0.000011
0 0.000423 0.000604 0.000847 0.000017
0 0.000411 0.000587 0.000822 0.000008
0 0.000438 0.000479 0.000876 0.000011
0 0.000649 0.001051 0.001298 0.000040
0 0.000605 0.001079 0.001210 0.000038
0 0.000716 0.001168 0.001433 0.000031
0 0.002690 0.001559 0.003549 0.000003
0 0.002269 0.002067 0.004391 0.000054
0 0.002302 0.002044 0.004325 0.000047
0 0.002295 0.002056 0.004339 0.000047
0 0.002443 0.001904 0.004043 0.000080
0 0.002578 0.001725 0.003773 0.000014
0 0.002575 0.001702 0.003778 0.000014
0 0.002685 0.001611 0.003558 0.000013
0 0.002694 0.001603 0.003541 0.000008
0 0.002693 0.001591 0.003544 0.000008
0 0.002692 0.001580 0.003545 0.000006
0 0.002691 0.001571 0.003547 0.000006
0 0.002688 0.001564 0.003552 0.000003
0 0.002878 0.000360 0.003173 0.000009
0 0.000746 0.001185 0.001493 0.000031
0 0.003245 0.000617 0.002438 0.000010
0 0.000777 0.001263 0.001553 0.000014
0 0.010218 0.002072 0.019743 0.000013
0 0.013592 0.001992 0.026387 0.000020
0 0.013923 0.002021 0.025725 0.000027
0 0.000321 0.001790 0.000641 0.000041
0 0.014056 0.001465 0.025460 0.000035
0 0.000589 0.001515 0.001178 0.000041
0 0.000451 0.001407 0.000902 0.000033
0 0.000439 0.001379 0.000878 0.000031
0 0.000457 0.001329 0.000915 0.000016
0 0.000599 0.001358 0.001197 0.000054
0 0.000701 0.000347 0.001403 0.000023