0 0.002408 0.001824 0.004113 0.000154
0 0.002951 0.000692 0.003026 0.000061
0 0.003093 0.001075 0.002743 0.000027
0 0.003093 0.001042 0.002743 0.000026
0 0.003103 0.001075 0.002723 0.000021
0 0.003112 0.001074 0.002704 0.000023
0 0.003103 0.001043 0.002723 0.000021
0 0.003097 0.001001 0.002735 0.000038
0 0.003091 0.000957 0.002747 0.000029
0 0.003101 0.000959 0.002726 0.000029
0 0.003112 0.001044 0.002705 0.000023
0 0.003114 0.001002 0.002701 0.000036
0 0.003116 0.000953 0.002697 0.000040
0 0.002950 0.000785 0.003029 0.000059
0 0.002917 0.000782 0.003095 0.000062
0 0.003068 0.000986 0.002793 0.000011
0 0.002917 0.000690 0.003095 0.000062
0 0.002885 0.000782 0.003159 0.000058
0 0.002884 0.000687 0.003160 0.000061
0 0.002851 0.000780 0.003227 0.000061
0 0.002851 0.000686 0.003227 0.000061
0 0.002822 0.000778 0.003285 0.000059
0 0.002821 0.000687 0.003286 0.000062
0 0.002767 0.000702 0.003394 0.000084
0 0.002727 0.000700 0.003474 0.000087
0 0.002684 0.000700 0.003561 0.000087
0 0.002634 0.000698 0.003661 0.000097
0 0.002586 0.000694 0.003757 0.000099
0 0.003080 0.001001 0.002768 0.000033
0 0.003068 0.001003 0.002793 0.000011
0 0.002414 0.001609 0.004101 0.000100
0 0.002804 0.001618 0.003321 0.000152
0 0.002463 0.001610 0.004003 0.000100
0 0.002479 0.001825 0.003971 0.000155
0 0.002559 0.001933 0.003810 0.000047
0 0.002602 0.001918 0.003724 0.000032
0 0.002588 0.001917 0.003752 0.000033
0 0.002595 0.001769 0.003739 0.000053
0 0.002595 0.001692 0.003739 0.000056
0 0.002576 0.001737 0.003776 0.000032
0 0.002570 0.001684 0.003789 0.000044
0 0.002595 0.001615 0.003739 0.000058
0 0.002568 0.001612 0.003792 0.000058
0 0.002720 0.001615 0.003488 0.000152
0 0.002464 0.001475 0.004000 0.000100
0 0.003068 0.001020 0.002793 0.000012
0 0.002416 0.001470 0.004097 0.000103
0 0.002467 0.001338 0.003995 0.000100
0 0.002418 0.001334 0.004092 0.000102
0 0.002420 0.001199 0.004089 0.000099
0 0.002469 0.001201 0.003991 0.000100
0 0.002595 0.001537 0.003739 0.000058
0 0.002568 0.001537 0.003792 0.000061
0 0.002591 0.001447 0.003747 0.000075
0 0.002555 0.001446 0.003819 0.000073
0 0.002543 0.001319 0.003843 0.000108
0 0.002544 0.001172 0.003841 0.000106
0 0.002719 0.001336 0.003491 0.000160
0 0.002538 0.000692 0.003852 0.000100