0 0.001500 0.001719 0.001465 0.000087
0 0.001870 0.000713 0.000725 0.000075
0 0.002715 0.000452 0.003498 0.000018
0 0.002709 0.000468 0.003511 0.000016
0 0.002700 0.000485 0.003528 0.000018
0 0.002695 0.000502 0.003539 0.000016
0 0.002714 0.000512 0.003500 0.000016
0 0.002701 0.000548 0.003527 0.000023
0 0.002726 0.000552 0.003477 0.000021
0 0.001305 0.000426 0.001853 0.000050
0 0.001961 0.000603 0.000543 0.000092
0 0.001879 0.000729 0.000706 0.000078
0 0.003006 0.000484 0.002916 0.000015
0 0.001894 0.000743 0.000676 0.000070
0 0.002080 0.000652 0.000305 0.000061
0 0.002060 0.000774 0.000345 0.000083
0 0.003255 0.000743 0.002419 0.000016
0 0.003245 0.000761 0.002439 0.000017
0 0.003231 0.000786 0.002466 0.000018
0 0.003223 0.000802 0.002484 0.000018
0 0.002935 0.000618 0.003058 0.000017
0 0.002924 0.000635 0.003081 0.000016
0 0.002999 0.000501 0.002930 0.000015
0 0.002983 0.000493 0.002963 0.000016
0 0.002678 0.001778 0.003572 0.000020
0 0.003193 0.000138 0.002542 0.000015
0 0.001545 0.000234 0.001374 0.000072
0 0.002163 0.000055 0.000139 0.000086
0 0.002850 0.000217 0.003230 0.000019
0 0.002840 0.000237 0.003248 0.000019
0 0.003138 0.000230 0.002652 0.000021
0 0.003127 0.000251 0.002675 0.000021
0 0.003116 0.000272 0.002698 0.000021
0 0.003104 0.000292 0.002720 0.000021
0 0.003203 0.000123 0.002522 0.000016
0 0.003214 0.000095 0.002501 0.000013
0 0.002990 0.000477 0.002949 0.000016
0 0.003219 0.000082 0.002491 0.000012
0 0.003232 0.000091 0.002465 0.000015
0 0.003225 0.000059 0.002479 0.000017
0 0.003242 0.000069 0.002445 0.000016
0 0.003235 0.000043 0.002459 0.000016
0 0.003250 0.000022 0.002429 0.000016
0 0.003265 0.000034 0.002398 0.000018
0 0.003261 0.000008 0.002408 0.000014
0 0.003275 0.000017 0.002378 0.000018
0 0.002920 0.000655 0.003089 0.000018
0 0.002913 0.000672 0.003103 0.000018
0 0.002900 0.000698 0.003129 0.000015
0 0.002527 0.001556 0.003874 0.000016
0 0.002823 0.000861 0.003282 0.000016
0 0.002817 0.000877 0.003294 0.000015
0 0.002520 0.000817 0.003888 0.000019
0 0.002540 0.000827 0.003849 0.000018
0 0.002511 0.000835 0.003907 0.000018
0 0.002530 0.000845 0.003869 0.000018
0 0.002556 0.001505 0.003817 0.000015
0 0.002548 0.001520 0.003832 0.000015
0 0.002537 0.001539 0.003855 0.000014
0 0.002503 0.001584 0.003923 0.000021
0 0.002893 0.000715 0.003143 0.000016
0 0.002489 0.001605 0.003951 0.000022
0 0.001503 0.001591 0.001459 0.000081
0 0.002878 0.001692 0.003173 0.000011
0 0.002888 0.001698 0.003152 0.000011
0 0.002872 0.001702 0.003185 0.000011
0 0.002883 0.001707 0.003162 0.000009
0 0.002892 0.001712 0.003145 0.000010
0 0.002897 0.001704 0.003135 0.000011
0 0.002690 0.001758 0.003548 0.000022
0 0.002801 0.000872 0.003327 0.000016
0 0.002807 0.000855 0.003315 0.000017
0 0.001884 0.000985 0.000696 0.000061
0 0.001888 0.000966 0.000688 0.000064
0 0.002885 0.000736 0.003159 0.000015
0 0.002877 0.000752 0.003175 0.000018
0 0.002869 0.000768 0.003190 0.000014
0 0.002684 0.000589 0.003560 0.000024
0 0.002707 0.000599 0.003514 0.000022
0 0.002586 0.000716 0.003756 0.000016
0 0.002575 0.000735 0.003779 0.000020
0 0.002605 0.000724 0.003718 0.000016
0 0.002595 0.000741 0.003738 0.000014
0 0.001282 0.000809 0.001900 0.000022
0 0.001983 0.000836 0.000498 0.000075
0 0.003178 0.000865 0.002572 0.000013
0 0.003171 0.000883 0.002586 0.000017
0 0.003156 0.000937 0.002617 0.000019
0 0.003137 0.000981 0.002655 0.000016
0 0.003130 0.000996 0.002669 0.000017
0 0.003121 0.001014 0.002687 0.000017
0 0.003113 0.001032 0.002703 0.000019
0 0.003165 0.000916 0.002598 0.000019
0 0.001430 0.000056 0.001604 0.000092