0 0.003115 0.001792 0.002699 0.000053
0 0.002840 0.000734 0.003249 0.000010
0 0.002537 0.000942 0.003854 0.000029
0 0.002570 0.000928 0.003789 0.000028
0 0.002558 0.000961 0.003812 0.000027
0 0.002589 0.000947 0.003750 0.000028
0 0.002578 0.000980 0.003773 0.000027
0 0.002783 0.000700 0.003362 0.000011
0 0.002792 0.000706 0.003344 0.000011
0 0.002800 0.000711 0.003328 0.000009
0 0.002808 0.000715 0.003313 0.000010
0 0.002816 0.000719 0.003297 0.000011
0 0.002824 0.000724 0.003281 0.000010
0 0.002831 0.000730 0.003266 0.000011
0 0.002847 0.000739 0.003234 0.000009
0 0.002851 0.000770 0.003226 0.000007
0 0.002855 0.000744 0.003218 0.000011
0 0.002863 0.000749 0.003202 0.000009
0 0.002777 0.000724 0.003374 0.000008
0 0.002784 0.000728 0.003360 0.000007
0 0.002791 0.000732 0.003346 0.000007
0 0.002798 0.000736 0.003333 0.000007
0 0.002804 0.000741 0.003320 0.000008
0 0.002812 0.000744 0.003305 0.000007
0 0.002818 0.000749 0.003292 0.000008
0 0.002825 0.000753 0.003279 0.000008
0 0.002831 0.000756 0.003266 0.000008
0 0.002838 0.000761 0.003253 0.000008
0 0.002549 0.000909 0.003831 0.000027
0 0.002517 0.000923 0.003895 0.000030
0 0.002529 0.000889 0.003871 0.000028
0 0.002495 0.000902 0.003938 0.000028
0 0.002462 0.000702 0.004004 0.000009
0 0.002475 0.000703 0.003979 0.000008
0 0.002571 0.000614 0.003786 0.000037
0 0.002601 0.000632 0.003727 0.000037
0 0.002559 0.000671 0.003811 0.000038
0 0.002588 0.000689 0.003752 0.000038
0 0.002631 0.000651 0.003667 0.000037
0 0.002662 0.000670 0.003605 0.000039
0 0.002692 0.000687 0.003545 0.000039
0 0.003064 0.000676 0.002801 0.000011
0 0.003090 0.000692 0.002748 0.000012
0 0.002860 0.000444 0.003208 0.000006
0 0.002859 0.000450 0.003210 0.000006
0 0.002344 0.000922 0.004241 0.000033
0 0.002333 0.000966 0.004262 0.000018
0 0.002352 0.000976 0.004224 0.000019
0 0.002327 0.000999 0.004275 0.000020
0 0.002543 0.000753 0.003843 0.000041
0 0.002529 0.000804 0.003870 0.000039
0 0.002574 0.000774 0.003781 0.000041
0 0.002604 0.000795 0.003720 0.000040
0 0.002560 0.000824 0.003808 0.000040
0 0.002591 0.000846 0.003746 0.000038
0 0.002472 0.000712 0.003985 0.000011
0 0.002507 0.000869 0.003914 0.000029
0 0.002844 0.000765 0.003240 0.000008
0 0.002858 0.000773 0.003212 0.000006
0 0.002293 0.000532 0.004343 0.000006
0 0.002853 0.000817 0.003223 0.000006
0 0.002854 0.000806 0.003222 0.000006
0 0.002794 0.000781 0.003340 0.000006
0 0.002800 0.000784 0.003329 0.000006
0 0.002805 0.000787 0.003318 0.000006
0 0.002811 0.000790 0.003307 0.000006
0 0.002815 0.000793 0.003298 0.000006
0 0.002821 0.000797 0.003287 0.000006
0 0.002826 0.000800 0.003277 0.000006
0 0.002831 0.000803 0.003266 0.000006
0 0.002837 0.000807 0.003255 0.000006
0 0.002842 0.000810 0.003244 0.000006
0 0.002847 0.000814 0.003234 0.000005
0 0.002789 0.000800 0.003350 0.000006
0 0.002775 0.000735 0.003379 0.000007
0 0.002796 0.000803 0.003337 0.000005
0 0.002801 0.000807 0.003327 0.000006
0 0.002806 0.000810 0.003317 0.000006
0 0.002811 0.000813 0.003306 0.000005
0 0.002816 0.000817 0.003297 0.000005
0 0.002822 0.000820 0.003286 0.000005
0 0.002827 0.000823 0.003275 0.000006
0 0.002831 0.000826 0.003266 0.000006
0 0.002837 0.000829 0.003255 0.000005
0 0.002842 0.000833 0.003244 0.000007
0 0.002848 0.000837 0.003232 0.000006
0 0.002743 0.000867 0.003443 0.000011
0 0.002849 0.000805 0.003231 0.000006
0 0.002844 0.000802 0.003241 0.000006
0 0.002838 0.000798 0.003252 0.000006
0 0.002834 0.000795 0.003261 0.000006
0 0.002781 0.000738 0.003367 0.000007
0 0.002787 0.000743 0.003355 0.000007
0 0.002794 0.000746 0.003341 0.000007
0 0.002799 0.000750 0.003330 0.000007
0 0.002806 0.000754 0.003316 0.000007
0 0.002812 0.000758 0.003304 0.000007
0 0.002819 0.000762 0.003292 0.000008
0 0.002825 0.000764 0.003279 0.000008
0 0.002831 0.000768 0.003266 0.000008
0 0.002838 0.000773 0.003253 0.000008
0 0.002845 0.000778 0.003239 0.000007
0 0.002851 0.000782 0.003226 0.000007
0 0.002857 0.000786 0.003214 0.000007
0 0.002771 0.000757 0.003388 0.000006
0 0.002776 0.000760 0.003377 0.000005
0 0.002781 0.000762 0.003367 0.000006
0 0.002787 0.000765 0.003356 0.000005
0 0.002791 0.000769 0.003346 0.000005
0 0.002797 0.000771 0.003335 0.000006
0 0.002802 0.000776 0.003324 0.000006
0 0.002807 0.000779 0.003314 0.000005
0 0.002812 0.000782 0.003305 0.000006
0 0.002818 0.000785 0.003293 0.000005
0 0.002822 0.000788 0.003284 0.000006
0 0.002828 0.000792 0.003273 0.000006
0 0.002466 0.000690 0.003997 0.000009
0 0.002288 0.000528 0.004352 0.000007
0 0.002759 0.000877 0.003410 0.000011
0 0.003117 0.000389 0.002694 0.000017
0 0.003145 0.000336 0.002638 0.000007
0 0.003143 0.000346 0.002642 0.000008
0 0.003141 0.000356 0.002647 0.000008
0 0.003169 0.000342 0.002590 0.000012
0 0.003167 0.000356 0.002595 0.000013
0 0.003163 0.000369 0.002603 0.000013
0 0.003160 0.000383 0.002608 0.000013
0 0.003062 0.000355 0.002806 0.000018
0 0.003074 0.000363 0.002780 0.000018
0 0.003087 0.000370 0.002755 0.000013
0 0.003101 0.000377 0.002727 0.000013
0 0.003108 0.000384 0.002712 0.000015
0 0.003152 0.000395 0.002625 0.000009
0 0.003115 0.000416 0.002699 0.000006
0 0.003161 0.000400 0.002606 0.000010
0 0.003149 0.000405 0.002630 0.000011
0 0.003158 0.000410 0.002612 0.000010
0 0.003057 0.000371 0.002814 0.000006
0 0.003062 0.000373 0.002804 0.000009
0 0.003068 0.000376 0.002792 0.000009
0 0.003075 0.000382 0.002779 0.000010
0 0.003082 0.000386 0.002764 0.000006
0 0.003088 0.000390 0.002753 0.000006
0 0.003112 0.000404 0.002705 0.000006
0 0.003116 0.000406 0.002696 0.000006
0 0.003121 0.000409 0.002686 0.000006
0 0.003138 0.000327 0.002652 0.000008
0 0.003132 0.000323 0.002665 0.000008
0 0.003126 0.000320 0.002678 0.000008
0 0.003121 0.000317 0.002686 0.000006
0 0.002316 0.000010 0.004297 0.000017
0 0.002271 0.000165 0.004386 0.000015
0 0.002284 0.000172 0.004361 0.000014
0 0.002575 0.000078 0.003779 0.000027
0 0.002594 0.000088 0.003741 0.000030
0 0.002896 0.000223 0.003136 0.000020
0 0.002890 0.000250 0.003149 0.000020
0 0.002883 0.000274 0.003164 0.000025
0 0.002876 0.000302 0.003177 0.000025
0 0.002921 0.000229 0.003086 0.000014
0 0.002932 0.000235 0.003065 0.000015
0 0.002916 0.000256 0.003097 0.000028
0 0.002908 0.000291 0.003113 0.000028
0 0.002903 0.000323 0.003123 0.000021
0 0.002959 0.000281 0.003011 0.000018
0 0.002954 0.000301 0.003020 0.000018
0 0.002983 0.000334 0.002962 0.000007
0 0.002982 0.000345 0.002966 0.000008
0 0.003003 0.000271 0.002922 0.000014
0 0.003074 0.000309 0.002781 0.000018
0 0.003086 0.000315 0.002757 0.000017
0 0.003098 0.000321 0.002733 0.000017
0 0.003110 0.000327 0.002708 0.000018
0 0.003124 0.000335 0.002681 0.000017
0 0.003116 0.000313 0.002696 0.000006
0 0.003110 0.000413 0.002709 0.000005
0 0.003119 0.000419 0.002691 0.000006
0 0.002284 0.000525 0.004361 0.000006
0 0.002428 0.000631 0.004072 0.000011
0 0.003052 0.000423 0.002825 0.000005
0 0.003055 0.000413 0.002819 0.000005
0 0.003048 0.000422 0.002833 0.000006
0 0.002342 0.000584 0.004245 0.000015
0 0.002355 0.000590 0.004220 0.000015
0 0.002339 0.000602 0.004252 0.000015
0 0.002350 0.000610 0.004228 0.000015
0 0.002364 0.000620 0.004201 0.000012
0 0.002347 0.000642 0.004234 0.000014
0 0.002343 0.000660 0.004242 0.000014
0 0.002408 0.000620 0.004112 0.000012
0 0.002419 0.000627 0.004092 0.000011
0 0.002403 0.000644 0.004124 0.000015
0 0.003148 0.000416 0.002633 0.000009
0 0.002418 0.000652 0.004093 0.000016
0 0.002398 0.000665 0.004132 0.000017
0 0.002395 0.000685 0.004138 0.000012
0 0.002407 0.000690 0.004115 0.000009
0 0.002413 0.000673 0.004103 0.000016
0 0.002415 0.000696 0.004098 0.000008
0 0.002468 0.000661 0.003992 0.000014
0 0.002480 0.000667 0.003968 0.000015
0 0.002478 0.000687 0.003972 0.000010
0 0.002267 0.000459 0.004395 0.000010
0 0.002274 0.000463 0.004381 0.000010
0 0.002281 0.000467 0.004367 0.000009
0 0.003056 0.000426 0.002816 0.000005
0 0.003058 0.000416 0.002812 0.000005
0 0.003061 0.000429 0.002807 0.000005
0 0.003063 0.000418 0.002802 0.000005
0 0.003156 0.000422 0.002616 0.000008
0 0.003154 0.000432 0.002621 0.000009
0 0.003145 0.000427 0.002638 0.000009
0 0.003112 0.000450 0.002704 0.000006
0 0.003110 0.000459 0.002709 0.000006
0 0.003107 0.000468 0.002714 0.000006
0 0.003107 0.000446 0.002715 0.000005
0 0.003105 0.000455 0.002719 0.000006
0 0.003103 0.000464 0.002723 0.000006
0 0.003102 0.000443 0.002725 0.000005
0 0.003100 0.000452 0.002729 0.000004
0 0.003097 0.000462 0.002734 0.000006
0 0.003093 0.000459 0.002743 0.000006
0 0.003094 0.000450 0.002740 0.000005
0 0.003097 0.000440 0.002734 0.000005
0 0.003092 0.000438 0.002744 0.000004
0 0.003090 0.000446 0.002748 0.000006
0 0.003087 0.000456 0.002755 0.000006
0 0.003080 0.000429 0.002769 0.000005
0 0.003077 0.000439 0.002775 0.000005
0 0.003076 0.000427 0.002777 0.000005
0 0.003073 0.000437 0.002783 0.000005
0 0.003071 0.000424 0.002786 0.000005
0 0.003069 0.000434 0.002791 0.000005
0 0.003065 0.000432 0.002799 0.000005
0 0.002751 0.000872 0.003426 0.000010
0 0.002767 0.000882 0.003394 0.000011
0 0.003270 0.001826 0.002390 0.000027
0 0.003222 0.001323 0.002485 0.000027
0 0.002599 0.001515 0.003731 0.000060
0 0.002676 0.001561 0.003576 0.000056
0 0.003032 0.001327 0.002865 0.000027
0 0.003023 0.001360 0.002882 0.000028
0 0.003057 0.001343 0.002814 0.000028
0 0.003049 0.001376 0.002831 0.000026
0 0.003015 0.001394 0.002899 0.000027
0 0.003041 0.001410 0.002846 0.000027
0 0.003035 0.001442 0.002859 0.000022
0 0.003009 0.001425 0.002911 0.000023
0 0.003180 0.001297 0.002569 0.000028
0 0.003201 0.001309 0.002526 0.000026
0 0.003243 0.001336 0.002442 0.000027
0 0.003142 0.001466 0.002645 0.000027
0 0.003129 0.001309 0.002671 0.000027
0 0.003150 0.001323 0.002629 0.000027
0 0.003171 0.001335 0.002587 0.000029
0 0.003192 0.001348 0.002545 0.000026
0 0.003213 0.001361 0.002503 0.000027
0 0.003233 0.001373 0.002463 0.000027
0 0.003113 0.001386 0.002703 0.000029
0 0.003134 0.001399 0.002661 0.000027
0 0.003154 0.001412 0.002620 0.000027
0 0.003177 0.001429 0.002574 0.000039
0 0.003208 0.001447 0.002513 0.000039
0 0.003100 0.001440 0.002729 0.000027
0 0.002522 0.001456 0.003884 0.000022
0 0.002495 0.001440 0.003939 0.000021
0 0.002531 0.001429 0.003866 0.000016
0 0.002504 0.001413 0.003921 0.000018
0 0.002473 0.001226 0.003983 0.000037
0 0.002514 0.001192 0.003900 0.000038
0 0.002503 0.001244 0.003923 0.000037
0 0.002545 0.001210 0.003839 0.000027
0 0.002532 0.001261 0.003864 0.000027
0 0.002707 0.000995 0.003516 0.000012
0 0.002715 0.000995 0.003498 0.000013
0 0.002724 0.001002 0.003480 0.000015
0 0.002321 0.001305 0.004286 0.000014
0 0.002333 0.001312 0.004262 0.000014
0 0.002359 0.001334 0.004211 0.000028
0 0.002403 0.001313 0.004123 0.000032
0 0.002393 0.001354 0.004143 0.000029
0 0.002449 0.001330 0.004031 0.000017
0 0.002475 0.001347 0.003979 0.000018
0 0.002444 0.001355 0.004041 0.000017
0 0.002469 0.001371 0.003990 0.000018
0 0.002435 0.001382 0.004060 0.000022
0 0.002460 0.001397 0.004008 0.000022
0 0.002422 0.001417 0.004085 0.000028
0 0.002444 0.001438 0.004040 0.000041
0 0.002516 0.001368 0.003896 0.000014
0 0.002509 0.001387 0.003911 0.000017
0 0.002543 0.001385 0.003842 0.000014
0 0.002537 0.001404 0.003855 0.000018
0 0.003121 0.001452 0.002687 0.000028
0 0.003165 0.001483 0.002598 0.000039
0 0.002369 0.001293 0.004191 0.000030
0 0.003262 0.001673 0.002405 0.000007
0 0.003046 0.001665 0.002836 0.000027
0 0.003030 0.001735 0.002870 0.000027
0 0.003069 0.001682 0.002790 0.000036
0 0.003052 0.001752 0.002824 0.000037
0 0.003099 0.001701 0.002731 0.000037
0 0.003083 0.001769 0.002763 0.000036
0 0.003133 0.001623 0.002663 0.000037
0 0.003131 0.001725 0.002666 0.000051
0 0.003163 0.001641 0.002602 0.000039
0 0.003242 0.001658 0.002444 0.000008
0 0.003249 0.001663 0.002431 0.000007
0 0.003255 0.001668 0.002418 0.000007
0 0.003269 0.001678 0.002391 0.000008
0 0.003195 0.001502 0.002538 0.000039
0 0.003276 0.001685 0.002377 0.000009
0 0.003232 0.001719 0.002465 0.000028
0 0.003250 0.001733 0.002428 0.000030
0 0.003240 0.001767 0.002448 0.000027
0 0.003281 0.001668 0.002366 0.000008
0 0.003307 0.001702 0.002314 0.000028
0 0.003297 0.001734 0.002335 0.000028
0 0.003289 0.001765 0.002351 0.000027
0 0.003314 0.001777 0.002301 0.000018
0 0.003322 0.001753 0.002285 0.000027
0 0.003309 0.001797 0.002310 0.000015
0 0.003279 0.001796 0.002371 0.000028
0 0.002929 0.001759 0.003071 0.000020
0 0.002960 0.001709 0.003009 0.000038
0 0.002973 0.001665 0.002983 0.000029
0 0.002979 0.001621 0.002970 0.000038
0 0.003285 0.001437 0.002358 0.000036
0 0.003311 0.001456 0.002307 0.000037
0 0.003080 0.001523 0.002768 0.000028
0 0.003067 0.001577 0.002794 0.000027
0 0.003100 0.001536 0.002728 0.000027
0 0.003088 0.001592 0.002752 0.000029
0 0.003122 0.001550 0.002684 0.000027
0 0.003109 0.001605 0.002710 0.000028
0 0.003145 0.001567 0.002639 0.000039
0 0.003175 0.001587 0.002578 0.000039
0 0.003001 0.001545 0.002927 0.000027
0 0.002993 0.001578 0.002942 0.000027
0 0.002968 0.001524 0.002992 0.000029
0 0.002961 0.001558 0.003007 0.000027
0 0.002946 0.001599 0.003036 0.000036
0 0.002754 0.001611 0.003420 0.000016
0 0.002476 0.001497 0.003977 0.000022
0 0.002495 0.001528 0.003939 0.000019
0 0.002748 0.001643 0.003433 0.000018
0 0.002741 0.001672 0.003447 0.000017
0 0.002780 0.001628 0.003369 0.000019
0 0.002773 0.001658 0.003383 0.000016
0 0.002765 0.001687 0.003398 0.000018
0 0.002939 0.001642 0.003050 0.000029
0 0.002927 0.001687 0.003075 0.000040
0 0.002484 0.001175 0.003961 0.000037
0 0.002295 0.001180 0.004339 0.000011
0 0.002775 0.000888 0.003378 0.000011
0 0.003201 0.000980 0.002526 0.000027
0 0.002473 0.000967 0.003982 0.000027
0 0.002495 0.000986 0.003938 0.000029
0 0.002755 0.000956 0.003418 0.000018
0 0.002770 0.000965 0.003388 0.000018
0 0.002784 0.000974 0.003360 0.000018
0 0.002799 0.000983 0.003330 0.000019
0 0.002757 0.000986 0.003414 0.000025
0 0.002776 0.000998 0.003376 0.000025
0 0.003218 0.000910 0.002493 0.000026
0 0.003241 0.000926 0.002447 0.000026
0 0.003209 0.000945 0.002510 0.000029
0 0.003234 0.000961 0.002461 0.000027
0 0.003226 0.000996 0.002477 0.000028
0 0.002421 0.000811 0.004087 0.000010
0 0.003284 0.000961 0.002361 0.000038
0 0.002996 0.000909 0.002936 0.000020
0 0.002980 0.000898 0.002968 0.000020
0 0.003012 0.000920 0.002904 0.000023
0 0.003028 0.000931 0.002872 0.000019
0 0.002974 0.000928 0.002981 0.000021
0 0.002990 0.000938 0.002949 0.000022
0 0.003006 0.000949 0.002917 0.000022
0 0.003022 0.000960 0.002885 0.000019
0 0.002967 0.000956 0.002994 0.000025
0 0.002986 0.000968 0.002956 0.000026
0 0.003005 0.000980 0.002919 0.000026
0 0.002618 0.000705 0.003692 0.000037
0 0.002650 0.000725 0.003629 0.000039
0 0.002680 0.000741 0.003569 0.000038
0 0.002741 0.000947 0.003446 0.000019
0 0.002783 0.000892 0.003362 0.000010
0 0.002791 0.000897 0.003347 0.000011
0 0.002799 0.000902 0.003331 0.000011
0 0.002807 0.000908 0.003315 0.000010
0 0.002814 0.000912 0.003300 0.000011
0 0.002822 0.000918 0.003284 0.000012
0 0.002737 0.000892 0.003454 0.000014
0 0.002734 0.000907 0.003461 0.000013
0 0.002747 0.000898 0.003435 0.000013
0 0.002743 0.000912 0.003442 0.000012
0 0.002756 0.000904 0.003416 0.000013
0 0.002753 0.000919 0.003423 0.000013
0 0.002765 0.000910 0.003398 0.000013
0 0.002762 0.000925 0.003404 0.000013
0 0.002775 0.000915 0.003378 0.000012
0 0.002771 0.000930 0.003386 0.000013
0 0.002784 0.000922 0.003361 0.000014
0 0.002780 0.000936 0.003368 0.000013
0 0.002794 0.000927 0.003340 0.000012
0 0.002790 0.000942 0.003350 0.000012
0 0.002803 0.000933 0.003323 0.000013
0 0.002799 0.000947 0.003330 0.000012
0 0.002812 0.000939 0.003305 0.000013
0 0.002809 0.000953 0.003311 0.000013
0 0.002726 0.000937 0.003476 0.000018
0 0.002424 0.000800 0.004080 0.000010
0 0.002417 0.000828 0.004094 0.000011
0 0.002300 0.001168 0.004329 0.000012
0 0.002345 0.001021 0.004239 0.000009
0 0.002769 0.001031 0.003391 0.000028
0 0.002787 0.001044 0.003354 0.000028
0 0.002516 0.001006 0.003897 0.000028
0 0.002537 0.001025 0.003855 0.000030
0 0.002557 0.001044 0.003815 0.000028
0 0.002463 0.001002 0.004003 0.000029
0 0.002483 0.001020 0.003962 0.000028
0 0.002505 0.001039 0.003919 0.000029
0 0.002525 0.001059 0.003878 0.000028
0 0.002545 0.001077 0.003839 0.000027
0 0.002321 0.001025 0.004286 0.000018
0 0.002347 0.001007 0.004234 0.000009
0 0.002398 0.001095 0.004133 0.000022
0 0.002414 0.000842 0.004100 0.000011
0 0.002392 0.001124 0.004145 0.000022
0 0.002415 0.001105 0.004098 0.000022
0 0.002432 0.001115 0.004065 0.000022
0 0.002449 0.001126 0.004031 0.000021
0 0.002409 0.001134 0.004111 0.000022
0 0.002426 0.001144 0.004077 0.000021
0 0.002442 0.001154 0.004044 0.000022
0 0.002367 0.001171 0.004195 0.000027
0 0.002387 0.001183 0.004154 0.000026
0 0.002408 0.001194 0.004113 0.000025
0 0.002428 0.001207 0.004073 0.000025
0 0.002291 0.001122 0.004347 0.000020
0 0.002749 0.001020 0.003430 0.000028
0 0.002863 0.001037 0.003202 0.000007
0 0.002859 0.001034 0.003210 0.000007
0 0.002851 0.001028 0.003228 0.000006
0 0.003273 0.001009 0.002383 0.000037
0 0.003304 0.001028 0.002321 0.000036
0 0.003292 0.001076 0.002345 0.000037
0 0.003261 0.001057 0.002407 0.000038
0 0.003194 0.001015 0.002541 0.000028
0 0.003218 0.001030 0.002493 0.000027
0 0.003257 0.001176 0.002415 0.000056
0 0.003240 0.001247 0.002448 0.000056
0 0.003214 0.001149 0.002500 0.000056
0 0.003198 0.001220 0.002533 0.000055
0 0.003171 0.001123 0.002586 0.000053
0 0.003155 0.001194 0.002618 0.000056
0 0.003138 0.001270 0.002653 0.000027
0 0.003159 0.001283 0.002611 0.000029
0 0.002867 0.001207 0.003196 0.000030
0 0.002852 0.001129 0.003224 0.000022
0 0.002832 0.001117 0.003265 0.000026
0 0.002824 0.001149 0.003280 0.000027
0 0.002844 0.001156 0.003241 0.000022
0 0.002831 0.001189 0.003266 0.000032
0 0.002795 0.001010 0.003339 0.000027
0 0.002838 0.001050 0.003253 0.000008
0 0.002844 0.001055 0.003241 0.000009
0 0.002850 0.001058 0.003228 0.000009
0 0.002856 0.001062 0.003216 0.000008
0 0.002305 0.000006 0.004319 0.000011