0 0.002729 0.001864 0.003471 0.000014
0 0.002925 0.000869 0.003079 0.000035
0 0.002878 0.001001 0.003172 0.000024
0 0.002888 0.000986 0.003152 0.000022
0 0.002872 0.000943 0.003185 0.000041
0 0.002890 0.000916 0.003148 0.000035
0 0.002900 0.000963 0.003128 0.000034
0 0.002907 0.000894 0.003115 0.000035
0 0.002917 0.000942 0.003095 0.000033
0 0.002934 0.000918 0.003060 0.000035
0 0.002951 0.000890 0.003026 0.000035
0 0.002675 0.000974 0.003579 0.000038
0 0.002942 0.000845 0.003044 0.000033
0 0.002885 0.000742 0.003159 0.000048
0 0.002908 0.000707 0.003112 0.000050
0 0.002993 0.000839 0.002943 0.000032
0 0.002984 0.000791 0.002961 0.000032
0 0.003009 0.000816 0.002910 0.000037
0 0.002999 0.000769 0.002931 0.000037
0 0.003025 0.000796 0.002879 0.000034
0 0.002867 0.001015 0.003194 0.000019
0 0.002854 0.000966 0.003220 0.000043
0 0.002857 0.001029 0.003214 0.000021
0 0.002847 0.001045 0.003235 0.000021
0 0.002703 0.001000 0.003522 0.000032
0 0.002693 0.000949 0.003543 0.000033
0 0.002684 0.000904 0.003560 0.000027
0 0.002731 0.000959 0.003467 0.000045
0 0.002718 0.000900 0.003493 0.000048
0 0.002707 0.000842 0.003515 0.000048
0 0.002752 0.000929 0.003424 0.000047
0 0.002741 0.000870 0.003448 0.000048
0 0.002785 0.000884 0.003359 0.000047
0 0.002772 0.000824 0.003384 0.000046
0 0.002807 0.000853 0.003314 0.000046
0 0.002794 0.000794 0.003341 0.000050
0 0.002783 0.000737 0.003362 0.000047
0 0.002836 0.000739 0.003257 0.000034
0 0.002839 0.000782 0.003250 0.000034
0 0.002848 0.000819 0.003234 0.000025
0 0.002837 0.000992 0.003254 0.000041
0 0.003015 0.000748 0.002898 0.000035
0 0.003031 0.000727 0.002866 0.000034
0 0.003041 0.000774 0.002847 0.000034
0 0.003039 0.000476 0.002850 0.000038
0 0.003031 0.000430 0.002867 0.000039
0 0.003097 0.000473 0.002735 0.000062
0 0.003081 0.000396 0.002766 0.000064
0 0.003126 0.000433 0.002677 0.000062
0 0.003110 0.000356 0.002708 0.000064
0 0.003156 0.000395 0.002617 0.000062
0 0.003140 0.000318 0.002648 0.000063
0 0.003185 0.000356 0.002558 0.000062
0 0.003169 0.000278 0.002590 0.000062
0 0.003215 0.000315 0.002499 0.000060
0 0.003199 0.000238 0.002531 0.000062
0 0.003244 0.000274 0.002441 0.000064
0 0.003228 0.000198 0.002473 0.000064
0 0.010417 0.000075 0.019344 0.000017
0 0.010450 0.000033 0.019279 0.000025
0 0.010342 0.000093 0.019495 0.000019
0 0.010140 0.000273 0.019899 0.000017
0 0.003013 0.000452 0.002902 0.000037
0 0.003022 0.000499 0.002884 0.000037
0 0.003047 0.000706 0.002834 0.000037
0 0.003031 0.000543 0.002866 0.000038
0 0.003057 0.000753 0.002815 0.000034
0 0.003063 0.000685 0.002802 0.000035
0 0.003074 0.000733 0.002781 0.000034
0 0.003089 0.000711 0.002750 0.000035
0 0.003079 0.000662 0.002770 0.000035
0 0.002903 0.000649 0.003123 0.000040
0 0.002881 0.000680 0.003166 0.000039
0 0.002893 0.000602 0.003143 0.000040
0 0.002983 0.000623 0.002963 0.000046
0 0.002962 0.000653 0.003004 0.000045
0 0.002951 0.000597 0.003027 0.000045
0 0.002940 0.000541 0.003048 0.000045
0 0.002972 0.000569 0.002984 0.000045
0 0.002961 0.000513 0.003006 0.000045
0 0.003057 0.000565 0.002815 0.000035
0 0.003039 0.000589 0.002850 0.000035
0 0.003048 0.000519 0.002832 0.000035
0 0.002667 0.000927 0.003594 0.000028
0 0.002685 0.001023 0.003560 0.000038
0 0.001135 0.002099 0.002195 0.000157
0 0.002777 0.001071 0.003375 0.000035
0 0.002638 0.001256 0.003653 0.000034
0 0.002666 0.001285 0.003597 0.000035
0 0.002656 0.001233 0.003617 0.000035
0 0.002749 0.001171 0.003431 0.000035
0 0.002738 0.001120 0.003452 0.000037
0 0.002768 0.001144 0.003393 0.000037
0 0.002758 0.001095 0.003413 0.000035
0 0.002786 0.001120 0.003356 0.000037
0 0.002805 0.001094 0.003318 0.000034
0 0.002588 0.000712 0.003753 0.000033
0 0.002796 0.001043 0.003336 0.000034
0 0.002501 0.001275 0.003927 0.000019
0 0.002495 0.001250 0.003938 0.000021
0 0.002489 0.001223 0.003950 0.000027
0 0.002515 0.001259 0.003898 0.000019
0 0.002510 0.001233 0.003908 0.000020
0 0.002503 0.001205 0.003922 0.000026
0 0.002554 0.001205 0.003821 0.000018
0 0.002648 0.001305 0.003633 0.000034
0 0.002620 0.001281 0.003689 0.000035
0 0.002629 0.001331 0.003671 0.000037
0 0.002600 0.001308 0.003728 0.000034
0 0.002534 0.001460 0.003861 0.000034
0 0.002524 0.001410 0.003880 0.000035
0 0.002553 0.001434 0.003822 0.000035
0 0.002544 0.001384 0.003840 0.000033
0 0.002567 0.001545 0.003795 0.000039
0 0.002572 0.001408 0.003785 0.000035
0 0.002562 0.001359 0.003804 0.000034
0 0.002591 0.001382 0.003746 0.000035
0 0.002591 0.001525 0.003747 0.000040
0 0.002611 0.001505 0.003706 0.000039
0 0.002682 0.001396 0.003565 0.000040
0 0.002707 0.001428 0.003514 0.000039
0 0.002701 0.001377 0.003527 0.000043
0 0.003322 0.001143 0.002284 0.000014
0 0.003313 0.001152 0.002302 0.000018
0 0.002581 0.001333 0.003767 0.000035
0 0.002610 0.001357 0.003709 0.000035
0 0.002549 0.001179 0.003831 0.000019
0 0.002541 0.001221 0.003847 0.000019
0 0.002536 0.001196 0.003856 0.000019
0 0.002517 0.000949 0.003895 0.000028
0 0.002481 0.000999 0.003966 0.000027
0 0.002469 0.000938 0.003990 0.000028
0 0.002487 0.000913 0.003955 0.000030
0 0.002505 0.000890 0.003919 0.000028
0 0.002474 0.000845 0.003981 0.000045
0 0.002610 0.000845 0.003708 0.000035
0 0.002601 0.000800 0.003727 0.000037
0 0.002593 0.000865 0.003742 0.000037
0 0.002585 0.000823 0.003759 0.000037
0 0.002578 0.000888 0.003774 0.000035
0 0.002568 0.000844 0.003792 0.000034
0 0.002561 0.000910 0.003807 0.000035
0 0.002552 0.000865 0.003824 0.000035
0 0.002523 0.000800 0.003882 0.000035
0 0.002539 0.000777 0.003850 0.000035
0 0.002556 0.000756 0.003817 0.000035
0 0.002572 0.000735 0.003784 0.000035
0 0.002499 0.000974 0.003931 0.000030
0 0.002634 0.000978 0.003660 0.000033
0 0.002542 0.001152 0.003845 0.000026
0 0.002615 0.000998 0.003698 0.000041
0 0.002530 0.001169 0.003869 0.000026
0 0.002536 0.001117 0.003857 0.000032
0 0.002522 0.001137 0.003885 0.000031
0 0.002515 0.001100 0.003899 0.000031
0 0.002528 0.001081 0.003872 0.000030
0 0.002601 0.001143 0.003726 0.000034
0 0.002584 0.001166 0.003761 0.000035
0 0.002593 0.001101 0.003742 0.000035
0 0.002575 0.001124 0.003778 0.000035
0 0.002567 0.001081 0.003795 0.000035
0 0.002559 0.001040 0.003810 0.000031
0 0.002584 0.001059 0.003760 0.000037
0 0.002576 0.001016 0.003776 0.000034
0 0.002635 0.001092 0.003658 0.000037
0 0.002652 0.001071 0.003624 0.000034
0 0.002625 0.001046 0.003678 0.000039
0 0.002643 0.001022 0.003643 0.000035
0 0.010192 0.000231 0.019794 0.000019