0 0.010560 0.001823 0.019059 0.000052
0 0.002540 0.001286 0.003848 0.000087
0 0.001891 0.000781 0.000682 0.000049
0 0.001892 0.000754 0.000681 0.000051
0 0.001992 0.000829 0.000480 0.000074
0 0.002119 0.000889 0.000227 0.000056
0 0.002491 0.001264 0.003947 0.000087
0 0.002484 0.001360 0.003961 0.000047
0 0.002512 0.001372 0.003904 0.000048
0 0.010566 0.001745 0.019046 0.000050
0 0.002541 0.001387 0.003847 0.000048
0 0.002590 0.001310 0.003749 0.000089
0 0.002570 0.001400 0.003788 0.000047
0 0.002598 0.001414 0.003733 0.000048
0 0.002805 0.001522 0.003318 0.000070
0 0.010079 0.001544 0.020021 0.000016
0 0.001865 0.000801 0.000734 0.000081
0 0.001858 0.000801 0.000748 0.000082
0 0.001852 0.000799 0.000761 0.000077
0 0.001844 0.000800 0.000776 0.000080
0 0.001837 0.000800 0.000790 0.000081
0 0.001836 0.000881 0.000793 0.000056
0 0.001829 0.000874 0.000806 0.000051
0 0.001821 0.000869 0.000822 0.000052
0 0.002845 0.001051 0.003239 0.000049
0 0.002606 0.001126 0.003717 0.000090
0 0.002617 0.000997 0.003695 0.000089
0 0.002556 0.001105 0.003817 0.000087
0 0.002507 0.001080 0.003915 0.000091
0 0.002347 0.000938 0.004235 0.000041
0 0.002357 0.000869 0.004215 0.000043
0 0.002369 0.000803 0.004191 0.000042
0 0.002380 0.000712 0.004170 0.000085
0 0.010076 0.001572 0.020026 0.000020
0 0.010073 0.001585 0.020032 0.000018
0 0.010088 0.001711 0.020003 0.000052
0 0.010566 0.001696 0.019047 0.000030
0 0.010213 0.001938 0.019752 0.000016
0 0.010238 0.001912 0.019703 0.000020
0 0.010166 0.001987 0.019847 0.000043
0 0.010166 0.001870 0.019846 0.000052
0 0.010120 0.002046 0.019939 0.000077
0 0.010141 0.001973 0.019897 0.000061
0 0.010312 0.002035 0.019554 0.000022
0 0.010322 0.001944 0.019535 0.000027
0 0.010370 0.001963 0.019438 0.000019
0 0.010534 0.001814 0.019110 0.000051
0 0.010461 0.002058 0.019257 0.000035
0 0.010445 0.001971 0.019289 0.000026
0 0.010476 0.001946 0.019227 0.000041
0 0.010507 0.001899 0.019164 0.000045
0 0.010546 0.001664 0.019086 0.000052
0 0.010774 0.001766 0.018631 0.000025
0 0.010541 0.001658 0.019097 0.000047
0 0.010530 0.001666 0.019118 0.000053
0 0.010526 0.001656 0.019126 0.000044
0 0.010521 0.001648 0.019137 0.000047
0 0.010510 0.001647 0.019158 0.000047
0 0.010503 0.001644 0.019172 0.000057
0 0.010491 0.001681 0.019197 0.000043
0 0.010482 0.001729 0.019214 0.000043
0 0.010485 0.001766 0.019208 0.000042
0 0.010531 0.001768 0.019116 0.000040
0 0.010699 0.001648 0.018781 0.000011
0 0.010598 0.001699 0.018982 0.000042
0 0.010630 0.001662 0.018918 0.000032
0 0.010891 0.001840 0.018397 0.000022
0 0.002397 0.000605 0.004134 0.000089