0 0.001521 0.002154 0.001423 0.000053
0 0.002092 0.000927 0.000280 0.000012
0 0.002082 0.000608 0.000299 0.000011
0 0.002068 0.000588 0.000329 0.000012
0 0.002072 0.000641 0.000319 0.000035
0 0.002080 0.000651 0.000304 0.000012
0 0.002085 0.000658 0.000295 0.000013
0 0.002087 0.000664 0.000291 0.000016
0 0.002089 0.000672 0.000286 0.000014
0 0.002094 0.000687 0.000276 0.000014
0 0.002093 0.000704 0.000278 0.000018
0 0.002096 0.000711 0.000273 0.000016
0 0.002097 0.000694 0.000270 0.000012
0 0.002082 0.000881 0.000299 0.000017
0 0.002086 0.000889 0.000293 0.000012
0 0.002086 0.000897 0.000293 0.000011
0 0.002086 0.000937 0.000293 0.000018
0 0.002070 0.000578 0.000324 0.000009
0 0.001826 0.000635 0.000812 0.000028
0 0.001803 0.000662 0.000859 0.000033
0 0.001814 0.000694 0.000837 0.000029
0 0.001809 0.000724 0.000846 0.000029
0 0.001816 0.000747 0.000832 0.000022
0 0.001815 0.000772 0.000834 0.000023
0 0.001685 0.000740 0.001094 0.000036
0 0.001692 0.000767 0.001080 0.000036
0 0.001709 0.000792 0.001046 0.000028
0 0.001692 0.000815 0.001080 0.000026
0 0.001709 0.000837 0.001046 0.000024
0 0.001569 0.000692 0.001327 0.000082
0 0.001581 0.000646 0.001302 0.000055
0 0.001584 0.000617 0.001297 0.000051
0 0.002077 0.000618 0.000309 0.000013
0 0.002023 0.000579 0.000419 0.000029
0 0.001619 0.000881 0.001226 0.000117
0 0.001939 0.000721 0.000586 0.000108
0 0.001715 0.000229 0.001034 0.000153
0 0.001754 0.000276 0.000956 0.000059
0 0.002104 0.000372 0.000256 0.000017
0 0.002153 0.000602 0.000159 0.000017
0 0.002154 0.000611 0.000156 0.000018
0 0.002161 0.000625 0.000142 0.000024
0 0.002159 0.000658 0.000146 0.000031
0 0.002168 0.000666 0.000127 0.000026
0 0.002163 0.000685 0.000139 0.000024
0 0.002177 0.000691 0.000111 0.000027
0 0.002180 0.000711 0.000104 0.000012
0 0.001909 0.000642 0.000647 0.000095
0 0.001924 0.000604 0.000617 0.000066
0 0.001919 0.000679 0.000625 0.000117
0 0.001961 0.000756 0.000543 0.000091
0 0.002022 0.000597 0.000420 0.000033
0 0.001938 0.000793 0.000587 0.000165
0 0.001974 0.000850 0.000516 0.000112
0 0.001991 0.000888 0.000483 0.000099
0 0.002187 0.000766 0.000089 0.000032
0 0.002190 0.000785 0.000084 0.000022
0 0.002183 0.000800 0.000098 0.000024
0 0.002205 0.000804 0.000055 0.000022
0 0.002202 0.000823 0.000060 0.000014
0 0.002124 0.000849 0.000217 0.000039
0 0.002130 0.000857 0.000204 0.000032
0 0.002120 0.000810 0.000225 0.000041
0 0.002120 0.000799 0.000223 0.000029
0 0.002115 0.000792 0.000233 0.000027
0 0.002027 0.000612 0.000410 0.000045
0 0.001558 0.000578 0.001349 0.000075
0 0.001735 0.000673 0.000994 0.000030
0 0.001492 0.002155 0.001481 0.000090
0 0.001685 0.001843 0.001094 0.000059
0 0.001957 0.000946 0.000549 0.000117
0 0.001961 0.000981 0.000543 0.000116
0 0.001968 0.001017 0.000528 0.000112
0 0.001962 0.001045 0.000541 0.000158
0 0.001981 0.001078 0.000501 0.000149
0 0.001996 0.001118 0.000472 0.000164
0 0.002034 0.001138 0.000395 0.000163
0 0.001726 0.001082 0.001013 0.000097
0 0.001740 0.001116 0.000985 0.000094
0 0.001756 0.001149 0.000951 0.000099
0 0.001329 0.000964 0.001807 0.000080
0 0.001349 0.000987 0.001766 0.000043
0 0.002043 0.001180 0.000379 0.000165
0 0.001272 0.001206 0.001921 0.000080
0 0.001700 0.001832 0.001064 0.000060
0 0.001684 0.000534 0.001095 0.000022
0 0.001688 0.001825 0.001089 0.000117
0 0.001794 0.001817 0.000875 0.000080
0 0.001831 0.001792 0.000803 0.000028
0 0.001779 0.002082 0.000907 0.000119
0 0.001756 0.001986 0.000951 0.000039
0 0.001747 0.001984 0.000970 0.000035
0 0.001762 0.002052 0.000940 0.000046
0 0.001756 0.002052 0.000951 0.000047
0 0.001746 0.002047 0.000973 0.000033
0 0.001688 0.002130 0.001089 0.000027
0 0.001709 0.002139 0.001046 0.000014
0 0.001786 0.002164 0.000892 0.000047
0 0.001721 0.002194 0.001023 0.000019
0 0.001723 0.002203 0.001018 0.000018
0 0.001679 0.000525 0.001105 0.000024
0 0.001678 0.000547 0.001109 0.000029
0 0.001741 0.000650 0.000983 0.000026
0 0.001338 0.000660 0.001789 0.000026
0 0.001737 0.000630 0.000991 0.000030
0 0.001703 0.000659 0.001059 0.000030
0 0.001694 0.000645 0.001076 0.000032
0 0.001699 0.000626 0.001067 0.000032
0 0.001701 0.000605 0.001062 0.000030
0 0.001755 0.000605 0.000955 0.000022
0 0.001751 0.000593 0.000961 0.000024
0 0.001783 0.000611 0.000898 0.000012
0 0.001684 0.000594 0.001095 0.000035
0 0.001889 0.000630 0.000687 0.000026
0 0.001938 0.000579 0.000589 0.000043
0 0.002043 0.000564 0.000379 0.000018
0 0.002140 0.000775 0.000184 0.000017
0 0.001137 0.000599 0.002191 0.000042
0 0.001337 0.000677 0.001790 0.000045
0 0.001681 0.000557 0.001102 0.000033
0 0.001337 0.000705 0.001790 0.000049
0 0.001343 0.000730 0.001779 0.000048
0 0.001351 0.000755 0.001762 0.000037
0 0.001349 0.000779 0.001766 0.000036
0 0.001361 0.000793 0.001742 0.000028
0 0.001359 0.000818 0.001746 0.000030
0 0.001399 0.000797 0.001666 0.000031
0 0.001263 0.000481 0.001939 0.000016
0 0.001240 0.000514 0.001984 0.000038
0 0.001128 0.000365 0.002207 0.000031
0 0.001136 0.000368 0.002192 0.000030
0 0.001167 0.000577 0.002131 0.000011
0 0.001686 0.000583 0.001092 0.000028
0 0.001684 0.000573 0.001097 0.000026
0 0.001646 0.000252 0.001172 0.000191