0 0.009061 0.002218 0.017593 0.000021
0 0.007057 0.001436 0.012671 0.000013
0 0.014848 0.000483 0.028340 0.000009
0 0.007294 0.001125 0.012197 0.000013
0 0.015112 0.001126 0.027812 0.000006
0 0.007245 0.001162 0.012295 0.000029
0 0.015062 0.001162 0.027912 0.000017
0 0.006892 0.001270 0.013002 0.000024
0 0.014710 0.001270 0.028615 0.000017
0 0.007086 0.001408 0.012614 0.000043
0 0.014905 0.001408 0.028225 0.000027
0 0.014875 0.001437 0.028286 0.000008
0 0.007781 0.000931 0.011223 0.000027
0 0.006738 0.001316 0.013310 0.000017
0 0.014556 0.001315 0.028925 0.000009
0 0.007371 0.001779 0.012044 0.000029
0 0.015192 0.001779 0.027652 0.000020
0 0.009862 0.001850 0.015990 0.000071
0 0.007119 0.002062 0.012548 0.000025
0 0.014938 0.002062 0.028159 0.000017
0 0.007117 0.002131 0.012551 0.000024
0 0.014937 0.002131 0.028162 0.000017
0 0.007030 0.000482 0.012725 0.000017