0 0.015328 0.002164 0.027380 0.000008
0 0.003236 0.000568 0.002456 0.000003
0 0.003291 0.000297 0.002348 0.000002
0 0.003306 0.000290 0.002317 0.000002
0 0.003305 0.000294 0.002320 0.000003
0 0.003308 0.000291 0.002312 0.000003
0 0.003307 0.000294 0.002314 0.000002
0 0.003298 0.000275 0.002332 0.000001
0 0.003300 0.000275 0.002329 0.000001
0 0.003298 0.000277 0.002332 0.000002
0 0.003300 0.000277 0.002329 0.000001
0 0.003229 0.000570 0.002470 0.000003
0 0.003232 0.000567 0.002465 0.000003
0 0.003234 0.000565 0.002461 0.000002
0 0.003236 0.000563 0.002457 0.000003
0 0.003238 0.000565 0.002453 0.000002
0 0.003234 0.000570 0.002461 0.000003
0 0.007512 0.002164 0.011761 0.000011
0 0.003231 0.000573 0.002466 0.000002
0 0.003239 0.000567 0.002450 0.000002
0 0.003241 0.000570 0.002446 0.000003
0 0.007728 0.000580 0.011331 0.000018
0 0.015543 0.000580 0.026950 0.000011
0 0.009819 0.000471 0.016076 0.000008
0 0.007301 0.000621 0.012184 0.000011
0 0.015118 0.000620 0.027800 0.000006
0 0.009778 0.000629 0.016159 0.000005
0 0.007152 0.000764 0.012482 0.000019
0 0.007107 0.000742 0.012573 0.000010
0 0.014920 0.000742 0.028195 0.000006
0 0.007044 0.000826 0.012698 0.000010
0 0.014859 0.000826 0.028317 0.000007
0 0.003288 0.000296 0.002352 0.000002
0 0.003286 0.000295 0.002357 0.000002
0 0.003288 0.000286 0.002352 0.000002
0 0.003286 0.000285 0.002357 0.000002
0 0.014786 0.000091 0.028464 0.000007
0 0.008854 0.000233 0.013543 0.000006
0 0.008870 0.000236 0.013509 0.000006
0 0.002219 0.000065 0.000026 0.000019
0 0.001999 0.000086 0.000466 0.000009
0 0.002022 0.000153 0.000420 0.000003
0 0.002196 0.000076 0.000072 0.000006
0 0.009405 0.000272 0.016903 0.000007
0 0.007195 0.000391 0.012395 0.000023
0 0.015012 0.000392 0.028011 0.000011
0 0.007237 0.000330 0.012312 0.000010
0 0.015053 0.000330 0.027930 0.000006
0 0.009472 0.000253 0.016770 0.000014
0 0.009524 0.000309 0.016667 0.000013
0 0.003271 0.000270 0.002387 0.000003
0 0.003270 0.000275 0.002388 0.000003
0 0.003269 0.000279 0.002390 0.000003
0 0.003269 0.000285 0.002391 0.000004
0 0.003275 0.000271 0.002378 0.000004
0 0.003274 0.000276 0.002380 0.000003
0 0.003274 0.000280 0.002381 0.000004
0 0.003273 0.000285 0.002382 0.000004
0 0.003309 0.000280 0.002310 0.000004
0 0.003308 0.000285 0.002312 0.000004
0 0.003313 0.000281 0.002302 0.000004
0 0.003312 0.000286 0.002304 0.000004
0 0.003282 0.000289 0.002364 0.000002
0 0.003281 0.000292 0.002366 0.000002
0 0.003281 0.000295 0.002366 0.000002
0 0.007196 0.000919 0.012393 0.000015
0 0.015013 0.000919 0.028011 0.000009
0 0.007719 0.001008 0.011347 0.000021
0 0.007247 0.001385 0.012291 0.000010
0 0.007480 0.001383 0.011826 0.000010
0 0.015296 0.001383 0.027443 0.000007
0 0.009749 0.001590 0.016216 0.000010
0 0.007394 0.001583 0.011998 0.000011
0 0.015210 0.001582 0.027615 0.000005
0 0.009093 0.001543 0.017527 0.000003
0 0.006841 0.001531 0.013104 0.000012
0 0.014656 0.001531 0.028723 0.000008
0 0.006886 0.001524 0.013014 0.000011
0 0.014703 0.001524 0.028630 0.000006
0 0.007152 0.001489 0.012481 0.000011
0 0.014969 0.001490 0.028098 0.000005
0 0.006744 0.001784 0.013298 0.000012
0 0.014560 0.001783 0.028916 0.000007
0 0.006766 0.001633 0.013253 0.000013
0 0.014583 0.001633 0.028870 0.000009
0 0.007369 0.001755 0.012048 0.000010
0 0.015184 0.001755 0.027667 0.000006
0 0.007409 0.001738 0.011968 0.000007
0 0.015224 0.001739 0.027588 0.000003
0 0.007175 0.001852 0.012435 0.000011
0 0.014991 0.001852 0.028053 0.000007
0 0.007381 0.001957 0.012025 0.000010
0 0.015196 0.001957 0.027644 0.000005
0 0.009079 0.002136 0.017555 0.000008
0 0.009080 0.002162 0.017555 0.000017
0 0.009081 0.002106 0.017553 0.000013
0 0.007223 0.002133 0.012340 0.000006
0 0.015037 0.002133 0.027961 0.000003
0 0.015062 0.001385 0.027912 0.000005
0 0.009088 0.001443 0.017539 0.000009
0 0.015534 0.001008 0.026968 0.000013
0 0.009085 0.001466 0.017545 0.000003
0 0.007405 0.001079 0.011975 0.000013
0 0.015222 0.001079 0.027591 0.000008
0 0.009901 0.001210 0.015912 0.000008
0 0.007594 0.001198 0.011597 0.000011
0 0.015411 0.001197 0.027214 0.000006
0 0.009797 0.001240 0.016120 0.000008
0 0.009801 0.001240 0.016113 0.000009
0 0.009806 0.001239 0.016103 0.000009
0 0.009802 0.001239 0.016110 0.000009
0 0.006860 0.001159 0.013066 0.000011
0 0.014676 0.001159 0.028683 0.000008
0 0.006881 0.001112 0.013024 0.000015
0 0.014699 0.001111 0.028639 0.000009
0 0.009680 0.001252 0.016354 0.000008
0 0.009601 0.001293 0.016513 0.000006
0 0.009602 0.001293 0.016510 0.000006
0 0.009605 0.001293 0.016505 0.000006
0 0.009607 0.001293 0.016500 0.000006
0 0.009389 0.001279 0.016937 0.000011
0 0.009395 0.001278 0.016924 0.000011
0 0.009317 0.001248 0.017081 0.000007
0 0.009192 0.001287 0.017331 0.000009
0 0.009195 0.001287 0.017324 0.000009
0 0.006872 0.001292 0.013041 0.000008
0 0.014688 0.001291 0.028660 0.000004
0 0.006849 0.001378 0.013088 0.000011
0 0.014665 0.001378 0.028706 0.000007
0 0.009099 0.001344 0.017516 0.000003
0 0.009098 0.001418 0.017518 0.000002
0 0.006970 0.000091 0.012846 0.000013