0 0.001637 0.002157 0.001191 0.000020
0 0.001827 0.000563 0.000810 0.000055
0 0.001859 0.000612 0.000745 0.000059
0 0.001866 0.000602 0.000732 0.000056
0 0.001871 0.000593 0.000722 0.000064
0 0.001881 0.000584 0.000702 0.000053
0 0.001888 0.000575 0.000689 0.000056
0 0.001811 0.000592 0.000842 0.000045
0 0.001813 0.000580 0.000838 0.000056
0 0.001821 0.000573 0.000822 0.000053
0 0.001832 0.000553 0.000801 0.000061
0 0.001639 0.002140 0.001187 0.000021
0 0.001839 0.000545 0.000785 0.000059
0 0.001847 0.000537 0.000771 0.000059
0 0.001853 0.000526 0.000757 0.000057
0 0.001859 0.000517 0.000745 0.000064
0 0.001524 0.000370 0.001415 0.000020
0 0.001528 0.000362 0.001408 0.000027
0 0.001538 0.000422 0.001387 0.000084
0 0.001630 0.000400 0.001205 0.000028
0 0.001852 0.000623 0.000760 0.000054
0 0.001850 0.000636 0.000764 0.000046
0 0.001912 0.000655 0.000639 0.000072
0 0.001903 0.000663 0.000659 0.000069
0 0.008028 0.000520 0.015195 0.000044
0 0.001317 0.000655 0.001831 0.000027
0 0.001294 0.000644 0.001876 0.000021
0 0.001296 0.000634 0.001871 0.000020
0 0.001308 0.000626 0.001849 0.000032
0 0.001317 0.000616 0.001831 0.000021
0 0.001320 0.000590 0.001824 0.000031
0 0.001306 0.000585 0.001853 0.000031
0 0.001320 0.000532 0.001824 0.000027
0 0.001330 0.000517 0.001803 0.000015
0 0.001341 0.000527 0.001781 0.000017
0 0.001354 0.000542 0.001756 0.000025
0 0.001335 0.000576 0.001794 0.000023
0 0.001328 0.000561 0.001808 0.000032
0 0.001317 0.000557 0.001831 0.000013
0 0.001340 0.000507 0.001784 0.000020
0 0.001356 0.000522 0.001752 0.000030
0 0.001624 0.000404 0.001216 0.000026
0 0.001617 0.000410 0.001229 0.000030
0 0.001618 0.000423 0.001229 0.000026
0 0.001457 0.000326 0.001550 0.000034
0 0.008462 0.000390 0.014326 0.000097
0 0.001747 0.000396 0.000970 0.000063
0 0.001757 0.000403 0.000951 0.000061
0 0.002664 0.000092 0.003601 0.000028
0 0.002719 0.000142 0.003490 0.000035
0 0.002745 0.000139 0.003439 0.000058
0 0.002734 0.000088 0.003461 0.000017
0 0.002687 0.000065 0.003555 0.000059
0 0.002040 0.000362 0.000385 0.000044
0 0.002034 0.000350 0.000397 0.000049
0 0.002026 0.000342 0.000413 0.000051
0 0.010905 0.000322 0.018368 0.000038
0 0.010911 0.000298 0.018356 0.000041
0 0.010857 0.000252 0.018464 0.000029
0 0.003116 0.000274 0.002697 0.000048
0 0.003189 0.000186 0.002550 0.000023
0 0.003183 0.000208 0.002562 0.000019
0 0.001462 0.000316 0.001539 0.000030
0 0.001454 0.000338 0.001555 0.000035
0 0.001573 0.000407 0.001318 0.000054
0 0.001449 0.000347 0.001566 0.000038
0 0.001558 0.000436 0.001347 0.000075
0 0.001668 0.000535 0.001128 0.000075
0 0.002033 0.000576 0.000399 0.000056
0 0.002026 0.000584 0.000413 0.000054
0 0.001982 0.000420 0.000500 0.000053
0 0.001978 0.000412 0.000509 0.000043
0 0.001468 0.000397 0.001528 0.000030
0 0.001474 0.000387 0.001516 0.000028
0 0.001479 0.000379 0.001505 0.000027
0 0.001484 0.000369 0.001496 0.000036
0 0.001487 0.000362 0.001490 0.000044
0 0.001493 0.000349 0.001477 0.000034
0 0.001500 0.000339 0.001465 0.000028
0 0.001424 0.000375 0.001616 0.000055
0 0.001432 0.000369 0.001600 0.000043
0 0.001440 0.000363 0.001585 0.000035
0 0.001445 0.000354 0.001575 0.000033
0 0.008012 0.000580 0.015225 0.000043
0 0.007998 0.000637 0.015255 0.000044
0 0.001259 0.000583 0.001946 0.000044
0 0.002126 0.001311 0.000211 0.000052
0 0.002190 0.001384 0.000085 0.000084
0 0.002197 0.001373 0.000070 0.000083
0 0.002206 0.001357 0.000052 0.000068
0 0.002151 0.001301 0.000162 0.000060
0 0.002156 0.001292 0.000153 0.000071
0 0.002165 0.001284 0.000134 0.000065
0 0.002173 0.001276 0.000118 0.000062
0 0.002181 0.001266 0.000103 0.000060
0 0.002190 0.001260 0.000084 0.000062
0 0.001617 0.001449 0.001229 0.000096
0 0.001615 0.001417 0.001234 0.000133
0 0.001491 0.001050 0.001482 0.000032
0 0.001483 0.001044 0.001499 0.000044
0 0.001552 0.001066 0.001361 0.000089
0 0.002131 0.001161 0.000203 0.000078
0 0.002141 0.001148 0.000182 0.000062
0 0.002045 0.001106 0.000375 0.000092
0 0.002180 0.001392 0.000104 0.000087
0 0.008414 0.001666 0.014422 0.000111
0 0.002063 0.001091 0.000338 0.000088
0 0.001794 0.001680 0.000877 0.000107
0 0.001635 0.002121 0.001195 0.000020
0 0.001634 0.002102 0.001195 0.000022
0 0.001637 0.002084 0.001191 0.000024
0 0.001637 0.002068 0.001190 0.000024
0 0.001639 0.002050 0.001186 0.000028
0 0.001640 0.002032 0.001184 0.000030
0 0.001643 0.002014 0.001178 0.000035
0 0.001643 0.001995 0.001178 0.000035
0 0.001647 0.001977 0.001171 0.000039
0 0.001647 0.001958 0.001170 0.000037
0 0.001654 0.001942 0.001156 0.000035
0 0.001657 0.001925 0.001150 0.000033
0 0.001652 0.001906 0.001160 0.000036
0 0.001767 0.001785 0.000931 0.000032
0 0.001771 0.001772 0.000922 0.000064
0 0.001783 0.001753 0.000899 0.000054
0 0.001760 0.001720 0.000945 0.000087
0 0.002053 0.001098 0.000357 0.000092
0 0.002073 0.001082 0.000318 0.000077
0 0.001266 0.000588 0.001932 0.000039
0 0.001885 0.000770 0.000694 0.000074
0 0.001903 0.000759 0.000658 0.000087
0 0.001919 0.000751 0.000627 0.000069
0 0.001928 0.000743 0.000608 0.000072
0 0.001937 0.000731 0.000591 0.000075
0 0.001947 0.000726 0.000570 0.000076
0 0.001199 0.000827 0.002067 0.000090
0 0.001240 0.000812 0.001984 0.000035
0 0.001233 0.000796 0.001998 0.000038
0 0.001242 0.000756 0.001981 0.000032
0 0.001245 0.000743 0.001975 0.000032
0 0.001247 0.000675 0.001971 0.000075
0 0.001235 0.000665 0.001994 0.000089
0 0.001283 0.000608 0.001898 0.000025
0 0.001284 0.000508 0.001896 0.000040
0 0.001281 0.000499 0.001903 0.000038
0 0.001276 0.000603 0.001913 0.000035
0 0.001272 0.000594 0.001920 0.000035
0 0.001895 0.000766 0.000674 0.000084
0 0.001876 0.000782 0.000712 0.000074
0 0.002081 0.001074 0.000303 0.000073
0 0.001979 0.000796 0.000506 0.000072
0 0.002085 0.001063 0.000294 0.000082
0 0.002093 0.001052 0.000278 0.000085
0 0.002016 0.001020 0.000431 0.000081
0 0.002024 0.001010 0.000416 0.000084
0 0.002033 0.001002 0.000397 0.000082
0 0.002041 0.000991 0.000382 0.000084
0 0.002050 0.000982 0.000363 0.000083
0 0.002059 0.000973 0.000346 0.000085
0 0.003201 0.000930 0.002527 0.000034
0 0.001944 0.000914 0.000576 0.000080
0 0.001956 0.000909 0.000553 0.000069
0 0.001961 0.000897 0.000542 0.000081
0 0.001973 0.000892 0.000518 0.000078
0 0.001982 0.000889 0.000500 0.000084
0 0.001991 0.000881 0.000482 0.000082
0 0.002000 0.000871 0.000465 0.000082
0 0.002009 0.000862 0.000447 0.000081
0 0.003175 0.000187 0.002579 0.000018