0 0.001918 0.001327 0.000629 0.000107
0 0.001733 0.000561 0.000998 0.000210
0 0.001329 0.000833 0.001806 0.000113
0 0.001374 0.000759 0.001717 0.000112
0 0.001394 0.000725 0.001676 0.000121
0 0.001416 0.000683 0.001631 0.000104
0 0.001284 0.000639 0.001896 0.000115
0 0.001302 0.000612 0.001860 0.000121
0 0.001833 0.000382 0.000799 0.000209
0 0.001840 0.000776 0.000785 0.000140
0 0.001670 0.000368 0.001124 0.000193
0 0.001932 0.001353 0.000601 0.000104
0 0.001530 0.000510 0.001404 0.000115
0 0.001603 0.000412 0.001259 0.000116
0 0.001384 0.000499 0.001697 0.000105
0 0.001401 0.000471 0.001662 0.000100
0 0.001443 0.000411 0.001578 0.000100
0 0.001462 0.000381 0.001541 0.000099
0 0.001482 0.000344 0.001501 0.000102
0 0.001541 0.000257 0.001382 0.000099
0 0.001310 0.000877 0.001845 0.000118
0 0.001286 0.000906 0.001893 0.000116
0 0.001264 0.000942 0.001936 0.000108
0 0.001244 0.000974 0.001975 0.000118
0 0.001890 0.001440 0.000685 0.000102
0 0.001875 0.001415 0.000714 0.000110
0 0.008009 0.000847 0.015233 0.000088
0 0.007967 0.000920 0.015317 0.000089
0 0.008053 0.000774 0.015144 0.000094
0 0.008099 0.000699 0.015052 0.000091
0 0.008146 0.000769 0.014957 0.000387
0 0.008191 0.000553 0.014869 0.000089
0 0.008234 0.000482 0.014783 0.000088
0 0.008279 0.000420 0.014691 0.000091
0 0.002013 0.000525 0.000439 0.000112
0 0.008328 0.000350 0.014595 0.000088
0 0.001640 0.001779 0.001185 0.000175
0 0.001627 0.001857 0.001211 0.000226
0 0.001483 0.001596 0.001499 0.000223
0 0.001461 0.001624 0.001543 0.000218
0 0.001876 0.000965 0.000713 0.000252
0 0.001560 0.000230 0.001343 0.000100