0 0.003074 0.001762 0.002780 0.000005
0 0.002744 0.000869 0.003441 0.000017
0 0.002551 0.000969 0.003827 0.000017
0 0.002533 0.000969 0.003863 0.000016
0 0.002516 0.000969 0.003897 0.000015
0 0.002714 0.000824 0.003500 0.000018
0 0.002718 0.000844 0.003493 0.000013
0 0.002744 0.000823 0.003440 0.000014
0 0.002760 0.000823 0.003408 0.000016
0 0.002743 0.000846 0.003442 0.000017
0 0.002760 0.000846 0.003408 0.000017
0 0.002935 0.000818 0.003059 0.000030
0 0.002760 0.000869 0.003408 0.000017
0 0.002808 0.000835 0.003313 0.000011
0 0.002819 0.000834 0.003291 0.000011
0 0.002809 0.000871 0.003311 0.000013
0 0.002823 0.000871 0.003283 0.000012
0 0.002869 0.000916 0.003191 0.000022
0 0.002890 0.000916 0.003148 0.000023
0 0.002890 0.000868 0.003149 0.000027
0 0.002577 0.000976 0.003775 0.000008
0 0.002568 0.000976 0.003794 0.000008
0 0.002568 0.000962 0.003792 0.000007
0 0.002577 0.000963 0.003775 0.000008
0 0.002618 0.000862 0.003693 0.000012
0 0.002630 0.000862 0.003670 0.000012
0 0.002617 0.000877 0.003694 0.000012
0 0.002630 0.000878 0.003670 0.000012
0 0.002606 0.000927 0.003717 0.000006
0 0.002617 0.000918 0.003694 0.000008
0 0.002617 0.000927 0.003694 0.000006
0 0.002606 0.000938 0.003717 0.000009
0 0.002616 0.000938 0.003696 0.000009
0 0.002606 0.000950 0.003717 0.000009
0 0.002616 0.000950 0.003697 0.000009
0 0.002606 0.000961 0.003717 0.000009
0 0.002606 0.000973 0.003717 0.000008
0 0.002616 0.000961 0.003697 0.000009
0 0.002617 0.000972 0.003695 0.000008
0 0.002586 0.000963 0.003757 0.000008
0 0.002586 0.000976 0.003756 0.000008
0 0.002888 0.000832 0.003153 0.000026
0 0.002934 0.000860 0.003061 0.000030
0 0.002578 0.000914 0.003772 0.000012
0 0.006475 0.000858 0.009372 0.000016
0 0.002829 0.001017 0.003271 0.000017
0 0.002837 0.000982 0.003255 0.000034
0 0.002850 0.001016 0.003229 0.000017
0 0.007626 0.001003 0.011533 0.000065
0 0.015447 0.001002 0.027142 0.000033
0 0.006495 0.000970 0.009331 0.000016
0 0.006502 0.000974 0.009317 0.000016
0 0.006508 0.000977 0.009305 0.000016
0 0.005327 0.000838 0.007203 0.000016
0 0.002932 0.000902 0.003065 0.000009
0 0.001222 0.000896 0.002020 0.000024
0 0.001214 0.000892 0.002037 0.000014
0 0.001253 0.001225 0.001958 0.000039
0 0.001153 0.001163 0.002159 0.000064
0 0.002515 0.001154 0.003899 0.000012
0 0.002515 0.001170 0.003899 0.000011
0 0.002514 0.001184 0.003901 0.000006
0 0.002514 0.001194 0.003900 0.000006
0 0.002837 0.001083 0.003254 0.000010
0 0.002837 0.001073 0.003255 0.000009
0 0.002803 0.001022 0.003322 0.000022
0 0.002804 0.000984 0.003321 0.000034
0 0.002932 0.000919 0.003064 0.000010
0 0.002922 0.000932 0.003084 0.000010
0 0.002965 0.000819 0.002998 0.000029
0 0.002964 0.000860 0.003000 0.000031
0 0.002917 0.000975 0.003096 0.000034
0 0.002919 0.001020 0.003091 0.000033
0 0.002883 0.000978 0.003163 0.000032
0 0.002885 0.001023 0.003158 0.000034
0 0.002887 0.001067 0.003155 0.000032
0 0.002515 0.001024 0.003899 0.000023
0 0.002515 0.001067 0.003899 0.000023
0 0.002540 0.001024 0.003849 0.000033
0 0.002572 0.001024 0.003785 0.000033
0 0.002572 0.001067 0.003785 0.000033
0 0.009369 0.000811 0.016976 0.000009
0 0.002770 0.000986 0.003388 0.000034
0 0.002777 0.001023 0.003374 0.000024
0 0.002579 0.000930 0.003771 0.000009
0 0.002567 0.000930 0.003795 0.000010
0 0.003069 0.001763 0.002790 0.000005
0 0.002694 0.000701 0.003541 0.000014
0 0.002546 0.000669 0.003837 0.000016
0 0.002563 0.000646 0.003802 0.000017
0 0.002563 0.000669 0.003803 0.000017
0 0.002601 0.000670 0.003727 0.000010
0 0.002601 0.000682 0.003727 0.000011
0 0.002708 0.000637 0.003513 0.000011
0 0.002699 0.000662 0.003531 0.000010
0 0.002711 0.000662 0.003507 0.000009
0 0.002705 0.000678 0.003518 0.000004
0 0.002765 0.000778 0.003398 0.000011
0 0.002711 0.000678 0.003507 0.000005
0 0.002709 0.000767 0.003510 0.000013
0 0.002725 0.000764 0.003478 0.000010
0 0.002725 0.000779 0.003478 0.000011
0 0.002740 0.000764 0.003450 0.000010
0 0.002739 0.000778 0.003450 0.000011
0 0.002751 0.000763 0.003427 0.000010
0 0.002751 0.000778 0.003427 0.000011
0 0.002546 0.000646 0.003837 0.000017
0 0.002527 0.000673 0.003875 0.000010
0 0.002527 0.000660 0.003875 0.000010
0 0.002526 0.000647 0.003876 0.000010
0 0.002632 0.000236 0.003664 0.000025
0 0.002659 0.000239 0.003610 0.000015
0 0.002654 0.000271 0.003620 0.000015
0 0.002608 0.000308 0.003713 0.000022
0 0.002630 0.000313 0.003669 0.000022
0 0.002652 0.000319 0.003625 0.000021
0 0.002709 0.000274 0.003512 0.000022
0 0.002705 0.000303 0.003519 0.000021
0 0.002734 0.000274 0.003461 0.000022
0 0.002730 0.000302 0.003469 0.000022
0 0.002700 0.000330 0.003528 0.000022
0 0.002639 0.000346 0.003650 0.000022
0 0.002646 0.000384 0.003636 0.000006
0 0.002617 0.000341 0.003694 0.000022
0 0.002515 0.000647 0.003899 0.000009
0 0.002515 0.000660 0.003899 0.000010
0 0.002515 0.000672 0.003899 0.000010
0 0.002765 0.000763 0.003399 0.000011
0 0.002797 0.000763 0.003335 0.000010
0 0.002566 0.000914 0.003797 0.000012
0 0.002593 0.000873 0.003743 0.000014
0 0.002551 0.000833 0.003826 0.000016
0 0.002552 0.000854 0.003824 0.000016
0 0.002552 0.000875 0.003825 0.000016
0 0.002580 0.000832 0.003769 0.000011
0 0.002593 0.000837 0.003743 0.000014
0 0.002579 0.000848 0.003770 0.000011
0 0.002593 0.000855 0.003743 0.000013
0 0.002580 0.000863 0.003768 0.000010
0 0.002581 0.000876 0.003767 0.000010
0 0.002797 0.000778 0.003334 0.000011
0 0.002516 0.000914 0.003897 0.000011
0 0.002516 0.000930 0.003896 0.000010
0 0.002529 0.000914 0.003871 0.000012
0 0.002529 0.000930 0.003870 0.000010
0 0.002541 0.000914 0.003847 0.000012
0 0.002541 0.000930 0.003846 0.000010
0 0.002553 0.000914 0.003823 0.000012
0 0.002554 0.000930 0.003821 0.000009
0 0.002535 0.000876 0.003859 0.000016
0 0.002535 0.000854 0.003859 0.000016
0 0.002535 0.000833 0.003859 0.000016
0 0.002973 0.000768 0.002982 0.000017
0 0.002808 0.000763 0.003313 0.000009
0 0.002808 0.000778 0.003313 0.000008
0 0.002817 0.000763 0.003294 0.000009
0 0.002816 0.000778 0.003296 0.000009
0 0.002808 0.000816 0.003313 0.000010
0 0.002819 0.000816 0.003292 0.000010
0 0.002556 0.000720 0.003816 0.000033
0 0.002557 0.000766 0.003814 0.000034
0 0.002523 0.000721 0.003883 0.000034
0 0.002522 0.000765 0.003885 0.000033
0 0.002874 0.000708 0.003182 0.000013
0 0.002876 0.000643 0.003177 0.000008
0 0.002874 0.000732 0.003181 0.000004
0 0.002880 0.000732 0.003168 0.000004
0 0.002887 0.000731 0.003155 0.000009
0 0.002936 0.000767 0.003057 0.000017
0 0.002954 0.000767 0.003020 0.000018
0 0.002527 0.001154 0.003875 0.000012
0 0.002527 0.001170 0.003875 0.000012
0 0.002523 0.001190 0.003882 0.000017
0 0.002768 0.001950 0.003392 0.000011
0 0.002612 0.002003 0.003704 0.000044
0 0.002637 0.001907 0.003654 0.000025
0 0.002656 0.001937 0.003617 0.000032
0 0.002655 0.001984 0.003618 0.000043
0 0.002654 0.002038 0.003621 0.000044
0 0.002716 0.001910 0.003497 0.000033
0 0.002749 0.001910 0.003431 0.000032
0 0.002758 0.001950 0.003413 0.000009
0 0.002704 0.001995 0.003520 0.000033
0 0.002972 0.001908 0.002984 0.000006
0 0.002705 0.002049 0.003518 0.000043
0 0.002737 0.001995 0.003455 0.000034
0 0.002745 0.002049 0.003438 0.000042
0 0.002769 0.001996 0.003390 0.000033
0 0.002787 0.002049 0.003355 0.000043
0 0.002801 0.001996 0.003326 0.000026
0 0.002816 0.001920 0.003297 0.000034
0 0.002847 0.001921 0.003234 0.000032
0 0.002612 0.001950 0.003705 0.000043
0 0.002611 0.001907 0.003707 0.000025
0 0.002582 0.001952 0.003765 0.000016
0 0.002578 0.001927 0.003772 0.000021
0 0.002711 0.001662 0.003507 0.000032
0 0.002669 0.001723 0.003590 0.000034
0 0.002659 0.001760 0.003610 0.000008
0 0.002659 0.001790 0.003610 0.000006
0 0.002678 0.001770 0.003573 0.000033
0 0.002703 0.001722 0.003522 0.000032
0 0.002716 0.001769 0.003497 0.000035
0 0.002682 0.001822 0.003564 0.000015
0 0.002681 0.001846 0.003566 0.000016
0 0.002699 0.001821 0.003530 0.000012
0 0.002698 0.001845 0.003533 0.000016
0 0.002714 0.001821 0.003500 0.000012
0 0.002714 0.001845 0.003500 0.000011
0 0.003061 0.001802 0.002806 0.000007
0 0.003061 0.001811 0.002807 0.000007
0 0.003061 0.001821 0.002806 0.000006
0 0.002578 0.001899 0.003773 0.000021
0 0.002882 0.001920 0.003164 0.000033
0 0.001229 0.000476 0.002006 0.000019
0 0.002549 0.001136 0.003830 0.000035
0 0.002063 0.001531 0.000339 0.000006
0 0.008755 0.001462 0.013739 0.000058
0 0.002110 0.001502 0.000245 0.000014
0 0.002060 0.001541 0.000345 0.000012
0 0.009402 0.001410 0.016909 0.000003
0 0.001264 0.001413 0.001936 0.000029
0 0.002023 0.001652 0.000418 0.000009
0 0.002075 0.001556 0.000313 0.000011
0 0.002059 0.001534 0.000346 0.000008
0 0.002066 0.001603 0.000332 0.000012
0 0.001231 0.000479 0.002001 0.000017
0 0.002089 0.001617 0.000286 0.000011
0 0.002109 0.001609 0.000246 0.000014
0 0.001369 0.001608 0.001726 0.000010
0 0.001375 0.001617 0.001714 0.000009
0 0.003070 0.001751 0.002790 0.000005
0 0.003074 0.001751 0.002780 0.000005
0 0.003069 0.001757 0.002790 0.000005
0 0.003074 0.001757 0.002780 0.000005
0 0.001151 0.001149 0.002162 0.000060
0 0.007997 0.001234 0.015256 0.000026
0 0.009359 0.000816 0.016996 0.000009
0 0.009749 0.000745 0.016217 0.000010
0 0.001229 0.000534 0.002006 0.000014
0 0.001274 0.000521 0.001916 0.000011
0 0.001276 0.000524 0.001913 0.000010
0 0.001257 0.000541 0.001951 0.000008
0 0.001257 0.000544 0.001950 0.000007
0 0.001257 0.000547 0.001949 0.000009
0 0.001258 0.000551 0.001948 0.000009
0 0.001260 0.000554 0.001945 0.000009
0 0.001262 0.000557 0.001940 0.000008
0 0.001249 0.000579 0.001967 0.000004
0 0.001248 0.000582 0.001969 0.000005
0 0.001247 0.000586 0.001971 0.000004
0 0.001246 0.000589 0.001972 0.000004
0 0.001246 0.000593 0.001973 0.000004
0 0.001245 0.000597 0.001974 0.000004
0 0.002608 0.000643 0.003712 0.000005
0 0.001196 0.000715 0.002073 0.000022
0 0.002679 0.001663 0.003571 0.000033
0 0.002607 0.001850 0.003714 0.000015
0 0.002607 0.001828 0.003715 0.000016
0 0.002762 0.001318 0.003404 0.000034
0 0.002621 0.001243 0.003687 0.000032
0 0.002621 0.001287 0.003686 0.000034
0 0.002662 0.001341 0.003605 0.000011
0 0.002662 0.001354 0.003605 0.000010
0 0.002728 0.001309 0.003473 0.000034
0 0.002806 0.001141 0.003316 0.000012
0 0.002815 0.001148 0.003298 0.000012
0 0.002792 0.001340 0.003344 0.000044
0 0.002729 0.001351 0.003471 0.000034
0 0.002590 0.001850 0.003748 0.000016
0 0.002765 0.001362 0.003398 0.000009
0 0.002774 0.001363 0.003381 0.000008
0 0.002765 0.001373 0.003398 0.000008
0 0.002621 0.001335 0.003686 0.000033
0 0.002621 0.001381 0.003686 0.000032
0 0.002588 0.001336 0.003753 0.000034
0 0.002587 0.001380 0.003755 0.000034
0 0.002547 0.001335 0.003835 0.000033
0 0.002587 0.001287 0.003754 0.000034
0 0.002587 0.001243 0.003755 0.000033
0 0.002547 0.001287 0.003834 0.000034
0 0.002548 0.001243 0.003833 0.000034
0 0.002549 0.001180 0.003830 0.000033
0 0.002584 0.001136 0.003761 0.000032
0 0.002584 0.001180 0.003761 0.000033
0 0.002624 0.001126 0.003681 0.000010
0 0.002624 0.001140 0.003681 0.000011
0 0.002624 0.001154 0.003681 0.000010
0 0.002636 0.001126 0.003657 0.000010
0 0.002636 0.001140 0.003657 0.000010
0 0.002636 0.001154 0.003657 0.000010
0 0.002624 0.001168 0.003680 0.000011
0 0.002636 0.001168 0.003657 0.000010
0 0.002625 0.001182 0.003679 0.000009
0 0.002636 0.001182 0.003657 0.000009
0 0.002625 0.001195 0.003678 0.000007
0 0.002636 0.001195 0.003656 0.000008
0 0.002513 0.001243 0.003902 0.000034
0 0.002513 0.001287 0.003904 0.000034
0 0.002514 0.001335 0.003901 0.000033
0 0.002513 0.001380 0.003902 0.000033
0 0.002547 0.001380 0.003835 0.000032
0 0.002696 0.001535 0.003537 0.000044
0 0.002794 0.001549 0.003341 0.000032
0 0.002796 0.001593 0.003337 0.000033
0 0.002794 0.001639 0.003340 0.000031
0 0.002840 0.001548 0.003249 0.000033
0 0.002839 0.001594 0.003250 0.000033
0 0.002839 0.001639 0.003251 0.000033
0 0.002939 0.001523 0.003050 0.000005
0 0.002939 0.001530 0.003050 0.000006
0 0.002646 0.001663 0.003636 0.000032
0 0.002623 0.001829 0.003682 0.000011
0 0.002635 0.001821 0.003658 0.000005
0 0.002635 0.001829 0.003658 0.000006
0 0.002623 0.001850 0.003683 0.000011
0 0.002565 0.001829 0.003798 0.000011
0 0.002578 0.001829 0.003773 0.000011
0 0.002575 0.001850 0.003780 0.000015
0 0.002590 0.001829 0.003748 0.000014
0 0.002694 0.001588 0.003540 0.000043
0 0.002587 0.001595 0.003755 0.000034
0 0.002730 0.001392 0.003469 0.000033
0 0.002579 0.001541 0.003770 0.000034
0 0.002731 0.001432 0.003467 0.000034
0 0.002663 0.001448 0.003603 0.000044
0 0.002663 0.001500 0.003603 0.000043
0 0.002621 0.001442 0.003687 0.000032
0 0.002621 0.001484 0.003686 0.000032
0 0.002589 0.001442 0.003750 0.000032
0 0.002589 0.001484 0.003750 0.000032
0 0.002548 0.001442 0.003832 0.000034
0 0.002547 0.001484 0.003835 0.000032
0 0.002514 0.001441 0.003900 0.000034
0 0.002515 0.001484 0.003898 0.000034
0 0.002515 0.001542 0.003898 0.000034
0 0.002515 0.001583 0.003899 0.000033
0 0.002522 0.001641 0.003885 0.000033
0 0.002548 0.001541 0.003833 0.000032
0 0.002553 0.001595 0.003822 0.000034
0 0.002555 0.001641 0.003818 0.000031
0 0.002613 0.000230 0.003703 0.000025