0 0.008313 0.001621 0.014623 0.000025
0 0.001934 0.000932 0.000595 0.000052
0 0.001493 0.001097 0.001477 0.000043
0 0.001524 0.001142 0.001416 0.000033
0 0.001816 0.001206 0.000832 0.000033
0 0.001833 0.001167 0.000798 0.000035
0 0.001852 0.001082 0.000760 0.000103
0 0.001562 0.001135 0.001340 0.000039
0 0.001577 0.001030 0.001311 0.000059
0 0.001620 0.000957 0.001224 0.000071
0 0.001740 0.000772 0.000984 0.000082
0 0.001913 0.000994 0.000638 0.000030
0 0.001962 0.000890 0.000540 0.000022
0 0.001443 0.001060 0.001577 0.000041
0 0.001976 0.000839 0.000512 0.000056
0 0.002002 0.000774 0.000460 0.000050
0 0.001798 0.000676 0.000868 0.000098
0 0.001861 0.000578 0.000742 0.000108
0 0.001913 0.000486 0.000638 0.000035
0 0.002011 0.000589 0.000442 0.000069
0 0.002017 0.000497 0.000431 0.000072
0 0.001996 0.000426 0.000472 0.000054
0 0.001961 0.000362 0.000543 0.000061
0 0.009557 0.000241 0.016601 0.000069
0 0.001468 0.001046 0.001528 0.000026
0 0.001373 0.001205 0.001717 0.000042
0 0.001626 0.001619 0.001213 0.000009
0 0.001900 0.002197 0.000665 0.000013
0 0.001622 0.001629 0.001220 0.000011
0 0.001614 0.001617 0.001236 0.000011
0 0.001622 0.001643 0.001220 0.000013
0 0.001614 0.001654 0.001236 0.000013
0 0.001616 0.001655 0.001232 0.000012
0 0.001609 0.001671 0.001246 0.000014
0 0.001457 0.001876 0.001550 0.000020
0 0.001887 0.002044 0.000689 0.000006
0 0.001890 0.002061 0.000685 0.000022
0 0.001899 0.002019 0.000666 0.000034
0 0.001768 0.002220 0.000929 0.000020
0 0.001318 0.001311 0.001828 0.000069
0 0.001296 0.002096 0.001872 0.000009
0 0.002036 0.002018 0.000393 0.000040
0 0.002114 0.001971 0.000236 0.000055
0 0.001965 0.002058 0.000533 0.000041
0 0.001207 0.002016 0.002050 0.000064
0 0.007946 0.001558 0.015357 0.000162
0 0.007953 0.001670 0.015344 0.000129
0 0.001242 0.001677 0.001981 0.000103
0 0.001796 0.001248 0.000873 0.000038
0 0.001259 0.001428 0.001947 0.000088
0 0.009406 0.000081 0.016902 0.000053