0 0.008250 0.001689 0.014749 0.000511
0 0.001598 0.001732 0.001269 0.000100
0 0.001606 0.001745 0.001252 0.000100
0 0.001659 0.001601 0.001146 0.000093
0 0.001667 0.001613 0.001131 0.000091
0 0.006242 0.001402 0.009838 0.000050
0 0.008318 0.001223 0.014615 0.000093
0 0.015367 0.000986 0.027302 0.000145
0 0.007540 0.000984 0.011706 0.000269
0 0.010741 0.000769 0.018697 0.000017
0 0.010738 0.000764 0.018703 0.000018
0 0.006268 0.000825 0.009786 0.000073
0 0.001658 0.000834 0.001147 0.000031
0 0.007966 0.000857 0.015318 0.000255
0 0.008352 0.000832 0.014546 0.000074