0 0.008323 0.001473 0.014604 0.000354
0 0.001701 0.000736 0.001062 0.000046
0 0.001763 0.000898 0.000939 0.000069
0 0.001776 0.000898 0.000913 0.000059
0 0.008462 0.000969 0.014325 0.000173
0 0.001748 0.000788 0.000969 0.000044
0 0.001749 0.000752 0.000967 0.000049
0 0.001743 0.000697 0.000979 0.000045
0 0.001728 0.000697 0.001007 0.000046
0 0.001710 0.000738 0.001044 0.000046
0 0.001492 0.000645 0.001480 0.000166
0 0.001737 0.000902 0.000990 0.000082
0 0.001478 0.000664 0.001509 0.000148
0 0.001774 0.000674 0.000916 0.000225
0 0.001386 0.000521 0.001693 0.000043
0 0.001375 0.000523 0.001714 0.000047
0 0.001441 0.000462 0.001583 0.000198
0 0.001424 0.000484 0.001616 0.000170
0 0.001366 0.000457 0.001732 0.000046
0 0.001798 0.000412 0.000869 0.000175
0 0.001753 0.000899 0.000959 0.000071
0 0.001703 0.000893 0.001059 0.000054
0 0.008498 0.000545 0.014253 0.000556
0 0.001464 0.001535 0.001536 0.000043
0 0.001660 0.000725 0.001143 0.000126
0 0.002027 0.002148 0.000410 0.000045
0 0.001474 0.001586 0.001517 0.000018
0 0.001464 0.001587 0.001537 0.000034
0 0.001456 0.001585 0.001552 0.000036
0 0.001435 0.001575 0.001595 0.000034
0 0.002128 0.001562 0.000209 0.000051
0 0.001558 0.001561 0.001348 0.000031
0 0.001432 0.001527 0.001600 0.000045
0 0.001692 0.000891 0.001080 0.000056
0 0.001440 0.001529 0.001584 0.000043
0 0.001642 0.001447 0.001180 0.000137
0 0.001381 0.001348 0.001702 0.000010
0 0.001401 0.001364 0.001661 0.000024
0 0.001412 0.001333 0.001641 0.000032
0 0.001460 0.001123 0.001545 0.000055
0 0.008540 0.000887 0.014171 0.000078
0 0.001543 0.000845 0.001379 0.000030
0 0.001815 0.000404 0.000834 0.000225