0 0.003234 0.001862 0.002461 0.000022
0 0.003215 0.001854 0.002498 0.000023
0 0.010435 0.001131 0.019308 0.000012
0 0.010468 0.001165 0.019242 0.000010
0 0.010705 0.001205 0.018769 0.000008
0 0.010948 0.001182 0.018283 0.000008
0 0.010852 0.001162 0.018475 0.000007
0 0.010837 0.001167 0.018504 0.000005
0 0.010828 0.001164 0.018522 0.000005
0 0.010827 0.001151 0.018524 0.000006
0 0.010850 0.001163 0.018480 0.000006
0 0.010844 0.001169 0.018490 0.000006
0 0.010438 0.001130 0.019303 0.000014
0 0.010427 0.001126 0.019324 0.000013
0 0.010416 0.001133 0.019347 0.000006
0 0.010448 0.001119 0.019283 0.000014
0 0.010510 0.001067 0.019158 0.000006
0 0.010447 0.001096 0.019285 0.000014
0 0.010441 0.001102 0.019296 0.000013
0 0.010434 0.001086 0.019311 0.000014
0 0.010400 0.001099 0.019378 0.000006
0 0.010444 0.001144 0.019290 0.000012
0 0.010441 0.001146 0.019296 0.000013
0 0.010439 0.001152 0.019300 0.000004
0 0.010490 0.001240 0.019199 0.000009
0 0.010456 0.001357 0.019267 0.000012
0 0.010461 0.001353 0.019257 0.000011
0 0.010445 0.001334 0.019288 0.000012
0 0.010440 0.001316 0.019299 0.000013
0 0.001492 0.001322 0.001480 0.000085
0 0.001461 0.001240 0.001542 0.000058
0 0.010501 0.001267 0.019177 0.000013
0 0.010494 0.001253 0.019190 0.000014
0 0.010481 0.001233 0.019216 0.000013
0 0.010451 0.001158 0.019277 0.000014
0 0.002014 0.001187 0.000436 0.000111
0 0.001417 0.001157 0.001630 0.000088
0 0.010482 0.001115 0.019214 0.000007
0 0.010472 0.001213 0.019235 0.000012
0 0.010473 0.001208 0.019232 0.000009
0 0.010466 0.001193 0.019247 0.000014
0 0.010448 0.001162 0.019282 0.000014
0 0.010457 0.001172 0.019266 0.000012
0 0.010403 0.001073 0.019372 0.000013
0 0.010408 0.001072 0.019362 0.000014
0 0.010413 0.001063 0.019353 0.000013
0 0.002140 0.000912 0.000185 0.000053
0 0.010425 0.000924 0.019328 0.000007
0 0.010386 0.000898 0.019406 0.000007
0 0.010373 0.000891 0.019433 0.000010
0 0.010364 0.000883 0.019451 0.000007
0 0.010347 0.000873 0.019484 0.000008
0 0.010339 0.000871 0.019500 0.000007
0 0.010335 0.000866 0.019509 0.000010
0 0.010349 0.000878 0.019481 0.000007
0 0.002020 0.000830 0.000425 0.000030
0 0.010371 0.000985 0.019437 0.000010
0 0.002017 0.000820 0.000431 0.000043
0 0.001358 0.000755 0.001747 0.000023
0 0.001797 0.000808 0.000869 0.000010
0 0.001383 0.000726 0.001699 0.000012
0 0.006597 0.000470 0.009127 0.000025
0 0.001313 0.000038 0.001838 0.000040
0 0.001228 0.000080 0.002008 0.000044
0 0.001234 0.000076 0.001997 0.000046
0 0.001119 0.000997 0.002227 0.000158
0 0.010390 0.001005 0.019399 0.000008
0 0.010407 0.001058 0.019364 0.000013
0 0.010347 0.000981 0.019484 0.000012
0 0.010402 0.001057 0.019374 0.000014
0 0.010410 0.001051 0.019358 0.000009
0 0.010432 0.001070 0.019314 0.000014
0 0.010511 0.001048 0.019157 0.000010
0 0.010508 0.001050 0.019163 0.000010
0 0.010536 0.001072 0.019106 0.000007
0 0.010483 0.001042 0.019212 0.000009
0 0.010482 0.001028 0.019214 0.000009
0 0.010490 0.001038 0.019198 0.000010
0 0.010399 0.001016 0.019380 0.000013
0 0.010474 0.001012 0.019230 0.000012
0 0.010493 0.000969 0.019192 0.000007
0 0.010473 0.000960 0.019232 0.000009
0 0.010428 0.001031 0.019323 0.000010
0 0.010435 0.001022 0.019308 0.000007
0 0.010410 0.001024 0.019358 0.000013
0 0.010429 0.001010 0.019322 0.000008
0 0.010430 0.000981 0.019319 0.000012
0 0.010508 0.001279 0.019163 0.000012
0 0.010516 0.001293 0.019146 0.000014
0 0.010525 0.001307 0.019129 0.000014
0 0.010889 0.001757 0.018401 0.000006
0 0.001706 0.001779 0.001053 0.000086
0 0.010846 0.001750 0.018486 0.000008
0 0.010814 0.001793 0.018551 0.000014
0 0.010816 0.001783 0.018546 0.000015
0 0.010832 0.001809 0.018514 0.000006
0 0.010858 0.001745 0.018463 0.000006
0 0.010877 0.001752 0.018425 0.000007
0 0.010893 0.001768 0.018393 0.000008
0 0.010864 0.001819 0.018451 0.000008
0 0.005588 0.002132 0.011146 0.000022
0 0.010912 0.001838 0.018355 0.000008
0 0.010922 0.001779 0.018334 0.000006
0 0.010956 0.001861 0.018266 0.000005
0 0.010951 0.001792 0.018277 0.000008
0 0.010971 0.001845 0.018237 0.000008
0 0.010985 0.001777 0.018208 0.000013
0 0.011009 0.001807 0.018162 0.000008
0 0.010989 0.001797 0.018200 0.000006
0 0.001890 0.001846 0.000685 0.000076
0 0.001745 0.002137 0.000975 0.000011
0 0.011015 0.001818 0.018148 0.000006
0 0.003019 0.001132 0.002890 0.000021
0 0.003216 0.001610 0.002496 0.000002
0 0.003214 0.001608 0.002501 0.000003
0 0.003220 0.001604 0.002488 0.000003
0 0.003218 0.001602 0.002492 0.000003
0 0.006203 0.001529 0.009916 0.000029
0 0.002995 0.001215 0.002939 0.000023
0 0.003016 0.001230 0.002896 0.000022
0 0.003040 0.001146 0.002849 0.000021
0 0.002980 0.001119 0.002969 0.000019
0 0.001714 0.002134 0.001036 0.000010
0 0.002909 0.001073 0.003112 0.000021
0 0.002893 0.001063 0.003143 0.000022
0 0.002868 0.001119 0.003193 0.000023
0 0.002857 0.001033 0.003215 0.000028
0 0.002827 0.001102 0.003276 0.000024
0 0.002807 0.001089 0.003314 0.000020
0 0.002831 0.001016 0.003266 0.000027
0 0.001713 0.002125 0.001038 0.000012
0 0.010991 0.001825 0.018197 0.000009
0 0.011074 0.001841 0.018031 0.000007
0 0.010531 0.001319 0.019116 0.000009
0 0.010781 0.001602 0.018617 0.000009
0 0.010630 0.001646 0.018918 0.000014
0 0.010619 0.001595 0.018940 0.000014
0 0.010600 0.001602 0.018978 0.000012
0 0.010609 0.001591 0.018961 0.000009
0 0.010662 0.001581 0.018855 0.000012
0 0.010704 0.001608 0.018770 0.000009
0 0.010724 0.001622 0.018731 0.000008
0 0.010755 0.001597 0.018670 0.000008
0 0.010786 0.001589 0.018606 0.000011
0 0.010621 0.001625 0.018936 0.000020
0 0.010783 0.001582 0.018613 0.000010
0 0.011029 0.001583 0.018120 0.000014
0 0.010593 0.001553 0.018992 0.000008
0 0.010604 0.001539 0.018970 0.000014
0 0.010799 0.001553 0.018580 0.000010
0 0.010798 0.001551 0.018583 0.000010
0 0.002199 0.001287 0.000066 0.000038
0 0.010518 0.001345 0.019142 0.000013
0 0.010574 0.001569 0.019030 0.000007
0 0.010627 0.001648 0.018925 0.000013
0 0.010953 0.001717 0.018273 0.000005
0 0.010798 0.001722 0.018582 0.000006
0 0.010961 0.001721 0.018257 0.000006
0 0.010972 0.001725 0.018235 0.000006
0 0.010984 0.001731 0.018211 0.000007
0 0.010952 0.001696 0.018274 0.000005
0 0.010954 0.001677 0.018271 0.000007
0 0.010879 0.001686 0.018421 0.000007
0 0.010858 0.001676 0.018462 0.000008
0 0.010830 0.001708 0.018519 0.000014
0 0.010779 0.001718 0.018620 0.000004
0 0.005280 0.001630 0.007297 0.000023
0 0.010778 0.001712 0.018623 0.000008
0 0.010763 0.001706 0.018653 0.000006
0 0.010710 0.001752 0.018759 0.000008
0 0.010698 0.001747 0.018783 0.000007
0 0.010632 0.001693 0.018914 0.000013
0 0.010641 0.001681 0.018897 0.000014
0 0.010631 0.001676 0.018916 0.000014
0 0.010740 0.001696 0.018699 0.000006
0 0.007844 0.000068 0.015562 0.000121