0 0.003057 0.002060 0.002814 0.000006
0 0.002752 0.000708 0.003424 0.000007
0 0.002743 0.000689 0.003442 0.000004
0 0.002738 0.000687 0.003452 0.000005
0 0.002755 0.000701 0.003419 0.000007
0 0.002750 0.000699 0.003428 0.000005
0 0.002745 0.000697 0.003438 0.000006
0 0.002741 0.000695 0.003447 0.000005
0 0.002735 0.000693 0.003460 0.000006
0 0.002747 0.000705 0.003435 0.000006
0 0.002752 0.000693 0.003424 0.000005
0 0.002740 0.000703 0.003448 0.000006
0 0.002733 0.000702 0.003462 0.000006
0 0.002929 0.000816 0.003070 0.000009
0 0.002920 0.000813 0.003088 0.000009
0 0.002899 0.000811 0.003130 0.000005
0 0.002901 0.000803 0.003126 0.000006
0 0.002892 0.000808 0.003145 0.000006
0 0.002748 0.000691 0.003432 0.000004
0 0.002757 0.000695 0.003415 0.000006
0 0.002887 0.000797 0.003155 0.000006
0 0.002788 0.001059 0.003353 0.000011
0 0.002798 0.001062 0.003332 0.000011
0 0.002800 0.001051 0.003328 0.000011
0 0.002803 0.001040 0.003323 0.000010
0 0.002778 0.001102 0.003372 0.000011
0 0.002781 0.001091 0.003367 0.000009
0 0.002784 0.001080 0.003361 0.000010
0 0.002786 0.001069 0.003356 0.000009
0 0.002791 0.001048 0.003346 0.000011
0 0.002720 0.000637 0.003488 0.000006
0 0.002795 0.001037 0.003339 0.000010
0 0.002797 0.001025 0.003335 0.000010
0 0.002622 0.001122 0.003684 0.000006
0 0.002624 0.001115 0.003681 0.000004
0 0.002626 0.001109 0.003677 0.000005
0 0.002634 0.001142 0.003661 0.000009
0 0.002640 0.001116 0.003649 0.000007
0 0.002895 0.000801 0.003139 0.000006
0 0.002863 0.000889 0.003203 0.000016
0 0.003059 0.002053 0.002810 0.000006
0 0.010592 0.001497 0.018995 0.000009
0 0.002849 0.000549 0.003230 0.000009
0 0.002852 0.000537 0.003225 0.000010
0 0.002839 0.000545 0.003250 0.000010
0 0.002842 0.000534 0.003245 0.000010
0 0.010613 0.000041 0.018953 0.000015
0 0.010652 0.000235 0.018874 0.000016
0 0.010803 0.000997 0.018572 0.000009
0 0.010648 0.001317 0.018883 0.000010
0 0.002859 0.000553 0.003210 0.000010
0 0.010570 0.000991 0.019038 0.000009
0 0.010709 0.001025 0.018760 0.000010
0 0.010698 0.001022 0.018782 0.000009
0 0.010735 0.001040 0.018708 0.000007
0 0.010730 0.001034 0.018718 0.000006
0 0.010735 0.001014 0.018709 0.000009
0 0.010381 0.001917 0.019417 0.000008
0 0.002862 0.000541 0.003204 0.000010
0 0.002837 0.000557 0.003255 0.000010
0 0.002868 0.000868 0.003193 0.000017
0 0.002841 0.000587 0.003247 0.000011
0 0.002846 0.000883 0.003237 0.000017
0 0.002851 0.000862 0.003226 0.000016
0 0.002881 0.000831 0.003167 0.000016
0 0.002864 0.000825 0.003201 0.000017
0 0.002869 0.000804 0.003190 0.000016
0 0.002851 0.000591 0.003227 0.000010
0 0.002853 0.000579 0.003222 0.000010
0 0.002843 0.000576 0.003243 0.000010
0 0.002846 0.000559 0.003236 0.000009
0 0.002830 0.000583 0.003268 0.000011
0 0.002833 0.000572 0.003263 0.000010
0 0.002818 0.000578 0.003292 0.000011
0 0.002820 0.000567 0.003288 0.000011
0 0.002807 0.000575 0.003315 0.000012
0 0.002810 0.000563 0.003308 0.000011
0 0.002857 0.000564 0.003214 0.000009
0 0.002795 0.001072 0.003338 0.000011
0 0.002793 0.001083 0.003343 0.000011
0 0.002789 0.001094 0.003350 0.000010
0 0.002753 0.001538 0.003423 0.000015
0 0.002966 0.002024 0.002996 0.000006
0 0.002981 0.001964 0.002967 0.000008
0 0.002974 0.001962 0.002980 0.000006
0 0.002968 0.001960 0.002993 0.000006
0 0.002931 0.001973 0.003068 0.000011
0 0.002923 0.001980 0.003083 0.000011
0 0.002922 0.001963 0.003084 0.000011
0 0.002736 0.001532 0.003458 0.000016
0 0.002967 0.001951 0.002995 0.000005
0 0.002717 0.001526 0.003494 0.000016
0 0.002750 0.001518 0.003429 0.000012
0 0.002733 0.001512 0.003463 0.000013
0 0.002722 0.001505 0.003484 0.000008
0 0.002751 0.001479 0.003427 0.000007
0 0.002713 0.001502 0.003503 0.000006
0 0.002698 0.001518 0.003532 0.000016
0 0.002964 0.002032 0.003000 0.000007
0 0.002972 0.001953 0.002984 0.000004
0 0.002816 0.001083 0.003297 0.000006
0 0.003062 0.002038 0.002805 0.000008
0 0.003062 0.002068 0.002804 0.000006
0 0.003064 0.002061 0.002801 0.000006
0 0.003065 0.002055 0.002798 0.000006
0 0.003067 0.002049 0.002795 0.000006
0 0.003068 0.002041 0.002794 0.000008
0 0.003071 0.002033 0.002786 0.000007
0 0.003061 0.002046 0.002806 0.000007
0 0.003064 0.002032 0.002800 0.000008
0 0.002977 0.001954 0.002975 0.000004
0 0.003055 0.002044 0.002818 0.000007
0 0.003057 0.002036 0.002814 0.000007
0 0.003057 0.002029 0.002814 0.000009
0 0.003078 0.002027 0.002772 0.000007
0 0.003072 0.002025 0.002785 0.000008
0 0.003065 0.002023 0.002798 0.000008
0 0.003059 0.002020 0.002810 0.000008
0 0.002613 0.001685 0.003702 0.000010
0 0.002612 0.001696 0.003704 0.000010
0 0.002604 0.001693 0.003721 0.000010
0 0.002737 0.001350 0.003454 0.000007
0 0.002708 0.001404 0.003513 0.000006
0 0.002710 0.001396 0.003508 0.000006
0 0.002729 0.001386 0.003471 0.000006
0 0.002730 0.001379 0.003469 0.000006
0 0.002731 0.001372 0.003466 0.000006
0 0.002733 0.001365 0.003463 0.000006
0 0.002736 0.001358 0.003458 0.000006
0 0.002739 0.001342 0.003451 0.000006
0 0.002621 0.001664 0.003686 0.000011
0 0.002741 0.001334 0.003447 0.000007
0 0.002768 0.001389 0.003392 0.000016
0 0.002774 0.001365 0.003381 0.000016
0 0.002749 0.001382 0.003431 0.000020
0 0.002755 0.001358 0.003420 0.000020
0 0.002818 0.001070 0.003292 0.000006
0 0.002817 0.001076 0.003294 0.000007
0 0.002732 0.001435 0.003464 0.000006
0 0.002731 0.001441 0.003467 0.000006
0 0.002730 0.001448 0.003469 0.000006
0 0.002738 0.001436 0.003452 0.000006
0 0.002610 0.001666 0.003708 0.000013
0 0.002590 0.001697 0.003748 0.000010
0 0.002593 0.001687 0.003743 0.000009
0 0.002547 0.001661 0.003835 0.000011
0 0.002550 0.001647 0.003828 0.000019
0 0.002555 0.001628 0.003818 0.000020
0 0.002347 0.001640 0.004235 0.000034
0 0.002746 0.001453 0.003437 0.000006
0 0.002747 0.001447 0.003434 0.000005
0 0.002748 0.001440 0.003432 0.000006
0 0.002741 0.001451 0.003447 0.000006
0 0.002742 0.001445 0.003445 0.000006
0 0.002743 0.001438 0.003443 0.000006
0 0.002736 0.001450 0.003458 0.000006
0 0.002736 0.001443 0.003456 0.000005
0 0.010214 0.001853 0.019751 0.000008