0 0.002259 0.001158 0.004411 0.000006
0 0.001176 0.001049 0.002113 0.000022
0 0.001201 0.000917 0.002062 0.000012
0 0.001199 0.000923 0.002066 0.000012
0 0.001199 0.000929 0.002066 0.000011
0 0.001199 0.000935 0.002067 0.000010
0 0.001198 0.000942 0.002069 0.000010
0 0.001177 0.000935 0.002111 0.000028
0 0.001182 0.000936 0.002101 0.000026
0 0.001174 0.000976 0.002115 0.000022
0 0.001178 0.000978 0.002108 0.000018
0 0.001176 0.001010 0.002112 0.000036
0 0.001171 0.001046 0.002123 0.000034
0 0.001179 0.001049 0.002106 0.000030
0 0.005658 0.001358 0.011005 0.000052
0 0.001182 0.001014 0.002100 0.000031
0 0.007764 0.001029 0.011258 0.000114
0 0.015591 0.001036 0.026855 0.000079
0 0.011052 0.001037 0.018074 0.000009
0 0.001160 0.001224 0.002144 0.000026
0 0.001161 0.001201 0.002141 0.000021
0 0.001159 0.001260 0.002146 0.000018
0 0.001158 0.001282 0.002149 0.000026
0 0.001162 0.001284 0.002139 0.000026
0 0.001172 0.001280 0.002120 0.000025
0 0.004551 0.001306 0.008755 0.000043
0 0.001630 0.000892 0.001205 0.000043
0 0.001809 0.000998 0.000847 0.000025
0 0.001812 0.000958 0.000841 0.000029
0 0.001815 0.000962 0.000834 0.000031
0 0.010149 0.000120 0.019880 0.000017
0 0.010154 0.000120 0.019871 0.000017
0 0.001425 0.000158 0.001615 0.000056
0 0.011145 0.000711 0.017888 0.000007
0 0.011050 0.000517 0.018078 0.000015
0 0.011047 0.000523 0.018084 0.000014
0 0.011045 0.000528 0.018089 0.000015
0 0.011106 0.000667 0.017967 0.000007
0 0.011039 0.000563 0.018101 0.000008
0 0.001391 0.000796 0.001682 0.000015
0 0.001695 0.000913 0.001075 0.000041
0 0.001716 0.000855 0.001032 0.000022
0 0.001719 0.000852 0.001026 0.000026
0 0.001727 0.000884 0.001010 0.000027
0 0.001738 0.000918 0.000989 0.000023
0 0.001741 0.000916 0.000983 0.000023
0 0.001743 0.000909 0.000978 0.000027
0 0.001749 0.000961 0.000967 0.000026
0 0.001796 0.000902 0.000872 0.000023
0 0.001795 0.000908 0.000874 0.000021
0 0.001790 0.000915 0.000885 0.000034
0 0.001816 0.000931 0.000832 0.000026
0 0.001818 0.000969 0.000828 0.000033
0 0.004556 0.001276 0.008745 0.000016
0 0.001159 0.001268 0.002146 0.000012
0 0.002260 0.001150 0.004409 0.000007
0 0.007850 0.000707 0.015549 0.000032
0 0.001172 0.000710 0.002120 0.000025
0 0.001197 0.000708 0.002071 0.000018
0 0.001219 0.000717 0.002027 0.000018
0 0.001615 0.000616 0.001235 0.000023
0 0.001611 0.000616 0.001242 0.000020
0 0.001621 0.000643 0.001223 0.000025
0 0.001617 0.000649 0.001229 0.000026
0 0.001623 0.000686 0.001217 0.000015
0 0.001624 0.000705 0.001215 0.000025
0 0.001622 0.000710 0.001220 0.000022
0 0.001619 0.000715 0.001226 0.000024
0 0.007866 0.000708 0.015518 0.000032
0 0.001879 0.001216 0.000705 0.000021
0 0.007881 0.000709 0.015488 0.000032
0 0.007897 0.000711 0.015457 0.000032
0 0.007912 0.000713 0.015426 0.000030
0 0.001142 0.000801 0.002180 0.000017
0 0.001634 0.000716 0.001196 0.000028
0 0.001638 0.000709 0.001189 0.000026
0 0.001642 0.000705 0.001181 0.000026
0 0.002829 0.000891 0.003271 0.000015
0 0.002835 0.000908 0.003258 0.000015
0 0.002841 0.000926 0.003246 0.000015
0 0.002847 0.000942 0.003235 0.000015
0 0.001166 0.000706 0.002133 0.000020
0 0.001157 0.000707 0.002150 0.000028
0 0.001123 0.000702 0.002218 0.000011
0 0.001269 0.002214 0.001926 0.000030
0 0.001882 0.001222 0.000700 0.000032
0 0.001893 0.001248 0.000678 0.000026
0 0.001895 0.001273 0.000675 0.000034
0 0.001906 0.001286 0.000652 0.000031
0 0.001909 0.001296 0.000646 0.000021
0 0.001916 0.001323 0.000632 0.000023
0 0.001947 0.001406 0.000570 0.000063
0 0.001483 0.001570 0.001498 0.000018
0 0.001871 0.001548 0.000722 0.000084
0 0.001865 0.001556 0.000735 0.000080
0 0.001961 0.001478 0.000542 0.000075
0 0.008472 0.001535 0.014307 0.000222
0 0.001167 0.001845 0.002130 0.000070
0 0.001172 0.001913 0.002120 0.000027
0 0.001428 0.001897 0.001607 0.000257
0 0.010096 0.002146 0.019987 0.000013
0 0.001232 0.002121 0.002000 0.000029
0 0.001237 0.002148 0.001991 0.000019
0 0.001254 0.002200 0.001956 0.000022
0 0.001257 0.002196 0.001950 0.000022
0 0.001258 0.002221 0.001949 0.000017
0 0.001261 0.002219 0.001942 0.000021
0 0.001267 0.002218 0.001931 0.000022
0 0.010146 0.000123 0.019888 0.000018