0 0.002886 0.001404 0.003157 0.000003
0 0.002652 0.001152 0.003624 0.000003
0 0.003275 0.001007 0.002379 0.000013
0 0.003193 0.000712 0.002542 0.000004
0 0.003190 0.000712 0.002549 0.000004
0 0.003184 0.000711 0.002560 0.000006
0 0.003178 0.000711 0.002572 0.000006
0 0.003178 0.000703 0.002572 0.000006
0 0.003179 0.000696 0.002570 0.000006
0 0.003179 0.000688 0.002570 0.000006
0 0.003179 0.000680 0.002570 0.000006
0 0.003179 0.000673 0.002570 0.000006
0 0.003179 0.000665 0.002570 0.000006
0 0.003185 0.000665 0.002558 0.000006
0 0.003194 0.000664 0.002540 0.000003
0 0.003191 0.000663 0.002546 0.000003
0 0.009583 0.001960 0.016549 0.000012
0 0.009298 0.002000 0.017119 0.000056
0 0.009945 0.001709 0.015825 0.000027
0 0.002357 0.001145 0.004215 0.000010
0 0.002652 0.001158 0.003625 0.000005
0 0.002886 0.001400 0.003157 0.000003
0 0.002651 0.001173 0.003626 0.000008
0 0.002885 0.001396 0.003158 0.000003
0 0.002880 0.001411 0.003168 0.000004
0 0.002877 0.001412 0.003175 0.000003
0 0.002873 0.001414 0.003183 0.000004
0 0.002868 0.001416 0.003192 0.000004
0 0.002864 0.001418 0.003202 0.000005
0 0.002679 0.001134 0.003570 0.000008
0 0.002679 0.001146 0.003571 0.000008
0 0.002678 0.001157 0.003572 0.000008
0 0.002678 0.001169 0.003572 0.000008
0 0.002681 0.001178 0.003567 0.000006
0 0.002675 0.001178 0.003579 0.000005
0 0.002669 0.001178 0.003591 0.000005
0 0.002670 0.001169 0.003589 0.000008
0 0.002670 0.001157 0.003589 0.000008
0 0.002670 0.001146 0.003589 0.000009
0 0.002671 0.001134 0.003587 0.000008
0 0.009777 0.001575 0.016160 0.000072