0 0.008212 0.001022 0.014825 0.000179
0 0.001328 0.001697 0.001809 0.000042
0 0.001366 0.001643 0.001731 0.000049
0 0.001879 0.001608 0.000706 0.000071
0 0.001973 0.001770 0.000518 0.000042
0 0.001971 0.001747 0.000521 0.000042
0 0.002027 0.001771 0.000411 0.000029
0 0.001858 0.001483 0.000748 0.000028
0 0.001628 0.001405 0.001209 0.000029
0 0.001732 0.001430 0.001001 0.000031
0 0.001678 0.001400 0.001108 0.000036
0 0.001493 0.001355 0.001478 0.000035
0 0.001482 0.001487 0.001499 0.000047
0 0.001259 0.001370 0.001946 0.000027
0 0.001254 0.001381 0.001957 0.000030
0 0.008707 0.001099 0.013836 0.000045
0 0.008541 0.001028 0.014169 0.000056
0 0.001269 0.001676 0.001927 0.000043
0 0.001322 0.001708 0.001821 0.000040
0 0.001782 0.002018 0.000901 0.000022
0 0.001314 0.001717 0.001835 0.000038
0 0.001727 0.002113 0.001011 0.000020
0 0.001774 0.002072 0.000917 0.000036
0 0.001794 0.001973 0.000877 0.000027
0 0.001803 0.001945 0.000857 0.000027
0 0.001802 0.001931 0.000860 0.000028
0 0.001829 0.001850 0.000807 0.000028
0 0.001714 0.002135 0.001037 0.000031
0 0.001697 0.002106 0.001070 0.000026
0 0.001692 0.002113 0.001080 0.000027
0 0.001677 0.002053 0.001111 0.000037
0 0.001670 0.002064 0.001123 0.000040
0 0.001666 0.002075 0.001133 0.000042
0 0.001666 0.002087 0.001133 0.000034
0 0.001637 0.002054 0.001190 0.000043
0 0.001524 0.001944 0.001417 0.000044
0 0.008510 0.000949 0.014230 0.000161