0 0.015042 0.002160 0.027952 0.000066
0 0.005100 0.001422 0.007658 0.000017
0 0.005097 0.001405 0.007663 0.000017
0 0.005096 0.001386 0.007665 0.000015
0 0.005068 0.001426 0.007721 0.000015
0 0.005069 0.001407 0.007718 0.000015
0 0.005067 0.001389 0.007723 0.000015
0 0.005040 0.001430 0.007776 0.000014
0 0.005038 0.001411 0.007781 0.000017
0 0.005037 0.001392 0.007783 0.000015
0 0.004999 0.001430 0.007860 0.000017
0 0.004995 0.001400 0.007867 0.000018
0 0.015026 0.001323 0.027984 0.000129
0 0.014965 0.000727 0.028105 0.000122