0 0.011749 0.001976 0.021144 0.000042
0 0.011391 0.000864 0.021860 0.000034
0 0.011451 0.000695 0.021741 0.000048
0 0.011378 0.000923 0.021886 0.000036
0 0.011441 0.000876 0.021760 0.000030
0 0.011437 0.000896 0.021769 0.000030
0 0.011432 0.000916 0.021780 0.000034
0 0.011425 0.000961 0.021793 0.000030
0 0.011414 0.000999 0.021815 0.000034
0 0.011404 0.001043 0.021834 0.000034
0 0.011399 0.001062 0.021845 0.000036
0 0.011365 0.001226 0.021912 0.000032
0 0.011360 0.001246 0.021923 0.000030
0 0.011351 0.001264 0.021941 0.000038
0 0.011348 0.001287 0.021947 0.000036
0 0.011347 0.001307 0.021949 0.000032
0 0.011340 0.001325 0.021962 0.000036
0 0.011324 0.001137 0.021995 0.000034
0 0.011328 0.001115 0.021986 0.000038
0 0.011335 0.001090 0.021973 0.000032
0 0.011374 0.001377 0.021895 0.000044
0 0.011384 0.001385 0.021875 0.000044
0 0.011420 0.001406 0.021804 0.000046
0 0.011438 0.001420 0.021767 0.000046
0 0.011494 0.001497 0.021656 0.000040
0 0.011484 0.001578 0.021675 0.000036
0 0.011482 0.001599 0.021680 0.000034
0 0.011466 0.001655 0.021710 0.000034
0 0.011491 0.001538 0.021660 0.000036
0 0.011439 0.000687 0.021764 0.000044
0 0.011372 0.000845 0.021899 0.000036
0 0.011300 0.000226 0.022043 0.000058
0 0.011368 0.000868 0.021906 0.000034
0 0.010559 0.000589 0.019060 0.000114
0 0.010386 0.000825 0.019406 0.000068
0 0.011076 0.001970 0.018027 0.000102
0 0.010279 0.000117 0.019622 0.000070
0 0.010261 0.000172 0.019656 0.000066
0 0.010247 0.000192 0.019685 0.000066
0 0.010243 0.000219 0.019693 0.000060
0 0.010230 0.000244 0.019719 0.000078
0 0.010220 0.000284 0.019739 0.000078
0 0.010209 0.000309 0.019761 0.000076
0 0.010218 0.000343 0.019743 0.000056
0 0.010330 0.000491 0.019519 0.000094
0 0.010385 0.000588 0.019408 0.000124
0 0.010409 0.000525 0.019360 0.000110
0 0.010476 0.000400 0.019226 0.000110
0 0.010495 0.000679 0.019189 0.000122
0 0.010502 0.000715 0.019176 0.000116
0 0.010521 0.000627 0.019136 0.000126
0 0.010540 0.000617 0.019099 0.000122
0 0.010612 0.001225 0.018954 0.000102
0 0.010447 0.000746 0.019284 0.000130
0 0.011448 0.000643 0.021747 0.000054
0 0.011462 0.000652 0.021719 0.000052
0 0.011474 0.000660 0.021695 0.000052
0 0.011484 0.000671 0.021675 0.000046
0 0.011355 0.000909 0.021932 0.000032
0 0.011361 0.000889 0.021921 0.000032
0 0.011326 0.000120 0.021991 0.000056
0 0.011288 0.000289 0.022067 0.000044
0 0.011171 0.001019 0.022302 0.000042
0 0.012041 0.001998 0.020561 0.000034
0 0.011967 0.002176 0.020709 0.000040
0 0.012010 0.002160 0.020622 0.000036
0 0.011925 0.001980 0.020792 0.000042
0 0.011917 0.002011 0.020809 0.000040
0 0.011934 0.001960 0.020775 0.000042
0 0.011943 0.001941 0.020757 0.000040
0 0.011904 0.002030 0.020836 0.000042
0 0.011883 0.002057 0.020877 0.000050
0 0.011966 0.001872 0.020712 0.000062
0 0.011967 0.001899 0.020709 0.000044
0 0.011983 0.001949 0.020677 0.000040
0 0.011943 0.002028 0.020757 0.000038
0 0.011935 0.002046 0.020772 0.000038
0 0.011989 0.002091 0.020666 0.000054
0 0.012176 0.001774 0.020292 0.000044
0 0.012198 0.001810 0.020246 0.000046
0 0.012231 0.001860 0.020181 0.000042
0 0.012220 0.001846 0.020202 0.000046
0 0.012239 0.001879 0.020165 0.000044
0 0.011269 0.000374 0.022104 0.000050
0 0.011204 0.000692 0.022234 0.000046
0 0.011193 0.000738 0.022256 0.000050
0 0.011196 0.000905 0.022252 0.000036
0 0.011192 0.000928 0.022258 0.000038
0 0.011190 0.000952 0.022263 0.000034
0 0.011178 0.000972 0.022287 0.000040
0 0.011180 0.000997 0.022282 0.000034
0 0.012020 0.002030 0.020603 0.000038
0 0.012045 0.001966 0.020553 0.000042
0 0.011280 0.000328 0.022082 0.000042
0 0.012113 0.002095 0.020418 0.000038
0 0.011799 0.001067 0.021044 0.000046
0 0.011777 0.001156 0.021088 0.000032
0 0.011761 0.001215 0.021121 0.000034
0 0.011758 0.001236 0.021127 0.000026
0 0.011755 0.001262 0.021134 0.000030
0 0.011804 0.001474 0.021036 0.000038
0 0.011771 0.001558 0.021101 0.000028
0 0.012021 0.001646 0.020601 0.000048
0 0.012026 0.001852 0.020592 0.000046
0 0.012014 0.001882 0.020616 0.000038
0 0.012008 0.001899 0.020627 0.000040
0 0.011998 0.001917 0.020646 0.000040
0 0.012093 0.001885 0.020457 0.000044
0 0.012102 0.001902 0.020440 0.000042
0 0.012116 0.001911 0.020411 0.000040
0 0.012126 0.001926 0.020392 0.000042
0 0.012135 0.001936 0.020372 0.000038
0 0.012141 0.001952 0.020361 0.000042
0 0.012091 0.001989 0.020461 0.000040
0 0.012061 0.002049 0.020520 0.000044
0 0.012039 0.002097 0.020566 0.000042
0 0.012094 0.002123 0.020455 0.000038
0 0.012152 0.002018 0.020339 0.000038
0 0.012144 0.002035 0.020355 0.000036
0 0.012135 0.002050 0.020372 0.000038
0 0.012130 0.002069 0.020383 0.000038
0 0.012119 0.002081 0.020405 0.000042
0 0.010275 0.000141 0.019628 0.000044