0 0.000802 0.001051 0.001603 0.000209
0 0.000607 0.000833 0.001214 0.000190
0 0.000097 0.000332 0.000194 0.000048
0 0.000106 0.000308 0.000213 0.000048
0 0.000127 0.000255 0.000254 0.000048
0 0.000136 0.000228 0.000272 0.000056
0 0.000128 0.000436 0.000257 0.000048
0 0.000137 0.000407 0.000274 0.000048
0 0.000146 0.000373 0.000292 0.000048
0 0.000166 0.000306 0.000332 0.000054
0 0.000158 0.000479 0.000316 0.000046
0 0.000168 0.000447 0.000335 0.000047
0 0.000187 0.000381 0.000373 0.000057
0 0.000183 0.000555 0.000366 0.000049
0 0.000351 0.000494 0.000702 0.000083
0 0.000609 0.001073 0.001218 0.000089
0 0.000930 0.001526 0.001859 0.000117
0 0.000538 0.001500 0.001077 0.000119
0 0.000465 0.001380 0.000930 0.000153
0 0.000367 0.001153 0.000734 0.000087
0 0.000849 0.001860 0.001698 0.000160
0 0.000986 0.002008 0.001972 0.000153
0 0.001087 0.001851 0.002174 0.000248
0 0.000088 0.000360 0.000176 0.000046