0 0.000791 0.001940 0.001583 0.000105
0 0.000782 0.001871 0.001564 0.000074
0 0.000512 0.000433 0.001024 0.000131
0 0.000770 0.000575 0.001539 0.000156
0 0.000940 0.001142 0.001880 0.000275
0 0.000837 0.001279 0.001674 0.000079
0 0.000833 0.001355 0.001666 0.000094
0 0.000835 0.001432 0.001670 0.000091
0 0.000856 0.001474 0.001711 0.000076
0 0.000829 0.001538 0.001659 0.000079
0 0.000796 0.001653 0.001592 0.000102
0 0.000729 0.001667 0.001458 0.000076
0 0.000768 0.001780 0.001535 0.000092
0 0.000661 0.001386 0.001322 0.000145
0 0.000622 0.001400 0.001244 0.000083
0 0.000644 0.001486 0.001288 0.000124
0 0.000621 0.001545 0.001242 0.000084
0 0.000606 0.001594 0.001213 0.000062
0 0.000598 0.001656 0.001196 0.000094
0 0.000625 0.001639 0.001250 0.000086
0 0.000621 0.001733 0.001241 0.000107
0 0.000553 0.001795 0.001106 0.000120
0 0.000660 0.001943 0.001321 0.000114
0 0.000751 0.001854 0.001502 0.000110
0 0.000734 0.001955 0.001469 0.000091
0 0.000259 0.000302 0.000518 0.000161