0 0.012128 0.062272 0.020386 0.047488
0 0.010856 0.366912 0.018467 0.105280
0 0.010920 0.368256 0.018339 0.107520
0 0.010951 0.366464 0.018278 0.108416
0 0.010985 0.364672 0.018209 0.105280
0 0.011019 0.363776 0.018140 0.105280
0 0.011051 0.351232 0.018076 0.096320
0 0.010258 0.498176 0.019662 0.116480
0 0.010286 0.505792 0.019607 0.099456
0 0.010347 0.489664 0.019484 0.079296
0 0.010378 0.491456 0.019422 0.077952
0 0.010444 0.516544 0.019290 0.075712
0 0.010476 0.486976 0.019226 0.082432
0 0.010506 0.511168 0.019166 0.077056
0 0.010542 0.512512 0.019095 0.079296
0 0.010570 0.484736 0.019038 0.077952
0 0.010601 0.502656 0.018977 0.082432
0 0.010636 0.494144 0.018906 0.081536
0 0.010668 0.486528 0.018842 0.068096
0 0.010701 0.481152 0.018776 0.082432
0 0.010731 0.495936 0.018716 0.077952
0 0.010765 0.478016 0.018648 0.082432
0 0.010795 0.501760 0.018588 0.071232
0 0.010832 0.495936 0.018515 0.077952
0 0.010863 0.491904 0.018453 0.077056
0 0.010897 0.492800 0.018385 0.073472
0 0.010925 0.499072 0.018328 0.068096
0 0.010960 0.480256 0.018259 0.071232
0 0.010989 0.478016 0.018200 0.071232
0 0.011022 0.477568 0.018134 0.070336
0 0.011054 0.490560 0.018070 0.068992
0 0.010885 0.366912 0.018408 0.105280
0 0.010821 0.366464 0.018536 0.103936
0 0.012022 0.064512 0.020599 0.051968
0 0.010788 0.368704 0.018602 0.106176
0 0.010335 0.155008 0.019509 0.092736
0 0.010400 0.148288 0.019379 0.097216
0 0.010439 0.157696 0.019301 0.112000
0 0.010567 0.160832 0.019045 0.106176
0 0.010601 0.159488 0.018977 0.113344
0 0.010634 0.152768 0.018910 0.110656
0 0.010666 0.155904 0.018846 0.108416
0 0.010699 0.155008 0.018780 0.110656
0 0.010732 0.155904 0.018714 0.092736
0 0.010799 0.146496 0.018581 0.091840
0 0.010829 0.143808 0.018520 0.092736
0 0.010865 0.139328 0.018449 0.094976
0 0.010896 0.139776 0.018387 0.091840
0 0.010929 0.135744 0.018321 0.092736
0 0.010961 0.135744 0.018257 0.072576
0 0.010994 0.129920 0.018191 0.070336
0 0.011024 0.133952 0.018131 0.068992
0 0.011057 0.132160 0.018065 0.068096
0 0.010261 0.373184 0.019657 0.099456
0 0.010297 0.372736 0.019584 0.103040
0 0.010431 0.370048 0.019317 0.101696
0 0.010491 0.370944 0.019196 0.103936
0 0.010528 0.372288 0.019123 0.103936
0 0.010562 0.372288 0.019054 0.101696
0 0.010620 0.370944 0.018938 0.108416
0 0.010662 0.372736 0.018856 0.105280
0 0.010691 0.369152 0.018796 0.107520
0 0.010724 0.364224 0.018730 0.103936
0 0.010760 0.370496 0.018659 0.105280
0 0.010345 0.682304 0.019488 0.056448
0 0.010379 0.680960 0.019420 0.058688
0 0.010409 0.680064 0.019360 0.056448
0 0.010443 0.676032 0.019292 0.057792
0 0.011162 0.047488 0.022319 0.025088
0 0.011204 0.058688 0.022235 0.025088
0 0.011259 0.161728 0.022125 0.051968
0 0.011254 0.232512 0.022134 0.046592
0 0.011189 0.527744 0.022264 0.032704
0 0.011197 0.572544 0.022248 0.027328
0 0.011197 0.592704 0.022248 0.025088
0 0.011203 0.611072 0.022237 0.020160
0 0.011204 0.633472 0.022235 0.025088
0 0.011192 0.662144 0.022260 0.023744
0 0.011197 0.711424 0.022248 0.020160
0 0.011196 0.772800 0.022251 0.027328
0 0.011314 0.501760 0.022015 0.051072
0 0.011316 0.441728 0.022011 0.051072
0 0.011323 0.341824 0.021997 0.045248
0 0.011325 0.290304 0.021992 0.051072
0 0.011329 0.238336 0.021986 0.053312
0 0.011502 0.066304 0.021638 0.051072
0 0.011533 0.068544 0.021577 0.046592
0 0.011569 0.068992 0.021506 0.049728
0 0.011596 0.067200 0.021451 0.048832
0 0.011620 0.064512 0.021403 0.051968
0 0.011647 0.065408 0.021348 0.049728
0 0.011772 0.060480 0.021099 0.062272
0 0.011869 0.066304 0.020905 0.048832
0 0.011918 0.064960 0.020807 0.046592
0 0.011826 0.064960 0.020992 0.043904
0 0.011896 0.060928 0.020850 0.049728
0 0.011950 0.060032 0.020743 0.054208
0 0.011027 0.803264 0.018124 0.058688
0 0.010991 0.799232 0.018198 0.055552
0 0.010949 0.797888 0.018280 0.057792
0 0.011005 0.675136 0.018168 0.060928
0 0.010475 0.676032 0.019228 0.053312
0 0.010508 0.680064 0.019162 0.056448
0 0.010543 0.675136 0.019093 0.054208
0 0.010572 0.678720 0.019034 0.058688
0 0.010602 0.675136 0.018974 0.054208
0 0.010636 0.676032 0.018906 0.055552
0 0.010665 0.672000 0.018849 0.058688
0 0.010699 0.673792 0.018780 0.060032
0 0.010730 0.669760 0.018718 0.058688
0 0.010762 0.678272 0.018654 0.057792
0 0.010794 0.669760 0.018591 0.060928
0 0.010827 0.669312 0.018524 0.057792
0 0.010975 0.676480 0.018230 0.063168
0 0.011037 0.672448 0.018104 0.060032
0 0.010907 0.804160 0.018364 0.056448
0 0.011069 0.670208 0.018040 0.062272
0 0.010390 0.801024 0.019399 0.056448
0 0.010464 0.804160 0.019251 0.056448
0 0.010510 0.801920 0.019159 0.060928
0 0.010550 0.801472 0.019079 0.057792
0 0.010583 0.807296 0.019013 0.060032
0 0.010625 0.805504 0.018929 0.063168
0 0.010666 0.805952 0.018846 0.060032
0 0.010704 0.807296 0.018771 0.060032
0 0.010745 0.803264 0.018689 0.058688
0 0.010781 0.808640 0.018616 0.058688
0 0.010826 0.801920 0.018527 0.056448
0 0.010865 0.805952 0.018449 0.055552
0 0.010298 0.157248 0.019582 0.094976
