0 0.011809 0.955584 0.021026 0.017472
0 0.010741 0.181440 0.018696 0.107520
0 0.010806 0.337792 0.018567 0.022848
0 0.010803 0.311808 0.018573 0.021952
0 0.010800 0.287168 0.018578 0.019264
0 0.010802 0.261184 0.018575 0.021952
0 0.010900 0.176512 0.018378 0.083776
0 0.010853 0.172928 0.018473 0.100800
0 0.010824 0.154112 0.018531 0.104832
0 0.010714 0.177856 0.018750 0.118272
0 0.010805 0.386176 0.018569 0.021952
0 0.010689 0.177856 0.018801 0.118272
0 0.010658 0.178752 0.018862 0.083328
0 0.010628 0.184128 0.018924 0.093632
0 0.010600 0.180992 0.018980 0.106624
0 0.010572 0.196224 0.019036 0.109312
0 0.010546 0.188160 0.019086 0.122304
0 0.010518 0.181440 0.019142 0.105728
0 0.010804 0.361536 0.018571 0.022848
0 0.010805 0.409920 0.018569 0.021952
0 0.010347 0.745472 0.019484 0.096320
0 0.010810 0.667072 0.018558 0.020160
0 0.011387 0.759808 0.021870 0.049728
0 0.011388 0.709632 0.021868 0.036736
0 0.010237 0.750848 0.019704 0.094528
0 0.010203 0.753984 0.019773 0.096320
0 0.010173 0.753536 0.019833 0.107520
0 0.010145 0.729344 0.019889 0.156800
0 0.010487 0.564480 0.019205 0.101696
0 0.010808 0.643328 0.018562 0.021952
0 0.010805 0.432320 0.018569 0.022848
0 0.010807 0.621376 0.018564 0.019264
0 0.010806 0.597632 0.018566 0.021056
0 0.010807 0.554176 0.018564 0.020160
0 0.010806 0.529088 0.018566 0.021056
0 0.010803 0.505792 0.018573 0.022848
0 0.010805 0.482048 0.018569 0.027776
0 0.010802 0.455616 0.018575 0.022848
0 0.010491 0.203392 0.019196 0.095424
