0 0.011327 0.025536 0.021990 0.009856
0 0.010471 0.539840 0.019238 0.030016
0 0.010471 0.410816 0.019238 0.030912
0 0.010474 0.436800 0.019231 0.031360
0 0.010469 0.473536 0.019240 0.032704
0 0.010472 0.488768 0.019234 0.031808
0 0.010475 0.516096 0.019228 0.031360
0 0.010472 0.527744 0.019234 0.032256
0 0.010469 0.552384 0.019240 0.030912
0 0.010469 0.371840 0.019240 0.033152
0 0.010473 0.567168 0.019233 0.030464
0 0.010471 0.578816 0.019236 0.030912
0 0.010473 0.592256 0.019233 0.030464
0 0.010472 0.606144 0.019235 0.030912
0 0.010473 0.618688 0.019233 0.030912
0 0.010472 0.631232 0.019235 0.030464
0 0.010471 0.394688 0.019238 0.030912
0 0.010469 0.357952 0.019241 0.031808
0 0.010603 0.563584 0.018973 0.021952
0 0.010467 0.224896 0.019245 0.030464
0 0.010424 0.775040 0.019331 0.030016
0 0.010423 0.788032 0.019332 0.030464
0 0.010426 0.801920 0.019326 0.029568
0 0.010423 0.814016 0.019333 0.029568
0 0.010466 0.198464 0.019247 0.030464
0 0.010466 0.211904 0.019246 0.030912
0 0.010471 0.239680 0.019238 0.030464
0 0.010469 0.344512 0.019241 0.031808
0 0.010467 0.252224 0.019244 0.030912
0 0.010470 0.266560 0.019239 0.031808
0 0.010469 0.291648 0.019241 0.031808
0 0.010469 0.304640 0.019241 0.030912
0 0.010467 0.317184 0.019245 0.030016
0 0.010468 0.329728 0.019243 0.030912
0 0.010473 0.644672 0.019233 0.032704
0 0.010474 0.672448 0.019231 0.032256
0 0.010477 0.698880 0.019224 0.030912
0 0.010604 0.378560 0.018971 0.021504
0 0.010599 0.197120 0.018981 0.020160
0 0.010598 0.210560 0.018983 0.020608
0 0.010596 0.303296 0.018986 0.021952
0 0.010598 0.223552 0.018982 0.022400
0 0.010603 0.339584 0.018972 0.020160
0 0.010604 0.353024 0.018971 0.020160
0 0.010603 0.392448 0.018973 0.021952
0 0.010475 0.684544 0.019228 0.030912
0 0.010600 0.432768 0.018979 0.022848
0 0.010601 0.446208 0.018976 0.020608
0 0.010603 0.457856 0.018973 0.020160
0 0.010603 0.471296 0.018972 0.021056
0 0.010600 0.486528 0.018979 0.021504
0 0.010605 0.510720 0.018968 0.021056
0 0.010596 0.184128 0.018986 0.020160
0 0.010601 0.168448 0.018976 0.021056
0 0.010598 0.157696 0.018983 0.021056
0 0.010596 0.145152 0.018986 0.020608
0 0.010596 0.131712 0.018986 0.021952
0 0.010599 0.116928 0.018980 0.022400
0 0.010599 0.103040 0.018980 0.021504
0 0.010598 0.090048 0.018983 0.020608
0 0.010475 0.815360 0.019228 0.030464
0 0.010475 0.802368 0.019229 0.030016
0 0.010474 0.788928 0.019231 0.030912
0 0.010473 0.775488 0.019232 0.031360
0 0.010475 0.762944 0.019229 0.030912
0 0.010475 0.750400 0.019228 0.030464
0 0.010474 0.735616 0.019231 0.029568
0 0.010481 0.726656 0.019217 0.030912
0 0.010472 0.709632 0.019234 0.030464
0 0.010419 0.759808 0.019341 0.029568
0 0.010424 0.748160 0.019331 0.030016
0 0.010425 0.736064 0.019328 0.029568
0 0.010278 0.602112 0.019623 0.030912
0 0.010258 0.467264 0.019662 0.031360
0 0.010262 0.478912 0.019655 0.030912
0 0.010265 0.489664 0.019649 0.030016
0 0.010269 0.501760 0.019641 0.030464
0 0.010269 0.527296 0.019641 0.031360
0 0.010270 0.552384 0.019639 0.031360
0 0.010278 0.654528 0.019623 0.030912
0 0.010296 0.803264 0.019586 0.032256
0 0.010281 0.667072 0.019616 0.030464
0 0.010284 0.691264 0.019610 0.032256
0 0.010284 0.717248 0.019611 0.030912
0 0.010286 0.742336 0.019606 0.032256
0 0.010289 0.767872 0.019601 0.032704
0 0.010288 0.781312 0.019603 0.030912
0 0.010254 0.430080 0.019670 0.032256
0 0.010254 0.404096 0.019671 0.029568
0 0.010255 0.390208 0.019669 0.029120
0 0.010255 0.377216 0.019668 0.029568
0 0.010255 0.364672 0.019669 0.028672
0 0.010258 0.349888 0.019663 0.030464
0 0.010269 0.331072 0.019640 0.028672
0 0.010254 0.324352 0.019671 0.031808
0 0.010254 0.310912 0.019671 0.030016
0 0.010253 0.298816 0.019672 0.030016
0 0.010257 0.271040 0.019664 0.030464
0 0.010253 0.259840 0.019673 0.030464
0 0.010252 0.245504 0.019674 0.029568
0 0.010253 0.232064 0.019672 0.029568
0 0.010253 0.218624 0.019672 0.030464
0 0.010253 0.206080 0.019673 0.030016
0 0.010251 0.195328 0.019676 0.028224
0 0.010288 0.795648 0.019602 0.029120
0 0.010296 0.816704 0.019586 0.031808
0 0.010425 0.723072 0.019328 0.029568
0 0.010421 0.487424 0.019336 0.029568
0 0.010416 0.394688 0.019346 0.031808
0 0.010413 0.418880 0.019352 0.032256
0 0.010418 0.433664 0.019343 0.031360
0 0.010415 0.445760 0.019349 0.032256
0 0.010407 0.459200 0.019364 0.032704
0 0.010422 0.474432 0.019334 0.029120
0 0.010420 0.525504 0.019339 0.030016
0 0.010295 0.842688 0.019588 0.032256
0 0.010418 0.578816 0.019343 0.027776
0 0.010426 0.631232 0.019326 0.026432
0 0.010424 0.670656 0.019331 0.030016
0 0.010427 0.685440 0.019325 0.030016
0 0.010423 0.697536 0.019333 0.029120
0 0.010426 0.710976 0.019327 0.028672
0 0.010420 0.383488 0.019339 0.030912
0 0.010419 0.369600 0.019340 0.031808
0 0.010419 0.356608 0.019341 0.032256
0 0.010416 0.329728 0.019346 0.030912
0 0.010417 0.317184 0.019345 0.031808
0 0.010418 0.304192 0.019343 0.030912
0 0.010421 0.290752 0.019337 0.031360
0 0.010417 0.277760 0.019345 0.031360
0 0.010418 0.265216 0.019342 0.031360
0 0.010415 0.250432 0.019349 0.032256
0 0.010415 0.224896 0.019349 0.031808
0 0.010414 0.211456 0.019350 0.032256
0 0.010415 0.198464 0.019349 0.032256
0 0.010301 0.894656 0.019577 0.030016
0 0.010302 0.880320 0.019575 0.030912
0 0.010296 0.869568 0.019586 0.030464
0 0.010297 0.855680 0.019584 0.031808
0 0.010606 0.549248 0.018967 0.021952
0 0.010605 0.577024 0.018968 0.020608
0 0.011338 0.023744 0.021967 0.009408
0 0.012017 0.510272 0.020609 0.009856
0 0.011915 0.393792 0.020814 0.008064
0 0.011943 0.412160 0.020756 0.010752
0 0.011942 0.449344 0.020758 0.008064
0 0.011917 0.459200 0.020809 0.007616
0 0.011919 0.516096 0.020805 0.008064
0 0.012099 0.385280 0.020445 0.008960
0 0.011057 0.435904 0.018065 0.009408
0 0.011946 0.326144 0.020752 0.007168
0 0.011056 0.458752 0.018066 0.010752
0 0.011057 0.470848 0.018065 0.009856
0 0.012185 0.499520 0.020272 0.008512
0 0.011197 0.894656 0.022249 0.015680
0 0.010359 0.913024 0.019461 0.035392
0 0.010379 0.912128 0.019421 0.034944
0 0.011946 0.379904 0.020752 0.008512
0 0.011920 0.327488 0.020803 0.007616
0 0.010604 0.590912 0.018971 0.021056
0 0.010779 0.213696 0.018621 0.039424
0 0.011208 0.139328 0.022226 0.017024
0 0.011222 0.136192 0.022198 0.016128
0 0.010318 0.124096 0.019544 0.040768
0 0.010348 0.108864 0.019483 0.038976
0 0.010365 0.100800 0.019449 0.038976
0 0.010379 0.093632 0.019421 0.039872
0 0.010796 0.211904 0.018587 0.016576
0 0.011946 0.289408 0.020752 0.006720
0 0.010808 0.023296 0.018563 0.022848
0 0.010838 0.048384 0.018503 0.021952
0 0.010869 0.073024 0.018441 0.023744
0 0.010880 0.082880 0.018419 0.022400
0 0.010891 0.091392 0.018396 0.022400
0 0.010902 0.142464 0.018374 0.024192
0 0.010394 0.914368 0.019391 0.034048
0 0.010410 0.914368 0.019360 0.035840
0 0.010423 0.913920 0.019333 0.035392
0 0.012191 0.908992 0.020262 0.020160
0 0.010946 0.908096 0.018287 0.038528
0 0.010964 0.908992 0.018250 0.037184
0 0.010983 0.906304 0.018212 0.035840
0 0.011007 0.900928 0.018164 0.038976
0 0.011024 0.904960 0.018131 0.036736
0 0.011064 0.902720 0.018051 0.041664
0 0.012183 0.870912 0.020278 0.016576
0 0.010440 0.915264 0.019299 0.034048
0 0.011079 0.852544 0.018020 0.043456
0 0.012097 0.675136 0.020449 0.007616
0 0.011951 0.829696 0.020740 0.010752
0 0.011933 0.672448 0.020776 0.007168
0 0.012059 0.118272 0.020525 0.017024
0 0.011352 0.025088 0.021938 0.011200
0 0.010926 0.908096 0.018326 0.040768
0 0.010910 0.910784 0.018358 0.039424
0 0.010892 0.911232 0.018395 0.039424
0 0.010876 0.912576 0.018427 0.039872
0 0.010684 0.916608 0.018811 0.025984
0 0.010652 0.916160 0.018874 0.031360
0 0.010636 0.915264 0.018906 0.030912
0 0.010619 0.915712 0.018940 0.031808
0 0.010589 0.914816 0.019001 0.032256
0 0.010559 0.914368 0.019061 0.032704
0 0.010544 0.914368 0.019090 0.033152
0 0.010529 0.913920 0.019120 0.032704
0 0.010513 0.913024 0.019152 0.033600
0 0.010499 0.911680 0.019181 0.034048
0 0.010484 0.914368 0.019210 0.034048
0 0.010468 0.913920 0.019243 0.036736
0 0.010453 0.912128 0.019272 0.035392
0 0.010651 0.818048 0.018876 0.022400
0 0.010648 0.805056 0.018882 0.021952
0 0.010649 0.792064 0.018881 0.021056
0 0.010639 0.164416 0.018900 0.020160
0 0.010640 0.083776 0.018899 0.021952
0 0.010640 0.096320 0.018899 0.021504
0 0.010647 0.107072 0.018884 0.022400
0 0.010640 0.123200 0.018899 0.020608
0 0.010645 0.134400 0.018889 0.020608
0 0.010641 0.150080 0.018896 0.020608
0 0.010643 0.175616 0.018892 0.021056
0 0.010644 0.280896 0.018891 0.020160
0 0.010643 0.189056 0.018893 0.021504
0 0.010641 0.202944 0.018896 0.021504
0 0.010645 0.214144 0.018889 0.021056
0 0.010648 0.225792 0.018883 0.021952
0 0.010646 0.239680 0.018887 0.021056
0 0.010644 0.254016 0.018890 0.021056
0 0.010648 0.066304 0.018882 0.022400
0 0.010611 0.825216 0.018957 0.020608
0 0.010607 0.812672 0.018965 0.021056
0 0.010608 0.798784 0.018963 0.021504
0 0.010607 0.787136 0.018965 0.020160
0 0.010609 0.773248 0.018960 0.020608
0 0.010608 0.760256 0.018963 0.021056
0 0.010607 0.747264 0.018965 0.020160
0 0.010609 0.733376 0.018961 0.021056
0 0.010606 0.720832 0.018967 0.021504
0 0.010609 0.707392 0.018960 0.020608
0 0.010605 0.695296 0.018968 0.021952
0 0.010607 0.680512 0.018965 0.021952
0 0.010608 0.641088 0.018963 0.021056
0 0.010609 0.627648 0.018961 0.020160
0 0.010607 0.614656 0.018964 0.020160
0 0.010606 0.602560 0.018966 0.021504
0 0.010643 0.267904 0.018893 0.020160
0 0.010643 0.293888 0.018892 0.020160
0 0.010649 0.779072 0.018880 0.020160
0 0.010647 0.675136 0.018884 0.021056
0 0.010647 0.581952 0.018884 0.021056
0 0.010648 0.594496 0.018882 0.020608
0 0.010647 0.608832 0.018885 0.020608
0 0.010648 0.621824 0.018883 0.020608
0 0.010647 0.648256 0.018884 0.021504
0 0.010652 0.659008 0.018875 0.021504
0 0.010654 0.686336 0.018872 0.021952
0 0.010644 0.306432 0.018890 0.019712
0 0.010651 0.700224 0.018877 0.021504
0 0.010649 0.712768 0.018880 0.021504
0 0.010649 0.726656 0.018880 0.020608
0 0.010649 0.740096 0.018880 0.021504
0 0.010650 0.751296 0.018878 0.020608
0 0.010651 0.765184 0.018877 0.020608
0 0.010648 0.568960 0.018883 0.021504
0 0.010645 0.556416 0.018888 0.020608
0 0.010648 0.542976 0.018882 0.020160
0 0.010649 0.528640 0.018880 0.021952
0 0.010649 0.515648 0.018881 0.020160
0 0.010647 0.503104 0.018884 0.020160
0 0.010647 0.489664 0.018884 0.020608
0 0.010649 0.475776 0.018881 0.021952
0 0.010647 0.462336 0.018884 0.020608
0 0.010647 0.449792 0.018885 0.021056
0 0.010645 0.437248 0.018889 0.021504
0 0.010646 0.411712 0.018887 0.020608
0 0.010647 0.397824 0.018884 0.020608
0 0.010644 0.385728 0.018891 0.020608
0 0.010646 0.372288 0.018887 0.021056
0 0.010642 0.359296 0.018895 0.020160
0 0.010648 0.317632 0.018882 0.021504
0 0.010252 0.180096 0.019674 0.031360
