0 0.011356 0.986944 0.021930 0.019712
0 0.011414 0.929152 0.021815 0.022848
0 0.011420 0.127680 0.021802 0.023744
0 0.011433 0.127680 0.021777 0.024640
0 0.011449 0.123648 0.021745 0.023744
0 0.011463 0.124096 0.021716 0.022400
0 0.011480 0.125888 0.021683 0.026432
0 0.011500 0.118272 0.021642 0.025984
0 0.011474 0.099456 0.021695 0.026432
0 0.011454 0.096320 0.021735 0.034048
0 0.011440 0.099904 0.021764 0.027776
0 0.011423 0.102144 0.021797 0.023744
0 0.011407 0.100352 0.021830 0.024192
0 0.011377 0.102144 0.021888 0.024192
0 0.011362 0.100800 0.021918 0.023744
0 0.011344 0.102144 0.021955 0.026432
0 0.011332 0.102592 0.021979 0.025984
0 0.011284 0.104832 0.022074 0.025088
0 0.011270 0.103936 0.022103 0.024640
0 0.011254 0.104384 0.022135 0.031360
0 0.011236 0.105728 0.022171 0.024192
0 0.011222 0.103936 0.022200 0.024640
0 0.011208 0.107072 0.022228 0.019712
0 0.011192 0.105728 0.022259 0.022848
0 0.011173 0.134400 0.022296 0.022400
0 0.011177 0.108416 0.022288 0.021056
0 0.007148 0.527296 0.012490 0.866432
0 0.015053 0.525504 0.027930 0.482048
0 0.004676 0.483840 0.008506 0.055552
0 0.004673 0.420224 0.008511 0.055552
0 0.004668 0.355712 0.008520 0.056448
0 0.011405 0.128128 0.021832 0.022848
0 0.011393 0.126336 0.021858 0.022400
0 0.011379 0.126784 0.021884 0.021952
0 0.011209 0.909888 0.022225 0.015232
0 0.011192 0.908544 0.022258 0.023744
0 0.011368 0.907200 0.021908 0.015232
0 0.012212 0.812672 0.020219 0.023744
0 0.011249 0.517888 0.022144 0.009408
0 0.011189 0.574784 0.022265 0.019264
0 0.011231 0.518336 0.022180 0.010304
0 0.011186 0.586432 0.022271 0.021056
0 0.012215 0.916160 0.020214 0.022848
0 0.011442 0.984256 0.021758 0.020160
0 0.011338 0.989184 0.021967 0.017024
0 0.011300 0.988736 0.022043 0.019264
0 0.011303 0.911232 0.022036 0.012096
0 0.011273 0.910784 0.022097 0.014784
0 0.011224 0.907200 0.022195 0.025984
0 0.011364 0.130368 0.021916 0.029120
0 0.012208 0.745024 0.020227 0.022848
0 0.012211 0.677824 0.020220 0.025984
0 0.012209 0.724864 0.020225 0.022400
0 0.011200 0.130816 0.022242 0.022400
0 0.011186 0.133056 0.022270 0.022400
0 0.011212 0.130816 0.022218 0.024640
0 0.011225 0.132608 0.022193 0.023744
0 0.011254 0.132608 0.022135 0.025984
0 0.011268 0.131712 0.022106 0.024192
0 0.011284 0.129024 0.022074 0.022848
0 0.011311 0.130368 0.022021 0.022848
0 0.011324 0.129024 0.021995 0.020160
0 0.011350 0.126336 0.021943 0.023744
0 0.004667 0.290752 0.008523 0.056448
