0 0.011922 0.275520 0.020799 0.014784
0 0.010448 0.416192 0.019282 0.062720
0 0.010589 0.534016 0.019001 0.040768
0 0.010582 0.515648 0.019014 0.058240
0 0.010599 0.511616 0.018981 0.059584
0 0.010614 0.504448 0.018951 0.055104
0 0.010626 0.499520 0.018927 0.059136
0 0.010655 0.489216 0.018868 0.060928
0 0.010670 0.483392 0.018839 0.059584
0 0.010703 0.486528 0.018772 0.043456
0 0.010701 0.471296 0.018776 0.057792
0 0.010717 0.467264 0.018746 0.057344
0 0.011738 0.370944 0.021166 0.014336
0 0.011757 0.358848 0.021128 0.015680
0 0.011799 0.337344 0.021045 0.017472
0 0.011821 0.333312 0.021000 0.017472
0 0.011720 0.333760 0.021203 0.020608
0 0.010570 0.360640 0.019038 0.065408
0 0.010549 0.373632 0.019080 0.063168
0 0.010529 0.379904 0.019121 0.059584
0 0.010505 0.396032 0.019168 0.061824
0 0.010489 0.398272 0.019200 0.060928
0 0.010431 0.425600 0.019318 0.060032
0 0.011842 0.210112 0.020960 0.024640
0 0.010378 0.437696 0.019422 0.064064
0 0.010471 0.564480 0.019237 0.056448
0 0.010457 0.571648 0.019265 0.055104
0 0.010462 0.585984 0.019254 0.039872
0 0.010442 0.587776 0.019294 0.040768
0 0.010418 0.592256 0.019342 0.056448
0 0.010397 0.594496 0.019384 0.056896
0 0.010395 0.601664 0.019388 0.039872
0 0.010388 0.615552 0.019402 0.038976
0 0.010366 0.619136 0.019447 0.056896
0 0.010333 0.631232 0.019513 0.059584
0 0.010315 0.630784 0.019549 0.056448
0 0.010303 0.641088 0.019573 0.058240
0 0.010288 0.650048 0.019602 0.057344
0 0.010273 0.655424 0.019633 0.056896
0 0.010256 0.663488 0.019666 0.059136
0 0.011226 0.569408 0.022191 0.021504
0 0.011181 0.502208 0.022281 0.019712
0 0.011181 0.512064 0.022280 0.021952
0 0.010334 0.470848 0.019510 0.043008
0 0.011856 0.279552 0.020931 0.011648
0 0.010667 0.304640 0.018844 0.022848
0 0.010627 0.296128 0.018924 0.018368
0 0.010670 0.275520 0.018839 0.032704
0 0.010491 0.274176 0.019198 0.060032
0 0.010463 0.285824 0.019253 0.059584
0 0.010443 0.290752 0.019293 0.059584
0 0.010431 0.299264 0.019316 0.061824
0 0.010289 0.269248 0.019601 0.041216
0 0.011392 0.299712 0.021859 0.012096
0 0.011373 0.281792 0.021897 0.013440
0 0.010273 0.248192 0.019632 0.038080
0 0.010264 0.240128 0.019650 0.039424
0 0.010260 0.230272 0.019659 0.040768
0 0.010247 0.222208 0.019684 0.041216
0 0.010233 0.187712 0.019712 0.041664
0 0.010474 0.074368 0.019230 0.032256
0 0.010456 0.056896 0.019267 0.029568
0 0.010441 0.050624 0.019296 0.033152
0 0.010426 0.044352 0.019327 0.030912
0 0.010116 0.185472 0.019947 0.043008
0 0.011188 0.020160 0.022266 0.008064
0 0.011199 0.024640 0.022244 0.018816
0 0.010506 0.268352 0.019167 0.058688
0 0.010422 0.116928 0.019334 0.039872
0 0.010515 0.098112 0.019149 0.026432
0 0.011691 0.179648 0.021260 0.015680
0 0.011761 0.279552 0.021120 0.012992
0 0.010677 0.264320 0.018824 0.020160
0 0.010637 0.256704 0.018904 0.038528
0 0.010633 0.246848 0.018913 0.039872
0 0.011761 0.224896 0.021120 0.023296
0 0.011724 0.255360 0.021195 0.013888
0 0.011696 0.228928 0.021251 0.009408
0 0.010584 0.202048 0.019010 0.039872
0 0.010545 0.166656 0.019089 0.039872
0 0.011640 0.086016 0.021362 0.012544
0 0.010539 0.158144 0.019101 0.039872
0 0.010529 0.149632 0.019120 0.038976
0 0.010516 0.140224 0.019147 0.041216
0 0.010503 0.132608 0.019172 0.040320
0 0.011655 0.116928 0.021333 0.021504
0 0.011629 0.129472 0.021385 0.012992
0 0.010486 0.115584 0.019207 0.038976
0 0.011602 0.113792 0.021439 0.014784
0 0.010486 0.559104 0.019207 0.060032
0 0.010501 0.553728 0.019177 0.057792
0 0.010531 0.555072 0.019117 0.041216
0 0.010617 0.855232 0.018945 0.042112
0 0.011049 0.076160 0.018080 0.047488
0 0.011061 0.070784 0.018056 0.047040
0 0.010663 0.038976 0.018853 0.046592
0 0.010945 0.705152 0.018288 0.059584
0 0.010896 0.722624 0.018387 0.058688
0 0.011992 0.729344 0.020659 0.024640
0 0.010743 0.788032 0.018693 0.061824
0 0.010710 0.796992 0.018758 0.057792
0 0.010692 0.804160 0.018794 0.061376
0 0.011843 0.769664 0.020957 0.014784
0 0.010949 0.721728 0.018281 0.039872
0 0.010900 0.742784 0.018379 0.042112
0 0.010818 0.774592 0.018542 0.043008
0 0.010792 0.790272 0.018595 0.042112
0 0.010771 0.792512 0.018637 0.045248
0 0.010677 0.811776 0.018824 0.061376
0 0.010676 0.829248 0.018827 0.043008
0 0.011768 0.812672 0.021107 0.015232
0 0.010637 0.839104 0.018905 0.062272
0 0.011040 0.088704 0.018098 0.047488
0 0.012103 0.083776 0.020437 0.015232
0 0.011937 0.110208 0.020769 0.018816
0 0.010851 0.034496 0.018476 0.043904
0 0.011041 0.104384 0.018096 0.036736
0 0.010795 0.047488 0.018588 0.037184
0 0.010810 0.045248 0.018558 0.037632
0 0.012109 0.885248 0.020425 0.011200
0 0.012097 0.136640 0.020448 0.021952
0 0.011415 0.301056 0.021812 0.014784
0 0.011528 0.450240 0.021588 0.014784
0 0.010773 0.082880 0.018633 0.009408
0 0.010875 0.031808 0.018429 0.047488
0 0.011977 0.157696 0.020688 0.014784
0 0.010834 0.047488 0.018511 0.054656
0 0.010833 0.078400 0.018513 0.021056
0 0.011022 0.125888 0.018135 0.047488
0 0.010987 0.125888 0.018205 0.047040
0 0.012065 0.180096 0.020512 0.017024
0 0.011886 0.236544 0.020870 0.023296
0 0.012008 0.187712 0.020627 0.018816
0 0.011986 0.164864 0.020671 0.014784
0 0.010622 0.845376 0.018935 0.061824
0 0.010583 0.852992 0.019012 0.058240
0 0.010547 0.551040 0.019085 0.040320
0 0.010576 0.868672 0.019026 0.025536
0 0.010626 0.687680 0.018926 0.038528
0 0.010643 0.686784 0.018892 0.043904
0 0.010640 0.672000 0.018899 0.059136
0 0.010687 0.667968 0.018805 0.044352
0 0.010704 0.662144 0.018771 0.041216
0 0.010711 0.651840 0.018756 0.038528
0 0.010727 0.646912 0.018724 0.039872
0 0.010737 0.637056 0.018704 0.041216
0 0.010756 0.637056 0.018666 0.040320
0 0.010773 0.635264 0.018633 0.044352
0 0.010791 0.630336 0.018597 0.039872
0 0.010797 0.616000 0.018585 0.041664
0 0.010814 0.613312 0.018550 0.041216
0 0.010843 0.603008 0.018492 0.044352
0 0.010856 0.597632 0.018467 0.044800
0 0.010898 0.607936 0.018382 0.025536
0 0.010874 0.584192 0.018431 0.026432
0 0.010556 0.528192 0.019067 0.058688
0 0.011672 0.526848 0.021300 0.013440
0 0.010617 0.697984 0.018945 0.041664
0 0.010581 0.692160 0.019016 0.057792
0 0.010573 0.717696 0.019033 0.042112
0 0.010397 0.781760 0.019384 0.039872
0 0.010548 0.881216 0.019082 0.039872
0 0.011639 0.870016 0.021366 0.015680
0 0.010510 0.893312 0.019158 0.040320
0 0.010480 0.908544 0.019218 0.045696
0 0.010434 0.911680 0.019310 0.059584
0 0.010321 0.799680 0.019536 0.062720
0 0.010370 0.797440 0.019438 0.041216
0 0.010385 0.792960 0.019408 0.044352
0 0.010415 0.778624 0.019349 0.041664
0 0.010549 0.734272 0.019080 0.041216
0 0.010428 0.771904 0.019322 0.040768
0 0.010426 0.758912 0.019327 0.056896
0 0.010459 0.762496 0.019261 0.040320
0 0.010473 0.756224 0.019233 0.043008
0 0.011595 0.722176 0.021453 0.018816
0 0.010488 0.740992 0.019202 0.060480
0 0.010491 0.726656 0.019196 0.064064
0 0.010531 0.735616 0.019116 0.041216
0 0.010220 0.093632 0.019739 0.025088
