0 0.011731 0.326592 0.021181 0.012544
0 0.011861 0.203840 0.020920 0.036736
0 0.010930 0.254912 0.018319 0.039424
0 0.010809 0.390208 0.018560 0.025088
0 0.010829 0.314048 0.018521 0.025536
0 0.011933 0.289856 0.020776 0.015232
0 0.010830 0.260288 0.018518 0.026432
0 0.010821 0.275968 0.018537 0.031808
0 0.010791 0.348544 0.018597 0.039424
0 0.010574 0.215040 0.019031 0.016128
0 0.010358 0.360640 0.019463 0.092288
0 0.010525 0.109312 0.019128 0.092288
0 0.010553 0.128576 0.019073 0.053760
0 0.010575 0.118720 0.019029 0.094080
0 0.010596 0.112000 0.018986 0.067200
0 0.010593 0.111104 0.018992 0.090496
0 0.010625 0.116032 0.018930 0.095872
0 0.010906 0.310016 0.018366 0.070784
0 0.011879 0.207424 0.020885 0.022400
0 0.011578 0.361088 0.021487 0.022400
0 0.011819 0.180544 0.021005 0.023744
0 0.011207 0.583296 0.022228 0.035840
0 0.011412 0.200704 0.021819 0.018816
0 0.011402 0.204288 0.021839 0.022400
0 0.011452 0.189504 0.021739 0.027776
0 0.011617 0.277312 0.021408 0.022848
0 0.011608 0.251328 0.021426 0.026880
0 0.011595 0.232064 0.021453 0.020160
0 0.011627 0.223552 0.021389 0.012992
0 0.011595 0.207424 0.021454 0.015232
0 0.011583 0.167552 0.021478 0.008512
0 0.011310 0.140672 0.022022 0.016128
0 0.011315 0.052864 0.022014 0.015680
0 0.010380 0.336448 0.019419 0.046592
0 0.011508 0.379008 0.021627 0.039872
0 0.011835 0.178304 0.020973 0.023296
0 0.010666 0.137984 0.018847 0.094080
0 0.010684 0.150528 0.018810 0.093184
0 0.010796 0.327040 0.018586 0.028672
0 0.010789 0.374528 0.018600 0.026432
0 0.011720 0.577472 0.021202 0.012992
0 0.010569 0.511616 0.019040 0.017920
0 0.011692 0.448448 0.021259 0.017472
0 0.010571 0.473536 0.019036 0.020160
0 0.011690 0.486528 0.021263 0.012544
0 0.011741 0.492800 0.021162 0.015232
0 0.010568 0.528192 0.019042 0.019712
0 0.010565 0.543424 0.019048 0.019712
0 0.010563 0.557760 0.019052 0.017472
0 0.010444 0.566272 0.019290 0.021504
0 0.010446 0.552384 0.019286 0.020160
0 0.010447 0.538048 0.019285 0.019712
0 0.010449 0.524160 0.019280 0.021056
0 0.010441 0.492800 0.019297 0.016576
0 0.010455 0.451136 0.019269 0.014784
0 0.011541 0.455168 0.021561 0.012096
0 0.011545 0.576576 0.021553 0.013888
0 0.010472 0.645120 0.019235 0.018368
0 0.011853 0.524160 0.020937 0.012992
0 0.010828 0.197120 0.018523 0.047040
0 0.010791 0.200704 0.018597 0.092736
0 0.010730 0.175168 0.018718 0.094976
0 0.011784 0.039424 0.021074 0.015680
0 0.011935 0.103040 0.020773 0.015680
0 0.011852 0.621824 0.020939 0.019712
0 0.010769 0.550144 0.018640 0.028672
0 0.010478 0.662592 0.019223 0.016576
0 0.010759 0.527744 0.018660 0.036288
0 0.010769 0.512960 0.018641 0.035840
0 0.010772 0.678720 0.018635 0.090048
0 0.010628 0.696192 0.018922 0.027776
0 0.011554 0.736512 0.021535 0.017920
0 0.011556 0.676480 0.021530 0.013888
0 0.010286 0.662592 0.019606 0.100352
0 0.010261 0.684096 0.019656 0.094080
0 0.010206 0.715904 0.019767 0.099008
0 0.011295 0.267904 0.022052 0.015680
0 0.011550 0.142912 0.021542 0.013888
0 0.011505 0.126336 0.021633 0.023744
0 0.011513 0.142016 0.021618 0.016128
0 0.011512 0.105280 0.021619 0.021056
0 0.011504 0.108416 0.021636 0.028672
0 0.011483 0.107968 0.021678 0.023296
0 0.011475 0.117376 0.021693 0.030912
0 0.011558 0.172032 0.021527 0.022400
0 0.011543 0.176064 0.021558 0.019712
0 0.011523 0.179648 0.021596 0.022400
0 0.011512 0.183232 0.021619 0.022400
0 0.011499 0.186368 0.021644 0.020608
0 0.011466 0.193536 0.021711 0.019712
0 0.011478 0.189504 0.021687 0.022848
0 0.011292 0.230720 0.022059 0.033600
0 0.011565 0.294784 0.021514 0.023296
0 0.011514 0.351232 0.021614 0.023744
0 0.011518 0.307328 0.021607 0.026880
0 0.011570 0.363328 0.021503 0.021504
0 0.011595 0.338240 0.021453 0.025088
0 0.011607 0.331520 0.021429 0.023744
0 0.011543 0.349888 0.021558 0.022400
0 0.011600 0.282688 0.021443 0.023744
0 0.011502 0.308224 0.021638 0.020608
0 0.011582 0.288960 0.021479 0.023296
0 0.011554 0.367360 0.021534 0.020608
0 0.011531 0.301952 0.021582 0.022848
0 0.011590 0.359744 0.021462 0.021504
0 0.011616 0.356608 0.021411 0.023744
0 0.011627 0.351232 0.021388 0.022848
0 0.011585 0.339584 0.021473 0.025088
0 0.011565 0.342272 0.021512 0.022848
0 0.011544 0.300160 0.021554 0.023744
0 0.011298 0.280000 0.022046 0.015232
0 0.011296 0.292992 0.022051 0.017472
0 0.010176 0.713216 0.019826 0.099008
0 0.011295 0.311360 0.022052 0.019712
0 0.010285 0.854336 0.019608 0.054656
0 0.010581 0.896896 0.019017 0.051968
0 0.010185 0.862848 0.019809 0.047040
0 0.010159 0.732032 0.019861 0.074368
0 0.010091 0.756672 0.019997 0.016128
0 0.010066 0.742336 0.020047 0.025536
0 0.011349 0.688128 0.021946 0.021056
0 0.010452 0.781312 0.019274 0.036288
0 0.011256 0.701568 0.022131 0.018368
0 0.010245 0.711872 0.019690 0.072128
0 0.010338 0.732032 0.019502 0.070336
0 0.010358 0.716352 0.019462 0.049280
0 0.010320 0.706496 0.019539 0.067200
0 0.011426 0.649152 0.021791 0.038976
0 0.010322 0.645120 0.019534 0.061376
0 0.010300 0.812672 0.019579 0.030912
0 0.010353 0.835968 0.019472 0.032704
0 0.010325 0.853440 0.019529 0.053760
0 0.011168 0.289408 0.022307 0.013440
0 0.011280 0.312256 0.022083 0.024192
0 0.011171 0.368256 0.022300 0.017920
0 0.011170 0.348992 0.022302 0.016576
0 0.011170 0.335104 0.022303 0.015680
0 0.011170 0.320768 0.022303 0.017472
0 0.011169 0.305984 0.022305 0.017472
0 0.011167 0.276416 0.022308 0.017920
0 0.010341 0.867328 0.019497 0.054656
0 0.011167 0.259840 0.022308 0.015232
0 0.011601 0.020160 0.021442 0.010304
0 0.010431 0.893760 0.019317 0.056000
0 0.010416 0.887488 0.019347 0.054656
0 0.010374 0.877184 0.019431 0.053760
0 0.010362 0.871360 0.019455 0.053760
0 0.010454 0.434112 0.019271 0.016576
