0 0.011046 0.776832 0.018086 0.086016
0 0.010892 0.413952 0.018394 0.110656
0 0.010792 0.450240 0.018595 0.050176
0 0.010799 0.469504 0.018580 0.053760
0 0.010801 0.491904 0.018577 0.055104
0 0.010811 0.509824 0.018557 0.049280
0 0.010796 0.528640 0.018586 0.064960
0 0.010790 0.277312 0.018599 0.113792
0 0.010730 0.168896 0.018719 0.106176
0 0.010755 0.132160 0.018669 0.094080
0 0.010819 0.244160 0.018541 0.107072
0 0.010947 0.595392 0.018284 0.120512
0 0.011874 0.426496 0.020895 0.038080
0 0.010940 0.678720 0.018300 0.119616
0 0.010896 0.758016 0.018388 0.110656
0 0.010912 0.752192 0.018354 0.112896
0 0.010939 0.774592 0.018301 0.116032
0 0.010953 0.762496 0.018273 0.109760
0 0.012144 0.827008 0.020356 0.050176
0 0.010800 0.699328 0.018579 0.112896
0 0.010779 0.698432 0.018621 0.112896
0 0.010765 0.684544 0.018649 0.107520
0 0.010768 0.433664 0.018643 0.059584
0 0.010743 0.398720 0.018693 0.064960
0 0.011358 0.939904 0.021927 0.032256
0 0.010524 0.177856 0.019130 0.098560
0 0.011428 0.168896 0.021786 0.022400
0 0.011525 0.223104 0.021592 0.047040
0 0.011518 0.240128 0.021608 0.048384
0 0.011507 0.252672 0.021629 0.049280
0 0.010441 0.236544 0.019297 0.094976
0 0.010459 0.219520 0.019260 0.109760
0 0.010465 0.194432 0.019248 0.067200
0 0.011621 0.190400 0.021401 0.048384
0 0.010507 0.191296 0.019164 0.101696
0 0.010537 0.162624 0.019104 0.103936
0 0.010732 0.379456 0.018714 0.068544
0 0.010613 0.161280 0.018953 0.096320
0 0.010644 0.175168 0.018890 0.073920
0 0.010622 0.216832 0.018936 0.083776
0 0.010638 0.234752 0.018903 0.079296
0 0.011762 0.277312 0.021119 0.035840
0 0.010693 0.278208 0.018793 0.066304
0 0.010708 0.292096 0.018763 0.064064
0 0.010720 0.314496 0.018738 0.053760
0 0.010710 0.342720 0.018760 0.069440
0 0.010747 0.694400 0.018684 0.079296
0 0.011779 0.590464 0.021085 0.026880
0 0.011798 0.607040 0.021047 0.026880
0 0.011288 0.662144 0.022066 0.021056
0 0.011454 0.518336 0.021736 0.051520
0 0.010068 0.898688 0.020043 0.072576
0 0.010070 0.960960 0.020039 0.073024
0 0.010063 0.908096 0.020053 0.068544
0 0.011312 0.941248 0.022019 0.027776
0 0.010148 0.982016 0.019882 0.032704
0 0.010064 0.963648 0.020050 0.027776
0 0.010068 0.994112 0.020043 0.013440
0 0.010094 0.990528 0.019990 0.018816
0 0.011540 0.512960 0.021564 0.020160
0 0.011808 0.616896 0.021027 0.027776
0 0.010415 0.529536 0.019348 0.038080
0 0.012188 0.954240 0.020268 0.032704
0 0.011236 0.865536 0.022171 0.030016
0 0.011281 0.891968 0.022080 0.029120
0 0.011335 0.924672 0.021972 0.028224
0 0.011247 0.870912 0.022149 0.033600
0 0.011270 0.885696 0.022103 0.030016
0 0.011312 0.911232 0.022019 0.029120
0 0.011347 0.931392 0.021949 0.030016
0 0.011449 0.495936 0.021746 0.043904
0 0.011429 0.489664 0.021785 0.047936
0 0.011396 0.522816 0.021851 0.021504
0 0.011455 0.461440 0.021732 0.024640
0 0.010576 0.370496 0.019027 0.071680
0 0.010574 0.390208 0.019030 0.065856
0 0.011685 0.382144 0.021272 0.027776
0 0.010537 0.422016 0.019105 0.109760
0 0.010525 0.427840 0.019128 0.094976
0 0.010517 0.448000 0.019144 0.091840
0 0.010493 0.431424 0.019193 0.044800
0 0.010531 0.472192 0.019116 0.043456
0 0.011579 0.537600 0.021486 0.039424
0 0.011592 0.556864 0.021458 0.025536
0 0.011604 0.562688 0.021434 0.028224
0 0.010526 0.581952 0.019127 0.043904
0 0.011661 0.584640 0.021321 0.038080
0 0.010200 0.383488 0.019779 0.061376
0 0.010221 0.397824 0.019736 0.080640
0 0.010228 0.417984 0.019722 0.080192
0 0.010222 0.449792 0.019734 0.067200
0 0.010241 0.453376 0.019696 0.073920
0 0.010263 0.471744 0.019653 0.083776
0 0.011359 0.215040 0.021926 0.024640
