0 0.011551 0.780416 0.021542 0.025088
0 0.010397 0.702912 0.019384 0.074816
0 0.010471 0.546560 0.019237 0.074816
0 0.010461 0.564032 0.019257 0.074816
0 0.010453 0.581504 0.019273 0.073024
0 0.010451 0.600320 0.019277 0.068096
0 0.010445 0.617344 0.019289 0.070336
0 0.010436 0.637952 0.019307 0.077504
0 0.010422 0.652736 0.019335 0.077504
0 0.010415 0.669760 0.019349 0.075264
0 0.010385 0.718144 0.019408 0.076160
0 0.011526 0.660800 0.021592 0.022848
0 0.010377 0.735168 0.019425 0.074816
0 0.010353 0.789824 0.019472 0.079744
0 0.010348 0.806848 0.019482 0.076160
0 0.010333 0.822976 0.019513 0.080640
0 0.010514 0.877184 0.019150 0.074816
0 0.010512 0.819840 0.019155 0.096768
0 0.010525 0.809984 0.019128 0.107520
0 0.010534 0.787136 0.019111 0.108416
0 0.010489 0.512960 0.019201 0.075264
0 0.010497 0.495040 0.019184 0.073920
0 0.010512 0.478464 0.019155 0.067200
0 0.010517 0.463232 0.019144 0.073920
0 0.010379 0.124544 0.019421 0.058688
0 0.010359 0.137088 0.019460 0.064960
0 0.010349 0.153664 0.019481 0.061376
0 0.010301 0.239680 0.019576 0.072576
0 0.010295 0.257152 0.019589 0.068096
0 0.010271 0.304640 0.019636 0.062272
0 0.010252 0.321216 0.019674 0.068544
0 0.010244 0.340480 0.019690 0.066752
0 0.010241 0.402752 0.019696 0.066752
0 0.010622 0.314944 0.018935 0.059136
0 0.010571 0.339584 0.019036 0.077504
0 0.010560 0.355712 0.019058 0.076160
0 0.010562 0.370496 0.019055 0.063616
0 0.010540 0.387072 0.019099 0.073024
0 0.010550 0.407232 0.019079 0.059136
0 0.010539 0.422016 0.019100 0.058688
0 0.010525 0.444416 0.019128 0.073920
0 0.010541 0.763392 0.019098 0.110656
0 0.010595 0.640640 0.018989 0.109760
0 0.010625 0.585536 0.018928 0.107520
0 0.011989 0.673344 0.020666 0.031360
0 0.012226 0.892416 0.020192 0.026432
0 0.012246 0.959168 0.020151 0.029120
0 0.012234 0.947968 0.020174 0.029120
0 0.012253 0.929600 0.020136 0.030912
0 0.011933 0.413504 0.020777 0.028672
0 0.011705 0.750400 0.021233 0.030016
0 0.011684 0.728000 0.021276 0.030912
0 0.011665 0.702464 0.021312 0.030912
0 0.011718 0.686784 0.021207 0.033600
0 0.011744 0.627200 0.021154 0.032704
0 0.011803 0.445312 0.021037 0.027776
0 0.011775 0.506688 0.021093 0.038976
0 0.011434 0.400960 0.021774 0.025088
0 0.011391 0.355712 0.021861 0.025536
0 0.011442 0.293888 0.021758 0.025088
0 0.011489 0.230272 0.021665 0.026880
0 0.011311 0.658560 0.022022 0.032704
0 0.012220 0.846272 0.020202 0.023296
0 0.012147 0.159936 0.020348 0.030016
0 0.010636 0.568512 0.018906 0.105280
0 0.012182 0.167552 0.020279 0.034944
0 0.010667 0.516096 0.018844 0.103040
0 0.010673 0.493248 0.018833 0.107520
0 0.010712 0.446208 0.018754 0.087808
0 0.010726 0.408128 0.018727 0.102592
0 0.010733 0.385280 0.018713 0.095872
0 0.010845 0.481152 0.018488 0.127232
0 0.011392 0.578368 0.021859 0.030016
0 0.011344 0.612416 0.021954 0.026432
0 0.011379 0.657664 0.021886 0.032256
0 0.011360 0.650496 0.021922 0.032704
0 0.011331 0.720384 0.021981 0.032256
0 0.011493 0.654976 0.021657 0.032704
0 0.011303 0.669760 0.022036 0.024192
0 0.011295 0.682752 0.022052 0.024192
0 0.011292 0.698432 0.022060 0.024192
0 0.001685 0.175168 0.001094 0.038976
0 0.011888 0.260736 0.020866 0.026880
0 0.010370 0.101696 0.019438 0.071680
