0 0.010153 0.603008 0.019873 0.027776
0 0.001072 0.456064 0.002145 0.103936
0 0.000296 0.177856 0.000592 0.092288
0 0.000350 0.174272 0.000699 0.094080
0 0.000473 0.163520 0.000946 0.102592
0 0.000540 0.147392 0.001079 0.095872
0 0.000594 0.155456 0.001188 0.103040
0 0.000661 0.142016 0.001321 0.105280
0 0.000718 0.140672 0.001436 0.119168
0 0.000785 0.122752 0.001571 0.124096
0 0.000850 0.129472 0.001700 0.104384
0 0.000918 0.125440 0.001836 0.124544
0 0.000995 0.126336 0.001991 0.118720
0 0.001067 0.107520 0.002134 0.112000
0 0.001070 0.224448 0.002140 0.111552
0 0.001048 0.334656 0.002096 0.074816
0 0.001072 0.571648 0.002144 0.102592
0 0.010168 0.425600 0.019843 0.031808
0 0.001078 0.687680 0.002155 0.105280
0 0.001076 0.805952 0.002151 0.104384
0 0.000949 0.847168 0.001898 0.105280
0 0.000940 0.491456 0.001879 0.104384
0 0.000937 0.374528 0.001874 0.105728
0 0.000778 0.595392 0.001557 0.077952
0 0.000779 0.490112 0.001557 0.077056
0 0.000657 0.537152 0.001313 0.110208
0 0.000659 0.653632 0.001318 0.109760
0 0.000652 0.396032 0.001304 0.121856
0 0.000450 0.405888 0.000900 0.120064
0 0.000083 0.620480 0.000166 0.138432
0 0.000064 0.444416 0.000127 0.009856
0 0.000264 0.653632 0.000527 0.094528
0 0.000160 0.178304 0.000320 0.137984
