0 0.008472 0.137536 0.014305 0.042560
0 0.007901 0.545216 0.015448 0.003584
0 0.008139 0.225792 0.014971 0.005824
0 0.008138 0.250880 0.014974 0.010752
0 0.008121 0.274176 0.015008 0.008064
0 0.008082 0.317632 0.015087 0.006720
0 0.008025 0.372736 0.015201 0.003136
0 0.008014 0.387072 0.015221 0.008064
0 0.007992 0.402752 0.015266 0.010304
0 0.007942 0.433216 0.015366 0.006720
0 0.007920 0.453376 0.015410 0.006272
0 0.007910 0.473536 0.015431 0.002688
0 0.007912 0.508928 0.015426 0.003136
0 0.007937 0.722624 0.015376 0.005376
0 0.008541 0.116928 0.014167 0.025536
0 0.008291 0.788928 0.014669 0.014784
0 0.008708 0.531776 0.013833 0.044352
0 0.008765 0.521472 0.013721 0.016576
0 0.008607 0.180544 0.014036 0.025984
0 0.008666 0.218624 0.013919 0.011648
0 0.008693 0.248192 0.013864 0.009856
0 0.008639 0.194880 0.013972 0.013888
0 0.008570 0.156352 0.014111 0.032256
0 0.008570 0.144256 0.014110 0.027328
0 0.008567 0.128128 0.014117 0.018368
0 0.008555 0.116928 0.014140 0.018816
0 0.008154 0.205632 0.014941 0.015680
