0 0.011475 0.792960 0.021693 0.005824
0 0.012067 0.714112 0.020509 0.007616
0 0.010718 0.500864 0.018743 0.016128
0 0.011846 0.528640 0.020950 0.007616
0 0.010323 0.451584 0.019533 0.015232
0 0.010317 0.457856 0.019545 0.014336
0 0.010314 0.471296 0.019551 0.019712
0 0.010300 0.497280 0.019578 0.021056
0 0.010233 0.593152 0.019713 0.022848
0 0.011322 0.535360 0.021999 0.006720
0 0.010220 0.535360 0.019738 0.046592
0 0.010173 0.627200 0.019832 0.013888
0 0.011362 0.402752 0.021918 0.010752
0 0.011240 0.616896 0.022163 0.012096
0 0.011277 0.606592 0.022089 0.008512
0 0.011263 0.623616 0.022116 0.009408
0 0.012063 0.718144 0.020517 0.007616
0 0.011458 0.786688 0.021726 0.011200
0 0.012059 0.722624 0.020525 0.007616
0 0.010629 0.688576 0.018921 0.032704
0 0.011399 0.686784 0.021846 0.010752
0 0.011399 0.706944 0.021846 0.008064
0 0.011407 0.692160 0.021829 0.010752
0 0.011443 0.711424 0.021756 0.010752
0 0.011468 0.724864 0.021707 0.008960
0 0.011419 0.764736 0.021806 0.008512
0 0.011220 0.655424 0.022204 0.008512
0 0.011225 0.656320 0.022193 0.008512
0 0.011230 0.658112 0.022183 0.008512
0 0.011249 0.672448 0.022146 0.011200
0 0.011255 0.672896 0.022133 0.009408
0 0.011260 0.674688 0.022124 0.008960
0 0.010717 0.493248 0.018744 0.016576
0 0.010718 0.485632 0.018742 0.016576
0 0.010724 0.480704 0.018730 0.016576
0 0.010751 0.486080 0.018676 0.016128
0 0.010734 0.232512 0.018711 0.019264
0 0.010728 0.240576 0.018722 0.020160
0 0.010724 0.247744 0.018731 0.019264
0 0.010720 0.256256 0.018739 0.016128
0 0.010714 0.262080 0.018750 0.020160
0 0.010709 0.270592 0.018761 0.019712
0 0.010704 0.278656 0.018771 0.020160
0 0.010698 0.286272 0.018782 0.018368
0 0.010694 0.293888 0.018791 0.021056
0 0.010688 0.300608 0.018803 0.021056
0 0.011564 0.268800 0.021514 0.013440
0 0.011557 0.266560 0.021528 0.015680
0 0.010407 0.326144 0.019365 0.019264
0 0.010400 0.322560 0.019379 0.022400
0 0.010413 0.329280 0.019352 0.019264
0 0.010419 0.336000 0.019341 0.015680
0 0.010424 0.338240 0.019330 0.015232
0 0.010353 0.254016 0.019472 0.010304
0 0.010353 0.261632 0.019473 0.011648
0 0.012167 0.562688 0.020308 0.008064
0 0.010776 0.405440 0.018626 0.014784
0 0.010772 0.410816 0.018634 0.014336
0 0.010771 0.418880 0.018636 0.016128
0 0.010760 0.429632 0.018659 0.014784
0 0.010753 0.435456 0.018673 0.015680
0 0.010752 0.442624 0.018675 0.016128
0 0.010745 0.448000 0.018689 0.016128
0 0.010743 0.455616 0.018693 0.015680
0 0.010759 0.473536 0.018661 0.016576
0 0.011264 0.676928 0.022115 0.008512
0 0.011268 0.680512 0.022106 0.008064
0 0.011272 0.682752 0.022098 0.009408
0 0.011296 0.697536 0.022050 0.009856
0 0.011302 0.698880 0.022039 0.008960
0 0.011297 0.707840 0.022048 0.008960
0 0.011290 0.717248 0.022063 0.010752
0 0.011286 0.714560 0.022070 0.008512
0 0.011301 0.710528 0.022041 0.009408
0 0.011307 0.701568 0.022028 0.008512
0 0.011280 0.723520 0.022083 0.010304
0 0.011294 0.719488 0.022054 0.010752
0 0.011311 0.704256 0.022021 0.009408
0 0.011316 0.707392 0.022011 0.008512
0 0.011299 0.723072 0.022045 0.008960
0 0.011305 0.712768 0.022032 0.008512
0 0.011326 0.712768 0.021991 0.008064
0 0.011321 0.710528 0.022002 0.008512
0 0.011331 0.714112 0.021981 0.008960
0 0.011339 0.720384 0.021965 0.008512
0 0.011335 0.716352 0.021972 0.008512
0 0.011323 0.723072 0.021997 0.010304
0 0.011577 0.828352 0.021488 0.010304
0 0.011592 0.836416 0.021458 0.008960
0 0.011597 0.840000 0.021449 0.010304
0 0.011602 0.841344 0.021438 0.009856
0 0.011606 0.846272 0.021430 0.009408
0 0.011611 0.848064 0.021421 0.010752
0 0.011617 0.850304 0.021409 0.010752
0 0.011564 0.849408 0.021516 0.009856
0 0.011568 0.852544 0.021506 0.009856
0 0.011578 0.857472 0.021487 0.009856
0 0.011584 0.858816 0.021474 0.007616
0 0.011291 0.706048 0.022061 0.009856
0 0.011293 0.694848 0.022056 0.009408
0 0.011278 0.684096 0.022088 0.008064
0 0.011288 0.703808 0.022066 0.008512
0 0.011249 0.681408 0.022145 0.008512
0 0.011253 0.683648 0.022136 0.008960
0 0.011258 0.684544 0.022127 0.008960
0 0.011262 0.689024 0.022119 0.008960
0 0.011248 0.692608 0.022147 0.009408
0 0.011253 0.693952 0.022137 0.009408
0 0.011256 0.697536 0.022131 0.008960
0 0.011250 0.707392 0.022143 0.009856
0 0.011267 0.692160 0.022110 0.009408
0 0.011272 0.693056 0.022099 0.009408
0 0.011260 0.702016 0.022123 0.011200
0 0.011267 0.702016 0.022108 0.009408
0 0.011255 0.711424 0.022133 0.008512
0 0.011256 0.718592 0.022130 0.008512
0 0.011281 0.687680 0.022080 0.009856
0 0.011285 0.690368 0.022072 0.009408
0 0.011289 0.692608 0.022066 0.009856
0 0.011275 0.696192 0.022092 0.009856
0 0.011280 0.698880 0.022083 0.008960
0 0.011284 0.700672 0.022075 0.008960
0 0.011272 0.704704 0.022099 0.008512
0 0.011275 0.707840 0.022094 0.008512
0 0.011261 0.710080 0.022121 0.008512
0 0.011265 0.712768 0.022112 0.008960
0 0.011269 0.716352 0.022104 0.008960
0 0.011261 0.721280 0.022122 0.008512
0 0.011263 0.725312 0.022117 0.008512
0 0.011279 0.709184 0.022086 0.009408
0 0.011282 0.712320 0.022078 0.009856
0 0.010736 0.218624 0.018707 0.021952
