0 0.011509 0.280896 0.021626 0.007168
0 0.011562 0.285824 0.021518 0.008512
0 0.012235 0.337792 0.020174 0.017024
0 0.012242 0.474880 0.020159 0.016128
0 0.011518 0.478912 0.021606 0.007168
0 0.011475 0.283584 0.021693 0.007616
0 0.011510 0.301504 0.021624 0.006720
0 0.011507 0.222656 0.021629 0.008064
0 0.011505 0.179648 0.021632 0.006720
0 0.011561 0.203840 0.021520 0.007168
0 0.011473 0.251328 0.021697 0.007168
0 0.011513 0.410816 0.021616 0.007168
0 0.011476 0.226688 0.021691 0.007168
0 0.011507 0.244608 0.021628 0.006720
0 0.011507 0.251776 0.021628 0.006720
0 0.011474 0.259392 0.021695 0.006720
0 0.011511 0.287168 0.021621 0.006720
0 0.011510 0.316736 0.021624 0.007616
0 0.011511 0.371392 0.021621 0.007616
0 0.011517 0.464576 0.021610 0.006272
0 0.012226 0.022400 0.020191 0.016128
0 0.012259 0.875840 0.020125 0.016576
0 0.012254 0.778176 0.020135 0.017920
0 0.012228 0.124096 0.020188 0.016128
0 0.011439 0.519232 0.021766 0.007168
0 0.011440 0.512064 0.021764 0.006720
0 0.011440 0.504896 0.021764 0.006720
0 0.011437 0.482048 0.021768 0.006720
0 0.011438 0.475328 0.021768 0.006720
0 0.011437 0.466816 0.021768 0.006272
0 0.011436 0.458752 0.021770 0.006720
0 0.011435 0.451584 0.021772 0.007168
0 0.011437 0.434112 0.021768 0.016128
0 0.011437 0.393792 0.021768 0.016128
0 0.011435 0.376320 0.021772 0.016128
0 0.011434 0.340480 0.021774 0.016128
0 0.011434 0.318976 0.021775 0.015680
0 0.011433 0.301056 0.021777 0.015232
0 0.011431 0.256256 0.021781 0.016576
0 0.011446 0.211456 0.021751 0.016576
0 0.011428 0.198464 0.021786 0.016576
0 0.011516 0.449344 0.021611 0.007168
0 0.011514 0.403200 0.021614 0.008064
0 0.011491 0.594496 0.021661 0.006720
0 0.003878 0.183232 0.005637 0.141568
0 0.011284 0.080640 0.022076 0.016576
0 0.011203 0.104832 0.022236 0.027776
0 0.011271 0.078400 0.022102 0.014784
0 0.011198 0.079744 0.022246 0.014336
0 0.011187 0.093632 0.022269 0.016128
0 0.011163 0.086016 0.022317 0.006720
0 0.011163 0.078400 0.022317 0.007168
0 0.004217 0.511168 0.004959 0.092288
0 0.015013 0.414848 0.028010 0.323904
0 0.011512 0.395584 0.021618 0.008064
0 0.015260 0.299264 0.027515 0.323008
0 0.007019 0.792064 0.012747 0.287616
0 0.014989 0.793408 0.028058 0.217280
0 0.004612 0.539392 0.008634 0.037184
0 0.004610 0.493248 0.008637 0.037184
0 0.004607 0.419776 0.008644 0.038976
0 0.004606 0.373184 0.008646 0.037632
0 0.004604 0.327488 0.008649 0.037184
0 0.011294 0.080640 0.022055 0.017024
0 0.011360 0.213696 0.021923 0.019712
0 0.011426 0.181440 0.021791 0.014336
0 0.011429 0.217280 0.021785 0.017920
0 0.011512 0.387072 0.021619 0.007616
0 0.011478 0.414848 0.021686 0.008064
0 0.011481 0.398272 0.021680 0.008512
0 0.011478 0.374080 0.021686 0.006720
0 0.011440 0.569856 0.021762 0.006720
0 0.011440 0.561792 0.021763 0.007168
0 0.011440 0.555072 0.021763 0.006272
0 0.011440 0.547456 0.021764 0.007168
0 0.011440 0.540288 0.021764 0.006720
0 0.011440 0.534016 0.021763 0.007168
0 0.011440 0.526400 0.021763 0.006720
0 0.011439 0.497280 0.021766 0.007168
0 0.011439 0.490112 0.021766 0.006720
0 0.011437 0.412160 0.021769 0.014784
0 0.011435 0.357504 0.021773 0.014784
0 0.011430 0.237440 0.021782 0.017024
0 0.011431 0.279104 0.021781 0.017024
0 0.011437 0.612864 0.021768 0.007616
0 0.011491 0.602560 0.021661 0.006720
0 0.011561 0.276864 0.021522 0.007616
0 0.011504 0.172032 0.021635 0.006720
0 0.011507 0.258496 0.021629 0.006720
0 0.011508 0.236992 0.021627 0.006720
0 0.011508 0.230272 0.021627 0.007168
0 0.011506 0.215936 0.021631 0.007616
0 0.011506 0.208768 0.021631 0.007616
0 0.011506 0.201152 0.021631 0.008064
0 0.011505 0.193536 0.021633 0.006720
0 0.011506 0.186368 0.021631 0.006720
0 0.011474 0.242816 0.021695 0.007168
0 0.011517 0.495488 0.021610 0.007168
0 0.011473 0.234752 0.021697 0.008064
0 0.011471 0.218176 0.021702 0.008512
0 0.011472 0.209664 0.021700 0.007168
0 0.011473 0.201600 0.021697 0.006720
0 0.011473 0.192640 0.021697 0.007168
0 0.011470 0.185024 0.021703 0.007168
0 0.011516 0.518784 0.021611 0.008512
0 0.011516 0.510720 0.021611 0.007616
0 0.011507 0.266560 0.021629 0.007168
0 0.011508 0.273280 0.021627 0.007616
0 0.011473 0.267008 0.021697 0.008064
0 0.011473 0.274624 0.021696 0.007168
0 0.011561 0.262080 0.021522 0.008512
0 0.011561 0.253568 0.021520 0.007168
0 0.011562 0.245504 0.021518 0.007168
0 0.011559 0.236992 0.021525 0.007168
0 0.011561 0.228928 0.021522 0.007168
0 0.011560 0.219968 0.021523 0.008064
0 0.011560 0.211904 0.021524 0.007168
0 0.011560 0.195776 0.021524 0.006720
0 0.011562 0.187712 0.021519 0.006720
0 0.011559 0.179648 0.021525 0.006720
0 0.011559 0.170688 0.021525 0.006720
0 0.011509 0.294336 0.021625 0.006720
0 0.011510 0.308672 0.021624 0.006720
0 0.011475 0.317184 0.021692 0.007616
0 0.011476 0.308672 0.021691 0.008064
0 0.011477 0.300608 0.021690 0.007168
0 0.011476 0.292096 0.021691 0.006720
0 0.011518 0.503104 0.021607 0.006720
0 0.011518 0.487872 0.021606 0.006720
0 0.011491 0.610176 0.021662 0.006720
0 0.011437 0.689920 0.021769 0.007168
0 0.011493 0.633472 0.021657 0.007168
0 0.011493 0.641088 0.021656 0.006720
0 0.011493 0.649152 0.021656 0.007168
0 0.011493 0.656320 0.021656 0.007168
0 0.011494 0.672000 0.021655 0.006720
0 0.011495 0.680512 0.021653 0.007168
0 0.011496 0.688128 0.021651 0.007168
0 0.011437 0.650048 0.021769 0.008512
0 0.011439 0.682752 0.021766 0.006720
0 0.011516 0.471744 0.021612 0.007616
0 0.011439 0.675136 0.021765 0.007616
0 0.011438 0.666624 0.021767 0.008064
0 0.011438 0.697536 0.021768 0.008064
0 0.011438 0.658560 0.021767 0.008064
0 0.011437 0.641984 0.021768 0.007168
0 0.011495 0.664384 0.021653 0.006720
0 0.011491 0.625856 0.021660 0.006720
0 0.011490 0.617344 0.021664 0.006720
0 0.011480 0.382592 0.021683 0.006720
0 0.011483 0.390208 0.021678 0.006720
0 0.011481 0.406336 0.021681 0.006720
0 0.011484 0.422912 0.021676 0.006272
0 0.011515 0.456960 0.021614 0.007168
0 0.011517 0.434112 0.021609 0.007616
0 0.011513 0.426496 0.021616 0.006720
0 0.011513 0.418432 0.021617 0.007168
0 0.011513 0.379904 0.021617 0.007168
0 0.011485 0.517888 0.021673 0.007168
0 0.011484 0.510720 0.021674 0.006720
0 0.011484 0.503552 0.021674 0.006720
0 0.011484 0.495488 0.021674 0.006720
0 0.011484 0.488320 0.021674 0.006720
0 0.011484 0.480704 0.021674 0.006272
0 0.011482 0.474432 0.021679 0.008512
0 0.011483 0.466816 0.021677 0.007616
0 0.011484 0.460096 0.021675 0.007168
0 0.011483 0.452032 0.021677 0.006720
0 0.011480 0.444864 0.021683 0.008512
0 0.011483 0.431424 0.021678 0.006720
0 0.004602 0.281344 0.008653 0.037632
