0 0.012024 0.953792 0.020595 0.008064
0 0.011861 0.116480 0.020920 0.017024
0 0.011782 0.119168 0.021079 0.016128
0 0.011750 0.213248 0.021142 0.022848
0 0.011734 0.189056 0.021175 0.020160
0 0.011700 0.167104 0.021242 0.016576
0 0.011688 0.176512 0.021267 0.017472
0 0.011639 0.212352 0.021365 0.017024
0 0.011606 0.215040 0.021430 0.022848
0 0.011467 0.038080 0.021709 0.007616
0 0.011468 0.046592 0.021708 0.008512
0 0.011701 0.072576 0.021241 0.007168
0 0.011702 0.063616 0.021240 0.008064
0 0.011674 0.064064 0.021296 0.008960
0 0.011626 0.104832 0.021391 0.008064
0 0.011621 0.066304 0.021401 0.007616
0 0.011618 0.047936 0.021407 0.010304
0 0.011616 0.030912 0.021410 0.008064
0 0.011530 0.043456 0.021584 0.008064
0 0.011461 0.199360 0.021720 0.020160
0 0.010482 0.891520 0.019214 0.029568
0 0.010424 0.611072 0.019331 0.020608
0 0.010618 0.585984 0.018942 0.058688
0 0.010516 0.653632 0.019146 0.060032
0 0.010525 0.663488 0.019129 0.060480
0 0.011080 0.135296 0.018019 0.054208
0 0.010598 0.190400 0.018982 0.080192
0 0.011805 0.117824 0.021032 0.017472
0 0.011889 0.115136 0.020864 0.018368
0 0.010439 0.210560 0.019300 0.046144
0 0.011919 0.115584 0.020805 0.017024
0 0.012011 0.112000 0.020622 0.017024
0 0.011997 0.112896 0.020649 0.019712
0 0.012110 0.065856 0.020423 0.017472
0 0.012098 0.068992 0.020447 0.018816
0 0.012073 0.069440 0.020497 0.018816
0 0.012085 0.067648 0.020473 0.017024
0 0.012057 0.068096 0.020530 0.017472
0 0.012044 0.067648 0.020555 0.016576
0 0.012030 0.065408 0.020584 0.017024
0 0.012018 0.068992 0.020607 0.017472
0 0.012003 0.070336 0.020638 0.018368
0 0.012094 0.015680 0.020454 0.020160
0 0.012056 0.033152 0.020531 0.018816
0 0.012072 0.012992 0.020499 0.016576
0 0.012055 0.015232 0.020534 0.017920
0 0.012040 0.034944 0.020562 0.017920
0 0.012026 0.032704 0.020591 0.020160
0 0.012030 0.014784 0.020582 0.015232
0 0.012016 0.030912 0.020611 0.018368
0 0.012017 0.016128 0.020609 0.016576
0 0.012005 0.030464 0.020633 0.015232
0 0.012005 0.015232 0.020633 0.013888
0 0.011988 0.014784 0.020666 0.012992
0 0.011972 0.033152 0.020698 0.017472
0 0.011934 0.111552 0.020775 0.021952
0 0.010455 0.209664 0.019269 0.049280
0 0.010439 0.166656 0.019300 0.035840
0 0.012038 0.111552 0.020568 0.017024
0 0.010660 0.426496 0.018859 0.090944
0 0.010563 0.426496 0.019053 0.087808
0 0.010547 0.427840 0.019084 0.088256
0 0.010436 0.453376 0.019307 0.042560
0 0.010418 0.448448 0.019343 0.043008
0 0.010257 0.847616 0.019665 0.075264
0 0.010271 0.844928 0.019637 0.083328
0 0.010301 0.825664 0.019576 0.079744
0 0.010330 0.801472 0.019518 0.080192
0 0.010348 0.774144 0.019482 0.035840
0 0.010363 0.781312 0.019453 0.062720
0 0.010394 0.749056 0.019391 0.033600
0 0.010413 0.737408 0.019353 0.023296
0 0.010427 0.721280 0.019324 0.089152
0 0.010245 0.694848 0.019689 0.019264
0 0.010237 0.598080 0.019705 0.017472
0 0.010237 0.473984 0.019704 0.015680
0 0.010244 0.462336 0.019691 0.014784
0 0.010240 0.449792 0.019698 0.018816
0 0.010233 0.435456 0.019713 0.018368
0 0.010235 0.409024 0.019709 0.022400
0 0.010237 0.354816 0.019705 0.020160
0 0.010226 0.341824 0.019727 0.022400
0 0.010222 0.327040 0.019734 0.018816
0 0.010233 0.312704 0.019714 0.020160
0 0.010233 0.297920 0.019714 0.019712
0 0.010625 0.429184 0.018928 0.085120
0 0.010691 0.430080 0.018797 0.042560
0 0.010377 0.193536 0.019425 0.081536
0 0.010709 0.430528 0.018761 0.084224
0 0.010392 0.188608 0.019394 0.092736
0 0.010883 0.279104 0.018412 0.021952
0 0.010885 0.262080 0.018409 0.013440
0 0.010890 0.388416 0.018399 0.017472
0 0.010892 0.375872 0.018394 0.011200
0 0.010891 0.352576 0.018396 0.015232
0 0.010477 0.333760 0.019225 0.059136
0 0.010447 0.346304 0.019284 0.077952
0 0.010466 0.348992 0.019246 0.073024
0 0.010416 0.344512 0.019347 0.079296
0 0.010418 0.404096 0.019343 0.038080
0 0.010431 0.344064 0.019317 0.030464
0 0.010430 0.316288 0.019319 0.026880
0 0.010608 0.362432 0.018962 0.048384
0 0.010594 0.367808 0.018991 0.038080
0 0.010715 0.324352 0.018748 0.043904
0 0.010701 0.325696 0.018777 0.040320
0 0.010668 0.330624 0.018843 0.046592
0 0.010688 0.327936 0.018803 0.041216
0 0.010705 0.369600 0.018769 0.038528
0 0.010688 0.369152 0.018803 0.038976
0 0.010743 0.312704 0.018692 0.042560
0 0.010748 0.367808 0.018683 0.071680
0 0.010736 0.427840 0.018706 0.090944
0 0.010723 0.434560 0.018732 0.031360
0 0.012026 0.111552 0.020591 0.016576
0 0.012065 0.112000 0.020513 0.017024
0 0.012051 0.934528 0.020541 0.020160
0 0.012004 0.655424 0.020634 0.018816
0 0.011986 0.663936 0.020671 0.017920
0 0.011966 0.674240 0.020711 0.016128
0 0.011948 0.681408 0.020748 0.016576
0 0.011937 0.685440 0.020770 0.014784
0 0.011927 0.689920 0.020789 0.015680
0 0.011814 0.801920 0.021015 0.015232
0 0.011902 0.834176 0.020840 0.014336
0 0.011874 0.830144 0.020896 0.008064
0 0.011872 0.820288 0.020899 0.008064
0 0.011872 0.810432 0.020899 0.008960
0 0.011932 0.817600 0.020779 0.007168
0 0.011932 0.807296 0.020778 0.007616
0 0.011931 0.795648 0.020781 0.008512
0 0.011927 0.785792 0.020789 0.011648
0 0.011921 0.775040 0.020802 0.013888
0 0.011910 0.762048 0.020824 0.012992
0 0.011905 0.752640 0.020833 0.015232
0 0.011804 0.806848 0.021034 0.016576
0 0.011816 0.735168 0.021010 0.016576
0 0.011807 0.739648 0.021029 0.013888
0 0.011799 0.745472 0.021045 0.017024
0 0.011793 0.753536 0.021058 0.013440
0 0.011783 0.759360 0.021077 0.015232
0 0.011765 0.772800 0.021113 0.016576
0 0.011756 0.778624 0.021131 0.016128
0 0.011995 0.661248 0.020652 0.017472
0 0.012015 0.652736 0.020612 0.017024
0 0.011740 0.788928 0.021162 0.016128
0 0.012025 0.649152 0.020592 0.015680
0 0.012049 0.915264 0.020545 0.014784
0 0.012029 0.897344 0.020586 0.015680
0 0.012001 0.891520 0.020642 0.008960
0 0.011966 0.878080 0.020711 0.014336
0 0.011963 0.852096 0.020717 0.013888
0 0.012109 0.822528 0.020425 0.007616
0 0.012107 0.812672 0.020428 0.008064
0 0.012106 0.717696 0.020430 0.008512
0 0.012107 0.728896 0.020428 0.007616
0 0.012109 0.792960 0.020426 0.008064
0 0.012049 0.831040 0.020545 0.007168
0 0.012048 0.822528 0.020548 0.008512
0 0.012048 0.811776 0.020547 0.008064
0 0.012049 0.775488 0.020545 0.007168
0 0.012047 0.766528 0.020550 0.007616
0 0.012046 0.757568 0.020551 0.008960
0 0.012045 0.737408 0.020553 0.007616
0 0.012043 0.727104 0.020557 0.006272
0 0.012106 0.774592 0.020430 0.006720
0 0.012107 0.763840 0.020429 0.006720
0 0.012106 0.745472 0.020430 0.007168
0 0.012102 0.689472 0.020440 0.008064
0 0.012102 0.680064 0.020440 0.007168
0 0.012102 0.668864 0.020440 0.008512
0 0.012049 0.644224 0.020545 0.015232
0 0.011749 0.782656 0.021145 0.013888
0 0.011730 0.795200 0.021183 0.013888
0 0.012090 0.135296 0.020463 0.016576
0 0.012201 0.486080 0.020242 0.012096
0 0.012015 0.205632 0.020613 0.017024
0 0.012006 0.223552 0.020630 0.018368
0 0.011972 0.226240 0.020699 0.018368
0 0.011960 0.225792 0.020722 0.017472
0 0.011995 0.204736 0.020653 0.016576
0 0.011973 0.206528 0.020697 0.015232
0 0.011961 0.206528 0.020721 0.017472
0 0.011949 0.226688 0.020744 0.018816
0 0.011925 0.225344 0.020792 0.016576
0 0.011918 0.163072 0.020807 0.014336
0 0.011929 0.164416 0.020786 0.016128
0 0.011941 0.163520 0.020761 0.015232
0 0.011951 0.163520 0.020741 0.015680
0 0.011970 0.162176 0.020703 0.019264
0 0.011981 0.161280 0.020681 0.015232
0 0.012003 0.161280 0.020636 0.015232
0 0.012014 0.161280 0.020614 0.016576
0 0.012025 0.159488 0.020593 0.014784
0 0.012037 0.161280 0.020570 0.016128
0 0.010978 0.214592 0.018222 0.017024
0 0.012209 0.037184 0.020226 0.019712
0 0.012166 0.173376 0.020312 0.012992
0 0.012095 0.189952 0.020453 0.013440
0 0.012093 0.178304 0.020457 0.015680
0 0.012099 0.156352 0.020445 0.012992
0 0.012025 0.201600 0.020592 0.015232
0 0.012135 0.511168 0.020372 0.010752
0 0.011735 0.873152 0.021173 0.015232
0 0.012107 0.513408 0.020429 0.008512
0 0.011724 0.881216 0.021195 0.015232
0 0.011690 0.904960 0.021263 0.009408
0 0.011638 0.866432 0.021367 0.017920
0 0.011629 0.871808 0.021385 0.017472
0 0.011620 0.879872 0.021403 0.017472
0 0.011571 0.915712 0.021500 0.019712
0 0.011426 0.979328 0.021790 0.016128
0 0.011976 0.697984 0.020692 0.013440
0 0.011984 0.622720 0.020676 0.012992
0 0.012234 0.608832 0.020175 0.017920
0 0.011887 0.719040 0.020869 0.016576
0 0.011848 0.698432 0.020948 0.014336
0 0.011838 0.663936 0.020967 0.014336
0 0.011794 0.630784 0.021056 0.017472
0 0.011623 0.831936 0.021397 0.013888
0 0.011568 0.597632 0.021506 0.007168
0 0.012051 0.551040 0.020540 0.010304
0 0.011057 0.504896 0.018065 0.008064
0 0.012190 0.578368 0.020263 0.011648
0 0.012189 0.538048 0.020264 0.006272
0 0.012158 0.530432 0.020327 0.008512
0 0.012187 0.527744 0.020268 0.009856
0 0.012147 0.542976 0.020350 0.009408
0 0.012127 0.535808 0.020389 0.008960
0 0.012095 0.541184 0.020452 0.013440
0 0.010225 0.271936 0.019729 0.021952
