0 0.010456 0.185024 0.019267 0.075712
0 0.010428 0.177856 0.019323 0.092736
0 0.010440 0.422464 0.019299 0.077952
0 0.010465 0.448000 0.019249 0.120960
0 0.010496 0.547904 0.019187 0.125888
0 0.010493 0.431872 0.019193 0.077504
0 0.010519 0.430080 0.019141 0.082432
0 0.010556 0.447104 0.019066 0.119168
0 0.010585 0.450240 0.019009 0.119168
0 0.010614 0.456064 0.018951 0.125888
0 0.010645 0.458304 0.018888 0.127680
0 0.010671 0.462336 0.018837 0.133056
0 0.010696 0.465472 0.018787 0.136640
0 0.010724 0.458752 0.018731 0.126784
0 0.010748 0.441728 0.018683 0.134848
0 0.010778 0.567168 0.018624 0.119168
0 0.010591 0.194432 0.018997 0.129024
0 0.010616 0.203840 0.018947 0.044352
0 0.010636 0.176064 0.018906 0.047488
0 0.010664 0.166656 0.018850 0.071680
0 0.010505 0.159936 0.019169 0.073024
0 0.010557 0.198912 0.019064 0.120064
0 0.010787 0.820288 0.018605 0.129024
0 0.010764 0.818944 0.018651 0.118272
0 0.010738 0.831040 0.018702 0.092736
0 0.010556 0.825216 0.019066 0.104384
0 0.010408 0.723072 0.019362 0.022400
0 0.010404 0.701568 0.019371 0.019712
0 0.010416 0.663040 0.019347 0.022848
0 0.010765 0.161280 0.018650 0.075712
0 0.010740 0.140224 0.018698 0.058240
0 0.010409 0.399616 0.019360 0.090496
