0 0.016060 0.929152 0.030380 0.011648
0 0.016040 0.554624 0.030420 0.011200
0 0.016127 0.367360 0.030247 0.012992
0 0.016126 0.421568 0.030247 0.017024
0 0.016126 0.344960 0.030247 0.018816
0 0.016111 0.310912 0.030277 0.018368
0 0.016127 0.229824 0.030247 0.011648
0 0.016114 0.229376 0.030273 0.014784
0 0.016113 0.214144 0.030274 0.012544
0 0.016008 0.420672 0.030485 0.015680
0 0.016007 0.476224 0.030486 0.015680
0 0.015996 0.472192 0.030508 0.013888
0 0.016031 0.539840 0.030439 0.011200
0 0.015992 0.553280 0.030515 0.009408
0 0.015783 0.411712 0.030933 0.017024
0 0.015970 0.548800 0.030561 0.007616
0 0.015992 0.434560 0.030515 0.011200
0 0.015999 0.538944 0.030502 0.008960
0 0.015957 0.538944 0.030586 0.009408
0 0.015880 0.562688 0.030740 0.012096
0 0.015898 0.532224 0.030704 0.009856
0 0.015769 0.521024 0.030962 0.015232
0 0.015773 0.494144 0.030954 0.013888
0 0.015785 0.496832 0.030930 0.011648
0 0.015784 0.466368 0.030932 0.017024
0 0.015769 0.456064 0.030962 0.014336
0 0.016219 0.325696 0.030062 0.016128
0 0.016223 0.353472 0.030055 0.014784
0 0.016239 0.340480 0.030023 0.012992
0 0.016237 0.314944 0.030026 0.015232
0 0.016474 0.127680 0.029552 0.016576
0 0.016430 0.143808 0.029640 0.009408
0 0.016432 0.130368 0.029636 0.008960
0 0.016439 0.056000 0.029622 0.005376
0 0.016318 0.056448 0.029865 0.010304
0 0.016370 0.131712 0.029761 0.013888
0 0.016348 0.132608 0.029804 0.007168
0 0.015709 0.080640 0.031082 0.012096
0 0.015844 0.073024 0.030812 0.011648
0 0.015897 0.075264 0.030706 0.010752
0 0.016012 0.070784 0.030476 0.008064
0 0.016167 0.048832 0.030166 0.014784
0 0.016257 0.137536 0.029987 0.011648
0 0.016317 0.135296 0.029866 0.012096
0 0.016246 0.154112 0.030008 0.014336
0 0.016233 0.137088 0.030034 0.013888
0 0.016170 0.152768 0.030160 0.006720
0 0.016174 0.141568 0.030152 0.008064
0 0.016140 0.141568 0.030220 0.009408
0 0.016126 0.193984 0.030248 0.011200
0 0.016128 0.180544 0.030244 0.015680
0 0.016227 0.199808 0.030047 0.017024
0 0.016238 0.204288 0.030024 0.017024
0 0.015783 0.433664 0.030933 0.023296
0 0.015772 0.375872 0.030955 0.018368
0 0.016352 0.257152 0.029797 0.017024
0 0.015705 0.169792 0.031090 0.008064
0 0.016010 0.159936 0.030479 0.009856
0 0.015992 0.146944 0.030517 0.018368
0 0.015981 0.166656 0.030538 0.017024
0 0.015925 0.148288 0.030650 0.016576
0 0.015880 0.163072 0.030740 0.009408
0 0.015876 0.151872 0.030749 0.010752
0 0.015799 0.152768 0.030903 0.015680
0 0.015781 0.155456 0.030937 0.016128
0 0.015782 0.166656 0.030936 0.007616
0 0.015752 0.169344 0.030996 0.009856
0 0.015751 0.157696 0.030997 0.008064
0 0.015688 0.157696 0.031124 0.014784
0 0.015772 0.327488 0.030957 0.017472
0 0.015666 0.643328 0.031168 0.008960
0 0.015666 0.623616 0.031168 0.017024
0 0.015668 0.595840 0.031164 0.019712
0 0.015665 0.560448 0.031170 0.015680
0 0.015667 0.536256 0.031167 0.016576
0 0.015665 0.504448 0.031170 0.017920
0 0.015670 0.479360 0.031160 0.018368
0 0.015668 0.454272 0.031163 0.017024
0 0.015667 0.423808 0.031166 0.017920
0 0.015676 0.288064 0.031149 0.014784
0 0.015676 0.263424 0.031148 0.019712
0 0.016033 0.144256 0.030434 0.014336
0 0.016011 0.226688 0.030479 0.017024
0 0.016010 0.252672 0.030481 0.020160
0 0.015998 0.247296 0.030505 0.015680
0 0.015774 0.301504 0.030952 0.013888
0 0.015774 0.273280 0.030952 0.016576
0 0.015893 0.508928 0.030714 0.013440
0 0.015883 0.518784 0.030734 0.016128
0 0.015875 0.491904 0.030751 0.012096
0 0.015879 0.394688 0.030742 0.012544
0 0.015896 0.435456 0.030708 0.019264
0 0.015885 0.228480 0.030730 0.012544
0 0.015885 0.267008 0.030730 0.015680
0 0.015886 0.290752 0.030728 0.016576
0 0.015881 0.351232 0.030738 0.017024
0 0.015897 0.340928 0.030705 0.015232
0 0.015897 0.296576 0.030705 0.017472
0 0.015897 0.265664 0.030706 0.020608
0 0.015898 0.234304 0.030704 0.023296
0 0.015995 0.410368 0.030509 0.015680
0 0.016007 0.386624 0.030487 0.019712
0 0.016008 0.364224 0.030485 0.017024
0 0.016010 0.329280 0.030480 0.012544
0 0.015997 0.310016 0.030506 0.016576
0 0.016009 0.301504 0.030482 0.015680
0 0.016010 0.271488 0.030479 0.012544
0 0.015998 0.276864 0.030503 0.013888
0 0.016320 0.239232 0.029860 0.006720
0 0.016337 0.256256 0.029827 0.015232
0 0.016057 0.912128 0.030386 0.016128
0 0.015775 0.775488 0.030949 0.017024
0 0.015878 0.738752 0.030745 0.021504
0 0.015889 0.715008 0.030722 0.014784
0 0.015880 0.703808 0.030740 0.015680
0 0.015879 0.684544 0.030742 0.016576
0 0.015893 0.654080 0.030715 0.018368
0 0.015882 0.646464 0.030737 0.017472
0 0.015893 0.618240 0.030714 0.016128
0 0.015882 0.621824 0.030737 0.019712
0 0.015777 0.837312 0.030946 0.017472
0 0.015777 0.800128 0.030946 0.013440
0 0.015761 0.799680 0.030978 0.015680
0 0.015761 0.754432 0.030978 0.009408
0 0.016066 0.669312 0.030367 0.017920
0 0.015730 0.753088 0.031040 0.010304
0 0.015665 0.752192 0.031171 0.009408
0 0.015665 0.681408 0.031170 0.013888
0 0.015766 0.654976 0.030967 0.020608
0 0.015779 0.631232 0.030942 0.015680
0 0.015769 0.540736 0.030962 0.017024
0 0.016027 0.671104 0.030446 0.016576
0 0.015977 0.731136 0.030546 0.017920
0 0.015993 0.712320 0.030514 0.018368
0 0.015993 0.693952 0.030514 0.016128
0 0.016020 0.689472 0.030459 0.016576
0 0.015879 0.798336 0.030742 0.017024
0 0.015875 0.821184 0.030749 0.017024
0 0.015921 0.779968 0.030657 0.012544
0 0.016225 0.645568 0.030050 0.008064
0 0.016075 0.886144 0.030350 0.016576
0 0.016074 0.845824 0.030352 0.013888
0 0.016063 0.826560 0.030373 0.013888
0 0.016043 0.846272 0.030415 0.018368
0 0.015964 0.883008 0.030572 0.009408
0 0.015948 0.924224 0.030603 0.019712
0 0.015935 0.945280 0.030630 0.024192
0 0.015799 0.932736 0.030902 0.018368
0 0.015774 0.919744 0.030953 0.009408
0 0.015760 0.905408 0.030981 0.009408
0 0.015798 0.905408 0.030904 0.008064
0 0.015823 0.906752 0.030854 0.010304
0 0.015854 0.900032 0.030793 0.012544
0 0.015921 0.883008 0.030657 0.011200
0 0.016003 0.840448 0.030495 0.014784
0 0.016035 0.818048 0.030430 0.013440
0 0.016057 0.801472 0.030386 0.009856
0 0.016074 0.776384 0.030352 0.019712
0 0.016151 0.736512 0.030197 0.013888
0 0.016175 0.944832 0.030151 0.020160
0 0.016174 0.885696 0.030152 0.016576
0 0.016175 0.851648 0.030149 0.020608
0 0.016172 0.806400 0.030157 0.022848
0 0.015960 0.646464 0.030580 0.012544
0 0.016176 0.683200 0.030149 0.014336
0 0.016337 0.315392 0.029827 0.017472
0 0.016446 0.429632 0.029608 0.014784
0 0.016608 0.307776 0.029285 0.017024
0 0.016625 0.155456 0.029251 0.018368
0 0.016624 0.219072 0.029252 0.012544
0 0.016612 0.187712 0.029276 0.015680
0 0.016615 0.155008 0.029270 0.014336
0 0.016615 0.133056 0.029270 0.017024
0 0.016224 0.485184 0.030053 0.013888
0 0.016235 0.435904 0.030030 0.017472
0 0.016355 0.522368 0.029789 0.015232
0 0.016334 0.431424 0.029833 0.017024
0 0.016334 0.408128 0.029831 0.017920
0 0.016480 0.400064 0.029539 0.014336
0 0.016201 0.665280 0.030098 0.011200
0 0.016470 0.388416 0.029560 0.018368
0 0.016529 0.332416 0.029441 0.012544
0 0.016486 0.352128 0.029529 0.017024
0 0.016467 0.232960 0.029566 0.010752
0 0.016437 0.235648 0.029625 0.008064
0 0.016409 0.233408 0.029682 0.011648
0 0.016466 0.336896 0.029568 0.008064
0 0.016380 0.340480 0.029739 0.017472
0 0.016373 0.361536 0.029754 0.012544
0 0.016346 0.358848 0.029807 0.008960
0 0.016358 0.333760 0.029785 0.011200
0 0.016622 0.329728 0.029256 0.014336
0 0.016610 0.382592 0.029279 0.017024
0 0.016601 0.402304 0.029298 0.019712
0 0.016591 0.390656 0.029317 0.017472
0 0.016286 0.633472 0.029928 0.012096
0 0.016314 0.630784 0.029872 0.010304
0 0.016373 0.632128 0.029754 0.008064
0 0.016379 0.618688 0.029741 0.013888
0 0.016462 0.698432 0.029576 0.022848
0 0.016145 0.602560 0.030209 0.016128
0 0.016123 0.565376 0.030255 0.018368
0 0.016126 0.542976 0.030247 0.018368
0 0.016120 0.502208 0.030259 0.015680
0 0.016271 0.567168 0.029958 0.016128
0 0.016253 0.566720 0.029994 0.021504
0 0.016234 0.537152 0.030032 0.012544
0 0.016243 0.526848 0.030014 0.018368
0 0.016235 0.507584 0.030030 0.019712
0 0.016226 0.513856 0.030048 0.015232
0 0.016670 0.618688 0.029160 0.028672
0 0.016648 0.525952 0.029204 0.009856
0 0.016691 0.426048 0.029119 0.014336
0 0.016553 0.479360 0.029393 0.017024
0 0.016579 0.453824 0.029343 0.021056
0 0.016571 0.439040 0.029358 0.017920
0 0.016591 0.425152 0.029318 0.017920
0 0.016576 0.422016 0.029348 0.015680
0 0.015671 0.229376 0.031159 0.017920
