0 0.011058 0.890176 0.018063 0.025984
0 0.010531 0.544320 0.019117 0.018816
0 0.010470 0.513856 0.019239 0.022848
0 0.010472 0.527296 0.019235 0.022848
0 0.010474 0.538048 0.019231 0.022400
0 0.010471 0.553280 0.019236 0.022400
0 0.010474 0.562688 0.019230 0.021952
0 0.010475 0.577024 0.019229 0.023296
0 0.010531 0.520576 0.019117 0.020160
0 0.010531 0.532224 0.019116 0.020608
0 0.010530 0.555520 0.019118 0.018368
0 0.011059 0.879872 0.018061 0.024640
0 0.010534 0.581952 0.019110 0.019712
0 0.010535 0.594944 0.019108 0.020160
0 0.010536 0.608832 0.019106 0.019264
0 0.010535 0.619136 0.019108 0.020160
0 0.010556 0.509824 0.019067 0.021952
0 0.010556 0.523264 0.019067 0.021056
0 0.010554 0.538048 0.019070 0.020608
0 0.010558 0.546560 0.019062 0.021504
0 0.010456 0.622720 0.019267 0.021056
0 0.010457 0.610624 0.019265 0.021056
0 0.010456 0.598080 0.019267 0.020608
0 0.010454 0.585088 0.019272 0.021056
0 0.010373 0.612864 0.019433 0.021056
0 0.010371 0.624512 0.019436 0.021056
0 0.010386 0.520128 0.019407 0.022848
0 0.010388 0.531776 0.019402 0.023296
0 0.010391 0.541184 0.019397 0.023744
0 0.010390 0.555072 0.019399 0.023744
0 0.010388 0.569856 0.019403 0.023296
0 0.010392 0.580160 0.019395 0.023296
0 0.010391 0.592704 0.019397 0.023296
0 0.010391 0.605696 0.019397 0.022400
0 0.010392 0.618240 0.019395 0.022400
0 0.010393 0.631232 0.019393 0.023296
0 0.010452 0.522816 0.019274 0.020160
0 0.010449 0.533568 0.019280 0.021056
0 0.010450 0.544768 0.019278 0.021952
0 0.010452 0.558656 0.019274 0.021056
0 0.010455 0.572096 0.019269 0.019712
0 0.010557 0.561792 0.019065 0.020608
0 0.010556 0.574336 0.019066 0.021952
0 0.010556 0.586880 0.019067 0.021504
0 0.010701 0.560000 0.018776 0.021056
0 0.010705 0.599872 0.018769 0.020160
0 0.010704 0.610624 0.018770 0.020160
0 0.010717 0.506240 0.018744 0.022848
0 0.010720 0.516992 0.018738 0.022400
0 0.010722 0.541632 0.018735 0.022400
0 0.010722 0.556416 0.018735 0.020608
0 0.010722 0.567168 0.018735 0.020160
0 0.010722 0.580608 0.018735 0.021056
0 0.010723 0.592704 0.018732 0.021056
0 0.010724 0.604352 0.018731 0.021504
0 0.010725 0.617344 0.018729 0.021056
0 0.010786 0.557312 0.018606 0.022400
0 0.010787 0.569856 0.018605 0.021056
0 0.010787 0.582848 0.018604 0.021952
0 0.010788 0.594496 0.018603 0.021952
0 0.010790 0.608384 0.018598 0.019712
0 0.010804 0.535808 0.018571 0.026432
0 0.010706 0.586880 0.018767 0.020160
0 0.010702 0.550592 0.018774 0.021056
0 0.010559 0.598080 0.019060 0.023296
0 0.010703 0.538496 0.018772 0.021056
0 0.010565 0.605248 0.019048 0.021952
0 0.010559 0.625856 0.019061 0.021504
0 0.010616 0.515648 0.018946 0.021952
0 0.010616 0.527296 0.018946 0.021056
0 0.010616 0.538496 0.018946 0.020160
0 0.010618 0.552832 0.018942 0.018816
0 0.010617 0.563584 0.018944 0.020160
0 0.010618 0.575680 0.018943 0.020160
0 0.010635 0.508928 0.018909 0.022848
0 0.010638 0.519232 0.018902 0.022400
0 0.010637 0.533120 0.018904 0.022848
0 0.010638 0.546112 0.018903 0.021952
0 0.010639 0.559104 0.018901 0.022400
0 0.010641 0.569856 0.018897 0.022400
0 0.010641 0.580160 0.018897 0.022400
0 0.010643 0.594496 0.018893 0.022848
0 0.010703 0.525952 0.018774 0.021056
0 0.010370 0.587776 0.019439 0.021056
0 0.010370 0.575680 0.019439 0.021056
0 0.010370 0.564032 0.019438 0.020160
0 0.010208 0.438144 0.019762 0.021056
0 0.010210 0.460096 0.019758 0.024640
0 0.010210 0.474432 0.019759 0.023296
0 0.010210 0.486976 0.019759 0.023296
0 0.010212 0.497728 0.019755 0.023744
0 0.010215 0.522816 0.019749 0.023296
0 0.010213 0.535808 0.019752 0.022400
0 0.010216 0.558208 0.019746 0.023744
0 0.010215 0.573440 0.019748 0.023296
0 0.010216 0.584640 0.019747 0.021056
0 0.010217 0.597184 0.019745 0.022848
0 0.010189 0.521920 0.019801 0.019712
0 0.010190 0.534464 0.019798 0.020160
0 0.010191 0.545664 0.019797 0.020160
0 0.010196 0.568512 0.019787 0.020608
0 0.010269 0.346304 0.019641 0.021056
0 0.010270 0.358400 0.019639 0.021056
0 0.010271 0.370944 0.019638 0.021056
0 0.010210 0.446208 0.019758 0.023744
0 0.010209 0.424704 0.019761 0.022400
0 0.010271 0.395136 0.019637 0.020160
0 0.010208 0.413056 0.019763 0.021056
0 0.010181 0.335552 0.019817 0.022400
0 0.010182 0.347648 0.019815 0.021056
0 0.010182 0.360192 0.019814 0.021056
0 0.010181 0.373632 0.019816 0.022400
0 0.010183 0.385280 0.019812 0.021504
0 0.010188 0.407680 0.019804 0.018816
0 0.010186 0.420672 0.019806 0.021056
0 0.010185 0.435008 0.019808 0.020608
0 0.010186 0.448000 0.019806 0.020608
0 0.010187 0.470848 0.019805 0.020608
0 0.010190 0.482496 0.019799 0.019264
0 0.010191 0.493696 0.019796 0.020160
0 0.010203 0.337792 0.019772 0.022848
0 0.010204 0.364672 0.019770 0.022400
0 0.010205 0.376768 0.019770 0.021056
0 0.010206 0.387968 0.019767 0.020608
0 0.010206 0.401408 0.019766 0.021952
0 0.010270 0.382592 0.019639 0.021056
0 0.010272 0.408576 0.019635 0.021056
0 0.010369 0.551488 0.019440 0.021504
0 0.010277 0.530432 0.019625 0.021056
0 0.010279 0.555968 0.019620 0.021056
0 0.010281 0.580608 0.019617 0.021952
0 0.010280 0.593152 0.019619 0.021056
0 0.010282 0.606592 0.019614 0.022848
0 0.010294 0.489216 0.019591 0.021056
0 0.010296 0.503104 0.019587 0.021056
0 0.010293 0.513856 0.019592 0.020160
0 0.010297 0.528192 0.019584 0.021056
0 0.010297 0.539840 0.019585 0.021056
0 0.010297 0.551040 0.019584 0.021056
0 0.010297 0.563136 0.019585 0.020608
0 0.010299 0.577920 0.019581 0.021056
0 0.010299 0.588224 0.019580 0.020608
0 0.010298 0.599872 0.019582 0.020608
0 0.010300 0.613760 0.019578 0.021056
0 0.010366 0.524608 0.019446 0.022848
0 0.010369 0.539840 0.019440 0.020608
0 0.010275 0.541184 0.019629 0.022400
0 0.010277 0.519232 0.019625 0.021056
0 0.010272 0.420224 0.019635 0.021056
0 0.010277 0.507136 0.019625 0.021056
0 0.010273 0.432320 0.019633 0.021504
0 0.010273 0.443968 0.019632 0.021056
0 0.010284 0.315840 0.019610 0.021504
0 0.010287 0.328832 0.019605 0.020160
0 0.010288 0.353472 0.019603 0.021056
0 0.010288 0.366016 0.019603 0.021056
0 0.010288 0.377664 0.019602 0.021952
0 0.010288 0.389760 0.019603 0.021056
0 0.010289 0.401856 0.019600 0.021056
0 0.010289 0.413952 0.019601 0.021952
0 0.010290 0.426048 0.019599 0.021056
0 0.010292 0.440384 0.019595 0.020608
0 0.010293 0.452032 0.019593 0.020608
0 0.010290 0.463232 0.019599 0.021056
0 0.010276 0.469504 0.019627 0.021056
0 0.010276 0.482048 0.019627 0.021056
0 0.010276 0.494592 0.019627 0.021056
0 0.010803 0.523264 0.018573 0.025984
0 0.010803 0.512512 0.018573 0.022400
0 0.010803 0.499520 0.018574 0.024192
0 0.010630 0.846272 0.018919 0.025536
0 0.010631 0.872256 0.018916 0.025536
0 0.010645 0.716352 0.018889 0.028224
0 0.010649 0.752192 0.018881 0.027328
0 0.010649 0.764288 0.018880 0.025536
0 0.010650 0.777280 0.018878 0.026880
0 0.010651 0.789376 0.018876 0.027776
0 0.010651 0.802368 0.018876 0.026432
0 0.010653 0.813568 0.018873 0.025984
0 0.010652 0.826560 0.018874 0.025984
0 0.010653 0.839104 0.018873 0.025536
0 0.010653 0.851648 0.018872 0.027328
0 0.010655 0.864192 0.018869 0.026432
0 0.010656 0.877184 0.018867 0.026432
0 0.010707 0.708736 0.018764 0.025984
0 0.010706 0.720384 0.018767 0.025536
0 0.010708 0.743680 0.018763 0.024640
0 0.010706 0.754432 0.018766 0.025088
0 0.010629 0.858816 0.018920 0.026432
0 0.010629 0.834176 0.018920 0.025984
0 0.010711 0.805952 0.018757 0.024640
0 0.010628 0.820288 0.018923 0.025536
0 0.010568 0.766528 0.019042 0.026880
0 0.010568 0.793408 0.019042 0.025536
0 0.010567 0.806848 0.019044 0.025536
0 0.010570 0.817600 0.019038 0.026880
0 0.010570 0.829696 0.019039 0.027328
0 0.010570 0.842688 0.019038 0.025536
0 0.010572 0.853888 0.019035 0.027328
0 0.010574 0.866432 0.019031 0.026880
0 0.010574 0.879424 0.019031 0.026432
0 0.010622 0.711872 0.018934 0.025536
0 0.010624 0.724864 0.018931 0.025536
0 0.010623 0.736064 0.018933 0.025088
0 0.010624 0.748608 0.018931 0.025088
0 0.010627 0.773696 0.018925 0.025536
0 0.010626 0.786240 0.018926 0.022848
0 0.010630 0.798784 0.018919 0.023296
0 0.010628 0.809536 0.018923 0.025984
0 0.010708 0.767872 0.018763 0.025536
0 0.010710 0.817152 0.018758 0.025536
0 0.010566 0.742336 0.019046 0.025984
0 0.010792 0.766080 0.018594 0.025088
0 0.010794 0.803264 0.018591 0.023744
0 0.010793 0.815808 0.018592 0.025536
0 0.010796 0.828352 0.018586 0.025536
0 0.010796 0.851648 0.018587 0.024640
0 0.010810 0.710080 0.018558 0.027776
0 0.010813 0.722176 0.018553 0.026432
0 0.010814 0.733824 0.018550 0.026880
0 0.010816 0.746816 0.018547 0.024192
0 0.010815 0.758912 0.018549 0.025984
0 0.010816 0.771008 0.018547 0.025088
0 0.010816 0.796096 0.018546 0.025536
0 0.010818 0.821184 0.018543 0.025088
0 0.010819 0.845824 0.018542 0.025536
0 0.010819 0.858368 0.018542 0.025088
0 0.011055 0.831936 0.018068 0.025536
0 0.011058 0.853440 0.018063 0.025088
0 0.011057 0.865536 0.018065 0.025536
0 0.010791 0.777280 0.018596 0.026432
0 0.010793 0.754432 0.018593 0.025088
0 0.010713 0.843584 0.018752 0.026432
0 0.010790 0.741440 0.018599 0.022400
0 0.010712 0.854784 0.018754 0.025536
0 0.010714 0.869120 0.018750 0.024640
0 0.010730 0.711424 0.018718 0.026880
0 0.010730 0.725312 0.018718 0.025536
0 0.010732 0.736960 0.018714 0.026432
0 0.010732 0.749952 0.018714 0.025536
0 0.010733 0.759360 0.018713 0.026880
0 0.010734 0.774144 0.018710 0.025536
0 0.010735 0.786688 0.018709 0.026432
0 0.010735 0.809088 0.018708 0.027776
0 0.010736 0.824768 0.018708 0.025088
0 0.010736 0.834176 0.018708 0.027776
0 0.010738 0.859264 0.018703 0.026432
0 0.010739 0.872704 0.018700 0.026432
0 0.010787 0.702464 0.018606 0.025088
0 0.010789 0.716800 0.018601 0.023744
0 0.010790 0.729792 0.018599 0.024640
0 0.010566 0.755776 0.019046 0.027776
0 0.010564 0.730688 0.019050 0.026432
0 0.010872 0.528192 0.018435 0.024640
0 0.010863 0.381696 0.018453 0.023744
0 0.010869 0.401856 0.018441 0.018816
0 0.010374 0.722624 0.019430 0.025088
0 0.010372 0.732480 0.019434 0.025088
0 0.010376 0.748160 0.019426 0.024640
0 0.010374 0.758912 0.019431 0.024640
0 0.010378 0.784896 0.019423 0.025984
0 0.010377 0.796992 0.019424 0.023296
0 0.010397 0.725312 0.019384 0.027328
0 0.010400 0.737408 0.019378 0.026880
0 0.010401 0.749952 0.019376 0.026880
0 0.010399 0.776832 0.019380 0.026432
0 0.010402 0.787136 0.019375 0.025536
0 0.010402 0.800576 0.019374 0.026432
0 0.010402 0.812672 0.019374 0.026432
0 0.010402 0.825664 0.019375 0.025984
0 0.010403 0.836864 0.019373 0.026432
0 0.010404 0.850304 0.019372 0.025984
0 0.010864 0.391552 0.018450 0.022400
0 0.010861 0.367808 0.018457 0.026880
0 0.010380 0.857920 0.019418 0.022400
0 0.010865 0.339136 0.018449 0.026432
0 0.010872 0.540736 0.018435 0.024192
0 0.010872 0.552832 0.018435 0.025536
0 0.010873 0.565376 0.018433 0.024640
0 0.010874 0.577920 0.018431 0.025536
0 0.010873 0.601216 0.018432 0.024640
0 0.010891 0.496384 0.018397 0.028672
0 0.010892 0.519232 0.018394 0.025984
0 0.010895 0.532672 0.018388 0.026880
0 0.010898 0.544320 0.018383 0.026432
0 0.010898 0.580608 0.018382 0.025536
0 0.010899 0.603904 0.018380 0.026432
0 0.010968 0.484736 0.018244 0.027776
0 0.010975 0.490112 0.018228 0.026432
0 0.010977 0.526848 0.018225 0.026880
0 0.010982 0.551040 0.018215 0.021952
0 0.011032 0.515648 0.018115 0.022400
0 0.010863 0.329728 0.018453 0.022400
0 0.010380 0.846272 0.019418 0.025536
0 0.010382 0.870016 0.019415 0.025536
0 0.010547 0.874944 0.019085 0.023296
0 0.010485 0.796992 0.019208 0.026880
0 0.010485 0.822080 0.019208 0.026880
0 0.010487 0.835072 0.019205 0.026432
0 0.010485 0.859712 0.019208 0.026432
0 0.010490 0.870016 0.019199 0.027328
0 0.010491 0.882112 0.019197 0.026880
0 0.010538 0.714112 0.019102 0.025088
0 0.010536 0.725760 0.019106 0.024640
0 0.010538 0.737856 0.019102 0.025088
0 0.010542 0.752640 0.019094 0.025984
0 0.010541 0.763840 0.019096 0.025536
0 0.010543 0.776832 0.019093 0.025536
0 0.010543 0.789376 0.019093 0.024192
0 0.010542 0.801024 0.019094 0.026880
0 0.010544 0.814464 0.019090 0.025088
0 0.010545 0.836416 0.019089 0.023296
0 0.010543 0.849408 0.019093 0.023296
0 0.010548 0.863296 0.019083 0.024192
0 0.010485 0.809536 0.019208 0.025536
0 0.010484 0.785344 0.019211 0.025984
0 0.010381 0.883008 0.019416 0.023744
0 0.010484 0.771904 0.019211 0.025536
0 0.010405 0.861504 0.019370 0.026880
0 0.010405 0.874048 0.019369 0.025984
0 0.010407 0.887040 0.019365 0.026432
0 0.010457 0.730688 0.019264 0.024640
0 0.010457 0.742784 0.019264 0.024640
0 0.010457 0.755328 0.019265 0.026432
0 0.010460 0.768320 0.019259 0.024640
0 0.010459 0.779968 0.019261 0.023296
0 0.010460 0.792064 0.019259 0.024192
0 0.010462 0.805056 0.019255 0.024640
0 0.010462 0.817152 0.019255 0.024640
0 0.010462 0.829248 0.019255 0.025088
0 0.010462 0.841792 0.019254 0.025536
0 0.010462 0.853888 0.019254 0.025536
0 0.010465 0.878976 0.019249 0.023296
0 0.010486 0.742336 0.019206 0.025536
0 0.010482 0.761152 0.019215 0.028224
0 0.010178 0.322560 0.019823 0.024192
