0 0.010249 0.945280 0.019680 0.086464
0 0.011626 0.172928 0.021391 0.024192
0 0.011912 0.566272 0.020819 0.025088
0 0.011919 0.479808 0.020806 0.028672
0 0.011567 0.783104 0.021509 0.012992
0 0.011485 0.688128 0.021673 0.028672
0 0.011208 0.609728 0.022227 0.032704
0 0.012126 0.245056 0.020392 0.026880
0 0.012049 0.191744 0.020545 0.026880
0 0.011949 0.380800 0.020744 0.027776
0 0.011684 0.328832 0.021275 0.013888
0 0.011683 0.122304 0.021277 0.023296
0 0.011716 0.094528 0.021211 0.023296
0 0.011451 0.131264 0.021740 0.027776
0 0.011368 0.935424 0.021908 0.025088
0 0.011432 0.108864 0.021778 0.027776
0 0.011413 0.080640 0.021817 0.027776
0 0.011431 0.135744 0.021781 0.025984
0 0.011399 0.244160 0.021846 0.026880
0 0.011372 0.209216 0.021898 0.027776
0 0.011352 0.182784 0.021939 0.026880
0 0.011337 0.157248 0.021969 0.024192
0 0.011320 0.138880 0.022002 0.023296
0 0.011303 0.116928 0.022037 0.027776
0 0.011289 0.067648 0.022066 0.024192
0 0.011285 0.090496 0.022073 0.026880
0 0.010799 0.609728 0.018581 0.093632
0 0.011882 0.731136 0.020879 0.031360
0 0.012127 0.817600 0.020389 0.029568
0 0.012107 0.820288 0.020428 0.030464
0 0.011413 0.889280 0.021817 0.018816
0 0.011698 0.816704 0.021247 0.013888
0 0.011739 0.806848 0.021164 0.018368
0 0.011786 0.798336 0.021071 0.022400
0 0.012101 0.871360 0.020441 0.016576
0 0.012042 0.857920 0.020559 0.016576
0 0.012051 0.882560 0.020541 0.015680
0 0.012059 0.902720 0.020526 0.012992
0 0.012068 0.920192 0.020506 0.018368
0 0.012035 0.947968 0.020572 0.015680
0 0.012028 0.932736 0.020587 0.017472
0 0.012015 0.913472 0.020613 0.015680
0 0.012001 0.895552 0.020640 0.015680
0 0.011990 0.878976 0.020663 0.013888
0 0.011978 0.859264 0.020687 0.012992
0 0.011965 0.841344 0.020712 0.014784
0 0.011976 0.816256 0.020691 0.026880
0 0.012001 0.814912 0.020642 0.031360
0 0.012019 0.819392 0.020604 0.032704
0 0.012038 0.818944 0.020566 0.033600
0 0.012058 0.816704 0.020527 0.031360
0 0.012071 0.820288 0.020500 0.031808
0 0.012090 0.818944 0.020463 0.033600
0 0.013672 0.567168 0.026227 0.677376
