0 0.012092 0.914368 0.020459 0.032256
0 0.012077 0.853888 0.020490 0.037184
0 0.011215 0.084224 0.022213 0.018816
0 0.011293 0.149184 0.022057 0.018816
0 0.011442 0.060928 0.021760 0.020160
0 0.011455 0.392896 0.021733 0.035840
0 0.011502 0.381696 0.021638 0.029568
0 0.011469 0.453824 0.021705 0.033152
0 0.011562 0.297472 0.021519 0.021056
0 0.011654 0.292992 0.021334 0.015232
0 0.012013 0.035840 0.020617 0.015232
0 0.012020 0.249088 0.020602 0.019712
0 0.012137 0.223552 0.020368 0.017920
0 0.012178 0.334656 0.020287 0.021952
0 0.012089 0.365568 0.020464 0.021056
0 0.012106 0.404992 0.020430 0.025536
0 0.010926 0.455616 0.018326 0.046592
0 0.011963 0.521024 0.020716 0.028672
0 0.011912 0.567168 0.020819 0.032256
0 0.011914 0.618240 0.020814 0.028224
0 0.011849 0.649600 0.020944 0.027328
0 0.011790 0.725760 0.021062 0.018816
0 0.011437 0.479808 0.021769 0.028672
0 0.011486 0.629888 0.021671 0.025536
0 0.011581 0.833280 0.021481 0.031360
0 0.011817 0.920640 0.021008 0.028224
0 0.011935 0.758464 0.020772 0.031360
0 0.013633 0.512960 0.026306 0.562688
