0 0.016126 0.886144 0.030249 0.019264
0 0.016572 0.112896 0.029356 0.017920
0 0.016471 0.397376 0.029558 0.023744
0 0.016356 0.310464 0.029787 0.021504
0 0.016247 0.383040 0.030006 0.030464
0 0.016107 0.365120 0.030286 0.020608
0 0.016030 0.392000 0.030441 0.010752
0 0.015895 0.329728 0.030710 0.015680
0 0.015813 0.330624 0.030874 0.019264
0 0.015659 0.262080 0.031181 0.019264
0 0.016382 0.269248 0.029735 0.012096
0 0.016340 0.254016 0.029820 0.011200
0 0.016541 0.132608 0.029418 0.016576
0 0.016669 0.025088 0.029162 0.018368
0 0.016620 0.008960 0.029261 0.013440
0 0.016550 0.013888 0.029399 0.019712
0 0.016572 0.649600 0.029357 0.013888
0 0.016513 0.081088 0.029473 0.017024
0 0.016421 0.118720 0.029658 0.019264
0 0.016172 0.189952 0.030157 0.016576
0 0.016248 0.041664 0.030004 0.021504
0 0.016160 0.070784 0.030181 0.024640
0 0.016133 0.123648 0.030234 0.014784
0 0.016058 0.207872 0.030383 0.015680
0 0.015951 0.173824 0.030598 0.011648
0 0.015942 0.110208 0.030615 0.019712
0 0.015946 0.033152 0.030607 0.020608
0 0.015839 0.116480 0.030821 0.021504
0 0.015802 0.130368 0.030896 0.021056
0 0.015682 0.045696 0.031136 0.020608
0 0.016630 0.471296 0.029239 0.017024
0 0.016472 0.577920 0.029555 0.024192
0 0.016209 0.863744 0.030083 0.021504
0 0.015935 0.708736 0.030631 0.019264
0 0.016286 0.858816 0.029928 0.015680
0 0.016550 0.796096 0.029399 0.019264
0 0.016535 0.733824 0.029429 0.020608
0 0.016454 0.811328 0.029593 0.016128
0 0.016410 0.713664 0.029680 0.015232
0 0.016356 0.756672 0.029788 0.022400
0 0.016306 0.765632 0.029888 0.015232
0 0.016207 0.739200 0.030086 0.018368
0 0.016165 0.706496 0.030169 0.020608
0 0.016141 0.754432 0.030217 0.017024
0 0.016097 0.793856 0.030307 0.020160
0 0.015895 0.790272 0.030710 0.008512
0 0.015910 0.753088 0.030679 0.018368
0 0.015777 0.691264 0.030946 0.023744
0 0.016456 0.481600 0.029588 0.017024
0 0.015741 0.507584 0.031017 0.017920
0 0.015786 0.451136 0.030929 0.017920
0 0.015864 0.517888 0.030771 0.026432
0 0.016077 0.491904 0.030347 0.017024
0 0.016127 0.561792 0.030246 0.018368
0 0.016145 0.611072 0.030210 0.022848
0 0.016148 0.513408 0.030205 0.017920
0 0.016185 0.597184 0.030130 0.017472
0 0.016218 0.456064 0.030064 0.020608
0 0.016244 0.540736 0.030013 0.022848
0 0.016353 0.629888 0.029793 0.018816
0 0.016379 0.460992 0.029742 0.014784
0 0.016409 0.488320 0.029682 0.016576
0 0.015649 0.139328 0.031202 0.021952
