0 0.011788 0.545664 0.021067 0.008064
0 0.011412 0.321664 0.021819 0.007168
0 0.011210 0.341376 0.022222 0.006720
0 0.011538 0.244160 0.021566 0.007616
0 0.011533 0.249984 0.021577 0.007168
0 0.011525 0.256704 0.021593 0.007616
0 0.011521 0.240128 0.021601 0.007168
0 0.011516 0.245504 0.021611 0.007168
0 0.011500 0.258496 0.021642 0.003136
0 0.011494 0.255808 0.021654 0.007168
0 0.011499 0.282688 0.021646 0.008960
0 0.011492 0.276416 0.021659 0.007168
0 0.011486 0.269248 0.021671 0.007616
0 0.011480 0.262976 0.021683 0.008064
0 0.011472 0.254464 0.021699 0.008064
0 0.011467 0.248640 0.021710 0.006272
0 0.011461 0.242816 0.021720 0.006272
0 0.011456 0.236544 0.021732 0.006720
0 0.011413 0.244160 0.021817 0.007168
0 0.011407 0.249984 0.021829 0.006272
0 0.011392 0.259840 0.021858 0.005824
0 0.011400 0.254464 0.021843 0.005824
0 0.011442 0.331072 0.021759 0.007616
0 0.011436 0.324352 0.021771 0.008064
0 0.011431 0.318976 0.021781 0.005376
0 0.011423 0.310912 0.021797 0.006720
0 0.011418 0.305088 0.021807 0.006720
0 0.011412 0.298816 0.021820 0.007616
0 0.011404 0.291200 0.021834 0.008512
0 0.011204 0.348096 0.022235 0.007616
0 0.011198 0.353472 0.022247 0.007616
0 0.011192 0.359744 0.022258 0.007616
0 0.011368 0.393344 0.021906 0.007616
0 0.011459 0.349440 0.021724 0.008064
0 0.011453 0.343168 0.021737 0.007168
0 0.011448 0.337344 0.021747 0.007168
0 0.011436 0.351680 0.021771 0.004480
0 0.011428 0.353472 0.021787 0.007168
0 0.011408 0.353024 0.021827 0.008960
0 0.011403 0.359296 0.021836 0.006272
0 0.011397 0.364672 0.021848 0.007168
0 0.011391 0.370496 0.021861 0.007168
0 0.011385 0.376768 0.021872 0.007168
0 0.011379 0.382592 0.021885 0.006720
0 0.011374 0.387968 0.021894 0.005824
0 0.011363 0.399168 0.021918 0.006720
0 0.011184 0.367808 0.022275 0.006720
0 0.011365 0.402304 0.021912 0.007616
0 0.011236 0.336896 0.022170 0.007168
0 0.011230 0.343168 0.022182 0.007616
0 0.011224 0.349440 0.022195 0.007168
0 0.011218 0.356160 0.022208 0.007616
0 0.011212 0.361984 0.022219 0.006720
0 0.011205 0.368256 0.022232 0.007616
0 0.011200 0.374080 0.022243 0.007168
0 0.011194 0.380352 0.022255 0.007616
0 0.011188 0.386176 0.022268 0.007168
0 0.011174 0.380800 0.022294 0.007168
0 0.011178 0.374080 0.022286 0.006720
0 0.011418 0.327488 0.021807 0.005824
0 0.011406 0.314944 0.021832 0.007616
0 0.011557 0.224448 0.021528 0.007168
0 0.011399 0.308224 0.021845 0.007168
0 0.011268 0.282688 0.022106 0.007616
0 0.011274 0.276416 0.022094 0.007168
0 0.011283 0.268352 0.022077 0.007168
0 0.011289 0.261632 0.022064 0.005824
0 0.011295 0.255360 0.022053 0.008064
0 0.011309 0.239680 0.022025 0.007168
0 0.011306 0.225344 0.022031 0.005824
0 0.011303 0.218176 0.022037 0.007168
0 0.011302 0.210560 0.022040 0.006720
0 0.011301 0.200256 0.022042 0.006272
0 0.011300 0.191296 0.022042 0.007168
0 0.011302 0.183232 0.022040 0.006272
0 0.011303 0.174720 0.022037 0.008960
0 0.011419 0.237440 0.021805 0.007616
0 0.011423 0.229376 0.021797 0.008512
0 0.011425 0.188608 0.021792 0.008064
0 0.011429 0.184128 0.021784 0.008064
0 0.011425 0.172928 0.021792 0.007616
0 0.011431 0.174272 0.021782 0.006720
0 0.011427 0.165312 0.021789 0.007168
0 0.011422 0.156800 0.021798 0.007616
0 0.011422 0.164864 0.021799 0.006720
0 0.011417 0.156352 0.021810 0.008064
0 0.011418 0.150080 0.021807 0.006272
0 0.011528 0.233408 0.021588 0.006720
0 0.011534 0.227136 0.021575 0.007168
0 0.011545 0.237440 0.021552 0.005824
0 0.011262 0.289408 0.022118 0.005824
0 0.011256 0.295680 0.022131 0.006272
0 0.011249 0.301952 0.022145 0.007168
0 0.011253 0.319872 0.022136 0.007616
0 0.011393 0.301952 0.021857 0.007168
0 0.011393 0.278656 0.021857 0.007168
0 0.011390 0.268800 0.021863 0.008512
0 0.011372 0.278656 0.021899 0.007168
0 0.011367 0.271936 0.021909 0.005824
0 0.011360 0.266560 0.021923 0.005824
0 0.011352 0.263872 0.021939 0.004032
0 0.011344 0.261184 0.021956 0.005376
0 0.011336 0.258048 0.021970 0.005376
0 0.011329 0.254464 0.021985 0.005824
0 0.011320 0.253568 0.022002 0.005824
0 0.011243 0.329728 0.022157 0.008064
0 0.011261 0.311808 0.022121 0.007616
0 0.011243 0.308672 0.022156 0.005376
0 0.011270 0.304192 0.022104 0.006720
0 0.011277 0.297024 0.022090 0.006272
0 0.011282 0.290752 0.022079 0.007168
0 0.011289 0.284480 0.022065 0.007168
0 0.011294 0.278656 0.022055 0.007168
0 0.011301 0.271936 0.022041 0.006272
0 0.011306 0.266112 0.022030 0.007168
0 0.011307 0.259840 0.022029 0.006720
0 0.011217 0.335104 0.022208 0.006720
0 0.011224 0.328832 0.022196 0.006720
0 0.011231 0.320768 0.022181 0.006720
0 0.011237 0.314496 0.022170 0.006720
0 0.011465 0.356608 0.021713 0.007168
0 0.011471 0.361984 0.021700 0.007168
0 0.011479 0.370048 0.021686 0.008064
0 0.011445 0.357504 0.021752 0.007168
0 0.012192 0.458304 0.020258 0.006272
0 0.012232 0.454272 0.020178 0.008512
0 0.012246 0.450240 0.020150 0.006272
0 0.012222 0.418432 0.020199 0.006720
0 0.012228 0.423808 0.020187 0.005376
0 0.012213 0.409024 0.020217 0.007616
0 0.012201 0.395584 0.020240 0.006720
0 0.012191 0.402304 0.020262 0.007168
0 0.012195 0.388864 0.020252 0.005824
0 0.012189 0.383488 0.020265 0.008064
0 0.012180 0.374976 0.020283 0.008512
0 0.012173 0.382592 0.020297 0.008064
0 0.012173 0.366464 0.020297 0.007616
0 0.012168 0.361088 0.020306 0.006272
0 0.012162 0.363776 0.020320 0.007616
0 0.012243 0.266112 0.020157 0.006720
0 0.012234 0.275968 0.020175 0.007616
0 0.012227 0.282240 0.020188 0.006720
0 0.012221 0.288512 0.020200 0.007168
0 0.012200 0.310016 0.020243 0.008064
0 0.012179 0.310016 0.020286 0.006720
0 0.012184 0.304640 0.020274 0.007168
0 0.012191 0.297024 0.020261 0.008064
0 0.012198 0.290752 0.020247 0.006720
0 0.012205 0.283584 0.020234 0.007616
0 0.012113 0.372288 0.020418 0.006720
0 0.012136 0.327488 0.020371 0.008064
0 0.012188 0.452928 0.020267 0.007168
0 0.012119 0.379904 0.020405 0.006720
0 0.012126 0.386624 0.020391 0.007168
0 0.011961 0.404096 0.020722 0.005824
0 0.011898 0.379904 0.020847 0.008064
0 0.011839 0.363328 0.020965 0.007616
0 0.011853 0.348992 0.020936 0.006272
0 0.011867 0.359296 0.020908 0.006720
0 0.011874 0.351232 0.020894 0.007168
0 0.011870 0.348992 0.020904 0.006720
0 0.011862 0.357056 0.020920 0.007168
0 0.011869 0.341376 0.020905 0.007616
0 0.011861 0.341376 0.020921 0.007168
0 0.011948 0.388416 0.020746 0.006272
0 0.011951 0.393792 0.020741 0.005824
0 0.011956 0.398720 0.020731 0.005824
0 0.011966 0.410816 0.020711 0.006272
0 0.012132 0.392896 0.020380 0.006720
0 0.011983 0.427840 0.020676 0.005824
0 0.011989 0.434112 0.020665 0.006272
0 0.011996 0.441728 0.020651 0.005824
0 0.012003 0.449792 0.020636 0.007616
0 0.012182 0.446656 0.020280 0.008064
0 0.012175 0.439936 0.020292 0.005376
0 0.012169 0.432768 0.020306 0.008064
0 0.012163 0.426496 0.020318 0.006720
0 0.012157 0.420224 0.020329 0.005824
0 0.012151 0.413504 0.020342 0.005824
0 0.012145 0.407680 0.020353 0.006272
0 0.012138 0.400512 0.020367 0.006272
0 0.012130 0.319872 0.020383 0.007168
0 0.012124 0.313600 0.020394 0.007168
0 0.012099 0.357952 0.020446 0.006272
0 0.011512 0.297024 0.021618 0.007168
0 0.011558 0.324352 0.021526 0.007616
0 0.011553 0.317632 0.021537 0.006272
0 0.011547 0.334656 0.021549 0.007168
0 0.011541 0.328384 0.021560 0.006272
0 0.011547 0.311360 0.021549 0.006272
0 0.011540 0.303744 0.021562 0.007168
0 0.011534 0.319872 0.021576 0.007168
0 0.011528 0.314048 0.021587 0.007168
0 0.011534 0.298368 0.021574 0.007168
0 0.011529 0.292096 0.021585 0.007168
0 0.011523 0.307776 0.021598 0.005824
0 0.011517 0.302400 0.021608 0.007168
0 0.011522 0.285376 0.021599 0.007168
0 0.011572 0.338688 0.021499 0.007168
0 0.011517 0.278208 0.021608 0.007616
0 0.011506 0.290752 0.021631 0.007168
0 0.011504 0.397376 0.021635 0.007168
0 0.011498 0.391104 0.021646 0.006720
0 0.011491 0.383488 0.021661 0.007616
0 0.011483 0.397824 0.021677 0.007168
0 0.011485 0.377216 0.021673 0.007616
0 0.011475 0.388416 0.021692 0.006720
0 0.011469 0.382592 0.021704 0.007168
0 0.011464 0.376768 0.021715 0.007168
0 0.011457 0.370048 0.021728 0.008064
0 0.011452 0.363776 0.021740 0.006720
0 0.011565 0.331520 0.021514 0.007168
0 0.011554 0.341824 0.021535 0.007168
0 0.012093 0.352128 0.020456 0.006272
0 0.011973 0.288064 0.020696 0.004480
0 0.012087 0.345856 0.020469 0.005376
0 0.012080 0.339136 0.020483 0.006272
0 0.012074 0.331072 0.020496 0.005376
0 0.012061 0.309120 0.020520 0.006720
0 0.012055 0.311360 0.020534 0.007616
0 0.012044 0.296576 0.020554 0.005824
0 0.012031 0.291200 0.020582 0.004032
0 0.012004 0.286720 0.020634 0.003584
0 0.011988 0.289856 0.020667 0.004480
0 0.011983 0.284928 0.020676 0.004480
0 0.011980 0.297472 0.020684 0.006272
0 0.011976 0.293440 0.020691 0.005824
0 0.011939 0.272384 0.020765 0.007168
0 0.011566 0.354368 0.021511 0.007616
0 0.011941 0.278656 0.020761 0.007168
0 0.011944 0.281344 0.020756 0.008064
0 0.011924 0.292992 0.020796 0.004480
0 0.011928 0.279552 0.020787 0.011648
0 0.011932 0.270592 0.020779 0.008064
0 0.011637 0.332416 0.021369 0.007168
0 0.011628 0.341376 0.021387 0.008960
0 0.011621 0.347648 0.021400 0.007616
0 0.011590 0.357504 0.021463 0.007168
0 0.011580 0.346304 0.021483 0.005824
0 0.011577 0.366912 0.021488 0.007168
0 0.011571 0.360192 0.021500 0.006720
0 0.011552 0.230272 0.021539 0.006720
0 0.011541 0.219968 0.021561 0.006272
0 0.011884 0.394240 0.020874 0.007168
0 0.011406 0.077504 0.021832 0.007168
0 0.011663 0.117824 0.021316 0.008064
0 0.011618 0.142912 0.021408 0.007168
0 0.011624 0.136192 0.021395 0.006272
0 0.011631 0.129024 0.021381 0.007168
0 0.011638 0.121856 0.021366 0.007168
0 0.011645 0.115136 0.021352 0.008064
0 0.011652 0.107968 0.021339 0.006720
0 0.011657 0.102592 0.021329 0.006720
0 0.011652 0.066752 0.021339 0.007616
0 0.011647 0.060928 0.021349 0.005824
0 0.011642 0.054656 0.021359 0.006272
0 0.011635 0.049280 0.021372 0.008064
0 0.011630 0.043008 0.021383 0.007168
0 0.011623 0.035840 0.021397 0.008512
0 0.011618 0.029120 0.021408 0.006272
0 0.011453 0.042112 0.021737 0.007616
0 0.011449 0.051072 0.021745 0.007616
0 0.011445 0.058688 0.021753 0.008064
0 0.011441 0.068544 0.021760 0.007616
0 0.011438 0.077504 0.021768 0.008064
0 0.011433 0.086464 0.021777 0.008512
0 0.011419 0.116928 0.021805 0.007616
0 0.011408 0.141568 0.021827 0.007168
0 0.011391 0.110656 0.021860 0.006272
0 0.011393 0.103936 0.021856 0.007616
0 0.011403 0.093632 0.021837 0.007168
0 0.011397 0.095424 0.021849 0.008960
0 0.011657 0.123648 0.021329 0.007616
0 0.011652 0.130816 0.021340 0.006272
0 0.011644 0.136192 0.021355 0.008512
0 0.011731 0.108864 0.021180 0.006272
0 0.011876 0.053312 0.020891 0.007168
0 0.011879 0.043456 0.020885 0.007168
0 0.011873 0.044800 0.020897 0.007616
0 0.011720 0.139328 0.021202 0.006272
0 0.011714 0.133056 0.021216 0.006720
0 0.011708 0.125888 0.021228 0.007616
0 0.011701 0.119616 0.021240 0.007616
0 0.011761 0.140672 0.021120 0.007616
0 0.011754 0.133952 0.021134 0.007168
0 0.011749 0.127232 0.021146 0.007168
0 0.011743 0.120960 0.021157 0.006720
0 0.011737 0.115136 0.021169 0.007168
0 0.011726 0.103488 0.021191 0.006272
0 0.011638 0.142912 0.021367 0.007168
0 0.011720 0.097216 0.021203 0.007168
0 0.011714 0.090048 0.021215 0.006272
0 0.011701 0.076608 0.021241 0.007168
0 0.011696 0.070336 0.021251 0.006720
0 0.011689 0.063168 0.021266 0.007168
0 0.011677 0.050624 0.021289 0.006720
0 0.011669 0.043008 0.021305 0.007168
0 0.011662 0.035392 0.021320 0.008064
0 0.011657 0.028224 0.021330 0.006720
0 0.011694 0.112000 0.021254 0.007616
0 0.011689 0.106176 0.021264 0.006720
0 0.011682 0.103936 0.021279 0.003136
0 0.011401 0.086016 0.021841 0.007168
0 0.011409 0.068992 0.021825 0.008064
0 0.011547 0.214144 0.021550 0.006272
0 0.011413 0.060480 0.021817 0.008512
0 0.011179 0.051520 0.022285 0.006720
0 0.011178 0.057344 0.022287 0.006720
0 0.011175 0.066752 0.022292 0.007168
0 0.011179 0.085568 0.022285 0.007168
0 0.011185 0.106176 0.022273 0.004928
0 0.011177 0.102592 0.022288 0.005824
0 0.011170 0.099008 0.022303 0.006720
0 0.011163 0.096320 0.022318 0.004928
0 0.006025 0.202944 0.010271 0.049728
0 0.006009 0.219968 0.010303 0.048384
0 0.016677 0.823872 0.029146 0.010304
0 0.016685 0.823872 0.029129 0.044352
0 0.016081 0.788928 0.030337 0.038080
0 0.015714 0.418432 0.031073 0.025536
0 0.015837 0.490560 0.030825 0.037632
0 0.015950 0.614656 0.030599 0.036736
0 0.016332 0.537152 0.029836 0.037632
0 0.016419 0.629888 0.029661 0.028224
0 0.016467 0.029568 0.029567 0.040768
0 0.016212 0.351680 0.030076 0.036736
0 0.016244 0.331072 0.030013 0.013440
0 0.016011 0.118272 0.030477 0.012544
0 0.015981 0.116032 0.030539 0.035840
0 0.015766 0.284480 0.030967 0.015232
0 0.014169 0.231168 0.025233 0.147392
0 0.013816 0.544768 0.025940 0.246400
0 0.013582 0.806400 0.026407 0.176064
0 0.011191 0.086912 0.022261 0.006272
0 0.011197 0.090944 0.022249 0.005376
0 0.011200 0.112896 0.022242 0.005376
0 0.011263 0.142912 0.022117 0.005376
0 0.011417 0.051968 0.021810 0.008064
0 0.011420 0.043904 0.021803 0.007168
0 0.011424 0.037184 0.021794 0.004032
0 0.011313 0.146944 0.022016 0.003136
0 0.011308 0.144704 0.022027 0.005376
0 0.011300 0.163072 0.022042 0.006720
0 0.011289 0.135744 0.022065 0.005824
0 0.011288 0.154112 0.022067 0.004928
0 0.011280 0.150976 0.022082 0.005824
0 0.011272 0.146496 0.022099 0.005376
0 0.011282 0.132608 0.022079 0.004928
0 0.011274 0.129024 0.022094 0.005824
0 0.011268 0.125888 0.022107 0.005376
0 0.011207 0.116480 0.022229 0.006272
0 0.011259 0.121856 0.022125 0.006272
0 0.011252 0.118720 0.022139 0.006720
0 0.011243 0.113792 0.022157 0.005824
0 0.011234 0.110208 0.022175 0.005824
0 0.011226 0.106176 0.022190 0.006720
0 0.011218 0.102592 0.022206 0.005824
0 0.011254 0.139328 0.022135 0.005376
0 0.011246 0.135296 0.022151 0.005376
0 0.011238 0.131712 0.022168 0.005376
0 0.011231 0.128128 0.022182 0.005376
0 0.011222 0.124096 0.022198 0.005376
0 0.011214 0.120064 0.022215 0.004928
0 0.011879 0.062272 0.020884 0.008512
0 0.011882 0.071680 0.020878 0.008064
0 0.011886 0.080192 0.020870 0.006272
0 0.011890 0.088704 0.020863 0.006720
0 0.011821 0.246400 0.021001 0.007168
0 0.011815 0.240128 0.021013 0.006272
0 0.011808 0.233408 0.021027 0.008064
0 0.011801 0.226240 0.021040 0.007616
0 0.011763 0.225792 0.021116 0.007168
0 0.011795 0.219072 0.021053 0.007168
0 0.011707 0.261184 0.021229 0.008512
0 0.011716 0.251776 0.021211 0.007168
0 0.011722 0.245504 0.021198 0.007616
0 0.011729 0.239680 0.021186 0.007168
0 0.011734 0.233856 0.021175 0.006720
0 0.011745 0.223104 0.021153 0.007168
0 0.011755 0.212352 0.021133 0.008064
0 0.011726 0.145600 0.021190 0.007616
0 0.011733 0.152320 0.021178 0.007168
0 0.011739 0.159040 0.021164 0.006272
0 0.011745 0.165760 0.021153 0.007168
0 0.011753 0.172928 0.021138 0.007616
0 0.011767 0.146944 0.021108 0.008512
0 0.011774 0.153664 0.021095 0.006272
0 0.011780 0.172928 0.021082 0.007168
0 0.011789 0.170240 0.021064 0.008064
0 0.011796 0.177408 0.021051 0.007168
0 0.011802 0.183680 0.021038 0.006720
0 0.011808 0.190848 0.021027 0.006720
0 0.011809 0.198464 0.021025 0.005824
0 0.011814 0.196672 0.021014 0.006720
0 0.011828 0.254016 0.020987 0.006720
0 0.011833 0.259840 0.020976 0.007616
0 0.011844 0.271040 0.020954 0.006720
0 0.011598 0.161280 0.021447 0.007168
0 0.011563 0.218624 0.021517 0.007616
0 0.011569 0.213248 0.021506 0.007168
0 0.011575 0.207424 0.021494 0.007168
0 0.011583 0.198912 0.021476 0.007168
0 0.011590 0.191744 0.021463 0.006720
0 0.011567 0.193984 0.021509 0.006272
0 0.011573 0.187712 0.021497 0.005824
0 0.011578 0.181888 0.021486 0.006720
0 0.011592 0.184128 0.021458 0.007168
0 0.011586 0.173376 0.021471 0.006272
0 0.011592 0.168000 0.021459 0.007168
0 0.011606 0.175616 0.021431 0.007168
0 0.011613 0.168448 0.021418 0.007616
0 0.011857 0.284480 0.020929 0.007616
0 0.011619 0.162176 0.021404 0.008064
0 0.011626 0.155008 0.021391 0.008064
0 0.011632 0.149184 0.021378 0.006720
0 0.011661 0.307328 0.021320 0.008064
0 0.011669 0.299712 0.021305 0.007168
0 0.011676 0.292544 0.021292 0.007616
0 0.011867 0.253120 0.020908 0.007616
0 0.011874 0.260288 0.020895 0.008064
0 0.011882 0.268800 0.020880 0.006720
0 0.011888 0.275520 0.020867 0.007168
0 0.011874 0.275072 0.020895 0.008064
0 0.011866 0.293888 0.020911 0.006720
0 0.011819 0.202496 0.021005 0.007168
0 0.011834 0.226688 0.020974 0.006720
0 0.011839 0.222208 0.020966 0.006272
0 0.011953 0.105280 0.020738 0.006272
0 0.012113 0.112000 0.020417 0.007616
0 0.012104 0.121408 0.020435 0.007616
0 0.012097 0.128576 0.020449 0.006720
0 0.012077 0.122752 0.020489 0.006720
0 0.012058 0.130816 0.020527 0.007616
0 0.012071 0.128576 0.020501 0.007616
0 0.012080 0.144704 0.020483 0.008960
0 0.012066 0.157696 0.020510 0.009856
0 0.011972 0.140224 0.020698 0.007168
0 0.011968 0.133056 0.020707 0.007616
0 0.011963 0.125440 0.020716 0.008512
0 0.011956 0.111552 0.020732 0.007616
0 0.011948 0.098112 0.020746 0.005824
0 0.012119 0.080192 0.020406 0.008064
0 0.011945 0.090496 0.020753 0.007168
0 0.011941 0.083328 0.020761 0.006272
0 0.011931 0.060032 0.020781 0.007168
0 0.011928 0.051968 0.020787 0.008064
0 0.011925 0.044352 0.020793 0.007168
0 0.011922 0.035840 0.020799 0.007616
0 0.011919 0.026880 0.020805 0.008064
0 0.011908 0.127232 0.020827 0.007168
0 0.011904 0.119616 0.020834 0.006720
0 0.011905 0.095424 0.020833 0.008064
0 0.011900 0.110656 0.020842 0.007616
0 0.011893 0.098112 0.020856 0.007616
0 0.012112 0.086912 0.020420 0.008064
0 0.012126 0.073024 0.020391 0.005824
0 0.011844 0.227584 0.020956 0.007168
0 0.012023 0.161280 0.020598 0.004480
0 0.011850 0.234304 0.020943 0.005824
0 0.011855 0.239680 0.020933 0.006272
0 0.011860 0.245952 0.020923 0.007168
0 0.011953 0.215040 0.020737 0.008064
0 0.011929 0.164416 0.020784 0.008512
0 0.011947 0.170688 0.020749 0.006720
0 0.012012 0.172928 0.020618 0.004032
0 0.010958 0.242816 0.018262 0.012096
0 0.012077 0.231616 0.020488 0.007168
0 0.012079 0.173376 0.020484 0.006720
0 0.012084 0.178304 0.020475 0.007616
0 0.012030 0.162624 0.020582 0.004032
0 0.012011 0.160832 0.020622 0.003584
0 0.012131 0.067648 0.020380 0.006272
0 0.012002 0.159936 0.020639 0.004032
0 0.010875 0.161280 0.018428 0.004480
0 0.011984 0.159488 0.020675 0.005376
0 0.012122 0.153664 0.020399 0.008064
0 0.012240 0.121856 0.020163 0.006720
0 0.012234 0.115584 0.020175 0.006272
0 0.012231 0.109760 0.020181 0.005824
0 0.012235 0.092288 0.020173 0.007616
0 0.012221 0.102144 0.020201 0.007168
0 0.012175 0.083328 0.020292 0.007168
0 0.011041 0.107520 0.018096 0.023744
0 0.012137 0.061824 0.020369 0.007168
0 0.011891 0.387520 0.020861 0.007168
0 0.011877 0.400960 0.020888 0.007616
0 0.011810 0.614208 0.021024 0.007168
0 0.011845 0.650944 0.020952 0.006272
0 0.012102 0.604352 0.020440 0.007616
0 0.012108 0.598080 0.020426 0.007168
0 0.012113 0.592256 0.020416 0.006720
0 0.011561 0.720384 0.021520 0.007168
0 0.011571 0.710976 0.021501 0.007168
0 0.011577 0.705600 0.021490 0.007168
0 0.011582 0.699776 0.021479 0.006720
0 0.011588 0.693504 0.021467 0.007168
0 0.011617 0.658560 0.021409 0.006720
0 0.011616 0.664832 0.021411 0.007616
0 0.011660 0.649600 0.021322 0.005376
0 0.011678 0.653632 0.021288 0.004032
0 0.011684 0.650496 0.021275 0.004032
0 0.011689 0.655424 0.021265 0.003584
0 0.011698 0.654080 0.021248 0.006720
0 0.011707 0.654528 0.021229 0.004480
0 0.011715 0.654080 0.021213 0.003584
0 0.011766 0.676032 0.021111 0.007168
0 0.011773 0.684544 0.021096 0.007168
0 0.011781 0.692160 0.021081 0.006720
0 0.011791 0.702464 0.021061 0.006720
0 0.011797 0.710528 0.021048 0.008064
0 0.011805 0.716352 0.021034 0.006720
0 0.011818 0.622272 0.021007 0.006272
0 0.011825 0.629888 0.020993 0.006720
0 0.011832 0.637504 0.020978 0.006720
0 0.011839 0.645568 0.020964 0.006272
0 0.012116 0.611520 0.020412 0.007168
0 0.012109 0.617792 0.020424 0.006720
0 0.011878 0.635264 0.020886 0.006720
0 0.011621 0.601664 0.021401 0.008960
0 0.011497 0.707840 0.021649 0.006720
0 0.011505 0.701120 0.021634 0.007168
0 0.011511 0.694400 0.021621 0.006720
0 0.011517 0.687232 0.021610 0.008512
0 0.011523 0.681408 0.021596 0.006720
0 0.011530 0.674688 0.021583 0.007168
0 0.011536 0.668864 0.021571 0.007168
0 0.011542 0.662592 0.021559 0.007616
0 0.011549 0.655872 0.021544 0.006720
0 0.011575 0.628096 0.021492 0.006720
0 0.011586 0.627648 0.021471 0.006272
0 0.011593 0.628096 0.021456 0.005376
0 0.011801 0.583296 0.021040 0.005824
0 0.011885 0.628992 0.020872 0.005824
0 0.011788 0.602560 0.021067 0.005376
0 0.011782 0.607488 0.021078 0.007616
0 0.011771 0.620480 0.021100 0.007616
0 0.011766 0.626304 0.021111 0.007616
0 0.011757 0.633472 0.021129 0.006720
0 0.011899 0.592704 0.020845 0.006272
0 0.011911 0.603008 0.020821 0.006272
0 0.011892 0.599872 0.020859 0.006720
0 0.011885 0.606592 0.020872 0.007168
0 0.011901 0.612416 0.020841 0.007616
0 0.011896 0.617792 0.020851 0.007168
0 0.011891 0.622720 0.020861 0.006720
0 0.011848 0.631232 0.020947 0.006272
0 0.011853 0.660352 0.020937 0.007616
0 0.011990 0.782656 0.020663 0.006720
0 0.011859 0.667072 0.020924 0.006720
0 0.012180 0.637952 0.020284 0.007168
0 0.012216 0.706048 0.020211 0.006272
0 0.012219 0.724864 0.020206 0.007168
0 0.012210 0.727552 0.020222 0.007616
0 0.012205 0.717248 0.020233 0.006720
0 0.012198 0.723520 0.020246 0.006720
0 0.012191 0.732032 0.020262 0.007168
0 0.012203 0.740096 0.020237 0.006720
0 0.012196 0.747264 0.020250 0.007616
0 0.012191 0.753536 0.020262 0.007616
0 0.012185 0.759360 0.020273 0.007168
0 0.012178 0.766080 0.020287 0.007616
0 0.012169 0.775488 0.020305 0.006720
0 0.012162 0.782656 0.020319 0.007616
0 0.012160 0.762496 0.020322 0.006720
0 0.012152 0.792512 0.020339 0.006720
0 0.012137 0.807744 0.020369 0.007616
0 0.012129 0.816256 0.020384 0.007168
0 0.012117 0.828352 0.020409 0.006272
0 0.011982 0.725312 0.020678 0.007168
0 0.011997 0.731584 0.020649 0.007616
0 0.011990 0.737856 0.020662 0.006720
0 0.011984 0.745024 0.020675 0.006272
0 0.011974 0.733376 0.020695 0.007168
0 0.011938 0.727552 0.020767 0.006272
0 0.011943 0.733376 0.020757 0.007616
0 0.011950 0.740096 0.020742 0.006272
0 0.012173 0.630784 0.020296 0.007616
0 0.012167 0.623616 0.020310 0.007616
0 0.012156 0.611968 0.020330 0.007168
0 0.011932 0.720384 0.020778 0.006720
0 0.011864 0.672448 0.020914 0.007616
0 0.011883 0.669760 0.020877 0.007168
0 0.011875 0.683200 0.020893 0.006720
0 0.011881 0.689024 0.020881 0.007616
0 0.011888 0.696640 0.020867 0.007168
0 0.011893 0.702464 0.020857 0.007168
0 0.011905 0.691712 0.020833 0.008064
0 0.011913 0.700224 0.020817 0.006720
0 0.011899 0.708736 0.020845 0.007616
0 0.011905 0.715456 0.020832 0.007616
0 0.011920 0.708288 0.020803 0.006272
0 0.011925 0.714560 0.020792 0.006720
0 0.011989 0.718592 0.020665 0.007168
0 0.012089 0.637504 0.020464 0.008064
0 0.012005 0.702016 0.020632 0.006720
0 0.012014 0.715456 0.020615 0.007616
0 0.012033 0.695744 0.020578 0.006720
0 0.012011 0.696640 0.020621 0.006720
0 0.012023 0.684544 0.020597 0.006720
0 0.012028 0.678720 0.020586 0.006720
0 0.012045 0.683648 0.020552 0.007168
0 0.012053 0.654080 0.020537 0.006272
0 0.012058 0.647808 0.020526 0.006720
0 0.012065 0.664384 0.020513 0.005824
0 0.012071 0.635712 0.020501 0.005376
0 0.012097 0.631232 0.020450 0.007168
0 0.011180 0.525952 0.022282 0.007168
0 0.011182 0.533120 0.022279 0.006272
0 0.011187 0.540288 0.022270 0.007168
0 0.011193 0.540288 0.022257 0.008064
0 0.012105 0.546112 0.020432 0.009856
0 0.011299 0.534464 0.022046 0.007168
0 0.011290 0.525504 0.022063 0.007616
0 0.011295 0.528192 0.022054 0.006720
0 0.011297 0.531328 0.022050 0.006720
0 0.011284 0.499968 0.022075 0.007168
0 0.011277 0.507584 0.022088 0.007168
0 0.011262 0.523264 0.022119 0.008512
0 0.011252 0.531776 0.022138 0.007616
0 0.011489 0.502208 0.021664 0.007168
0 0.011482 0.509376 0.021678 0.007168
0 0.011474 0.517440 0.021694 0.008512
0 0.011461 0.509824 0.021720 0.006720
0 0.011452 0.519680 0.021740 0.007168
0 0.011468 0.524608 0.021707 0.006272
0 0.011460 0.531328 0.021722 0.008512
0 0.011450 0.542528 0.021744 0.006720
0 0.011446 0.525056 0.021752 0.006720
0 0.011441 0.530880 0.021760 0.005824
0 0.011434 0.536704 0.021774 0.006720
0 0.011427 0.544320 0.021789 0.007616
0 0.011413 0.580160 0.021817 0.007616
0 0.011424 0.568512 0.021794 0.006272
0 0.011414 0.557312 0.021814 0.007168
0 0.011407 0.564928 0.021830 0.006720
0 0.011392 0.578816 0.021858 0.007168
0 0.011379 0.591808 0.021885 0.008512
0 0.012085 0.536704 0.020474 0.008064
0 0.012091 0.543872 0.020460 0.006720
0 0.012097 0.549248 0.020449 0.007168
0 0.011954 0.537600 0.020735 0.006720
0 0.011800 0.572992 0.021043 0.007168
0 0.011800 0.564032 0.021043 0.008064
0 0.011801 0.555520 0.021041 0.007168
0 0.011802 0.546560 0.021039 0.008064
0 0.011802 0.538048 0.021040 0.006720
0 0.011801 0.529088 0.021040 0.007168
0 0.010640 0.497728 0.018899 0.016128
0 0.011610 0.571200 0.021423 0.007616
0 0.011983 0.529536 0.020677 0.007168
0 0.011977 0.535360 0.020689 0.007616
0 0.011964 0.525952 0.020715 0.007168
0 0.011969 0.542528 0.020705 0.008064
0 0.011947 0.565824 0.020748 0.007168
0 0.012067 0.517888 0.020509 0.007168
0 0.011942 0.571648 0.020759 0.006272
0 0.011944 0.547456 0.020755 0.007616
0 0.011938 0.552832 0.020767 0.006720
0 0.011933 0.559104 0.020778 0.006720
0 0.011926 0.565376 0.020791 0.007168
0 0.011920 0.571648 0.020802 0.006720
0 0.011935 0.578368 0.020772 0.005376
0 0.011929 0.583744 0.020784 0.005824
0 0.011923 0.590016 0.020797 0.005824
0 0.011917 0.595840 0.020808 0.008064
0 0.011911 0.580608 0.020820 0.005824
0 0.011906 0.586432 0.020831 0.006720
0 0.011377 0.609280 0.021890 0.007616
0 0.011320 0.623616 0.022002 0.006720
0 0.011312 0.619136 0.022019 0.005824
0 0.011227 0.591360 0.022188 0.005824
0 0.011282 0.635264 0.022079 0.005376
0 0.011275 0.630336 0.022094 0.006720
0 0.011267 0.625408 0.022109 0.005824
0 0.011254 0.616000 0.022135 0.005824
0 0.011248 0.610176 0.022148 0.006272
0 0.011240 0.604352 0.022164 0.006720
0 0.011245 0.570304 0.022152 0.007168
0 0.011241 0.563584 0.022162 0.006720
0 0.011237 0.555968 0.022169 0.008064
0 0.011237 0.547456 0.022168 0.006720
0 0.011232 0.579712 0.022179 0.007168
0 0.011233 0.598080 0.022176 0.005824
0 0.011231 0.549248 0.022181 0.007616
0 0.011299 0.644224 0.022044 0.006272
0 0.011225 0.535808 0.022193 0.004032
0 0.011217 0.534464 0.022208 0.007616
0 0.011212 0.526848 0.022218 0.008512
0 0.011208 0.519680 0.022228 0.007168
0 0.011201 0.512064 0.022241 0.008064
0 0.011219 0.583296 0.022205 0.006272
0 0.011213 0.576576 0.022217 0.006272
0 0.011210 0.564928 0.022222 0.007616
0 0.011207 0.569856 0.022228 0.007616
0 0.011201 0.562240 0.022240 0.007168
0 0.011196 0.554624 0.022251 0.007168
0 0.011191 0.547904 0.022260 0.006272
0 0.011290 0.639296 0.022063 0.005376
0 0.011308 0.648704 0.022026 0.006272
0 0.011302 0.614208 0.022038 0.005824
0 0.011412 0.684096 0.021819 0.006272
0 0.011295 0.610176 0.022052 0.006720
0 0.011288 0.605248 0.022067 0.006720
0 0.011281 0.599872 0.022081 0.005376
0 0.011273 0.594048 0.022096 0.006272
0 0.011266 0.588224 0.022111 0.006720
0 0.011396 0.693504 0.021851 0.006272
0 0.011389 0.688576 0.021865 0.006272
0 0.011380 0.682752 0.021883 0.006720
0 0.011374 0.678720 0.021895 0.006272
0 0.011367 0.674688 0.021909 0.005376
0 0.011359 0.670208 0.021924 0.005376
0 0.011351 0.666176 0.021940 0.005376
0 0.011403 0.675584 0.021837 0.006720
0 0.011316 0.652288 0.022010 0.005376
0 0.011419 0.675136 0.021806 0.006720
0 0.011412 0.670208 0.021818 0.005376
0 0.011405 0.663488 0.021833 0.005824
0 0.011396 0.658560 0.021851 0.006272
0 0.011388 0.654080 0.021866 0.005824
0 0.011381 0.650048 0.021882 0.006720
0 0.011258 0.581952 0.022126 0.006272
0 0.011252 0.576128 0.022138 0.007616
0 0.011239 0.524160 0.022165 0.005824
0 0.011341 0.662144 0.021960 0.005376
0 0.011332 0.658560 0.021979 0.005376
0 0.011325 0.655424 0.021993 0.005376
0 0.011983 0.776384 0.020676 0.007616
0 0.011995 0.788480 0.020652 0.007616
0 0.011872 0.407232 0.020900 0.006720
0 0.011524 0.417088 0.021595 0.006720
0 0.011298 0.464128 0.022047 0.007616
0 0.011304 0.458304 0.022035 0.007168
0 0.011310 0.452928 0.022022 0.006272
0 0.011315 0.447104 0.022014 0.008064
0 0.011322 0.439936 0.021999 0.007616
0 0.011334 0.448896 0.021974 0.006720
0 0.011341 0.442624 0.021960 0.006272
0 0.011348 0.435904 0.021947 0.007168
0 0.011355 0.429184 0.021933 0.007168
0 0.011468 0.502656 0.021706 0.008064
0 0.011498 0.493248 0.021646 0.007168
0 0.010364 0.489216 0.019451 0.010752
0 0.011567 0.485632 0.021510 0.006720
0 0.011559 0.478016 0.021525 0.005824
0 0.011553 0.470848 0.021538 0.007168
0 0.011545 0.463232 0.021553 0.006720
0 0.011537 0.459648 0.021570 0.003584
0 0.011527 0.465024 0.021589 0.008512
0 0.011506 0.486528 0.021632 0.007168
0 0.011505 0.465472 0.021633 0.007168
0 0.011511 0.459200 0.021621 0.007168
0 0.011520 0.437248 0.021602 0.007168
0 0.011514 0.430976 0.021615 0.006720
0 0.011515 0.425600 0.021613 0.006720
0 0.011509 0.425152 0.021625 0.006720
0 0.011502 0.418432 0.021638 0.007616
0 0.011511 0.404096 0.021621 0.007168
0 0.011328 0.456064 0.021986 0.007616
0 0.011322 0.462336 0.021999 0.007168
0 0.011316 0.468160 0.022011 0.006272
0 0.011298 0.902272 0.022046 0.006720
0 0.011578 0.916160 0.021487 0.007168
0 0.011580 0.925120 0.021482 0.008064
0 0.011584 0.934528 0.021475 0.006720
0 0.011587 0.943488 0.021469 0.006720
0 0.011590 0.952000 0.021463 0.008064
0 0.011594 0.960064 0.021455 0.007616
0 0.011599 0.969024 0.021445 0.007168
0 0.011602 0.977536 0.021438 0.008064
0 0.011422 0.981568 0.021798 0.007168
0 0.011364 0.918400 0.021916 0.007168
0 0.011315 0.887040 0.022013 0.006272
0 0.011313 0.921088 0.022018 0.007168
0 0.011242 0.993664 0.022158 0.006720
0 0.011308 0.475776 0.022026 0.008064
0 0.011257 0.918400 0.022129 0.006720
0 0.011238 0.908096 0.022167 0.006720
0 0.011223 0.903616 0.022196 0.008064
0 0.011199 0.503552 0.022245 0.008064
0 0.011194 0.492352 0.022255 0.007616
0 0.011190 0.483840 0.022262 0.008064
0 0.011187 0.476224 0.022269 0.006720
0 0.011184 0.467264 0.022275 0.007616
0 0.011180 0.458752 0.022282 0.007168
0 0.011290 0.494592 0.022062 0.007168
0 0.011296 0.488768 0.022051 0.007168
0 0.011302 0.482048 0.022039 0.007616
0 0.011517 0.411712 0.021610 0.007616
0 0.011532 0.427392 0.021578 0.007616
0 0.012002 0.795648 0.020640 0.006720
0 0.011546 0.442624 0.021551 0.007616
0 0.012000 0.490560 0.020642 0.006272
0 0.012008 0.483392 0.020628 0.006272
0 0.012012 0.501312 0.020619 0.006720
0 0.012018 0.494592 0.020607 0.006272
0 0.012250 0.519232 0.020143 0.006272
0 0.012244 0.512512 0.020155 0.006720
0 0.012238 0.505792 0.020168 0.006720
0 0.012231 0.498624 0.020181 0.005376
0 0.012224 0.491456 0.020196 0.006272
0 0.012218 0.484736 0.020207 0.006720
0 0.012199 0.465472 0.020244 0.005824
0 0.011331 0.430976 0.021980 0.006720
0 0.011338 0.423808 0.021966 0.007168
0 0.011344 0.417984 0.021954 0.005824
0 0.011352 0.420224 0.021939 0.006272
0 0.011360 0.423360 0.021923 0.007168
0 0.011365 0.417984 0.021912 0.007168
0 0.011372 0.411264 0.021898 0.006720
0 0.011378 0.406336 0.021887 0.005824
0 0.011382 0.400512 0.021878 0.007168
0 0.011389 0.394240 0.021866 0.008064
0 0.011396 0.386624 0.021850 0.006720
0 0.011403 0.379904 0.021837 0.008064
0 0.011832 0.370048 0.020980 0.007168
0 0.011854 0.424256 0.020934 0.007616
0 0.011860 0.418432 0.020923 0.006720
0 0.011866 0.413504 0.020911 0.006720
0 0.012005 0.507136 0.020633 0.007616
0 0.011998 0.513856 0.020647 0.008064
0 0.011992 0.499072 0.020659 0.007616
0 0.011752 0.471296 0.021139 0.006272
0 0.011552 0.448896 0.021538 0.006720
0 0.011559 0.454720 0.021525 0.007168
0 0.011570 0.467264 0.021503 0.006720
0 0.011575 0.473536 0.021492 0.008064
0 0.011598 0.388864 0.021446 0.006720
0 0.011605 0.395584 0.021433 0.006720
0 0.011612 0.404096 0.021419 0.006720
0 0.011621 0.413504 0.021402 0.007616
0 0.011628 0.419328 0.021387 0.005824
0 0.011633 0.425600 0.021376 0.006272
0 0.011657 0.429184 0.021329 0.007168
0 0.011731 0.458752 0.021182 0.006720
0 0.011799 0.521024 0.021044 0.007616
0 0.011984 0.506240 0.020675 0.007616
0 0.011797 0.511616 0.021049 0.008064
0 0.011793 0.499520 0.021058 0.007616
0 0.011791 0.490112 0.021060 0.008064
0 0.011781 0.433664 0.021080 0.007616
0 0.011773 0.429632 0.021097 0.007616
0 0.011779 0.422912 0.021084 0.007616
0 0.011788 0.415296 0.021067 0.007168
0 0.011811 0.467264 0.021020 0.007168
0 0.011819 0.460096 0.021006 0.008512
0 0.011828 0.451136 0.020987 0.007616
0 0.011972 0.519680 0.020700 0.005824
0 0.011977 0.513408 0.020690 0.007168
0 0.011575 0.907648 0.021493 0.007168
0 0.011571 0.899584 0.021500 0.006720
0 0.011568 0.890624 0.021508 0.007616
0 0.011563 0.881664 0.021517 0.006720
0 0.011764 0.749056 0.021114 0.007616
0 0.011749 0.742784 0.021144 0.006720
0 0.011745 0.748160 0.021152 0.005824
0 0.011759 0.755776 0.021125 0.007168
0 0.011753 0.761600 0.021136 0.006720
0 0.011744 0.770560 0.021155 0.007616
0 0.011738 0.754880 0.021166 0.006720
0 0.011728 0.764736 0.021187 0.007616
0 0.011736 0.778624 0.021171 0.006272
0 0.011721 0.771904 0.021200 0.006272
0 0.011716 0.777728 0.021212 0.006720
0 0.011716 0.798336 0.021211 0.008064
0 0.011710 0.784000 0.021224 0.007168
0 0.011702 0.791168 0.021239 0.007616
0 0.011695 0.798336 0.021254 0.007616
0 0.011708 0.806848 0.021226 0.006720
0 0.011702 0.813120 0.021239 0.007616
0 0.011695 0.820288 0.021253 0.007168
0 0.011689 0.827008 0.021266 0.006720
0 0.011687 0.807744 0.021269 0.006272
0 0.011680 0.814016 0.021283 0.006720
0 0.011673 0.820288 0.021296 0.007616
0 0.011665 0.828352 0.021313 0.008064
0 0.011681 0.834176 0.021281 0.007168
0 0.011674 0.841344 0.021296 0.008064
0 0.011667 0.848064 0.021309 0.007168
0 0.011658 0.835968 0.021326 0.007616
0 0.011772 0.742336 0.021099 0.006720
0 0.011804 0.739200 0.021035 0.009856
0 0.011836 0.773696 0.020970 0.008512
0 0.011823 0.736960 0.020996 0.007616
0 0.011997 0.813568 0.020649 0.006720
0 0.011992 0.807744 0.020659 0.006720
0 0.011971 0.785344 0.020701 0.006272
0 0.011965 0.778624 0.020713 0.007168
0 0.011958 0.771904 0.020726 0.008064
0 0.011946 0.758464 0.020751 0.007168
0 0.011939 0.751296 0.020765 0.008064
0 0.011933 0.744576 0.020778 0.007616
0 0.011927 0.738752 0.020788 0.006720
0 0.011922 0.732480 0.020799 0.007168
0 0.011912 0.724864 0.020818 0.006720
0 0.011830 0.744128 0.020984 0.008064
0 0.011816 0.727552 0.021011 0.006720
0 0.011852 0.790272 0.020938 0.007168
0 0.011555 0.725760 0.021532 0.007616
0 0.011549 0.732032 0.021544 0.007616
0 0.011543 0.739200 0.021557 0.007168
0 0.011537 0.745472 0.021569 0.007168
0 0.011506 0.775040 0.021630 0.008512
0 0.011360 0.749952 0.021924 0.005376
0 0.011359 0.755776 0.021926 0.004928
0 0.011359 0.761152 0.021925 0.004928
0 0.011349 0.751744 0.021946 0.004928
0 0.011346 0.745920 0.021951 0.005376
0 0.011921 0.863296 0.020800 0.007168
0 0.010799 0.854336 0.018581 0.023744
0 0.011644 0.850304 0.021355 0.006720
0 0.011638 0.856128 0.021367 0.007168
0 0.011651 0.865536 0.021341 0.006272
0 0.011781 0.929152 0.021081 0.007168
0 0.011945 0.888832 0.020752 0.006720
0 0.011975 0.920640 0.020692 0.007616
0 0.011970 0.914816 0.020703 0.007616
0 0.011982 0.963648 0.020678 0.005824
0 0.011841 0.889280 0.020960 0.006720
0 0.011836 0.896000 0.020971 0.006720
0 0.011830 0.901824 0.020984 0.007168
0 0.011820 0.888384 0.021003 0.006720
0 0.011823 0.908096 0.020997 0.007168
0 0.011814 0.915712 0.021015 0.010304
0 0.011804 0.927808 0.021036 0.006272
0 0.011793 0.915264 0.021056 0.008064
0 0.011774 0.935872 0.021094 0.007616
0 0.012015 0.962752 0.020612 0.004480
0 0.011761 0.948416 0.021120 0.007168
0 0.011768 0.964544 0.021108 0.005824
0 0.011760 0.971264 0.021123 0.008064
0 0.011754 0.955136 0.021134 0.007616
0 0.011749 0.961856 0.021146 0.007616
0 0.011741 0.968128 0.021161 0.007616
0 0.011736 0.974400 0.021171 0.006272
0 0.011631 0.884800 0.021380 0.007616
0 0.011614 0.879872 0.021414 0.007616
0 0.011623 0.892416 0.021396 0.007168
0 0.011607 0.914368 0.021428 0.006720
0 0.011611 0.924672 0.021421 0.010304
0 0.012009 0.956928 0.020625 0.008960
0 0.012035 0.961408 0.020573 0.006272
0 0.011644 0.871808 0.021355 0.007168
0 0.011487 0.835072 0.021670 0.007616
0 0.011590 0.870912 0.021462 0.008064
0 0.011587 0.862848 0.021469 0.007168
0 0.011582 0.855232 0.021478 0.007168
0 0.011578 0.848064 0.021486 0.007168
0 0.011572 0.839552 0.021498 0.008064
0 0.011567 0.831936 0.021510 0.008064
0 0.011559 0.861056 0.021525 0.008512
0 0.011557 0.869568 0.021530 0.008064
0 0.011551 0.861504 0.021541 0.007168
0 0.011547 0.854336 0.021549 0.007616
0 0.011507 0.801472 0.021628 0.007616
0 0.011496 0.815808 0.021651 0.007616
0 0.011494 0.843584 0.021655 0.008064
0 0.012088 0.888832 0.020466 0.008512
0 0.011407 0.865088 0.021829 0.004480
0 0.011300 0.863744 0.022044 0.007168
0 0.012267 0.900928 0.020109 0.006720
0 0.012254 0.914816 0.020135 0.007168
0 0.012248 0.921088 0.020148 0.007168
0 0.012240 0.928704 0.020162 0.007616
0 0.012234 0.934976 0.020174 0.006272
0 0.012217 0.952000 0.020209 0.006720
0 0.012133 0.957376 0.020377 0.004928
0 0.012123 0.947520 0.020396 0.007168
0 0.012104 0.904064 0.020435 0.006720
0 0.012097 0.897792 0.020448 0.008512
0 0.013524 0.195776 0.026523 0.161280
