0 0.011519 0.217280 0.021605 0.017472
0 0.012040 0.624064 0.020563 0.038976
0 0.011640 0.118272 0.021362 0.018368
0 0.011623 0.069440 0.021396 0.020608
0 0.011648 0.140224 0.021347 0.017472
0 0.011659 0.169344 0.021325 0.017472
0 0.011665 0.191744 0.021313 0.013888
0 0.012204 0.274624 0.020234 0.024640
0 0.012135 0.317632 0.020373 0.025984
0 0.012098 0.339584 0.020447 0.031360
0 0.012050 0.371392 0.020542 0.023744
0 0.011985 0.680512 0.020672 0.034496
0 0.012045 0.650048 0.020552 0.025984
0 0.011964 0.726656 0.020715 0.034496
0 0.011512 0.195328 0.021618 0.015232
0 0.011955 0.770560 0.020732 0.037632
0 0.012024 0.768320 0.020595 0.035840
0 0.011830 0.752640 0.020983 0.032256
0 0.011507 0.692608 0.021629 0.035840
0 0.011468 0.713216 0.021707 0.029120
0 0.011374 0.749056 0.021895 0.029120
0 0.011314 0.779072 0.022015 0.026880
0 0.011231 0.818496 0.022180 0.025984
0 0.011282 0.920640 0.022079 0.024640
0 0.011482 0.107072 0.021678 0.012992
0 0.011502 0.168448 0.021639 0.017472
0 0.013713 0.591808 0.026146 0.505344
