0 0.004479 0.482496 0.008900 0.135744
0 0.012202 0.335552 0.020240 0.019712
0 0.012099 0.304192 0.020444 0.026432
0 0.012139 0.274176 0.020365 0.027328
0 0.012165 0.254912 0.020312 0.022848
0 0.012168 0.210112 0.020307 0.021056
0 0.012197 0.190848 0.020249 0.021952
0 0.012201 0.225792 0.020241 0.023744
0 0.012228 0.204736 0.020187 0.021056
0 0.012193 0.352576 0.020256 0.022848
0 0.011211 0.896896 0.022220 0.026432
0 0.012184 0.363328 0.020274 0.019712
0 0.012165 0.375872 0.020312 0.018816
0 0.012153 0.389760 0.020338 0.014336
0 0.012140 0.404096 0.020363 0.019712
0 0.012185 0.450240 0.020272 0.027328
0 0.012172 0.473088 0.020299 0.025536
0 0.012205 0.423360 0.020232 0.028672
0 0.012090 0.189504 0.020463 0.027776
0 0.012005 0.280448 0.020633 0.029568
0 0.011960 0.158144 0.020723 0.027776
0 0.011910 0.187264 0.020823 0.030464
0 0.015632 0.298368 0.031236 0.108416
0 0.011363 0.118272 0.021917 0.027776
0 0.011387 0.148736 0.021868 0.027776
0 0.011413 0.178752 0.021818 0.026432
0 0.011436 0.204736 0.021771 0.026432
0 0.011455 0.043456 0.021733 0.025536
0 0.011497 0.086464 0.021649 0.023744
0 0.011529 0.109760 0.021586 0.029568
0 0.011536 0.315392 0.021571 0.025536
0 0.011579 0.341376 0.021484 0.031360
0 0.011817 0.085120 0.021008 0.024640
0 0.011859 0.049728 0.020925 0.026432
0 0.011840 0.108864 0.020963 0.027776
0 0.011864 0.136192 0.020915 0.027776
0 0.011889 0.159936 0.020865 0.026432
0 0.012128 0.417088 0.020386 0.021056
0 0.012114 0.438144 0.020415 0.016128
0 0.012107 0.451136 0.020428 0.017024
0 0.012107 0.925568 0.020428 0.027328
0 0.012058 0.873600 0.020526 0.027328
0 0.012030 0.846720 0.020582 0.029568
0 0.012005 0.816256 0.020633 0.029568
0 0.011937 0.694848 0.020769 0.023744
0 0.011935 0.626752 0.020772 0.027328
0 0.011768 0.655424 0.021108 0.021056
0 0.011570 0.643776 0.021502 0.030464
0 0.011442 0.893760 0.021758 0.028672
0 0.011472 0.871808 0.021698 0.025536
0 0.011498 0.851200 0.021647 0.022848
0 0.011528 0.827456 0.021588 0.026432
0 0.011419 0.915712 0.021805 0.022848
0 0.011390 0.934976 0.021863 0.026432
0 0.011367 0.955584 0.021908 0.021056
0 0.011298 0.829248 0.022048 0.022848
0 0.012081 0.897344 0.020481 0.027328
0 0.012134 0.953344 0.020376 0.023744
0 0.012097 0.469952 0.020448 0.012096
0 0.012136 0.897792 0.020370 0.031360
0 0.012113 0.504896 0.020417 0.027776
0 0.012093 0.486080 0.020457 0.012096
0 0.012085 0.499968 0.020473 0.014336
0 0.012074 0.519680 0.020495 0.017920
0 0.012071 0.538944 0.020501 0.012544
0 0.012065 0.557760 0.020513 0.016128
0 0.012063 0.575680 0.020517 0.016128
0 0.012061 0.591808 0.020520 0.011200
0 0.012058 0.609728 0.020526 0.013440
0 0.011967 0.503552 0.020709 0.038080
0 0.012180 0.648704 0.020283 0.010304
0 0.012204 0.829248 0.020234 0.026432
0 0.012183 0.796096 0.020276 0.027776
0 0.012125 0.750848 0.020392 0.022848
0 0.012229 0.859712 0.020185 0.026432
0 0.013829 0.521920 0.025914 0.416640
