0 0.007453 0.733376 0.011879 0.352576
0 0.011994 0.206976 0.020655 0.008960
0 0.011975 0.369152 0.020692 0.004480
0 0.011994 0.334208 0.020655 0.008512
0 0.011993 0.344960 0.020658 0.009856
0 0.011997 0.366016 0.020649 0.008064
0 0.012009 0.364224 0.020626 0.009856
0 0.011991 0.366912 0.020661 0.008064
0 0.011980 0.331968 0.020682 0.009856
0 0.012004 0.344960 0.020635 0.007616
0 0.012022 0.365568 0.020599 0.008064
0 0.012047 0.366912 0.020549 0.008960
0 0.012034 0.366464 0.020576 0.008960
0 0.012053 0.367808 0.020536 0.008512
0 0.011968 0.343616 0.020706 0.008064
0 0.011970 0.297024 0.020704 0.008064
0 0.012082 0.366016 0.020478 0.008960
0 0.011975 0.380800 0.020692 0.004032
0 0.005387 0.524160 0.007083 0.021952
0 0.005388 0.494592 0.007080 0.022848
0 0.005390 0.464128 0.007078 0.021952
0 0.005392 0.428288 0.007074 0.022400
0 0.005393 0.396928 0.007071 0.022848
0 0.005301 0.522368 0.007256 0.022848
0 0.005301 0.491456 0.007254 0.021952
0 0.005303 0.461888 0.007252 0.022848
0 0.005305 0.425600 0.007248 0.022400
0 0.005306 0.393792 0.007246 0.023296
0 0.015304 0.734272 0.027428 0.213696
0 0.003877 0.833280 0.005638 0.100352
0 0.003863 0.694400 0.005667 0.136192
0 0.003501 0.641088 0.006391 0.068992
0 0.011975 0.375424 0.020692 0.003584
0 0.011973 0.397376 0.020697 0.004480
0 0.015759 0.037632 0.030983 0.008512
0 0.011817 0.247744 0.021008 0.008064
0 0.016118 0.074816 0.030263 0.017920
0 0.016225 0.037632 0.030049 0.013888
0 0.016443 0.076608 0.029613 0.014336
0 0.016520 0.051520 0.029459 0.014784
0 0.016625 0.044800 0.029250 0.015232
0 0.011860 0.549248 0.020924 0.003136
0 0.011858 0.517888 0.020926 0.004032
0 0.011892 0.568960 0.020860 0.004032
0 0.011893 0.516096 0.020856 0.004032
0 0.011927 0.313152 0.020788 0.003584
0 0.011924 0.324352 0.020795 0.003584
0 0.011829 0.279552 0.020984 0.008512
0 0.011847 0.247296 0.020948 0.010304
0 0.011837 0.247744 0.020970 0.006720
0 0.011809 0.246848 0.021025 0.007616
0 0.011972 0.402752 0.020700 0.004032
0 0.011801 0.245952 0.021042 0.007616
0 0.011810 0.236544 0.021022 0.010304
0 0.011840 0.235648 0.020962 0.008064
0 0.011851 0.236544 0.020940 0.008064
0 0.011860 0.236992 0.020923 0.008064
0 0.011830 0.235200 0.020983 0.008512
0 0.011821 0.235648 0.021001 0.008512
0 0.011853 0.215936 0.020937 0.008064
0 0.011805 0.211904 0.021034 0.008960
0 0.011566 0.061376 0.021510 0.003136
0 0.011250 0.083776 0.022142 0.004480
0 0.011179 0.047488 0.022286 0.008064
0 0.011968 0.445312 0.020706 0.008512
0 0.011961 0.443968 0.020720 0.007616
0 0.003526 0.823872 0.006341 0.085120
