0 0.000357 0.622720 0.000713 0.018368
0 0.000861 0.707840 0.001721 0.028224
0 0.000432 0.789376 0.000864 0.017920
0 0.000446 0.744576 0.000891 0.025088
0 0.000456 0.733824 0.000912 0.018368
0 0.000503 0.802816 0.001005 0.014336
0 0.000532 0.747712 0.001063 0.017472
0 0.000523 0.738304 0.001045 0.019264
0 0.000562 0.870016 0.001124 0.014336
0 0.000626 0.688576 0.001251 0.017920
0 0.000597 0.666176 0.001193 0.017472
0 0.000586 0.658112 0.001172 0.017920
0 0.000565 0.645120 0.001130 0.014336
0 0.000663 0.601664 0.001325 0.014784
0 0.000917 0.231168 0.001834 0.030464
0 0.000437 0.831040 0.000874 0.023744
0 0.000897 0.257152 0.001793 0.018816
0 0.000940 0.187712 0.001881 0.020160
0 0.000799 0.736064 0.001597 0.030016
0 0.000733 0.604800 0.001465 0.013888
0 0.000648 0.646016 0.001295 0.014784
0 0.000638 0.637056 0.001276 0.014784
0 0.000626 0.629888 0.001251 0.013440
0 0.000615 0.622720 0.001229 0.014336
0 0.000592 0.610176 0.001184 0.013888
0 0.000364 0.813120 0.000727 0.022848
0 0.000404 0.473088 0.000809 0.017920
0 0.000380 0.479808 0.000759 0.020160
0 0.000435 0.806400 0.000870 0.016576
0 0.000407 0.857024 0.000813 0.011200
0 0.000838 0.352128 0.001676 0.016576
0 0.000502 0.715008 0.001003 0.014336
0 0.000373 0.719488 0.000745 0.028224
0 0.000368 0.670208 0.000736 0.034944
0 0.000352 0.732928 0.000704 0.030464
0 0.000329 0.747264 0.000659 0.027776
0 0.000311 0.757568 0.000623 0.027776
0 0.000300 0.689920 0.000600 0.026880
0 0.000348 0.683200 0.000696 0.030464
0 0.000329 0.695744 0.000658 0.028672
0 0.000417 0.680960 0.000833 0.024192
0 0.000460 0.685888 0.000919 0.019264
0 0.000504 0.681856 0.001007 0.015232
0 0.000500 0.699328 0.001000 0.013440
0 0.000533 0.800576 0.001066 0.011648
0 0.000269 0.952000 0.000539 0.010304
0 0.000530 0.787584 0.001061 0.011200
0 0.000531 0.775040 0.001062 0.010752
0 0.000529 0.762048 0.001058 0.008064
0 0.000388 0.811328 0.000776 0.011200
0 0.000389 0.837312 0.000778 0.011648
0 0.000387 0.797888 0.000774 0.012992
0 0.000465 0.779968 0.000930 0.009856
0 0.000468 0.880320 0.000935 0.012096
0 0.000529 0.875392 0.001058 0.013440
0 0.000104 0.912576 0.000208 0.031808
0 0.000063 0.947968 0.000126 0.014784
0 0.000238 0.900480 0.000475 0.013440
0 0.000491 0.667968 0.000982 0.008064
0 0.000834 0.367808 0.001668 0.016128
0 0.000334 0.626304 0.000668 0.021952
0 0.003002 0.804608 0.002924 0.008064
0 0.002546 0.346304 0.003837 0.012096
0 0.002556 0.334656 0.003817 0.011648
0 0.002557 0.345856 0.003815 0.013440
0 0.014369 0.524160 0.024833 0.013440
0 0.000970 0.535360 0.001939 0.028224
0 0.000945 0.573440 0.001890 0.030016
0 0.000930 0.592704 0.001860 0.023744
0 0.003026 0.765184 0.002876 0.009856
0 0.003036 0.775040 0.002856 0.008512
0 0.003045 0.784896 0.002839 0.009408
0 0.003044 0.805056 0.002840 0.009408
0 0.003054 0.814912 0.002821 0.008960
0 0.003007 0.815360 0.002914 0.008512
0 0.002535 0.347648 0.003859 0.012096
0 0.003014 0.805504 0.002900 0.008064
0 0.003020 0.815808 0.002889 0.008064
0 0.003014 0.829248 0.002901 0.008512
0 0.003026 0.829248 0.002876 0.008960
0 0.003020 0.841344 0.002889 0.008064
0 0.003032 0.840448 0.002865 0.008064
0 0.003044 0.839104 0.002841 0.008512
0 0.003063 0.824768 0.002802 0.008512
0 0.000367 0.577920 0.000733 0.023744
0 0.000344 0.573440 0.000687 0.025536
0 0.000309 0.596736 0.000618 0.019712
0 0.000312 0.619584 0.000625 0.025984
0 0.002545 0.335104 0.003838 0.012544
0 0.002534 0.336448 0.003861 0.011648
0 0.000752 0.323904 0.001504 0.021056
0 0.000361 0.429632 0.000721 0.021952
0 0.000716 0.288512 0.001431 0.017024
0 0.000575 0.245056 0.001151 0.023296
0 0.000555 0.244608 0.001110 0.021952
0 0.000329 0.251328 0.000658 0.020608
0 0.000329 0.309120 0.000658 0.023744
0 0.000353 0.306432 0.000707 0.025088
0 0.000384 0.249536 0.000768 0.025088
0 0.000398 0.303744 0.000795 0.025088
0 0.000417 0.301952 0.000835 0.024640
0 0.000440 0.300160 0.000879 0.025088
0 0.000431 0.244608 0.000861 0.021504
0 0.000317 0.426048 0.000634 0.022400
0 0.000356 0.478464 0.000713 0.020608
0 0.000124 0.356608 0.000247 0.018816
0 0.000336 0.477568 0.000672 0.022848
0 0.000311 0.478464 0.000622 0.019712
0 0.000333 0.525504 0.000666 0.018816
0 0.000367 0.525952 0.000734 0.014336
0 0.000722 0.470848 0.001443 0.017472
0 0.000703 0.519680 0.001407 0.014784
0 0.000712 0.526400 0.001424 0.013440
0 0.000674 0.565376 0.001349 0.017472
0 0.000580 0.603904 0.001161 0.014336
0 0.000763 0.019264 0.001526 0.014336
0 0.000503 0.176512 0.001007 0.012544
0 0.000446 0.038528 0.000892 0.012096
0 0.000404 0.760256 0.000808 0.029120
