0 0.008272 0.356608 0.014706 0.056896
0 0.001595 0.321216 0.001275 0.018368
0 0.001606 0.356608 0.001252 0.019712
0 0.001597 0.341376 0.001269 0.007616
0 0.001587 0.353024 0.001290 0.014336
0 0.001564 0.354368 0.001336 0.012992
0 0.001585 0.319424 0.001293 0.012096
0 0.001603 0.346304 0.001259 0.010752
0 0.001594 0.360640 0.001276 0.010752
0 0.001585 0.374080 0.001295 0.012992
0 0.001525 0.519680 0.001415 0.017024
0 0.001488 0.468608 0.001489 0.022848
0 0.001481 0.460992 0.001502 0.021504
0 0.001496 0.478912 0.001473 0.019712
0 0.001504 0.556864 0.001457 0.043904
0 0.001498 0.547456 0.001467 0.031360
0 0.001564 0.428736 0.001336 0.017920
0 0.001609 0.363776 0.001247 0.019264
0 0.008257 0.332416 0.014736 0.053760
0 0.001546 0.452480 0.001371 0.022848
0 0.001596 0.472640 0.001272 0.013440
0 0.001671 0.536256 0.001123 0.031360
0 0.001655 0.517888 0.001155 0.016128
0 0.001650 0.515200 0.001164 0.012096
0 0.001645 0.512960 0.001174 0.013440
0 0.001641 0.507584 0.001181 0.014784
0 0.001637 0.505344 0.001190 0.012096
0 0.001628 0.497728 0.001209 0.014784
0 0.001624 0.495936 0.001217 0.010752
0 0.001619 0.491904 0.001226 0.013440
0 0.001615 0.488768 0.001235 0.011200
0 0.001604 0.481152 0.001256 0.014784
0 0.001606 0.517888 0.001252 0.024192
0 0.001594 0.508480 0.001276 0.024192
0 0.001588 0.502656 0.001289 0.024192
0 0.001583 0.494144 0.001298 0.019264
0 0.001559 0.422016 0.001346 0.017024
0 0.001541 0.443072 0.001382 0.019712
0 0.008419 0.662592 0.014412 0.110656
0 0.001491 0.363328 0.001482 0.024640
0 0.001510 0.332864 0.001443 0.031808
0 0.001518 0.324352 0.001427 0.023296
0 0.001529 0.314496 0.001407 0.021952
0 0.001533 0.305088 0.001398 0.027776
0 0.001546 0.301056 0.001372 0.015680
0 0.001561 0.274176 0.001343 0.009856
0 0.001555 0.269696 0.001354 0.014336
0 0.008221 0.254464 0.014809 0.031360
0 0.001435 0.165312 0.001593 0.006272
0 0.001447 0.199360 0.001569 0.064512
0 0.001442 0.204736 0.001581 0.042112
0 0.001375 0.159040 0.001714 0.038528
0 0.001346 0.119168 0.001772 0.019712
0 0.001242 0.060928 0.001980 0.065408
0 0.001236 0.051072 0.001992 0.021504
0 0.001505 0.346752 0.001454 0.022848
0 0.001568 0.293888 0.001329 0.014336
0 0.001536 0.435456 0.001393 0.019712
0 0.001546 0.327936 0.001372 0.017024
0 0.001469 0.394688 0.001526 0.030016
0 0.001465 0.438144 0.001535 0.031360
0 0.001476 0.449792 0.001513 0.021952
0 0.001527 0.426048 0.001410 0.017024
0 0.001523 0.418880 0.001418 0.019264
0 0.001514 0.410816 0.001435 0.017920
0 0.001542 0.398272 0.001380 0.015680
0 0.001535 0.388416 0.001394 0.019712
0 0.001529 0.381696 0.001406 0.020608
0 0.001510 0.400064 0.001445 0.021504
0 0.001484 0.372736 0.001496 0.028224
0 0.001504 0.389312 0.001456 0.017024
0 0.001518 0.367808 0.001427 0.019712
0 0.001534 0.344512 0.001395 0.012992
0 0.001558 0.310912 0.001347 0.014336
0 0.001637 0.533568 0.001189 0.017920
0 0.001623 0.526848 0.001218 0.019264
0 0.001616 0.522368 0.001233 0.021952
0 0.001607 0.171584 0.001250 0.017920
0 0.001684 0.211456 0.001095 0.011200
0 0.001670 0.227136 0.001124 0.019712
0 0.001676 0.199360 0.001113 0.028224
0 0.002103 0.759808 0.000259 0.037632
0 0.008663 0.688576 0.013924 0.051968
0 0.001972 0.677824 0.000520 0.010752
0 0.001975 0.705600 0.000515 0.010752
0 0.001940 0.704256 0.000585 0.012096
0 0.001940 0.688128 0.000584 0.012992
0 0.001945 0.677376 0.000575 0.008512
0 0.001857 0.632576 0.000750 0.016128
0 0.001861 0.621376 0.000743 0.014336
0 0.001868 0.605248 0.000729 0.006272
0 0.001852 0.593600 0.000761 0.009856
0 0.001847 0.598528 0.000770 0.009408
0 0.001694 0.182336 0.001077 0.019712
0 0.001430 0.453824 0.001604 0.030016
0 0.001646 0.550592 0.001172 0.026880
0 0.001398 0.413952 0.001668 0.036736
0 0.008519 0.619584 0.014211 0.076160
0 0.008270 0.513856 0.014710 0.112896
0 0.008136 0.355712 0.014978 0.198912
0 0.008138 0.475328 0.014975 0.211456
0 0.008226 0.410816 0.014797 0.110208
0 0.008375 0.639296 0.014500 0.079744
0 0.001439 0.422016 0.001585 0.031808
0 0.001449 0.413504 0.001567 0.028224
0 0.001550 0.295232 0.001364 0.011200
0 0.001463 0.495040 0.001537 0.022848
0 0.001458 0.484736 0.001549 0.024640
0 0.001450 0.472640 0.001565 0.024640
0 0.001425 0.445312 0.001615 0.028224
0 0.001411 0.423808 0.001641 0.022848
0 0.001417 0.435008 0.001630 0.027776
0 0.001840 0.608832 0.000785 0.015680
0 0.001832 0.617792 0.000800 0.015680
0 0.001831 0.628992 0.000802 0.013440
0 0.001822 0.636160 0.000821 0.019264
0 0.001775 0.622720 0.000913 0.016128
0 0.001770 0.629888 0.000924 0.014336
0 0.001768 0.642880 0.000928 0.015680
0 0.001758 0.660352 0.000948 0.017024
0 0.001752 0.669312 0.000960 0.017920
0 0.001747 0.677824 0.000971 0.019264
0 0.001739 0.697984 0.000987 0.021952
0 0.001734 0.706496 0.000996 0.019712
0 0.008388 0.683648 0.014475 0.124096
0 0.001711 0.641984 0.001042 0.025536
0 0.001714 0.623616 0.001037 0.009856
0 0.001715 0.622720 0.001034 0.009408
0 0.001673 0.617344 0.001118 0.038976
0 0.001659 0.549696 0.001147 0.015680
0 0.001640 0.544768 0.001185 0.024192
0 0.001756 0.631232 0.000952 0.012096
0 0.001763 0.617344 0.000939 0.016128
0 0.001729 0.619136 0.001006 0.009408
0 0.001701 0.692608 0.001062 0.028224
0 0.001649 0.678720 0.001165 0.046144
0 0.001651 0.702464 0.001163 0.008512
0 0.001674 0.655424 0.001116 0.008512
0 0.001673 0.658560 0.001118 0.007168
0 0.001664 0.686336 0.001136 0.026432
0 0.001712 0.653184 0.001039 0.059136
0 0.001695 0.689472 0.001074 0.027776
0 0.001731 0.616896 0.001002 0.010752
0 0.001707 0.665728 0.001050 0.019264
0 0.001710 0.602560 0.001045 0.009408
0 0.001719 0.610624 0.001027 0.007168
0 0.001720 0.606592 0.001023 0.007168
0 0.001736 0.611968 0.000991 0.009408
0 0.001734 0.614208 0.000996 0.009856
0 0.001209 0.018368 0.002047 0.034048
