0 0.016026 0.981120 0.030448 0.010304
0 0.007081 0.300160 0.012623 0.135744
0 0.015895 0.085120 0.030709 0.008512
0 0.015684 0.126784 0.031133 0.010304
0 0.015832 0.147840 0.030836 0.008960
0 0.015668 0.264768 0.031163 0.010304
0 0.015825 0.264320 0.030850 0.009856
0 0.015863 0.282240 0.030775 0.006272
0 0.016420 0.069888 0.029660 0.009856
0 0.006166 0.149632 0.009989 0.015232
0 0.006164 0.165760 0.009993 0.016128
0 0.004963 0.148736 0.007930 0.012096
0 0.004963 0.163520 0.007932 0.012992
0 0.003707 0.198016 0.005979 0.040768
0 0.014828 0.476224 0.028379 0.112896
0 0.015845 0.965440 0.030810 0.005824
0 0.015783 0.488768 0.030934 0.009856
0 0.016451 0.497728 0.029598 0.008512
0 0.016449 0.508032 0.029602 0.006720
0 0.016438 0.633920 0.029623 0.009856
0 0.006954 0.662144 0.012878 0.166656
0 0.014814 0.656320 0.028409 0.101696
0 0.003184 0.845376 0.002561 0.045248
0 0.003076 0.885696 0.002776 0.029120
0 0.015681 0.908992 0.031138 0.012992
0 0.015746 0.900480 0.031008 0.007616
0 0.015905 0.900928 0.030690 0.006720
0 0.015782 0.976192 0.030936 0.007616
0 0.015668 0.079296 0.031165 0.006272
