0 0.015023 0.448448 0.027990 0.052416
0 0.011533 0.415744 0.021578 0.003136
0 0.011529 0.416192 0.021585 0.003136
0 0.011527 0.416192 0.021590 0.003136
0 0.011524 0.416192 0.021594 0.002688
0 0.011522 0.416640 0.021599 0.003136
0 0.011520 0.416192 0.021604 0.002688
0 0.011517 0.416640 0.021608 0.003136
0 0.011515 0.416640 0.021612 0.003136
0 0.011513 0.416640 0.021617 0.003136
0 0.011511 0.416640 0.021621 0.003136
0 0.011510 0.409472 0.021622 0.002688
0 0.011499 0.409920 0.021644 0.002688
0 0.011499 0.417088 0.021644 0.003136
0 0.011495 0.417088 0.021652 0.003136
0 0.011550 0.414400 0.021542 0.002688
0 0.011553 0.414400 0.021538 0.002688
0 0.011556 0.414848 0.021530 0.003136
0 0.011561 0.413952 0.021520 0.002688
0 0.011581 0.413504 0.021481 0.003136
0 0.011574 0.413504 0.021494 0.003584
0 0.011530 0.416192 0.021582 0.003136
0 0.011535 0.415744 0.021572 0.003136
0 0.010452 0.413952 0.019274 0.003584
0 0.011515 0.409024 0.021613 0.003136
0 0.011908 0.663936 0.020828 0.001792
0 0.011908 0.662144 0.020828 0.001792
0 0.011908 0.660352 0.020828 0.001344
0 0.011907 0.658112 0.020829 0.001792
0 0.011907 0.655872 0.020829 0.001792
0 0.011901 0.661248 0.020841 0.001344
0 0.011901 0.659904 0.020841 0.001344
0 0.011901 0.658112 0.020841 0.000896
0 0.011891 0.658560 0.020860 0.001344
0 0.011901 0.655872 0.020842 0.001792
0 0.011891 0.655872 0.020860 0.001792
0 0.011891 0.654080 0.020860 0.001344
0 0.011891 0.652288 0.020862 0.001792
0 0.011887 0.659008 0.020869 0.001344
0 0.011888 0.657216 0.020868 0.001344
0 0.011887 0.660352 0.020869 0.001344
0 0.011524 0.409024 0.021595 0.002688
0 0.011521 0.409024 0.021600 0.003584
0 0.011519 0.409024 0.021605 0.003136
0 0.010455 0.413952 0.019269 0.003136
0 0.010449 0.413952 0.019280 0.003584
0 0.011913 0.657216 0.020817 0.001344
0 0.011530 0.207424 0.021584 0.001792
0 0.011843 0.200256 0.020956 0.001792
0 0.011881 0.163968 0.020881 0.001792
0 0.010751 0.212800 0.018677 0.002240
0 0.011913 0.169792 0.020817 0.001344
0 0.014183 0.183680 0.025205 0.035840
0 0.012088 0.197120 0.020466 0.001344
0 0.012148 0.158144 0.020347 0.001792
0 0.012193 0.161280 0.020257 0.001792
0 0.011197 0.127680 0.022249 0.001792
0 0.011198 0.125888 0.022247 0.001344
0 0.011199 0.124096 0.022245 0.001792
0 0.010081 0.118720 0.020016 0.002688
0 0.011194 0.118720 0.022255 0.002688
0 0.011188 0.116928 0.022268 0.004032
0 0.011192 0.117376 0.022259 0.002240
0 0.011186 0.114688 0.022271 0.004480
0 0.010064 0.113344 0.020051 0.007168
0 0.010061 0.111552 0.020056 0.005376
0 0.011171 0.103936 0.022301 0.002688
0 0.011857 0.197568 0.020928 0.001792
0 0.011506 0.207872 0.021631 0.001792
0 0.010454 0.407232 0.019270 0.003136
0 0.011195 0.129472 0.022252 0.002688
0 0.010452 0.407232 0.019275 0.003136
0 0.010445 0.407232 0.019289 0.003136
0 0.014824 0.296128 0.028387 0.035392
0 0.011437 0.333760 0.021768 0.000896
0 0.011428 0.340480 0.021787 0.002688
0 0.011428 0.333760 0.021787 0.002688
0 0.011431 0.281344 0.021781 0.002688
0 0.011367 0.342720 0.021909 0.002240
0 0.011367 0.340480 0.021909 0.002240
0 0.011367 0.338688 0.021909 0.001792
0 0.011378 0.344960 0.021886 0.002240
0 0.011378 0.341824 0.021887 0.002688
0 0.011378 0.337792 0.021886 0.002688
0 0.011370 0.282688 0.021902 0.003584
0 0.011280 0.276416 0.022083 0.003136
0 0.011314 0.240128 0.022015 0.003584
0 0.011223 0.300160 0.022197 0.002688
0 0.010099 0.301952 0.019980 0.004928
0 0.011194 0.131712 0.022256 0.002240
0 0.011913 0.655424 0.020817 0.001792
0 0.011914 0.659904 0.020816 0.001792
0 0.013575 0.198464 0.026422 0.077504
0 0.011581 0.628992 0.021481 0.002688
0 0.011582 0.609280 0.021479 0.003136
0 0.011577 0.609280 0.021489 0.003136
0 0.011572 0.609280 0.021498 0.003136
0 0.011522 0.669312 0.021599 0.000896
0 0.011453 0.661248 0.021736 0.001344
0 0.011453 0.656320 0.021737 0.000896
0 0.011452 0.654528 0.021738 0.001792
0 0.011452 0.652736 0.021738 0.001792
0 0.011453 0.650496 0.021737 0.001344
0 0.011452 0.648256 0.021739 0.001792
0 0.011452 0.646016 0.021740 0.001792
0 0.011452 0.643776 0.021740 0.001344
0 0.011444 0.655424 0.021755 0.002688
0 0.011442 0.651392 0.021758 0.003136
0 0.011443 0.647360 0.021756 0.002688
0 0.011442 0.641088 0.021758 0.002688
0 0.011442 0.637504 0.021758 0.002688
0 0.011443 0.633024 0.021757 0.002688
0 0.011442 0.617344 0.021760 0.002688
0 0.011573 0.617344 0.021496 0.002688
0 0.011556 0.609728 0.021532 0.002688
0 0.011441 0.605248 0.021761 0.002688
0 0.010227 0.724864 0.019725 0.002240
0 0.014852 0.452480 0.028331 0.051520
0 0.014848 0.513856 0.028339 0.051072
0 0.014858 0.574336 0.028319 0.051072
0 0.015042 0.508928 0.027952 0.042560
0 0.015034 0.569856 0.027968 0.051072
0 0.015221 0.394240 0.027593 0.051968
0 0.013603 0.729344 0.026365 0.077952
0 0.013814 0.966784 0.025944 0.008960
0 0.011705 0.959168 0.021233 0.003584
0 0.011759 0.938560 0.021125 0.001792
0 0.011773 0.939008 0.021097 0.002240
0 0.011786 0.941248 0.021071 0.002688
0 0.011806 0.949760 0.021032 0.002688
0 0.011822 0.964096 0.020999 0.004032
0 0.013807 0.864192 0.025957 0.021056
0 0.011483 0.718144 0.021677 0.002688
0 0.011482 0.715008 0.021679 0.002688
0 0.011462 0.693952 0.021718 0.002688
0 0.010368 0.730240 0.019442 0.003584
0 0.011442 0.613312 0.021759 0.002688
0 0.010506 0.611968 0.019166 0.004032
0 0.011913 0.662144 0.020817 0.001792
0 0.011890 0.629440 0.020863 0.003136
0 0.011886 0.629440 0.020871 0.002688
0 0.011883 0.629440 0.020876 0.003584
0 0.011879 0.629440 0.020884 0.003584
0 0.011877 0.629888 0.020889 0.003136
0 0.011875 0.629888 0.020893 0.002688
0 0.011872 0.629888 0.020898 0.003136
0 0.011870 0.629888 0.020903 0.003584
0 0.011866 0.629888 0.020911 0.002688
0 0.011860 0.630784 0.020923 0.003136
0 0.011951 0.630336 0.020741 0.001792
0 0.011946 0.641088 0.020751 0.001792
0 0.011947 0.637952 0.020750 0.001792
0 0.011946 0.636160 0.020752 0.001792
0 0.011946 0.634368 0.020752 0.001792
0 0.011946 0.632128 0.020751 0.001792
0 0.014147 0.623616 0.025277 0.016128
0 0.011936 0.660800 0.020771 0.001344
0 0.011913 0.666176 0.020817 0.001344
0 0.011913 0.663936 0.020817 0.001344
0 0.011888 0.629440 0.020866 0.003136
0 0.011895 0.629888 0.020854 0.004032
0 0.011891 0.645568 0.020862 0.001344
0 0.011898 0.630336 0.020848 0.003136
0 0.011890 0.644224 0.020863 0.000896
0 0.011891 0.642432 0.020862 0.001792
0 0.011891 0.641088 0.020862 0.001344
0 0.011891 0.639296 0.020861 0.001792
0 0.011891 0.637952 0.020862 0.001792
0 0.011891 0.635712 0.020862 0.001792
0 0.011886 0.645568 0.020870 0.001792
0 0.011885 0.644224 0.020872 0.001344
0 0.011886 0.642432 0.020870 0.001344
0 0.011886 0.641088 0.020870 0.000896
0 0.011886 0.639296 0.020871 0.001792
0 0.011886 0.637952 0.020871 0.001344
0 0.011886 0.636160 0.020870 0.001344
0 0.011877 0.646016 0.020889 0.001792
0 0.011877 0.643328 0.020889 0.001792
0 0.011877 0.641088 0.020889 0.001792
0 0.011877 0.637952 0.020889 0.001344
0 0.011876 0.636160 0.020890 0.001344
0 0.011872 0.636608 0.020900 0.001792
0 0.011169 0.103488 0.022306 0.002688
