0 0.005006 0.382592 0.007846 0.048384
0 0.004986 0.521024 0.007885 0.043904
0 0.005007 0.497728 0.007843 0.046144
0 0.005028 0.474880 0.007801 0.046144
0 0.005051 0.452928 0.007754 0.046144
0 0.005072 0.428736 0.007712 0.046144
0 0.004919 0.474432 0.008019 0.045248
0 0.004939 0.451136 0.007979 0.045248
0 0.004962 0.428736 0.007932 0.046144
0 0.004983 0.405440 0.007890 0.046144
0 0.006065 0.316736 0.010192 0.056448
0 0.005962 0.424704 0.010397 0.058688
0 0.005988 0.397824 0.010345 0.059584
0 0.006013 0.370944 0.010296 0.058688
0 0.006040 0.342720 0.010241 0.056448
0 0.015180 0.613312 0.027676 0.241024
