0 0.000294 0.674688 0.000587 0.009856
0 0.001052 0.495488 0.002104 0.005824
0 0.000666 0.447104 0.001333 0.006720
0 0.000670 0.453824 0.001341 0.006720
0 0.000673 0.460992 0.001347 0.006720
0 0.000675 0.468160 0.001350 0.006720
0 0.000677 0.474880 0.001354 0.006272
0 0.000678 0.482496 0.001355 0.005376
0 0.000683 0.488768 0.001367 0.005376
0 0.000512 0.472192 0.001025 0.005824
0 0.000684 0.495488 0.001369 0.005824
0 0.000546 0.482496 0.001093 0.008064
0 0.000567 0.487872 0.001135 0.013440
0 0.000101 0.458304 0.000202 0.012096
0 0.001044 0.497728 0.002088 0.006720
0 0.001070 0.495488 0.002139 0.006272
0 0.000654 0.426048 0.001308 0.005824
0 0.001080 0.494144 0.002161 0.009856
0 0.013356 0.495488 0.022396 0.004032
0 0.013360 0.493696 0.022387 0.005376
0 0.001097 0.492352 0.002195 0.008512
0 0.001109 0.489664 0.002219 0.011648
0 0.001116 0.489216 0.002232 0.006272
0 0.013383 0.506688 0.022341 0.004032
0 0.013387 0.505792 0.022334 0.004480
0 0.013379 0.507136 0.022349 0.004032
0 0.013373 0.508032 0.022362 0.004928
0 0.013364 0.507584 0.022379 0.004928
0 0.013353 0.508928 0.022401 0.003136
0 0.013349 0.509824 0.022409 0.003584
0 0.000661 0.439936 0.001322 0.004928
0 0.000653 0.420224 0.001305 0.005376
0 0.001107 0.708288 0.002213 0.016128
0 0.001024 0.459200 0.002047 0.010304
0 0.012284 0.296576 0.024538 0.006720
0 0.000130 0.323456 0.000260 0.009408
0 0.000148 0.307776 0.000296 0.008064
0 0.000209 0.302848 0.000419 0.012096
0 0.000136 0.358848 0.000271 0.006720
0 0.000814 0.324800 0.001629 0.012544
0 0.001094 0.439488 0.002188 0.012992
0 0.001064 0.439040 0.002129 0.012096
0 0.001047 0.441280 0.002094 0.011648
0 0.001033 0.445760 0.002066 0.009856
0 0.001025 0.444416 0.002049 0.011648
0 0.001008 0.447552 0.002016 0.011200
0 0.001010 0.458752 0.002021 0.009856
0 0.001043 0.459648 0.002086 0.012096
0 0.000650 0.415296 0.001300 0.005376
0 0.001037 0.453376 0.002073 0.011648
0 0.001058 0.449344 0.002116 0.009856
0 0.001066 0.457856 0.002132 0.011200
0 0.000626 0.416192 0.001252 0.005376
0 0.000629 0.421568 0.001258 0.005824
0 0.012889 0.410816 0.023330 0.004480
0 0.000630 0.426944 0.001259 0.005376
0 0.000638 0.446208 0.001276 0.005376
0 0.000642 0.451584 0.001284 0.005376
0 0.000645 0.457408 0.001290 0.004480
0 0.000651 0.471296 0.001302 0.004480
0 0.000645 0.405888 0.001289 0.004928
0 0.000647 0.410816 0.001294 0.004928
0 0.001070 0.513408 0.002141 0.009856
0 0.001056 0.515648 0.002112 0.008512
0 0.001050 0.512512 0.002100 0.006272
0 0.000129 0.656768 0.000258 0.004480
0 0.000506 0.624064 0.001011 0.008064
0 0.000490 0.620480 0.000979 0.004928
0 0.000473 0.620480 0.000946 0.004928
0 0.000460 0.619136 0.000920 0.005376
0 0.000283 0.676928 0.000566 0.007616
0 0.012502 0.616896 0.024103 0.020608
0 0.000163 0.679168 0.000326 0.011200
0 0.000178 0.661248 0.000357 0.006720
0 0.000138 0.650048 0.000276 0.005824
0 0.000134 0.645120 0.000269 0.013440
0 0.000122 0.645120 0.000245 0.004480
0 0.000120 0.648256 0.000239 0.011200
0 0.000131 0.658560 0.000263 0.005376
0 0.000120 0.654976 0.000240 0.004480
0 0.001041 0.513856 0.002082 0.011648
0 0.000115 0.652288 0.000230 0.003136
0 0.000577 0.693504 0.001153 0.013888
0 0.000559 0.723968 0.001119 0.012096
0 0.000578 0.725312 0.001155 0.012096
0 0.000615 0.727552 0.001231 0.013440
0 0.000661 0.721728 0.001322 0.014336
0 0.001078 0.712320 0.002156 0.016128
0 0.001089 0.511168 0.002178 0.008512
0 0.000635 0.437696 0.001271 0.005376
0 0.000649 0.465472 0.001298 0.005824
0 0.000657 0.485184 0.001314 0.004928
0 0.000658 0.433216 0.001316 0.005376
0 0.000171 0.641088 0.000341 0.010304
0 0.000527 0.624960 0.001054 0.006272
0 0.000546 0.651840 0.001092 0.011648
0 0.000542 0.625408 0.001084 0.006720
0 0.000560 0.626304 0.001119 0.004928
0 0.001035 0.511168 0.002069 0.005376
0 0.001034 0.515200 0.002069 0.008064
0 0.001041 0.519232 0.002082 0.008960
0 0.000668 0.528640 0.001336 0.005824
0 0.000585 0.541184 0.001169 0.014336
0 0.000600 0.547008 0.001201 0.014336
0 0.000481 0.540288 0.000962 0.005376
0 0.000479 0.543424 0.000957 0.005376
0 0.000477 0.546112 0.000955 0.005376
0 0.000474 0.555072 0.000947 0.006272
0 0.000497 0.548800 0.000993 0.005376
0 0.000496 0.554176 0.000992 0.004928
0 0.000501 0.557760 0.001002 0.004480
0 0.012774 0.555520 0.023560 0.003136
0 0.000504 0.552832 0.001008 0.005376
0 0.000507 0.549696 0.001014 0.005376
0 0.000529 0.555520 0.001059 0.006720
0 0.000531 0.558656 0.001063 0.005824
0 0.000435 0.562240 0.000871 0.013440
0 0.000085 0.531328 0.000169 0.008960
0 0.000077 0.523264 0.000154 0.008960
0 0.000630 0.576576 0.001260 0.014336
0 0.000669 0.573440 0.001339 0.011648
0 0.000662 0.661248 0.001324 0.012544
0 0.000620 0.631232 0.001239 0.005376
0 0.000602 0.655872 0.001204 0.011648
0 0.000565 0.653184 0.001131 0.010752
0 0.000449 0.124096 0.000898 0.012096
