0 0.015551 0.415296 0.026934 0.021504
0 0.000660 0.482496 0.001320 0.014784
0 0.015523 0.015680 0.026990 0.016128
0 0.000710 0.482048 0.001420 0.015680
0 0.000721 0.485184 0.001442 0.012992
0 0.000716 0.456960 0.001431 0.017024
0 0.000731 0.460096 0.001462 0.014784
0 0.000686 0.477568 0.001372 0.013888
0 0.000664 0.465024 0.001327 0.016128
0 0.007732 0.415744 0.011321 0.036288
0 0.000666 0.448896 0.001332 0.014784
0 0.000715 0.419776 0.001430 0.011200
0 0.000726 0.424704 0.001452 0.012992
0 0.000736 0.428288 0.001472 0.012992
0 0.014009 0.254016 0.025553 0.012992
0 0.013662 0.298368 0.026247 0.036736
0 0.007701 0.014784 0.011383 0.024192
