0 0.000990 0.546560 0.001981 0.014784
0 0.000878 0.553280 0.001757 0.018816
0 0.000569 0.646016 0.001137 0.006720
0 0.000566 0.637952 0.001133 0.004928
0 0.000566 0.633024 0.001131 0.004928
0 0.000560 0.667520 0.001120 0.016128
0 0.000887 0.637952 0.001773 0.025536
0 0.001009 0.798784 0.002019 0.010752
0 0.001036 0.806848 0.002073 0.021056
0 0.001052 0.819840 0.002104 0.012544
0 0.000981 0.454720 0.001962 0.020608
0 0.000978 0.474432 0.001956 0.019712
0 0.000942 0.600768 0.001883 0.029120
0 0.000901 0.572992 0.001802 0.023296
0 0.000901 0.530880 0.001802 0.021952
0 0.000253 0.570752 0.000505 0.013888
0 0.000883 0.496384 0.001766 0.022400
0 0.000862 0.457408 0.001724 0.026432
0 0.000911 0.411712 0.001822 0.025088
0 0.000941 0.345856 0.001882 0.024192
0 0.000835 0.386176 0.001670 0.025536
0 0.000900 0.285824 0.001799 0.024192
0 0.000453 0.332416 0.000907 0.023744
0 0.000511 0.364224 0.001021 0.047040
0 0.000606 0.361536 0.001212 0.033600
0 0.000718 0.223104 0.001437 0.024192
0 0.000773 0.243264 0.001546 0.037184
0 0.000772 0.160832 0.001545 0.034944
0 0.000570 0.653632 0.001140 0.007168
0 0.000522 0.653184 0.001044 0.013888
0 0.000481 0.655424 0.000962 0.014336
0 0.000422 0.658112 0.000844 0.026880
0 0.000242 0.460544 0.000484 0.036736
0 0.000219 0.395584 0.000437 0.033600
0 0.000297 0.327936 0.000594 0.039872
0 0.000400 0.377664 0.000800 0.024640
0 0.000922 0.485632 0.001844 0.026432
0 0.000712 0.331968 0.001424 0.023296
0 0.000742 0.305088 0.001484 0.021056
0 0.000751 0.276416 0.001502 0.036736
0 0.000795 0.209664 0.001589 0.036288
0 0.000676 0.295680 0.001352 0.037184
0 0.000703 0.254912 0.001406 0.038080
0 0.000426 0.409472 0.000852 0.022400
0 0.000323 0.340032 0.000646 0.026880
0 0.000178 0.113344 0.000357 0.042112
0 0.002681 0.004480 0.003566 0.007168
0 0.002686 0.017024 0.003557 0.014784
0 0.002667 0.021952 0.003594 0.012992
0 0.002663 0.008512 0.003604 0.012096
0 0.000231 0.427392 0.000462 0.035392
0 0.000261 0.588672 0.000523 0.017920
0 0.000266 0.606592 0.000532 0.017472
0 0.000270 0.624960 0.000541 0.017472
0 0.000274 0.658560 0.000547 0.011200
0 0.000278 0.673792 0.000556 0.010304
0 0.000405 0.634368 0.000811 0.025088
0 0.000157 0.156352 0.000314 0.033152
