0 0.011348 0.568512 0.021946 0.015680
0 0.000918 0.738752 0.001837 0.054656
0 0.011357 0.779072 0.021930 0.008960
0 0.011358 0.814912 0.021926 0.007168
0 0.011814 0.105728 0.021015 0.016128
0 0.011624 0.145600 0.021396 0.014784
0 0.011551 0.102144 0.021541 0.017024
0 0.000904 0.032704 0.001807 0.030016
0 0.000763 0.034048 0.001526 0.021056
0 0.000682 0.030464 0.001364 0.030464
0 0.000906 0.855232 0.001812 0.053760
0 0.000911 0.797888 0.001822 0.053760
0 0.000280 0.404992 0.000561 0.022848
0 0.011214 0.775040 0.022216 0.017024
0 0.000355 0.501312 0.000709 0.023744
0 0.000448 0.406784 0.000896 0.021504
0 0.000485 0.485184 0.000971 0.025536
0 0.000532 0.406336 0.001063 0.021952
0 0.000614 0.408128 0.001229 0.023744
0 0.000871 0.298816 0.001741 0.023744
0 0.000785 0.297472 0.001571 0.023296
0 0.000699 0.315840 0.001399 0.021504
0 0.000615 0.311360 0.001230 0.062272
0 0.000487 0.317184 0.000974 0.054208
0 0.011358 0.769664 0.021926 0.007168
0 0.011354 0.825664 0.021935 0.007168
0 0.011276 0.628992 0.022092 0.007168
0 0.011467 0.100800 0.021708 0.013440
0 0.011357 0.787584 0.021930 0.007616
0 0.011357 0.798784 0.021928 0.007616
0 0.010871 0.665280 0.018436 0.009856
0 0.010879 0.682304 0.018421 0.010304
0 0.011332 0.329280 0.021979 0.019264
0 0.011856 0.146944 0.020931 0.016128
0 0.011796 0.106176 0.021052 0.016576
0 0.011642 0.144704 0.021359 0.017920
0 0.011602 0.146048 0.021438 0.013888
0 0.011584 0.144256 0.021475 0.013888
0 0.011339 0.188160 0.021964 0.017472
0 0.011272 0.710528 0.022098 0.006272
0 0.011190 0.058240 0.022264 0.015232
0 0.011358 0.684096 0.021926 0.006720
0 0.011381 0.643776 0.021882 0.013888
0 0.011280 0.618688 0.022083 0.007168
0 0.011276 0.638400 0.022092 0.006720
0 0.011272 0.648256 0.022098 0.007168
0 0.011272 0.656768 0.022098 0.008064
0 0.011274 0.665728 0.022095 0.007168
0 0.011271 0.683648 0.022102 0.007168
0 0.011279 0.692160 0.022085 0.006272
0 0.000400 0.311360 0.000800 0.066304
