0 0.010442 0.193088 0.019295 0.016128
0 0.000646 0.374528 0.001292 0.029568
0 0.000755 0.560000 0.001511 0.026880
0 0.000819 0.571200 0.001639 0.027328
0 0.000887 0.559552 0.001775 0.034048
0 0.000817 0.456960 0.001633 0.032256
0 0.000750 0.469952 0.001500 0.029568
0 0.000686 0.483840 0.001372 0.031808
0 0.000624 0.473088 0.001248 0.032704
0 0.000651 0.350336 0.001303 0.028224
0 0.000585 0.362880 0.001169 0.026432
0 0.011548 0.226688 0.021546 0.012992
0 0.000585 0.390656 0.001170 0.034944
0 0.000663 0.199360 0.001326 0.037184
0 0.000621 0.166656 0.001242 0.043008
0 0.000483 0.034944 0.000965 0.021056
0 0.000549 0.089152 0.001097 0.041216
0 0.000545 0.150976 0.001089 0.029568
0 0.000273 0.190400 0.000545 0.030016
0 0.000262 0.132160 0.000525 0.035840
0 0.000696 0.575232 0.001392 0.030016
0 0.000899 0.649152 0.001798 0.032704
0 0.000896 0.675584 0.001791 0.034496
0 0.000830 0.687680 0.001661 0.031808
0 0.011442 0.259840 0.021760 0.011200
0 0.011450 0.267904 0.021743 0.012096
0 0.011343 0.284032 0.021957 0.015680
0 0.011391 0.316288 0.021860 0.016576
0 0.011300 0.125440 0.022043 0.011200
0 0.000169 0.041216 0.000337 0.032704
0 0.011543 0.215936 0.021557 0.011200
0 0.011512 0.292992 0.021619 0.017024
0 0.011493 0.280448 0.021656 0.010304
0 0.011480 0.264320 0.021682 0.011200
0 0.011444 0.305984 0.021754 0.014336
0 0.011413 0.247744 0.021816 0.012544
0 0.011395 0.245952 0.021853 0.012096
0 0.000896 0.789824 0.001793 0.026432
0 0.000981 0.890624 0.001962 0.038080
0 0.000965 0.775488 0.001931 0.034048
0 0.001025 0.762048 0.002050 0.031360
0 0.000225 0.102592 0.000450 0.022400
