0 0.010856 0.355712 0.018466 0.012544
0 0.010755 0.355264 0.018669 0.008512
0 0.000409 0.178304 0.000819 0.060032
0 0.000509 0.190400 0.001019 0.063168
0 0.000324 0.306432 0.000648 0.042560
0 0.000218 0.366464 0.000437 0.038976
0 0.000433 0.498176 0.000867 0.054208
0 0.000412 0.574784 0.000824 0.057344
0 0.000405 0.638848 0.000810 0.054656
0 0.000128 0.568960 0.000255 0.066752
0 0.000751 0.519680 0.001502 0.056896
0 0.000771 0.454720 0.001542 0.045696
0 0.000794 0.406336 0.001587 0.061376
0 0.000829 0.301056 0.001659 0.056896
0 0.000837 0.192192 0.001674 0.057792
0 0.000841 0.132608 0.001682 0.062720
0 0.000706 0.197120 0.001412 0.060928
0 0.000402 0.789824 0.000804 0.055104
0 0.000403 0.861952 0.000805 0.055104
0 0.000383 0.932736 0.000765 0.054656
0 0.000780 0.870464 0.001560 0.073920
0 0.000859 0.919296 0.001717 0.073920
0 0.000900 0.787584 0.001800 0.076608
0 0.000748 0.800128 0.001495 0.064064
0 0.000706 0.727104 0.001412 0.063168
0 0.010699 0.337792 0.018781 0.007616
0 0.010701 0.359744 0.018776 0.007616
0 0.010739 0.359744 0.018701 0.007616
0 0.010710 0.354816 0.018759 0.006720
0 0.000318 0.173376 0.000635 0.065408
