0 0.000817 0.663040 0.001635 0.032704
0 0.000301 0.204288 0.000602 0.025536
0 0.000320 0.323904 0.000639 0.025984
0 0.000407 0.297920 0.000813 0.040768
0 0.000792 0.405888 0.001585 0.021952
0 0.000802 0.430080 0.001603 0.024192
0 0.000786 0.453376 0.001572 0.020608
0 0.000783 0.472640 0.001566 0.017024
0 0.000782 0.492352 0.001564 0.018816
0 0.000589 0.519680 0.001178 0.020608
0 0.000616 0.494144 0.001232 0.027776
0 0.000613 0.480704 0.001226 0.013440
0 0.000612 0.449792 0.001224 0.021056
0 0.000302 0.178304 0.000604 0.025984
0 0.000821 0.689024 0.001641 0.017472
0 0.000358 0.163072 0.000717 0.026880
0 0.000321 0.142464 0.000641 0.030912
0 0.000654 0.191296 0.001308 0.037632
0 0.000631 0.159040 0.001262 0.021952
0 0.000621 0.139776 0.001243 0.025984
0 0.000636 0.089152 0.001272 0.039872
0 0.000737 0.027776 0.001473 0.037184
0 0.000266 0.080640 0.000532 0.018816
0 0.000861 0.935872 0.001723 0.050176
0 0.000809 0.716352 0.001618 0.025536
0 0.000801 0.802368 0.001601 0.027328
0 0.000313 0.280448 0.000627 0.020608
