0 0.000939 0.320768 0.001877 0.043904
0 0.000907 0.306880 0.001815 0.034048
0 0.000197 0.776384 0.000394 0.052864
0 0.000228 0.731136 0.000457 0.055104
0 0.000255 0.685440 0.000509 0.051968
0 0.000279 0.635712 0.000558 0.054208
0 0.000328 0.700224 0.000657 0.043904
0 0.000358 0.655424 0.000716 0.049728
0 0.000409 0.577920 0.000818 0.035392
0 0.000452 0.567616 0.000905 0.035392
0 0.000306 0.750848 0.000611 0.052864
0 0.000277 0.798336 0.000553 0.048384
0 0.000249 0.844480 0.000497 0.052864
0 0.000227 0.885248 0.000453 0.064064
0 0.000519 0.308224 0.001037 0.133504
0 0.000574 0.270592 0.001147 0.029568
0 0.000617 0.260736 0.001234 0.036288
0 0.000592 0.385728 0.001183 0.037632
0 0.000633 0.375424 0.001266 0.040768
0 0.000674 0.367360 0.001348 0.033152
0 0.000706 0.244608 0.001412 0.035392
0 0.000736 0.336896 0.001472 0.038528
0 0.000762 0.357952 0.001524 0.031808
0 0.000751 0.241024 0.001502 0.045248
0 0.000821 0.318528 0.001641 0.035392
0 0.000167 0.827008 0.000334 0.037632
