0 0.012228 0.625856 0.020186 0.012096
0 0.000559 0.915712 0.001118 0.025536
0 0.001117 0.638848 0.002233 0.026432
0 0.000278 0.305984 0.000556 0.022848
0 0.000378 0.388864 0.000755 0.028224
0 0.000404 0.973056 0.000807 0.024192
0 0.000379 0.954688 0.000758 0.021952
0 0.000449 0.957824 0.000897 0.025536
0 0.000453 0.927808 0.000906 0.023296
0 0.000493 0.912576 0.000986 0.021952
0 0.000878 0.641536 0.001757 0.027328
0 0.000531 0.899136 0.001063 0.021952
0 0.000602 0.898688 0.001204 0.026880
0 0.000916 0.932288 0.001833 0.017920
0 0.000985 0.719488 0.001970 0.023744
0 0.000994 0.728896 0.001989 0.023296
0 0.000945 0.734272 0.001890 0.022400
0 0.000909 0.749056 0.001818 0.021504
0 0.000925 0.646016 0.001849 0.025536
0 0.000955 0.554624 0.001909 0.023744
0 0.000868 0.764288 0.001737 0.022400
0 0.000521 0.463680 0.001042 0.025536
0 0.000846 0.100800 0.001692 0.025984
0 0.000794 0.118720 0.001588 0.023296
0 0.000745 0.139328 0.001490 0.022848
0 0.000694 0.159040 0.001388 0.022400
0 0.000630 0.180096 0.001260 0.023296
0 0.000472 0.438144 0.000945 0.028224
0 0.000520 0.442176 0.001039 0.025536
0 0.000569 0.467712 0.001139 0.024640
0 0.000830 0.594048 0.001660 0.026432
0 0.000571 0.489664 0.001142 0.025536
0 0.000621 0.493248 0.001241 0.025536
0 0.000624 0.515200 0.001247 0.026432
0 0.000673 0.518336 0.001345 0.024192
0 0.000725 0.543872 0.001449 0.025984
0 0.000712 0.570304 0.001423 0.025088
0 0.000777 0.590464 0.001555 0.026432
0 0.000913 0.758912 0.001827 0.023296
0 0.000826 0.778624 0.001653 0.022400
0 0.012033 0.536704 0.020576 0.008960
0 0.012033 0.250432 0.020578 0.010304
0 0.010927 0.857920 0.018325 0.010752
0 0.011027 0.867328 0.018124 0.010304
0 0.010988 0.886592 0.018204 0.008512
0 0.011053 0.858816 0.018072 0.011200
0 0.010998 0.838656 0.018182 0.012096
0 0.012116 0.835520 0.020411 0.011200
0 0.011998 0.263872 0.020646 0.012096
0 0.012074 0.236544 0.020495 0.011200
0 0.010207 0.171136 0.019765 0.014336
0 0.011971 0.431872 0.020701 0.009856
0 0.011981 0.436352 0.020682 0.008512
0 0.012002 0.444864 0.020638 0.008064
0 0.011777 0.407232 0.021089 0.011648
0 0.011739 0.384832 0.021165 0.009408
0 0.010630 0.390656 0.018919 0.012544
0 0.010645 0.400512 0.018889 0.013888
0 0.010937 0.861056 0.018304 0.009408
0 0.012076 0.928704 0.020491 0.010304
0 0.000832 0.788928 0.001665 0.022400
0 0.011326 0.558208 0.021992 0.010752
0 0.000745 0.808640 0.001491 0.022848
0 0.000751 0.818944 0.001501 0.023296
0 0.000556 0.831488 0.001111 0.022848
0 0.000514 0.848512 0.001027 0.023296
0 0.000342 0.915712 0.000683 0.024192
0 0.000385 0.898240 0.000771 0.023296
0 0.011303 0.559552 0.022036 0.008960
0 0.011531 0.505792 0.021580 0.009856
0 0.012161 0.862400 0.020321 0.010304
0 0.000566 0.579712 0.001133 0.022400
0 0.000630 0.614208 0.001260 0.015232
0 0.011622 0.649152 0.021398 0.009856
0 0.012062 0.864192 0.020518 0.009856
0 0.012098 0.843136 0.020448 0.010304
0 0.012126 0.831936 0.020391 0.010752
0 0.012191 0.849856 0.020261 0.010752
0 0.000913 0.079296 0.001827 0.032256
