0 0.011076 0.425600 0.018027 0.059136
0 0.011793 0.247744 0.021056 0.043456
0 0.010178 0.609280 0.019823 0.023296
0 0.010171 0.143808 0.019836 0.058240
0 0.010184 0.081984 0.019810 0.051520
0 0.011441 0.227584 0.021761 0.042560
0 0.011537 0.051968 0.021569 0.035840
0 0.011678 0.165312 0.021287 0.019712
0 0.011729 0.042560 0.021185 0.047040
0 0.010706 0.033600 0.018766 0.059136
0 0.011812 0.079744 0.021019 0.030912
0 0.011857 0.061376 0.020930 0.031808
0 0.011849 0.242816 0.020945 0.035840
0 0.011068 0.492800 0.018042 0.052864
0 0.011912 0.256256 0.020820 0.043456
0 0.011876 0.245952 0.020890 0.036736
0 0.011185 0.283136 0.022273 0.025536
0 0.011182 0.378112 0.022279 0.022400
0 0.011178 0.410816 0.022286 0.018816
0 0.011184 0.430976 0.022275 0.015232
0 0.011179 0.448896 0.022284 0.017024
0 0.011184 0.480704 0.022275 0.023744
0 0.011177 0.501760 0.022288 0.017920
0 0.011178 0.521472 0.022286 0.017920
0 0.010433 0.362880 0.019312 0.063168
0 0.010379 0.353920 0.019420 0.069440
0 0.010178 0.586880 0.019823 0.022400
0 0.010181 0.562688 0.019817 0.022400
0 0.010364 0.206528 0.019450 0.065856
0 0.010425 0.213696 0.019329 0.063168
0 0.010466 0.221760 0.019247 0.063168
0 0.010492 0.223104 0.019195 0.063168
0 0.010555 0.232960 0.019068 0.065856
0 0.010584 0.233856 0.019010 0.065856
0 0.010615 0.239232 0.018949 0.060928
0 0.010704 0.253568 0.018770 0.059136
0 0.010827 0.268352 0.018524 0.065856
0 0.010890 0.275520 0.018399 0.058240
0 0.010517 0.366912 0.019145 0.064960
0 0.010700 0.375872 0.018779 0.065856
0 0.010772 0.389312 0.018634 0.068544
0 0.010488 0.364672 0.019202 0.072576
0 0.010460 0.356608 0.019258 0.070336
0 0.010733 0.382592 0.018712 0.071680
0 0.010224 0.447552 0.019732 0.027328
0 0.010225 0.471744 0.019728 0.023296
0 0.010212 0.492800 0.019754 0.018816
0 0.010183 0.515200 0.019812 0.019712
0 0.010187 0.540288 0.019804 0.023296
0 0.011176 0.538048 0.022292 0.017024
0 0.011174 0.556416 0.022295 0.016128
0 0.011176 0.572992 0.022292 0.020608
0 0.011915 0.389312 0.020812 0.047936
0 0.011931 0.538048 0.020781 0.060032
0 0.011981 0.541184 0.020680 0.040320
0 0.011810 0.755328 0.021023 0.044352
0 0.011853 0.758912 0.020937 0.044352
0 0.011792 0.836864 0.021058 0.042112
0 0.011858 0.850752 0.020928 0.040320
0 0.011901 0.770112 0.020840 0.044352
0 0.011929 0.774144 0.020784 0.042560
0 0.011915 0.866880 0.020812 0.040320
0 0.011952 0.868224 0.020740 0.046144
0 0.012125 0.620480 0.020393 0.024640
0 0.012121 0.638848 0.020400 0.020608
0 0.012113 0.663040 0.020417 0.020608
0 0.012111 0.678272 0.020421 0.020608
0 0.012104 0.706944 0.020436 0.017920
0 0.012108 0.726208 0.020427 0.025536
0 0.012109 0.748160 0.020425 0.028224
0 0.010891 0.090496 0.018396 0.073472
0 0.010881 0.051968 0.018416 0.062272
0 0.010990 0.075264 0.018198 0.064960
0 0.012104 0.023744 0.020434 0.037632
0 0.011903 0.531776 0.020836 0.047040
0 0.010721 0.488320 0.018737 0.051520
0 0.011173 0.593600 0.022297 0.018816
0 0.011752 0.361536 0.021138 0.045248
0 0.011177 0.609280 0.022290 0.019712
0 0.011171 0.628096 0.022301 0.020608
0 0.011177 0.645568 0.022290 0.017920
0 0.011179 0.660800 0.022284 0.023296
0 0.011176 0.681856 0.022292 0.020608
0 0.011178 0.698880 0.022286 0.020608
0 0.011173 0.719936 0.022297 0.019712
0 0.011176 0.736064 0.022292 0.016128
0 0.011176 0.772352 0.022292 0.023744
0 0.011174 0.792512 0.022295 0.023296
0 0.010180 0.772800 0.019819 0.060928
0 0.010210 0.777728 0.019758 0.060032
0 0.011348 0.798784 0.021947 0.046144
0 0.011542 0.726656 0.021559 0.043456
0 0.011567 0.814016 0.021509 0.043456
0 0.011648 0.734720 0.021347 0.030912
0 0.011669 0.737408 0.021304 0.035840
0 0.011690 0.737856 0.021263 0.038528
0 0.011764 0.745472 0.021114 0.038528
0 0.011729 0.835968 0.021185 0.045248
0 0.011719 0.373184 0.021205 0.050624
0 0.010333 0.201600 0.019512 0.065856
