0 0.012187 0.323456 0.020269 0.035840
0 0.011519 0.038528 0.021604 0.027776
0 0.012030 0.111552 0.020582 0.032704
0 0.012004 0.112448 0.020635 0.032704
0 0.011958 0.115136 0.020726 0.030912
0 0.011893 0.034048 0.020856 0.027776
0 0.011870 0.032704 0.020903 0.029120
0 0.011874 0.112896 0.020895 0.033600
0 0.011850 0.114688 0.020942 0.031808
0 0.011796 0.113344 0.021050 0.029120
0 0.011706 0.115136 0.021230 0.027776
0 0.011764 0.114240 0.021114 0.032704
0 0.011789 0.033600 0.021064 0.029120
0 0.011759 0.034944 0.021125 0.029120
0 0.011632 0.035392 0.021380 0.030016
0 0.011546 0.035840 0.021552 0.029120
0 0.011490 0.039424 0.021662 0.028672
0 0.012034 0.034944 0.020574 0.030912
0 0.011374 0.118720 0.021895 0.031808
0 0.011397 0.119616 0.021848 0.031808
0 0.011366 0.041216 0.021912 0.030016
0 0.011418 0.041216 0.021806 0.028672
0 0.011429 0.117376 0.021784 0.032704
0 0.005097 0.649152 0.007663 0.069440
0 0.004690 0.753536 0.008477 0.070784
0 0.004686 0.646912 0.008485 0.069888
0 0.004680 0.542976 0.008497 0.069440
0 0.004678 0.437696 0.008502 0.068544
0 0.004671 0.213696 0.008516 0.069888
0 0.004675 0.317184 0.008508 0.068544
0 0.005094 0.545216 0.007668 0.068544
0 0.005090 0.439936 0.007677 0.071680
0 0.012057 0.110656 0.020530 0.032704
0 0.012007 0.031360 0.020629 0.026880
0 0.012214 0.322112 0.020214 0.033600
0 0.011821 0.114240 0.021000 0.030912
0 0.012242 0.314944 0.020159 0.031808
0 0.012232 0.240128 0.020178 0.028672
0 0.012202 0.239232 0.020239 0.031808
0 0.011900 0.109312 0.020843 0.035840
0 0.011925 0.115136 0.020793 0.032704
0 0.012082 0.112448 0.020480 0.032704
0 0.012109 0.110208 0.020424 0.031808
0 0.012165 0.110208 0.020314 0.033600
0 0.012122 0.029120 0.020399 0.031808
0 0.012065 0.027776 0.020513 0.029120
0 0.011980 0.030016 0.020682 0.029120
0 0.011949 0.030464 0.020746 0.030016
0 0.011842 0.033152 0.020959 0.031808
0 0.011816 0.034048 0.021011 0.032704
0 0.011734 0.115584 0.021175 0.035840
0 0.012090 0.030016 0.020463 0.025984
0 0.011733 0.035392 0.021178 0.031808
0 0.011704 0.035840 0.021236 0.029120
0 0.011579 0.120512 0.021485 0.032704
0 0.011605 0.036288 0.021432 0.031808
0 0.011575 0.037632 0.021493 0.032704
0 0.011389 0.041216 0.021864 0.028672
0 0.011445 0.034496 0.021754 0.028672
0 0.011342 0.120512 0.021959 0.032704
0 0.011335 0.037184 0.021972 0.031808
0 0.011163 0.095424 0.022316 0.017920
0 0.011162 0.065408 0.022319 0.012992
0 0.012180 0.247296 0.020283 0.031808
0 0.012195 0.114240 0.020253 0.030912
0 0.012140 0.112448 0.020363 0.032704
0 0.005086 0.297472 0.007685 0.069888
