0 0.011178 0.896896 0.022286 0.012544
0 0.000998 0.730688 0.001995 0.042112
0 0.011388 0.748608 0.021867 0.016128
0 0.011362 0.748160 0.021919 0.015680
0 0.011405 0.811328 0.021833 0.019712
0 0.011326 0.822080 0.021991 0.019264
0 0.000575 0.957824 0.001150 0.035392
0 0.000573 0.914368 0.001146 0.041216
0 0.000831 0.525056 0.001661 0.041216
0 0.000926 0.648704 0.001852 0.037632
0 0.000964 0.688576 0.001929 0.039872
0 0.000721 0.717696 0.001441 0.033152
0 0.011408 0.743680 0.021827 0.018368
0 0.000694 0.675136 0.001387 0.037184
0 0.000662 0.634816 0.001325 0.040320
0 0.000626 0.597184 0.001252 0.039424
0 0.000590 0.554624 0.001179 0.036736
0 0.000555 0.513408 0.001111 0.032704
0 0.000531 0.474880 0.001061 0.040320
0 0.000314 0.574784 0.000627 0.040768
0 0.000259 0.502208 0.000517 0.034496
0 0.000368 0.269696 0.000735 0.038080
0 0.011273 0.760704 0.022097 0.018368
0 0.011252 0.763392 0.022139 0.018368
0 0.011243 0.764288 0.022157 0.018816
0 0.011184 0.771456 0.022276 0.020160
0 0.011456 0.802816 0.021732 0.017920
0 0.011369 0.814464 0.021904 0.017920
0 0.011346 0.816704 0.021952 0.018368
0 0.011270 0.827008 0.022103 0.021504
0 0.011294 0.826112 0.022056 0.017024
0 0.011206 0.835072 0.022230 0.018368
0 0.011163 0.772800 0.022317 0.018816
0 0.011206 0.767424 0.022230 0.016128
0 0.011194 0.656768 0.022255 0.015232
0 0.011381 0.621376 0.021881 0.015680
0 0.011635 0.880320 0.021373 0.017920
0 0.011610 0.882560 0.021422 0.017472
0 0.011583 0.885248 0.021476 0.021056
0 0.011446 0.806400 0.021750 0.019264
0 0.011429 0.809984 0.021786 0.017024
0 0.011174 0.879424 0.022294 0.011200
0 0.011265 0.831936 0.022114 0.017024
0 0.011227 0.831936 0.022189 0.016128
0 0.011181 0.838208 0.022280 0.019712
0 0.000517 0.119168 0.001034 0.037184
