0 0.000928 0.302848 0.001856 0.038976
0 0.000940 0.361088 0.001880 0.038528
0 0.000250 0.204288 0.000500 0.043904
0 0.000238 0.146944 0.000476 0.043904
0 0.000262 0.374080 0.000525 0.043904
0 0.000272 0.486976 0.000544 0.044800
0 0.000278 0.543872 0.000556 0.043904
0 0.000283 0.599872 0.000565 0.043904
0 0.000310 0.713216 0.000619 0.061376
0 0.000532 0.194880 0.001064 0.036736
0 0.000538 0.251776 0.001075 0.037632
0 0.000545 0.307776 0.001090 0.036288
0 0.000557 0.482496 0.001114 0.041216
0 0.000569 0.539392 0.001137 0.039872
0 0.000608 0.707392 0.001215 0.056000
0 0.000612 0.766080 0.001224 0.053312
0 0.000618 0.822976 0.001235 0.055104
0 0.000625 0.879424 0.001250 0.055104
0 0.000632 0.936768 0.001264 0.054208
0 0.000305 0.771008 0.000609 0.054208
0 0.001016 0.874048 0.002032 0.056000
0 0.001009 0.761152 0.002019 0.057344
0 0.000997 0.703360 0.001994 0.057344
0 0.000956 0.582848 0.001913 0.042112
0 0.000971 0.532672 0.001942 0.043008
0 0.000967 0.477120 0.001934 0.042112
0 0.000965 0.419776 0.001929 0.043008
0 0.000256 0.260736 0.000512 0.043456
