0 0.000602 0.839104 0.001204 0.036288
0 0.000543 0.865536 0.001085 0.029568
0 0.000455 0.307328 0.000911 0.053760
0 0.000509 0.378112 0.001018 0.018816
0 0.000438 0.381248 0.000876 0.027776
0 0.000397 0.403648 0.000794 0.025536
0 0.000354 0.588224 0.000708 0.031360
0 0.000355 0.632576 0.000710 0.034944
0 0.000350 0.677376 0.000700 0.035840
0 0.000359 0.722624 0.000717 0.035392
0 0.000547 0.723968 0.001095 0.035392
0 0.000594 0.747264 0.001189 0.036736
0 0.000600 0.657664 0.001200 0.033600
0 0.000541 0.629888 0.001082 0.030912
0 0.000598 0.608832 0.001197 0.034944
0 0.000555 0.540288 0.001110 0.038976
0 0.000790 0.538496 0.001580 0.033152
0 0.000790 0.631680 0.001580 0.035840
0 0.000790 0.677376 0.001580 0.029120
0 0.000797 0.723520 0.001594 0.036736
0 0.000790 0.769216 0.001580 0.035840
0 0.000929 0.077056 0.001858 0.036736
0 0.000907 0.250432 0.001814 0.035840
0 0.000796 0.218624 0.001592 0.046592
0 0.000794 0.273280 0.001588 0.041216
0 0.000858 0.307328 0.001716 0.036288
0 0.000795 0.329728 0.001590 0.034496
0 0.000795 0.376320 0.001590 0.035392
0 0.000791 0.908096 0.001582 0.030016
0 0.000545 0.908992 0.001089 0.041216
0 0.000606 0.887488 0.001212 0.038528
0 0.000535 0.256256 0.001070 0.067200
