0 0.012176 0.916160 0.020292 0.039424
0 0.011320 0.934528 0.022004 0.043904
0 0.012173 0.299712 0.020297 0.051072
0 0.012142 0.296128 0.020358 0.058240
0 0.012113 0.293888 0.020417 0.071232
0 0.012087 0.290304 0.020469 0.058240
0 0.012054 0.288512 0.020535 0.061376
0 0.011931 0.078848 0.020781 0.034944
0 0.010063 0.149632 0.020053 0.112448
0 0.010320 0.443072 0.019538 0.096320
0 0.011945 0.039424 0.020753 0.034944
0 0.011956 0.117376 0.020730 0.033600
0 0.011325 0.892864 0.021993 0.047936
0 0.012185 0.854784 0.020274 0.039424
0 0.011327 0.819840 0.021988 0.039424
0 0.011339 0.790272 0.021965 0.046592
0 0.011340 0.756672 0.021963 0.040768
0 0.011341 0.725760 0.021960 0.038080
0 0.010575 0.510272 0.019028 0.040768
0 0.010784 0.616000 0.018611 0.112448
0 0.010753 0.467712 0.018672 0.110656
0 0.010318 0.508032 0.019543 0.077056
0 0.010329 0.401408 0.019520 0.080192
0 0.010347 0.296576 0.019484 0.091840
0 0.012233 0.317632 0.020176 0.067200
0 0.012067 0.460544 0.020510 0.026432
0 0.012062 0.491456 0.020520 0.032256
0 0.012049 0.520576 0.020545 0.034944
0 0.012186 0.796544 0.020271 0.039424
0 0.012201 0.743232 0.020240 0.026432
0 0.012204 0.715008 0.020235 0.033600
0 0.012206 0.682304 0.020230 0.032256
0 0.012211 0.632576 0.020220 0.034944
0 0.012220 0.575680 0.020202 0.034944
0 0.012124 0.875392 0.020394 0.030464
0 0.012127 0.846272 0.020389 0.033600
0 0.012137 0.815808 0.020369 0.036288
0 0.012140 0.763840 0.020363 0.034944
0 0.012129 0.733824 0.020384 0.039424
0 0.012145 0.702464 0.020353 0.040768
0 0.012140 0.653184 0.020363 0.032256
0 0.012170 0.510272 0.020302 0.034944
0 0.012177 0.482496 0.020289 0.038080
0 0.012015 0.726656 0.020612 0.033600
0 0.012033 0.693952 0.020576 0.040768
0 0.012046 0.633920 0.020551 0.032256
0 0.012049 0.606592 0.020545 0.029120
0 0.012050 0.577472 0.020543 0.029120
0 0.012047 0.548800 0.020548 0.027776
0 0.010355 0.241920 0.019469 0.087360
