0 0.001012 0.361088 0.002025 0.028672
0 0.000611 0.635712 0.001222 0.025984
0 0.000588 0.696192 0.001175 0.027328
0 0.000539 0.706048 0.001077 0.027328
0 0.000552 0.675584 0.001105 0.027328
0 0.000562 0.646464 0.001123 0.026432
0 0.000573 0.616896 0.001146 0.028224
0 0.000425 0.595392 0.000850 0.028672
0 0.000460 0.615104 0.000920 0.026432
0 0.000424 0.707392 0.000848 0.027328
0 0.000398 0.656768 0.000796 0.024640
0 0.000369 0.717696 0.000738 0.026432
0 0.000275 0.682304 0.000550 0.025536
0 0.000286 0.651392 0.000572 0.024640
0 0.000302 0.621376 0.000603 0.023744
0 0.000323 0.560448 0.000646 0.027776
0 0.012502 0.424256 0.024104 0.033152
0 0.000582 0.183680 0.001164 0.025536
0 0.000538 0.307776 0.001075 0.042112
0 0.000599 0.664832 0.001198 0.027776
0 0.000561 0.757120 0.001122 0.025536
0 0.000985 0.423360 0.001969 0.025536
0 0.000551 0.787584 0.001101 0.028224
0 0.000925 0.577024 0.001851 0.025984
0 0.000863 0.684096 0.001727 0.027328
0 0.000398 0.768768 0.000796 0.027328
0 0.000377 0.828800 0.000753 0.028672
0 0.000334 0.809984 0.000668 0.026432
0 0.000215 0.834624 0.000429 0.023296
0 0.000226 0.804160 0.000452 0.028224
0 0.000760 0.653632 0.001520 0.029120
0 0.000711 0.666176 0.001421 0.027776
0 0.000738 0.715904 0.001475 0.027328
0 0.000689 0.726208 0.001377 0.027776
0 0.000725 0.747264 0.001449 0.024640
0 0.000712 0.777280 0.001423 0.025088
0 0.000665 0.787136 0.001331 0.028224
0 0.000651 0.819392 0.001301 0.028224
0 0.000490 0.828800 0.000981 0.028672
0 0.000502 0.800128 0.001003 0.030912
0 0.000561 0.225344 0.001122 0.028224
