0 0.000344 0.547456 0.000687 0.029568
0 0.001021 0.499072 0.002042 0.051520
0 0.000843 0.338240 0.001687 0.051072
0 0.000641 0.388416 0.001281 0.041216
0 0.000696 0.359744 0.001391 0.048832
0 0.000756 0.269696 0.001513 0.042560
0 0.000648 0.232064 0.001297 0.030464
0 0.000626 0.261632 0.001252 0.030016
0 0.000598 0.292992 0.001196 0.025088
0 0.000581 0.322560 0.001163 0.030912
0 0.000549 0.297472 0.001099 0.030464
0 0.000577 0.268352 0.001153 0.030912
0 0.000596 0.238784 0.001191 0.029568
0 0.000617 0.208768 0.001234 0.030464
0 0.000546 0.172032 0.001092 0.030016
0 0.000463 0.224000 0.000926 0.044800
0 0.012636 0.107520 0.023834 0.034496
0 0.000915 0.416192 0.001830 0.064960
0 0.000908 0.694400 0.001816 0.017920
0 0.000319 0.429632 0.000638 0.027776
0 0.000951 0.693952 0.001902 0.017024
0 0.000426 0.344064 0.000852 0.028224
0 0.000392 0.332416 0.000785 0.027328
0 0.000363 0.345856 0.000727 0.027776
0 0.000334 0.287616 0.000669 0.045248
0 0.012306 0.064064 0.024496 0.041664
0 0.001024 0.853440 0.002048 0.018368
0 0.000975 0.854336 0.001950 0.016576
0 0.000930 0.855680 0.001860 0.018368
0 0.000758 0.859264 0.001516 0.027328
0 0.000750 0.834176 0.001501 0.029568
0 0.000793 0.809984 0.001586 0.029568
0 0.000884 0.785344 0.001769 0.017920
0 0.000929 0.783104 0.001857 0.020160
0 0.000904 0.763392 0.001807 0.019264
0 0.001003 0.760704 0.002005 0.018816
0 0.000379 0.168896 0.000759 0.093184
