0 0.012028 0.093632 0.020588 0.021952
0 0.012047 0.087808 0.020549 0.020608
0 0.005344 0.268352 0.007169 0.052864
0 0.005340 0.336000 0.007176 0.053760
0 0.005337 0.404544 0.007182 0.054208
0 0.005052 0.268800 0.007754 0.055552
0 0.005048 0.350784 0.007761 0.053760
0 0.005045 0.431424 0.007768 0.053760
0 0.005038 0.581504 0.007781 0.054208
0 0.005035 0.662592 0.007787 0.053760
0 0.005033 0.744576 0.007790 0.053760
0 0.005028 0.825216 0.007801 0.054656
0 0.005325 0.711872 0.007207 0.053312
0 0.005321 0.792960 0.007216 0.053760
0 0.005327 0.630336 0.007202 0.054208
0 0.005331 0.549696 0.007195 0.053760
0 0.004741 0.738304 0.008375 0.054208
0 0.004746 0.657216 0.008365 0.053760
0 0.004748 0.574784 0.008360 0.054208
0 0.004753 0.489216 0.008351 0.052864
0 0.004756 0.408128 0.008345 0.052864
0 0.012046 0.151872 0.020551 0.021056
0 0.012149 0.152320 0.020345 0.021056
0 0.012063 0.085568 0.020517 0.022848
0 0.012130 0.152320 0.020383 0.023296
0 0.012064 0.150976 0.020514 0.022848
0 0.012231 0.153664 0.020181 0.021952
0 0.011099 0.093184 0.017981 0.030464
0 0.012117 0.087808 0.020409 0.022848
0 0.005348 0.200256 0.007161 0.054208
