0 0.000376 0.742336 0.000751 0.033600
0 0.000837 0.751296 0.001673 0.026880
0 0.000535 0.725760 0.001069 0.034048
0 0.000552 0.721728 0.001105 0.030464
0 0.000575 0.645120 0.001151 0.029120
0 0.000596 0.668864 0.001191 0.035392
0 0.000615 0.693952 0.001230 0.034048
0 0.000655 0.743680 0.001309 0.037184
0 0.000764 0.652736 0.001529 0.032256
0 0.000756 0.626304 0.001512 0.027776
0 0.000826 0.628992 0.001652 0.034048
0 0.000835 0.589568 0.001669 0.033600
0 0.000853 0.758912 0.001707 0.021952
0 0.000394 0.770560 0.000788 0.034048
0 0.000876 0.768320 0.001751 0.022848
0 0.000897 0.779072 0.001793 0.026880
0 0.000918 0.675584 0.001837 0.027776
0 0.000909 0.592256 0.001817 0.029120
0 0.000932 0.602560 0.001863 0.031360
0 0.000952 0.611968 0.001904 0.025536
0 0.000976 0.620480 0.001952 0.025536
0 0.000984 0.744128 0.001969 0.034048
0 0.000991 0.775488 0.001982 0.030016
0 0.000999 0.568960 0.001998 0.032704
0 0.000533 0.696192 0.001066 0.032256
0 0.000449 0.029568 0.000898 0.021952
0 0.000431 0.030016 0.000862 0.025536
0 0.000416 0.026880 0.000832 0.034048
0 0.000227 0.323008 0.000453 0.032256
0 0.000261 0.365120 0.000522 0.034944
0 0.000297 0.407232 0.000594 0.037184
0 0.000388 0.320320 0.000777 0.026432
0 0.000453 0.445312 0.000907 0.032256
0 0.000517 0.391104 0.001035 0.032704
0 0.000519 0.357504 0.001038 0.032704
0 0.000522 0.323904 0.001045 0.033600
0 0.000530 0.292544 0.001059 0.034048
0 0.000538 0.263424 0.001075 0.034048
0 0.000544 0.229824 0.001088 0.032256
0 0.000539 0.596288 0.001078 0.034048
0 0.000499 0.547904 0.000998 0.032256
0 0.000439 0.603008 0.000877 0.033600
0 0.000457 0.627648 0.000914 0.032256
0 0.000477 0.650496 0.000953 0.033600
0 0.000495 0.675584 0.000990 0.033600
0 0.000514 0.671552 0.001029 0.032704
0 0.000557 0.620480 0.001114 0.032704
0 0.000417 0.084672 0.000835 0.035392
0 0.000427 0.048384 0.000855 0.032704
0 0.000978 0.558208 0.001956 0.026432
0 0.000955 0.550592 0.001910 0.026880
0 0.000932 0.541632 0.001864 0.025088
0 0.000721 0.527744 0.001442 0.034048
0 0.000202 0.519232 0.000404 0.035392
0 0.000183 0.486080 0.000367 0.043456
0 0.000155 0.450688 0.000310 0.043456
0 0.000353 0.568512 0.000705 0.025088
0 0.000404 0.660352 0.000807 0.041216
0 0.000419 0.685888 0.000839 0.032704
0 0.000446 0.707840 0.000892 0.044352
0 0.000454 0.732480 0.000909 0.025088
0 0.000496 0.784896 0.000991 0.034048
0 0.000512 0.808192 0.001025 0.026880
0 0.000534 0.832832 0.001067 0.032256
0 0.000553 0.749504 0.001106 0.031360
0 0.000571 0.775936 0.001142 0.032256
0 0.000610 0.796096 0.001221 0.033600
0 0.000611 0.822976 0.001223 0.033600
0 0.000517 0.926912 0.001034 0.034944
0 0.000497 0.899136 0.000994 0.034944
0 0.000476 0.873600 0.000952 0.036288
0 0.000455 0.846720 0.000911 0.030464
0 0.000439 0.818944 0.000877 0.037184
0 0.000414 0.795648 0.000828 0.035392
0 0.000287 0.624064 0.000574 0.041216
0 0.000727 0.495488 0.001455 0.036288
0 0.000912 0.532224 0.001824 0.025536
0 0.000363 0.494144 0.000726 0.030016
0 0.000868 0.510720 0.001736 0.028672
0 0.000806 0.480256 0.001611 0.026880
0 0.000785 0.495936 0.001569 0.034048
0 0.000816 0.436800 0.001631 0.023296
0 0.000797 0.407232 0.001594 0.031360
0 0.000827 0.394688 0.001654 0.032704
0 0.000807 0.363776 0.001614 0.025536
0 0.000835 0.351232 0.001669 0.022848
0 0.000922 0.366016 0.001845 0.031360
0 0.000944 0.376320 0.001888 0.027776
0 0.000967 0.384384 0.001933 0.027776
0 0.000990 0.336000 0.001979 0.028672
0 0.001012 0.345408 0.002024 0.026880
0 0.000968 0.327488 0.001935 0.027776
0 0.000959 0.302400 0.001917 0.023296
0 0.001031 0.412608 0.002062 0.027776
0 0.001056 0.363776 0.002112 0.027776
0 0.000916 0.298368 0.001832 0.031360
0 0.001017 0.763392 0.002034 0.020160
0 0.001013 0.796096 0.002027 0.025536
0 0.000372 0.460992 0.000743 0.029120
0 0.000091 0.326144 0.000183 0.037184
