0 0.004615 0.707392 0.008627 0.049280
0 0.005032 0.646912 0.007793 0.050176
0 0.004735 0.286720 0.008386 0.049280
0 0.004725 0.351680 0.008407 0.049280
0 0.004963 0.229376 0.007930 0.049280
0 0.004953 0.294784 0.007951 0.048384
0 0.004942 0.380352 0.007973 0.048384
0 0.005535 0.198464 0.006788 0.051072
0 0.005042 0.570304 0.007773 0.048384
0 0.004624 0.643776 0.008609 0.047488
0 0.005053 0.505792 0.007750 0.048384
0 0.004866 0.492800 0.008125 0.049280
0 0.004856 0.557312 0.008146 0.049280
0 0.004844 0.633920 0.008168 0.047488
0 0.004643 0.502656 0.008571 0.049280
0 0.004635 0.567168 0.008587 0.047488
0 0.015666 0.309120 0.031169 0.046592
