0 0.012239 0.034944 0.020165 0.022848
0 0.004818 0.672000 0.008222 0.133952
0 0.012232 0.756672 0.020178 0.032256
0 0.012232 0.086464 0.020180 0.019712
0 0.005039 0.359744 0.007779 0.133056
0 0.004994 0.435456 0.007870 0.133056
0 0.004672 0.389312 0.008513 0.129024
0 0.004588 0.526400 0.008681 0.132608
0 0.004862 0.595840 0.008133 0.133952
0 0.004771 0.749056 0.008315 0.133056
0 0.011656 0.860608 0.021331 0.026880
0 0.004725 0.826112 0.008407 0.134848
0 0.005057 0.769664 0.007743 0.133056
0 0.005105 0.689472 0.007648 0.133952
0 0.005153 0.609728 0.007551 0.131712
0 0.005200 0.529984 0.007457 0.133056
0 0.005250 0.446208 0.007358 0.134848
0 0.005303 0.361088 0.007251 0.132608
0 0.011665 0.847168 0.021313 0.030016
0 0.011632 0.906304 0.021380 0.026880
0 0.011836 0.929152 0.020971 0.026880
0 0.011639 0.889728 0.021365 0.028224
0 0.011813 0.956480 0.021017 0.028224
0 0.011768 0.889280 0.021107 0.030912
0 0.011725 0.884352 0.021193 0.029120
0 0.011717 0.899584 0.021209 0.032256
0 0.011743 0.933184 0.021156 0.030016
0 0.011720 0.976640 0.021204 0.029120
0 0.011688 0.959168 0.021267 0.028224
0 0.011650 0.877632 0.021343 0.027776
0 0.011625 0.923776 0.021392 0.028224
0 0.011686 0.804160 0.021270 0.029120
0 0.011680 0.819392 0.021283 0.028224
0 0.011735 0.960960 0.021172 0.029120
0 0.011754 0.855232 0.021134 0.032256
0 0.011713 0.929600 0.021216 0.025984
0 0.011760 0.919744 0.021123 0.026880
0 0.011766 0.902720 0.021112 0.030912
0 0.005087 0.283584 0.007683 0.132608
