0 0.011599 0.207872 0.021444 0.010752
0 0.011474 0.203840 0.021696 0.009856
0 0.011490 0.073472 0.021662 0.009408
0 0.011517 0.035392 0.021609 0.008064
0 0.011548 0.067200 0.021547 0.009856
0 0.011470 0.102144 0.021703 0.010304
0 0.011506 0.143360 0.021631 0.010304
0 0.011524 0.114688 0.021595 0.010752
0 0.011347 0.116928 0.021950 0.009856
0 0.011345 0.107072 0.021952 0.010304
0 0.011357 0.088256 0.021928 0.009856
0 0.011360 0.077504 0.021923 0.009856
0 0.005025 0.205632 0.007807 0.055104
0 0.005053 0.154560 0.007751 0.056000
0 0.004994 0.254912 0.007869 0.054208
0 0.004964 0.305088 0.007929 0.055104
0 0.004932 0.354816 0.007994 0.055104
0 0.004686 0.838656 0.008485 0.056448
0 0.004718 0.788928 0.008420 0.056448
0 0.004748 0.739200 0.008360 0.056000
0 0.004781 0.689472 0.008296 0.055552
0 0.005054 0.579712 0.007749 0.050624
0 0.004919 0.570752 0.008020 0.051072
0 0.004849 0.494144 0.008159 0.055104
0 0.004884 0.440384 0.008089 0.054656
0 0.011541 0.076608 0.021561 0.009856
0 0.011470 0.214592 0.021703 0.011200
0 0.011623 0.171136 0.021396 0.010752
0 0.011458 0.140224 0.021727 0.010752
0 0.011622 0.160384 0.021398 0.009408
0 0.011674 0.076608 0.021295 0.009856
0 0.011691 0.047488 0.021262 0.008512
0 0.011691 0.027328 0.021262 0.009408
0 0.011524 0.105280 0.021595 0.009856
0 0.011495 0.182336 0.021653 0.010752
0 0.011530 0.096320 0.021583 0.011648
0 0.011470 0.092736 0.021703 0.011200
0 0.011549 0.273280 0.021545 0.012096
0 0.011554 0.253568 0.021535 0.012544
0 0.011611 0.189952 0.021420 0.010752
0 0.011614 0.180992 0.021415 0.010752
0 0.011631 0.151424 0.021382 0.009856
0 0.011634 0.142464 0.021374 0.010752
0 0.011640 0.132160 0.021362 0.011200
0 0.011646 0.122304 0.021350 0.012544
0 0.011652 0.103936 0.021338 0.012544
0 0.011656 0.094080 0.021331 0.011200
0 0.011671 0.085568 0.021300 0.010752
0 0.011673 0.067200 0.021298 0.009408
0 0.011685 0.057344 0.021274 0.010752
0 0.011681 0.037184 0.021281 0.010752
0 0.011465 0.120960 0.021712 0.011200
0 0.005084 0.104384 0.007689 0.054208
