0 0.011400 0.689472 0.021843 0.018368
0 0.011808 0.137088 0.021026 0.024192
0 0.011768 0.080192 0.021106 0.025536
0 0.011786 0.099904 0.021071 0.024192
0 0.011797 0.128576 0.021049 0.021056
0 0.011736 0.151872 0.021172 0.021504
0 0.011729 0.141120 0.021185 0.021504
0 0.011721 0.129472 0.021200 0.021504
0 0.011705 0.106624 0.021232 0.023744
0 0.005084 0.874048 0.007690 0.110208
0 0.005041 0.806848 0.007775 0.112000
0 0.004999 0.738752 0.007859 0.110208
0 0.004958 0.671104 0.007942 0.112896
0 0.004915 0.603008 0.008027 0.112000
0 0.005211 0.698432 0.007436 0.112000
0 0.005251 0.765632 0.007354 0.112000
0 0.006477 0.665728 0.009367 0.132160
0 0.005168 0.630784 0.007521 0.112000
0 0.005126 0.562688 0.007605 0.112000
0 0.005084 0.495936 0.007689 0.112896
0 0.014036 0.308224 0.025499 0.110656
0 0.004731 0.486976 0.008394 0.110208
0 0.004684 0.412160 0.008489 0.112896
0 0.004644 0.344512 0.008570 0.113344
0 0.004601 0.277312 0.008655 0.114240
0 0.011681 0.072576 0.021281 0.025088
0 0.011662 0.036736 0.021319 0.023744
0 0.011648 0.012992 0.021347 0.024192
0 0.011372 0.663936 0.021898 0.017472
0 0.011790 0.115584 0.021062 0.024192
0 0.011751 0.174272 0.021141 0.019712
0 0.011743 0.162176 0.021158 0.021504
0 0.011697 0.095872 0.021249 0.021504
0 0.011677 0.058688 0.021288 0.021504
0 0.011667 0.048384 0.021309 0.022848
0 0.010312 0.714112 0.019554 0.022848
0 0.010296 0.702464 0.019587 0.019712
0 0.010329 0.723072 0.019520 0.020160
0 0.010265 0.677376 0.019648 0.018816
0 0.011361 0.653184 0.021921 0.016576
0 0.011822 0.161728 0.020999 0.024192
0 0.011354 0.638848 0.021934 0.011648
0 0.011342 0.626304 0.021959 0.012544
0 0.011334 0.610624 0.021974 0.013888
0 0.011322 0.592256 0.021999 0.015680
0 0.011313 0.575680 0.022017 0.016576
0 0.011308 0.561792 0.022026 0.015680
0 0.011301 0.542528 0.022040 0.019712
0 0.011294 0.524608 0.022056 0.021504
0 0.011293 0.504448 0.022057 0.021504
0 0.011957 0.378112 0.020728 0.025088
0 0.004558 0.207872 0.008740 0.113344
