0 0.010223 0.581952 0.019733 0.077952
0 0.010832 0.552832 0.018514 0.060032
0 0.010624 0.792512 0.018930 0.127232
0 0.010697 0.842240 0.018784 0.053312
0 0.010893 0.557312 0.018392 0.065856
0 0.010830 0.355712 0.018519 0.034944
0 0.010941 0.563584 0.018297 0.058240
0 0.010367 0.491008 0.019444 0.052416
0 0.010979 0.059584 0.018220 0.062272
0 0.011042 0.224000 0.018094 0.132160
0 0.010858 0.713216 0.018462 0.030016
0 0.011532 0.587328 0.021578 0.047488
0 0.010456 0.772800 0.019267 0.125440
0 0.011836 0.620928 0.020971 0.048384
0 0.011887 0.632128 0.020868 0.060480
0 0.011977 0.737408 0.020689 0.033152
0 0.011971 0.760256 0.020701 0.029120
0 0.011963 0.781760 0.020718 0.032256
0 0.011923 0.327488 0.020797 0.033152
0 0.011315 0.700672 0.022013 0.043008
0 0.011648 0.417984 0.021346 0.034944
0 0.011669 0.419776 0.021306 0.041664
0 0.010300 0.747712 0.019578 0.123648
