0 0.011884 0.971712 0.020874 0.039424
0 0.011973 0.852992 0.020696 0.034048
0 0.011938 0.723520 0.020767 0.036736
0 0.011999 0.652288 0.020644 0.028672
0 0.011904 0.267904 0.020834 0.035840
0 0.012158 0.624512 0.020327 0.037632
0 0.005060 0.715008 0.007738 0.186368
0 0.004967 0.650048 0.007924 0.187264
0 0.004876 0.583744 0.008105 0.189056
0 0.004764 0.504000 0.008329 0.186368
0 0.004672 0.438144 0.008513 0.185472
0 0.004825 0.238336 0.008207 0.189056
0 0.004918 0.303296 0.008021 0.188160
0 0.005029 0.382592 0.007799 0.189952
0 0.005122 0.450688 0.007613 0.188160
0 0.005214 0.515200 0.007430 0.186368
