0 0.000587 0.495936 0.001174 0.050624
0 0.000810 0.267008 0.001620 0.025536
0 0.000843 0.232960 0.001686 0.025984
0 0.000862 0.241472 0.001725 0.022400
0 0.000873 0.261632 0.001747 0.026432
0 0.000943 0.232064 0.001886 0.029568
0 0.000917 0.227584 0.001833 0.022400
0 0.000920 0.210112 0.001839 0.028672
0 0.000983 0.192640 0.001965 0.022400
0 0.000999 0.210560 0.001999 0.022400
0 0.000194 0.689024 0.000388 0.023744
0 0.000211 0.703360 0.000422 0.020608
0 0.000271 0.644224 0.000541 0.047936
0 0.000295 0.646464 0.000590 0.037184
0 0.000305 0.671552 0.000610 0.025536
0 0.000286 0.669312 0.000573 0.034944
0 0.000313 0.692160 0.000625 0.035840
0 0.000342 0.711424 0.000683 0.034944
0 0.000404 0.619584 0.000808 0.038976
0 0.000415 0.607488 0.000830 0.020608
0 0.000431 0.598528 0.000862 0.020160
0 0.000438 0.608384 0.000876 0.021056
0 0.000461 0.627648 0.000921 0.024640
0 0.000787 0.250880 0.001573 0.025536
0 0.000821 0.283136 0.001642 0.017472
0 0.000511 0.595392 0.001023 0.018816
0 0.000786 0.318080 0.001572 0.036288
0 0.000121 0.110208 0.000243 0.025984
0 0.000264 0.061824 0.000527 0.031360
0 0.000313 0.047936 0.000626 0.022848
0 0.000297 0.030912 0.000594 0.021504
0 0.000327 0.030912 0.000654 0.030464
0 0.000379 0.021504 0.000758 0.024640
0 0.000675 0.450688 0.001350 0.035840
0 0.000650 0.429184 0.001299 0.038080
0 0.000616 0.404096 0.001233 0.042560
0 0.000697 0.376768 0.001394 0.022848
0 0.000756 0.427840 0.001511 0.034048
0 0.000830 0.442624 0.001660 0.022848
0 0.000773 0.472640 0.001546 0.024192
0 0.000760 0.459648 0.001520 0.022848
0 0.000816 0.444864 0.001633 0.060480
0 0.000851 0.431872 0.001702 0.032704
0 0.000883 0.416192 0.001767 0.039872
0 0.000875 0.396032 0.001749 0.030016
0 0.000834 0.401408 0.001669 0.040768
0 0.000859 0.374528 0.001718 0.029568
0 0.000841 0.360192 0.001683 0.053312
0 0.000467 0.614208 0.000934 0.014784
0 0.000494 0.581504 0.000988 0.027328
0 0.000514 0.445760 0.001029 0.059136
0 0.000306 0.719936 0.000612 0.020160
0 0.000045 0.812224 0.000091 0.018816
0 0.000065 0.827008 0.000129 0.019712
0 0.000115 0.809088 0.000230 0.022400
0 0.000137 0.805952 0.000274 0.020608
0 0.000118 0.791168 0.000236 0.022848
0 0.000155 0.821632 0.000310 0.021056
0 0.000169 0.835520 0.000338 0.017472
0 0.000150 0.837312 0.000301 0.021504
0 0.000169 0.852096 0.000337 0.021056
0 0.000187 0.867328 0.000373 0.021504
0 0.000210 0.865088 0.000420 0.023296
0 0.000204 0.881664 0.000408 0.020608
0 0.000096 0.793856 0.000192 0.021952
0 0.000101 0.777280 0.000202 0.021056
0 0.000085 0.761600 0.000169 0.022848
0 0.000137 0.885696 0.000274 0.021504
0 0.000174 0.915712 0.000348 0.021952
0 0.001021 0.139328 0.002042 0.032256
0 0.001005 0.117376 0.002009 0.032704
0 0.000976 0.115136 0.001951 0.031808
0 0.000981 0.097216 0.001963 0.025984
0 0.000288 0.706048 0.000576 0.021504
0 0.000324 0.735168 0.000648 0.020608
0 0.000517 0.555072 0.001034 0.035392
0 0.000343 0.750848 0.000686 0.019264
0 0.000475 0.565376 0.000950 0.026880
0 0.000491 0.536704 0.000982 0.033600
0 0.000459 0.551488 0.000919 0.031360
0 0.000457 0.517888 0.000914 0.037184
0 0.000430 0.497280 0.000860 0.056448
0 0.000399 0.593152 0.000798 0.022400
0 0.000376 0.598976 0.000752 0.038080
0 0.000317 0.584192 0.000633 0.037632
0 0.000229 0.799680 0.000457 0.022848
0 0.000209 0.784448 0.000419 0.021504
0 0.000156 0.739648 0.000311 0.021504
0 0.000136 0.743232 0.000272 0.021952
0 0.000153 0.758464 0.000307 0.021504
0 0.000167 0.772352 0.000335 0.017920
0 0.000185 0.786688 0.000370 0.017472
0 0.000202 0.801472 0.000404 0.017472
0 0.000220 0.816256 0.000440 0.017472
0 0.000241 0.831040 0.000482 0.019264
0 0.000265 0.828800 0.000529 0.023744
0 0.000275 0.858816 0.000549 0.015232
0 0.000361 0.765184 0.000722 0.019712
0 0.000066 0.134848 0.000133 0.027776
