0 0.000193 0.790720 0.000386 0.052864
0 0.000410 0.663488 0.000820 0.054208
0 0.000973 0.376768 0.001946 0.054208
0 0.001018 0.358400 0.002037 0.052864
0 0.001016 0.251776 0.002033 0.051968
0 0.000762 0.492800 0.001524 0.055104
0 0.000656 0.562240 0.001312 0.060928
0 0.000661 0.426496 0.001323 0.051968
0 0.000632 0.388416 0.001265 0.051968
0 0.000587 0.299264 0.001173 0.056448
0 0.000492 0.418880 0.000984 0.051968
0 0.000423 0.483840 0.000845 0.052864
0 0.000456 0.520128 0.000912 0.056448
0 0.000352 0.588224 0.000704 0.054208
0 0.000478 0.602112 0.000955 0.060032
0 0.000133 0.722176 0.000266 0.054208
0 0.000505 0.636608 0.001009 0.049728
0 0.000506 0.598080 0.001011 0.043008
0 0.000404 0.704256 0.000808 0.058688
0 0.000370 0.667520 0.000739 0.055104
0 0.000341 0.630336 0.000681 0.057344
0 0.000307 0.595392 0.000615 0.048384
0 0.000206 0.614656 0.000411 0.048384
0 0.000297 0.721728 0.000594 0.043904
0 0.000261 0.732928 0.000521 0.050624
0 0.000232 0.695744 0.000463 0.055104
0 0.000199 0.659904 0.000399 0.055104
0 0.000171 0.625408 0.000343 0.056448
0 0.000911 0.315840 0.001821 0.049728
