0 0.012132 0.981568 0.020378 0.020608
0 0.004811 0.348544 0.008235 0.066752
0 0.004811 0.241920 0.008235 0.067200
0 0.005102 0.154112 0.007653 0.067200
0 0.005073 0.225344 0.007710 0.067200
0 0.005339 0.193984 0.007179 0.068544
0 0.005310 0.265216 0.007237 0.066752
0 0.005346 0.394240 0.007164 0.067200
0 0.005321 0.465920 0.007215 0.067200
0 0.005091 0.353024 0.007676 0.065408
0 0.005065 0.424704 0.007728 0.066752
0 0.004785 0.420224 0.008287 0.066752
0 0.011969 0.935424 0.020705 0.028224
0 0.004774 0.536256 0.008310 0.066304
0 0.004747 0.607936 0.008363 0.067200
0 0.005044 0.605696 0.007769 0.066752
0 0.005358 0.573888 0.007142 0.066304
0 0.005332 0.646016 0.007194 0.064960
0 0.005291 0.747712 0.007275 0.066304
0 0.005265 0.818944 0.007327 0.066752
0 0.015842 0.764288 0.030816 0.103040
0 0.005731 0.918848 0.010859 0.077504
0 0.004838 0.170240 0.008181 0.068544
