0 0.001788 0.441280 0.000889 0.021952
0 0.001371 0.448896 0.001723 0.011648
0 0.001574 0.319424 0.001316 0.017920
0 0.001578 0.293888 0.001308 0.019264
0 0.001518 0.315840 0.001428 0.016128
0 0.001471 0.315392 0.001523 0.017024
0 0.001459 0.312704 0.001547 0.020608
0 0.001445 0.311360 0.001573 0.017920
0 0.001562 0.219072 0.001341 0.021952
0 0.001518 0.244160 0.001428 0.016576
0 0.001503 0.242816 0.001458 0.018816
0 0.001489 0.240128 0.001487 0.019712
0 0.001384 0.232960 0.001695 0.014336
0 0.001411 0.237888 0.001641 0.019264
0 0.001397 0.356608 0.001671 0.019264
0 0.001452 0.384832 0.001561 0.016576
0 0.001484 0.387072 0.001496 0.016576
0 0.001573 0.366464 0.001317 0.017024
0 0.001632 0.379904 0.001200 0.035392
0 0.001622 0.452480 0.001220 0.037184
0 0.001591 0.465472 0.001282 0.019712
0 0.001563 0.465024 0.001337 0.018368
0 0.001546 0.462336 0.001373 0.021504
0 0.001533 0.462336 0.001399 0.019264
0 0.001498 0.460544 0.001469 0.026432
0 0.001485 0.458752 0.001495 0.021056
0 0.001437 0.456960 0.001590 0.021056
0 0.001588 0.318528 0.001288 0.017920
0 0.001608 0.319872 0.001248 0.016576
0 0.001619 0.322560 0.001226 0.018816
0 0.008049 0.531328 0.015153 0.067648
0 0.008165 0.149184 0.014920 0.031808
0 0.008351 0.155904 0.014548 0.046592
0 0.008529 0.296128 0.014192 0.099904
0 0.008460 0.366464 0.014329 0.095424
0 0.008443 0.445312 0.014363 0.102144
0 0.008422 0.527744 0.014406 0.097216
0 0.008396 0.624512 0.014459 0.105280
0 0.008369 0.731136 0.014513 0.100800
0 0.008032 0.629888 0.015187 0.074816
0 0.008038 0.736960 0.015175 0.073920
0 0.008028 0.835072 0.015193 0.074816
0 0.008059 0.448000 0.015131 0.057792
0 0.001634 0.310016 0.001197 0.039872
0 0.008065 0.375872 0.015121 0.056448
0 0.008073 0.302848 0.015104 0.056896
0 0.016214 0.960960 0.030073 0.012544
0 0.001475 0.153216 0.001513 0.021056
0 0.001527 0.151872 0.001410 0.022400
0 0.001563 0.151872 0.001339 0.024640
0 0.001624 0.153216 0.001217 0.024192
0 0.001656 0.160384 0.001152 0.037632
0 0.001718 0.159040 0.001029 0.040320
0 0.001762 0.160384 0.000941 0.037184
0 0.001781 0.328832 0.000902 0.021504
0 0.001419 0.456064 0.001626 0.020608
0 0.001349 0.531776 0.001766 0.015232
0 0.001735 0.411712 0.000993 0.043904
0 0.001361 0.537152 0.001743 0.025088
0 0.001482 0.723520 0.001501 0.029120
0 0.001432 0.720384 0.001600 0.027776
0 0.001415 0.752640 0.001634 0.024192
0 0.001361 0.748608 0.001742 0.023744
0 0.001379 0.715008 0.001706 0.016576
0 0.001324 0.712320 0.001816 0.030464
0 0.001416 0.824768 0.001632 0.026432
0 0.001525 0.835968 0.001415 0.024192
0 0.001539 0.836864 0.001387 0.025088
0 0.001577 0.836864 0.001311 0.028672
0 0.001596 0.835520 0.001273 0.034048
0 0.001637 0.844480 0.001191 0.034944
0 0.001655 0.844032 0.001154 0.031808
0 0.001674 0.845376 0.001115 0.035392
0 0.001877 0.733824 0.000711 0.024640
0 0.001803 0.719936 0.000859 0.017920
0 0.001693 0.596288 0.001078 0.035840
0 0.001773 0.631680 0.000918 0.024192
0 0.001828 0.611072 0.000808 0.023744
0 0.001904 0.631680 0.000657 0.023296
0 0.001908 0.663936 0.000648 0.026432
0 0.001923 0.631680 0.000619 0.031360
0 0.001778 0.528192 0.000909 0.025088
0 0.001749 0.522368 0.000966 0.025088
0 0.001708 0.499520 0.001047 0.045696
0 0.001500 0.756224 0.001464 0.026432
0 0.001520 0.754432 0.001424 0.017920
0 0.001536 0.726208 0.001391 0.020608
0 0.001568 0.650496 0.001328 0.024640
0 0.001396 0.539840 0.001672 0.018816
0 0.001468 0.541632 0.001529 0.024192
0 0.001521 0.544320 0.001422 0.019712
0 0.001519 0.515648 0.001427 0.020608
0 0.001536 0.547904 0.001391 0.021504
0 0.001553 0.547904 0.001357 0.027776
0 0.001549 0.516992 0.001367 0.018816
0 0.001580 0.519232 0.001305 0.019264
0 0.001588 0.550592 0.001288 0.023296
0 0.001607 0.535360 0.001251 0.036736
0 0.001587 0.648704 0.001291 0.026432
0 0.001518 0.648704 0.001428 0.021504
0 0.001387 0.609280 0.001691 0.021952
0 0.001502 0.647360 0.001461 0.019712
0 0.001506 0.615104 0.001452 0.025088
0 0.001483 0.646464 0.001498 0.027776
0 0.001463 0.645120 0.001538 0.024640
0 0.001448 0.643776 0.001569 0.021952
0 0.001473 0.612864 0.001518 0.024192
0 0.001425 0.644672 0.001614 0.022400
0 0.001409 0.642432 0.001646 0.027328
0 0.001388 0.641984 0.001688 0.017024
0 0.001368 0.641088 0.001728 0.027776
0 0.001357 0.603456 0.001751 0.019264
0 0.008082 0.228928 0.015087 0.062272
