0 0.011672 0.228928 0.021298 0.050176
0 0.010632 0.611072 0.018915 0.079744
0 0.010537 0.341824 0.019105 0.036736
0 0.010516 0.399168 0.019147 0.040768
0 0.010509 0.435456 0.019161 0.031808
0 0.010518 0.467712 0.019143 0.024640
0 0.010542 0.515200 0.019094 0.027776
0 0.010609 0.579264 0.018961 0.073472
0 0.010691 0.663936 0.018796 0.085120
0 0.011777 0.195328 0.021088 0.047040
0 0.010933 0.366464 0.018313 0.096320
0 0.011322 0.076160 0.021999 0.054208
0 0.011462 0.147840 0.021719 0.046144
0 0.011597 0.092288 0.021449 0.049280
0 0.011665 0.055104 0.021312 0.055104
0 0.011870 0.160384 0.020902 0.050176
0 0.010572 0.308672 0.019035 0.031808
