0 0.011872 0.960512 0.020898 0.036736
0 0.010708 0.411712 0.018763 0.079744
0 0.011701 0.189056 0.021242 0.030016
0 0.011606 0.112896 0.021431 0.032704
0 0.010294 0.500416 0.019590 0.118720
0 0.010240 0.653184 0.019698 0.064064
0 0.010396 0.776384 0.019387 0.055552
0 0.010355 0.735168 0.019468 0.053760
0 0.010348 0.612416 0.019482 0.064960
0 0.010499 0.627648 0.019180 0.067648
0 0.010481 0.612864 0.019217 0.064064
0 0.010564 0.713664 0.019051 0.117824
0 0.010682 0.736960 0.018815 0.062272
0 0.010754 0.797440 0.018671 0.134400
0 0.010759 0.466368 0.018660 0.069440
0 0.010718 0.437248 0.018743 0.086912
0 0.010681 0.405440 0.018817 0.083328
0 0.011890 0.948864 0.020863 0.031808
0 0.010671 0.393792 0.018837 0.064960
0 0.010655 0.365120 0.018868 0.081536
0 0.010629 0.364224 0.018920 0.081536
0 0.010615 0.340480 0.018948 0.081536
0 0.010593 0.326144 0.018992 0.087808
0 0.010578 0.310912 0.019022 0.087808
0 0.010484 0.257152 0.019210 0.073024
0 0.010466 0.241472 0.019247 0.072128
0 0.010429 0.216384 0.019321 0.068544
0 0.010410 0.200704 0.019359 0.065856
0 0.010375 0.171136 0.019428 0.065856
0 0.010357 0.155008 0.019464 0.065856
0 0.010340 0.140224 0.019498 0.069440
0 0.010321 0.127232 0.019536 0.070336
0 0.011734 0.102592 0.021175 0.035840
0 0.011691 0.073024 0.021260 0.040320
0 0.011655 0.038080 0.021332 0.039424
0 0.011724 0.053312 0.021195 0.037632
0 0.011814 0.793856 0.021015 0.034048
0 0.011798 0.824768 0.021046 0.030912
0 0.011788 0.845376 0.021066 0.036736
0 0.012095 0.604352 0.020453 0.050176
0 0.012074 0.645568 0.020494 0.037632
0 0.012061 0.630784 0.020521 0.038528
0 0.011470 0.779520 0.021704 0.038528
0 0.011239 0.593152 0.022166 0.038528
0 0.012027 0.428736 0.020588 0.033600
0 0.012097 0.325248 0.020450 0.038528
0 0.012135 0.265664 0.020373 0.035840
0 0.012187 0.163968 0.020270 0.030912
0 0.012013 0.181440 0.020618 0.035840
0 0.012044 0.163072 0.020555 0.034048
0 0.012055 0.020608 0.020533 0.034048
0 0.012066 0.030464 0.020511 0.037632
0 0.012087 0.090496 0.020470 0.038528
0 0.012060 0.071680 0.020522 0.037632
0 0.012036 0.048384 0.020570 0.034944
0 0.012027 0.036288 0.020588 0.030912
0 0.012011 0.027328 0.020621 0.036736
0 0.011999 0.018368 0.020645 0.031808
0 0.011967 0.099456 0.020709 0.038528
0 0.011919 0.111552 0.020804 0.040320
0 0.011926 0.068096 0.020790 0.039424
0 0.011915 0.058688 0.020813 0.036736
0 0.011876 0.029120 0.020890 0.034944
0 0.011760 0.122752 0.021123 0.037632
0 0.011643 0.028672 0.021357 0.032704
0 0.010300 0.112448 0.019578 0.070336
