0 0.012239 0.676480 0.020166 0.039424
0 0.010359 0.779520 0.019461 0.060928
0 0.010391 0.755776 0.019396 0.060928
0 0.010413 0.749056 0.019353 0.061824
0 0.010485 0.729792 0.019208 0.076160
0 0.010514 0.752192 0.019150 0.052416
0 0.010569 0.697536 0.019040 0.031808
0 0.010555 0.650048 0.019068 0.030016
0 0.010546 0.626752 0.019087 0.025536
0 0.010542 0.586432 0.019094 0.029120
0 0.010538 0.565376 0.019102 0.034944
0 0.010538 0.544768 0.019102 0.031808
0 0.010535 0.524160 0.019109 0.035840
0 0.010528 0.478912 0.019122 0.033600
0 0.010522 0.458752 0.019135 0.034048
0 0.010525 0.436800 0.019128 0.032704
0 0.010515 0.416640 0.019148 0.026432
0 0.010514 0.396032 0.019150 0.033600
0 0.010508 0.375424 0.019163 0.031808
0 0.010369 0.758464 0.019441 0.061824
0 0.010305 0.776384 0.019568 0.060032
0 0.010697 0.629888 0.018785 0.076160
0 0.010277 0.783552 0.019625 0.061824
0 0.010231 0.931840 0.019717 0.079744
0 0.010254 0.930496 0.019670 0.077056
0 0.010281 0.927360 0.019616 0.078848
0 0.010323 0.919744 0.019532 0.077056
0 0.010367 0.913472 0.019445 0.077056
0 0.010434 0.907648 0.019310 0.077056
0 0.010457 0.905856 0.019264 0.075264
0 0.010477 0.896896 0.019225 0.076160
0 0.010502 0.900032 0.019174 0.077056
0 0.010525 0.908096 0.019128 0.074368
0 0.010549 0.901824 0.019081 0.076160
0 0.010589 0.897792 0.019001 0.079744
0 0.010615 0.895104 0.018949 0.076160
0 0.010636 0.894656 0.018906 0.080640
0 0.010215 0.805504 0.019748 0.064960
0 0.010234 0.796096 0.019711 0.061824
0 0.010255 0.785792 0.019668 0.063168
0 0.010497 0.256704 0.019184 0.046144
0 0.010672 0.841344 0.018835 0.057344
0 0.012227 0.638400 0.020188 0.042112
0 0.011995 0.687680 0.020652 0.027328
0 0.012045 0.875392 0.020553 0.019712
0 0.012148 0.836416 0.020346 0.024192
0 0.012137 0.811776 0.020369 0.030912
0 0.012118 0.747264 0.020406 0.024192
0 0.012106 0.725312 0.020430 0.024192
0 0.012102 0.707840 0.020440 0.019712
0 0.012093 0.686784 0.020456 0.022400
0 0.012088 0.666176 0.020468 0.020608
0 0.012130 0.661248 0.020384 0.034944
0 0.012142 0.702912 0.020359 0.039424
0 0.012161 0.697536 0.020320 0.036736
0 0.012146 0.657664 0.020350 0.041216
0 0.012166 0.655424 0.020311 0.038528
0 0.012181 0.691264 0.020281 0.036736
0 0.012186 0.650048 0.020270 0.037632
0 0.012208 0.641984 0.020227 0.037632
0 0.012215 0.683200 0.020212 0.037632
0 0.012045 0.853888 0.020553 0.024640
0 0.012010 0.707392 0.020622 0.025536
0 0.010700 0.814464 0.018779 0.074368
0 0.011934 0.829696 0.020775 0.044352
0 0.010487 0.314944 0.019204 0.032704
0 0.010703 0.226240 0.018772 0.031808
0 0.010717 0.248640 0.018744 0.023296
0 0.010711 0.268800 0.018757 0.025536
0 0.010714 0.293888 0.018750 0.024192
0 0.010714 0.314496 0.018750 0.031808
0 0.010721 0.356608 0.018737 0.033600
0 0.010724 0.377216 0.018731 0.034944
0 0.010739 0.460544 0.018701 0.034048
0 0.010741 0.479360 0.018696 0.032704
0 0.010746 0.501760 0.018686 0.034048
0 0.010754 0.543424 0.018671 0.030016
0 0.010758 0.566272 0.018662 0.028224
0 0.010774 0.607936 0.018630 0.032704
0 0.010501 0.334208 0.019176 0.026432
0 0.010605 0.244160 0.018968 0.058240
0 0.010504 0.663040 0.019171 0.079744
0 0.010206 0.936320 0.019767 0.076160
