0 0.011365 0.902720 0.021912 0.034944
0 0.011387 0.119168 0.021868 0.042560
0 0.010316 0.357056 0.019547 0.091392
0 0.010610 0.653632 0.018958 0.070336
0 0.010917 0.637056 0.018345 0.071232
0 0.010803 0.463680 0.018572 0.088256
0 0.010541 0.235200 0.019096 0.060480
0 0.010232 0.422464 0.019715 0.058240
0 0.010375 0.309120 0.019429 0.076608
0 0.010461 0.231616 0.019257 0.091392
0 0.011195 0.392000 0.022252 0.048832
0 0.011248 0.352128 0.022147 0.041664
0 0.011326 0.290752 0.021991 0.045696
0 0.011309 0.178752 0.022026 0.040320
0 0.011347 0.151872 0.021949 0.038080
0 0.011396 0.246400 0.021851 0.036288
0 0.011345 0.881664 0.021952 0.047936
0 0.011289 0.320768 0.022065 0.036288
0 0.011442 0.082880 0.021760 0.038080
0 0.011451 0.203392 0.021740 0.037184
0 0.011497 0.172032 0.021649 0.036288
0 0.011538 0.137536 0.021568 0.034944
0 0.011586 0.099008 0.021471 0.044800
0 0.011471 0.325248 0.021701 0.059584
0 0.011596 0.455168 0.021452 0.051968
0 0.011483 0.047488 0.021676 0.039424
0 0.011224 0.732032 0.022196 0.046592
0 0.011232 0.759360 0.022179 0.047936
0 0.011259 0.775936 0.022124 0.040320
0 0.011334 0.860608 0.021974 0.038080
0 0.010282 0.392448 0.019614 0.083776
