0 0.011355 0.545216 0.021932 0.013888
0 0.010565 0.442624 0.019049 0.060928
0 0.010845 0.422016 0.018488 0.063168
0 0.010784 0.423808 0.018610 0.060928
0 0.010812 0.421120 0.018554 0.062272
0 0.010688 0.430528 0.018803 0.063616
0 0.010635 0.429184 0.018909 0.062272
0 0.010609 0.428736 0.018961 0.060928
0 0.010587 0.435904 0.019005 0.061376
0 0.010307 0.585088 0.019565 0.056000
0 0.011345 0.510272 0.021952 0.013888
0 0.010337 0.581504 0.019505 0.058688
0 0.010363 0.584192 0.019453 0.056896
0 0.010388 0.587328 0.019403 0.059584
0 0.010443 0.582400 0.019292 0.060928
0 0.010472 0.585088 0.019234 0.057344
0 0.010522 0.589568 0.019134 0.062272
0 0.010554 0.580608 0.019071 0.060032
0 0.010359 0.356160 0.019460 0.047488
0 0.010454 0.364224 0.019271 0.053760
0 0.010674 0.355712 0.018830 0.053760
0 0.010695 0.350336 0.018789 0.053760
0 0.010832 0.213248 0.018514 0.061376
0 0.010806 0.213696 0.018567 0.062272
0 0.010783 0.215040 0.018612 0.062272
0 0.010759 0.210112 0.018661 0.062272
0 0.010732 0.215936 0.018714 0.063616
0 0.010637 0.218176 0.018905 0.059584
0 0.010611 0.218624 0.018956 0.060928
0 0.010588 0.219072 0.019003 0.061376
0 0.010536 0.223552 0.019107 0.060928
0 0.010513 0.224448 0.019152 0.060928
0 0.010492 0.223552 0.019194 0.062272
0 0.010465 0.226240 0.019249 0.060928
0 0.010418 0.220864 0.019342 0.062272
0 0.010822 0.347648 0.018534 0.054656
0 0.010796 0.343168 0.018587 0.053760
0 0.010604 0.582400 0.018970 0.059584
0 0.010634 0.582400 0.018910 0.057344
0 0.010660 0.584640 0.018860 0.059584
0 0.010383 0.673344 0.019413 0.057344
0 0.010313 0.657664 0.019553 0.060032
0 0.010783 0.799232 0.018612 0.057344
0 0.010728 0.805952 0.018723 0.060928
0 0.010676 0.813120 0.018827 0.060032
0 0.010649 0.816704 0.018881 0.060032
0 0.010615 0.805056 0.018949 0.059584
0 0.010587 0.806848 0.019005 0.060032
0 0.010565 0.807744 0.019049 0.061376
0 0.010537 0.811776 0.019105 0.061376
0 0.010457 0.816256 0.019265 0.059584
0 0.010433 0.816704 0.019312 0.061376
0 0.010401 0.821184 0.019376 0.059584
0 0.010378 0.827456 0.019422 0.058240
0 0.010352 0.830144 0.019474 0.060032
0 0.010289 0.818944 0.019600 0.062272
0 0.010359 0.672000 0.019460 0.058240
0 0.010442 0.666624 0.019294 0.060928
0 0.010717 0.578816 0.018745 0.061376
0 0.010469 0.668864 0.019240 0.057344
0 0.010747 0.576576 0.018685 0.057344
0 0.010801 0.575232 0.018576 0.060032
0 0.010831 0.571200 0.018516 0.057344
0 0.010882 0.606144 0.018414 0.060032
0 0.010820 0.664832 0.018539 0.058688
0 0.010796 0.660800 0.018587 0.060032
0 0.010771 0.659008 0.018636 0.059584
0 0.010719 0.656768 0.018741 0.060928
0 0.010664 0.660800 0.018850 0.060032
0 0.010639 0.658112 0.018901 0.060928
0 0.010609 0.659904 0.018960 0.057344
0 0.010581 0.663936 0.019016 0.062272
0 0.010550 0.667520 0.019078 0.060032
0 0.010519 0.672896 0.019141 0.062272
0 0.010497 0.670656 0.019185 0.058240
0 0.010821 0.137984 0.018538 0.044800
0 0.010180 0.145152 0.019818 0.017472
0 0.010479 0.364224 0.019220 0.051072
0 0.012074 0.292992 0.020495 0.012544
0 0.012074 0.254464 0.020495 0.010304
0 0.012233 0.154560 0.020177 0.032256
0 0.011908 0.160384 0.020826 0.013440
0 0.011817 0.163520 0.021010 0.012096
0 0.011798 0.125888 0.021046 0.012544
0 0.011679 0.168000 0.021284 0.015232
0 0.011636 0.167104 0.021372 0.012544
0 0.011584 0.169792 0.021476 0.014784
0 0.011606 0.317184 0.021430 0.016128
0 0.011528 0.171584 0.021586 0.012544
0 0.011471 0.172480 0.021701 0.013440
0 0.011378 0.173824 0.021887 0.014784
0 0.011434 0.251328 0.021776 0.018368
0 0.011331 0.176960 0.021981 0.013888
0 0.011272 0.170240 0.022099 0.012544
0 0.012072 0.273280 0.020499 0.012096
0 0.012077 0.312256 0.020490 0.012096
0 0.011179 0.162176 0.022285 0.017472
0 0.012070 0.332416 0.020502 0.013888
0 0.012197 0.364672 0.020249 0.013888
0 0.012196 0.345856 0.020251 0.014784
0 0.012200 0.326592 0.020242 0.017472
0 0.012198 0.307776 0.020248 0.013440
0 0.012198 0.288960 0.020248 0.012544
0 0.012199 0.267456 0.020246 0.013440
0 0.012192 0.246848 0.020258 0.011200
0 0.012114 0.251776 0.020415 0.016576
0 0.012116 0.271936 0.020411 0.013440
0 0.012116 0.291648 0.020411 0.016128
0 0.012116 0.310464 0.020411 0.014784
0 0.012113 0.368704 0.020417 0.011200
0 0.012118 0.350336 0.020408 0.012096
0 0.012070 0.373184 0.020502 0.013888
0 0.012077 0.351232 0.020490 0.012544
0 0.011223 0.165760 0.022198 0.015232
0 0.010992 0.742336 0.018194 0.037632
0 0.010504 0.361088 0.019171 0.051968
0 0.011511 0.211456 0.021621 0.037632
0 0.011472 0.212352 0.021699 0.027328
0 0.011414 0.490112 0.021814 0.024640
0 0.011350 0.563136 0.021943 0.013440
0 0.011394 0.371840 0.021854 0.014784
0 0.011495 0.075712 0.021652 0.011200
0 0.010831 0.788032 0.018518 0.058688
0 0.010811 0.798784 0.018558 0.058240
0 0.010757 0.805504 0.018665 0.058688
0 0.010482 0.810432 0.019214 0.060032
0 0.010408 0.598080 0.019363 0.056896
0 0.010450 0.457408 0.019278 0.058240
0 0.010398 0.451136 0.019382 0.042560
0 0.010625 0.355712 0.018929 0.051968
0 0.010553 0.358848 0.019072 0.051968
0 0.010529 0.360192 0.019121 0.050176
0 0.011490 0.212800 0.021663 0.027776
0 0.011481 0.099008 0.021681 0.028672
0 0.012156 0.184128 0.020331 0.026432
0 0.011506 0.097664 0.021630 0.027328
0 0.012137 0.179200 0.020369 0.029568
0 0.012114 0.180096 0.020415 0.030016
0 0.011667 0.456960 0.021308 0.027776
0 0.011767 0.085568 0.021110 0.036288
0 0.011745 0.088256 0.021154 0.030912
0 0.011726 0.088704 0.021192 0.028672
0 0.011703 0.085568 0.021237 0.034496
0 0.011680 0.088704 0.021283 0.025984
0 0.011659 0.089600 0.021325 0.027776
0 0.011630 0.089152 0.021383 0.027328
0 0.011610 0.088704 0.021423 0.026432
0 0.011455 0.072576 0.021732 0.016128
0 0.011587 0.096768 0.021468 0.028672
0 0.011566 0.095872 0.021510 0.029568
0 0.011528 0.094528 0.021586 0.032256
0 0.010265 0.827456 0.019649 0.063616
