0 0.010788 0.639744 0.018604 0.042112
0 0.010744 0.615552 0.018690 0.042112
0 0.011927 0.412608 0.020789 0.026432
0 0.011821 0.340480 0.021001 0.027328
0 0.011989 0.342272 0.020665 0.032256
0 0.011550 0.155904 0.021542 0.021056
0 0.011567 0.172928 0.021510 0.029568
0 0.010708 0.439040 0.018762 0.043008
0 0.010869 0.655424 0.018440 0.038976
0 0.010823 0.655872 0.018534 0.035392
0 0.010807 0.575232 0.018564 0.031360
0 0.010544 0.478016 0.019091 0.037632
0 0.010417 0.391104 0.019345 0.017920
0 0.010392 0.373632 0.019394 0.018368
0 0.010367 0.354816 0.019446 0.017024
0 0.010343 0.336000 0.019492 0.015232
0 0.010347 0.265664 0.019485 0.070784
0 0.010385 0.254912 0.019408 0.059584
0 0.010396 0.235648 0.019387 0.058240
0 0.010474 0.311808 0.019231 0.051968
0 0.010632 0.391552 0.018914 0.055104
0 0.010569 0.413504 0.019040 0.056448
0 0.010671 0.494592 0.018837 0.058240
0 0.011025 0.815808 0.018128 0.043904
0 0.010964 0.853888 0.018251 0.045248
0 0.010857 0.869120 0.018464 0.053312
0 0.011037 0.638848 0.018104 0.043904
0 0.010929 0.596736 0.018321 0.062720
0 0.010857 0.542528 0.018464 0.053312
0 0.011963 0.439936 0.020717 0.026432
0 0.011982 0.452480 0.020679 0.027328
0 0.012033 0.487872 0.020577 0.026432
0 0.011839 0.860608 0.020964 0.028672
0 0.010722 0.600320 0.018734 0.038976
0 0.010666 0.558656 0.018846 0.033600
0 0.010687 0.574336 0.018804 0.029568
0 0.010723 0.578368 0.018732 0.036736
0 0.010650 0.535360 0.018879 0.043904
0 0.012131 0.719936 0.020381 0.026432
0 0.012150 0.707840 0.020344 0.027328
0 0.011963 0.798784 0.020717 0.026432
0 0.011947 0.810880 0.020749 0.028672
0 0.011923 0.817600 0.020796 0.027776
0 0.011788 0.877184 0.021067 0.025984
0 0.011817 0.869120 0.021008 0.029568
0 0.011309 0.551488 0.022025 0.012096
0 0.011876 0.542976 0.020892 0.030912
0 0.011319 0.565376 0.022004 0.014336
0 0.011430 0.638400 0.021783 0.016576
0 0.011526 0.723968 0.021591 0.029568
0 0.011620 0.855232 0.021402 0.038080
0 0.011592 0.856128 0.021458 0.035392
0 0.012024 0.773248 0.020595 0.027328
0 0.011976 0.788480 0.020691 0.034048
0 0.012040 0.764736 0.020563 0.026432
0 0.012056 0.755328 0.020530 0.029568
0 0.012069 0.741440 0.020504 0.029568
0 0.012110 0.728896 0.020423 0.035392
0 0.012010 0.702912 0.020623 0.036736
0 0.010786 0.496832 0.018606 0.054656
