0 0.012045 0.197568 0.020553 0.053312
0 0.010690 0.297920 0.018799 0.081088
0 0.010237 0.373184 0.019705 0.063168
0 0.010251 0.399168 0.019677 0.059584
0 0.010265 0.421120 0.019648 0.063168
0 0.010666 0.488320 0.018846 0.069440
0 0.010809 0.412160 0.018560 0.077056
0 0.010844 0.400064 0.018491 0.077056
0 0.010873 0.390656 0.018432 0.072576
0 0.010857 0.315392 0.018464 0.063168
0 0.010724 0.291200 0.018730 0.104384
0 0.010637 0.400960 0.018905 0.056448
0 0.010598 0.706048 0.018982 0.088704
0 0.010306 0.471744 0.019566 0.055552
0 0.011991 0.159488 0.020662 0.035392
0 0.012123 0.142912 0.020398 0.055552
0 0.012093 0.200256 0.020457 0.039424
0 0.012216 0.106176 0.020210 0.050176
0 0.012192 0.113792 0.020259 0.045696
0 0.011262 0.970816 0.022119 0.041664
0 0.010216 0.328384 0.019746 0.064960
