0 0.001446 0.777728 0.001573 0.077056
0 0.011966 0.245504 0.020712 0.050624
0 0.011632 0.598976 0.021380 0.043008
0 0.010391 0.739648 0.019397 0.091392
0 0.010478 0.639744 0.019223 0.089152
0 0.010551 0.560448 0.019076 0.091392
0 0.010576 0.540288 0.019026 0.083776
0 0.010620 0.481152 0.018938 0.086912
0 0.010676 0.422016 0.018826 0.091392
0 0.010701 0.392000 0.018777 0.086912
0 0.010739 0.364224 0.018702 0.083776
0 0.010765 0.335104 0.018648 0.060480
0 0.010779 0.309120 0.018621 0.090048
0 0.010800 0.290304 0.018579 0.090048
0 0.010819 0.271936 0.018540 0.081536
0 0.010867 0.228480 0.018445 0.095872
