0 0.011668 0.467712 0.021307 0.034944
0 0.012034 0.590912 0.020575 0.015680
0 0.010305 0.260736 0.019568 0.049280
0 0.010281 0.285376 0.019616 0.051520
0 0.010252 0.333312 0.019675 0.052416
0 0.010209 0.430080 0.019762 0.040768
0 0.010201 0.470400 0.019776 0.050176
0 0.010529 0.839552 0.019120 0.079296
0 0.010503 0.859712 0.019173 0.083328
0 0.010470 0.884352 0.019238 0.086016
0 0.011350 0.198912 0.021943 0.042560
0 0.011534 0.214592 0.021575 0.030912
0 0.011561 0.224896 0.021520 0.032704
0 0.011590 0.224000 0.021463 0.037632
0 0.011636 0.233856 0.021372 0.040768
0 0.011707 0.259840 0.021228 0.038976
0 0.011729 0.261632 0.021185 0.040768
0 0.011749 0.267456 0.021144 0.040768
0 0.011779 0.269696 0.021085 0.038976
0 0.011803 0.275968 0.021037 0.045248
0 0.011686 0.482496 0.021271 0.034048
0 0.011712 0.486080 0.021219 0.039872
0 0.011736 0.508480 0.021171 0.037632
0 0.011768 0.513408 0.021106 0.034048
0 0.011794 0.512960 0.021056 0.041664
0 0.011819 0.521920 0.021006 0.038528
0 0.011831 0.279552 0.020982 0.041664
0 0.011292 0.812672 0.022058 0.024192
0 0.011965 0.896000 0.020714 0.030912
0 0.010322 0.237440 0.019534 0.051072
