0 0.000593 0.789824 0.001187 0.088704
0 0.000830 0.478016 0.001659 0.081536
0 0.010395 0.603904 0.019389 0.053312
0 0.000976 0.291648 0.001952 0.095424
0 0.010440 0.538496 0.019298 0.068544
0 0.011479 0.634816 0.021685 0.036288
0 0.010302 0.701120 0.019574 0.055104
0 0.000873 0.412608 0.001745 0.095424
0 0.000992 0.419328 0.001984 0.090944
0 0.000666 0.860160 0.001333 0.096320
0 0.000950 0.480704 0.001900 0.093632
0 0.000903 0.547456 0.001807 0.094528
0 0.000858 0.607040 0.001715 0.097216
0 0.000741 0.603456 0.001482 0.093632
0 0.000768 0.732032 0.001536 0.101248
0 0.000711 0.796544 0.001422 0.089152
0 0.010521 0.429184 0.019137 0.066304
