0 0.011980 0.241920 0.020682 0.034944
0 0.010346 0.463680 0.019486 0.029120
0 0.010344 0.784896 0.019491 0.065408
0 0.010477 0.723072 0.019225 0.069888
0 0.010732 0.602560 0.018714 0.068544
0 0.010342 0.311360 0.019494 0.033600
0 0.010347 0.347648 0.019484 0.030464
0 0.010346 0.545216 0.019486 0.034944
0 0.010531 0.376768 0.019117 0.033600
0 0.010532 0.301952 0.019114 0.034944
0 0.010523 0.227584 0.019132 0.038080
0 0.010528 0.336000 0.019122 0.033600
0 0.010541 0.532224 0.019096 0.038080
0 0.010345 0.387968 0.019489 0.032256
0 0.010346 0.593152 0.019486 0.026432
0 0.011971 0.112448 0.020700 0.029120
0 0.010347 0.425600 0.019484 0.032256
0 0.010353 0.632576 0.019474 0.032256
0 0.010055 0.571648 0.020069 0.131264
0 0.011281 0.064960 0.022080 0.027776
0 0.011271 0.107968 0.022101 0.029120
0 0.011335 0.100800 0.021972 0.026432
0 0.011335 0.060480 0.021972 0.030464
0 0.011440 0.053760 0.021762 0.023296
0 0.011440 0.090944 0.021762 0.024640
0 0.011506 0.087360 0.021631 0.026432
0 0.011505 0.129024 0.021634 0.030464
0 0.011675 0.088256 0.021293 0.021952
0 0.010214 0.841792 0.019751 0.068544
