0 0.011246 0.850304 0.022152 0.038080
0 0.010362 0.616896 0.019454 0.031808
0 0.010548 0.827456 0.019083 0.034048
0 0.010550 0.805504 0.019078 0.034944
0 0.010673 0.681408 0.018832 0.032256
0 0.010674 0.656768 0.018830 0.033152
0 0.010721 0.464576 0.018737 0.034944
0 0.010721 0.437248 0.018737 0.038080
0 0.010721 0.252224 0.018737 0.150528
0 0.010352 0.650496 0.019475 0.050624
0 0.010371 0.588224 0.019437 0.034048
0 0.010519 0.890624 0.019141 0.032256
0 0.010392 0.534016 0.019394 0.032256
0 0.010400 0.505344 0.019379 0.031808
0 0.010411 0.479808 0.019356 0.031808
0 0.010440 0.393792 0.019298 0.030016
0 0.010450 0.366464 0.019279 0.031808
0 0.010474 0.312704 0.019231 0.033152
0 0.010482 0.284480 0.019215 0.031808
0 0.010492 0.257600 0.019195 0.033152
0 0.010544 0.849408 0.019090 0.031808
0 0.010513 0.911232 0.019152 0.033152
0 0.011258 0.769664 0.022128 0.038080
0 0.011493 0.766080 0.021657 0.037184
0 0.011305 0.775488 0.022032 0.033152
0 0.011332 0.865536 0.021980 0.038080
0 0.011388 0.788032 0.021867 0.038080
0 0.011413 0.792512 0.021817 0.038976
0 0.011495 0.806848 0.021652 0.032256
0 0.011469 0.803712 0.021705 0.036736
0 0.011440 0.799680 0.021762 0.034944
0 0.011459 0.758912 0.021724 0.036736
0 0.012107 0.071232 0.020429 0.035840
0 0.010379 0.562688 0.019420 0.034944
0 0.012052 0.061824 0.020539 0.035840
0 0.012026 0.060480 0.020591 0.040768
0 0.012004 0.052864 0.020634 0.038976
0 0.011691 0.128576 0.021260 0.022400
0 0.011713 0.152320 0.021217 0.021504
0 0.010665 0.704704 0.018849 0.036736
0 0.010517 0.933184 0.019145 0.030912
0 0.010527 0.869568 0.019124 0.033152
0 0.010509 0.207872 0.019160 0.031808
