0 0.012208 0.553728 0.020227 0.042560
0 0.001531 0.315392 0.001403 0.047040
0 0.001537 0.210112 0.001389 0.031360
0 0.001558 0.115136 0.001349 0.029120
0 0.001874 0.794752 0.000716 0.059136
0 0.001535 0.060480 0.001395 0.024640
0 0.001529 0.035392 0.001406 0.027776
0 0.001548 0.259392 0.001368 0.024640
0 0.001532 0.418432 0.001400 0.040320
0 0.011826 0.142016 0.020991 0.040320
0 0.001531 0.552384 0.001403 0.038080
0 0.008245 0.088704 0.014761 0.030016
0 0.008243 0.187264 0.014763 0.030016
0 0.008249 0.282240 0.014753 0.025536
0 0.008249 0.385728 0.014753 0.024640
0 0.008250 0.584640 0.014750 0.025536
0 0.001564 0.508928 0.001336 0.031360
0 0.011843 0.361088 0.020956 0.040320
0 0.012174 0.554176 0.020294 0.043456
0 0.011907 0.065408 0.020830 0.034496
0 0.012025 0.387520 0.020593 0.056896
0 0.012033 0.051968 0.020577 0.038976
0 0.012016 0.076608 0.020612 0.038976
0 0.012034 0.107520 0.020574 0.040320
0 0.011908 0.015680 0.020827 0.029120
0 0.011907 0.038976 0.020830 0.035840
0 0.011905 0.092736 0.020832 0.033600
0 0.011912 0.421120 0.020819 0.034496
0 0.011904 0.124096 0.020835 0.031360
0 0.011909 0.146048 0.020824 0.032256
0 0.011897 0.178304 0.020849 0.038976
0 0.011845 0.576576 0.020954 0.038976
0 0.011912 0.311360 0.020819 0.034496
0 0.011916 0.339584 0.020811 0.030016
0 0.008246 0.483392 0.014758 0.026880
