0 0.011266 0.992320 0.022111 0.012544
0 0.011407 0.509376 0.021828 0.020608
0 0.011361 0.504448 0.021921 0.021504
0 0.011338 0.503104 0.021966 0.023296
0 0.011291 0.496832 0.022061 0.023744
0 0.011267 0.493248 0.022109 0.026432
0 0.011244 0.492352 0.022154 0.023296
0 0.011215 0.491904 0.022213 0.023296
0 0.011192 0.487872 0.022258 0.024192
0 0.011438 0.443072 0.021767 0.019264
0 0.011464 0.445312 0.021715 0.020160
0 0.011489 0.446656 0.021666 0.021056
0 0.011512 0.448896 0.021618 0.022400
0 0.011542 0.451584 0.021559 0.023744
0 0.011555 0.428736 0.021532 0.021952
0 0.011528 0.426496 0.021586 0.022400
0 0.011501 0.423360 0.021641 0.021952
0 0.011473 0.423808 0.021697 0.023296
0 0.011448 0.422016 0.021747 0.021504
0 0.011356 0.435008 0.021930 0.021504
0 0.011385 0.438144 0.021874 0.020160
0 0.011409 0.441728 0.021824 0.020608
0 0.011419 0.420672 0.021806 0.021952
0 0.011394 0.416192 0.021856 0.023744
0 0.011371 0.414400 0.021901 0.021952
0 0.011386 0.505344 0.021871 0.020608
0 0.011431 0.511168 0.021781 0.021952
0 0.011429 0.558208 0.021785 0.022400
0 0.011452 0.513408 0.021738 0.024640
0 0.011478 0.563584 0.021686 0.021504
0 0.011503 0.564032 0.021636 0.021056
0 0.011525 0.566720 0.021593 0.023744
0 0.011578 0.608384 0.021487 0.022400
0 0.011590 0.581952 0.021462 0.021056
0 0.011752 0.611072 0.021139 0.025088
0 0.011817 0.525504 0.021010 0.020160
0 0.011803 0.540736 0.021037 0.021952
0 0.011797 0.559104 0.021048 0.022400
0 0.011902 0.582848 0.020838 0.014784
0 0.011916 0.571648 0.020811 0.015232
0 0.011916 0.555072 0.020811 0.013888
0 0.011929 0.531328 0.020786 0.012992
0 0.011938 0.519680 0.020768 0.012096
0 0.012210 0.287616 0.020223 0.019264
0 0.011601 0.355712 0.021442 0.021952
0 0.011642 0.361984 0.021358 0.021056
0 0.011667 0.363776 0.021308 0.025536
0 0.011639 0.422016 0.021365 0.015232
0 0.011544 0.522368 0.021555 0.023296
0 0.011525 0.520128 0.021593 0.020160
0 0.011501 0.516992 0.021641 0.023296
0 0.011478 0.514752 0.021686 0.023744
0 0.011301 0.430080 0.022041 0.020608
0 0.011331 0.434560 0.021980 0.023296
0 0.011343 0.413056 0.021957 0.019712
0 0.011317 0.405888 0.022009 0.028672
0 0.010780 0.735168 0.018619 0.021952
0 0.010789 0.719040 0.018601 0.020160
0 0.010797 0.702016 0.018585 0.020160
0 0.010805 0.684992 0.018570 0.021056
0 0.010507 0.794752 0.019164 0.021504
0 0.010514 0.779968 0.019151 0.019712
0 0.010527 0.766080 0.019124 0.020160
0 0.010532 0.751744 0.019115 0.018368
0 0.010550 0.724416 0.019078 0.021504
0 0.010559 0.702464 0.019060 0.023744
0 0.010567 0.689024 0.019044 0.025088
0 0.010589 0.663936 0.019001 0.024640
0 0.010598 0.646912 0.018983 0.021952
0 0.010866 0.418432 0.018447 0.019264
0 0.010872 0.404096 0.018434 0.021504
0 0.010893 0.376768 0.018393 0.020608
0 0.010903 0.348096 0.018373 0.021056
0 0.010914 0.331072 0.018350 0.021056
0 0.010900 0.078848 0.018380 0.085568
0 0.010800 0.151872 0.018579 0.036736
0 0.010338 0.150080 0.019504 0.022400
0 0.010345 0.135296 0.019488 0.021952
0 0.010361 0.208320 0.019456 0.019712
0 0.010772 0.753984 0.018635 0.020160
0 0.010759 0.771456 0.018660 0.019264
0 0.010745 0.787584 0.018689 0.019712
0 0.012113 0.279104 0.020417 0.022400
0 0.011292 0.405440 0.022059 0.021504
0 0.011279 0.427392 0.022084 0.022400
0 0.011255 0.424256 0.022134 0.021504
0 0.011227 0.422016 0.022188 0.024192
0 0.011196 0.420224 0.022251 0.024192
0 0.011262 0.402752 0.022118 0.023296
0 0.011431 0.340928 0.021781 0.021504
0 0.012174 0.220864 0.020295 0.017920
0 0.012154 0.278208 0.020336 0.021056
0 0.012183 0.283136 0.020277 0.021056
0 0.012089 0.275072 0.020465 0.021952
0 0.010740 0.805952 0.018698 0.021056
0 0.012062 0.272384 0.020519 0.023296
0 0.012017 0.268352 0.020609 0.021056
0 0.011970 0.262528 0.020702 0.023296
0 0.011931 0.258944 0.020781 0.021504
0 0.011468 0.167104 0.021706 0.016576
0 0.011284 0.232960 0.022075 0.021952
0 0.011309 0.235200 0.022025 0.021056
0 0.011336 0.237440 0.021971 0.024640
0 0.011336 0.083776 0.021971 0.010752
0 0.010728 0.823872 0.018723 0.021056
0 0.011456 0.560000 0.021731 0.021952
0 0.011407 0.554624 0.021828 0.023296
0 0.011345 0.983808 0.021953 0.021504
0 0.011242 0.786688 0.022159 0.023296
0 0.011288 0.789824 0.022066 0.022400
0 0.011419 0.803264 0.021806 0.022400
0 0.011395 0.801472 0.021853 0.023296
0 0.011371 0.800128 0.021901 0.023744
0 0.011347 0.797440 0.021948 0.023296
0 0.011390 0.774144 0.021862 0.023296
0 0.011414 0.777280 0.021815 0.023296
0 0.011368 0.766528 0.021908 0.021952
0 0.011342 0.763840 0.021960 0.027776
0 0.011316 0.759808 0.022012 0.026432
0 0.011291 0.755776 0.022061 0.027776
0 0.011267 0.753536 0.022109 0.025536
0 0.011241 0.751296 0.022161 0.025088
0 0.011216 0.749056 0.022211 0.023296
0 0.011194 0.746816 0.022256 0.023744
0 0.011468 0.702464 0.021706 0.021952
0 0.011443 0.703360 0.021756 0.020160
0 0.011415 0.702016 0.021813 0.021056
0 0.011386 0.701568 0.021871 0.023296
0 0.011362 0.699328 0.021919 0.021504
0 0.011333 0.698880 0.021978 0.027776
0 0.011308 0.697536 0.022027 0.021504
0 0.011285 0.691712 0.022073 0.021952
0 0.011265 0.788480 0.022113 0.022400
0 0.011209 0.784896 0.022224 0.027776
0 0.011382 0.553280 0.021878 0.021056
0 0.011210 0.861504 0.022222 0.024640
0 0.011398 0.955136 0.021847 0.019712
0 0.011372 0.953792 0.021899 0.021952
0 0.011350 0.952448 0.021944 0.020608
0 0.011322 0.947968 0.021998 0.025536
0 0.011299 0.947072 0.022046 0.021056
0 0.011278 0.944832 0.022086 0.024192
0 0.011256 0.942592 0.022131 0.023744
0 0.011231 0.940800 0.022181 0.024192
0 0.011208 0.935872 0.022226 0.023296
0 0.011212 0.887488 0.022220 0.023296
0 0.011239 0.890624 0.022165 0.023296
0 0.011265 0.892864 0.022113 0.020608
0 0.011286 0.896000 0.022070 0.021056
0 0.011312 0.898688 0.022018 0.021952
0 0.011337 0.900480 0.021969 0.023296
0 0.011362 0.903616 0.021919 0.024192
0 0.011378 0.879872 0.021887 0.022400
0 0.011354 0.878080 0.021935 0.023296
0 0.011327 0.876736 0.021989 0.021504
0 0.011303 0.875392 0.022036 0.023744
0 0.011283 0.871808 0.022077 0.024192
0 0.011262 0.867776 0.022118 0.025984
0 0.011239 0.865088 0.022165 0.024192
0 0.011255 0.689472 0.022134 0.022400
0 0.011227 0.687232 0.022188 0.023296
0 0.011203 0.680960 0.022238 0.021504
0 0.011475 0.680960 0.021693 0.021952
0 0.011343 0.595392 0.021957 0.020608
0 0.011321 0.592704 0.022000 0.021056
0 0.011295 0.591360 0.022052 0.020160
0 0.011353 0.617344 0.021937 0.021056
0 0.011330 0.616000 0.021982 0.019712
0 0.011308 0.612864 0.022027 0.022400
0 0.011282 0.612864 0.022079 0.021952
0 0.011256 0.610624 0.022131 0.022400
0 0.011272 0.586432 0.022100 0.021952
0 0.011249 0.585536 0.022145 0.021056
0 0.011231 0.607936 0.022181 0.023296
0 0.011212 0.602112 0.022220 0.022400
0 0.011224 0.580608 0.022195 0.023296
0 0.011189 0.599424 0.022265 0.022400
0 0.011200 0.577920 0.022242 0.021952
0 0.011200 0.536704 0.022242 0.024640
0 0.011223 0.537600 0.022197 0.025088
0 0.011247 0.539840 0.022150 0.023296
0 0.011270 0.542080 0.022102 0.021504
0 0.011291 0.544320 0.022061 0.023296
0 0.011317 0.546560 0.022009 0.023296
0 0.011339 0.548800 0.021964 0.021952
0 0.011361 0.551040 0.021921 0.021952
0 0.011367 0.598528 0.021910 0.019712
0 0.011374 0.620032 0.021894 0.023744
0 0.011389 0.600320 0.021865 0.021056
0 0.011209 0.658560 0.022224 0.023296
0 0.011450 0.680512 0.021742 0.023296
0 0.011426 0.681408 0.021790 0.019264
0 0.011403 0.679616 0.021837 0.019712
0 0.011379 0.677376 0.021885 0.021952
0 0.011354 0.673344 0.021935 0.026432
0 0.011329 0.671552 0.021984 0.025984
0 0.011303 0.668416 0.022036 0.025536
0 0.011282 0.665728 0.022079 0.019712
0 0.011260 0.663488 0.022122 0.023296
0 0.011235 0.660800 0.022172 0.028224
0 0.011189 0.657664 0.022265 0.023744
0 0.011399 0.620480 0.021844 0.019712
0 0.011210 0.633920 0.022222 0.013440
0 0.011495 0.628992 0.021652 0.020160
0 0.011507 0.608384 0.021629 0.021504
0 0.011475 0.627200 0.021693 0.018368
0 0.011483 0.606144 0.021677 0.020608
0 0.011450 0.627200 0.021742 0.017472
0 0.011456 0.606592 0.021731 0.023744
0 0.011434 0.603008 0.021774 0.021952
0 0.011423 0.622720 0.021797 0.021056
0 0.011414 0.601664 0.021815 0.020160
0 0.010338 0.230720 0.019504 0.026432
