0 0.001555 0.746368 0.001353 0.040768
0 0.001619 0.585088 0.001225 0.041216
0 0.008322 0.725760 0.014607 0.330624
0 0.008377 0.792064 0.014496 0.201152
0 0.008463 0.524608 0.014324 0.254016
0 0.008542 0.376768 0.014165 0.220864
0 0.008618 0.166208 0.014014 0.145600
0 0.007984 0.736960 0.015283 0.145152
0 0.008818 0.344512 0.013614 0.054656
0 0.001947 0.116480 0.000570 0.064512
0 0.001988 0.133056 0.000487 0.060032
0 0.002008 0.136192 0.000447 0.061376
0 0.002025 0.140672 0.000414 0.061376
0 0.002047 0.152768 0.000371 0.045248
0 0.002059 0.155904 0.000347 0.055552
0 0.002081 0.162176 0.000302 0.043904
0 0.002090 0.162176 0.000284 0.051072
0 0.002143 0.181888 0.000178 0.051968
0 0.002165 0.185920 0.000135 0.051072
0 0.002187 0.257600 0.000090 0.044352
0 0.002134 0.321664 0.000197 0.022400
0 0.002109 0.238336 0.000247 0.045248
0 0.002088 0.237440 0.000288 0.064960
0 0.002059 0.218624 0.000347 0.042560
0 0.002015 0.211904 0.000434 0.054208
0 0.001974 0.202496 0.000517 0.059136
0 0.001675 0.686336 0.001114 0.017920
0 0.008264 0.777728 0.014721 0.118720
