0 0.011315 0.475776 0.022014 0.008960
0 0.011312 0.456512 0.022019 0.007616
0 0.011803 0.277760 0.021036 0.014336
0 0.011818 0.268352 0.021007 0.013888
0 0.011827 0.262080 0.020990 0.014784
0 0.011810 0.252672 0.021022 0.012544
0 0.011814 0.221760 0.021014 0.012992
0 0.011814 0.224896 0.021015 0.012544
0 0.011846 0.205632 0.020951 0.014784
0 0.011846 0.192640 0.020951 0.012544
0 0.011712 0.022400 0.021219 0.012096
0 0.011931 0.210112 0.020781 0.008512
0 0.011925 0.193088 0.020793 0.010304
0 0.012006 0.124096 0.020631 0.016128
0 0.011846 0.254464 0.020951 0.016128
0 0.011863 0.271488 0.020918 0.013888
0 0.011843 0.249536 0.020957 0.012992
0 0.011849 0.277760 0.020944 0.014784
0 0.011857 0.287168 0.020929 0.012992
0 0.011831 0.301056 0.020981 0.014336
0 0.011825 0.304192 0.020992 0.013888
0 0.011820 0.307776 0.021004 0.014336
0 0.011812 0.310912 0.021019 0.013888
0 0.011215 0.337344 0.022213 0.012544
0 0.011222 0.392896 0.022198 0.012544
0 0.011210 0.395584 0.022223 0.011648
0 0.011203 0.395584 0.022238 0.012992
0 0.011207 0.460096 0.022228 0.012544
0 0.011201 0.460544 0.022241 0.012096
0 0.011196 0.461888 0.022252 0.012992
0 0.011189 0.462336 0.022264 0.012544
0 0.011804 0.227136 0.021034 0.013888
0 0.011819 0.131712 0.021005 0.016576
0 0.011818 0.117376 0.021007 0.015232
0 0.001398 0.315392 0.001667 0.008064
0 0.008151 0.734272 0.014949 0.407232
0 0.008334 0.718144 0.014582 0.404992
0 0.001755 0.627648 0.000955 0.224896
0 0.001846 0.646464 0.000772 0.225344
0 0.008518 0.637952 0.014213 0.275968
0 0.001985 0.215040 0.000494 0.068544
0 0.001156 0.747712 0.002152 0.345408
0 0.011225 0.365568 0.022192 0.012544
0 0.001346 0.057344 0.001772 0.020608
0 0.001354 0.055552 0.001756 0.020608
0 0.001402 0.358848 0.001660 0.008512
0 0.001402 0.340928 0.001660 0.012544
0 0.001399 0.323904 0.001666 0.008512
0 0.001397 0.305088 0.001670 0.007616
0 0.011850 0.053312 0.020942 0.021056
0 0.001396 0.296576 0.001673 0.009856
0 0.001394 0.287168 0.001677 0.012096
0 0.001391 0.278208 0.001683 0.014336
0 0.001388 0.268352 0.001688 0.013888
0 0.011545 0.136192 0.021552 0.008064
0 0.011634 0.363328 0.021376 0.012992
0 0.011749 0.105280 0.021146 0.012992
0 0.011745 0.110208 0.021154 0.012992
0 0.011729 0.131712 0.021184 0.012992
0 0.011811 0.054208 0.021020 0.014784
0 0.011792 0.008064 0.021058 0.014784
0 0.011786 0.010752 0.021070 0.013888
0 0.011772 0.019264 0.021098 0.014784
0 0.011176 0.463232 0.022290 0.012096
0 0.011165 0.475776 0.022313 0.014336
0 0.011172 0.476224 0.022299 0.012544
0 0.011806 0.418880 0.021032 0.012544
0 0.011766 0.422464 0.021112 0.014336
0 0.011774 0.449344 0.021096 0.012544
0 0.011774 0.463680 0.021094 0.006720
0 0.011781 0.448448 0.021082 0.012544
0 0.011771 0.409024 0.021100 0.010752
0 0.011777 0.408576 0.021089 0.012992
0 0.011773 0.421120 0.021097 0.010752
0 0.011779 0.419776 0.021085 0.012544
0 0.011786 0.420224 0.021071 0.011648
0 0.011785 0.408128 0.021073 0.010752
0 0.011788 0.447104 0.021067 0.011648
0 0.011795 0.446208 0.021054 0.012096
0 0.011811 0.407680 0.021021 0.012544
0 0.011798 0.419328 0.021047 0.012096
0 0.011751 0.423808 0.021141 0.012544
0 0.011807 0.445760 0.021029 0.012096
0 0.011801 0.445760 0.021041 0.010752
0 0.011804 0.407232 0.021035 0.011648
0 0.011259 0.392896 0.022124 0.005824
0 0.011261 0.399616 0.022120 0.006720
0 0.011261 0.407232 0.022122 0.005824
0 0.011262 0.414400 0.022118 0.006272
0 0.011262 0.421568 0.022119 0.007616
0 0.011265 0.426944 0.022113 0.006720
0 0.011306 0.399168 0.022031 0.006720
0 0.011307 0.411264 0.022030 0.006272
0 0.011306 0.417536 0.022031 0.004928
0 0.011308 0.424256 0.022026 0.006720
0 0.011757 0.410368 0.021128 0.012096
0 0.011759 0.422464 0.021126 0.010304
0 0.011178 0.475328 0.022288 0.010752
0 0.011231 0.459648 0.022181 0.010304
0 0.011189 0.475776 0.022264 0.012096
0 0.011197 0.473984 0.022249 0.010304
0 0.011202 0.473536 0.022239 0.010304
0 0.011215 0.497280 0.022212 0.011648
0 0.011208 0.499520 0.022226 0.012992
0 0.011197 0.499072 0.022249 0.014784
0 0.011224 0.459200 0.022195 0.012544
0 0.011225 0.469952 0.022194 0.010304
0 0.011232 0.495488 0.022179 0.012992
0 0.011211 0.460096 0.022221 0.012992
0 0.011232 0.469504 0.022180 0.010304
0 0.011237 0.469504 0.022169 0.010752
0 0.011236 0.456064 0.022172 0.011648
0 0.011340 0.460096 0.021962 0.015232
0 0.011744 0.411264 0.021155 0.010752
0 0.011380 0.443072 0.021882 0.013888
0 0.011373 0.444416 0.021896 0.011648
0 0.011386 0.456512 0.021871 0.012096
0 0.011401 0.454720 0.021842 0.013888
0 0.011413 0.452480 0.021817 0.015232
0 0.011512 0.433216 0.021620 0.012992
0 0.011692 0.428736 0.021258 0.012544
0 0.011718 0.427840 0.021207 0.012096
0 0.011732 0.426048 0.021178 0.010752
0 0.011743 0.425152 0.021156 0.014336
0 0.011742 0.450688 0.021158 0.010752
0 0.011724 0.413952 0.021194 0.011648
0 0.011732 0.413056 0.021178 0.012096
0 0.007966 0.750848 0.015318 0.405440
