0 0.011453 0.956928 0.021738 0.014784
0 0.011235 0.552832 0.022172 0.010304
0 0.011198 0.523712 0.022247 0.010752
0 0.011206 0.539392 0.022232 0.009408
0 0.011207 0.557312 0.022229 0.011648
0 0.011215 0.565824 0.022212 0.009856
0 0.011223 0.590016 0.022197 0.013440
0 0.011228 0.598976 0.022187 0.009856
0 0.011219 0.581952 0.022204 0.011648
0 0.011161 0.573440 0.022320 0.011648
0 0.011228 0.535808 0.022187 0.012096
0 0.011239 0.560896 0.022166 0.009856
0 0.011201 0.478912 0.022242 0.011648
0 0.011244 0.569408 0.022154 0.011200
0 0.011248 0.577472 0.022147 0.009408
0 0.011257 0.594496 0.022129 0.010304
0 0.011274 0.511616 0.022095 0.010752
0 0.011281 0.529088 0.022081 0.011648
0 0.011285 0.537152 0.022073 0.011648
0 0.011292 0.544768 0.022060 0.012096
0 0.011295 0.552832 0.022053 0.010752
0 0.011298 0.560896 0.022047 0.010304
0 0.011198 0.515648 0.022247 0.009856
0 0.011186 0.491008 0.022271 0.011200
0 0.011371 0.944832 0.021902 0.012992
0 0.001464 0.207872 0.001537 0.017024
0 0.008012 0.394240 0.015226 0.120064
0 0.008101 0.627648 0.015048 0.117376
0 0.008199 0.858816 0.014851 0.119168
0 0.001319 0.213248 0.001827 0.073920
0 0.001358 0.126784 0.001749 0.082432
0 0.001525 0.424704 0.001415 0.086912
0 0.001539 0.671104 0.001386 0.086016
0 0.001810 0.804608 0.000844 0.066304
0 0.001418 0.215040 0.001629 0.017472
0 0.001480 0.216832 0.001505 0.011200
0 0.011176 0.466368 0.022291 0.011200
0 0.001506 0.204736 0.001452 0.017472
0 0.001505 0.192640 0.001455 0.016128
0 0.011166 0.246400 0.022310 0.012544
0 0.011206 0.333312 0.022230 0.012544
0 0.011216 0.363776 0.022211 0.011200
0 0.011220 0.378560 0.022203 0.011648
0 0.011263 0.390208 0.022118 0.018368
0 0.001557 0.468160 0.001350 0.013440
0 0.001556 0.460096 0.001353 0.010304
0 0.011307 0.598528 0.022028 0.012544
0 0.011252 0.663040 0.022138 0.010752
0 0.011271 0.642432 0.022102 0.011648
0 0.011409 0.841792 0.021824 0.011648
0 0.011319 0.757568 0.022005 0.011648
0 0.011298 0.770112 0.022047 0.012096
0 0.011323 0.766528 0.021996 0.009856
0 0.011376 0.748160 0.021891 0.010752
0 0.011379 0.757120 0.021886 0.010304
0 0.011377 0.766528 0.021889 0.011648
0 0.011386 0.783104 0.021871 0.012992
0 0.011393 0.798784 0.021857 0.011648
0 0.011405 0.824768 0.021833 0.009856
0 0.011413 0.849856 0.021817 0.011200
0 0.011284 0.667520 0.022075 0.010752
0 0.011424 0.874496 0.021795 0.011200
0 0.011370 0.891968 0.021903 0.012096
0 0.011376 0.899584 0.021890 0.011200
0 0.011345 0.887488 0.021953 0.011200
0 0.011338 0.830592 0.021968 0.010304
0 0.011335 0.823424 0.021972 0.009408
0 0.011297 0.904960 0.022048 0.012992
0 0.011288 0.798784 0.022068 0.012096
0 0.011326 0.978880 0.021992 0.011648
0 0.011318 0.749952 0.022006 0.010752
0 0.011311 0.741888 0.022020 0.011200
0 0.011311 0.732480 0.022021 0.012096
0 0.011287 0.736512 0.022069 0.012096
0 0.011277 0.650048 0.022088 0.011648
0 0.011287 0.675136 0.022069 0.011200
0 0.011259 0.678272 0.022126 0.011200
0 0.011266 0.687232 0.022111 0.009856
0 0.011264 0.695744 0.022116 0.011648
0 0.011270 0.704256 0.022103 0.009856
0 0.011278 0.712320 0.022087 0.008960
0 0.011279 0.720384 0.022085 0.008960
0 0.011290 0.683200 0.022063 0.009856
0 0.011299 0.691712 0.022045 0.009856
0 0.011303 0.708736 0.022036 0.010752
0 0.011307 0.716800 0.022028 0.009856
0 0.011350 0.682304 0.021944 0.009856
0 0.011351 0.698432 0.021941 0.012096
0 0.011360 0.707840 0.021923 0.010304
0 0.011362 0.725312 0.021919 0.011648
0 0.011235 0.753536 0.022172 0.009856
0 0.011240 0.770560 0.022163 0.011648
0 0.011294 0.753088 0.022055 0.011200
0 0.007917 0.164416 0.015416 0.118720
