0 0.011067 0.875392 0.018045 0.081536
0 0.010713 0.767872 0.018753 0.133504
0 0.011447 0.093632 0.021750 0.034944
0 0.011402 0.085568 0.021839 0.035840
0 0.011379 0.078400 0.021885 0.034944
0 0.011310 0.065408 0.022023 0.045248
0 0.011286 0.059584 0.022071 0.040320
0 0.011254 0.055552 0.022135 0.041216
0 0.010990 0.852544 0.018199 0.075264
0 0.010951 0.833280 0.018277 0.077952
0 0.010908 0.800576 0.018362 0.151872
0 0.010842 0.786688 0.018496 0.154112
0 0.011015 0.667520 0.018149 0.058240
0 0.011039 0.651840 0.018101 0.067648
0 0.010680 0.750400 0.018819 0.153216
0 0.011040 0.867328 0.018098 0.082432
0 0.010583 0.724864 0.019012 0.149184
0 0.010546 0.716800 0.019086 0.155008
0 0.010514 0.716352 0.019150 0.145600
0 0.010481 0.702016 0.019217 0.155904
0 0.010411 0.682304 0.019357 0.151872
0 0.010274 0.569408 0.019630 0.043904
0 0.010391 0.487872 0.019396 0.031808
0 0.010666 0.472640 0.018847 0.057344
0 0.010588 0.397824 0.019003 0.059136
0 0.010564 0.422016 0.019051 0.067648
0 0.010453 0.373632 0.019272 0.032704
0 0.010442 0.327488 0.019295 0.044352
0 0.011547 0.130368 0.021550 0.044352
0 0.011629 0.236096 0.021384 0.028224
0 0.011644 0.217728 0.021355 0.022400
0 0.011952 0.148288 0.020739 0.029120
0 0.011018 0.857920 0.018142 0.060032
0 0.010682 0.451136 0.018815 0.064064
0 0.010363 0.540736 0.019453 0.037632
0 0.010132 0.526848 0.019915 0.037632
0 0.011304 0.889280 0.022034 0.039424
0 0.011506 0.904512 0.021630 0.019712
0 0.011587 0.585536 0.021469 0.031808
0 0.011675 0.825664 0.021293 0.036736
0 0.011892 0.874944 0.020859 0.037632
0 0.011929 0.749504 0.020785 0.038528
0 0.011959 0.759360 0.020725 0.039424
0 0.012226 0.697984 0.020190 0.033600
0 0.011548 0.413504 0.021548 0.021504
0 0.011530 0.469504 0.021582 0.022400
0 0.011540 0.456960 0.021564 0.017920
0 0.011541 0.444416 0.021561 0.017920
0 0.011543 0.428736 0.021557 0.016128
0 0.011479 0.407232 0.021685 0.036736
0 0.011459 0.385728 0.021724 0.035840
0 0.011436 0.390208 0.021770 0.031808
0 0.011421 0.415296 0.021800 0.024640
0 0.011894 0.419776 0.020854 0.041216
0 0.012016 0.018368 0.020611 0.033600
0 0.012055 0.048384 0.020533 0.031808
0 0.011956 0.115584 0.020730 0.037632
0 0.010490 0.268800 0.019198 0.033600
