0 0.011681 0.936768 0.021281 0.008960
0 0.008008 0.865536 0.015233 0.043904
0 0.001372 0.647360 0.001721 0.009856
0 0.001334 0.573440 0.001797 0.011648
0 0.001552 0.485632 0.001360 0.010304
0 0.012021 0.446208 0.020600 0.010304
0 0.012237 0.449344 0.020169 0.007616
0 0.012212 0.337344 0.020218 0.006720
0 0.001739 0.258048 0.000986 0.010304
0 0.007967 0.921984 0.015316 0.049280
0 0.008128 0.711872 0.014994 0.044352
0 0.011853 0.591808 0.020937 0.004032
0 0.008064 0.654080 0.015123 0.060480
0 0.008022 0.593152 0.015206 0.073024
0 0.008211 0.552384 0.014829 0.053312
0 0.008177 0.440832 0.014895 0.063168
0 0.008231 0.510272 0.014788 0.047936
0 0.008220 0.383488 0.014810 0.088256
0 0.008423 0.274176 0.014403 0.034944
0 0.008580 0.196224 0.014091 0.041216
0 0.001533 0.534912 0.001398 0.010752
0 0.011912 0.512512 0.020818 0.009408
0 0.011670 0.912576 0.021302 0.007616
0 0.011730 0.748160 0.021182 0.007168
0 0.011663 0.920640 0.021316 0.007168
0 0.012118 0.896896 0.020407 0.010752
0 0.012263 0.919744 0.020116 0.009856
0 0.012253 0.919744 0.020138 0.009856
0 0.012178 0.792512 0.020288 0.008512
0 0.012152 0.790720 0.020338 0.009856
0 0.001325 0.858816 0.001813 0.007616
0 0.001454 0.714560 0.001556 0.010752
0 0.011816 0.697088 0.021010 0.007168
0 0.011938 0.564032 0.020768 0.008064
0 0.011798 0.693952 0.021047 0.006720
0 0.011794 0.699328 0.021055 0.008064
0 0.011771 0.700224 0.021100 0.007616
0 0.012143 0.575232 0.020358 0.009408
0 0.012099 0.543424 0.020444 0.010304
0 0.012009 0.583744 0.020625 0.009856
0 0.012004 0.593600 0.020635 0.009856
0 0.011995 0.591808 0.020653 0.008960
0 0.008600 0.152768 0.014050 0.054656
