0 0.001780 0.481152 0.000904 0.041216
0 0.008858 0.284928 0.013533 0.213248
0 0.008044 0.830144 0.015162 0.151872
0 0.008111 0.832384 0.015028 0.215040
0 0.008198 0.786240 0.014855 0.205184
0 0.008333 0.676480 0.014584 0.177856
0 0.008432 0.443520 0.014385 0.235200
0 0.008472 0.389760 0.014306 0.236544
0 0.008491 0.303744 0.014267 0.139776
0 0.008554 0.350784 0.014141 0.177408
0 0.008686 0.327936 0.013878 0.172032
0 0.008613 0.338688 0.014024 0.176512
0 0.008272 0.679616 0.014705 0.119616
0 0.001807 0.361536 0.000850 0.035392
0 0.011250 0.157248 0.022142 0.022400
0 0.011249 0.171136 0.022145 0.021952
0 0.011371 0.360640 0.021901 0.034496
0 0.011377 0.389760 0.021889 0.026880
0 0.011626 0.174272 0.021391 0.022400
0 0.011229 0.635712 0.022185 0.031360
0 0.001330 0.853888 0.001805 0.053312
0 0.001346 0.838208 0.001773 0.027776
0 0.001950 0.400512 0.000564 0.038976
0 0.001848 0.419776 0.000768 0.043008
0 0.007978 0.841344 0.015293 0.211904
