0 0.011041 0.606144 0.018096 0.067200
0 0.011939 0.043456 0.020765 0.068544
0 0.012142 0.534464 0.020358 0.037184
0 0.012150 0.449344 0.020343 0.043456
0 0.012088 0.246848 0.020466 0.050624
0 0.012019 0.165312 0.020604 0.082432
0 0.011338 0.784000 0.021967 0.052416
0 0.011250 0.618688 0.022142 0.047936
0 0.011289 0.636160 0.022064 0.049280
0 0.011194 0.152320 0.022254 0.071680
0 0.005058 0.884352 0.007742 0.192640
0 0.005000 0.692160 0.007857 0.194432
0 0.004946 0.487872 0.007966 0.195776
0 0.004892 0.298816 0.008074 0.197120
