0 0.011398 0.965888 0.021846 0.054208
0 0.012064 0.177856 0.020516 0.043456
0 0.004941 0.505344 0.007976 0.215040
0 0.005127 0.659904 0.007602 0.237888
0 0.005038 0.739200 0.007780 0.237888
0 0.004950 0.818048 0.007956 0.234304
0 0.011181 0.203840 0.022280 0.061376
0 0.011199 0.435008 0.022245 0.045696
0 0.011260 0.340032 0.022124 0.052864
0 0.011246 0.274624 0.022151 0.051520
0 0.011244 0.311808 0.022155 0.056448
0 0.011336 0.599872 0.021971 0.052864
0 0.011358 0.685888 0.021926 0.044352
0 0.011361 0.721280 0.021920 0.050624
0 0.011921 0.149632 0.020801 0.051520
0 0.012061 0.192192 0.020522 0.050624
0 0.012076 0.157248 0.020490 0.050624
0 0.011396 0.900928 0.021850 0.034944
0 0.012101 0.457856 0.020441 0.043456
0 0.012115 0.441280 0.020412 0.043456
0 0.012157 0.092736 0.020328 0.045696
0 0.012077 0.031360 0.020488 0.050624
0 0.012081 0.017920 0.020481 0.033600
0 0.012225 0.729344 0.020193 0.043456
0 0.012178 0.945728 0.020287 0.047936
0 0.012093 0.976640 0.020457 0.042112
0 0.011253 0.807296 0.022138 0.056448
0 0.011233 0.813568 0.022177 0.052864
0 0.011291 0.967680 0.022061 0.050624
0 0.011273 0.973056 0.022096 0.051520
0 0.011284 0.809536 0.022075 0.044352
0 0.011343 0.945280 0.021958 0.051520
0 0.004876 0.401408 0.008105 0.211456
