0 0.012013 0.976192 0.020618 0.045696
0 0.012159 0.581504 0.020326 0.052416
0 0.004700 0.503552 0.008458 0.218176
0 0.004606 0.607488 0.008644 0.218176
0 0.004979 0.719040 0.007899 0.217280
0 0.004886 0.819840 0.008086 0.218176
0 0.011387 0.021504 0.021868 0.038976
0 0.011473 0.118720 0.021697 0.041216
0 0.011490 0.087808 0.021662 0.041216
0 0.011575 0.142912 0.021493 0.041216
0 0.012127 0.514752 0.020389 0.053760
0 0.012166 0.807296 0.020311 0.044352
0 0.011943 0.887936 0.020756 0.045696
0 0.012157 0.831936 0.020328 0.047936
0 0.012140 0.852992 0.020364 0.047040
0 0.012131 0.875840 0.020381 0.047040
0 0.012111 0.893760 0.020421 0.045696
0 0.012102 0.914816 0.020439 0.042112
0 0.012088 0.932736 0.020467 0.041216
0 0.012073 0.952000 0.020497 0.045696
0 0.012018 0.800576 0.020608 0.044352
0 0.011982 0.844480 0.020678 0.045696
0 0.004795 0.400512 0.008267 0.220416
