0 0.011851 0.027328 0.020941 0.050176
0 0.011555 0.959616 0.021532 0.033152
0 0.006116 0.580608 0.010090 0.221312
0 0.005096 0.845376 0.007664 0.242816
0 0.005233 0.796096 0.007390 0.241920
0 0.011237 0.197120 0.022168 0.050176
0 0.011259 0.246400 0.022125 0.050176
0 0.011212 0.361536 0.022218 0.036288
0 0.011275 0.339584 0.022093 0.036288
0 0.011323 0.324352 0.021997 0.035392
0 0.011481 0.465024 0.021680 0.050176
0 0.011570 0.673792 0.021502 0.066304
0 0.011530 0.393792 0.021582 0.048832
0 0.011606 0.575232 0.021432 0.051520
0 0.011635 0.636160 0.021374 0.059136
0 0.011657 0.693952 0.021329 0.048832
0 0.011589 0.228032 0.021464 0.036288
0 0.011666 0.202048 0.021311 0.034048
0 0.011699 0.073472 0.021246 0.056000
0 0.011676 0.027328 0.021291 0.054656
0 0.011970 0.087360 0.020703 0.039872
0 0.012025 0.067648 0.020592 0.035392
0 0.012083 0.051520 0.020476 0.034048
0 0.012193 0.015232 0.020258 0.030912
0 0.011616 0.775936 0.021411 0.046592
0 0.011617 0.826112 0.021409 0.023744
0 0.011686 0.753088 0.021271 0.058240
0 0.011726 0.848512 0.021190 0.054656
0 0.011763 0.924672 0.021117 0.047936
0 0.006049 0.426048 0.010223 0.224448
