0 0.012214 0.625408 0.020215 0.038976
0 0.012192 0.586880 0.020258 0.036736
0 0.004814 0.404096 0.008229 0.191744
0 0.004882 0.520128 0.008093 0.195328
0 0.004952 0.636608 0.007952 0.193088
0 0.005023 0.753536 0.007811 0.191744
0 0.005093 0.871360 0.007670 0.193088
0 0.005156 0.380352 0.007544 0.239680
0 0.005331 0.672896 0.007195 0.241024
0 0.011884 0.057792 0.020874 0.042112
0 0.011896 0.083328 0.020852 0.036736
0 0.011909 0.102592 0.020824 0.034048
0 0.011921 0.123200 0.020801 0.034048
0 0.011933 0.141568 0.020776 0.041216
0 0.011967 0.204736 0.020708 0.044352
0 0.012004 0.274624 0.020635 0.037632
0 0.012029 0.318528 0.020585 0.038976
0 0.012052 0.352576 0.020540 0.038976
0 0.012177 0.562240 0.020288 0.039872
0 0.004744 0.287616 0.008370 0.193984
