0 0.011989 0.974400 0.020665 0.034944
0 0.012225 0.873600 0.020193 0.070336
0 0.004765 0.680512 0.008327 0.284480
0 0.004964 0.269248 0.007928 0.288960
0 0.005053 0.406336 0.007751 0.288960
0 0.011584 0.034496 0.021475 0.062272
0 0.012110 0.491904 0.020423 0.067200
0 0.012115 0.662144 0.020412 0.043008
0 0.012197 0.646016 0.020248 0.039872
0 0.012173 0.961856 0.020298 0.073472
0 0.011942 0.971264 0.020759 0.034944
0 0.012079 0.821184 0.020485 0.031808
0 0.012062 0.852096 0.020519 0.036736
0 0.012055 0.880768 0.020532 0.033600
0 0.012037 0.913024 0.020569 0.036736
0 0.012014 0.940800 0.020615 0.031808
0 0.011982 0.910336 0.020678 0.028672
0 0.011955 0.938560 0.020733 0.033600
0 0.004677 0.538496 0.008504 0.290752
