0 0.011360 0.978432 0.021922 0.045696
0 0.011182 0.650048 0.022278 0.047936
0 0.005930 0.621376 0.010462 0.283584
0 0.004967 0.439488 0.007924 0.193536
0 0.005023 0.571648 0.007811 0.195776
0 0.005199 0.283584 0.007460 0.197120
0 0.005258 0.416640 0.007341 0.195776
0 0.011165 0.593600 0.022314 0.057792
0 0.011163 0.659904 0.022318 0.052864
0 0.011201 0.645568 0.022241 0.052864
0 0.011185 0.796096 0.022272 0.039872
0 0.011220 0.636608 0.022202 0.056448
0 0.011253 0.684992 0.022137 0.024192
0 0.011281 0.747712 0.022081 0.045696
0 0.011258 0.751744 0.022128 0.051520
0 0.011240 0.765184 0.022163 0.049280
0 0.011221 0.774144 0.022200 0.050624
0 0.011203 0.781760 0.022237 0.047040
0 0.005817 0.695744 0.010687 0.283584
