0 0.012228 0.397376 0.020188 0.031808
0 0.011163 0.249088 0.022317 0.030912
0 0.004886 0.340480 0.008085 0.173376
0 0.004973 0.419776 0.007911 0.173376
0 0.005065 0.497728 0.007726 0.172480
0 0.005154 0.576128 0.007549 0.171136
0 0.005244 0.655424 0.007370 0.172480
0 0.014510 0.778624 0.029015 0.446656
0 0.011209 0.249088 0.022226 0.041216
0 0.012221 0.163520 0.020200 0.034496
0 0.011282 0.224896 0.022078 0.038080
0 0.011702 0.068544 0.021240 0.031808
0 0.011997 0.113344 0.020650 0.032704
0 0.012010 0.130816 0.020623 0.029120
0 0.011963 0.186816 0.020716 0.030016
0 0.012108 0.159488 0.020426 0.037184
0 0.005862 0.242368 0.010598 0.198912
