0 0.011886 0.905408 0.020870 0.045696
0 0.011880 0.834176 0.020883 0.042112
0 0.004944 0.268352 0.007969 0.115136
0 0.004833 0.452928 0.008190 0.112896
0 0.004821 0.584640 0.008215 0.117376
0 0.004813 0.718144 0.008231 0.115136
0 0.004805 0.849856 0.008248 0.113792
0 0.011857 0.695296 0.020928 0.046592
0 0.012125 0.662144 0.020393 0.046592
0 0.012131 0.745024 0.020381 0.050176
0 0.012141 0.816256 0.020360 0.048832
0 0.012151 0.851200 0.020340 0.046592
0 0.012031 0.747712 0.020581 0.042112
0 0.011978 0.837312 0.020687 0.054656
0 0.012011 0.891968 0.020622 0.047936
0 0.012056 0.898240 0.020531 0.044352
0 0.012050 0.859712 0.020544 0.041216
0 0.012045 0.827008 0.020554 0.043456
0 0.012061 0.929600 0.020521 0.043456
0 0.012058 0.959616 0.020526 0.039872
0 0.012194 0.766080 0.020255 0.044352
0 0.012206 0.870016 0.020230 0.043456
0 0.012161 0.883456 0.020320 0.042112
0 0.012159 0.915712 0.020325 0.050176
0 0.012171 0.949312 0.020300 0.046592
0 0.012229 0.955136 0.020185 0.044352
0 0.011868 0.793408 0.020908 0.046592
0 0.004953 0.136640 0.007952 0.113792
