0 0.011306 0.403200 0.022030 0.025088
0 0.011226 0.365120 0.022192 0.025088
0 0.005181 0.197120 0.007495 0.120064
0 0.005093 0.257600 0.007671 0.120064
0 0.005004 0.318080 0.007849 0.121856
0 0.004889 0.396480 0.008079 0.120064
0 0.004801 0.457408 0.008255 0.120960
0 0.004710 0.516992 0.008438 0.120960
0 0.004623 0.577920 0.008611 0.120064
0 0.004059 0.794304 0.005275 0.289856
0 0.011437 0.081984 0.021768 0.025088
0 0.011285 0.393344 0.022074 0.027776
0 0.011246 0.374528 0.022151 0.026432
0 0.011425 0.323008 0.021792 0.025088
0 0.011443 0.373632 0.021756 0.023296
0 0.011422 0.383040 0.021799 0.024640
0 0.011464 0.359296 0.021715 0.022400
0 0.011499 0.336896 0.021646 0.025984
0 0.011541 0.302848 0.021561 0.025984
0 0.011483 0.058688 0.021677 0.028224
0 0.005271 0.137536 0.007315 0.118272
