0 0.001183 0.125440 0.002099 0.021056
0 0.001159 0.120960 0.002147 0.020160
0 0.008106 0.209216 0.015039 0.071232
0 0.015822 0.245056 0.030856 0.025088
0 0.008167 0.307776 0.014916 0.067648
0 0.008255 0.412160 0.014741 0.026880
0 0.008365 0.667968 0.014520 0.043008
0 0.008221 0.781312 0.014807 0.019264
0 0.008341 0.880320 0.014568 0.048832
0 0.011169 0.228928 0.022305 0.013888
0 0.011277 0.595840 0.022090 0.012992
0 0.011376 0.669760 0.021890 0.008512
0 0.011341 0.410368 0.021962 0.008960
0 0.011341 0.403648 0.021962 0.007168
0 0.001759 0.876288 0.000946 0.023744
0 0.001765 0.676480 0.000935 0.022848
0 0.001136 0.119168 0.002192 0.024640
0 0.008369 0.030912 0.014512 0.030912
