0 0.011565 0.170688 0.021514 0.028224
0 0.011661 0.140224 0.021320 0.025984
0 0.008070 0.541632 0.015109 0.267008
0 0.008207 0.544768 0.014836 0.242368
0 0.008323 0.607040 0.014603 0.268352
0 0.008624 0.718144 0.014001 0.206080
0 0.015884 0.040768 0.030732 0.048384
0 0.016170 0.262528 0.030161 0.044800
0 0.001195 0.550592 0.002074 0.049280
0 0.002096 0.697536 0.000271 0.014336
0 0.002072 0.275968 0.000321 0.029568
0 0.002074 0.242816 0.000317 0.034048
0 0.002098 0.227584 0.000269 0.034048
0 0.002130 0.204288 0.000203 0.038976
0 0.002021 0.198912 0.000421 0.047040
0 0.001922 0.776384 0.000621 0.037632
0 0.001919 0.420672 0.000627 0.038976
0 0.012165 0.120960 0.020313 0.033152
0 0.012061 0.165760 0.020521 0.018816
0 0.012064 0.151872 0.020515 0.018816
0 0.012185 0.106624 0.020272 0.024640
0 0.012185 0.170688 0.020272 0.028224
0 0.011837 0.244160 0.020969 0.020160
0 0.011838 0.229824 0.020967 0.017472
0 0.011688 0.150976 0.021267 0.017472
0 0.007870 0.495936 0.015510 0.208320
