0 0.012229 0.735168 0.020184 0.087360
0 0.010500 0.555968 0.019178 0.049280
0 0.010768 0.571200 0.018642 0.086016
0 0.010694 0.740992 0.018791 0.069888
0 0.011013 0.622272 0.018152 0.065408
0 0.010917 0.653632 0.018345 0.055104
0 0.010438 0.392448 0.019302 0.112000
0 0.010482 0.713216 0.019214 0.124992
0 0.010621 0.451136 0.018937 0.060928
0 0.010689 0.642432 0.018801 0.115136
0 0.010573 0.351680 0.019032 0.115136
0 0.010596 0.795648 0.018986 0.062720
0 0.010967 0.801920 0.018245 0.090048
0 0.010251 0.613760 0.019676 0.053760
0 0.010718 0.304192 0.018742 0.069888
0 0.010734 0.450688 0.018712 0.042112
0 0.010717 0.630336 0.018745 0.124992
0 0.010677 0.529088 0.018824 0.053760
0 0.012181 0.758912 0.020282 0.068544
0 0.010609 0.336448 0.018960 0.119168
0 0.010360 0.449792 0.019458 0.128128
0 0.010383 0.433216 0.019412 0.126784
0 0.010406 0.421568 0.019366 0.115136
0 0.010464 0.384832 0.019250 0.117824
0 0.010497 0.382144 0.019184 0.109312
0 0.010532 0.372736 0.019114 0.093184
0 0.010678 0.305088 0.018822 0.117824
0 0.010664 0.654976 0.018850 0.124992
0 0.010632 0.408128 0.018914 0.056896
0 0.010327 0.573440 0.019525 0.055104
0 0.010408 0.775040 0.019363 0.094528
0 0.010447 0.735616 0.019284 0.120960
0 0.010508 0.694848 0.019163 0.115136
0 0.010545 0.699328 0.019089 0.123648
0 0.010740 0.601216 0.018699 0.128128
0 0.011338 0.340480 0.021967 0.043456
0 0.011476 0.285824 0.021690 0.045248
0 0.011481 0.681856 0.021680 0.056896
0 0.011349 0.732928 0.021944 0.062720
0 0.011374 0.809984 0.021896 0.065408
0 0.011437 0.795648 0.021770 0.059584
0 0.011442 0.685440 0.021760 0.078400
0 0.010270 0.638400 0.019638 0.047936
0 0.011443 0.629440 0.021757 0.033600
0 0.011462 0.739648 0.021718 0.049280
0 0.011564 0.284032 0.021516 0.034944
0 0.011487 0.807296 0.021670 0.062720
0 0.011643 0.809984 0.021357 0.042112
0 0.011489 0.877632 0.021665 0.046592
0 0.011957 0.854336 0.020728 0.064064
0 0.011909 0.878528 0.020826 0.045248
0 0.012204 0.740096 0.020236 0.071232
0 0.011321 0.659456 0.022001 0.064064
0 0.011317 0.930944 0.022008 0.062720
0 0.011295 0.872704 0.022052 0.056896
0 0.011274 0.813120 0.022096 0.056896
0 0.011271 0.751296 0.022101 0.060928
0 0.011185 0.523264 0.022273 0.056896
0 0.011842 0.170240 0.020959 0.037632
0 0.011774 0.198912 0.021095 0.036288
0 0.011580 0.077952 0.021482 0.053760
0 0.011552 0.150528 0.021539 0.047936
0 0.011614 0.124992 0.021416 0.046592
0 0.011671 0.102592 0.021300 0.039424
0 0.011702 0.194432 0.021239 0.042112
0 0.011662 0.235648 0.021318 0.049280
0 0.011602 0.233408 0.021439 0.042112
0 0.011497 0.176064 0.021649 0.043456
0 0.011549 0.253120 0.021544 0.037632
0 0.010285 0.457856 0.019610 0.112000
