0 0.001998 0.665728 0.000469 0.016576
0 0.001517 0.323008 0.001431 0.031808
0 0.001436 0.328832 0.001593 0.031808
0 0.008273 0.848960 0.014704 0.060032
0 0.008186 0.753536 0.014879 0.104832
0 0.008089 0.661696 0.015072 0.062272
0 0.008691 0.646464 0.013868 0.031808
0 0.008590 0.494592 0.014069 0.109312
0 0.008522 0.417536 0.014207 0.084672
0 0.016027 0.092288 0.030446 0.015232
0 0.008204 0.291200 0.014842 0.078848
0 0.008108 0.284928 0.015033 0.117824
0 0.008011 0.336896 0.015228 0.071680
0 0.007870 0.686336 0.015510 0.086016
0 0.007955 0.400512 0.015339 0.088256
