0 0.011986 0.967680 0.020671 0.015232
0 0.012051 0.943040 0.020541 0.015232
0 0.007926 0.222208 0.015399 0.101248
0 0.007891 0.411264 0.015469 0.071680
0 0.008069 0.475776 0.015111 0.149632
0 0.008206 0.479360 0.014838 0.090496
0 0.008402 0.154560 0.014445 0.107072
0 0.008396 0.444864 0.014458 0.133952
0 0.008474 0.463680 0.014301 0.258944
0 0.008623 0.529536 0.014003 0.082432
0 0.008680 0.699776 0.013890 0.421120
0 0.001250 0.428736 0.001965 0.029568
0 0.001394 0.426496 0.001677 0.048384
0 0.002121 0.562240 0.000222 0.039872
0 0.002158 0.512512 0.000148 0.052864
0 0.002137 0.514752 0.000191 0.055104
0 0.002124 0.516096 0.000216 0.045696
0 0.002099 0.520576 0.000267 0.060032
0 0.002082 0.512512 0.000300 0.055104
0 0.002072 0.579264 0.000321 0.031808
0 0.002080 0.561792 0.000304 0.024640
0 0.002050 0.637504 0.000364 0.030464
0 0.002104 0.620480 0.000257 0.034048
0 0.002093 0.668416 0.000277 0.021056
0 0.002067 0.734720 0.000331 0.031808
0 0.002021 0.743680 0.000421 0.028224
0 0.002062 0.778176 0.000341 0.022400
0 0.001995 0.841344 0.000475 0.028224
0 0.001973 0.905408 0.000518 0.022400
0 0.007834 0.223552 0.015582 0.075264
