0 0.001779 0.263872 0.000905 0.029568
0 0.001814 0.129472 0.000836 0.028224
0 0.008069 0.310912 0.015112 0.054656
0 0.008056 0.438144 0.015139 0.070784
0 0.008074 0.543872 0.015101 0.070784
0 0.008168 0.692160 0.014914 0.070784
0 0.008117 0.950656 0.015015 0.043008
0 0.008589 0.576576 0.014072 0.080640
0 0.008667 0.443968 0.013917 0.069440
0 0.008683 0.381248 0.013883 0.069440
0 0.008454 0.208768 0.014342 0.335104
0 0.001399 0.324352 0.001666 0.028224
0 0.001770 0.372736 0.000924 0.049728
0 0.001799 0.156800 0.000866 0.036288
0 0.001829 0.075264 0.000807 0.054656
0 0.001839 0.088256 0.000786 0.051072
0 0.001853 0.094976 0.000759 0.047936
0 0.001860 0.155008 0.000744 0.036288
0 0.001919 0.145152 0.000627 0.043008
0 0.001815 0.113792 0.000834 0.033152
0 0.001819 0.236992 0.000826 0.024640
0 0.001783 0.249984 0.000899 0.028224
0 0.001770 0.315392 0.000924 0.029568
0 0.008041 0.208768 0.015168 0.021504
