0 0.001309 0.818048 0.001846 0.018368
0 0.001526 0.420224 0.001413 0.017024
0 0.008881 0.156800 0.013489 0.040320
0 0.008696 0.314496 0.013858 0.027776
0 0.008682 0.475328 0.013885 0.031808
0 0.008732 0.781312 0.013787 0.043456
0 0.008804 0.854784 0.013643 0.038080
0 0.007914 0.816256 0.015423 0.023296
0 0.007956 0.694848 0.015338 0.033152
0 0.008023 0.599424 0.015205 0.016128
0 0.008005 0.538048 0.015239 0.029120
0 0.008169 0.421120 0.014912 0.036288
0 0.008394 0.253568 0.014462 0.048832
0 0.008427 0.175168 0.014396 0.036736
