0 0.001353 0.190848 0.001759 0.031808
0 0.008255 0.881216 0.014741 0.047040
0 0.008184 0.375424 0.014882 0.044352
0 0.008314 0.379456 0.014621 0.141120
0 0.008397 0.338688 0.014455 0.095872
0 0.008591 0.226688 0.014069 0.053312
0 0.008688 0.199808 0.013874 0.075264
0 0.008851 0.144704 0.013549 0.039872
0 0.011505 0.221760 0.021633 0.017920
0 0.001728 0.359744 0.001008 0.030912
0 0.011506 0.162176 0.021631 0.016128
0 0.011453 0.094080 0.021737 0.012544
0 0.011502 0.139328 0.021639 0.016128
0 0.011793 0.792960 0.021057 0.022848
0 0.002129 0.262976 0.000206 0.024640
0 0.002186 0.154112 0.000093 0.025536
0 0.008106 0.427392 0.015038 0.123200
