0 0.001246 0.615552 0.001973 0.028224
0 0.001567 0.126336 0.001330 0.015232
0 0.001643 0.034048 0.001178 0.042112
0 0.011615 0.111552 0.021413 0.013888
0 0.011669 0.110656 0.021304 0.039872
0 0.011389 0.207872 0.021865 0.018816
0 0.008792 0.185472 0.013666 0.244608
0 0.008517 0.351232 0.014215 0.209216
0 0.016285 0.097664 0.029930 0.037632
0 0.008314 0.482496 0.014622 0.142016
0 0.016034 0.280896 0.030432 0.030464
0 0.008088 0.580608 0.015074 0.150528
0 0.007968 0.596736 0.015315 0.150528
0 0.007864 0.633472 0.015522 0.180992
