0 0.011226 0.798784 0.022191 0.012992
0 0.011303 0.267904 0.022036 0.012096
0 0.008221 0.053312 0.014809 0.053312
0 0.008466 0.138880 0.014318 0.075264
0 0.008646 0.266560 0.013958 0.044352
0 0.008483 0.484736 0.014284 0.071680
0 0.008301 0.535360 0.014649 0.059136
0 0.008274 0.740992 0.014702 0.043008
0 0.008283 0.856128 0.014684 0.051520
0 0.008174 0.924224 0.014902 0.034496
0 0.011209 0.190848 0.022225 0.015680
0 0.011303 0.301952 0.022036 0.012544
0 0.011262 0.719488 0.022119 0.014336
0 0.011374 0.268800 0.021895 0.014784
0 0.011423 0.259840 0.021796 0.008960
0 0.011445 0.283136 0.021753 0.014336
0 0.011481 0.272384 0.021681 0.017472
0 0.011597 0.349888 0.021449 0.014784
0 0.011323 0.519232 0.021996 0.016576
0 0.011209 0.518336 0.022225 0.015680
0 0.011265 0.775040 0.022113 0.007616
0 0.011197 0.812224 0.022249 0.009408
0 0.007965 0.018368 0.015321 0.035392
