0 0.001943 0.675136 0.000578 0.029568
0 0.001693 0.163520 0.001079 0.039872
0 0.001557 0.433664 0.001350 0.028224
0 0.001549 0.423808 0.001367 0.031808
0 0.008447 0.684544 0.014357 0.123200
0 0.008574 0.720384 0.014102 0.101248
0 0.008699 0.769216 0.013851 0.083328
0 0.008565 0.241024 0.014120 0.096320
0 0.008482 0.205184 0.014287 0.094976
0 0.008367 0.154112 0.014515 0.063616
0 0.008199 0.487872 0.014852 0.126784
0 0.008061 0.427840 0.015128 0.082432
0 0.008071 0.268352 0.015107 0.041216
0 0.007853 0.159936 0.015545 0.060928
