0 0.011894 0.845824 0.020855 0.007168
0 0.011880 0.928704 0.020883 0.013888
0 0.008522 0.223552 0.014206 0.151872
0 0.008404 0.348992 0.014442 0.117824
0 0.008034 0.392448 0.015182 0.075264
0 0.007852 0.934976 0.015546 0.094080
0 0.008148 0.947072 0.014954 0.042112
0 0.008219 0.792960 0.014812 0.034944
0 0.008293 0.673344 0.014664 0.071680
0 0.016278 0.719040 0.029945 0.024640
0 0.008426 0.650496 0.014397 0.080640
0 0.008587 0.656768 0.014075 0.065408
0 0.008663 0.385280 0.013924 0.041216
0 0.008713 0.815360 0.013824 0.064960
0 0.012079 0.179200 0.020485 0.013888
0 0.001512 0.796544 0.001440 0.014784
0 0.001735 0.620928 0.000995 0.019264
0 0.001691 0.754880 0.001083 0.017024
0 0.002018 0.793408 0.000428 0.020160
0 0.001176 0.921984 0.002113 0.024640
0 0.011664 0.982464 0.021316 0.008064
0 0.011687 0.978432 0.021269 0.008960
0 0.011665 0.974400 0.021312 0.011648
0 0.011752 0.885696 0.021139 0.012096
0 0.011731 0.879872 0.021180 0.010752
0 0.011736 0.872256 0.021171 0.012096
0 0.011838 0.869120 0.020966 0.009408
0 0.016111 0.124096 0.030278 0.016576
