0 0.001471 0.524160 0.001522 0.012544
0 0.001583 0.833728 0.001298 0.012096
0 0.001353 0.906304 0.001759 0.014784
0 0.011404 0.795200 0.021835 0.015680
0 0.011390 0.896448 0.021864 0.015680
0 0.011300 0.658112 0.022042 0.015680
0 0.011304 0.665280 0.022034 0.013440
0 0.008708 0.912576 0.013834 0.067200
0 0.008452 0.870912 0.014345 0.044800
0 0.008297 0.801920 0.014657 0.054656
0 0.008331 0.714560 0.014587 0.022848
0 0.008109 0.532224 0.015032 0.060032
0 0.008051 0.474432 0.015149 0.024192
0 0.008059 0.392896 0.015133 0.033152
0 0.008157 0.209664 0.014936 0.039872
0 0.008338 0.119168 0.014574 0.066752
