0 0.011448 0.664384 0.021746 0.016576
0 0.011453 0.639744 0.021738 0.017920
0 0.016262 0.240576 0.029976 0.040768
0 0.008441 0.387520 0.014367 0.082432
0 0.007909 0.526848 0.015432 0.126784
0 0.008118 0.426944 0.015014 0.088704
0 0.008341 0.727104 0.014567 0.084672
0 0.008483 0.673344 0.014285 0.084672
0 0.008209 0.840448 0.014833 0.083776
0 0.008581 0.801024 0.014088 0.104832
0 0.008769 0.825216 0.013712 0.084672
0 0.008879 0.523712 0.013493 0.047040
0 0.011295 0.140224 0.022053 0.021952
0 0.011838 0.285376 0.020968 0.013888
0 0.011831 0.160832 0.020981 0.010752
0 0.011833 0.135744 0.020977 0.009408
0 0.011830 0.128128 0.020983 0.008512
0 0.011910 0.058240 0.020822 0.014784
0 0.012267 0.279104 0.020110 0.017024
0 0.001235 0.514304 0.001995 0.021952
0 0.001372 0.700224 0.001720 0.024192
0 0.002103 0.808640 0.000258 0.023296
0 0.011442 0.672896 0.021760 0.016576
0 0.008026 0.236096 0.015197 0.067200
