0 0.012168 0.765632 0.020308 0.014784
0 0.012176 0.772800 0.020292 0.013888
0 0.011998 0.817152 0.020646 0.016128
0 0.002193 0.938560 0.000078 0.024192
0 0.001654 0.060480 0.001156 0.017024
0 0.008516 0.879424 0.014218 0.064512
0 0.016679 0.531776 0.029142 0.025088
0 0.008421 0.805056 0.014409 0.060928
0 0.016039 0.405888 0.030422 0.026432
0 0.008228 0.594496 0.014793 0.040320
0 0.008053 0.419328 0.015144 0.030912
0 0.008244 0.189952 0.014761 0.037632
0 0.008367 0.091392 0.014517 0.050624
0 0.016307 0.159488 0.029885 0.034496
