0 0.011267 0.973056 0.022110 0.025088
0 0.012165 0.878080 0.020313 0.042560
0 0.011582 0.279104 0.021479 0.047040
0 0.011588 0.342272 0.021467 0.045696
0 0.001448 0.482496 0.001568 0.057792
0 0.010556 0.332864 0.019066 0.084224
0 0.011732 0.092736 0.021178 0.054656
0 0.011759 0.096320 0.021125 0.045696
0 0.011836 0.088704 0.020971 0.054656
0 0.011880 0.520576 0.020882 0.040320
0 0.012048 0.300160 0.020547 0.049280
0 0.012080 0.638848 0.020484 0.049280
0 0.012149 0.697088 0.020345 0.043904
0 0.012082 0.691264 0.020478 0.053760
0 0.012216 0.696192 0.020211 0.043904
0 0.012198 0.703808 0.020247 0.041664
0 0.012223 0.594944 0.020197 0.044800
0 0.012233 0.663040 0.020176 0.049280
0 0.011858 0.524160 0.020926 0.036288
0 0.011508 0.647360 0.021627 0.042560
0 0.011498 0.541184 0.021646 0.047936
0 0.011187 0.633472 0.022269 0.042560
0 0.010525 0.868224 0.019129 0.066752
0 0.010496 0.324800 0.019187 0.100352
0 0.010450 0.875392 0.019279 0.091840
0 0.010871 0.740544 0.018436 0.066752
0 0.010774 0.296576 0.018631 0.101696
0 0.010477 0.868672 0.019225 0.098560
0 0.010503 0.873600 0.019173 0.075264
0 0.010483 0.609280 0.019212 0.090496
0 0.010585 0.315392 0.019008 0.064512
0 0.011206 0.646464 0.022231 0.042560
0 0.010614 0.316736 0.018950 0.063168
0 0.010641 0.308224 0.018896 0.087360
0 0.010671 0.303296 0.018837 0.110208
0 0.010693 0.303744 0.018792 0.109312
0 0.010718 0.301056 0.018742 0.112448
0 0.010748 0.295232 0.018683 0.107072
0 0.010811 0.313152 0.018556 0.062272
0 0.012120 0.801024 0.020403 0.059136
0 0.012103 0.890176 0.020438 0.038080
0 0.011240 0.931840 0.022164 0.036288
0 0.012089 0.736064 0.020465 0.034048
0 0.011737 0.930944 0.021169 0.050176
0 0.011719 0.932288 0.021205 0.047936
0 0.011742 0.880768 0.021159 0.041664
0 0.011683 0.878080 0.021277 0.042560
0 0.011677 0.940352 0.021288 0.049280
0 0.011698 0.935872 0.021248 0.047040
0 0.011660 0.868224 0.021323 0.047040
0 0.011639 0.944832 0.021365 0.047040
0 0.011702 0.881216 0.021238 0.044800
0 0.011725 0.880768 0.021194 0.043904
0 0.011615 0.947072 0.021413 0.049280
0 0.011540 0.862848 0.021563 0.060032
0 0.011262 0.794752 0.022119 0.024192
0 0.011262 0.840000 0.022119 0.018368
0 0.011264 0.859712 0.022116 0.022848
0 0.011207 0.788480 0.022229 0.047040
0 0.011276 0.933184 0.022091 0.024192
0 0.011757 0.930048 0.021128 0.047936
0 0.011772 0.926912 0.021100 0.043904
0 0.011766 0.877184 0.021111 0.040320
0 0.011951 0.909888 0.020742 0.042560
0 0.012168 0.928256 0.020307 0.038080
0 0.012219 0.886144 0.020205 0.047936
0 0.012255 0.884800 0.020134 0.047040
0 0.012209 0.844480 0.020224 0.025088
0 0.011989 0.903168 0.020665 0.044800
0 0.012013 0.903168 0.020617 0.040320
0 0.011968 0.904512 0.020707 0.042560
0 0.011918 0.916608 0.020807 0.053760
0 0.011784 0.872256 0.021075 0.043904
0 0.011897 0.917952 0.020849 0.043904
0 0.011836 0.866880 0.020971 0.045696
0 0.011851 0.917504 0.020942 0.044800
0 0.011836 0.922880 0.020971 0.047040
0 0.011815 0.925568 0.021013 0.052416
0 0.011793 0.925568 0.021057 0.045696
0 0.011809 0.870464 0.021024 0.047040
0 0.010444 0.344064 0.019291 0.085120
