0 0.011856 0.942144 0.020930 0.056448
0 0.012097 0.921536 0.020450 0.062272
0 0.004697 0.405888 0.008464 0.256704
0 0.004586 0.546560 0.008684 0.259840
0 0.011382 0.883008 0.021880 0.056448
0 0.011754 0.735168 0.021136 0.043008
0 0.011775 0.703808 0.021093 0.048832
0 0.011814 0.679616 0.021015 0.056448
0 0.011905 0.503104 0.020833 0.056448
0 0.011874 0.828800 0.020895 0.069888
0 0.011949 0.867328 0.020744 0.057792
0 0.012019 0.890176 0.020605 0.068096
0 0.012060 0.905856 0.020523 0.063616
0 0.012102 0.736064 0.020438 0.050624
0 0.011913 0.956928 0.020818 0.059136
0 0.012033 0.675136 0.020578 0.053312
0 0.012112 0.703360 0.020419 0.053312
0 0.012085 0.589120 0.020473 0.047488
0 0.012135 0.672000 0.020372 0.047488
0 0.012126 0.644672 0.020392 0.055104
0 0.012164 0.618688 0.020314 0.050624
0 0.012190 0.590464 0.020264 0.050624
0 0.012126 0.531776 0.020392 0.048832
0 0.012153 0.499072 0.020337 0.051968
0 0.012180 0.557312 0.020283 0.051968
0 0.011951 0.976192 0.020740 0.050624
0 0.004801 0.263872 0.008254 0.258048
