0 0.012227 0.577920 0.020188 0.032704
0 0.012214 0.494592 0.020215 0.031808
0 0.011932 0.488768 0.020778 0.031360
0 0.011949 0.496832 0.020745 0.033600
0 0.011932 0.457408 0.020780 0.030464
0 0.011951 0.463680 0.020741 0.032704
0 0.011969 0.469056 0.020704 0.031808
0 0.011968 0.504896 0.020706 0.034944
0 0.011988 0.511616 0.020668 0.030464
0 0.012024 0.492800 0.020594 0.034944
0 0.012045 0.501312 0.020554 0.031360
0 0.012064 0.507584 0.020515 0.028224
0 0.012007 0.521024 0.020629 0.030464
0 0.011916 0.374528 0.020811 0.031360
0 0.011933 0.382592 0.020776 0.028224
0 0.011969 0.399616 0.020704 0.029568
0 0.012004 0.350336 0.020635 0.031808
0 0.012023 0.358848 0.020596 0.031360
0 0.012041 0.366464 0.020561 0.031808
0 0.012058 0.373184 0.020526 0.031808
0 0.012081 0.443968 0.020480 0.029120
0 0.010981 0.456064 0.018217 0.029568
0 0.012044 0.430528 0.020555 0.033600
0 0.012099 0.384384 0.020445 0.030464
0 0.012131 0.402752 0.020381 0.035840
0 0.012167 0.420672 0.020310 0.034944
0 0.012186 0.429184 0.020271 0.031808
0 0.012153 0.471296 0.020337 0.036288
0 0.012176 0.477568 0.020290 0.032704
0 0.011912 0.483392 0.020819 0.031808
0 0.011895 0.440832 0.020853 0.030464
0 0.011910 0.448000 0.020822 0.032704
0 0.011701 0.356608 0.021240 0.034048
0 0.004821 0.116480 0.008215 0.087808
0 0.004903 0.142912 0.008050 0.088256
0 0.004986 0.168448 0.007886 0.088256
0 0.005103 0.806848 0.007652 0.118720
0 0.004821 0.709632 0.008215 0.118720
0 0.004774 0.790272 0.008310 0.118720
0 0.004540 0.614208 0.008778 0.118272
0 0.004496 0.693504 0.008865 0.119616
0 0.004525 0.421120 0.008807 0.117376
0 0.004598 0.291648 0.008662 0.116480
0 0.011785 0.221760 0.021074 0.034944
0 0.011761 0.257152 0.021120 0.035840
0 0.011685 0.370048 0.021273 0.029568
0 0.011889 0.477120 0.020865 0.033600
0 0.011675 0.387968 0.021292 0.034944
0 0.011658 0.408576 0.021327 0.023744
0 0.011646 0.425600 0.021350 0.026880
0 0.011680 0.465472 0.021283 0.034944
0 0.011840 0.137088 0.020964 0.033600
0 0.011922 0.161728 0.020799 0.027328
0 0.011756 0.392896 0.021132 0.037184
0 0.011739 0.487872 0.021165 0.031808
0 0.011839 0.415744 0.020966 0.031808
0 0.011859 0.423808 0.020925 0.030464
0 0.011852 0.462336 0.020938 0.034944
0 0.011876 0.430528 0.020890 0.033600
0 0.012192 0.487872 0.020260 0.034944
0 0.012231 0.502656 0.020180 0.031808
0 0.011094 0.566720 0.017991 0.035840
0 0.012203 0.435904 0.020236 0.035840
0 0.011911 0.558208 0.020820 0.031808
0 0.011930 0.562240 0.020784 0.033600
0 0.011946 0.572096 0.020751 0.031360
0 0.011966 0.577024 0.020710 0.030464
0 0.011981 0.586880 0.020681 0.032704
0 0.011999 0.596288 0.020644 0.034944
0 0.012020 0.601664 0.020604 0.029568
0 0.012038 0.607488 0.020567 0.038080
0 0.012022 0.528640 0.020598 0.033600
0 0.012061 0.540736 0.020521 0.029568
0 0.010965 0.547008 0.018248 0.030464
0 0.012079 0.516544 0.020484 0.031360
0 0.012056 0.616448 0.020530 0.035840
0 0.012080 0.623616 0.020482 0.030464
0 0.012094 0.633024 0.020455 0.034048
0 0.012171 0.658112 0.020300 0.034048
0 0.012190 0.664384 0.020263 0.034944
0 0.012207 0.605696 0.020229 0.037184
0 0.012172 0.588224 0.020298 0.035840
0 0.012156 0.580160 0.020331 0.032704
0 0.012135 0.572992 0.020374 0.035840
0 0.012117 0.565376 0.020408 0.034048
0 0.012098 0.557760 0.020447 0.035840
0 0.012118 0.528192 0.020407 0.032704
0 0.012155 0.542976 0.020333 0.032704
0 0.012174 0.551040 0.020294 0.032704
0 0.012192 0.559552 0.020260 0.031360
0 0.011892 0.551040 0.020859 0.027328
0 0.011870 0.543872 0.020904 0.032704
0 0.011853 0.531776 0.020936 0.035840
0 0.012142 0.291200 0.020358 0.031360
0 0.012219 0.444864 0.020205 0.035840
0 0.012239 0.449792 0.020165 0.038080
0 0.012006 0.238784 0.020631 0.033600
0 0.012026 0.242368 0.020590 0.034944
0 0.012046 0.252224 0.020552 0.031808
0 0.012046 0.287616 0.020552 0.034048
0 0.012025 0.281792 0.020592 0.033600
0 0.012080 0.272832 0.020482 0.030464
0 0.012081 0.305984 0.020480 0.029568
0 0.012097 0.279552 0.020449 0.031360
0 0.012120 0.284928 0.020403 0.029120
0 0.012098 0.312256 0.020447 0.032704
0 0.012123 0.316288 0.020397 0.028224
0 0.011837 0.524160 0.020969 0.034944
0 0.012141 0.323008 0.020360 0.030464
0 0.012157 0.331072 0.020329 0.031808
0 0.012172 0.338240 0.020298 0.034944
0 0.012193 0.347648 0.020258 0.032704
0 0.012211 0.353024 0.020221 0.034048
0 0.012230 0.361536 0.020182 0.033600
0 0.012232 0.325248 0.020178 0.036288
0 0.012212 0.320768 0.020219 0.033600
0 0.012193 0.312256 0.020258 0.034944
0 0.012179 0.303296 0.020285 0.031808
0 0.012162 0.297024 0.020319 0.029120
0 0.011811 0.520576 0.021022 0.034944
0 0.004736 0.089600 0.008385 0.088256
