0 0.011127 0.271936 0.017924 0.052864
0 0.011038 0.263872 0.018102 0.051968
0 0.011120 0.641088 0.017939 0.082880
0 0.010990 0.084224 0.018199 0.064064
0 0.010750 0.090496 0.018679 0.066752
0 0.010823 0.275968 0.018533 0.074368
0 0.010432 0.297472 0.019314 0.024640
0 0.010601 0.785344 0.018976 0.081984
0 0.010883 0.085120 0.018412 0.057344
0 0.010913 0.085120 0.018352 0.062272
0 0.010570 0.325248 0.019038 0.083776
0 0.010653 0.311808 0.018873 0.057344
0 0.010616 0.558656 0.018946 0.087360
0 0.010654 0.628096 0.018871 0.077952
0 0.010686 0.579712 0.018806 0.069440
0 0.010683 0.502656 0.018812 0.081088
0 0.010653 0.544768 0.018873 0.085568
0 0.010823 0.680960 0.018533 0.081984
0 0.010831 0.088256 0.018517 0.064960
0 0.010624 0.424256 0.018931 0.056448
0 0.010624 0.340480 0.018931 0.081984
0 0.010582 0.595392 0.019015 0.071680
0 0.011003 0.840448 0.018173 0.040320
0 0.010548 0.773248 0.019082 0.077056
0 0.010577 0.784000 0.019025 0.081088
0 0.010738 0.798336 0.018703 0.055552
0 0.010802 0.852096 0.018574 0.081984
0 0.010879 0.868224 0.018421 0.075264
0 0.010930 0.868672 0.018319 0.086464
0 0.010980 0.888384 0.018218 0.074368
0 0.011059 0.904960 0.018061 0.080192
0 0.010594 0.516544 0.018991 0.077056
0 0.011109 0.913472 0.017960 0.087360
0 0.010994 0.682304 0.018191 0.082880
0 0.010906 0.689024 0.018367 0.064064
0 0.010847 0.693952 0.018485 0.090496
0 0.010563 0.495936 0.019053 0.121408
0 0.010599 0.336000 0.018980 0.080192
0 0.010593 0.432768 0.018993 0.081984
0 0.010992 0.276416 0.018195 0.058240
0 0.010874 0.686784 0.018431 0.081984
0 0.010952 0.135296 0.018274 0.046144
0 0.010935 0.678272 0.018309 0.058240
0 0.012160 0.657664 0.020323 0.042560
0 0.012035 0.837760 0.020573 0.053760
0 0.011947 0.852544 0.020749 0.055552
0 0.011878 0.813120 0.020887 0.051968
0 0.011733 0.628096 0.021176 0.047936
0 0.011480 0.673344 0.021683 0.017024
0 0.011479 0.648256 0.021684 0.017024
0 0.011226 0.578816 0.022191 0.023296
0 0.011126 0.723968 0.017926 0.081088
0 0.010686 0.765632 0.018806 0.085568
0 0.010690 0.651840 0.018799 0.085568
0 0.010297 0.538496 0.019585 0.026432
0 0.010650 0.389312 0.018879 0.087360
0 0.010676 0.429632 0.018827 0.061376
0 0.010680 0.363328 0.018819 0.057344
0 0.010570 0.396928 0.019040 0.061376
0 0.011100 0.521024 0.017979 0.054656
0 0.012134 0.661696 0.020375 0.040320
0 0.012212 0.646464 0.020218 0.053760
0 0.012214 0.711424 0.020214 0.053760
0 0.011288 0.046592 0.022067 0.019712
0 0.010965 0.647360 0.018249 0.046144
0 0.010953 0.879872 0.018272 0.086464
0 0.011212 0.086464 0.022219 0.015232
0 0.011210 0.115584 0.022222 0.020608
0 0.011213 0.072128 0.022217 0.014336
0 0.011210 0.045248 0.022222 0.018816
0 0.011293 0.094080 0.022056 0.018816
0 0.011289 0.065856 0.022066 0.017024
0 0.012133 0.731136 0.020377 0.048832
0 0.011226 0.547904 0.022191 0.023296
0 0.012180 0.277760 0.020284 0.040320
0 0.012224 0.274176 0.020196 0.043456
0 0.012205 0.269248 0.020233 0.042560
0 0.012162 0.713664 0.020319 0.045248
0 0.012186 0.651840 0.020270 0.051520
0 0.012188 0.711872 0.020267 0.042560
0 0.010498 0.754432 0.019183 0.080192
