0 0.011430 0.922880 0.021782 0.032256
0 0.012231 0.953344 0.020182 0.028672
0 0.015934 0.298368 0.030632 0.044352
0 0.015873 0.523712 0.030755 0.067200
0 0.016348 0.289856 0.029804 0.063616
0 0.016485 0.598080 0.029529 0.071680
0 0.016516 0.813568 0.029467 0.057344
0 0.016351 0.800128 0.029798 0.033600
0 0.016193 0.678272 0.030115 0.064512
0 0.015732 0.855232 0.031035 0.062272
0 0.015781 0.695744 0.030937 0.070784
0 0.011531 0.439488 0.021581 0.022848
0 0.011423 0.635712 0.021796 0.022848
0 0.011432 0.624960 0.021778 0.020160
0 0.011551 0.646912 0.021541 0.026432
0 0.011650 0.417984 0.021343 0.030016
0 0.010624 0.257600 0.018930 0.058688
0 0.011799 0.135296 0.021044 0.033600
0 0.011862 0.237888 0.020920 0.026432
0 0.011870 0.227136 0.020904 0.021504
0 0.012092 0.523712 0.020458 0.016576
0 0.016050 0.143360 0.030400 0.071680
