0 0.011765 0.551936 0.021113 0.017472
0 0.010418 0.089152 0.019343 0.053312
0 0.010205 0.090048 0.019769 0.059136
0 0.011419 0.091392 0.021805 0.039872
0 0.011528 0.317632 0.021587 0.038080
0 0.011469 0.336448 0.021704 0.047488
0 0.011286 0.463680 0.022070 0.047488
0 0.011357 0.485632 0.021929 0.054208
0 0.011388 0.473984 0.021867 0.040768
0 0.011425 0.469952 0.021793 0.051520
0 0.011393 0.530432 0.021857 0.043904
0 0.011427 0.526848 0.021788 0.037632
0 0.011462 0.526400 0.021719 0.054208
0 0.011565 0.460992 0.021513 0.053312
0 0.011457 0.464128 0.021728 0.058240
0 0.011447 0.082432 0.021750 0.041664
0 0.011475 0.085120 0.021692 0.043904
0 0.011358 0.547904 0.021927 0.043904
0 0.011225 0.656768 0.022192 0.054208
0 0.010186 0.706496 0.019807 0.081536
0 0.010470 0.727104 0.019238 0.058240
0 0.010561 0.750400 0.019056 0.124992
0 0.010731 0.778176 0.018716 0.095872
0 0.010856 0.734720 0.018467 0.048384
0 0.010875 0.790720 0.018429 0.068992
0 0.010514 0.305984 0.019151 0.074816
0 0.010384 0.086464 0.019410 0.046592
0 0.011766 0.533120 0.021111 0.016576
0 0.010266 0.077952 0.019647 0.052416
0 0.010122 0.685888 0.019934 0.084224
0 0.010153 0.697536 0.019872 0.089152
0 0.010291 0.720832 0.019596 0.080640
0 0.010359 0.727104 0.019460 0.086464
0 0.010500 0.732480 0.019178 0.070784
0 0.010603 0.759360 0.018972 0.072576
0 0.010637 0.766080 0.018905 0.076608
0 0.010664 0.775040 0.018850 0.080640
0 0.010701 0.782656 0.018776 0.081536
0 0.010804 0.794752 0.018570 0.075712
0 0.010844 0.791168 0.018491 0.066752
0 0.010555 0.480256 0.019068 0.084672
0 0.010487 0.455616 0.019204 0.082432
0 0.010485 0.537152 0.019209 0.080640
0 0.010413 0.488320 0.019352 0.107968
0 0.010374 0.457856 0.019431 0.082432
0 0.010128 0.493248 0.019922 0.058240
0 0.010091 0.505792 0.019996 0.064960
0 0.010948 0.802816 0.018283 0.060032
0 0.010978 0.810432 0.018223 0.053312
0 0.011012 0.817152 0.018154 0.055104
0 0.011051 0.818944 0.018077 0.057344
0 0.011085 0.825216 0.018008 0.055104
0 0.010869 0.547904 0.018441 0.027328
0 0.010889 0.622720 0.018400 0.027328
0 0.010888 0.669312 0.018403 0.027328
0 0.010896 0.696192 0.018386 0.030016
0 0.011748 0.050624 0.021147 0.016576
0 0.011749 0.066752 0.021144 0.015680
0 0.011756 0.082880 0.021130 0.017472
0 0.011750 0.103040 0.021142 0.014784
0 0.011754 0.123200 0.021135 0.018368
0 0.011752 0.142016 0.021140 0.015680
0 0.011754 0.162176 0.021135 0.018368
0 0.011750 0.194432 0.021142 0.017472
0 0.011753 0.234752 0.021137 0.020160
0 0.011762 0.252672 0.021118 0.017472
0 0.011758 0.270144 0.021128 0.017472
0 0.011760 0.286720 0.021123 0.015680
0 0.011760 0.304640 0.021123 0.014784
0 0.011759 0.323008 0.021125 0.017472
0 0.011760 0.345856 0.021123 0.020608
0 0.011760 0.364224 0.021123 0.016576
0 0.011764 0.385280 0.021116 0.014784
0 0.011762 0.406784 0.021118 0.016576
0 0.011760 0.422912 0.021123 0.015680
0 0.011764 0.441728 0.021116 0.014784
0 0.011765 0.460544 0.021113 0.014336
0 0.011768 0.480256 0.021106 0.016576
0 0.011767 0.514304 0.021108 0.016576
0 0.011552 0.717248 0.021539 0.076608
0 0.011666 0.719936 0.021312 0.052416
0 0.011898 0.776832 0.020848 0.052416
0 0.012106 0.616000 0.020431 0.024192
0 0.010942 0.572992 0.018295 0.032256
0 0.010535 0.554176 0.019108 0.081536
0 0.010382 0.542528 0.019415 0.086464
0 0.010954 0.194432 0.018271 0.067200
0 0.010992 0.085568 0.018194 0.079744
0 0.011051 0.090944 0.018077 0.059136
0 0.010892 0.073920 0.018395 0.051520
0 0.010925 0.073472 0.018328 0.060928
0 0.011771 0.578816 0.021101 0.030016
0 0.012015 0.590464 0.020613 0.022400
0 0.012100 0.544320 0.020443 0.024192
0 0.011987 0.325248 0.020668 0.034944
0 0.012027 0.422016 0.020589 0.046592
0 0.012160 0.417088 0.020324 0.043904
0 0.012195 0.422912 0.020252 0.042560
0 0.012097 0.516096 0.020448 0.025984
0 0.011967 0.213696 0.020709 0.038080
0 0.011937 0.177408 0.020769 0.036736
0 0.012176 0.214592 0.020290 0.046592
0 0.012160 0.321664 0.020324 0.040768
0 0.012126 0.320320 0.020391 0.041664
0 0.012088 0.323008 0.020467 0.038080
0 0.010205 0.498176 0.019769 0.086464
