0 0.011207 0.959168 0.022228 0.059136
0 0.012197 0.314048 0.020249 0.054208
0 0.004677 0.648256 0.008504 0.291648
0 0.004773 0.784896 0.008312 0.290304
0 0.004861 0.233856 0.008136 0.295232
0 0.004957 0.367808 0.007943 0.291648
0 0.005053 0.502208 0.007751 0.293440
0 0.012063 0.124544 0.020516 0.060480
0 0.012085 0.150080 0.020474 0.054208
0 0.012102 0.178752 0.020439 0.054208
0 0.012134 0.232064 0.020375 0.062272
0 0.012179 0.281344 0.020284 0.056000
0 0.012162 0.257600 0.020319 0.052416
0 0.012179 0.187264 0.020284 0.056000
0 0.012121 0.206528 0.020402 0.056000
0 0.012043 0.101248 0.020557 0.059136
0 0.012095 0.054208 0.020452 0.054208
0 0.012143 0.136192 0.020356 0.059136
0 0.012003 0.031808 0.020637 0.057344
0 0.012206 0.207424 0.020231 0.057344
0 0.012223 0.238336 0.020196 0.052416
0 0.012217 0.334208 0.020209 0.056000
0 0.012107 0.087808 0.020428 0.051072
0 0.012015 0.056000 0.020613 0.060480
0 0.004580 0.514304 0.008696 0.295232
