0 0.011973 0.821632 0.020697 0.029568
0 0.004705 0.927808 0.008447 0.142016
0 0.015394 0.360192 0.027248 0.574336
0 0.005006 0.635712 0.007846 0.150080
0 0.004830 0.603008 0.008197 0.148736
0 0.004847 0.721280 0.008163 0.145152
0 0.004864 0.840896 0.008130 0.146496
0 0.005023 0.753984 0.007812 0.148736
0 0.004671 0.689920 0.008516 0.148736
0 0.004688 0.808192 0.008481 0.145152
0 0.011321 0.937216 0.022000 0.045696
0 0.011861 0.914816 0.020921 0.026432
0 0.011785 0.955584 0.021073 0.032256
0 0.011886 0.900480 0.020870 0.027328
0 0.011922 0.881664 0.020799 0.028672
0 0.012112 0.878080 0.020419 0.026432
0 0.011254 0.334208 0.022134 0.041216
0 0.011291 0.598528 0.022061 0.043456
0 0.011812 0.942144 0.021019 0.026432
0 0.011837 0.927360 0.020970 0.030912
0 0.015217 0.459200 0.027602 0.570752
