0 0.011369 0.978432 0.021905 0.032704
0 0.011200 0.290304 0.022243 0.034048
0 0.015837 0.382592 0.030826 0.043008
0 0.015887 0.337344 0.030726 0.047488
0 0.015961 0.322560 0.030578 0.049280
0 0.016025 0.289408 0.030449 0.041216
0 0.016165 0.228032 0.030169 0.034944
0 0.016302 0.187712 0.029895 0.041216
0 0.016722 0.385280 0.029055 0.048384
0 0.016544 0.519232 0.029412 0.041216
0 0.016072 0.733824 0.030356 0.088704
0 0.015671 0.891520 0.031159 0.093632
0 0.015831 0.832384 0.030838 0.046592
0 0.011199 0.180096 0.022245 0.034048
0 0.011355 0.053312 0.021933 0.034048
0 0.011232 0.299264 0.022180 0.034048
0 0.011494 0.222656 0.021655 0.036288
0 0.011368 0.938112 0.021907 0.041216
0 0.011490 0.185024 0.021663 0.037184
0 0.011457 0.018368 0.021728 0.033152
0 0.011634 0.035840 0.021375 0.025536
0 0.011598 0.149632 0.021446 0.031808
0 0.011704 0.055552 0.021235 0.039424
0 0.011740 0.039872 0.021162 0.034048
0 0.011761 0.073920 0.021121 0.037184
0 0.012184 0.593152 0.020274 0.030912
0 0.012081 0.680064 0.020481 0.034944
0 0.012143 0.884800 0.020356 0.046592
0 0.011932 0.937664 0.020780 0.029120
0 0.011762 0.765184 0.021120 0.032704
0 0.011513 0.910336 0.021618 0.031808
0 0.011532 0.943936 0.021579 0.034944
0 0.015702 0.440384 0.031095 0.041216
