0 0.011964 0.453376 0.020715 0.071680
0 0.012006 0.844480 0.020630 0.060032
0 0.011480 0.849408 0.021684 0.064512
0 0.011499 0.818048 0.021645 0.064512
0 0.010416 0.652736 0.019347 0.194432
0 0.010361 0.583296 0.019457 0.202048
0 0.010798 0.710976 0.018582 0.107968
0 0.010781 0.685440 0.018617 0.110656
0 0.010770 0.651840 0.018638 0.115136
0 0.010735 0.620480 0.018709 0.085120
0 0.010713 0.592704 0.018752 0.110656
0 0.010685 0.555968 0.018808 0.112448
0 0.010610 0.372736 0.018959 0.134848
0 0.010582 0.352576 0.019015 0.136192
0 0.010535 0.314944 0.019109 0.133056
0 0.010490 0.305536 0.019198 0.134848
0 0.010475 0.255360 0.019229 0.085120
0 0.010447 0.283584 0.019285 0.133056
0 0.010428 0.271488 0.019322 0.133056
0 0.011736 0.178304 0.021172 0.053760
0 0.011754 0.174272 0.021135 0.055552
0 0.011842 0.150528 0.020959 0.070336
0 0.010996 0.517888 0.018186 0.083776
0 0.012148 0.533120 0.020346 0.060032
0 0.012077 0.502208 0.020489 0.073472
0 0.010901 0.476672 0.018377 0.070336
0 0.010866 0.470848 0.018447 0.073472
0 0.010885 0.473088 0.018408 0.071680
0 0.010919 0.496384 0.018340 0.067200
0 0.010939 0.496832 0.018300 0.083776
0 0.010851 0.789824 0.018478 0.085120
0 0.011828 0.404992 0.020986 0.058240
0 0.010875 0.784448 0.018429 0.119616
0 0.010514 0.314944 0.019150 0.103488
0 0.011941 0.448896 0.020760 0.071680
0 0.011862 0.850304 0.020918 0.068992
0 0.011854 0.821184 0.020936 0.061376
0 0.011817 0.770112 0.021009 0.055552
0 0.011871 0.419776 0.020901 0.064512
0 0.010400 0.264768 0.019378 0.134848
