0 0.011425 0.956032 0.021792 0.037184
0 0.011575 0.225344 0.021493 0.058240
0 0.011452 0.575232 0.021738 0.066752
0 0.011436 0.737408 0.021770 0.037184
0 0.011538 0.712768 0.021567 0.038528
0 0.011507 0.555968 0.021629 0.087808
0 0.011556 0.216384 0.021531 0.055104
0 0.011528 0.215936 0.021587 0.050624
0 0.011597 0.222656 0.021449 0.058240
0 0.011906 0.284032 0.020830 0.050624
0 0.011620 0.227584 0.021403 0.050624
0 0.011715 0.238784 0.021213 0.055104
0 0.011740 0.246400 0.021163 0.046144
0 0.011760 0.255360 0.021123 0.058240
0 0.011833 0.270144 0.020978 0.049280
0 0.011851 0.273280 0.020942 0.055104
0 0.011403 0.561792 0.021836 0.069888
0 0.011375 0.559552 0.021892 0.071232
0 0.011433 0.281344 0.021776 0.062720
0 0.011413 0.281344 0.021816 0.062720
0 0.011305 0.267904 0.022032 0.068544
0 0.011324 0.275968 0.021994 0.066752
0 0.011343 0.275520 0.021956 0.056448
0 0.011372 0.277312 0.021898 0.058240
0 0.011340 0.456960 0.021962 0.074368
0 0.010914 0.367360 0.018350 0.038528
0 0.010820 0.351232 0.018538 0.041664
0 0.010599 0.314048 0.018981 0.041664
0 0.010719 0.334656 0.018740 0.038528
0 0.010706 0.789376 0.018766 0.040320
0 0.011097 0.383936 0.017985 0.077504
0 0.010572 0.410816 0.019035 0.107072
0 0.010952 0.453824 0.018274 0.074368
0 0.011870 0.275968 0.020902 0.055104
0 0.011890 0.280448 0.020862 0.051968
0 0.001349 0.279552 0.001767 0.068544
0 0.011874 0.525504 0.020894 0.056448
0 0.012161 0.785792 0.020321 0.032704
0 0.012183 0.831040 0.020277 0.031360
0 0.012078 0.817152 0.020487 0.026880
0 0.011967 0.633920 0.020708 0.053760
0 0.012024 0.643776 0.020594 0.064064
0 0.011889 0.534016 0.020864 0.059584
0 0.011850 0.429184 0.020944 0.025088
0 0.011864 0.145152 0.020914 0.028224
0 0.011652 0.235200 0.021339 0.056448
0 0.011674 0.534016 0.021295 0.098112
0 0.011536 0.542976 0.021571 0.101248
0 0.011584 0.311808 0.021475 0.081984
0 0.011485 0.545216 0.021673 0.069888
0 0.001499 0.307328 0.001465 0.078848
0 0.012037 0.185472 0.020568 0.055104
0 0.012213 0.085568 0.020217 0.055104
0 0.012155 0.315392 0.020333 0.050624
0 0.012157 0.196224 0.020329 0.050624
0 0.012120 0.305088 0.020403 0.059584
0 0.012077 0.303744 0.020489 0.056448
0 0.012131 0.193984 0.020381 0.046144
0 0.012087 0.182336 0.020469 0.046144
0 0.012008 0.293888 0.020626 0.055104
0 0.012059 0.303744 0.020525 0.056448
0 0.012067 0.182336 0.020509 0.046144
0 0.012014 0.177856 0.020614 0.051968
0 0.011947 0.283584 0.020748 0.060928
0 0.011975 0.286272 0.020692 0.049280
0 0.011962 0.168000 0.020718 0.056448
0 0.011942 0.164416 0.020758 0.060928
0 0.011871 0.180096 0.020900 0.029568
0 0.010939 0.497728 0.018300 0.081984
