0 0.011857 0.943488 0.020929 0.041216
0 0.011837 0.923776 0.020968 0.035840
0 0.011320 0.069440 0.022003 0.051968
0 0.011253 0.283584 0.022136 0.039424
0 0.011269 0.302400 0.022104 0.042560
0 0.011269 0.548352 0.022104 0.040320
0 0.011227 0.576128 0.022188 0.041216
0 0.011213 0.557312 0.022218 0.037184
0 0.011176 0.523712 0.022292 0.038080
0 0.011171 0.499520 0.022302 0.038080
0 0.010551 0.587328 0.019077 0.065856
0 0.010532 0.612864 0.019114 0.065856
0 0.010413 0.592704 0.019353 0.063616
0 0.010478 0.362880 0.019223 0.076160
0 0.010458 0.333312 0.019262 0.062720
0 0.010413 0.274176 0.019353 0.073024
0 0.010394 0.252224 0.019391 0.067648
0 0.010376 0.232064 0.019428 0.065856
0 0.010466 0.654080 0.019247 0.061376
0 0.010392 0.898688 0.019395 0.058240
0 0.010310 0.684096 0.019558 0.051072
0 0.010363 0.750400 0.019452 0.049728
0 0.010627 0.520128 0.018924 0.077504
0 0.011346 0.052416 0.021951 0.047936
0 0.011367 0.392448 0.021909 0.044352
0 0.011382 0.409472 0.021879 0.063616
0 0.011483 0.972608 0.021677 0.035840
0 0.011826 0.903616 0.020991 0.038080
0 0.011806 0.886144 0.021030 0.041216
0 0.011438 0.709632 0.021766 0.035840
0 0.011455 0.724864 0.021734 0.041216
0 0.011380 0.641984 0.021882 0.041216
0 0.011397 0.658560 0.021850 0.038080
0 0.011234 0.689472 0.022176 0.042560
0 0.011273 0.729792 0.022097 0.040320
0 0.011525 0.944832 0.021593 0.040320
0 0.011424 0.944384 0.021795 0.049728
0 0.011409 0.424704 0.021825 0.056000
0 0.011448 0.932288 0.021746 0.051072
0 0.011471 0.918400 0.021702 0.048832
0 0.011584 0.827456 0.021474 0.030912
0 0.011774 0.848960 0.021094 0.045696
0 0.010609 0.536256 0.018961 0.066752
0 0.011985 0.221760 0.020672 0.063616
0 0.011418 0.533568 0.021808 0.042560
0 0.010319 0.465472 0.019541 0.069888
0 0.011427 0.444864 0.021788 0.054208
0 0.010648 0.500416 0.018882 0.082880
