0 0.001858 0.670208 0.000749 0.038976
0 0.008309 0.719488 0.014631 0.195776
0 0.007895 0.294336 0.015461 0.110208
0 0.007940 0.507136 0.015371 0.086464
0 0.007973 0.596736 0.015304 0.172480
0 0.008053 0.609280 0.015143 0.104384
0 0.008068 0.703808 0.015113 0.207424
0 0.008142 0.678272 0.014966 0.092288
0 0.008179 0.740544 0.014891 0.215040
0 0.008455 0.728448 0.014339 0.159488
0 0.001457 0.654080 0.001551 0.038080
0 0.008532 0.715904 0.014185 0.175168
0 0.008592 0.711424 0.014065 0.237440
0 0.008683 0.667520 0.013885 0.296128
0 0.008783 0.730688 0.013685 0.143360
0 0.008841 0.656768 0.013569 0.229824
0 0.001248 0.245952 0.001968 0.034048
0 0.001273 0.477568 0.001918 0.032256
0 0.007848 0.184576 0.015555 0.115136
