0 0.008791 0.423360 0.013669 0.294336
0 0.008767 0.382144 0.013716 0.206976
0 0.008731 0.353920 0.013787 0.248192
0 0.008658 0.270144 0.013935 0.175168
0 0.008632 0.239680 0.013985 0.158144
0 0.008579 0.258944 0.014092 0.104832
0 0.008359 0.276864 0.014531 0.164416
0 0.008317 0.302848 0.014616 0.163072
0 0.008275 0.326592 0.014700 0.156800
0 0.008081 0.504448 0.015089 0.156800
0 0.008047 0.572992 0.015156 0.199360
0 0.008011 0.619136 0.015228 0.168000
0 0.007978 0.658112 0.015294 0.175168
0 0.007923 0.802816 0.015403 0.150976
0 0.007817 0.955136 0.015617 0.090048
