0 0.011680 0.657664 0.021283 0.045696
0 0.010352 0.379008 0.019475 0.085120
0 0.010256 0.451136 0.019668 0.072128
0 0.010840 0.476672 0.018498 0.093632
0 0.010797 0.483392 0.018585 0.090048
0 0.010777 0.505344 0.018624 0.089152
0 0.010754 0.523712 0.018671 0.092288
0 0.010701 0.265216 0.018777 0.097664
0 0.010670 0.243712 0.018839 0.090048
0 0.010640 0.219072 0.018898 0.103040
0 0.010612 0.193536 0.018955 0.098560
0 0.010592 0.172480 0.018994 0.086016
0 0.010642 0.560448 0.018896 0.097664
0 0.010537 0.469056 0.019105 0.099904
0 0.010512 0.490112 0.019154 0.086016
0 0.010473 0.325248 0.019233 0.092288
0 0.010397 0.391104 0.019384 0.094528
0 0.010438 0.461440 0.019302 0.073472
0 0.010413 0.680512 0.019352 0.057344
0 0.010385 0.656768 0.019409 0.056448
0 0.010368 0.471744 0.019443 0.068992
0 0.010348 0.495936 0.019483 0.068096
0 0.010297 0.407232 0.019584 0.068992
0 0.010270 0.422912 0.019638 0.075264
0 0.010232 0.469952 0.019714 0.071232
0 0.010316 0.390656 0.019547 0.086912
0 0.010417 0.364672 0.019344 0.092288
0 0.011595 0.942592 0.021453 0.044800
0 0.010492 0.300608 0.019194 0.095424
0 0.011333 0.916160 0.021976 0.046592
0 0.011315 0.892416 0.022013 0.049728
0 0.011412 0.740544 0.021818 0.056448
0 0.011523 0.931840 0.021596 0.040320
0 0.011545 0.910784 0.021552 0.048832
0 0.011560 0.895104 0.021522 0.044800
0 0.011793 0.952448 0.021056 0.036288
0 0.011808 0.969024 0.021027 0.038080
0 0.011774 0.934528 0.021096 0.039424
0 0.011740 0.903616 0.021162 0.038080
0 0.011792 0.699776 0.021059 0.040320
0 0.011943 0.808192 0.020758 0.039424
0 0.011924 0.789824 0.020795 0.036288
0 0.011874 0.723072 0.020896 0.038080
0 0.012067 0.685440 0.020509 0.045696
0 0.012107 0.717248 0.020430 0.043456
0 0.012082 0.706944 0.020479 0.040320
0 0.012169 0.611968 0.020304 0.049728
0 0.011891 0.339136 0.020861 0.045696
0 0.011775 0.314048 0.021093 0.057344
0 0.011774 0.685440 0.021096 0.039424
0 0.010148 0.523264 0.019882 0.076608
0 0.010522 0.533120 0.019135 0.068096
0 0.010205 0.484736 0.019769 0.073024
