0 0.011453 0.607040 0.021738 0.029120
0 0.011506 0.718144 0.021630 0.024192
0 0.011282 0.937216 0.022080 0.022848
0 0.011303 0.916160 0.022037 0.025536
0 0.011246 0.389760 0.022151 0.022848
0 0.008682 0.816256 0.013886 0.072128
0 0.008439 0.682304 0.014372 0.060032
0 0.008343 0.543872 0.014564 0.119616
0 0.008300 0.423360 0.014651 0.091392
0 0.008227 0.346752 0.014796 0.114688
0 0.008151 0.258048 0.014948 0.143808
0 0.008062 0.209664 0.015125 0.077952
0 0.007945 0.116928 0.015361 0.117376
0 0.015819 0.527744 0.030862 0.053760
