0 0.011985 0.955136 0.020673 0.056448
0 0.002181 0.277760 0.000103 0.033152
0 0.002179 0.368256 0.000107 0.046144
0 0.001707 0.574784 0.001050 0.056448
0 0.001395 0.755776 0.001675 0.062272
0 0.001308 0.350336 0.001848 0.062272
0 0.007874 0.936768 0.015502 0.128576
0 0.008107 0.806400 0.015035 0.114240
0 0.008236 0.687680 0.014778 0.117824
0 0.008404 0.607040 0.014441 0.170688
0 0.008585 0.493696 0.014079 0.247296
0 0.008846 0.405888 0.013557 0.095424
0 0.008625 0.112896 0.013999 0.096768
0 0.008325 0.149632 0.014599 0.214592
0 0.007969 0.337344 0.015313 0.104832
