0 0.012257 0.498176 0.020129 0.025536
0 0.001610 0.660352 0.001243 0.038976
0 0.001571 0.691264 0.001322 0.040320
0 0.001557 0.701568 0.001350 0.036288
0 0.001544 0.717696 0.001376 0.035840
0 0.001488 0.677376 0.001487 0.043008
0 0.001549 0.618240 0.001365 0.042560
0 0.001580 0.600320 0.001304 0.043904
0 0.001606 0.590464 0.001252 0.036288
0 0.001608 0.581056 0.001248 0.040320
0 0.001635 0.568064 0.001195 0.041216
0 0.001688 0.733824 0.001089 0.038976
0 0.001673 0.742336 0.001118 0.036288
0 0.001650 0.755776 0.001165 0.030912
0 0.001646 0.766528 0.001172 0.038528
0 0.001618 0.791168 0.001229 0.033152
0 0.001591 0.802816 0.001282 0.030912
0 0.001577 0.811328 0.001310 0.043904
0 0.001630 0.844928 0.001205 0.034496
0 0.001680 0.800128 0.001105 0.042560
0 0.001719 0.779520 0.001026 0.034944
0 0.001728 0.773248 0.001008 0.042560
0 0.001747 0.756224 0.000970 0.039872
0 0.001680 0.897344 0.001105 0.039872
0 0.001691 0.908096 0.001083 0.037184
0 0.001863 0.693952 0.000738 0.021504
0 0.001856 0.646912 0.000753 0.028224
0 0.001860 0.615552 0.000744 0.027776
0 0.001829 0.508928 0.000806 0.039872
0 0.001830 0.473536 0.000805 0.029568
0 0.001772 0.493248 0.000921 0.019712
0 0.001583 0.680064 0.001298 0.041664
0 0.001623 0.650048 0.001218 0.041216
0 0.012242 0.503552 0.020158 0.028224
0 0.001651 0.631232 0.001162 0.042560
0 0.008020 0.488768 0.015211 0.378112
0 0.008161 0.647808 0.014927 0.244608
0 0.008290 0.780864 0.014670 0.142464
0 0.008374 0.904512 0.014501 0.092736
0 0.008436 0.334208 0.014378 0.353920
0 0.008614 0.279552 0.014023 0.306880
0 0.008782 0.247296 0.013686 0.295232
0 0.007856 0.046144 0.015538 0.031808
0 0.001379 0.335104 0.001705 0.025536
0 0.001363 0.394688 0.001738 0.036288
0 0.001267 0.444416 0.001931 0.029568
0 0.001250 0.461440 0.001964 0.038976
0 0.001242 0.480704 0.001980 0.036288
0 0.001245 0.500864 0.001975 0.029568
0 0.001214 0.546112 0.002036 0.032256
0 0.001320 0.473984 0.001824 0.032256
0 0.001325 0.455616 0.001813 0.031808
0 0.001377 0.558656 0.001710 0.036288
0 0.001428 0.601664 0.001608 0.037632
0 0.001429 0.493696 0.001607 0.038976
0 0.001437 0.475776 0.001589 0.045248
0 0.001501 0.504896 0.001462 0.041664
0 0.001534 0.469504 0.001396 0.043008
0 0.001494 0.413952 0.001476 0.037184
0 0.001497 0.390208 0.001470 0.053760
0 0.001535 0.357952 0.001393 0.042560
0 0.001591 0.400960 0.001283 0.047936
0 0.001585 0.328384 0.001295 0.069888
0 0.001659 0.616896 0.001146 0.040320
0 0.001769 0.466368 0.000925 0.033152
0 0.001823 0.431872 0.000819 0.029120
0 0.001819 0.387968 0.000826 0.030912
0 0.001753 0.424704 0.000958 0.030464
0 0.001954 0.331968 0.000556 0.033152
0 0.001959 0.315840 0.000547 0.021056
0 0.001947 0.297024 0.000571 0.026432
0 0.001947 0.271936 0.000570 0.029120
0 0.001938 0.249984 0.000589 0.026880
0 0.001930 0.226688 0.000604 0.038976
0 0.001926 0.205632 0.000612 0.030464
0 0.001909 0.173376 0.000646 0.044352
0 0.001920 0.127232 0.000624 0.035840
0 0.011279 0.737408 0.022084 0.027776
0 0.011307 0.683648 0.022028 0.023744
0 0.011296 0.832832 0.022050 0.027776
0 0.011316 0.874944 0.022011 0.022848
0 0.001247 0.974400 0.001969 0.049728
0 0.011365 0.845824 0.021912 0.028224
0 0.011410 0.872704 0.021823 0.029568
0 0.011461 0.906304 0.021721 0.032256
0 0.011526 0.805504 0.021591 0.031808
0 0.011540 0.816256 0.021563 0.029120
0 0.011564 0.843136 0.021514 0.030464
0 0.011577 0.859264 0.021490 0.026880
0 0.011584 0.876736 0.021476 0.023744
0 0.012016 0.557760 0.020610 0.021056
0 0.012020 0.539840 0.020602 0.023744
0 0.012057 0.506688 0.020528 0.029120
0 0.012070 0.501312 0.020503 0.027776
0 0.012099 0.499520 0.020445 0.028224
0 0.012119 0.497728 0.020405 0.025536
0 0.012195 0.476224 0.020252 0.026880
0 0.001960 0.354368 0.000544 0.033600
0 0.002029 0.400960 0.000406 0.037632
0 0.002022 0.361536 0.000420 0.025088
0 0.002152 0.181440 0.000161 0.034944
0 0.001752 0.398272 0.000961 0.025088
0 0.001748 0.371840 0.000968 0.025536
0 0.001755 0.348096 0.000954 0.022400
0 0.001812 0.312256 0.000840 0.026432
0 0.001751 0.324352 0.000963 0.029120
0 0.001742 0.298368 0.000981 0.022400
0 0.001801 0.238784 0.000862 0.025536
0 0.001732 0.251776 0.001001 0.031808
0 0.001739 0.227136 0.000986 0.029568
0 0.001724 0.200256 0.001017 0.032256
0 0.001794 0.187264 0.000876 0.026432
0 0.001186 0.940352 0.002093 0.034944
0 0.001870 0.979776 0.000724 0.022848
0 0.002175 0.273728 0.000114 0.016128
0 0.002017 0.317632 0.000429 0.026880
0 0.002117 0.271040 0.000231 0.029568
0 0.002115 0.247744 0.000235 0.026432
0 0.002101 0.224896 0.000263 0.031808
0 0.002105 0.199808 0.000255 0.026880
0 0.002094 0.179200 0.000276 0.026432
0 0.002081 0.148736 0.000301 0.033600
0 0.002087 0.104832 0.000291 0.045696
0 0.001975 0.155904 0.000515 0.025088
0 0.001987 0.186816 0.000490 0.030912
0 0.001990 0.211008 0.000484 0.026880
0 0.001996 0.233408 0.000472 0.025536
0 0.002001 0.254016 0.000462 0.023744
0 0.002005 0.280000 0.000455 0.034496
0 0.007893 0.443968 0.015464 0.363776
