0 0.002106 0.403200 0.000253 0.030912
0 0.002090 0.151872 0.000284 0.033152
0 0.006111 0.148288 0.010100 0.124096
0 0.006111 0.267904 0.010100 0.124096
0 0.003850 0.800128 0.005693 0.227136
0 0.012021 0.128576 0.020600 0.033152
0 0.012024 0.264320 0.020595 0.034496
0 0.012154 0.344512 0.020334 0.030912
0 0.012150 0.431424 0.020342 0.027776
0 0.012028 0.400960 0.020587 0.035392
0 0.012154 0.569856 0.020334 0.030016
0 0.012048 0.702464 0.020546 0.045248
0 0.012165 0.623616 0.020314 0.030912
0 0.012165 0.674240 0.020314 0.028672
0 0.012148 0.319424 0.020347 0.036736
0 0.012045 0.789376 0.020554 0.039872
0 0.012036 0.853440 0.020572 0.032256
0 0.012037 0.879872 0.020569 0.032256
0 0.002101 0.016128 0.000263 0.030016
0 0.002090 0.045248 0.000284 0.030912
0 0.002093 0.101696 0.000279 0.039872
0 0.004611 0.267008 0.008634 0.101696
