0 0.011766 0.419776 0.021110 0.047936
0 0.010722 0.383488 0.018734 0.086464
0 0.010429 0.661248 0.019320 0.053760
0 0.010375 0.626752 0.019429 0.053760
0 0.010440 0.517888 0.019298 0.068544
0 0.010524 0.506688 0.019130 0.064960
0 0.010568 0.522368 0.019042 0.061376
0 0.010595 0.660352 0.018988 0.072576
0 0.010675 0.670208 0.018830 0.064960
0 0.010741 0.523712 0.018697 0.047040
0 0.010916 0.687680 0.018346 0.019712
0 0.010353 0.497728 0.019473 0.055552
0 0.011008 0.678272 0.018163 0.028224
0 0.011017 0.553728 0.018145 0.080192
0 0.011038 0.560000 0.018102 0.080192
0 0.011085 0.581056 0.018008 0.071680
0 0.011063 0.569856 0.018053 0.077952
0 0.010853 0.635712 0.018473 0.029120
0 0.010867 0.543424 0.018445 0.066752
0 0.010898 0.539392 0.018382 0.071680
0 0.010423 0.555072 0.019333 0.051968
0 0.010333 0.546112 0.019513 0.027328
0 0.010857 0.384832 0.018466 0.040320
0 0.011011 0.745920 0.018156 0.074368
0 0.010397 0.502208 0.019384 0.064064
0 0.010484 0.495936 0.019210 0.063168
0 0.010626 0.531776 0.018927 0.064960
0 0.010525 0.658112 0.019128 0.058240
0 0.010575 0.653632 0.019029 0.055552
0 0.010629 0.673344 0.018921 0.060032
0 0.010793 0.672000 0.018592 0.074368
0 0.010877 0.667520 0.018425 0.017024
0 0.011059 0.750848 0.018061 0.077952
0 0.010361 0.582400 0.019457 0.023296
0 0.011081 0.756224 0.018016 0.077056
0 0.010660 0.214592 0.018859 0.035840
0 0.010734 0.082880 0.018710 0.029120
0 0.010685 0.372736 0.018809 0.090496
0 0.010780 0.380352 0.018619 0.094080
0 0.011095 0.093184 0.017988 0.032256
0 0.011014 0.206080 0.018150 0.035840
0 0.010293 0.573440 0.019593 0.023744
0 0.010951 0.551040 0.018277 0.072576
0 0.010864 0.187264 0.018451 0.046144
0 0.012191 0.129472 0.020261 0.023296
0 0.011978 0.262080 0.020687 0.031808
0 0.011982 0.698880 0.020679 0.026432
0 0.010922 0.743680 0.018335 0.025536
0 0.012102 0.646912 0.020438 0.032256
0 0.002179 0.618240 0.000106 0.045248
0 0.011028 0.766976 0.018122 0.055552
0 0.012246 0.783552 0.020151 0.038528
0 0.012155 0.338688 0.020332 0.026432
0 0.012118 0.257600 0.020407 0.016128
0 0.011954 0.267904 0.020735 0.043456
0 0.010451 0.496832 0.019277 0.069440
0 0.011977 0.301504 0.020688 0.023744
0 0.011990 0.324352 0.020662 0.023296
0 0.012015 0.309120 0.020614 0.017920
0 0.012018 0.294784 0.020606 0.015232
0 0.011964 0.227584 0.020715 0.024640
0 0.011976 0.286720 0.020690 0.024640
0 0.012013 0.085568 0.020617 0.017024
0 0.012058 0.088256 0.020526 0.017024
0 0.011975 0.597632 0.020692 0.023744
0 0.010405 0.706944 0.019369 0.046144
0 0.010860 0.345856 0.018458 0.030016
0 0.010687 0.148288 0.018805 0.040320
0 0.011108 0.756224 0.017964 0.071680
0 0.010822 0.681408 0.018535 0.074368
0 0.010883 0.723520 0.018413 0.028224
0 0.011824 0.200704 0.020994 0.023744
0 0.011743 0.163520 0.021157 0.021504
0 0.011780 0.167552 0.021082 0.017024
0 0.011890 0.046144 0.020862 0.022400
0 0.011850 0.102592 0.020942 0.022400
0 0.001778 0.172032 0.000909 0.036736
0 0.011478 0.698432 0.021687 0.030912
0 0.010743 0.061376 0.018693 0.029120
0 0.010694 0.625408 0.018790 0.030016
0 0.010687 0.529088 0.018805 0.092288
0 0.011391 0.551488 0.021860 0.018816
0 0.011410 0.523264 0.021823 0.022400
0 0.011395 0.536256 0.021853 0.019712
0 0.011442 0.631232 0.021760 0.033152
0 0.011496 0.730688 0.021651 0.025536
0 0.010295 0.598528 0.019589 0.026432
