0 0.012226 0.116928 0.020190 0.054208
0 0.012115 0.246848 0.020413 0.051072
0 0.012026 0.263872 0.020592 0.047936
0 0.011236 0.303296 0.022170 0.049728
0 0.011262 0.278656 0.022119 0.049728
0 0.011279 0.245504 0.022085 0.047936
0 0.011291 0.191296 0.022061 0.051072
0 0.011314 0.163520 0.022016 0.041664
0 0.005211 0.837312 0.007435 0.306432
0 0.005089 0.749952 0.007680 0.305088
0 0.004961 0.664832 0.007935 0.305088
0 0.004839 0.578816 0.008179 0.306432
0 0.004714 0.490112 0.008429 0.308224
0 0.004589 0.405440 0.008679 0.303296
