0 0.012210 0.925568 0.020224 0.023296
0 0.011738 0.618240 0.021167 0.023296
0 0.011588 0.529088 0.021466 0.020608
0 0.011660 0.545664 0.021322 0.021952
0 0.011682 0.550144 0.021279 0.021056
0 0.011702 0.608384 0.021240 0.020608
0 0.011722 0.614208 0.021199 0.018816
0 0.011773 0.626304 0.021097 0.022400
0 0.011864 0.646464 0.020915 0.020608
0 0.011922 0.657664 0.020798 0.021952
0 0.012027 0.625408 0.020588 0.020160
0 0.012009 0.620928 0.020624 0.020160
0 0.012083 0.638400 0.020476 0.018816
0 0.011943 0.608832 0.020757 0.020160
0 0.011927 0.605248 0.020789 0.019264
0 0.011906 0.600320 0.020831 0.020608
0 0.011891 0.595392 0.020861 0.020160
0 0.012157 0.654528 0.020328 0.021952
0 0.012120 0.645568 0.020403 0.020608
0 0.012197 0.662144 0.020248 0.019264
0 0.012173 0.711424 0.020298 0.021056
0 0.012248 0.796544 0.020147 0.022400
0 0.012240 0.810880 0.020162 0.022400
0 0.011623 0.538048 0.021396 0.020160
0 0.011530 0.517440 0.021582 0.023744
0 0.011513 0.512064 0.021617 0.019264
0 0.005427 0.455616 0.007004 0.076160
0 0.005597 0.279104 0.011126 0.093632
0 0.004840 0.108416 0.008177 0.076608
0 0.004822 0.176064 0.008213 0.074816
0 0.004804 0.247296 0.008250 0.076608
0 0.004785 0.319872 0.008287 0.075712
0 0.004663 0.412608 0.008531 0.076160
0 0.004895 0.469056 0.008068 0.076608
0 0.005237 0.458752 0.007383 0.076160
0 0.005215 0.539840 0.007427 0.075712
0 0.005411 0.517888 0.007035 0.075712
0 0.011340 0.532672 0.021964 0.022400
0 0.005394 0.581504 0.007069 0.075712
0 0.016566 0.289856 0.029367 0.136192
0 0.005085 0.710080 0.007688 0.075712
0 0.005068 0.777728 0.007721 0.076160
0 0.005052 0.840896 0.007754 0.076160
0 0.011274 0.460096 0.022095 0.022400
0 0.011246 0.509824 0.022151 0.022400
0 0.011265 0.516096 0.022113 0.019264
0 0.011321 0.526400 0.022001 0.023744
0 0.012236 0.827904 0.020170 0.021056
0 0.011833 0.420224 0.020978 0.017920
0 0.011680 0.831488 0.021284 0.026432
0 0.011817 0.466816 0.021008 0.018816
0 0.012150 0.708736 0.020343 0.021952
0 0.012040 0.632128 0.020562 0.019264
0 0.011988 0.618240 0.020667 0.020608
0 0.011905 0.656320 0.020834 0.021952
0 0.011832 0.639296 0.020979 0.021056
0 0.011813 0.633920 0.021016 0.023296
0 0.011697 0.555520 0.021248 0.022400
0 0.011644 0.541632 0.021355 0.020608
0 0.011605 0.533568 0.021433 0.021056
0 0.011564 0.525952 0.021515 0.023296
0 0.011551 0.521024 0.021541 0.017472
0 0.011566 0.583744 0.021511 0.017472
0 0.011445 0.497728 0.021754 0.019264
0 0.011381 0.603456 0.021880 0.026432
0 0.011373 0.637504 0.021898 0.025088
0 0.011362 0.672448 0.021918 0.023744
0 0.011358 0.687680 0.021927 0.021056
0 0.011353 0.707392 0.021938 0.021952
0 0.011315 0.841792 0.022013 0.028224
0 0.011301 0.890624 0.022040 0.026880
0 0.011294 0.924672 0.022055 0.026880
0 0.012138 0.651840 0.020366 0.020608
0 0.012101 0.641536 0.020442 0.021056
0 0.012179 0.659008 0.020285 0.021056
0 0.011307 0.874944 0.022028 0.022400
0 0.011796 0.448896 0.021052 0.018816
0 0.011592 0.039424 0.021459 0.023744
0 0.011608 0.043008 0.021426 0.021056
0 0.011368 0.652736 0.021907 0.023744
0 0.011342 0.746816 0.021959 0.023296
0 0.011377 0.623168 0.021888 0.022400
0 0.011314 0.859712 0.022016 0.023744
0 0.011291 0.942144 0.022061 0.023296
0 0.011285 0.959168 0.022072 0.023296
0 0.011299 0.908096 0.022044 0.025536
0 0.011827 0.435904 0.020989 0.019264
0 0.012216 0.908992 0.020210 0.022400
0 0.012207 0.943040 0.020229 0.025536
0 0.012201 0.959616 0.020240 0.023744
0 0.012196 0.977088 0.020251 0.023296
0 0.011626 0.049728 0.021390 0.023296
0 0.011802 0.417088 0.021038 0.019264
0 0.011805 0.401856 0.021033 0.021952
0 0.011791 0.477120 0.021061 0.017920
0 0.011820 0.453376 0.021004 0.017472
0 0.005618 0.202496 0.011085 0.094080
