0 0.012160 0.808192 0.020323 0.025536
0 0.010960 0.345408 0.018258 0.033152
0 0.010889 0.338688 0.018400 0.031360
0 0.011992 0.301504 0.020659 0.025984
0 0.011979 0.271040 0.020685 0.026880
0 0.011986 0.031360 0.020671 0.017920
0 0.004667 0.367808 0.008524 0.116928
0 0.004740 0.450240 0.008378 0.116032
0 0.004894 0.564928 0.008069 0.137984
0 0.004774 0.616000 0.008309 0.139328
0 0.004997 0.749504 0.007863 0.139328
0 0.005084 0.906752 0.007688 0.120960
0 0.005196 0.828800 0.007465 0.116928
0 0.005198 0.715008 0.007461 0.118272
0 0.005151 0.618688 0.007554 0.118272
0 0.005098 0.526848 0.007662 0.117376
0 0.005025 0.443968 0.007806 0.117376
0 0.004979 0.348992 0.007900 0.116928
0 0.004905 0.266112 0.008046 0.118272
0 0.012043 0.261184 0.020557 0.024640
0 0.010903 0.370048 0.018374 0.029120
0 0.012086 0.536256 0.020471 0.028224
0 0.012035 0.404096 0.020573 0.029120
0 0.012130 0.649600 0.020382 0.025536
0 0.012115 0.016576 0.020413 0.030464
0 0.012059 0.473984 0.020524 0.028224
0 0.012043 0.435456 0.020557 0.028224
0 0.012087 0.374080 0.020469 0.028224
0 0.012080 0.037184 0.020484 0.029120
0 0.012169 0.941248 0.020305 0.024192
0 0.012205 0.896448 0.020234 0.024192
0 0.012160 0.881664 0.020323 0.025536
0 0.012185 0.838656 0.020272 0.024192
0 0.012160 0.778176 0.020323 0.025984
0 0.012163 0.682752 0.020317 0.026880
0 0.012142 0.680512 0.020360 0.025536
0 0.012112 0.600320 0.020419 0.025984
0 0.012104 0.572992 0.020435 0.024192
0 0.012117 0.440832 0.020408 0.023296
0 0.012126 0.465920 0.020390 0.025536
0 0.015956 0.151872 0.030587 0.111104
