0 0.011487 0.466368 0.021668 0.035392
0 0.010381 0.607040 0.019418 0.055104
0 0.010772 0.419328 0.018634 0.046592
0 0.010782 0.395584 0.018615 0.038976
0 0.010736 0.684992 0.018706 0.053760
0 0.010718 0.796992 0.018743 0.052416
0 0.010712 0.765632 0.018755 0.051072
0 0.010467 0.756224 0.019245 0.057344
0 0.010589 0.668416 0.019000 0.071680
0 0.010485 0.639296 0.019208 0.058240
0 0.010463 0.835072 0.019252 0.014336
0 0.010403 0.719488 0.019373 0.034048
0 0.010390 0.551936 0.019399 0.056448
0 0.011462 0.466368 0.021720 0.032704
0 0.010443 0.921536 0.019292 0.042112
0 0.010381 0.924672 0.019418 0.044352
0 0.010192 0.913024 0.019795 0.051072
0 0.010161 0.684096 0.019856 0.056000
0 0.010187 0.426496 0.019805 0.053760
0 0.010199 0.405888 0.019781 0.055104
0 0.010194 0.342720 0.019791 0.054656
0 0.010204 0.292096 0.019770 0.060032
0 0.010202 0.254464 0.019774 0.054656
0 0.010220 0.176960 0.019739 0.056000
0 0.010757 0.593600 0.018664 0.045696
0 0.010747 0.617344 0.018685 0.047040
0 0.010690 0.598080 0.018799 0.060928
0 0.010807 0.223104 0.018564 0.034048
0 0.012220 0.017024 0.020204 0.031360
0 0.011803 0.239680 0.021036 0.031360
0 0.011490 0.239232 0.021664 0.014336
0 0.011488 0.317632 0.021666 0.012992
0 0.011493 0.302848 0.021657 0.012992
0 0.011498 0.271936 0.021647 0.014336
0 0.011490 0.256704 0.021664 0.016576
0 0.010337 0.726656 0.019504 0.036288
0 0.010399 0.688128 0.019380 0.046592
0 0.010179 0.635264 0.019821 0.055104
0 0.010166 0.654528 0.019847 0.054656
0 0.010393 0.832384 0.019392 0.017024
0 0.010350 0.747712 0.019478 0.033600
0 0.010483 0.611072 0.019212 0.056000
0 0.010676 0.810432 0.018827 0.041664
0 0.010725 0.740992 0.018729 0.055104
0 0.010762 0.536704 0.018655 0.047040
0 0.010792 0.310912 0.018594 0.037632
0 0.010806 0.290304 0.018566 0.034944
0 0.010814 0.271936 0.018550 0.036288
0 0.010803 0.243264 0.018573 0.036288
0 0.010222 0.146496 0.019735 0.056448
