0 0.012070 0.245056 0.020503 0.021952
0 0.012027 0.174720 0.020588 0.021952
0 0.000558 0.133504 0.001115 0.064512
0 0.000717 0.353920 0.001434 0.054208
0 0.001061 0.785792 0.002121 0.063168
0 0.000970 0.814912 0.001939 0.064512
0 0.000876 0.848512 0.001751 0.066752
0 0.000773 0.874048 0.001545 0.071232
0 0.000598 0.737408 0.001196 0.061376
0 0.000700 0.705600 0.001400 0.065408
0 0.000595 0.679168 0.001190 0.061376
0 0.000891 0.590016 0.001782 0.060032
0 0.000887 0.643328 0.001774 0.058688
0 0.000793 0.620032 0.001586 0.061376
0 0.000699 0.650944 0.001398 0.065408
0 0.011758 0.077952 0.021128 0.034048
0 0.011994 0.110208 0.020655 0.023296
0 0.012002 0.129024 0.020639 0.023296
0 0.012011 0.144704 0.020621 0.022400
0 0.012021 0.159488 0.020600 0.021952
0 0.012241 0.440384 0.020160 0.032704
0 0.011773 0.402752 0.021097 0.025536
0 0.010354 0.364672 0.019471 0.047040
0 0.000391 0.074816 0.000782 0.071232
