0 0.010133 0.700224 0.019912 0.086016
0 0.010985 0.406784 0.018208 0.133504
0 0.010302 0.710080 0.019575 0.088256
0 0.010342 0.724416 0.019494 0.087360
0 0.010529 0.763840 0.019121 0.087360
0 0.010670 0.762048 0.018839 0.087360
0 0.010905 0.812672 0.018369 0.088256
0 0.010212 0.391552 0.019755 0.060032
0 0.010232 0.321664 0.019714 0.048384
0 0.010279 0.217728 0.019621 0.045696
0 0.010282 0.197568 0.019614 0.051520
0 0.010729 0.525952 0.018720 0.133504
0 0.010838 0.516992 0.018502 0.124096
0 0.010893 0.534016 0.018392 0.133504
0 0.010991 0.547904 0.018197 0.130816
0 0.010254 0.241472 0.019671 0.047488
0 0.010250 0.287168 0.019678 0.047488
0 0.010227 0.371840 0.019724 0.053312
0 0.010617 0.103488 0.018945 0.146496
0 0.010400 0.728896 0.019379 0.092288
0 0.010431 0.744576 0.019317 0.087360
0 0.010482 0.751744 0.019215 0.086464
0 0.010634 0.749056 0.018911 0.093184
0 0.010692 0.781312 0.018794 0.090944
0 0.010830 0.783552 0.018519 0.090944
0 0.010823 0.812672 0.018533 0.091840
0 0.010941 0.823424 0.018297 0.086464
0 0.010770 0.779520 0.018639 0.089152
0 0.010950 0.555072 0.018278 0.129920
0 0.010848 0.396928 0.018483 0.132608
0 0.010891 0.403648 0.018397 0.135744
0 0.010230 0.707840 0.019719 0.092288
