0 0.011366 0.981120 0.021911 0.031808
0 0.001435 0.194880 0.001594 0.021504
0 0.001398 0.152768 0.001669 0.030016
0 0.001367 0.125888 0.001730 0.036288
0 0.001379 0.098112 0.001706 0.018816
0 0.001364 0.038528 0.001736 0.021504
0 0.001276 0.090944 0.001913 0.017920
0 0.008386 0.967232 0.014478 0.064960
0 0.008366 0.926464 0.014517 0.084224
0 0.008357 0.888832 0.014535 0.064960
0 0.008298 0.815360 0.014653 0.101248
0 0.008278 0.747712 0.014694 0.080640
0 0.008243 0.711872 0.014763 0.076608
0 0.008233 0.667520 0.014783 0.059136
0 0.008200 0.629440 0.014850 0.075264
0 0.008168 0.584192 0.014913 0.071680
0 0.008150 0.538496 0.014950 0.071232
0 0.008123 0.499072 0.015005 0.078848
0 0.008098 0.455168 0.015054 0.078400
0 0.008070 0.412608 0.015111 0.064960
0 0.008051 0.372736 0.015147 0.066304
0 0.008032 0.311808 0.015186 0.080640
0 0.007993 0.242816 0.015263 0.086464
0 0.007976 0.186816 0.015298 0.076160
0 0.007912 0.125888 0.015426 0.065856
0 0.001403 0.179200 0.001659 0.030016
0 0.001431 0.232064 0.001602 0.030016
0 0.011362 0.947072 0.021919 0.031360
0 0.001464 0.279104 0.001537 0.019264
0 0.011220 0.691712 0.022204 0.025536
0 0.011235 0.719936 0.022173 0.025536
0 0.011291 0.828800 0.022061 0.024192
0 0.011274 0.792960 0.022096 0.024640
0 0.001886 0.926016 0.000693 0.019712
0 0.001810 0.937664 0.000844 0.023744
0 0.001866 0.877184 0.000732 0.019264
0 0.001802 0.903168 0.000860 0.052416
0 0.001757 0.797440 0.000949 0.017024
0 0.001729 0.759808 0.001006 0.029568
0 0.001679 0.742336 0.001106 0.018816
0 0.001633 0.660352 0.001197 0.017024
0 0.001639 0.617344 0.001187 0.017472
0 0.001635 0.572544 0.001193 0.017920
0 0.001605 0.521024 0.001254 0.017024
0 0.001558 0.487424 0.001348 0.020608
0 0.001520 0.456512 0.001425 0.019264
0 0.001503 0.428736 0.001458 0.024192
0 0.001494 0.409920 0.001476 0.021504
0 0.001537 0.365120 0.001391 0.025536
0 0.001476 0.353920 0.001512 0.018816
0 0.001535 0.341824 0.001395 0.022848
0 0.001455 0.260288 0.001555 0.018816
0 0.007873 0.038080 0.015503 0.076608
