0 0.002096 0.899136 0.000272 0.014336
0 0.001727 0.185472 0.001010 0.025984
0 0.001394 0.094976 0.001677 0.008064
0 0.001398 0.093632 0.001667 0.008512
0 0.001403 0.092288 0.001658 0.008960
0 0.001408 0.091392 0.001648 0.008512
0 0.001207 0.213248 0.002050 0.008960
0 0.001231 0.208320 0.002001 0.008064
0 0.001259 0.203392 0.001947 0.005376
0 0.001269 0.199360 0.001927 0.007616
0 0.001278 0.197120 0.001908 0.008512
0 0.001638 0.117824 0.001188 0.008064
0 0.001756 0.116928 0.000953 0.020608
0 0.001756 0.122752 0.000953 0.019712
0 0.001735 0.123200 0.000995 0.019712
0 0.001718 0.123200 0.001029 0.024640
0 0.001703 0.127232 0.001058 0.024640
0 0.001689 0.137088 0.001086 0.019712
0 0.001678 0.140224 0.001109 0.017024
0 0.001669 0.141120 0.001126 0.016128
0 0.001659 0.143808 0.001146 0.016128
0 0.001650 0.145600 0.001164 0.015232
0 0.001642 0.150080 0.001180 0.025536
0 0.001669 0.205632 0.001127 0.029120
0 0.001673 0.221760 0.001119 0.013440
0 0.001686 0.224896 0.001093 0.015232
0 0.001682 0.196672 0.001101 0.022848
0 0.001693 0.217728 0.001078 0.015232
0 0.001697 0.192192 0.001071 0.025088
0 0.001705 0.214144 0.001054 0.015680
0 0.001713 0.190400 0.001039 0.025536
0 0.001389 0.095872 0.001686 0.007616
0 0.001363 0.101248 0.001738 0.008512
0 0.001369 0.100352 0.001727 0.008512
0 0.001363 0.192192 0.001739 0.010304
0 0.001373 0.260288 0.001718 0.024640
0 0.001401 0.252672 0.001662 0.023744
0 0.001414 0.275520 0.001636 0.020608
0 0.001428 0.272384 0.001609 0.020160
0 0.001429 0.247744 0.001606 0.022848
0 0.001443 0.244160 0.001578 0.023744
0 0.001440 0.270144 0.001584 0.022400
0 0.001446 0.238336 0.001572 0.024640
0 0.001454 0.267008 0.001556 0.018368
0 0.001472 0.237440 0.001521 0.023296
0 0.001485 0.234752 0.001494 0.021504
0 0.001491 0.258944 0.001481 0.021952
0 0.001357 0.195776 0.001750 0.014336
0 0.001374 0.190848 0.001716 0.010304
0 0.001374 0.099904 0.001716 0.007616
0 0.001380 0.195328 0.001704 0.013888
0 0.001392 0.193088 0.001680 0.020160
0 0.001385 0.175168 0.001694 0.006720
0 0.001408 0.169792 0.001648 0.006720
0 0.001399 0.189952 0.001666 0.021504
0 0.001448 0.188160 0.001568 0.007616
0 0.001443 0.177408 0.001579 0.008960
0 0.001420 0.166208 0.001624 0.006720
0 0.001417 0.188608 0.001631 0.022400
0 0.001430 0.187712 0.001605 0.021504
0 0.001460 0.176512 0.001545 0.012544
0 0.001333 0.107968 0.001798 0.008064
0 0.001384 0.097664 0.001696 0.007616
0 0.001715 0.212352 0.001035 0.015680
0 0.001726 0.210112 0.001013 0.015680
0 0.001358 0.263424 0.001747 0.022848
0 0.001735 0.207872 0.000994 0.016128
0 0.001908 0.208768 0.000649 0.016128
0 0.001897 0.210112 0.000671 0.018368
0 0.001885 0.213696 0.000694 0.017024
0 0.001873 0.215936 0.000718 0.018368
0 0.001863 0.218624 0.000739 0.018368
0 0.001850 0.221760 0.000764 0.018816
0 0.001840 0.221760 0.000785 0.019712
0 0.001828 0.224896 0.000809 0.018368
0 0.001818 0.228032 0.000828 0.017024
0 0.001809 0.231168 0.000847 0.016128
0 0.001798 0.232512 0.000868 0.017024
0 0.001788 0.235200 0.000888 0.015680
0 0.001778 0.237440 0.000908 0.017472
0 0.001768 0.239680 0.000929 0.016576
0 0.001751 0.256704 0.000961 0.012992
0 0.001756 0.263424 0.000953 0.013440
0 0.001760 0.271488 0.000945 0.011200
0 0.001763 0.279104 0.000938 0.012096
0 0.001767 0.286720 0.000930 0.011200
0 0.001758 0.242368 0.000949 0.016576
0 0.001747 0.244160 0.000969 0.017024
0 0.001736 0.245952 0.000993 0.016576
0 0.001726 0.248640 0.001012 0.017024
0 0.001716 0.251328 0.001032 0.016576
0 0.001708 0.256256 0.001048 0.014336
0 0.001709 0.267456 0.001047 0.016128
0 0.001713 0.289856 0.001037 0.018368
0 0.001718 0.302848 0.001029 0.018816
0 0.001726 0.312704 0.001012 0.017472
0 0.001917 0.206528 0.000630 0.017024
0 0.001931 0.203392 0.000603 0.018368
0 0.001942 0.199360 0.000581 0.020608
0 0.001826 0.180992 0.000812 0.017472
0 0.001742 0.182784 0.000980 0.024192
0 0.001745 0.206080 0.000974 0.015232
0 0.001758 0.178752 0.000948 0.026432
0 0.001756 0.202944 0.000953 0.016128
0 0.001767 0.201152 0.000930 0.015232
0 0.001774 0.177408 0.000916 0.024640
0 0.001788 0.173824 0.000888 0.022400
0 0.001775 0.198464 0.000915 0.016576
0 0.001789 0.196672 0.000887 0.014784
0 0.001796 0.193984 0.000873 0.014784
0 0.001804 0.187264 0.000855 0.017920
0 0.001830 0.164864 0.000804 0.007616
0 0.001804 0.170688 0.000855 0.007616
0 0.001838 0.178752 0.000789 0.017024
0 0.001954 0.198016 0.000557 0.017920
0 0.001851 0.176512 0.000763 0.016128
0 0.001860 0.173824 0.000744 0.017024
0 0.001872 0.171136 0.000721 0.017024
0 0.001884 0.168448 0.000697 0.017472
0 0.001925 0.144704 0.000615 0.007616
0 0.001910 0.148736 0.000645 0.007168
0 0.001903 0.166656 0.000659 0.018368
0 0.001914 0.164864 0.000637 0.018816
0 0.001918 0.160384 0.000629 0.016576
0 0.001929 0.158144 0.000606 0.015680
0 0.001940 0.156800 0.000584 0.017472
0 0.001969 0.175168 0.000527 0.012544
0 0.001964 0.195776 0.000536 0.017472
0 0.001364 0.286720 0.001737 0.020160
0 0.001347 0.250880 0.001771 0.004480
0 0.001361 0.405888 0.001742 0.007168
0 0.001475 0.403648 0.001515 0.009856
0 0.001413 0.454720 0.001639 0.008960
0 0.001409 0.448448 0.001647 0.010304
0 0.001406 0.442176 0.001652 0.008064
0 0.001403 0.435008 0.001659 0.009408
0 0.001399 0.427840 0.001666 0.008960
0 0.001394 0.413504 0.001677 0.010752
0 0.001390 0.406784 0.001684 0.010304
0 0.001388 0.399616 0.001689 0.010304
0 0.001379 0.385728 0.001705 0.012096
0 0.001376 0.379008 0.001712 0.010304
0 0.001375 0.372288 0.001715 0.009408
0 0.001370 0.366016 0.001724 0.012096
0 0.001367 0.358400 0.001730 0.012544
0 0.001466 0.451136 0.001532 0.009408
0 0.001464 0.444416 0.001536 0.008512
0 0.001459 0.437248 0.001546 0.010304
0 0.001456 0.430528 0.001552 0.008064
0 0.001453 0.423360 0.001559 0.009408
0 0.001450 0.416192 0.001564 0.008064
0 0.001441 0.395584 0.001583 0.009408
0 0.001437 0.389312 0.001590 0.009856
0 0.001434 0.381696 0.001595 0.009856
0 0.001428 0.367360 0.001608 0.008960
0 0.001419 0.353920 0.001627 0.010752
0 0.001419 0.347200 0.001627 0.010304
0 0.001449 0.348096 0.001565 0.010752
0 0.001452 0.353920 0.001560 0.010752
0 0.001461 0.376320 0.001542 0.011200
0 0.001464 0.382592 0.001536 0.010752
0 0.001417 0.461440 0.001631 0.008064
0 0.001404 0.474432 0.001656 0.016128
0 0.001388 0.468160 0.001689 0.009856
0 0.001322 0.444864 0.001819 0.009408
0 0.001354 0.392000 0.001756 0.008512
0 0.001350 0.384832 0.001764 0.009408
0 0.001348 0.377216 0.001768 0.008064
0 0.001344 0.370944 0.001776 0.008960
0 0.001340 0.364672 0.001784 0.010752
0 0.001339 0.479360 0.001787 0.008960
0 0.001337 0.473088 0.001791 0.010304
0 0.001330 0.458304 0.001804 0.009856
0 0.001333 0.465920 0.001798 0.010752
0 0.001335 0.489216 0.001794 0.012992
0 0.001327 0.480256 0.001811 0.012544
0 0.001321 0.466816 0.001822 0.012544
0 0.001326 0.451584 0.001813 0.010304
0 0.001320 0.437696 0.001825 0.008960
0 0.001384 0.461440 0.001696 0.009408
0 0.001317 0.431424 0.001830 0.010304
0 0.001316 0.423808 0.001832 0.009408
0 0.001312 0.417088 0.001841 0.009856
0 0.001307 0.410816 0.001851 0.009408
0 0.001301 0.415296 0.001861 0.013440
0 0.001303 0.403200 0.001857 0.011200
0 0.001300 0.395584 0.001864 0.009408
0 0.001297 0.389312 0.001870 0.009856
0 0.001297 0.382144 0.001870 0.008960
0 0.001295 0.401856 0.001874 0.012992
0 0.001291 0.374976 0.001883 0.012096
0 0.001373 0.433216 0.001719 0.008960
0 0.001384 0.454720 0.001697 0.008960
0 0.001471 0.396480 0.001522 0.011200
0 0.001477 0.409920 0.001510 0.010752
0 0.001339 0.292544 0.001787 0.021056
0 0.001482 0.417088 0.001500 0.010752
0 0.001576 0.344960 0.001313 0.007616
0 0.001568 0.331072 0.001329 0.007616
0 0.001565 0.320320 0.001333 0.007616
0 0.001530 0.337344 0.001405 0.016128
0 0.001526 0.324352 0.001412 0.015232
0 0.001525 0.312704 0.001413 0.015232
0 0.001519 0.303296 0.001427 0.015680
0 0.001508 0.312256 0.001447 0.018368
0 0.001495 0.314944 0.001475 0.021504
0 0.001483 0.318080 0.001498 0.021056
0 0.001457 0.322112 0.001551 0.022400
0 0.001445 0.327488 0.001575 0.018368
0 0.001431 0.329280 0.001602 0.020608
0 0.001417 0.331520 0.001629 0.018816
0 0.001405 0.334656 0.001654 0.023296
0 0.001392 0.337344 0.001681 0.020160
0 0.001379 0.340928 0.001705 0.020160
0 0.001366 0.342272 0.001732 0.021056
0 0.001353 0.345856 0.001758 0.020160
0 0.001340 0.348096 0.001784 0.021504
0 0.001327 0.350784 0.001810 0.025536
0 0.001315 0.353920 0.001834 0.022400
0 0.001284 0.387968 0.001895 0.011200
0 0.001272 0.359296 0.001920 0.027776
0 0.001254 0.286720 0.001957 0.016128
0 0.001248 0.311360 0.001967 0.016128
0 0.001286 0.280896 0.001891 0.016128
0 0.001317 0.273280 0.001830 0.022400
0 0.001326 0.296128 0.001813 0.022400
0 0.001534 0.347648 0.001397 0.016576
0 0.001580 0.353472 0.001303 0.008064
0 0.001539 0.357952 0.001386 0.017472
0 0.001519 0.378112 0.001427 0.009408
0 0.001481 0.425152 0.001502 0.011200
0 0.001487 0.431424 0.001491 0.009408
0 0.001489 0.438592 0.001485 0.009408
0 0.001493 0.444864 0.001479 0.010304
0 0.001469 0.462336 0.001526 0.009408
0 0.001480 0.456512 0.001504 0.017920
0 0.001496 0.329728 0.001472 0.010304
0 0.001498 0.336448 0.001468 0.009856
0 0.001502 0.343168 0.001460 0.009408
0 0.001506 0.350336 0.001451 0.009856
0 0.001508 0.357504 0.001447 0.010752
0 0.001515 0.371392 0.001435 0.009408
0 0.001540 0.426944 0.001385 0.009856
0 0.001523 0.384832 0.001419 0.008960
0 0.001545 0.370048 0.001374 0.017024
0 0.001520 0.392448 0.001424 0.012544
0 0.001527 0.399168 0.001411 0.010304
0 0.001531 0.405888 0.001403 0.009856
0 0.001532 0.412608 0.001401 0.010752
0 0.001535 0.419776 0.001394 0.010304
0 0.001542 0.434112 0.001381 0.009856
0 0.001546 0.443072 0.001371 0.017472
0 0.001587 0.434560 0.001290 0.012992
0 0.001570 0.425152 0.001325 0.017024
0 0.001564 0.413952 0.001336 0.018816
0 0.001559 0.402304 0.001346 0.018368
0 0.001555 0.392000 0.001355 0.018816
0 0.001553 0.380800 0.001358 0.015680
0 0.001770 0.293888 0.000925 0.010752
0 0.001773 0.301504 0.000918 0.010752
0 0.001777 0.309120 0.000911 0.012096
0 0.002045 0.419328 0.000375 0.012096
0 0.001925 0.233856 0.000615 0.010304
0 0.001922 0.226240 0.000620 0.008512
0 0.001917 0.219520 0.000630 0.009856
0 0.001965 0.211904 0.000535 0.010304
0 0.001969 0.218624 0.000525 0.009408
0 0.001974 0.225792 0.000516 0.008512
0 0.001976 0.233408 0.000513 0.009856
0 0.001982 0.240128 0.000501 0.008512
0 0.001983 0.246400 0.000498 0.008512
0 0.001984 0.254016 0.000497 0.009856
0 0.001990 0.260736 0.000483 0.008960
0 0.001992 0.267904 0.000479 0.009408
0 0.001997 0.274176 0.000471 0.008512
0 0.001997 0.282240 0.000471 0.010752
0 0.002003 0.288512 0.000458 0.009408
0 0.002004 0.295232 0.000456 0.009856
0 0.002006 0.302848 0.000452 0.009856
0 0.002008 0.310016 0.000448 0.008064
0 0.002024 0.330176 0.000417 0.011200
0 0.002031 0.327040 0.000402 0.012992
0 0.002026 0.363776 0.000411 0.011200
0 0.002036 0.361984 0.000392 0.012544
0 0.002044 0.358848 0.000376 0.012992
0 0.002049 0.358400 0.000367 0.013888
0 0.002028 0.382592 0.000409 0.012992
0 0.002061 0.373632 0.000342 0.011200
0 0.002062 0.386176 0.000339 0.012096
0 0.002032 0.392448 0.000401 0.012992
0 0.002034 0.401408 0.000396 0.013888
0 0.001927 0.241024 0.000610 0.008064
0 0.001935 0.254464 0.000593 0.008960
0 0.001940 0.269696 0.000585 0.009856
0 0.001904 0.254016 0.000657 0.010304
0 0.001816 0.258496 0.000832 0.013440
0 0.001819 0.249984 0.000827 0.009408
0 0.001864 0.286272 0.000736 0.008960
0 0.001861 0.280000 0.000743 0.009408
0 0.001857 0.271936 0.000749 0.009856
0 0.001855 0.265216 0.000755 0.008960
0 0.001851 0.257600 0.000763 0.010304
0 0.001848 0.250432 0.000768 0.009408
0 0.001843 0.236544 0.000778 0.008960
0 0.001891 0.225344 0.000683 0.009856
0 0.001893 0.232512 0.000678 0.010304
0 0.001897 0.240128 0.000671 0.008512
0 0.001901 0.246848 0.000663 0.008512
0 0.001907 0.261184 0.000650 0.008512
0 0.001943 0.276864 0.000578 0.009408
0 0.001909 0.268800 0.000646 0.009408
0 0.001916 0.275968 0.000633 0.008960
0 0.001919 0.282688 0.000627 0.008960
0 0.001918 0.289856 0.000629 0.010752
0 0.001923 0.297024 0.000618 0.008960
0 0.001927 0.304192 0.000611 0.009408
0 0.001929 0.311360 0.000607 0.008960
0 0.001933 0.318976 0.000599 0.008960
0 0.001938 0.333760 0.000588 0.011200
0 0.001965 0.327488 0.000534 0.009856
0 0.001962 0.319872 0.000540 0.010304
0 0.001959 0.312704 0.000547 0.009856
0 0.001956 0.305536 0.000553 0.009408
0 0.002041 0.409472 0.000383 0.010752
0 0.002045 0.427392 0.000373 0.011200
0 0.001779 0.317184 0.000906 0.012096
0 0.002049 0.436800 0.000367 0.013440
0 0.008692 0.735168 0.013867 0.127232
0 0.008595 0.757120 0.014061 0.133056
0 0.008713 0.485632 0.013823 0.267904
0 0.008600 0.505792 0.014050 0.264768
0 0.008470 0.535360 0.014311 0.268352
0 0.008394 0.224896 0.014463 0.079296
0 0.008687 0.270592 0.013876 0.130368
0 0.008633 0.280000 0.013985 0.124992
0 0.008555 0.296128 0.014140 0.126336
0 0.008453 0.316736 0.014343 0.133504
0 0.008364 0.177408 0.014521 0.101696
0 0.008346 0.976192 0.014558 0.049280
0 0.008399 0.802816 0.014452 0.121856
0 0.008301 0.823424 0.014649 0.119616
0 0.008229 0.840448 0.014791 0.120960
0 0.008172 0.847616 0.014907 0.123200
0 0.008126 0.709184 0.014998 0.129472
0 0.008045 0.578368 0.015159 0.130816
0 0.008111 0.628992 0.015028 0.241024
0 0.008190 0.613760 0.014870 0.246848
0 0.008268 0.589120 0.014714 0.254016
0 0.007968 0.331968 0.015314 0.090048
0 0.008007 0.430080 0.015235 0.117824
0 0.008085 0.416640 0.015079 0.125440
0 0.008163 0.398720 0.014924 0.124096
0 0.008246 0.377664 0.014759 0.131264
0 0.007933 0.269696 0.015385 0.107072
0 0.008347 0.119168 0.014555 0.072128
0 0.007985 0.106176 0.015280 0.057792
0 0.008769 0.716352 0.013712 0.125888
0 0.008844 0.696192 0.013561 0.133504
0 0.008698 0.903616 0.013853 0.081536
0 0.002111 0.495488 0.000243 0.013440
0 0.002088 0.438144 0.000288 0.010752
0 0.002051 0.446208 0.000363 0.013888
0 0.002060 0.454720 0.000344 0.012544
0 0.002065 0.463680 0.000334 0.012544
0 0.002068 0.472192 0.000329 0.011200
0 0.002073 0.481600 0.000318 0.014336
0 0.002077 0.492352 0.000310 0.011200
0 0.002079 0.500864 0.000305 0.013440
0 0.002086 0.509376 0.000292 0.012992
0 0.002088 0.518784 0.000289 0.013440
0 0.002093 0.527296 0.000278 0.010304
0 0.002097 0.535808 0.000270 0.012992
0 0.002100 0.545216 0.000263 0.013888
0 0.002127 0.520576 0.000210 0.011200
0 0.001469 0.175616 0.001526 0.030016
0 0.002135 0.548800 0.000194 0.011200
0 0.002102 0.554624 0.000259 0.012992
0 0.002107 0.563136 0.000251 0.013440
0 0.002109 0.572992 0.000247 0.014336
0 0.002113 0.581952 0.000238 0.014784
0 0.002146 0.573888 0.000172 0.008960
0 0.002122 0.589568 0.000220 0.013440
0 0.002124 0.598528 0.000217 0.014336
0 0.002132 0.612864 0.000200 0.012992
0 0.002142 0.610624 0.000181 0.014336
0 0.002160 0.603904 0.000145 0.012544
0 0.002027 0.224896 0.000410 0.013888
0 0.001831 0.076160 0.000802 0.032256
0 0.001821 0.266112 0.000823 0.009856
0 0.001828 0.281792 0.000809 0.012096
0 0.001832 0.289408 0.000801 0.010752
0 0.001835 0.296576 0.000794 0.010304
0 0.001900 0.585536 0.000664 0.014336
0 0.001902 0.595840 0.000660 0.014784
0 0.001860 0.608832 0.000744 0.017920
0 0.001866 0.620032 0.000733 0.017024
0 0.001909 0.604800 0.000646 0.016128
0 0.001910 0.614656 0.000644 0.016128
0 0.001918 0.623616 0.000629 0.013888
0 0.001868 0.629888 0.000729 0.017024
0 0.001876 0.640192 0.000711 0.017024
0 0.001919 0.633472 0.000627 0.013440
0 0.001925 0.643328 0.000615 0.014336
0 0.001925 0.653184 0.000614 0.013440
0 0.001880 0.651392 0.000705 0.016576
0 0.001887 0.661248 0.000690 0.016128
0 0.001882 0.545664 0.000701 0.012544
0 0.001875 0.535808 0.000714 0.015680
0 0.001874 0.524608 0.000716 0.014336
0 0.001866 0.514752 0.000733 0.015680
0 0.001866 0.504896 0.000733 0.012096
0 0.001855 0.493696 0.000754 0.016576
0 0.001851 0.484736 0.000763 0.014784
0 0.001849 0.474880 0.000766 0.015680
0 0.001847 0.463680 0.000771 0.014784
0 0.001841 0.454272 0.000782 0.014336
0 0.001836 0.445760 0.000793 0.009856
0 0.001833 0.435904 0.000798 0.012096
0 0.001828 0.426944 0.000808 0.015232
0 0.001821 0.417536 0.000821 0.015680
0 0.001818 0.408128 0.000828 0.015232
0 0.001897 0.575232 0.000669 0.013440
0 0.001889 0.566272 0.000686 0.015680
0 0.001856 0.597632 0.000752 0.015232
0 0.001779 0.428288 0.000907 0.015680
0 0.001783 0.325696 0.000899 0.011200
0 0.001787 0.333312 0.000891 0.010304
0 0.001790 0.340032 0.000884 0.012096
0 0.001793 0.347200 0.000878 0.013440
0 0.001739 0.336000 0.000987 0.015680
0 0.001740 0.347200 0.000984 0.015232
0 0.001743 0.360192 0.000979 0.017472
0 0.001756 0.370496 0.000953 0.015680
0 0.001763 0.383040 0.000938 0.025088
0 0.001796 0.355264 0.000872 0.012096
0 0.001802 0.362880 0.000859 0.009856
0 0.001766 0.422464 0.000931 0.010752
0 0.001777 0.416640 0.000910 0.017920
0 0.001784 0.439040 0.000896 0.018368
0 0.001851 0.587776 0.000763 0.015232
0 0.001785 0.450240 0.000893 0.017024
0 0.001794 0.460544 0.000877 0.013888
0 0.001800 0.470848 0.000864 0.015680
0 0.001804 0.482496 0.000857 0.015232
0 0.001804 0.492800 0.000855 0.015680
0 0.001813 0.502208 0.000838 0.014784
0 0.001822 0.513408 0.000820 0.013888
0 0.001824 0.523712 0.000816 0.015680
0 0.001829 0.534912 0.000807 0.014784
0 0.001832 0.545664 0.000800 0.015232
0 0.001837 0.555520 0.000790 0.016576
0 0.001843 0.566720 0.000778 0.014336
0 0.001847 0.576576 0.000771 0.015232
0 0.001952 0.380352 0.000561 0.011200
0 0.001953 0.389760 0.000558 0.013888
0 0.001909 0.387968 0.000646 0.012544
0 0.002056 0.625408 0.000353 0.014336
0 0.001998 0.575680 0.000468 0.012992
0 0.002033 0.560448 0.000399 0.013440
0 0.002034 0.569856 0.000396 0.012992
0 0.002039 0.578368 0.000387 0.012992
0 0.001999 0.586432 0.000466 0.015680
0 0.002001 0.596288 0.000462 0.016128
0 0.002009 0.603456 0.000445 0.013888
0 0.002009 0.613760 0.000445 0.013888
0 0.002016 0.633024 0.000433 0.014784
0 0.002016 0.622720 0.000433 0.013888
0 0.002047 0.595840 0.000371 0.013440
0 0.002051 0.605248 0.000363 0.011200
0 0.002053 0.614208 0.000358 0.012544
0 0.001843 0.320320 0.000778 0.011200
0 0.001982 0.556416 0.000501 0.014784
0 0.001846 0.327936 0.000773 0.012544
0 0.001851 0.335552 0.000762 0.011200
0 0.001853 0.343616 0.000759 0.012992
0 0.001859 0.350336 0.000745 0.010752
0 0.001888 0.344064 0.000688 0.010304
0 0.001886 0.336448 0.000692 0.009408
0 0.001879 0.322112 0.000706 0.008960
0 0.001876 0.315392 0.000711 0.009856
0 0.001873 0.307776 0.000718 0.009408
0 0.001870 0.301056 0.000724 0.010304
0 0.001866 0.292992 0.000732 0.010304
0 0.001840 0.312704 0.000785 0.010752
0 0.001837 0.305088 0.000790 0.010752
0 0.001990 0.566272 0.000483 0.014336
0 0.002026 0.551488 0.000413 0.016576
0 0.001913 0.399168 0.000638 0.014336
0 0.001947 0.473984 0.000570 0.014336
0 0.001919 0.407680 0.000627 0.014336
0 0.001921 0.416192 0.000623 0.014784
0 0.001926 0.424704 0.000612 0.012096
0 0.001963 0.408128 0.000539 0.009408
0 0.001971 0.425600 0.000521 0.009856
0 0.001928 0.435456 0.000608 0.016128
0 0.001935 0.445760 0.000593 0.014336
0 0.001940 0.454720 0.000584 0.015680
0 0.001975 0.434112 0.000515 0.014336
0 0.001978 0.443072 0.000509 0.014784
0 0.001984 0.452480 0.000497 0.013440
0 0.001945 0.464576 0.000574 0.016128
0 0.001986 0.461440 0.000492 0.011200
0 0.001952 0.484288 0.000559 0.013888
0 0.002022 0.542528 0.000421 0.014336
0 0.001989 0.470400 0.000486 0.013440
0 0.001992 0.478912 0.000479 0.012992
0 0.001999 0.488320 0.000467 0.012544
0 0.001957 0.495040 0.000550 0.014336
0 0.001959 0.505344 0.000547 0.016576
0 0.002004 0.495936 0.000456 0.010304
0 0.001963 0.516992 0.000538 0.016576
0 0.002006 0.507584 0.000452 0.012544
0 0.001971 0.525952 0.000521 0.014784
0 0.001978 0.536256 0.000509 0.015232
0 0.001981 0.546560 0.000502 0.015680
0 0.002010 0.516544 0.000444 0.012096
0 0.002018 0.533568 0.000429 0.013888
0 0.001357 0.399168 0.001750 0.009408
0 0.001364 0.413056 0.001737 0.008960
0 0.002107 0.897792 0.000251 0.012096
0 0.001527 0.895552 0.001411 0.008512
0 0.002157 0.659904 0.000149 0.009408
0 0.002187 0.652736 0.000091 0.013440
0 0.002160 0.667520 0.000144 0.010752
0 0.002164 0.674688 0.000137 0.012096
0 0.002174 0.695744 0.000117 0.009856
0 0.002170 0.688576 0.000124 0.010304
0 0.002176 0.702464 0.000113 0.009856
0 0.002200 0.679168 0.000065 0.014336
0 0.002179 0.710528 0.000106 0.010304
0 0.002183 0.717248 0.000098 0.008960
0 0.002185 0.724864 0.000094 0.009408
0 0.002188 0.731136 0.000088 0.009856
0 0.002192 0.738304 0.000080 0.011200
0 0.002197 0.745472 0.000071 0.009408
0 0.002215 0.720384 0.000034 0.016576
0 0.002171 0.776832 0.000122 0.007616
0 0.002132 0.785344 0.000201 0.008960
0 0.002079 0.796544 0.000307 0.007168
0 0.002060 0.800128 0.000345 0.007616
0 0.002041 0.804608 0.000382 0.007616
0 0.002002 0.812672 0.000460 0.006272
0 0.001984 0.816704 0.000496 0.007168
0 0.001752 0.983808 0.000960 0.017472
0 0.001803 0.992768 0.000858 0.014336
0 0.001813 0.990528 0.000839 0.015232
0 0.001824 0.988288 0.000816 0.015232
0 0.001834 0.986048 0.000797 0.016128
0 0.001529 0.918400 0.001407 0.009408
0 0.001535 0.907648 0.001394 0.004928
0 0.002154 0.653184 0.000156 0.010304
0 0.002168 0.639296 0.000128 0.012544
0 0.002151 0.770560 0.000163 0.010752
0 0.002079 0.677824 0.000307 0.009856
0 0.002119 0.762944 0.000227 0.008960
0 0.002115 0.756224 0.000235 0.008512
0 0.002109 0.749504 0.000247 0.010304
0 0.002109 0.741888 0.000247 0.009408
0 0.002105 0.734720 0.000255 0.010304
0 0.002102 0.727552 0.000261 0.010304
0 0.002095 0.720384 0.000274 0.010304
0 0.002094 0.713664 0.000277 0.009856
0 0.002088 0.706944 0.000289 0.012992
0 0.002088 0.698880 0.000289 0.008960
0 0.002085 0.692160 0.000295 0.010752
0 0.002082 0.684544 0.000300 0.010304
0 0.002076 0.670208 0.000312 0.009856
0 0.002102 0.663936 0.000261 0.010752
0 0.002149 0.763840 0.000167 0.009856
0 0.002106 0.671104 0.000253 0.010752
0 0.002111 0.678272 0.000243 0.009856
0 0.002113 0.684992 0.000239 0.011200
0 0.002116 0.693056 0.000232 0.010752
0 0.002118 0.700224 0.000228 0.012096
0 0.002122 0.706944 0.000220 0.008960
0 0.002125 0.714112 0.000215 0.010304
0 0.002128 0.721728 0.000209 0.010752
0 0.002132 0.728896 0.000201 0.009408
0 0.002133 0.736064 0.000198 0.010304
0 0.002138 0.742336 0.000189 0.010752
0 0.002140 0.749952 0.000183 0.011200
0 0.002145 0.757120 0.000175 0.008960
0 0.001530 0.902272 0.001404 0.008064
0 0.001523 0.887936 0.001417 0.008960
0 0.002122 0.777728 0.000220 0.008960
0 0.001517 0.896896 0.001430 0.012544
0 0.001591 0.858816 0.001282 0.008960
0 0.001588 0.851200 0.001289 0.008512
0 0.001585 0.844928 0.001294 0.008960
0 0.001578 0.831040 0.001308 0.008960
0 0.001577 0.823872 0.001310 0.008960
0 0.001571 0.817600 0.001322 0.010304
0 0.001551 0.830144 0.001363 0.008064
0 0.001544 0.823872 0.001375 0.009856
0 0.001541 0.816256 0.001382 0.010304
0 0.001570 0.810880 0.001325 0.008512
0 0.001566 0.803712 0.001332 0.008512
0 0.001564 0.796544 0.001336 0.009856
0 0.001560 0.790720 0.001344 0.010304
0 0.001542 0.809088 0.001381 0.008960
0 0.001535 0.794752 0.001394 0.008960
0 0.001543 0.781312 0.001378 0.014784
0 0.001603 0.770560 0.001259 0.010752
0 0.001633 0.773248 0.001198 0.012992
0 0.001635 0.783104 0.001193 0.012544
0 0.001604 0.779968 0.001256 0.009408
0 0.001610 0.787584 0.001244 0.009408
0 0.001614 0.800576 0.001236 0.008512
0 0.001638 0.791168 0.001188 0.012544
0 0.001645 0.799680 0.001174 0.011200
0 0.001620 0.807296 0.001225 0.008512
0 0.001623 0.814464 0.001219 0.008064
0 0.001625 0.821184 0.001215 0.008960
0 0.001646 0.807296 0.001173 0.013440
0 0.001651 0.815808 0.001162 0.012544
0 0.001593 0.865536 0.001279 0.009408
0 0.001596 0.871808 0.001272 0.008512
0 0.001604 0.884800 0.001256 0.010304
0 0.001488 0.805952 0.001488 0.008512
0 0.001524 0.881216 0.001416 0.007168
0 0.001518 0.873600 0.001428 0.008960
0 0.001515 0.866432 0.001435 0.009408
0 0.001512 0.860608 0.001441 0.009408
0 0.001508 0.853440 0.001447 0.008064
0 0.001505 0.847168 0.001454 0.008512
0 0.001506 0.882112 0.001451 0.012544
0 0.001506 0.869120 0.001453 0.011200
0 0.001503 0.839552 0.001458 0.008064
0 0.001499 0.832832 0.001466 0.008512
0 0.001497 0.826560 0.001470 0.008512
0 0.001494 0.818944 0.001477 0.008064
0 0.001490 0.812224 0.001484 0.009856
0 0.001484 0.795200 0.001496 0.012544
0 0.001608 0.891520 0.001249 0.008960
0 0.001484 0.831040 0.001496 0.012992
0 0.001478 0.818048 0.001508 0.013440
0 0.001477 0.802816 0.001510 0.014784
0 0.001495 0.793408 0.001475 0.012096
0 0.001557 0.850752 0.001351 0.008960
0 0.001562 0.857024 0.001340 0.008960
0 0.001567 0.864640 0.001331 0.008512
0 0.001570 0.870464 0.001324 0.008064
0 0.001571 0.878080 0.001322 0.008064
0 0.001574 0.884800 0.001317 0.008512
0 0.001577 0.891520 0.001310 0.008064
0 0.001579 0.897792 0.001306 0.009408
0 0.001606 0.900928 0.001252 0.008064
0 0.002121 0.770112 0.000221 0.009408
0 0.002072 0.788480 0.000320 0.010752
0 0.001369 0.419328 0.001727 0.009408
0 0.002129 0.969920 0.000206 0.015680
0 0.002045 0.928704 0.000375 0.014784
0 0.002031 0.914816 0.000402 0.013440
0 0.002022 0.916608 0.000421 0.012992
0 0.002035 0.931840 0.000395 0.014784
0 0.002024 0.933184 0.000417 0.015680
0 0.002014 0.936320 0.000436 0.014336
0 0.001992 0.934080 0.000479 0.028672
0 0.002047 0.969024 0.000369 0.016128
0 0.002058 0.966784 0.000348 0.015232
0 0.002068 0.963648 0.000329 0.016576
0 0.002079 0.962304 0.000307 0.016128
0 0.002089 0.959168 0.000286 0.016576
0 0.002099 0.957376 0.000266 0.015232
0 0.002110 0.955136 0.000244 0.014784
0 0.002121 0.952896 0.000221 0.013440
0 0.002132 0.950656 0.000201 0.013440
0 0.002151 0.946624 0.000163 0.013888
0 0.002172 0.942144 0.000119 0.014784
0 0.002183 0.939008 0.000098 0.014336
0 0.002193 0.935872 0.000077 0.015680
0 0.002204 0.935424 0.000057 0.014784
0 0.002214 0.932288 0.000035 0.013888
0 0.002225 0.930496 0.000014 0.015232
0 0.002200 0.954240 0.000065 0.015232
0 0.002189 0.956032 0.000086 0.015680
0 0.002179 0.958720 0.000106 0.015680
0 0.002169 0.960512 0.000126 0.015232
0 0.002160 0.963200 0.000144 0.014784
0 0.002149 0.965440 0.000166 0.012096
0 0.002040 0.913024 0.000384 0.012544
0 0.002050 0.911232 0.000365 0.013440
0 0.002055 0.927808 0.000354 0.015232
0 0.002187 0.897792 0.000091 0.013888
0 0.002116 0.896448 0.000232 0.013888
0 0.002124 0.894208 0.000216 0.010752
0 0.002136 0.891968 0.000193 0.012992
0 0.002145 0.890176 0.000174 0.012544
0 0.002156 0.887040 0.000152 0.013888
0 0.002164 0.885248 0.000136 0.013440
0 0.002174 0.883008 0.000117 0.013440
0 0.002183 0.880320 0.000098 0.015680
0 0.002202 0.876736 0.000060 0.012992
0 0.002211 0.874496 0.000042 0.012992
0 0.002216 0.891520 0.000033 0.014784
0 0.002206 0.894656 0.000053 0.015232
0 0.002195 0.895104 0.000075 0.013888
0 0.002174 0.900032 0.000117 0.014784
0 0.002071 0.926016 0.000322 0.017024
0 0.002155 0.905856 0.000153 0.016128
0 0.002145 0.907648 0.000174 0.013440
0 0.002136 0.909440 0.000191 0.013888
0 0.002126 0.912576 0.000213 0.015680
0 0.002115 0.913472 0.000234 0.015232
0 0.002105 0.917056 0.000254 0.017472
0 0.002087 0.901824 0.000291 0.013440
0 0.002077 0.904064 0.000311 0.012544
0 0.002094 0.918848 0.000276 0.016576
0 0.002084 0.921088 0.000296 0.016128
0 0.002068 0.906752 0.000329 0.012096
0 0.002075 0.922880 0.000315 0.016576
0 0.002058 0.908992 0.000348 0.013440
0 0.002140 0.967232 0.000185 0.013888
0 0.002119 0.972608 0.000227 0.014784
0 0.002069 0.781312 0.000326 0.010304
0 0.002110 0.974400 0.000244 0.015232
0 0.002016 0.734272 0.000433 0.010752
0 0.002011 0.727104 0.000443 0.011200
0 0.002009 0.718592 0.000445 0.009856
0 0.002006 0.710528 0.000452 0.009856
0 0.002001 0.703808 0.000462 0.010304
0 0.001999 0.695296 0.000466 0.009856
0 0.001995 0.687680 0.000474 0.010304
0 0.001994 0.674688 0.000477 0.020608
0 0.002024 0.682304 0.000415 0.010304
0 0.002027 0.688576 0.000410 0.012544
0 0.002031 0.696192 0.000402 0.010752
0 0.002034 0.702912 0.000396 0.012544
0 0.002037 0.710080 0.000390 0.010752
0 0.002041 0.717696 0.000382 0.009408
0 0.002042 0.724416 0.000380 0.011200
0 0.002046 0.731136 0.000372 0.012544
0 0.002050 0.738752 0.000365 0.009856
0 0.002022 0.741440 0.000420 0.008960
0 0.002022 0.749056 0.000421 0.010304
0 0.002053 0.745472 0.000358 0.010304
0 0.002056 0.753088 0.000352 0.010752
0 0.002064 0.767424 0.000337 0.008960
0 0.002024 0.757120 0.000415 0.012544
0 0.002029 0.764288 0.000406 0.010752
0 0.002033 0.771456 0.000398 0.010752
0 0.002036 0.779072 0.000392 0.009856
0 0.002066 0.774144 0.000331 0.009408
0 0.002039 0.787136 0.000387 0.011200
0 0.002042 0.794304 0.000380 0.010304
0 0.001986 0.806400 0.000492 0.009856
0 0.001952 0.812224 0.000561 0.012544
0 0.001942 0.803264 0.000581 0.016576
0 0.001950 0.723072 0.000565 0.012096
0 0.002099 0.976640 0.000266 0.015232
0 0.002090 0.978880 0.000285 0.014784
0 0.002079 0.980672 0.000307 0.014336
0 0.002069 0.982912 0.000327 0.015680
0 0.002058 0.985152 0.000348 0.016128
0 0.002049 0.988288 0.000367 0.015232
0 0.002038 0.990528 0.000388 0.016128
0 0.008719 0.960512 0.013812 0.077504
0 0.001969 0.769216 0.000525 0.010752
0 0.001967 0.761600 0.000530 0.011200
0 0.001963 0.753984 0.000538 0.012544
0 0.001956 0.738304 0.000553 0.012096
0 0.001952 0.731136 0.000559 0.012096
0 0.001946 0.715456 0.000572 0.011200
0 0.001984 0.798784 0.000496 0.012096
0 0.001943 0.708736 0.000578 0.011200
0 0.001891 0.694848 0.000683 0.029120
0 0.001905 0.708288 0.000654 0.014336
0 0.001908 0.719488 0.000648 0.015680
0 0.001914 0.740992 0.000637 0.016128
0 0.001921 0.750848 0.000622 0.014784
0 0.001927 0.760704 0.000610 0.013440
0 0.001931 0.771008 0.000601 0.013888
0 0.001935 0.782656 0.000593 0.014336
0 0.001942 0.792064 0.000580 0.012992
0 0.001973 0.776384 0.000517 0.012096
0 0.001976 0.784448 0.000512 0.010752
0 0.001980 0.791168 0.000504 0.010304
0 0.001656 0.824320 0.001153 0.012544
0 0.001658 0.832832 0.001149 0.012544
0 0.001631 0.834624 0.001202 0.009856
0 0.001549 0.624960 0.001366 0.008960
0 0.001548 0.558208 0.001369 0.010752
0 0.001556 0.572992 0.001352 0.007616
0 0.001558 0.581056 0.001348 0.009856
0 0.001562 0.587776 0.001340 0.010304
0 0.001565 0.594944 0.001335 0.009856
0 0.001568 0.602560 0.001328 0.011200
0 0.001572 0.612864 0.001321 0.012096
0 0.001576 0.620032 0.001313 0.012096
0 0.001580 0.626752 0.001305 0.010752
0 0.001582 0.634816 0.001299 0.011200
0 0.001585 0.641984 0.001294 0.012096
0 0.001590 0.649600 0.001284 0.010304
0 0.001599 0.672000 0.001267 0.012096
0 0.001603 0.678720 0.001259 0.012544
0 0.001607 0.686336 0.001250 0.010304
0 0.001608 0.694400 0.001248 0.010752
0 0.001613 0.701568 0.001238 0.010752
0 0.001614 0.709184 0.001236 0.010752
0 0.001618 0.715904 0.001227 0.011200
0 0.001604 0.728896 0.001256 0.017920
0 0.001589 0.715904 0.001287 0.010304
0 0.001586 0.709184 0.001293 0.008960
0 0.001577 0.702912 0.001310 0.010752
0 0.001571 0.689024 0.001322 0.010304
0 0.001573 0.680960 0.001318 0.009856
0 0.001571 0.674240 0.001322 0.009856
0 0.001569 0.667968 0.001327 0.008960
0 0.001561 0.653184 0.001341 0.008512
0 0.001556 0.646464 0.001352 0.009856
0 0.001544 0.551040 0.001375 0.010752
0 0.001542 0.543424 0.001381 0.010752
0 0.001538 0.535808 0.001389 0.012096
0 0.001629 0.529536 0.001206 0.012544
0 0.001629 0.599424 0.001207 0.010304
0 0.001625 0.589568 0.001215 0.010304
0 0.001620 0.582848 0.001223 0.009856
0 0.001618 0.575232 0.001229 0.010304
0 0.001616 0.567616 0.001233 0.009408
0 0.001648 0.567616 0.001169 0.012544
0 0.001637 0.548800 0.001191 0.013888
0 0.001635 0.538048 0.001195 0.012992
0 0.001604 0.545664 0.001257 0.010304
0 0.001601 0.538048 0.001261 0.009856
0 0.001597 0.530880 0.001269 0.009856
0 0.001593 0.523264 0.001279 0.010304
0 0.001590 0.516096 0.001284 0.012096
0 0.001625 0.519680 0.001215 0.012992
0 0.001534 0.528192 0.001396 0.011200
0 0.001619 0.509376 0.001226 0.014784
0 0.001613 0.498624 0.001238 0.017024
0 0.001610 0.488320 0.001245 0.016128
0 0.001604 0.467264 0.001257 0.016128
0 0.001606 0.478912 0.001252 0.016128
0 0.001587 0.508032 0.001291 0.010304
0 0.001585 0.500864 0.001294 0.009408
0 0.001580 0.493696 0.001305 0.010752
0 0.001574 0.486080 0.001316 0.012992
0 0.001570 0.476224 0.001325 0.014784
0 0.001521 0.498624 0.001422 0.011200
0 0.001525 0.506240 0.001415 0.011200
0 0.001527 0.512960 0.001409 0.012992
0 0.001552 0.639296 0.001360 0.009856
0 0.001544 0.618688 0.001377 0.009856
0 0.001633 0.841792 0.001198 0.008512
0 0.001541 0.609280 0.001382 0.009856
0 0.001419 0.528640 0.001627 0.010304
0 0.001422 0.536256 0.001620 0.009856
0 0.001425 0.542976 0.001614 0.008960
0 0.001432 0.564032 0.001599 0.010304
0 0.001441 0.577472 0.001583 0.009856
0 0.001441 0.584192 0.001582 0.010304
0 0.001447 0.591360 0.001571 0.010304
0 0.001453 0.605248 0.001557 0.010304
0 0.001457 0.611968 0.001551 0.010304
0 0.001462 0.626304 0.001540 0.010752
0 0.001408 0.630784 0.001648 0.010304
0 0.001405 0.623616 0.001655 0.010304
0 0.001402 0.616896 0.001661 0.010304
0 0.001398 0.609280 0.001667 0.009856
0 0.001396 0.602112 0.001671 0.009856
0 0.001392 0.595840 0.001680 0.010304
0 0.001390 0.589120 0.001685 0.012096
0 0.001387 0.581504 0.001690 0.011200
0 0.001385 0.574336 0.001694 0.008960
0 0.001380 0.568064 0.001704 0.009408
0 0.001377 0.560896 0.001709 0.010304
0 0.001374 0.554176 0.001716 0.010752
0 0.001370 0.546560 0.001724 0.009408
0 0.001367 0.540288 0.001730 0.011200
0 0.001364 0.533120 0.001737 0.010304
0 0.001371 0.520576 0.001723 0.014336
0 0.001362 0.523264 0.001741 0.013888
0 0.001384 0.600768 0.001696 0.014336
0 0.001371 0.427392 0.001723 0.008064
0 0.001415 0.522368 0.001635 0.009856
0 0.001443 0.516096 0.001579 0.010304
0 0.001445 0.522816 0.001574 0.012096
0 0.001492 0.505344 0.001480 0.010304
0 0.001541 0.601664 0.001382 0.008512
0 0.001531 0.588672 0.001403 0.010304
0 0.001531 0.581504 0.001403 0.008960
0 0.001525 0.574336 0.001415 0.009408
0 0.001521 0.567168 0.001423 0.009408
0 0.001519 0.560000 0.001427 0.010304
0 0.001515 0.552832 0.001434 0.009408
0 0.001512 0.546112 0.001441 0.010752
0 0.001511 0.538944 0.001442 0.006720
0 0.001505 0.532672 0.001454 0.010752
0 0.001505 0.524608 0.001454 0.008960
0 0.001499 0.518336 0.001466 0.010304
0 0.001500 0.511616 0.001465 0.008960
0 0.001498 0.491456 0.001468 0.013440
0 0.001449 0.529088 0.001567 0.010304
0 0.001491 0.619584 0.001481 0.010304
0 0.001487 0.613312 0.001489 0.009408
0 0.001484 0.606144 0.001496 0.010304
0 0.001483 0.598528 0.001499 0.009408
0 0.001479 0.591808 0.001506 0.012544
0 0.001474 0.585536 0.001517 0.009408
0 0.001471 0.578368 0.001522 0.010304
0 0.001467 0.571648 0.001530 0.010304
0 0.001466 0.564480 0.001533 0.010304
0 0.001459 0.550592 0.001546 0.010752
0 0.001456 0.544320 0.001553 0.008064
0 0.001414 0.508032 0.001636 0.017920
0 0.001452 0.536256 0.001560 0.010304
0 0.001650 0.578816 0.001165 0.013888
0 0.001655 0.587776 0.001154 0.015232
0 0.001659 0.598080 0.001146 0.014336
0 0.001665 0.607040 0.001135 0.014336
0 0.001716 0.783552 0.001032 0.012544
0 0.001710 0.775488 0.001044 0.012544
0 0.001707 0.766976 0.001051 0.013440
0 0.001697 0.750400 0.001071 0.012544
0 0.001711 0.758016 0.001041 0.010752
0 0.001750 0.783104 0.000964 0.012544
0 0.001748 0.775040 0.000968 0.010304
0 0.001744 0.766976 0.000976 0.010304
0 0.001741 0.759808 0.000982 0.012096
0 0.001736 0.751744 0.000993 0.012096
0 0.001725 0.741888 0.001014 0.017024
0 0.001579 0.694848 0.001306 0.010752
0 0.001563 0.660800 0.001337 0.011200
0 0.001591 0.656768 0.001282 0.012544
0 0.001494 0.629888 0.001477 0.010304
0 0.001496 0.636608 0.001472 0.010304
0 0.001500 0.643328 0.001464 0.010304
0 0.001464 0.636608 0.001536 0.012096
0 0.001469 0.652288 0.001526 0.011200
0 0.001473 0.660800 0.001518 0.012096
0 0.001504 0.650944 0.001456 0.009856
0 0.001506 0.657216 0.001451 0.010752
0 0.001509 0.664384 0.001446 0.010752
0 0.001513 0.671552 0.001438 0.009856
0 0.001517 0.679168 0.001431 0.008960
0 0.001521 0.685440 0.001423 0.009856
0 0.001525 0.699776 0.001415 0.010752
0 0.001530 0.706048 0.001404 0.008960
0 0.001480 0.676480 0.001504 0.012096
0 0.001720 0.792064 0.001025 0.011200
0 0.001724 0.800128 0.001016 0.010304
0 0.001728 0.809536 0.001007 0.011200
0 0.001717 0.876288 0.001031 0.007616
0 0.001637 0.847616 0.001191 0.008512
0 0.001663 0.841344 0.001139 0.010752
0 0.001665 0.850304 0.001134 0.012096
0 0.001643 0.854336 0.001179 0.008512
0 0.001644 0.861504 0.001176 0.008064
0 0.001650 0.868224 0.001165 0.007616
0 0.001648 0.875840 0.001169 0.009408
0 0.001651 0.882560 0.001162 0.008512
0 0.001643 0.892864 0.001179 0.006720
0 0.001670 0.858816 0.001124 0.011200
0 0.001673 0.866880 0.001119 0.010752
0 0.001678 0.875392 0.001108 0.012544
0 0.001684 0.883904 0.001096 0.006272
0 0.001737 0.871808 0.000991 0.008064
0 0.001754 0.791168 0.000957 0.012992
0 0.001777 0.863744 0.000910 0.005824
0 0.001779 0.853440 0.000906 0.012096
0 0.001779 0.845376 0.000906 0.009408
0 0.001777 0.836864 0.000911 0.012544
0 0.001769 0.821184 0.000926 0.011200
0 0.001747 0.859264 0.000971 0.010304
0 0.001747 0.851200 0.000969 0.011200
0 0.001741 0.843584 0.000982 0.013888
0 0.001739 0.834624 0.000986 0.012096
0 0.001735 0.825664 0.000995 0.012992
0 0.001766 0.814016 0.000933 0.010752
0 0.001762 0.806400 0.000941 0.011200
0 0.001760 0.797888 0.000944 0.012544
0 0.001483 0.683648 0.001498 0.010752
0 0.001489 0.691264 0.001487 0.010752
0 0.001493 0.698880 0.001479 0.010752
0 0.001662 0.674688 0.001141 0.009856
0 0.001444 0.402304 0.001576 0.009408
0 0.001376 0.440384 0.001712 0.008512
0 0.001379 0.447104 0.001705 0.008960
0 0.001396 0.421120 0.001673 0.009856
0 0.001378 0.098560 0.001708 0.008512
0 0.001709 0.706944 0.001045 0.013888
0 0.001703 0.695744 0.001058 0.014784
0 0.001701 0.685888 0.001062 0.012544
0 0.001695 0.675584 0.001074 0.012544
0 0.001678 0.713664 0.001109 0.012992
0 0.001672 0.705152 0.001120 0.012544
0 0.001670 0.696192 0.001124 0.010752
0 0.001667 0.689920 0.001130 0.010752
0 0.001654 0.666176 0.001155 0.010304
0 0.001425 0.361088 0.001614 0.009856
0 0.001654 0.659456 0.001155 0.009856
0 0.001650 0.651840 0.001164 0.011200
0 0.001691 0.666624 0.001082 0.014336
0 0.001686 0.657216 0.001092 0.013440
0 0.001686 0.645120 0.001092 0.008512
0 0.001654 0.644224 0.001157 0.008064
0 0.001648 0.637056 0.001169 0.009408
0 0.001642 0.629440 0.001180 0.011200
0 0.001639 0.622272 0.001187 0.009856
0 0.001636 0.614656 0.001192 0.009856
0 0.001633 0.607488 0.001199 0.009856
0 0.001681 0.637056 0.001102 0.007616
0 0.001673 0.627200 0.001119 0.014336
0 0.001447 0.409472 0.001571 0.008960
0 0.001430 0.374976 0.001605 0.009856
0 0.001496 0.706496 0.001472 0.008960
0 0.001449 0.746816 0.001567 0.008960
0 0.001496 0.713216 0.001473 0.011200
0 0.001502 0.720832 0.001460 0.010304
0 0.001532 0.713216 0.001401 0.009856
0 0.001535 0.719040 0.001394 0.012096
0 0.001508 0.727104 0.001449 0.008064
0 0.001512 0.733376 0.001441 0.009408
0 0.001540 0.727104 0.001385 0.009856
0 0.001540 0.733824 0.001384 0.010752
0 0.001514 0.740096 0.001437 0.009408
0 0.001544 0.742336 0.001377 0.009856
0 0.001456 0.768320 0.001553 0.008960
0 0.001464 0.765184 0.001536 0.012096
0 0.001473 0.764288 0.001518 0.013440
0 0.001446 0.740096 0.001572 0.009856
0 0.001456 0.361536 0.001553 0.010752
0 0.001446 0.732928 0.001572 0.010752
0 0.001437 0.719488 0.001590 0.008960
0 0.001434 0.712768 0.001597 0.010304
0 0.001430 0.705600 0.001604 0.012096
0 0.001426 0.698432 0.001612 0.012544
0 0.001424 0.691264 0.001617 0.012096
0 0.001420 0.684096 0.001624 0.012544
0 0.001417 0.676480 0.001631 0.011200
0 0.001413 0.668416 0.001637 0.011200
0 0.001410 0.660352 0.001644 0.010304
0 0.001407 0.652736 0.001650 0.010304
0 0.001669 0.616896 0.001127 0.015680
0 0.001641 0.558656 0.001183 0.015232
0 0.007906 0.202496 0.015439 0.085568
