0 0.012246 0.977088 0.020150 0.048384
0 0.012142 0.839104 0.020359 0.055552
0 0.012205 0.075712 0.020232 0.057344
0 0.012214 0.137984 0.020216 0.055552
0 0.012222 0.198464 0.020199 0.054208
0 0.012067 0.068544 0.020510 0.051520
0 0.012077 0.327936 0.020489 0.041216
0 0.012089 0.542976 0.020465 0.051520
0 0.012087 0.462336 0.020469 0.050176
0 0.012175 0.357056 0.020293 0.051520
0 0.004909 0.766976 0.008039 0.131264
0 0.004905 0.578368 0.008047 0.131264
0 0.004893 0.390208 0.008072 0.140224
0 0.004881 0.199808 0.008096 0.137088
0 0.004583 0.641536 0.008692 0.265664
0 0.004550 0.254912 0.008757 0.264320
