0 0.002003 0.069440 0.000458 0.056896
0 0.001138 0.552832 0.002188 0.046592
0 0.008211 0.531328 0.014827 0.206080
0 0.015833 0.446656 0.030834 0.115136
0 0.015718 0.051968 0.031065 0.089600
0 0.008134 0.378560 0.014982 0.065408
0 0.008668 0.133504 0.013915 0.247744
0 0.008603 0.242816 0.014044 0.227136
0 0.008518 0.311360 0.014214 0.227136
0 0.008467 0.398720 0.014315 0.185024
0 0.008393 0.444864 0.014463 0.155904
0 0.008302 0.470400 0.014645 0.221312
0 0.001221 0.713664 0.002022 0.077056
0 0.002014 0.163072 0.000436 0.056000
0 0.001199 0.645120 0.002065 0.046592
0 0.001220 0.623616 0.002025 0.052416
0 0.001245 0.680064 0.001975 0.058240
0 0.001516 0.561792 0.001433 0.147840
0 0.001653 0.456960 0.001158 0.052416
0 0.001696 0.466368 0.001072 0.056896
0 0.001822 0.396928 0.000820 0.097664
0 0.001832 0.336896 0.000801 0.120064
0 0.001874 0.315392 0.000717 0.053760
0 0.001975 0.210112 0.000513 0.061824
0 0.007838 0.642432 0.015574 0.361088
