0 0.011927 0.433216 0.020789 0.019712
0 0.011722 0.083328 0.021199 0.017024
0 0.001293 0.339136 0.001878 0.058688
0 0.001317 0.307776 0.001830 0.024192
0 0.001267 0.288512 0.001931 0.047040
0 0.001272 0.262080 0.001921 0.027328
0 0.001222 0.236544 0.002021 0.056896
0 0.001198 0.218176 0.002067 0.027328
0 0.001117 0.141568 0.002230 0.053760
0 0.001186 0.177856 0.002092 0.021504
0 0.008512 0.825664 0.014226 0.095424
0 0.008567 0.885696 0.014117 0.111552
0 0.008437 0.760704 0.014377 0.102592
0 0.008331 0.676928 0.014588 0.145152
0 0.008235 0.556864 0.014779 0.090496
0 0.008187 0.506240 0.014877 0.091840
0 0.008135 0.456960 0.014981 0.099904
0 0.008043 0.385280 0.015164 0.139776
0 0.007990 0.301952 0.015269 0.068544
0 0.007946 0.264768 0.015359 0.095424
0 0.007902 0.217728 0.015446 0.090496
0 0.007867 0.176512 0.015515 0.059584
0 0.007812 0.128128 0.015625 0.099456
0 0.001379 0.400960 0.001706 0.054208
0 0.001393 0.427392 0.001679 0.058688
0 0.001403 0.465472 0.001659 0.070784
0 0.011632 0.052864 0.021378 0.025536
0 0.012238 0.590912 0.020167 0.021056
0 0.012120 0.537600 0.020402 0.022848
0 0.011901 0.031808 0.020841 0.023744
0 0.011873 0.065856 0.020896 0.020608
0 0.011830 0.076160 0.020984 0.023744
0 0.011748 0.167552 0.021146 0.024640
0 0.011693 0.108864 0.021256 0.012544
0 0.012027 0.537152 0.020589 0.025984
0 0.011978 0.486976 0.020687 0.027328
0 0.011897 0.389312 0.020850 0.019712
0 0.001476 0.489664 0.001512 0.024640
0 0.011863 0.281792 0.020917 0.026432
0 0.011726 0.238336 0.021191 0.028224
0 0.001936 0.900928 0.000592 0.026432
0 0.001755 0.771008 0.000953 0.064512
0 0.001775 0.739648 0.000915 0.029120
0 0.001640 0.576128 0.001185 0.027776
0 0.001584 0.596288 0.001297 0.025536
0 0.001586 0.556416 0.001293 0.028224
0 0.001506 0.528192 0.001452 0.055552
0 0.007812 0.068096 0.015625 0.083328
