0 0.012191 0.505792 0.020260 0.027328
0 0.008443 0.617792 0.014365 0.082432
0 0.001584 0.464576 0.001297 0.026432
0 0.001565 0.482048 0.001334 0.059136
0 0.001537 0.442176 0.001391 0.047040
0 0.001505 0.386176 0.001454 0.022400
0 0.001524 0.397376 0.001417 0.039424
0 0.001319 0.207424 0.001826 0.030016
0 0.001310 0.142912 0.001844 0.022848
0 0.001238 0.090944 0.001988 0.029120
0 0.001219 0.036288 0.002027 0.025984
0 0.008485 0.651392 0.014279 0.073472
0 0.008395 0.570304 0.014460 0.068096
0 0.011812 0.176064 0.021018 0.027776
0 0.008360 0.539840 0.014529 0.088256
0 0.008325 0.501312 0.014600 0.082432
0 0.008282 0.463232 0.014686 0.085568
0 0.008242 0.422912 0.014765 0.080192
0 0.008202 0.384832 0.014846 0.081984
0 0.008143 0.333312 0.014964 0.097216
0 0.008048 0.258944 0.015153 0.139328
0 0.008002 0.188160 0.015247 0.091840
0 0.007939 0.132608 0.015373 0.097664
0 0.007888 0.078848 0.015475 0.083776
0 0.001666 0.508928 0.001132 0.026432
0 0.001683 0.560896 0.001098 0.022848
0 0.001710 0.598976 0.001045 0.034944
0 0.001800 0.672448 0.000864 0.051968
0 0.012164 0.446656 0.020315 0.027328
0 0.012044 0.341824 0.020555 0.024192
0 0.012098 0.221312 0.020447 0.020608
0 0.012097 0.196672 0.020449 0.020608
0 0.012014 0.295680 0.020616 0.022400
0 0.011923 0.302848 0.020797 0.024192
0 0.011871 0.254464 0.020900 0.024192
0 0.011922 0.205184 0.020799 0.022400
0 0.011844 0.134400 0.020955 0.027328
0 0.011755 0.044800 0.021132 0.029568
0 0.001917 0.764288 0.000630 0.025984
0 0.002012 0.801472 0.000441 0.022848
0 0.001958 0.820288 0.000549 0.025536
0 0.001907 0.849408 0.000651 0.074368
0 0.002023 0.899584 0.000419 0.027328
0 0.008776 0.952448 0.013698 0.068096
0 0.008732 0.909440 0.013785 0.085568
0 0.008700 0.867776 0.013850 0.071232
0 0.008650 0.828352 0.013950 0.083776
0 0.008515 0.694400 0.014220 0.085120
0 0.008550 0.733824 0.014149 0.092736
0 0.007837 0.041216 0.015576 0.080192
