0 0.010950 0.841344 0.018279 0.087808
0 0.010951 0.595392 0.018276 0.068544
0 0.010641 0.494592 0.018896 0.129920
0 0.010699 0.507584 0.018781 0.129024
0 0.010732 0.518336 0.018715 0.131712
0 0.010797 0.544320 0.018584 0.130816
0 0.010863 0.564480 0.018453 0.130816
0 0.010885 0.561792 0.018408 0.130816
0 0.010942 0.568960 0.018294 0.135744
0 0.010575 0.470848 0.019029 0.128128
0 0.011068 0.606144 0.018043 0.133504
0 0.011061 0.197568 0.018056 0.143808
0 0.011046 0.476224 0.018087 0.131712
0 0.011019 0.479360 0.018140 0.130816
0 0.010829 0.422912 0.018521 0.131712
0 0.010863 0.144256 0.018453 0.144704
0 0.010613 0.494144 0.018952 0.130816
0 0.010540 0.459200 0.019099 0.129024
0 0.010921 0.158144 0.018336 0.144704
0 0.010243 0.391552 0.019692 0.120064
0 0.010153 0.372736 0.019872 0.131712
0 0.010174 0.367808 0.019831 0.130816
0 0.010203 0.390208 0.019772 0.129920
0 0.010077 0.599872 0.020025 0.087808
0 0.010335 0.422016 0.019509 0.135296
0 0.010115 0.353920 0.019948 0.130816
0 0.010259 0.398720 0.019661 0.132608
0 0.010516 0.461440 0.019147 0.128128
0 0.010299 0.400064 0.019581 0.129920
0 0.010363 0.421120 0.019454 0.131712
0 0.010396 0.430976 0.019387 0.123648
0 0.010423 0.434560 0.019332 0.123648
0 0.010460 0.452928 0.019260 0.129024
0 0.010483 0.450688 0.019212 0.131712
0 0.010881 0.151424 0.018416 0.146496
0 0.010741 0.406336 0.018696 0.136640
0 0.010710 0.649152 0.018759 0.047488
0 0.010527 0.726208 0.019124 0.087808
0 0.010333 0.685440 0.019514 0.088704
0 0.010379 0.684992 0.019421 0.086016
0 0.010400 0.699776 0.019378 0.088704
0 0.010441 0.698880 0.019296 0.086912
0 0.010466 0.708288 0.019246 0.088704
0 0.010494 0.721280 0.019190 0.086912
0 0.010567 0.731136 0.019044 0.090496
0 0.010295 0.658112 0.019589 0.089600
0 0.010588 0.745472 0.019002 0.086016
0 0.010617 0.750848 0.018944 0.089600
0 0.010649 0.764736 0.018881 0.080640
0 0.010683 0.767872 0.018813 0.092288
0 0.010736 0.789824 0.018707 0.085120
0 0.010877 0.807744 0.018424 0.089600
0 0.010296 0.684096 0.019587 0.089600
0 0.010243 0.666176 0.019692 0.074368
0 0.010685 0.376768 0.018808 0.132608
0 0.010270 0.267456 0.019638 0.128128
0 0.010607 0.356608 0.018964 0.129024
0 0.010519 0.332864 0.019141 0.130816
0 0.010495 0.310016 0.019189 0.074368
0 0.010480 0.341376 0.019220 0.099904
0 0.010455 0.324352 0.019269 0.108864
0 0.010302 0.275968 0.019574 0.132608
0 0.010172 0.227136 0.019835 0.131712
0 0.010211 0.654976 0.019757 0.088704
0 0.010114 0.224448 0.019951 0.135296
0 0.010087 0.218624 0.020005 0.133504
0 0.010074 0.628544 0.020031 0.090496
0 0.010122 0.627200 0.019935 0.091392
0 0.010144 0.639296 0.019891 0.084224
0 0.010172 0.651392 0.019835 0.085120
0 0.010080 0.336896 0.020018 0.131712
