0 0.012243 0.802368 0.020158 0.020160
0 0.001420 0.384384 0.001624 0.017472
0 0.001117 0.142016 0.002231 0.054656
0 0.001190 0.168000 0.002084 0.020160
0 0.001162 0.185024 0.002141 0.025984
0 0.001148 0.217280 0.002169 0.052864
0 0.001227 0.259840 0.002011 0.040320
0 0.001249 0.285376 0.001965 0.021056
0 0.001303 0.309568 0.001858 0.018368
0 0.001332 0.319872 0.001801 0.017024
0 0.001318 0.342272 0.001829 0.014784
0 0.001402 0.399616 0.001661 0.016576
0 0.008615 0.909888 0.014021 0.061376
0 0.001380 0.420672 0.001705 0.042560
0 0.001443 0.474880 0.001578 0.038528
0 0.001469 0.498176 0.001526 0.017920
0 0.001547 0.568960 0.001370 0.039424
0 0.001579 0.585536 0.001306 0.013888
0 0.001624 0.602560 0.001215 0.016576
0 0.001611 0.619584 0.001243 0.035840
0 0.001707 0.713664 0.001051 0.018816
0 0.001710 0.727104 0.001044 0.021504
0 0.008665 0.961856 0.013920 0.063168
0 0.008574 0.872256 0.014102 0.060480
0 0.012047 0.569408 0.020550 0.020608
0 0.008222 0.500864 0.014807 0.056896
0 0.007847 0.177856 0.015557 0.069888
0 0.007877 0.209216 0.015496 0.068096
0 0.007922 0.254016 0.015405 0.065408
0 0.007965 0.290304 0.015319 0.057344
0 0.007990 0.319424 0.015270 0.064064
0 0.008033 0.362432 0.015184 0.079296
0 0.008087 0.401408 0.015077 0.053312
0 0.008114 0.427392 0.015021 0.056000
0 0.008135 0.463232 0.014981 0.073024
0 0.008240 0.559552 0.014771 0.064064
0 0.008537 0.842688 0.014175 0.063616
0 0.008277 0.591808 0.014696 0.059136
0 0.008303 0.616448 0.014644 0.056896
0 0.008336 0.644224 0.014577 0.059136
0 0.008361 0.672000 0.014528 0.061824
0 0.008406 0.705152 0.014439 0.060928
0 0.008422 0.729792 0.014406 0.063616
0 0.008453 0.757120 0.014345 0.061376
0 0.008484 0.784896 0.014281 0.064512
0 0.008512 0.814912 0.014226 0.056000
0 0.001746 0.751744 0.000973 0.017024
0 0.001845 0.852096 0.000774 0.038976
0 0.001882 0.886144 0.000701 0.021056
0 0.011717 0.043456 0.021209 0.017024
0 0.011702 0.325696 0.021240 0.023744
0 0.011940 0.405440 0.020763 0.020160
0 0.012064 0.588224 0.020514 0.025088
0 0.012084 0.612416 0.020475 0.022400
0 0.012109 0.492800 0.020424 0.017024
0 0.012131 0.652288 0.020381 0.018368
0 0.012205 0.771456 0.020232 0.018816
0 0.012256 0.746368 0.020132 0.018368
0 0.011544 0.033152 0.021555 0.012096
0 0.011755 0.072576 0.021132 0.014336
0 0.001912 0.909888 0.000641 0.017920
0 0.011844 0.095872 0.020955 0.012992
0 0.011905 0.114240 0.020833 0.013888
0 0.011947 0.122304 0.020750 0.012544
0 0.012134 0.118272 0.020376 0.017920
0 0.012047 0.231616 0.020550 0.018368
0 0.011939 0.362432 0.020764 0.019264
0 0.011970 0.324352 0.020703 0.025984
0 0.011731 0.309568 0.021181 0.018816
0 0.011700 0.267008 0.021243 0.021504
0 0.011821 0.427392 0.021000 0.017920
0 0.011794 0.402304 0.021056 0.018368
0 0.011823 0.340928 0.020997 0.015232
0 0.011890 0.346752 0.020862 0.018368
0 0.001915 0.923328 0.000635 0.025088
0 0.001943 0.938112 0.000578 0.017472
0 0.001979 0.970816 0.000506 0.019264
0 0.011442 0.026880 0.021759 0.010752
0 0.011443 0.067200 0.021757 0.021056
0 0.011509 0.048384 0.021625 0.020608
0 0.011576 0.029568 0.021490 0.008064
0 0.011533 0.155904 0.021576 0.017472
0 0.011580 0.201600 0.021482 0.017472
0 0.011611 0.182784 0.021422 0.020160
0 0.011753 0.050176 0.021137 0.013440
0 0.012108 0.177408 0.020428 0.018816
0 0.012157 0.150528 0.020328 0.022400
0 0.012103 0.239232 0.020437 0.019264
0 0.012032 0.251328 0.020579 0.019264
0 0.011989 0.232064 0.020665 0.017920
0 0.011971 0.251328 0.020701 0.018368
0 0.011957 0.269696 0.020729 0.018368
0 0.011932 0.296576 0.020779 0.022400
0 0.007814 0.136640 0.015622 0.086912
