0 0.001908 0.140224 0.000648 0.012544
0 0.001506 0.840448 0.001453 0.025536
0 0.001495 0.837760 0.001474 0.024640
0 0.001471 0.835968 0.001522 0.019264
0 0.001528 0.790720 0.001407 0.017472
0 0.001510 0.784448 0.001443 0.016128
0 0.001495 0.777280 0.001474 0.014336
0 0.001519 0.762048 0.001425 0.022400
0 0.001537 0.766080 0.001389 0.021056
0 0.001554 0.771008 0.001357 0.023296
0 0.001564 0.828352 0.001335 0.014784
0 0.001618 0.713664 0.001229 0.031360
0 0.001600 0.707392 0.001265 0.027776
0 0.001553 0.723072 0.001358 0.017920
0 0.001540 0.710976 0.001384 0.011200
0 0.001551 0.696192 0.001362 0.022400
0 0.001655 0.677376 0.001154 0.008064
0 0.001658 0.648256 0.001149 0.027776
0 0.001627 0.666176 0.001211 0.010304
0 0.001474 0.859712 0.001517 0.021056
0 0.001498 0.862848 0.001468 0.018368
0 0.001898 0.154560 0.000668 0.013440
0 0.001535 0.842688 0.001394 0.027328
0 0.008569 0.504448 0.014113 0.074816
0 0.008504 0.540288 0.014242 0.068992
0 0.008447 0.569408 0.014355 0.068992
0 0.008376 0.608384 0.014497 0.070336
0 0.008304 0.657664 0.014641 0.068096
0 0.008237 0.716352 0.014776 0.068544
0 0.008200 0.783104 0.014849 0.060032
0 0.008168 0.850304 0.014913 0.050176
0 0.008158 0.913920 0.014934 0.036288
0 0.008152 0.964992 0.014946 0.014336
0 0.008607 0.207424 0.014036 0.127232
0 0.008628 0.380352 0.013993 0.116032
0 0.001448 0.971712 0.001568 0.014784
0 0.001456 0.955584 0.001551 0.013440
0 0.001515 0.906752 0.001434 0.025984
0 0.001458 0.907648 0.001548 0.010304
0 0.001546 0.887488 0.001373 0.014336
0 0.001613 0.655872 0.001239 0.009408
0 0.001639 0.637056 0.001186 0.024192
0 0.001717 0.627200 0.001029 0.010304
0 0.001756 0.618240 0.000952 0.025984
0 0.001935 0.401856 0.000594 0.010304
0 0.001933 0.386624 0.000599 0.012544
0 0.001941 0.374528 0.000583 0.009408
0 0.001938 0.358400 0.000589 0.010304
0 0.001924 0.347200 0.000617 0.013440
0 0.001933 0.331520 0.000597 0.008064
0 0.001975 0.336000 0.000514 0.021056
0 0.001926 0.319424 0.000612 0.013440
0 0.001926 0.273728 0.000612 0.016576
0 0.001918 0.262528 0.000628 0.011200
0 0.001961 0.252672 0.000542 0.017472
0 0.001914 0.241920 0.000637 0.011200
0 0.001922 0.211904 0.000620 0.007616
0 0.001922 0.202944 0.000620 0.008064
0 0.001916 0.192192 0.000632 0.011200
0 0.001952 0.170688 0.000560 0.024640
0 0.001893 0.173376 0.000677 0.014784
0 0.001942 0.429184 0.000581 0.009408
0 0.001942 0.441280 0.000579 0.011648
0 0.001884 0.485184 0.000697 0.024192
0 0.001830 0.549248 0.000805 0.008064
0 0.001735 0.602560 0.000993 0.030464
0 0.001722 0.592256 0.001021 0.024192
0 0.001686 0.608384 0.001092 0.009856
0 0.001781 0.546560 0.000902 0.017472
0 0.001801 0.511168 0.000862 0.020160
0 0.001823 0.538944 0.000818 0.009408
0 0.001814 0.526848 0.000836 0.007616
0 0.001848 0.561792 0.000768 0.011648
0 0.001897 0.498624 0.000671 0.024192
0 0.001831 0.517440 0.000802 0.017472
0 0.001846 0.529536 0.000772 0.014784
0 0.001855 0.539840 0.000754 0.017472
0 0.001865 0.551488 0.000735 0.016576
0 0.001875 0.507136 0.000715 0.033152
0 0.001921 0.521024 0.000622 0.020160
0 0.001915 0.510720 0.000635 0.021056
0 0.008785 0.087808 0.013679 0.066304
