0 0.012170 0.304640 0.020302 0.010304
0 0.008203 0.705600 0.014843 0.062272
0 0.001440 0.198464 0.001584 0.017920
0 0.001542 0.108864 0.001379 0.015680
0 0.001423 0.144256 0.001618 0.020160
0 0.001407 0.044352 0.001651 0.033152
0 0.008233 0.931840 0.014785 0.077504
0 0.008228 0.835968 0.014793 0.066304
0 0.008216 0.766080 0.014818 0.047936
0 0.008172 0.580160 0.014906 0.103488
0 0.001438 0.166208 0.001588 0.010304
0 0.008185 0.488320 0.014881 0.025984
0 0.008166 0.420224 0.014919 0.064512
0 0.008168 0.350336 0.014914 0.020608
0 0.008153 0.283584 0.014944 0.013888
0 0.008153 0.235648 0.014944 0.028672
0 0.008134 0.184128 0.014981 0.021056
0 0.008113 0.127680 0.015023 0.072576
0 0.001580 0.164864 0.001304 0.012544
0 0.001453 0.229824 0.001559 0.014336
0 0.001609 0.919296 0.001246 0.013440
0 0.001492 0.592704 0.001480 0.022400
0 0.001542 0.990080 0.001379 0.014336
0 0.001496 0.950656 0.001471 0.024192
0 0.001609 0.801472 0.001246 0.012544
0 0.001465 0.771008 0.001534 0.026880
0 0.001613 0.725312 0.001237 0.015680
0 0.001522 0.704704 0.001421 0.020160
0 0.001467 0.618240 0.001530 0.017920
0 0.001384 0.563136 0.001697 0.030016
0 0.001465 0.250880 0.001534 0.017920
0 0.001628 0.529088 0.001208 0.012544
0 0.001434 0.531328 0.001597 0.014784
0 0.001457 0.439040 0.001551 0.012096
0 0.001605 0.326144 0.001254 0.017472
0 0.001486 0.360640 0.001492 0.017472
0 0.001461 0.339584 0.001542 0.013440
0 0.001536 0.274624 0.001392 0.012096
0 0.008136 0.037184 0.014977 0.056896
