0 0.011922 0.382144 0.020799 0.012544
0 0.008097 0.688128 0.015057 0.032256
0 0.001368 0.008064 0.001729 0.015232
0 0.016473 0.595392 0.029553 0.021056
0 0.008083 0.983360 0.015084 0.032256
0 0.008099 0.910784 0.015051 0.056896
0 0.008080 0.820736 0.015089 0.030016
0 0.008082 0.732480 0.015087 0.033600
0 0.008086 0.634816 0.015079 0.055104
0 0.012118 0.378112 0.020407 0.010752
0 0.008059 0.542976 0.015133 0.083328
0 0.008044 0.444416 0.015163 0.060480
0 0.008065 0.351232 0.015119 0.051968
0 0.008078 0.279552 0.015095 0.051968
0 0.008071 0.224896 0.015108 0.049280
0 0.008065 0.172032 0.015119 0.025088
0 0.001381 0.120960 0.001702 0.014784
0 0.001406 0.162624 0.001653 0.012544
0 0.001388 0.198912 0.001688 0.017024
0 0.001334 0.225792 0.001797 0.026432
0 0.001366 0.283136 0.001732 0.022400
0 0.001463 0.306432 0.001539 0.012992
0 0.001374 0.326592 0.001716 0.017472
0 0.001372 0.348096 0.001721 0.021056
0 0.001385 0.452480 0.001694 0.013440
0 0.001366 0.520576 0.001732 0.015232
0 0.001376 0.566272 0.001713 0.016576
0 0.001408 0.687232 0.001648 0.014336
0 0.001377 0.733376 0.001710 0.018368
0 0.001376 0.919744 0.001713 0.032256
0 0.001464 0.982464 0.001536 0.014784
0 0.012116 0.367808 0.020410 0.009856
0 0.012047 0.397824 0.020549 0.009856
0 0.008067 0.129024 0.015117 0.024640
