0 0.012118 0.033600 0.020407 0.022400
0 0.008279 0.689920 0.014693 0.027776
0 0.001365 0.158144 0.001735 0.036736
0 0.001417 0.136640 0.001630 0.018368
0 0.001375 0.096768 0.001714 0.025984
0 0.001160 0.015680 0.002144 0.020608
0 0.001150 0.036288 0.002165 0.048384
0 0.008318 0.970816 0.014613 0.037184
0 0.008322 0.908544 0.014605 0.056448
0 0.008304 0.852096 0.014643 0.019712
0 0.008295 0.765184 0.014659 0.038976
0 0.008299 0.729344 0.014651 0.027776
0 0.008362 0.603904 0.014526 0.028224
0 0.012003 0.046144 0.020637 0.021056
0 0.008408 0.548352 0.014434 0.068544
0 0.008352 0.513408 0.014547 0.083328
0 0.008379 0.475776 0.014492 0.068544
0 0.008339 0.430528 0.014572 0.083328
0 0.008247 0.374080 0.014756 0.112000
0 0.008182 0.277760 0.014885 0.082880
0 0.008141 0.238784 0.014969 0.067200
0 0.008090 0.186816 0.015069 0.071232
0 0.008032 0.149632 0.015186 0.068992
0 0.008042 0.066752 0.015165 0.062272
0 0.001400 0.188160 0.001664 0.018368
0 0.001404 0.207424 0.001655 0.031808
0 0.001492 0.270144 0.001480 0.022400
0 0.001417 0.296576 0.001630 0.043904
0 0.001618 0.980672 0.001229 0.016128
0 0.001632 0.960512 0.001200 0.012096
0 0.001636 0.942144 0.001191 0.013888
0 0.001643 0.924224 0.001179 0.011648
0 0.001630 0.864192 0.001204 0.012544
0 0.001636 0.838208 0.001191 0.014784
0 0.001618 0.761600 0.001229 0.013440
0 0.001634 0.739200 0.001195 0.015680
0 0.001703 0.715456 0.001058 0.011648
0 0.001956 0.647360 0.000552 0.013440
0 0.001565 0.672896 0.001333 0.023744
0 0.001783 0.600320 0.000899 0.011648
0 0.001666 0.628096 0.001133 0.019712
0 0.001636 0.603008 0.001191 0.012096
0 0.001705 0.572096 0.001053 0.026880
0 0.001808 0.518784 0.000849 0.019712
0 0.001664 0.428288 0.001137 0.018816
0 0.001603 0.450688 0.001258 0.034496
0 0.001517 0.387968 0.001430 0.044800
0 0.001616 0.355264 0.001233 0.019712
0 0.001547 0.316288 0.001371 0.018368
0 0.007879 0.032704 0.015491 0.063168
