0 0.011630 0.658560 0.021384 0.047040
0 0.011613 0.674240 0.021416 0.050176
0 0.010172 0.779968 0.019835 0.081984
0 0.010681 0.452928 0.018816 0.097216
0 0.010657 0.336448 0.018864 0.082880
0 0.010679 0.311360 0.018820 0.067648
0 0.010702 0.284480 0.018774 0.060032
0 0.010724 0.269248 0.018732 0.066752
0 0.010747 0.239232 0.018685 0.052416
0 0.010795 0.198912 0.018589 0.056896
0 0.011369 0.693504 0.021905 0.044800
0 0.011350 0.708288 0.021942 0.045696
0 0.011474 0.583744 0.021696 0.052416
0 0.012051 0.076160 0.020540 0.049280
0 0.012079 0.056896 0.020484 0.045696
0 0.012082 0.045248 0.020478 0.040320
0 0.012098 0.029120 0.020448 0.040320
0 0.012238 0.180992 0.020166 0.042560
0 0.012220 0.191744 0.020203 0.044800
0 0.011053 0.058688 0.018073 0.066752
0 0.010453 0.527744 0.019273 0.082880
0 0.010427 0.535360 0.019325 0.065408
0 0.011287 0.973056 0.022069 0.044800
0 0.011264 0.977088 0.022115 0.037184
0 0.011454 0.813120 0.021734 0.052416
0 0.011474 0.800576 0.021696 0.047040
0 0.011502 0.778624 0.021640 0.053760
0 0.011534 0.749504 0.021574 0.043904
0 0.011547 0.730240 0.021549 0.047936
0 0.010149 0.797888 0.019881 0.078848
