0 0.012127 0.305984 0.020390 0.012544
0 0.001460 0.122752 0.001544 0.013440
0 0.008657 0.975296 0.013937 0.049280
0 0.008638 0.880320 0.013975 0.060928
0 0.008599 0.836416 0.014051 0.061376
0 0.008535 0.776832 0.014180 0.093184
0 0.008490 0.715456 0.014270 0.060928
0 0.008440 0.638848 0.014371 0.066304
0 0.008407 0.590464 0.014437 0.061376
0 0.008373 0.542976 0.014505 0.035840
0 0.008347 0.510272 0.014557 0.054208
0 0.008314 0.468608 0.014622 0.053760
0 0.008281 0.429184 0.014688 0.053760
0 0.008243 0.380800 0.014764 0.051072
0 0.008187 0.291648 0.014876 0.051520
0 0.008161 0.250880 0.014928 0.055552
0 0.008140 0.212800 0.014969 0.047040
0 0.008105 0.162176 0.015040 0.051520
0 0.008087 0.122304 0.015076 0.039424
0 0.008061 0.077952 0.015128 0.032256
0 0.008046 0.039872 0.015158 0.039424
0 0.001373 0.013888 0.001719 0.017472
0 0.001402 0.170240 0.001661 0.021952
0 0.012087 0.278208 0.020469 0.017024
0 0.001407 0.190400 0.001650 0.017024
0 0.012219 0.184576 0.020204 0.028224
0 0.012214 0.148288 0.020215 0.020608
0 0.012198 0.124992 0.020248 0.021504
0 0.012221 0.327488 0.020201 0.019712
0 0.012050 0.061824 0.020543 0.020608
0 0.012180 0.092288 0.020283 0.020608
0 0.001952 0.974848 0.000560 0.017920
0 0.001978 0.893312 0.000508 0.018816
0 0.001906 0.848064 0.000653 0.025984
0 0.001895 0.822976 0.000675 0.015232
0 0.001829 0.751744 0.000806 0.017472
0 0.001723 0.650048 0.001019 0.041664
0 0.001712 0.596736 0.001041 0.032256
0 0.001657 0.562240 0.001150 0.043904
0 0.001669 0.517888 0.001126 0.018816
0 0.001567 0.424704 0.001331 0.028224
0 0.001563 0.386624 0.001339 0.018368
0 0.001509 0.295232 0.001445 0.019712
0 0.001482 0.184128 0.001500 0.017472
0 0.008019 0.010304 0.015212 0.021056
