0 0.011181 0.557760 0.022280 0.035840
0 0.011388 0.926016 0.021867 0.029120
0 0.008398 0.639744 0.014454 0.058688
0 0.008510 0.704256 0.014230 0.066752
0 0.008560 0.735168 0.014129 0.069440
0 0.008611 0.763840 0.014029 0.061376
0 0.008657 0.798784 0.013936 0.075712
0 0.008727 0.834176 0.013796 0.072128
0 0.008777 0.863744 0.013695 0.064960
0 0.008838 0.897344 0.013574 0.061376
0 0.001118 0.146496 0.002228 0.084224
0 0.001189 0.171136 0.002086 0.068544
0 0.001153 0.282688 0.002158 0.042112
0 0.001238 0.189952 0.001987 0.044800
0 0.001210 0.295680 0.002045 0.036736
0 0.001210 0.325248 0.002045 0.035840
0 0.001336 0.356160 0.001792 0.060480
0 0.001428 0.339136 0.001609 0.056896
0 0.001430 0.298816 0.001605 0.039424
0 0.001406 0.402304 0.001652 0.036736
0 0.001463 0.435904 0.001539 0.043008
0 0.001579 0.403200 0.001306 0.036736
0 0.001519 0.470400 0.001426 0.040320
0 0.008336 0.600320 0.014578 0.075712
0 0.008280 0.568064 0.014691 0.064960
0 0.008222 0.530880 0.014806 0.071232
0 0.008467 0.511616 0.014317 0.076160
0 0.007859 0.142464 0.015532 0.058688
0 0.007916 0.176960 0.015417 0.058688
0 0.007970 0.205184 0.015310 0.062272
0 0.008081 0.268800 0.015088 0.064960
0 0.008140 0.305536 0.014971 0.063168
0 0.008196 0.340928 0.014858 0.060480
0 0.008253 0.373184 0.014744 0.064960
0 0.008307 0.415296 0.014635 0.064960
0 0.008360 0.447104 0.014531 0.067648
0 0.008528 0.543872 0.014193 0.071232
0 0.008162 0.501760 0.014926 0.071232
0 0.008586 0.573440 0.014078 0.082432
0 0.008640 0.612864 0.013971 0.063168
0 0.008697 0.645568 0.013856 0.056896
0 0.008754 0.667072 0.013743 0.080640
0 0.008805 0.697984 0.013640 0.082432
0 0.007849 0.320320 0.015553 0.089600
0 0.007961 0.379904 0.015329 0.083328
0 0.008049 0.430080 0.015152 0.064960
0 0.008109 0.467264 0.015033 0.061376
0 0.001312 0.227584 0.001841 0.030016
0 0.001281 0.355712 0.001903 0.038528
0 0.001493 0.367808 0.001479 0.026432
0 0.012078 0.142464 0.020486 0.041216
0 0.011688 0.066304 0.021266 0.041216
0 0.011706 0.133056 0.021231 0.032704
0 0.011737 0.151872 0.021169 0.028224
0 0.011742 0.096768 0.021159 0.031808
0 0.011852 0.159936 0.020939 0.028224
0 0.011928 0.209216 0.020787 0.034048
0 0.011941 0.249536 0.020760 0.017472
0 0.011910 0.309120 0.020824 0.031808
0 0.011932 0.318976 0.020778 0.032704
0 0.012048 0.181888 0.020546 0.034944
0 0.011607 0.845376 0.021429 0.026432
0 0.012044 0.336896 0.020554 0.032704
0 0.012091 0.304640 0.020462 0.033152
0 0.012141 0.334656 0.020361 0.031808
0 0.012183 0.358848 0.020276 0.029120
0 0.010493 0.937216 0.019192 0.041216
0 0.011580 0.826112 0.021482 0.031808
0 0.011254 0.742784 0.022134 0.040320
0 0.011347 0.969472 0.021949 0.036736
0 0.011367 0.841344 0.021908 0.029120
0 0.011643 0.037632 0.021357 0.031808
0 0.011703 0.825216 0.021237 0.033152
0 0.001529 0.359744 0.001407 0.035840
0 0.001959 0.736064 0.000547 0.035840
0 0.001588 0.446208 0.001288 0.038528
0 0.001736 0.459648 0.000992 0.030912
0 0.001750 0.480256 0.000965 0.040320
0 0.001830 0.578368 0.000804 0.033152
0 0.001926 0.641088 0.000613 0.034944
0 0.002039 0.709184 0.000387 0.031808
0 0.002166 0.865536 0.000132 0.038528
0 0.002130 0.837312 0.000204 0.035840
0 0.002007 0.766528 0.000451 0.031808
0 0.001802 0.685440 0.000860 0.043008
0 0.011585 0.969024 0.021474 0.034048
0 0.001786 0.666176 0.000893 0.030016
0 0.001773 0.652288 0.000918 0.028224
0 0.001725 0.608832 0.001014 0.035840
0 0.011226 0.672448 0.022192 0.036736
0 0.011324 0.709632 0.021994 0.032704
0 0.011315 0.883008 0.022013 0.031808
0 0.011387 0.711424 0.021869 0.032704
0 0.011453 0.757120 0.021737 0.032704
0 0.011499 0.779968 0.021645 0.035840
0 0.007814 0.094080 0.015623 0.072128
