0 0.005248 0.876288 0.007361 0.041664
0 0.004827 0.812224 0.008204 0.041664
0 0.004823 0.746816 0.008212 0.041664
0 0.004818 0.681856 0.008220 0.042112
0 0.005277 0.789376 0.007303 0.042112
0 0.005272 0.722176 0.007314 0.043008
0 0.005266 0.654528 0.007325 0.042112
0 0.004814 0.616448 0.008229 0.039872
0 0.004812 0.551488 0.008234 0.041216
0 0.004806 0.483840 0.008245 0.042112
0 0.004751 0.373632 0.008355 0.067648
0 0.004685 0.312704 0.008488 0.067200
0 0.004614 0.250880 0.008628 0.067648
0 0.004546 0.189952 0.008766 0.067648
0 0.004524 0.124096 0.008810 0.067200
0 0.004467 0.064064 0.008923 0.067648
