0 0.011730 0.556416 0.021182 0.021504
0 0.001302 0.215936 0.001861 0.062720
0 0.008401 0.991872 0.014448 0.016128
0 0.007814 0.900480 0.015622 0.107072
0 0.007817 0.601216 0.015617 0.104384
0 0.001116 0.143360 0.002232 0.041664
0 0.001170 0.163072 0.002124 0.031360
0 0.001211 0.173824 0.002042 0.054208
0 0.001257 0.192192 0.001950 0.036736
0 0.001379 0.236096 0.001706 0.036288
0 0.008326 0.914368 0.014597 0.044352
0 0.001416 0.285824 0.001633 0.044352
0 0.001541 0.275520 0.001383 0.035392
0 0.001770 0.367808 0.000925 0.034944
0 0.001927 0.446656 0.000610 0.068992
0 0.002007 0.465920 0.000450 0.025536
0 0.002033 0.442624 0.000399 0.030464
0 0.002026 0.466368 0.000412 0.056896
0 0.008359 0.962752 0.014532 0.046592
0 0.008290 0.868224 0.014670 0.038080
0 0.012096 0.935872 0.020450 0.033152
0 0.008763 0.471296 0.013724 0.048832
0 0.007975 0.187264 0.015300 0.050624
0 0.008053 0.214592 0.015145 0.051520
0 0.008139 0.253120 0.014971 0.059584
0 0.008252 0.290304 0.014746 0.061376
0 0.008425 0.354816 0.014399 0.059136
0 0.008594 0.407680 0.014063 0.050624
0 0.008689 0.444416 0.013873 0.049280
0 0.008834 0.493696 0.013583 0.050624
0 0.008265 0.819840 0.014719 0.050176
0 0.008835 0.646912 0.013580 0.080640
0 0.008667 0.588672 0.013916 0.073472
0 0.008084 0.554624 0.015083 0.080640
0 0.008156 0.636608 0.014939 0.047040
0 0.008192 0.680512 0.014866 0.045248
0 0.008206 0.725760 0.014838 0.047936
0 0.008234 0.768320 0.014782 0.045248
0 0.002092 0.482496 0.000279 0.035392
0 0.002153 0.618240 0.000157 0.030016
0 0.002054 0.592256 0.000355 0.029120
0 0.011882 0.193536 0.020879 0.032704
0 0.001216 0.920192 0.002031 0.027776
0 0.001433 0.902272 0.001597 0.031360
0 0.001324 0.873600 0.001817 0.034944
0 0.001227 0.607936 0.002010 0.066752
0 0.001185 0.564480 0.002094 0.036736
0 0.011591 0.031360 0.021462 0.023744
0 0.011926 0.102144 0.020792 0.027776
0 0.012128 0.221312 0.020388 0.022848
0 0.002053 0.569408 0.000358 0.028672
0 0.012210 0.205184 0.020222 0.021504
0 0.012057 0.877184 0.020529 0.028672
0 0.011997 0.784448 0.020648 0.029120
0 0.011890 0.630784 0.020862 0.031360
0 0.012195 0.908992 0.020252 0.027776
0 0.011718 0.073472 0.021207 0.024192
0 0.012212 0.256704 0.020219 0.028672
0 0.001155 0.934528 0.002153 0.048832
0 0.001119 0.938560 0.002227 0.026880
0 0.001117 0.883456 0.002229 0.059136
0 0.001153 0.884800 0.002159 0.047040
0 0.001977 0.558208 0.000510 0.031360
0 0.001385 0.575232 0.001695 0.032704
0 0.001431 0.621824 0.001603 0.023744
0 0.001492 0.694400 0.001481 0.038976
0 0.001494 0.738752 0.001475 0.027776
0 0.001564 0.836416 0.001337 0.057792
0 0.001561 0.801024 0.001343 0.020160
0 0.001610 0.885248 0.001245 0.025088
0 0.001603 0.860160 0.001258 0.016576
0 0.001654 0.947968 0.001155 0.021056
0 0.001656 0.975296 0.001153 0.028672
0 0.001368 0.917952 0.001728 0.048832
0 0.001279 0.917056 0.001907 0.028672
0 0.001264 0.867776 0.001937 0.064064
0 0.001207 0.877184 0.002050 0.064064
0 0.007886 0.154112 0.015479 0.049280
