0 0.004598 0.781312 0.008662 0.099904
0 0.004621 0.661248 0.008616 0.100800
0 0.015963 0.770560 0.030574 0.192192
0 0.004992 0.795200 0.007874 0.105280
0 0.005156 0.921536 0.007545 0.108416
0 0.005176 0.804608 0.007506 0.109312
0 0.005206 0.679168 0.007444 0.108416
0 0.005226 0.559552 0.007405 0.106176
0 0.005246 0.439488 0.007366 0.108416
0 0.005261 0.313600 0.007335 0.108416
0 0.005020 0.625856 0.007817 0.108416
0 0.005039 0.506688 0.007780 0.106176
0 0.005060 0.386624 0.007737 0.107072
0 0.004818 0.579712 0.008221 0.099904
0 0.004838 0.455168 0.008181 0.100800
0 0.004634 0.539392 0.008589 0.102592
