0 0.010880 0.663936 0.018419 0.056448
0 0.010321 0.435456 0.019537 0.074368
0 0.010631 0.544768 0.018917 0.075712
0 0.010611 0.567616 0.018956 0.072576
0 0.010599 0.656768 0.018981 0.088256
0 0.010571 0.638848 0.019037 0.085120
0 0.010516 0.610176 0.019146 0.085120
0 0.010544 0.623616 0.019091 0.086464
0 0.010471 0.578368 0.019237 0.085120
0 0.010450 0.559104 0.019279 0.085120
0 0.010427 0.542976 0.019326 0.085120
0 0.010407 0.517888 0.019365 0.086464
0 0.010369 0.492352 0.019441 0.081984
0 0.010270 0.470400 0.019638 0.067200
0 0.010289 0.448000 0.019601 0.069440
0 0.010349 0.417088 0.019481 0.075712
0 0.011852 0.400064 0.020939 0.039424
0 0.010492 0.593600 0.019195 0.081984
0 0.010465 0.372288 0.019249 0.062720
0 0.010475 0.323904 0.019229 0.072576
0 0.010492 0.301056 0.019195 0.071232
0 0.010512 0.279104 0.019156 0.076608
0 0.010539 0.262080 0.019101 0.061824
0 0.010562 0.247744 0.019055 0.075712
0 0.010579 0.226240 0.019020 0.075712
0 0.010484 0.356608 0.019210 0.061824
0 0.010605 0.189504 0.018968 0.081088
0 0.010135 0.215040 0.019909 0.108416
0 0.011848 0.245056 0.020947 0.038528
0 0.011827 0.423360 0.020989 0.039424
0 0.010585 0.442176 0.019008 0.081088
