0 0.012110 0.204736 0.020423 0.033600
0 0.011454 0.594048 0.021735 0.053312
0 0.004603 0.431872 0.008651 0.171584
0 0.004998 0.326144 0.007861 0.169792
0 0.004967 0.504000 0.007922 0.172928
0 0.004940 0.715456 0.007978 0.171584
0 0.004908 0.912128 0.008042 0.167104
0 0.011166 0.097664 0.022310 0.065408
0 0.011184 0.353024 0.022274 0.034944
0 0.011189 0.319424 0.022266 0.025984
0 0.011194 0.264768 0.022255 0.028672
0 0.011205 0.200256 0.022232 0.030464
0 0.011191 0.100800 0.022260 0.056000
0 0.011208 0.169792 0.022227 0.027328
0 0.011482 0.602560 0.021679 0.054656
0 0.011273 0.877632 0.022096 0.034944
0 0.011339 0.797440 0.021966 0.031808
0 0.011273 0.841344 0.022096 0.031808
0 0.011339 0.956928 0.021966 0.031808
0 0.011296 0.726208 0.022052 0.028672
0 0.011357 0.707840 0.021929 0.028672
0 0.011350 0.736512 0.021943 0.031808
0 0.011329 0.853440 0.021985 0.028672
0 0.011207 0.233856 0.022230 0.033600
0 0.011365 0.580608 0.021913 0.074368
0 0.011311 0.563136 0.022021 0.060480
0 0.011416 0.594048 0.021810 0.065408
0 0.011337 0.823872 0.021968 0.027328
0 0.004632 0.252672 0.008592 0.171584
