0 0.001721 0.828352 0.001023 0.011648
0 0.001195 0.314048 0.002075 0.020608
0 0.001243 0.266112 0.001979 0.022400
0 0.001230 0.266112 0.002004 0.025088
0 0.001219 0.262528 0.002026 0.027328
0 0.001209 0.259392 0.002046 0.024192
0 0.001198 0.256704 0.002068 0.022848
0 0.001175 0.306880 0.002115 0.021056
0 0.001185 0.309568 0.002095 0.021952
0 0.001177 0.335104 0.002110 0.019712
0 0.001189 0.337792 0.002087 0.020160
0 0.001206 0.314944 0.002052 0.022400
0 0.001360 0.265664 0.001745 0.025088
0 0.001214 0.318976 0.002036 0.021952
0 0.001200 0.339584 0.002065 0.020160
0 0.001209 0.344064 0.002046 0.023296
0 0.001221 0.345856 0.002021 0.020608
0 0.001227 0.320320 0.002010 0.020608
0 0.001238 0.322560 0.001988 0.023296
0 0.001248 0.326144 0.001968 0.023296
0 0.001271 0.331520 0.001923 0.022848
0 0.001378 0.357504 0.001709 0.022848
0 0.001253 0.270144 0.001959 0.022848
0 0.001263 0.273280 0.001937 0.024192
0 0.001276 0.275072 0.001911 0.025536
0 0.001286 0.277312 0.001891 0.024640
0 0.001381 0.271488 0.001703 0.024640
0 0.001391 0.272832 0.001682 0.026432
0 0.001403 0.276864 0.001658 0.024640
0 0.001422 0.267456 0.001620 0.018816
0 0.001420 0.282688 0.001625 0.018368
0 0.001417 0.297472 0.001631 0.017920
0 0.001430 0.312256 0.001604 0.016128
0 0.001426 0.323904 0.001613 0.016576
0 0.001416 0.310912 0.001632 0.017472
0 0.001407 0.309568 0.001650 0.017472
0 0.001397 0.304192 0.001671 0.022848
0 0.001385 0.301952 0.001694 0.024192
0 0.001375 0.298368 0.001715 0.024192
0 0.001365 0.295232 0.001735 0.023296
0 0.001353 0.293440 0.001759 0.025088
0 0.001341 0.290752 0.001782 0.024192
0 0.001331 0.286272 0.001801 0.021056
0 0.001309 0.283584 0.001846 0.021952
0 0.001297 0.280896 0.001870 0.024640
0 0.001367 0.355712 0.001730 0.018816
0 0.001356 0.353024 0.001752 0.022400
0 0.001345 0.350784 0.001774 0.022848
0 0.001401 0.379008 0.001662 0.017472
0 0.001543 0.380352 0.001378 0.014336
0 0.001507 0.391104 0.001450 0.028672
0 0.001505 0.405440 0.001453 0.019712
0 0.001475 0.424256 0.001515 0.037632
0 0.001489 0.431424 0.001485 0.035392
0 0.001505 0.433216 0.001453 0.031808
0 0.001518 0.436352 0.001427 0.035392
0 0.001533 0.440384 0.001399 0.034048
0 0.001547 0.444416 0.001369 0.032256
0 0.001561 0.445760 0.001342 0.031808
0 0.001574 0.450240 0.001316 0.032256
0 0.001589 0.452480 0.001286 0.027776
0 0.001600 0.456064 0.001265 0.033152
0 0.001579 0.535808 0.001305 0.031808
0 0.001568 0.532224 0.001329 0.029568
0 0.001554 0.527744 0.001356 0.034048
0 0.001539 0.527744 0.001387 0.032256
0 0.001525 0.527296 0.001414 0.027776
0 0.001513 0.518784 0.001439 0.030912
0 0.001399 0.392448 0.001666 0.016576
0 0.001403 0.366912 0.001658 0.017920
0 0.001324 0.345408 0.001816 0.022848
0 0.001401 0.353024 0.001662 0.017472
0 0.001313 0.342720 0.001839 0.022848
0 0.001302 0.339584 0.001859 0.021952
0 0.001292 0.336448 0.001879 0.020608
0 0.001282 0.334208 0.001901 0.019712
0 0.001232 0.348096 0.002000 0.019712
0 0.001242 0.351232 0.001981 0.023296
0 0.001252 0.353920 0.001961 0.022848
0 0.001264 0.355264 0.001936 0.019712
0 0.001273 0.360192 0.001919 0.022400
0 0.001285 0.362432 0.001895 0.022848
0 0.001296 0.365120 0.001872 0.020160
0 0.001307 0.367808 0.001851 0.019712
0 0.001317 0.370048 0.001831 0.022400
0 0.001328 0.371392 0.001808 0.021056
0 0.001339 0.373632 0.001787 0.019712
0 0.001350 0.377664 0.001765 0.020608
0 0.001360 0.380352 0.001745 0.024192
0 0.001371 0.382592 0.001723 0.019712
0 0.001381 0.386176 0.001702 0.022400
0 0.001371 0.267904 0.001723 0.026432
0 0.001349 0.263424 0.001767 0.023296
0 0.001483 0.512960 0.001498 0.035392
0 0.001359 0.451584 0.001747 0.018368
0 0.001369 0.530432 0.001726 0.014336
0 0.001394 0.439040 0.001676 0.014336
0 0.001391 0.448896 0.001682 0.013440
0 0.001389 0.458752 0.001687 0.013440
0 0.001383 0.470848 0.001698 0.017472
0 0.001376 0.455168 0.001713 0.017920
0 0.001381 0.433664 0.001703 0.020160
0 0.001372 0.431424 0.001720 0.020608
0 0.001369 0.452928 0.001727 0.015232
0 0.001363 0.429184 0.001737 0.018368
0 0.001337 0.261184 0.001790 0.026432
0 0.001355 0.426944 0.001755 0.014336
0 0.001350 0.448000 0.001765 0.015680
0 0.001340 0.446208 0.001784 0.016128
0 0.001345 0.424704 0.001774 0.020160
0 0.001246 0.400512 0.001973 0.019712
0 0.001256 0.403648 0.001953 0.016576
0 0.001265 0.405440 0.001935 0.018368
0 0.001273 0.406784 0.001917 0.018368
0 0.001283 0.409472 0.001898 0.020160
0 0.001372 0.519680 0.001720 0.014336
0 0.001374 0.508480 0.001716 0.015232
0 0.001379 0.499072 0.001705 0.012992
0 0.001361 0.513856 0.001742 0.016128
0 0.001189 0.473088 0.002085 0.016128
0 0.001198 0.476224 0.002069 0.016576
0 0.001207 0.478016 0.002051 0.018368
0 0.001216 0.481152 0.002032 0.018368
0 0.001225 0.482496 0.002014 0.018368
0 0.001234 0.484736 0.001997 0.018368
0 0.001243 0.486976 0.001978 0.018368
0 0.001251 0.489664 0.001962 0.018816
0 0.001260 0.491008 0.001943 0.015680
0 0.001269 0.494144 0.001926 0.018816
0 0.001279 0.495936 0.001907 0.017920
0 0.001289 0.497728 0.001887 0.018368
0 0.001297 0.500864 0.001870 0.016576
0 0.001306 0.503104 0.001852 0.017920
0 0.001315 0.503104 0.001833 0.017920
0 0.001323 0.506240 0.001818 0.020160
0 0.001333 0.508480 0.001799 0.020160
0 0.001342 0.510272 0.001780 0.017472
0 0.001352 0.512064 0.001761 0.017920
0 0.001291 0.411712 0.001882 0.017920
0 0.001300 0.413504 0.001864 0.018368
0 0.001310 0.415296 0.001845 0.018816
0 0.001195 0.411712 0.002074 0.017472
0 0.001192 0.387968 0.002081 0.018816
0 0.001178 0.407232 0.002108 0.017472
0 0.001184 0.386624 0.002097 0.018368
0 0.001174 0.384384 0.002116 0.015232
0 0.001168 0.405440 0.002129 0.017920
0 0.001160 0.403200 0.002145 0.016576
0 0.001166 0.382592 0.002133 0.015680
0 0.001197 0.224448 0.002070 0.018816
0 0.001205 0.228032 0.002053 0.025088
0 0.001216 0.231616 0.002032 0.024640
0 0.001238 0.236992 0.001988 0.024192
0 0.001249 0.239680 0.001967 0.024192
0 0.001260 0.241472 0.001945 0.026432
0 0.001271 0.244160 0.001922 0.025536
0 0.001282 0.247744 0.001900 0.025088
0 0.001294 0.249984 0.001877 0.025088
0 0.001307 0.251328 0.001851 0.018368
0 0.001316 0.255808 0.001832 0.021952
0 0.001326 0.258048 0.001812 0.024192
0 0.001187 0.409472 0.002090 0.016576
0 0.001201 0.391552 0.002063 0.017472
0 0.001318 0.417984 0.001827 0.017920
0 0.001204 0.413952 0.002056 0.018368
0 0.001327 0.420224 0.001810 0.018816
0 0.001336 0.422464 0.001793 0.021952
0 0.001331 0.443968 0.001803 0.017472
0 0.001323 0.442176 0.001819 0.016576
0 0.001313 0.439936 0.001838 0.018816
0 0.001304 0.438144 0.001856 0.017920
0 0.001296 0.434560 0.001872 0.017472
0 0.001286 0.433216 0.001892 0.018368
0 0.001277 0.431424 0.001910 0.018368
0 0.001268 0.428736 0.001928 0.017472
0 0.001258 0.427840 0.001948 0.017920
0 0.001250 0.423808 0.001965 0.016576
0 0.001242 0.422016 0.001981 0.016128
0 0.001237 0.398720 0.001991 0.018368
0 0.001229 0.397376 0.002007 0.016576
0 0.001223 0.417984 0.002018 0.017920
0 0.001218 0.394688 0.002029 0.020160
0 0.001214 0.416192 0.002037 0.017920
0 0.001211 0.393344 0.002043 0.012992
0 0.001498 0.516992 0.001469 0.035840
0 0.001470 0.512960 0.001524 0.028672
0 0.001152 0.465024 0.002160 0.018368
0 0.001967 0.547456 0.000530 0.017472
0 0.001965 0.585984 0.000535 0.018368
0 0.001921 0.587328 0.000621 0.014336
0 0.001929 0.577024 0.000606 0.015232
0 0.001932 0.564032 0.000600 0.016128
0 0.001935 0.550144 0.000594 0.015680
0 0.001936 0.537600 0.000593 0.013440
0 0.001944 0.525056 0.000576 0.014336
0 0.001961 0.572096 0.000543 0.017920
0 0.001965 0.559552 0.000534 0.016576
0 0.001981 0.536704 0.000503 0.016576
0 0.001850 0.572096 0.000763 0.016576
0 0.001544 0.187264 0.001376 0.021952
0 0.001533 0.195328 0.001399 0.024192
0 0.001514 0.198464 0.001436 0.019712
0 0.001505 0.202496 0.001453 0.017472
0 0.001497 0.207872 0.001471 0.017920
0 0.001470 0.211008 0.001524 0.022400
0 0.001455 0.221760 0.001555 0.029568
0 0.001441 0.219520 0.001582 0.031808
0 0.001426 0.215936 0.001612 0.031808
0 0.001957 0.598080 0.000550 0.016128
0 0.001955 0.610176 0.000554 0.016576
0 0.001953 0.623168 0.000559 0.016576
0 0.001944 0.636160 0.000576 0.017920
0 0.001847 0.598976 0.000770 0.014336
0 0.001824 0.576128 0.000815 0.013888
0 0.001821 0.585536 0.000821 0.012096
0 0.001818 0.597184 0.000828 0.013888
0 0.001813 0.607936 0.000839 0.016128
0 0.001812 0.618240 0.000840 0.015232
0 0.001812 0.628096 0.000840 0.012096
0 0.001840 0.623616 0.000783 0.012992
0 0.001837 0.636160 0.000789 0.015680
0 0.001801 0.638400 0.000862 0.009408
0 0.001816 0.648256 0.000833 0.021056
0 0.001921 0.602112 0.000623 0.015680
0 0.001921 0.614208 0.000621 0.013440
0 0.001917 0.627200 0.000631 0.014336
0 0.001913 0.639296 0.000639 0.015680
0 0.001903 0.666176 0.000658 0.017472
0 0.001939 0.674688 0.000587 0.017472
0 0.001937 0.660352 0.000591 0.018816
0 0.001943 0.648256 0.000578 0.015680
0 0.001408 0.208768 0.001649 0.024640
0 0.001395 0.206976 0.001675 0.028672
0 0.001384 0.202944 0.001697 0.027328
0 0.008501 0.565376 0.014249 0.164864
0 0.008711 0.628544 0.013828 0.188608
0 0.008675 0.812224 0.013901 0.173824
0 0.008576 0.801920 0.014098 0.155904
0 0.008491 0.781312 0.014269 0.154112
0 0.008415 0.762944 0.014420 0.155904
0 0.008338 0.744128 0.014574 0.152768
0 0.008262 0.726656 0.014727 0.154560
0 0.008188 0.706944 0.014875 0.151424
0 0.008124 0.692160 0.015001 0.151424
0 0.008060 0.676480 0.015130 0.154560
0 0.007995 0.658112 0.015259 0.146496
0 0.007933 0.657664 0.015385 0.126784
0 0.007884 0.654528 0.015482 0.108416
0 0.007818 0.576128 0.015614 0.052864
0 0.007831 0.535808 0.015587 0.087808
0 0.007846 0.480256 0.015558 0.099008
0 0.007860 0.421120 0.015529 0.099456
0 0.007881 0.351680 0.015488 0.104832
0 0.007903 0.269696 0.015444 0.108416
0 0.008600 0.590464 0.014050 0.165760
0 0.008412 0.543424 0.014426 0.166208
0 0.001371 0.199808 0.001723 0.026880
0 0.008336 0.528640 0.014579 0.151872
0 0.001359 0.196672 0.001747 0.025536
0 0.001346 0.193984 0.001773 0.027328
0 0.001333 0.192192 0.001798 0.031360
0 0.001323 0.189056 0.001819 0.027328
0 0.001309 0.185920 0.001846 0.026880
0 0.001298 0.182336 0.001869 0.026432
0 0.001285 0.179200 0.001895 0.026880
0 0.001272 0.177408 0.001921 0.029568
0 0.001258 0.174720 0.001948 0.031360
0 0.001248 0.169344 0.001968 0.024640
0 0.001236 0.168000 0.001992 0.024640
0 0.001223 0.165760 0.002018 0.026432
0 0.001214 0.163520 0.002036 0.021952
0 0.008272 0.311360 0.014707 0.045696
0 0.008239 0.373184 0.014773 0.019712
0 0.008247 0.343168 0.014756 0.018368
0 0.008182 0.195328 0.014886 0.056448
0 0.008183 0.439040 0.014884 0.065856
0 0.008152 0.537152 0.014946 0.090496
0 0.001851 0.585536 0.000762 0.015232
0 0.001858 0.559104 0.000749 0.013888
0 0.001447 0.538048 0.001569 0.026880
0 0.001697 0.483840 0.001071 0.011648
0 0.001623 0.449792 0.001219 0.012992
0 0.001662 0.515200 0.001141 0.012992
0 0.001666 0.505792 0.001131 0.011200
0 0.001668 0.496832 0.001128 0.011648
0 0.001671 0.486976 0.001122 0.011200
0 0.001669 0.477120 0.001126 0.011648
0 0.001675 0.468608 0.001115 0.012992
0 0.001679 0.459648 0.001107 0.009856
0 0.001699 0.474432 0.001066 0.011200
0 0.001695 0.492800 0.001073 0.011200
0 0.001861 0.547008 0.000743 0.014336
0 0.001691 0.501760 0.001082 0.011200
0 0.001689 0.510720 0.001086 0.011648
0 0.001685 0.529536 0.001094 0.011200
0 0.001659 0.523264 0.001147 0.011200
0 0.001658 0.533120 0.001148 0.011648
0 0.001656 0.543424 0.001152 0.011200
0 0.001653 0.551488 0.001157 0.011648
0 0.001649 0.560448 0.001167 0.011200
0 0.001681 0.539392 0.001102 0.012096
0 0.001623 0.464128 0.001218 0.010752
0 0.001611 0.483392 0.001242 0.015232
0 0.001614 0.491008 0.001237 0.012992
0 0.001611 0.499520 0.001242 0.010752
0 0.001461 0.542976 0.001542 0.026432
0 0.001473 0.547008 0.001517 0.027328
0 0.001488 0.550592 0.001489 0.025088
0 0.001498 0.553280 0.001468 0.029120
0 0.001511 0.557312 0.001442 0.029568
0 0.001523 0.560000 0.001418 0.022400
0 0.001534 0.559552 0.001397 0.026432
0 0.001549 0.563584 0.001367 0.022400
0 0.001559 0.566272 0.001346 0.026432
0 0.001571 0.569408 0.001323 0.026432
0 0.001584 0.588224 0.001297 0.013888
0 0.001588 0.577472 0.001289 0.011200
0 0.001589 0.569856 0.001286 0.013440
0 0.001594 0.560896 0.001276 0.010752
0 0.001598 0.551488 0.001268 0.009856
0 0.001597 0.542528 0.001271 0.013440
0 0.001603 0.525504 0.001259 0.012992
0 0.001605 0.516992 0.001253 0.012096
0 0.001607 0.508480 0.001250 0.011200
0 0.001678 0.548800 0.001108 0.011648
0 0.001676 0.557312 0.001111 0.010752
0 0.001675 0.567616 0.001115 0.012096
0 0.001748 0.485632 0.000968 0.012096
0 0.001756 0.571200 0.000952 0.013440
0 0.001765 0.561344 0.000935 0.015232
0 0.001763 0.549248 0.000937 0.011648
0 0.001768 0.538944 0.000929 0.013888
0 0.001766 0.528192 0.000933 0.014336
0 0.001771 0.517888 0.000922 0.012992
0 0.001772 0.507584 0.000921 0.013440
0 0.001775 0.497728 0.000914 0.012992
0 0.001781 0.485632 0.000903 0.013888
0 0.001826 0.564480 0.000813 0.013440
0 0.001830 0.555072 0.000804 0.013888
0 0.001834 0.544768 0.000797 0.013440
0 0.001843 0.500416 0.000778 0.014336
0 0.001840 0.511616 0.000783 0.013888
0 0.001836 0.521920 0.000793 0.013888
0 0.001836 0.533120 0.000792 0.013440
0 0.001874 0.509376 0.000717 0.012992
0 0.001865 0.521024 0.000735 0.016128
0 0.001865 0.534464 0.000735 0.014336
0 0.001758 0.468608 0.000948 0.009408
0 0.001753 0.495936 0.000959 0.011200
0 0.001670 0.576576 0.001124 0.012096
0 0.001750 0.506240 0.000963 0.010752
0 0.001647 0.569856 0.001171 0.012096
0 0.001647 0.579712 0.001171 0.010752
0 0.001643 0.588672 0.001178 0.011200
0 0.001669 0.586432 0.001127 0.011648
0 0.001649 0.607488 0.001166 0.022400
0 0.001753 0.581952 0.000959 0.013440
0 0.001746 0.614656 0.000973 0.012096
0 0.001749 0.603008 0.000967 0.013440
0 0.001750 0.626752 0.000965 0.010752
0 0.001712 0.621376 0.001040 0.016576
0 0.001723 0.598976 0.001019 0.011648
0 0.001726 0.589120 0.001013 0.011648
0 0.001727 0.580160 0.001010 0.012096
0 0.001730 0.570752 0.001005 0.012992
0 0.001736 0.551488 0.000993 0.011648
0 0.001738 0.542528 0.000988 0.011648
0 0.001742 0.534464 0.000981 0.010752
0 0.001744 0.524608 0.000976 0.012992
0 0.001746 0.514752 0.000972 0.012096
0 0.001171 0.469056 0.002122 0.017920
0 0.001143 0.461888 0.002178 0.015680
0 0.001721 0.818496 0.001023 0.012096
0 0.001663 0.734720 0.001137 0.013440
0 0.002036 0.624960 0.000393 0.018368
0 0.002046 0.611520 0.000372 0.018816
0 0.002053 0.598528 0.000357 0.017920
0 0.002050 0.584192 0.000363 0.021056
0 0.002058 0.541184 0.000348 0.008960
0 0.002056 0.569856 0.000352 0.020160
0 0.002060 0.555072 0.000344 0.018816
0 0.001659 0.763392 0.001146 0.011200
0 0.001660 0.753536 0.001144 0.010752
0 0.001662 0.745024 0.001140 0.010752
0 0.001915 0.850752 0.000634 0.015680
0 0.001685 0.760256 0.001095 0.011648
0 0.001685 0.750848 0.001094 0.012992
0 0.001687 0.740544 0.001090 0.011648
0 0.001689 0.731136 0.001086 0.012992
0 0.001692 0.721728 0.001079 0.011200
0 0.001695 0.711872 0.001075 0.012096
0 0.001697 0.702912 0.001070 0.012096
0 0.001699 0.693056 0.001066 0.012992
0 0.001702 0.683648 0.001060 0.012992
0 0.002035 0.639744 0.000394 0.019712
0 0.002026 0.653184 0.000412 0.019712
0 0.002021 0.666176 0.000421 0.018368
0 0.002029 0.681856 0.000406 0.017920
0 0.001911 0.874496 0.000643 0.013888
0 0.001981 0.891072 0.000502 0.014336
0 0.001985 0.880320 0.000494 0.013888
0 0.001990 0.858368 0.000484 0.014336
0 0.001993 0.847168 0.000478 0.014336
0 0.001994 0.834624 0.000476 0.016128
0 0.001998 0.822528 0.000469 0.015232
0 0.001998 0.810880 0.000469 0.013888
0 0.002005 0.800128 0.000453 0.014336
0 0.002008 0.788480 0.000449 0.014336
0 0.002011 0.777280 0.000441 0.014336
0 0.002014 0.765632 0.000436 0.014336
0 0.002042 0.774592 0.000381 0.009856
0 0.002046 0.756224 0.000372 0.007168
0 0.002043 0.764736 0.000378 0.009856
0 0.002017 0.741440 0.000431 0.016576
0 0.002024 0.731136 0.000415 0.013888
0 0.002017 0.710080 0.000431 0.020160
0 0.002017 0.695296 0.000430 0.018816
0 0.001691 0.670656 0.001082 0.020608
0 0.001670 0.716352 0.001124 0.012096
0 0.001671 0.706496 0.001123 0.013440
0 0.001583 0.726208 0.001298 0.011648
0 0.001579 0.744576 0.001307 0.012992
0 0.001576 0.753984 0.001311 0.011648
0 0.001576 0.763392 0.001311 0.011648
0 0.001571 0.772800 0.001323 0.012096
0 0.001595 0.779072 0.001275 0.012992
0 0.001593 0.788480 0.001278 0.012992
0 0.001569 0.784000 0.001326 0.013440
0 0.001593 0.799680 0.001278 0.014336
0 0.001565 0.793856 0.001335 0.013888
0 0.001513 0.780864 0.001439 0.010752
0 0.001514 0.771456 0.001437 0.011200
0 0.001495 0.764736 0.001473 0.008960
0 0.001495 0.755328 0.001473 0.011200
0 0.001500 0.747264 0.001465 0.010752
0 0.001501 0.738304 0.001463 0.010752
0 0.001503 0.729792 0.001458 0.011200
0 0.001507 0.720384 0.001450 0.010752
0 0.001507 0.711424 0.001450 0.010752
0 0.001511 0.702912 0.001442 0.009856
0 0.001582 0.735168 0.001301 0.011200
0 0.001585 0.716800 0.001295 0.013888
0 0.001673 0.696192 0.001118 0.014336
0 0.001597 0.769216 0.001270 0.011648
0 0.001676 0.686336 0.001113 0.012992
0 0.001680 0.676928 0.001104 0.012992
0 0.001597 0.678272 0.001270 0.013440
0 0.001602 0.667520 0.001260 0.010752
0 0.001600 0.658112 0.001265 0.012992
0 0.001616 0.650944 0.001232 0.016576
0 0.001625 0.665280 0.001214 0.011648
0 0.001622 0.674688 0.001220 0.012992
0 0.001621 0.684992 0.001223 0.011648
0 0.001618 0.693952 0.001229 0.012096
0 0.001594 0.687680 0.001276 0.013440
0 0.001587 0.706944 0.001290 0.011200
0 0.001616 0.702912 0.001233 0.012096
0 0.001614 0.713216 0.001237 0.011200
0 0.001611 0.722176 0.001243 0.011648
0 0.001607 0.731136 0.001250 0.011648
0 0.001604 0.740992 0.001256 0.012096
0 0.001603 0.749952 0.001258 0.010752
0 0.001602 0.759360 0.001260 0.011200
0 0.001911 0.862848 0.000643 0.015680
0 0.001919 0.839104 0.000627 0.015232
0 0.001518 0.676032 0.001427 0.010752
0 0.001733 0.771456 0.000998 0.012096
0 0.001753 0.705600 0.000959 0.011200
0 0.001751 0.715456 0.000962 0.012096
0 0.001748 0.724864 0.000968 0.011648
0 0.001746 0.734272 0.000973 0.011200
0 0.001743 0.743680 0.000978 0.011200
0 0.001740 0.753088 0.000984 0.010752
0 0.001738 0.762496 0.000988 0.011648
0 0.001732 0.790272 0.001000 0.010752
0 0.001733 0.782208 0.000998 0.011200
0 0.001761 0.768768 0.000943 0.011200
0 0.001921 0.827008 0.000623 0.016128
0 0.001758 0.778176 0.000948 0.010752
0 0.001755 0.788032 0.000954 0.011200
0 0.001753 0.796992 0.000957 0.011648
0 0.001750 0.806400 0.000965 0.011648
0 0.001747 0.815808 0.000969 0.011200
0 0.001745 0.825664 0.000974 0.012096
0 0.001742 0.835968 0.000981 0.012992
0 0.001831 0.809536 0.000802 0.013440
0 0.001829 0.820288 0.000806 0.013440
0 0.001756 0.695744 0.000953 0.011200
0 0.001755 0.686336 0.000954 0.011200
0 0.001779 0.691712 0.000905 0.011648
0 0.001779 0.701120 0.000907 0.011200
0 0.001726 0.809536 0.001013 0.012096
0 0.001727 0.800128 0.001011 0.012096
0 0.001642 0.809984 0.001180 0.011648
0 0.001668 0.816704 0.001128 0.010752
0 0.001669 0.807744 0.001127 0.011648
0 0.001671 0.797440 0.001122 0.011200
0 0.001675 0.787584 0.001115 0.010752
0 0.001674 0.778624 0.001116 0.011648
0 0.001645 0.801472 0.001174 0.012992
0 0.001649 0.792512 0.001167 0.012096
0 0.001652 0.782656 0.001161 0.011648
0 0.001652 0.772352 0.001160 0.011200
0 0.001678 0.769216 0.001108 0.013440
0 0.001763 0.759360 0.000939 0.012096
0 0.001766 0.750400 0.000933 0.011200
0 0.001768 0.740544 0.000928 0.011648
0 0.001771 0.731584 0.000923 0.011200
0 0.001773 0.721280 0.000918 0.011648
0 0.001776 0.711872 0.000913 0.011200
0 0.001827 0.831040 0.000811 0.012992
0 0.001823 0.842240 0.000819 0.012992
0 0.001821 0.853440 0.000823 0.012992
0 0.001854 0.721728 0.000756 0.013440
0 0.001905 0.780416 0.000653 0.010752
0 0.001907 0.768768 0.000651 0.013888
0 0.001906 0.756672 0.000652 0.013888
0 0.001912 0.746816 0.000640 0.013888
0 0.001919 0.735616 0.000627 0.013888
0 0.001921 0.726208 0.000621 0.019712
0 0.001942 0.754880 0.000580 0.014336
0 0.001938 0.766976 0.000588 0.014336
0 0.001936 0.779968 0.000592 0.015680
0 0.001904 0.791168 0.000657 0.012096
0 0.001901 0.802816 0.000663 0.012992
0 0.001895 0.812224 0.000675 0.014336
0 0.001897 0.820288 0.000670 0.006720
0 0.001891 0.835072 0.000682 0.012992
0 0.001888 0.846272 0.000689 0.013440
0 0.001885 0.856576 0.000695 0.013440
0 0.001932 0.791616 0.000601 0.015680
0 0.001929 0.803264 0.000607 0.013888
0 0.001924 0.815360 0.000615 0.014336
0 0.001839 0.706496 0.000787 0.020160
0 0.001851 0.732480 0.000762 0.013888
0 0.001791 0.848512 0.000882 0.012992
0 0.001848 0.744128 0.000768 0.013888
0 0.001799 0.839552 0.000866 0.011648
0 0.001801 0.829696 0.000862 0.011200
0 0.001807 0.820288 0.000851 0.009856
0 0.001807 0.810880 0.000851 0.011200
0 0.001807 0.801024 0.000850 0.013440
0 0.001810 0.792512 0.000844 0.011200
0 0.001811 0.783104 0.000841 0.011648
0 0.001815 0.772800 0.000834 0.011200
0 0.001819 0.763392 0.000826 0.010752
0 0.001820 0.754432 0.000825 0.013440
0 0.001823 0.743680 0.000818 0.012096
0 0.001826 0.734272 0.000813 0.012096
0 0.001829 0.723072 0.000807 0.012096
0 0.001830 0.713216 0.000804 0.009856
0 0.001834 0.798336 0.000797 0.012992
0 0.001838 0.786240 0.000788 0.011200
0 0.001840 0.775936 0.000783 0.011648
0 0.001843 0.765632 0.000779 0.012096
0 0.001846 0.754432 0.000772 0.013440
0 0.001516 0.685440 0.001432 0.010752
0 0.001522 0.666176 0.001420 0.009408
0 0.001149 0.441280 0.002166 0.016128
0 0.001192 0.588672 0.002081 0.006272
0 0.001236 0.712768 0.001992 0.009408
0 0.001201 0.686336 0.002062 0.008512
0 0.001201 0.678272 0.002063 0.010752
0 0.001206 0.660800 0.002052 0.009408
0 0.001208 0.652736 0.002048 0.009856
0 0.001213 0.635264 0.002039 0.009856
0 0.001217 0.618688 0.002030 0.009856
0 0.001218 0.609728 0.002029 0.009856
0 0.001190 0.575232 0.002084 0.017920
0 0.001182 0.585984 0.002101 0.006272
0 0.001337 0.593600 0.001790 0.010752
0 0.001172 0.583296 0.002121 0.006272
0 0.001182 0.572096 0.002101 0.016576
0 0.001172 0.569856 0.002121 0.017920
0 0.001144 0.564032 0.002175 0.017920
0 0.001136 0.561344 0.002192 0.016576
0 0.001204 0.539392 0.002057 0.015680
0 0.001186 0.534912 0.002091 0.016576
0 0.001178 0.533120 0.002109 0.016576
0 0.001162 0.528640 0.002141 0.016128
0 0.001259 0.719040 0.001947 0.009408
0 0.001259 0.710080 0.001946 0.010752
0 0.001262 0.701568 0.001940 0.009408
0 0.001266 0.684992 0.001932 0.009408
0 0.001278 0.642432 0.001908 0.009408
0 0.001281 0.634368 0.001903 0.009856
0 0.001283 0.625408 0.001898 0.009408
0 0.001269 0.595392 0.001926 0.015232
0 0.001268 0.603456 0.001929 0.010752
0 0.001264 0.611072 0.001936 0.010752
0 0.001262 0.619584 0.001941 0.010752
0 0.001257 0.636608 0.001950 0.010752
0 0.001255 0.644672 0.001955 0.010752
0 0.001252 0.653632 0.001960 0.009856
0 0.001275 0.650496 0.001915 0.009856
0 0.001273 0.659456 0.001919 0.009856
0 0.001270 0.667968 0.001924 0.009408
0 0.001269 0.675136 0.001927 0.008960
0 0.001250 0.662592 0.001963 0.009408
0 0.001249 0.670656 0.001966 0.009856
0 0.001247 0.679616 0.001971 0.009408
0 0.001243 0.687680 0.001979 0.009856
0 0.001240 0.695296 0.001984 0.010752
0 0.001146 0.523712 0.002173 0.014336
0 0.001137 0.520576 0.002190 0.013888
0 0.001207 0.517440 0.002051 0.016576
0 0.001320 0.549696 0.001824 0.018368
0 0.001358 0.491904 0.001749 0.017920
0 0.001349 0.488320 0.001767 0.016128
0 0.001329 0.484736 0.001806 0.017920
0 0.001321 0.482496 0.001823 0.017920
0 0.001311 0.481152 0.001842 0.016576
0 0.001302 0.478464 0.001859 0.017920
0 0.001294 0.475776 0.001877 0.018368
0 0.001258 0.465024 0.001949 0.017920
0 0.001239 0.462784 0.001986 0.017472
0 0.001248 0.465472 0.001968 0.017920
0 0.001230 0.461440 0.002005 0.019712
0 0.001221 0.459200 0.002023 0.017472
0 0.001212 0.456064 0.002040 0.018816
0 0.001195 0.452480 0.002075 0.015680
0 0.001185 0.450688 0.002095 0.018368
0 0.001175 0.448448 0.002114 0.017920
0 0.001168 0.444864 0.002129 0.018368
0 0.001158 0.443968 0.002148 0.016128
0 0.001141 0.437248 0.002182 0.018368
0 0.001366 0.492800 0.001732 0.018816
0 0.001282 0.556864 0.001900 0.017472
0 0.001198 0.516096 0.002069 0.017472
0 0.001304 0.542080 0.001856 0.018816
0 0.001188 0.513856 0.002089 0.017920
0 0.001169 0.509376 0.002126 0.019712
0 0.001152 0.504896 0.002161 0.018816
0 0.001162 0.507584 0.002140 0.015680
0 0.001134 0.502208 0.002197 0.016128
0 0.001213 0.541184 0.002039 0.015232
0 0.001215 0.520576 0.002034 0.018368
0 0.001224 0.523264 0.002017 0.017472
0 0.001220 0.542528 0.002024 0.017920
0 0.001230 0.543424 0.002005 0.013440
0 0.001242 0.527744 0.001981 0.018368
0 0.001237 0.545216 0.001990 0.012992
0 0.001246 0.547456 0.001973 0.013888
0 0.001253 0.551040 0.001958 0.016576
0 0.001260 0.530880 0.001943 0.018368
0 0.001263 0.551488 0.001939 0.014336
0 0.001278 0.535808 0.001908 0.019712
0 0.001286 0.538048 0.001891 0.018816
0 0.001296 0.539840 0.001872 0.017920
0 0.001348 0.588224 0.001768 0.013888
0 0.001334 0.603456 0.001795 0.009856
0 0.001524 0.657664 0.001416 0.009856
0 0.001453 0.670656 0.001558 0.010752
0 0.001433 0.749504 0.001599 0.010752
0 0.001422 0.757120 0.001620 0.011200
0 0.001452 0.764288 0.001561 0.010752
0 0.001454 0.746368 0.001556 0.011648
0 0.001460 0.728000 0.001545 0.009856
0 0.001461 0.719488 0.001542 0.009408
0 0.001463 0.710080 0.001539 0.009856
0 0.001466 0.701568 0.001533 0.009408
0 0.001468 0.693504 0.001528 0.009856
0 0.001455 0.661248 0.001555 0.011200
0 0.001330 0.612864 0.001805 0.010752
0 0.001458 0.652288 0.001549 0.009856
0 0.001459 0.643776 0.001546 0.009856
0 0.001461 0.633920 0.001542 0.011648
0 0.001464 0.624960 0.001536 0.010752
0 0.001474 0.676032 0.001516 0.009408
0 0.001477 0.665728 0.001510 0.008960
0 0.001478 0.657216 0.001508 0.009856
0 0.001481 0.647808 0.001503 0.010752
0 0.001483 0.639296 0.001498 0.009856
0 0.001433 0.740544 0.001599 0.011648
0 0.001437 0.731584 0.001591 0.010752
0 0.001437 0.722624 0.001591 0.010752
0 0.001440 0.714112 0.001584 0.011200
0 0.001525 0.648256 0.001414 0.009856
0 0.001528 0.640192 0.001408 0.010752
0 0.001531 0.631680 0.001401 0.016128
0 0.001548 0.645568 0.001368 0.012992
0 0.001544 0.656768 0.001376 0.011648
0 0.001542 0.667072 0.001381 0.012992
0 0.001538 0.676928 0.001388 0.013888
0 0.001537 0.686784 0.001389 0.012096
0 0.001535 0.696192 0.001394 0.011648
0 0.001530 0.705152 0.001404 0.013440
0 0.001517 0.761600 0.001430 0.011200
0 0.001519 0.752192 0.001426 0.010752
0 0.001521 0.743232 0.001423 0.012992
0 0.001523 0.733376 0.001418 0.012992
0 0.001526 0.724416 0.001412 0.011648
0 0.001530 0.714560 0.001404 0.011200
0 0.001448 0.688128 0.001568 0.009408
0 0.001447 0.696640 0.001569 0.009408
0 0.001445 0.705152 0.001574 0.009856
0 0.001486 0.631232 0.001492 0.009408
0 0.001470 0.617344 0.001524 0.016576
0 0.001388 0.654528 0.001688 0.010752
0 0.001319 0.735168 0.001826 0.008960
0 0.001300 0.728000 0.001865 0.010752
0 0.001303 0.719488 0.001858 0.010752
0 0.001307 0.701120 0.001850 0.011200
0 0.001329 0.697984 0.001807 0.011200
0 0.001336 0.680960 0.001793 0.009408
0 0.001314 0.684096 0.001837 0.008960
0 0.001315 0.674688 0.001834 0.011200
0 0.001337 0.671552 0.001790 0.010752
0 0.001343 0.662592 0.001778 0.009856
0 0.001342 0.653184 0.001780 0.008512
0 0.001343 0.644672 0.001778 0.008512
0 0.001346 0.636160 0.001772 0.009408
0 0.001348 0.626752 0.001768 0.010752
0 0.001353 0.608832 0.001759 0.010752
0 0.001317 0.665728 0.001830 0.010752
0 0.001320 0.657216 0.001825 0.011200
0 0.001322 0.648256 0.001820 0.011200
0 0.001326 0.630336 0.001813 0.011200
0 0.001327 0.621376 0.001810 0.011200
0 0.001322 0.725312 0.001820 0.009856
0 0.001324 0.715904 0.001817 0.011200
0 0.001393 0.646464 0.001678 0.008960
0 0.001331 0.706944 0.001801 0.009408
0 0.001394 0.637504 0.001677 0.011648
0 0.001397 0.628544 0.001670 0.010752
0 0.001400 0.618688 0.001665 0.009856
0 0.001401 0.602112 0.001662 0.026432
0 0.001419 0.624960 0.001626 0.010752
0 0.001416 0.633920 0.001632 0.010752
0 0.001418 0.643328 0.001629 0.010752
0 0.001410 0.651392 0.001644 0.011200
0 0.001408 0.660352 0.001647 0.011200
0 0.001407 0.669312 0.001650 0.009856
0 0.001405 0.678272 0.001653 0.009408
0 0.001381 0.680960 0.001703 0.011200
0 0.001381 0.689920 0.001703 0.009856
0 0.001395 0.713216 0.001675 0.012096
0 0.001376 0.699328 0.001711 0.010752
0 0.001371 0.726656 0.001722 0.009408
0 0.001368 0.736064 0.001728 0.009408
0 0.001387 0.748608 0.001690 0.011648
0 0.001366 0.745472 0.001733 0.009408
0 0.007925 0.189952 0.015400 0.096768
