0 0.012117 0.789824 0.020410 0.024192
0 0.012165 0.783104 0.020313 0.014784
0 0.005639 0.850304 0.011044 0.094528
0 0.003646 0.338240 0.006101 0.203392
0 0.004104 0.358400 0.005184 0.144704
0 0.004059 0.663040 0.005275 0.133056
0 0.004774 0.794752 0.008309 0.074368
0 0.004754 0.879424 0.008348 0.070784
0 0.011169 0.952448 0.022305 0.025536
0 0.011199 0.956032 0.022244 0.025536
0 0.011245 0.922880 0.022152 0.014784
0 0.011260 0.964544 0.022123 0.025984
0 0.011231 0.962304 0.022180 0.023744
0 0.011310 0.973056 0.022022 0.020608
0 0.011357 0.974400 0.021929 0.023744
0 0.011354 0.919296 0.021935 0.012544
0 0.011762 0.012544 0.021118 0.015680
0 0.011935 0.038528 0.020773 0.012544
0 0.012001 0.046144 0.020640 0.012544
0 0.012171 0.070336 0.020301 0.027328
0 0.011185 0.953792 0.022274 0.022848
0 0.011226 0.902272 0.022192 0.014336
0 0.011211 0.960064 0.022221 0.027328
0 0.011162 0.659456 0.022320 0.022400
0 0.011176 0.660800 0.022290 0.022400
0 0.011162 0.718592 0.022318 0.026880
0 0.011277 0.968128 0.022088 0.022848
0 0.011322 0.974400 0.021999 0.023744
0 0.012155 0.982464 0.020333 0.019264
0 0.005655 0.772352 0.011011 0.095872
