0 0.001892 0.095872 0.000680 0.011200
0 0.001543 0.432768 0.001379 0.021056
0 0.001516 0.428736 0.001432 0.024192
0 0.001504 0.426496 0.001456 0.022848
0 0.001492 0.424256 0.001479 0.020608
0 0.001482 0.422016 0.001501 0.018816
0 0.001488 0.396032 0.001488 0.019264
0 0.001479 0.395136 0.001507 0.015680
0 0.001468 0.422464 0.001529 0.021056
0 0.001455 0.463680 0.001555 0.019712
0 0.001446 0.488768 0.001571 0.020608
0 0.001468 0.467264 0.001529 0.017472
0 0.001460 0.491904 0.001543 0.019264
0 0.001474 0.493696 0.001515 0.014784
0 0.001486 0.494592 0.001492 0.021056
0 0.001488 0.475776 0.001488 0.019264
0 0.001500 0.495936 0.001465 0.018816
0 0.001529 0.430976 0.001405 0.024192
0 0.001552 0.435008 0.001359 0.023744
0 0.001737 0.437696 0.000991 0.023744
0 0.001565 0.437248 0.001335 0.022848
0 0.001764 0.454272 0.000937 0.041216
0 0.001746 0.467264 0.000971 0.022848
0 0.001733 0.465024 0.000998 0.022400
0 0.001719 0.463232 0.001026 0.022848
0 0.001707 0.460992 0.001050 0.022848
0 0.001695 0.458752 0.001075 0.022400
0 0.001682 0.454720 0.001101 0.020608
0 0.001667 0.453824 0.001131 0.022848
0 0.001655 0.451136 0.001154 0.022400
0 0.001640 0.449792 0.001183 0.022848
0 0.001630 0.447104 0.001205 0.021952
0 0.001615 0.446656 0.001234 0.021952
0 0.001603 0.443968 0.001259 0.021952
0 0.001588 0.440832 0.001289 0.024192
0 0.001578 0.438592 0.001308 0.021056
0 0.001513 0.499072 0.001438 0.018816
0 0.001525 0.501760 0.001415 0.021952
0 0.001534 0.486976 0.001395 0.019264
0 0.001550 0.507584 0.001364 0.020608
0 0.001641 0.569408 0.001182 0.021056
0 0.001629 0.568512 0.001206 0.021952
0 0.001617 0.566720 0.001231 0.019264
0 0.001605 0.562688 0.001254 0.020608
0 0.001580 0.560000 0.001305 0.019712
0 0.001568 0.556416 0.001328 0.021952
0 0.001543 0.553728 0.001379 0.019712
0 0.001531 0.551040 0.001402 0.019264
0 0.001520 0.549248 0.001423 0.019712
0 0.001506 0.547456 0.001451 0.019712
0 0.001494 0.546112 0.001476 0.019264
0 0.001482 0.542976 0.001501 0.021056
0 0.001471 0.541184 0.001522 0.019264
0 0.001458 0.539392 0.001548 0.019712
0 0.001446 0.535808 0.001573 0.021056
0 0.001655 0.572992 0.001154 0.014784
0 0.001665 0.574784 0.001134 0.018816
0 0.001679 0.576128 0.001106 0.016128
0 0.001654 0.522816 0.001156 0.015680
0 0.001576 0.511616 0.001312 0.021056
0 0.001590 0.513856 0.001284 0.020608
0 0.001589 0.497280 0.001287 0.023744
0 0.001616 0.518784 0.001233 0.021056
0 0.001630 0.520128 0.001205 0.017472
0 0.001641 0.522368 0.001182 0.014336
0 0.001664 0.525952 0.001136 0.019264
0 0.001691 0.578816 0.001083 0.021056
0 0.001676 0.529088 0.001113 0.021952
0 0.001688 0.531776 0.001088 0.021952
0 0.001702 0.533568 0.001060 0.020608
0 0.001684 0.511616 0.001096 0.017472
0 0.001727 0.525056 0.001011 0.038976
0 0.001713 0.536256 0.001039 0.020608
0 0.001752 0.439936 0.000960 0.025984
0 0.001723 0.434560 0.001019 0.024640
0 0.001451 0.561792 0.001562 0.022400
0 0.001586 0.205632 0.001292 0.009856
0 0.001573 0.230720 0.001318 0.009856
0 0.001567 0.238784 0.001330 0.011200
0 0.001565 0.246848 0.001335 0.011200
0 0.001562 0.254912 0.001341 0.009856
0 0.001557 0.262976 0.001351 0.011200
0 0.001530 0.303744 0.001404 0.033600
0 0.001548 0.310912 0.001368 0.028672
0 0.001564 0.315840 0.001336 0.030464
0 0.001580 0.318976 0.001305 0.027776
0 0.001595 0.321216 0.001274 0.030464
0 0.001612 0.323008 0.001239 0.032256
0 0.001629 0.327488 0.001206 0.033600
0 0.001649 0.328832 0.001167 0.028672
0 0.001665 0.330624 0.001134 0.030912
0 0.001681 0.335552 0.001103 0.033600
0 0.001582 0.214592 0.001300 0.009856
0 0.001593 0.189952 0.001279 0.011648
0 0.001707 0.433216 0.001050 0.022400
0 0.001596 0.181888 0.001272 0.010752
0 0.001796 0.083776 0.000873 0.018816
0 0.001786 0.082880 0.000893 0.017472
0 0.001779 0.099904 0.000906 0.019264
0 0.001777 0.081088 0.000911 0.017920
0 0.001760 0.076608 0.000943 0.017472
0 0.001671 0.223552 0.001123 0.016576
0 0.001676 0.212352 0.001113 0.016576
0 0.001681 0.200704 0.001103 0.017472
0 0.001686 0.189056 0.001091 0.017920
0 0.001692 0.177408 0.001080 0.015680
0 0.001697 0.166656 0.001070 0.016576
0 0.001705 0.155904 0.001055 0.014784
0 0.001613 0.149632 0.001238 0.010752
0 0.001605 0.164864 0.001254 0.010752
0 0.001602 0.173376 0.001261 0.011200
0 0.001700 0.339136 0.001065 0.032256
0 0.001717 0.341824 0.001031 0.030912
0 0.001737 0.344064 0.000991 0.027776
0 0.001752 0.346304 0.000960 0.033600
0 0.001536 0.344512 0.001392 0.024192
0 0.001506 0.338688 0.001453 0.025984
0 0.001504 0.400064 0.001456 0.024640
0 0.001521 0.402304 0.001422 0.021952
0 0.001539 0.404544 0.001387 0.021056
0 0.001552 0.406784 0.001359 0.022848
0 0.001572 0.409024 0.001320 0.018816
0 0.001585 0.411264 0.001295 0.025536
0 0.001598 0.413952 0.001267 0.025984
0 0.001614 0.418432 0.001236 0.023744
0 0.001631 0.419328 0.001203 0.023744
0 0.001645 0.422464 0.001175 0.025536
0 0.001661 0.424704 0.001142 0.025536
0 0.001677 0.427392 0.001109 0.022400
0 0.001692 0.428736 0.001080 0.024192
0 0.001551 0.346304 0.001363 0.025536
0 0.001566 0.349888 0.001331 0.023744
0 0.001580 0.352576 0.001303 0.024640
0 0.001731 0.376320 0.001003 0.021952
0 0.001772 0.349888 0.000920 0.028672
0 0.001787 0.353472 0.000891 0.031808
0 0.001797 0.374080 0.000870 0.057344
0 0.001780 0.383936 0.000904 0.022400
0 0.001765 0.383936 0.000934 0.024640
0 0.001747 0.379008 0.000970 0.021952
0 0.001715 0.373184 0.001034 0.021952
0 0.001598 0.353920 0.001269 0.021952
0 0.001696 0.373184 0.001072 0.027776
0 0.001681 0.368704 0.001103 0.024640
0 0.001664 0.365568 0.001136 0.024640
0 0.001646 0.362880 0.001172 0.025984
0 0.001631 0.358848 0.001203 0.022848
0 0.001612 0.357504 0.001239 0.025984
0 0.001438 0.560000 0.001588 0.019712
0 0.001465 0.564480 0.001535 0.019712
0 0.001805 0.085568 0.000855 0.018816
0 0.001526 0.794304 0.001412 0.013888
0 0.001586 0.805056 0.001292 0.018816
0 0.001614 0.802368 0.001236 0.025984
0 0.001654 0.812672 0.001157 0.026880
0 0.001679 0.818048 0.001106 0.027776
0 0.001696 0.824320 0.001072 0.023744
0 0.001714 0.828352 0.001036 0.020608
0 0.001726 0.830592 0.001013 0.019264
0 0.001745 0.834176 0.000975 0.022848
0 0.001758 0.836416 0.000948 0.022848
0 0.001772 0.840896 0.000920 0.016128
0 0.001816 0.849856 0.000832 0.015680
0 0.001827 0.852544 0.000810 0.016576
0 0.001839 0.853440 0.000786 0.016576
0 0.001849 0.856576 0.000766 0.016128
0 0.001861 0.858816 0.000741 0.017472
0 0.001539 0.796992 0.001387 0.009856
0 0.001614 0.757120 0.001236 0.039872
0 0.001443 0.735168 0.001578 0.021056
0 0.001603 0.736512 0.001259 0.030016
0 0.001458 0.710528 0.001548 0.025536
0 0.001474 0.713216 0.001515 0.029120
0 0.001466 0.740096 0.001532 0.020608
0 0.001481 0.740992 0.001502 0.014336
0 0.001492 0.715456 0.001479 0.028672
0 0.001509 0.718144 0.001446 0.030464
0 0.001503 0.747264 0.001458 0.021056
0 0.001527 0.722176 0.001410 0.022400
0 0.001530 0.750848 0.001404 0.014784
0 0.001542 0.724416 0.001381 0.027776
0 0.001565 0.757120 0.001335 0.020608
0 0.001572 0.731136 0.001320 0.027776
0 0.001589 0.733824 0.001287 0.027776
0 0.001590 0.761152 0.001284 0.016576
0 0.001602 0.764288 0.001261 0.016128
0 0.001885 0.861952 0.000694 0.017472
0 0.001897 0.865536 0.000671 0.018816
0 0.001450 0.949312 0.001565 0.038080
0 0.001426 0.938112 0.001612 0.017920
0 0.008034 0.722624 0.015183 0.096768
0 0.008084 0.642432 0.015083 0.099008
0 0.008412 0.784896 0.014425 0.083328
0 0.008449 0.713216 0.014351 0.078848
0 0.008485 0.644672 0.014280 0.075264
0 0.008518 0.569408 0.014215 0.079744
0 0.008558 0.491008 0.014134 0.080640
0 0.008593 0.399168 0.014063 0.090048
0 0.008647 0.293440 0.013955 0.078848
0 0.008443 0.232960 0.014364 0.143360
0 0.008315 0.205184 0.014621 0.128128
0 0.008246 0.205184 0.014759 0.129472
0 0.008115 0.566272 0.015020 0.091840
0 0.008152 0.499968 0.014946 0.090048
0 0.008186 0.430528 0.014877 0.091392
0 0.008020 0.778624 0.015211 0.055104
0 0.008385 0.846272 0.014479 0.067648
0 0.001503 0.892864 0.001458 0.033152
0 0.001331 0.879872 0.001801 0.012544
0 0.001406 0.939904 0.001652 0.029120
0 0.001371 0.932288 0.001723 0.023744
0 0.001358 0.921088 0.001749 0.014784
0 0.001318 0.913024 0.001828 0.018816
0 0.001343 0.864640 0.001778 0.014336
0 0.001343 0.874944 0.001778 0.011648
0 0.001358 0.890624 0.001749 0.018816
0 0.001483 0.889728 0.001497 0.025536
0 0.001396 0.866432 0.001672 0.019712
0 0.001415 0.875840 0.001634 0.026880
0 0.001431 0.878080 0.001603 0.017920
0 0.001443 0.882112 0.001578 0.028672
0 0.001461 0.888832 0.001542 0.030912
0 0.001494 0.889280 0.001476 0.017920
0 0.001456 0.737856 0.001552 0.019712
0 0.001441 0.708288 0.001583 0.026880
0 0.001476 0.565376 0.001512 0.018816
0 0.001576 0.639744 0.001312 0.022400
0 0.001546 0.633472 0.001372 0.027776
0 0.001532 0.631232 0.001400 0.025536
0 0.001519 0.628096 0.001427 0.024192
0 0.001502 0.627200 0.001460 0.024192
0 0.001489 0.623168 0.001486 0.022848
0 0.001474 0.619136 0.001515 0.024192
0 0.001459 0.618240 0.001547 0.022848
0 0.001444 0.616896 0.001576 0.024192
0 0.001430 0.612864 0.001604 0.022400
0 0.001414 0.609728 0.001635 0.025984
0 0.001400 0.607488 0.001665 0.022848
0 0.001385 0.603904 0.001695 0.024192
0 0.001374 0.602112 0.001716 0.019264
0 0.001363 0.630336 0.001737 0.023744
0 0.001376 0.633472 0.001713 0.023744
0 0.001562 0.637056 0.001340 0.023744
0 0.001698 0.592256 0.001068 0.033600
0 0.001419 0.732032 0.001627 0.021952
0 0.001683 0.603904 0.001098 0.020608
0 0.001488 0.568512 0.001489 0.022400
0 0.001500 0.569408 0.001465 0.018816
0 0.001513 0.571648 0.001438 0.018816
0 0.001525 0.574784 0.001415 0.021056
0 0.001536 0.576576 0.001392 0.021056
0 0.001550 0.578816 0.001364 0.019712
0 0.001560 0.581504 0.001345 0.022400
0 0.001586 0.584640 0.001292 0.019264
0 0.001596 0.587776 0.001272 0.021952
0 0.001609 0.590016 0.001246 0.020608
0 0.001622 0.590912 0.001220 0.019264
0 0.001634 0.594048 0.001197 0.022848
0 0.001648 0.595840 0.001169 0.017920
0 0.001658 0.598080 0.001147 0.020608
0 0.001672 0.598080 0.001119 0.017920
0 0.001392 0.635712 0.001680 0.020608
0 0.001407 0.637952 0.001650 0.025536
0 0.001422 0.639744 0.001621 0.022400
0 0.001437 0.642432 0.001591 0.022400
0 0.001657 0.673344 0.001151 0.038080
0 0.001419 0.773696 0.001627 0.014784
0 0.001372 0.765184 0.001719 0.014784
0 0.001340 0.689024 0.001783 0.026880
0 0.001333 0.716352 0.001798 0.016576
0 0.001345 0.718592 0.001775 0.019712
0 0.001355 0.691712 0.001754 0.030016
0 0.001374 0.694848 0.001716 0.027328
0 0.001359 0.720384 0.001747 0.016128
0 0.001371 0.721728 0.001723 0.016128
0 0.001394 0.726208 0.001677 0.020608
0 0.001391 0.697984 0.001683 0.030912
0 0.001410 0.702464 0.001644 0.025984
0 0.001406 0.728448 0.001652 0.021056
0 0.001425 0.702464 0.001614 0.029120
0 0.001650 0.652288 0.001164 0.025536
0 0.001642 0.678720 0.001180 0.022400
0 0.001627 0.676480 0.001210 0.024192
0 0.001539 0.660352 0.001387 0.024192
0 0.001451 0.643776 0.001562 0.022400
0 0.001465 0.646912 0.001535 0.022400
0 0.001480 0.650496 0.001504 0.022848
0 0.001494 0.653632 0.001476 0.027328
0 0.001511 0.654976 0.001443 0.022848
0 0.001525 0.657664 0.001415 0.022848
0 0.001553 0.663936 0.001358 0.024192
0 0.001635 0.650496 0.001193 0.024640
0 0.001568 0.666624 0.001328 0.026880
0 0.001590 0.642432 0.001284 0.022848
0 0.001584 0.667968 0.001297 0.023744
0 0.001608 0.644672 0.001249 0.024192
0 0.001598 0.670656 0.001269 0.023744
0 0.001612 0.672896 0.001239 0.023744
0 0.001798 0.103936 0.000868 0.019712
0 0.001814 0.087360 0.000837 0.019264
0 0.001893 0.082880 0.000679 0.011200
0 0.001847 0.801920 0.000771 0.024192
0 0.001877 0.807744 0.000710 0.024192
0 0.001891 0.810432 0.000682 0.025984
0 0.001906 0.813568 0.000653 0.024640
0 0.001921 0.818048 0.000621 0.022848
0 0.001730 0.753984 0.001004 0.019264
0 0.001703 0.761152 0.001059 0.046144
0 0.001764 0.683200 0.000937 0.021056
0 0.001777 0.686336 0.000911 0.020608
0 0.001789 0.687680 0.000886 0.021952
0 0.001815 0.694400 0.000835 0.018816
0 0.001828 0.696640 0.000809 0.021056
0 0.001856 0.701120 0.000753 0.014784
0 0.001867 0.702912 0.000730 0.019712
0 0.001880 0.706496 0.000705 0.021952
0 0.001893 0.708736 0.000679 0.021952
0 0.001861 0.805952 0.000743 0.022400
0 0.001829 0.797888 0.000805 0.021056
0 0.001925 0.789824 0.000615 0.015680
0 0.001814 0.795648 0.000837 0.024192
0 0.001898 0.784448 0.000667 0.015680
0 0.001885 0.781312 0.000694 0.018816
0 0.001875 0.779520 0.000715 0.019264
0 0.001860 0.777280 0.000745 0.021952
0 0.001847 0.775488 0.000771 0.019712
0 0.001834 0.771456 0.000797 0.022848
0 0.001795 0.765184 0.000874 0.020608
0 0.001755 0.757568 0.000953 0.021056
0 0.001743 0.755776 0.000978 0.019712
0 0.001723 0.778176 0.001019 0.023744
0 0.001740 0.780416 0.000985 0.021952
0 0.001755 0.783104 0.000955 0.021056
0 0.001770 0.786240 0.000924 0.019712
0 0.001785 0.789824 0.000894 0.019712
0 0.001800 0.791616 0.000865 0.021952
0 0.001906 0.710528 0.000653 0.020608
0 0.001930 0.716352 0.000605 0.021952
0 0.001944 0.719488 0.000577 0.018816
0 0.001957 0.721280 0.000551 0.014336
0 0.001839 0.624064 0.000786 0.019712
0 0.001852 0.627200 0.000761 0.018816
0 0.001866 0.628544 0.000733 0.021952
0 0.001879 0.631232 0.000707 0.021056
0 0.001903 0.636608 0.000657 0.021056
0 0.001916 0.639744 0.000633 0.022400
0 0.001930 0.641984 0.000605 0.019712
0 0.001941 0.643328 0.000582 0.022400
0 0.001966 0.649600 0.000533 0.021056
0 0.001806 0.641984 0.000853 0.021056
0 0.001819 0.644672 0.000827 0.020608
0 0.001832 0.646912 0.000800 0.018816
0 0.001845 0.649600 0.000774 0.019712
0 0.001857 0.653632 0.000751 0.021952
0 0.001871 0.654080 0.000722 0.019264
0 0.001825 0.621376 0.000814 0.021056
0 0.001800 0.616448 0.000865 0.021056
0 0.001739 0.692160 0.000986 0.036736
0 0.001885 0.732032 0.000695 0.020608
0 0.001963 0.747712 0.000539 0.014784
0 0.001951 0.745024 0.000562 0.019264
0 0.001936 0.742336 0.000592 0.021952
0 0.001924 0.737856 0.000616 0.014336
0 0.001911 0.737408 0.000643 0.020608
0 0.001899 0.734720 0.000666 0.016128
0 0.001874 0.728448 0.000717 0.018816
0 0.001769 0.709632 0.000927 0.020608
0 0.001846 0.724416 0.000773 0.020608
0 0.001833 0.721728 0.000799 0.019712
0 0.001820 0.719488 0.000825 0.016128
0 0.001808 0.716800 0.000848 0.019712
0 0.001796 0.714112 0.000873 0.017472
0 0.001781 0.711872 0.000902 0.020608
0 0.001910 0.788032 0.000644 0.018816
0 0.001935 0.790720 0.000593 0.019264
0 0.001898 0.659456 0.000669 0.018816
0 0.002207 0.734720 0.000051 0.020608
0 0.002182 0.730240 0.000100 0.018816
0 0.002170 0.728896 0.000125 0.021952
0 0.002194 0.778624 0.000077 0.017472
0 0.002178 0.776832 0.000108 0.021056
0 0.002167 0.773248 0.000130 0.020608
0 0.002155 0.770112 0.000155 0.021056
0 0.002140 0.769216 0.000184 0.017920
0 0.002130 0.766080 0.000204 0.017920
0 0.002117 0.762496 0.000230 0.021952
0 0.002121 0.789824 0.000222 0.017472
0 0.002133 0.792512 0.000199 0.019712
0 0.002160 0.798784 0.000145 0.019712
0 0.002186 0.802816 0.000092 0.017920
0 0.002199 0.806400 0.000066 0.019264
0 0.002210 0.807744 0.000044 0.021056
0 0.002195 0.732928 0.000074 0.019264
0 0.002155 0.726208 0.000155 0.020608
0 0.001663 0.234752 0.001137 0.017472
0 0.002143 0.723072 0.000178 0.019264
0 0.001896 0.075712 0.000672 0.011200
0 0.001898 0.070336 0.000669 0.013888
0 0.002169 0.646464 0.000127 0.021952
0 0.002210 0.622272 0.000044 0.024192
0 0.002194 0.621376 0.000077 0.023744
0 0.002165 0.614656 0.000135 0.023744
0 0.002180 0.616896 0.000105 0.020608
0 0.002184 0.649152 0.000097 0.021952
0 0.002200 0.651392 0.000064 0.022400
0 0.002203 0.709632 0.000059 0.019712
0 0.002189 0.706944 0.000087 0.021952
0 0.002177 0.703808 0.000110 0.020608
0 0.002163 0.701568 0.000138 0.017472
0 0.002152 0.699328 0.000161 0.016128
0 0.002140 0.695296 0.000184 0.015680
0 0.002107 0.835520 0.000250 0.017472
0 0.002113 0.857024 0.000238 0.016128
0 0.002124 0.860160 0.000217 0.017472
0 0.002133 0.838656 0.000199 0.019264
0 0.002025 0.072576 0.000414 0.024192
0 0.001666 0.166208 0.001133 0.014336
0 0.001663 0.176064 0.001137 0.012544
0 0.001657 0.185024 0.001151 0.014336
0 0.001653 0.193536 0.001159 0.014336
0 0.001648 0.203840 0.001169 0.014784
0 0.001649 0.214592 0.001165 0.011200
0 0.001634 0.221760 0.001197 0.012544
0 0.001635 0.230720 0.001193 0.012992
0 0.001635 0.241024 0.001193 0.011200
0 0.001627 0.249088 0.001210 0.012544
0 0.001624 0.257600 0.001216 0.011648
0 0.001635 0.267904 0.001195 0.019712
0 0.001652 0.257152 0.001160 0.017472
0 0.001659 0.246848 0.001146 0.016128
0 0.016245 0.972160 0.030009 0.056000
0 0.002110 0.903168 0.000245 0.019712
0 0.002086 0.899584 0.000293 0.011648
0 0.002218 0.879872 0.000028 0.016576
0 0.002146 0.840896 0.000173 0.017472
0 0.002147 0.865088 0.000171 0.017472
0 0.002157 0.843584 0.000151 0.021056
0 0.002182 0.848512 0.000100 0.019712
0 0.002196 0.851648 0.000072 0.019712
0 0.002209 0.853440 0.000046 0.020608
0 0.002206 0.878080 0.000053 0.017920
0 0.002124 0.904512 0.000217 0.020608
0 0.002182 0.872704 0.000100 0.019712
0 0.002170 0.870464 0.000125 0.019264
0 0.002199 0.920640 0.000066 0.019712
0 0.002186 0.918400 0.000092 0.019712
0 0.002175 0.915264 0.000115 0.017920
0 0.002161 0.912576 0.000141 0.018816
0 0.001883 0.656768 0.000699 0.019712
0 0.001910 0.662592 0.000644 0.022400
0 0.001825 0.108416 0.000814 0.016576
0 0.002049 0.280000 0.000367 0.019264
0 0.002026 0.275968 0.000413 0.017472
0 0.002013 0.273280 0.000439 0.020608
0 0.001962 0.298816 0.000541 0.030912
0 0.001963 0.269696 0.000537 0.021056
0 0.001974 0.254912 0.000516 0.016128
0 0.001794 0.303744 0.000876 0.021056
0 0.001795 0.287616 0.000874 0.024640
0 0.001807 0.273280 0.000850 0.022848
0 0.001750 0.290304 0.000965 0.024640
0 0.001755 0.275520 0.000955 0.017472
0 0.001761 0.263872 0.000942 0.017920
0 0.001762 0.249984 0.000940 0.021056
0 0.001768 0.237440 0.000929 0.017472
0 0.001778 0.225344 0.000907 0.019264
0 0.001800 0.173376 0.000865 0.019712
0 0.002037 0.274624 0.000390 0.022400
0 0.002060 0.281344 0.000344 0.018816
0 0.001909 0.402752 0.000646 0.025984
0 0.002073 0.284480 0.000319 0.020608
0 0.002101 0.325248 0.000261 0.016576
0 0.002084 0.316736 0.000296 0.030464
0 0.002068 0.314048 0.000329 0.031808
0 0.002050 0.310016 0.000365 0.030464
0 0.002032 0.310016 0.000401 0.032256
0 0.002013 0.305984 0.000439 0.035392
0 0.001995 0.305536 0.000475 0.038080
0 0.001977 0.301952 0.000510 0.038080
0 0.001944 0.293440 0.000577 0.035392
0 0.002055 0.208768 0.000355 0.024640
0 0.002108 0.206528 0.000248 0.039872
0 0.002083 0.209664 0.000298 0.042112
0 0.002078 0.241920 0.000309 0.021056
0 0.002105 0.267456 0.000255 0.022400
0 0.002084 0.286720 0.000296 0.021056
0 0.001795 0.185920 0.000874 0.017920
0 0.001790 0.198912 0.000884 0.018816
0 0.001783 0.211456 0.000899 0.020608
0 0.001812 0.253120 0.000840 0.021056
0 0.001764 0.047040 0.000937 0.015680
0 0.001775 0.051072 0.000914 0.015680
0 0.001783 0.052416 0.000897 0.015680
0 0.001792 0.052416 0.000879 0.014784
0 0.001801 0.054208 0.000863 0.014336
0 0.001810 0.056896 0.000845 0.014336
0 0.001825 0.058688 0.000814 0.015680
0 0.001833 0.060480 0.000799 0.016128
0 0.001841 0.062272 0.000782 0.016128
0 0.001849 0.064960 0.000766 0.016576
0 0.001858 0.064960 0.000748 0.016576
0 0.001866 0.067200 0.000733 0.019712
0 0.001853 0.108416 0.000758 0.022848
0 0.001849 0.096768 0.000766 0.019712
0 0.001842 0.091840 0.000781 0.017920
0 0.001783 0.130368 0.000897 0.017472
0 0.001792 0.132160 0.000881 0.016128
0 0.001798 0.135296 0.000868 0.019264
0 0.001898 0.184128 0.000669 0.012544
0 0.001816 0.239232 0.000832 0.023744
0 0.001834 0.225344 0.000797 0.021952
0 0.001840 0.208320 0.000784 0.021952
0 0.001841 0.190400 0.000782 0.022400
0 0.001823 0.138880 0.000819 0.019264
0 0.001838 0.144256 0.000789 0.021056
0 0.001898 0.171584 0.000667 0.021056
0 0.001807 0.137088 0.000850 0.016576
0 0.001926 0.160832 0.000613 0.023744
0 0.001910 0.140672 0.000644 0.030016
0 0.001918 0.121408 0.000628 0.008512
0 0.001883 0.112448 0.000699 0.011200
0 0.001882 0.119168 0.000700 0.011200
0 0.001875 0.125440 0.000713 0.012544
0 0.001889 0.400064 0.000685 0.032256
0 0.001923 0.406784 0.000618 0.026880
0 0.001923 0.664832 0.000618 0.017920
0 0.001936 0.586432 0.000592 0.022848
0 0.001966 0.592704 0.000533 0.024640
0 0.001981 0.595392 0.000501 0.021056
0 0.001995 0.599424 0.000473 0.021952
0 0.002010 0.599872 0.000444 0.020608
0 0.001890 0.577024 0.000684 0.021952
0 0.001874 0.575232 0.000717 0.024192
0 0.001859 0.571200 0.000746 0.023744
0 0.001841 0.569856 0.000782 0.025984
0 0.001848 0.542976 0.000769 0.020608
0 0.001836 0.540288 0.000792 0.019264
0 0.001828 0.565376 0.000809 0.019264
0 0.001806 0.548352 0.000851 0.045248
0 0.002044 0.498624 0.000376 0.024640
0 0.002028 0.492800 0.000408 0.027328
0 0.002015 0.493696 0.000434 0.020608
0 0.001949 0.591360 0.000565 0.026880
0 0.001921 0.583744 0.000621 0.022400
0 0.001918 0.369600 0.000628 0.035392
0 0.001905 0.580608 0.000654 0.022400
0 0.001946 0.668864 0.000572 0.019264
0 0.001963 0.672896 0.000539 0.011648
0 0.001974 0.675584 0.000516 0.011200
0 0.001792 0.639744 0.000879 0.019712
0 0.001777 0.623168 0.000911 0.041216
0 0.001976 0.567616 0.000513 0.021056
0 0.001964 0.564480 0.000536 0.021056
0 0.001950 0.563136 0.000564 0.021056
0 0.001937 0.560448 0.000590 0.021952
0 0.001925 0.557312 0.000615 0.019712
0 0.001911 0.556416 0.000643 0.021056
0 0.001898 0.551488 0.000669 0.022400
0 0.001885 0.550592 0.000694 0.019712
0 0.001873 0.547456 0.000718 0.019712
0 0.001860 0.545664 0.000745 0.021056
0 0.002019 0.520576 0.000426 0.024192
0 0.002004 0.518784 0.000455 0.024192
0 0.001989 0.515648 0.000487 0.026880
0 0.001997 0.487424 0.000470 0.024192
0 0.002041 0.392896 0.000383 0.035840
0 0.002060 0.396928 0.000344 0.028672
0 0.002064 0.435456 0.000335 0.024192
0 0.002049 0.431424 0.000367 0.026880
0 0.002032 0.428736 0.000401 0.028672
0 0.002014 0.426944 0.000436 0.027328
0 0.002000 0.422464 0.000464 0.028672
0 0.001985 0.420224 0.000495 0.027776
0 0.001990 0.384384 0.000485 0.030464
0 0.001972 0.381696 0.000519 0.032256
0 0.001968 0.416640 0.000529 0.027776
0 0.001954 0.411712 0.000556 0.024192
0 0.001939 0.408576 0.000587 0.026880
0 0.001954 0.378112 0.000557 0.031808
0 0.001938 0.374976 0.000588 0.029120
0 0.002024 0.390656 0.000416 0.031808
0 0.001850 0.470400 0.000764 0.037184
0 0.001873 0.464128 0.000718 0.026880
0 0.001927 0.503552 0.000610 0.024640
0 0.001981 0.486080 0.000501 0.024640
0 0.001973 0.512512 0.000518 0.021952
0 0.001959 0.508032 0.000546 0.022848
0 0.001967 0.483392 0.000531 0.022848
0 0.001951 0.478464 0.000562 0.028672
0 0.001941 0.504896 0.000582 0.024192
0 0.001937 0.477120 0.000590 0.022848
0 0.001866 0.490560 0.000733 0.022848
0 0.001919 0.473984 0.000626 0.025984
0 0.001911 0.500864 0.000643 0.025984
0 0.001895 0.496384 0.000674 0.024192
0 0.001903 0.469952 0.000657 0.027328
0 0.001889 0.467264 0.000687 0.026880
0 0.001881 0.493696 0.000702 0.023744
0 0.008240 0.345856 0.014770 0.101248
