0 0.000833 0.783104 0.001666 0.114240
0 0.000917 0.796992 0.001834 0.131712
0 0.000384 0.324352 0.000769 0.122752
0 0.000644 0.353472 0.001289 0.107968
0 0.000891 0.223552 0.001782 0.142464
0 0.001109 0.570304 0.002218 0.138880
0 0.000996 0.572544 0.001992 0.110656
0 0.000805 0.530432 0.001610 0.132160
0 0.000353 0.487424 0.000705 0.149632
0 0.000178 0.747712 0.000356 0.164864
0 0.000329 0.730688 0.000659 0.133056
0 0.000414 0.740544 0.000828 0.132160
0 0.000163 0.970368 0.000326 0.059584
0 0.000199 0.984256 0.000397 0.032704
0 0.000238 0.976640 0.000476 0.046592
0 0.001061 0.801920 0.002123 0.134400
0 0.000999 0.801920 0.001998 0.102144
0 0.000263 0.152768 0.000527 0.112448
