0 0.000921 0.963648 0.001842 0.041216
0 0.000805 0.445312 0.001611 0.053760
0 0.000673 0.082880 0.001346 0.056896
0 0.000761 0.076160 0.001522 0.060928
0 0.000830 0.083776 0.001661 0.044352
0 0.000931 0.081984 0.001862 0.058240
0 0.001064 0.137984 0.002127 0.054208
0 0.000889 0.277312 0.001779 0.060928
0 0.000801 0.288960 0.001601 0.059136
0 0.000742 0.275520 0.001485 0.045696
0 0.000671 0.212352 0.001342 0.043904
0 0.000641 0.273728 0.001283 0.063168
0 0.000720 0.444864 0.001440 0.062720
0 0.000900 0.450688 0.001800 0.047040
0 0.000749 0.928704 0.001497 0.042112
0 0.000978 0.627648 0.001956 0.058240
0 0.000638 0.775936 0.001277 0.058688
0 0.000795 0.788928 0.001591 0.040320
0 0.000939 0.774592 0.001877 0.045248
0 0.001038 0.734272 0.002076 0.060032
0 0.000323 0.669760 0.000646 0.051968
0 0.000214 0.757120 0.000429 0.043456
0 0.000194 0.887936 0.000389 0.041216
0 0.000169 0.982464 0.000338 0.034048
0 0.000580 0.914816 0.001160 0.056896
0 0.000648 0.908544 0.001295 0.044352
0 0.000382 0.048832 0.000764 0.056448
