0 0.012092 0.834624 0.020458 0.014784
0 0.011317 0.054656 0.022009 0.015680
0 0.012189 0.892416 0.020265 0.014784
0 0.012161 0.929152 0.020321 0.015680
0 0.012159 0.947968 0.020325 0.015680
0 0.012157 0.896000 0.020329 0.017024
0 0.011859 0.024640 0.020924 0.015680
0 0.011833 0.025536 0.020976 0.015680
0 0.011807 0.027776 0.021028 0.017920
0 0.011716 0.034048 0.021210 0.015680
0 0.011652 0.038080 0.021338 0.015680
0 0.011593 0.039872 0.021457 0.017920
0 0.011540 0.042560 0.021562 0.015680
0 0.011422 0.050624 0.021798 0.014784
0 0.011393 0.050624 0.021857 0.017024
0 0.011280 0.055104 0.022083 0.014784
0 0.012096 0.850304 0.020451 0.014784
0 0.011252 0.055552 0.022139 0.017920
0 0.005231 0.946624 0.007395 0.082432
0 0.005227 0.827456 0.007404 0.083328
0 0.005223 0.708736 0.007412 0.083328
0 0.005220 0.590016 0.007418 0.083328
0 0.005408 0.701568 0.007040 0.084224
0 0.005404 0.581952 0.007050 0.084224
0 0.005426 0.460544 0.007005 0.085120
0 0.005421 0.340928 0.007015 0.085120
0 0.005418 0.222656 0.007022 0.084224
0 0.005413 0.099904 0.007032 0.086016
0 0.004051 0.232064 0.005291 0.213248
0 0.003819 0.796992 0.005755 0.284480
0 0.012097 0.955584 0.020450 0.015680
0 0.012097 0.975296 0.020448 0.017920
0 0.012097 0.938112 0.020450 0.012992
0 0.012095 0.888832 0.020453 0.014784
0 0.012094 0.869568 0.020455 0.017920
0 0.012097 0.905408 0.020450 0.017024
0 0.012098 0.922880 0.020447 0.015680
0 0.012191 0.980224 0.020262 0.014784
0 0.012158 0.982016 0.020326 0.018816
0 0.012160 0.964544 0.020324 0.014784
0 0.012160 0.914368 0.020322 0.015680
0 0.012158 0.859712 0.020328 0.014784
0 0.012157 0.878528 0.020329 0.017024
0 0.012188 0.928256 0.020266 0.015680
0 0.012189 0.912576 0.020265 0.019712
0 0.012189 0.858816 0.020265 0.017024
0 0.012188 0.841792 0.020267 0.017024
0 0.012200 0.009856 0.020244 0.015680
0 0.012161 0.010752 0.020321 0.017920
0 0.011932 0.022400 0.020780 0.012992
0 0.011888 0.023744 0.020867 0.017920
0 0.011778 0.029568 0.021087 0.015680
0 0.011744 0.031360 0.021156 0.017920
0 0.011619 0.038528 0.021405 0.020608
0 0.011564 0.042560 0.021515 0.017920
0 0.011510 0.044352 0.021623 0.019712
0 0.011476 0.047040 0.021691 0.019712
0 0.011450 0.049728 0.021743 0.018816
0 0.011356 0.053312 0.021930 0.017024
0 0.011220 0.059136 0.022204 0.018816
0 0.011185 0.061824 0.022274 0.018816
0 0.003399 0.370496 0.006595 0.312256
