0 0.011206 0.926912 0.022232 0.027328
0 0.011256 0.913024 0.022132 0.030912
0 0.004709 0.409472 0.008439 0.163072
0 0.004647 0.573440 0.008564 0.163072
0 0.004592 0.714560 0.008672 0.163072
0 0.004969 0.527296 0.007920 0.161728
0 0.005023 0.386176 0.007811 0.161728
0 0.006202 0.239680 0.009916 0.206080
0 0.006443 0.296576 0.009435 0.165312
0 0.011482 0.873152 0.021680 0.021504
0 0.011536 0.866880 0.021571 0.020608
0 0.011594 0.863296 0.021454 0.018368
0 0.011731 0.883456 0.021181 0.019264
0 0.011803 0.921984 0.021038 0.019264
0 0.012034 0.881664 0.020575 0.022848
0 0.011931 0.869568 0.020781 0.021504
0 0.012192 0.914368 0.020258 0.027328
0 0.010595 0.086912 0.018989 0.051072
0 0.012201 0.366016 0.020241 0.051072
0 0.011406 0.884352 0.021832 0.021504
0 0.011361 0.892416 0.021921 0.023744
0 0.004764 0.269248 0.008328 0.160384
