0 0.012036 0.983360 0.020571 0.013888
0 0.012261 0.134848 0.020121 0.020608
0 0.004660 0.562688 0.008536 0.077056
0 0.004687 0.645120 0.008482 0.075712
0 0.004715 0.725760 0.008428 0.076608
0 0.004892 0.520576 0.008074 0.075712
0 0.004918 0.601664 0.008021 0.076608
0 0.004944 0.682752 0.007969 0.077056
0 0.004984 0.804160 0.007890 0.075712
0 0.004753 0.847168 0.008352 0.077056
0 0.016295 0.332864 0.029911 0.251328
0 0.011853 0.018816 0.020938 0.020608
0 0.012060 0.051072 0.020523 0.021952
0 0.012031 0.023744 0.020582 0.020608
0 0.012127 0.030464 0.020390 0.021056
0 0.012114 0.094976 0.020415 0.022400
0 0.012138 0.115584 0.020367 0.022400
0 0.012190 0.153664 0.020262 0.021952
0 0.012161 0.132160 0.020321 0.020608
0 0.012169 0.066752 0.020305 0.021952
0 0.012086 0.073024 0.020471 0.025984
0 0.012192 0.086464 0.020259 0.022400
0 0.012148 0.047936 0.020347 0.020608
0 0.012215 0.101696 0.020213 0.023744
0 0.012236 0.118272 0.020170 0.022400
0 0.004635 0.481600 0.008587 0.077056
