0 0.011626 0.865088 0.021390 0.026880
0 0.011528 0.803712 0.021587 0.029568
0 0.005952 0.276864 0.010418 0.159040
0 0.005375 0.521024 0.007107 0.133952
0 0.005261 0.611072 0.007334 0.132608
0 0.005165 0.684096 0.007527 0.136192
0 0.005070 0.760256 0.007718 0.133952
0 0.005340 0.833280 0.007177 0.138880
0 0.011256 0.078848 0.022131 0.023744
0 0.011323 0.023296 0.021997 0.026880
0 0.011777 0.064960 0.021088 0.024640
0 0.011974 0.107520 0.020695 0.024640
0 0.011373 0.767872 0.021897 0.027328
0 0.011448 0.664832 0.021747 0.025088
0 0.011320 0.667072 0.022003 0.025984
0 0.011337 0.748160 0.021969 0.029568
0 0.011677 0.895552 0.021289 0.027328
0 0.011162 0.153664 0.022319 0.026880
0 0.011813 0.088256 0.021017 0.028224
0 0.011851 0.111552 0.020941 0.027328
0 0.011911 0.097664 0.020822 0.028224
0 0.011916 0.068544 0.020811 0.027328
0 0.011944 0.085568 0.020754 0.028224
0 0.012041 0.146496 0.020561 0.026880
0 0.012003 0.124992 0.020637 0.028224
0 0.012123 0.284928 0.020397 0.029568
0 0.011446 0.747712 0.021751 0.027328
0 0.011350 0.687232 0.021942 0.025984
0 0.011563 0.823872 0.021517 0.026880
0 0.005783 0.172928 0.010754 0.155456
