0 0.001836 0.650496 0.000792 0.019712
0 0.001634 0.237440 0.001197 0.021056
0 0.001600 0.236992 0.001264 0.021056
0 0.001585 0.237440 0.001294 0.021056
0 0.001572 0.236992 0.001320 0.019264
0 0.001554 0.239232 0.001355 0.024192
0 0.001543 0.238336 0.001379 0.021056
0 0.001525 0.240128 0.001414 0.021056
0 0.001509 0.239680 0.001447 0.021504
0 0.001498 0.239680 0.001469 0.019264
0 0.001482 0.216384 0.001500 0.029120
0 0.001502 0.211904 0.001460 0.021504
0 0.001518 0.211904 0.001428 0.020608
0 0.001535 0.210560 0.001394 0.021056
0 0.001549 0.211456 0.001366 0.023296
0 0.001566 0.210112 0.001332 0.022848
0 0.001580 0.212352 0.001305 0.021952
0 0.001595 0.208768 0.001274 0.024640
0 0.001613 0.210112 0.001238 0.022400
0 0.001627 0.208320 0.001211 0.027328
0 0.001666 0.232064 0.001132 0.022400
0 0.001683 0.233408 0.001099 0.027328
0 0.001694 0.233856 0.001076 0.029120
0 0.001711 0.232960 0.001042 0.029120
0 0.001726 0.232064 0.001013 0.029120
0 0.001743 0.231616 0.000978 0.025088
0 0.001760 0.230720 0.000945 0.025984
0 0.001777 0.232064 0.000909 0.030016
0 0.001795 0.241472 0.000874 0.022400
0 0.001813 0.241472 0.000839 0.019264
0 0.001826 0.240576 0.000813 0.020608
0 0.001615 0.236992 0.001234 0.022848
0 0.001650 0.237440 0.001164 0.017920
0 0.001824 0.646464 0.000815 0.019264
0 0.001684 0.321664 0.001096 0.019712
0 0.001591 0.366912 0.001282 0.016576
0 0.001604 0.366016 0.001257 0.016576
0 0.001616 0.364672 0.001233 0.020160
0 0.001629 0.364672 0.001207 0.018368
0 0.001640 0.365120 0.001184 0.019264
0 0.001653 0.364672 0.001158 0.015680
0 0.001644 0.318080 0.001177 0.015232
0 0.001629 0.319872 0.001207 0.020608
0 0.001620 0.318080 0.001224 0.017024
0 0.001608 0.319424 0.001249 0.017472
0 0.001595 0.320320 0.001275 0.019264
0 0.001584 0.319872 0.001297 0.017920
0 0.001571 0.321664 0.001321 0.019712
0 0.001559 0.320768 0.001346 0.018368
0 0.001545 0.321664 0.001374 0.019712
0 0.001533 0.322112 0.001399 0.019712
0 0.001521 0.322560 0.001422 0.020160
0 0.001508 0.295232 0.001448 0.025984
0 0.001527 0.293440 0.001411 0.022400
0 0.001544 0.295232 0.001377 0.022400
0 0.001559 0.294336 0.001346 0.022400
0 0.001574 0.293440 0.001316 0.023744
0 0.001591 0.293888 0.001283 0.022400
0 0.001606 0.292096 0.001252 0.022848
0 0.001623 0.292096 0.001219 0.023296
0 0.001638 0.291648 0.001189 0.024192
0 0.001653 0.292096 0.001159 0.017024
0 0.001670 0.294784 0.001124 0.025088
0 0.001670 0.322112 0.001124 0.020160
0 0.001841 0.240128 0.000781 0.022400
0 0.001858 0.239680 0.000749 0.021056
0 0.001874 0.239232 0.000717 0.021504
0 0.001918 0.221312 0.000629 0.018368
0 0.001456 0.112448 0.001552 0.023744
0 0.001455 0.147392 0.001554 0.027328
0 0.001555 0.017472 0.001354 0.012096
0 0.001554 0.006720 0.001357 0.009408
0 0.001606 0.013440 0.001253 0.025088
0 0.002048 0.348544 0.000368 0.038080
0 0.002032 0.345408 0.000401 0.027328
0 0.002017 0.345408 0.000430 0.023296
0 0.002051 0.305984 0.000363 0.008960
0 0.002070 0.352576 0.000325 0.046144
0 0.001970 0.349440 0.000525 0.035840
0 0.001988 0.362880 0.000488 0.015680
0 0.001998 0.366464 0.000468 0.015680
0 0.002009 0.370496 0.000446 0.016128
0 0.002021 0.371840 0.000423 0.015232
0 0.002030 0.377216 0.000404 0.015232
0 0.002043 0.380800 0.000379 0.015232
0 0.002053 0.383936 0.000359 0.015680
0 0.002064 0.387968 0.000337 0.016128
0 0.002074 0.390656 0.000316 0.016128
0 0.002086 0.395584 0.000293 0.013888
0 0.002099 0.369600 0.000266 0.010304
0 0.002108 0.358400 0.000248 0.010304
0 0.002126 0.341824 0.000213 0.010752
0 0.002164 0.340032 0.000136 0.022400
0 0.002179 0.336896 0.000106 0.021504
0 0.002191 0.338240 0.000082 0.023296
0 0.002207 0.337792 0.000050 0.025088
0 0.001931 0.401408 0.000603 0.028224
0 0.001478 0.118720 0.001508 0.038976
0 0.001497 0.119616 0.001471 0.033600
0 0.001477 0.156800 0.001509 0.021056
0 0.001664 0.174272 0.001137 0.046144
0 0.001922 0.232064 0.000620 0.023296
0 0.001908 0.219968 0.000649 0.014784
0 0.001902 0.216832 0.000660 0.011200
0 0.001884 0.211904 0.000697 0.022400
0 0.001869 0.211456 0.000727 0.022400
0 0.001852 0.211008 0.000761 0.025984
0 0.001833 0.206976 0.000799 0.034048
0 0.001814 0.204736 0.000837 0.031808
0 0.001794 0.206976 0.000875 0.035840
0 0.001752 0.192640 0.000960 0.037632
0 0.001732 0.187712 0.000999 0.043008
0 0.001712 0.195328 0.001040 0.032704
0 0.001688 0.192192 0.001088 0.036736
0 0.001640 0.146944 0.001184 0.026432
0 0.001493 0.156800 0.001478 0.021056
0 0.001599 0.168000 0.001267 0.010304
0 0.001603 0.141568 0.001259 0.035392
0 0.001624 0.144704 0.001216 0.031360
0 0.001584 0.156352 0.001297 0.020608
0 0.001570 0.155904 0.001324 0.021504
0 0.001585 0.129472 0.001294 0.020608
0 0.001570 0.127680 0.001324 0.020160
0 0.001554 0.126336 0.001357 0.025088
0 0.001552 0.155904 0.001359 0.022400
0 0.001535 0.123648 0.001394 0.030016
0 0.001516 0.124096 0.001433 0.029568
0 0.001522 0.155456 0.001419 0.020608
0 0.001506 0.157248 0.001452 0.022848
0 0.001565 0.366016 0.001334 0.019264
0 0.001553 0.368704 0.001358 0.016576
0 0.001536 0.366912 0.001392 0.020608
0 0.001387 0.199360 0.001689 0.018816
0 0.008635 0.426496 0.013979 0.076160
0 0.008678 0.357952 0.013893 0.107968
0 0.001232 0.073920 0.002000 0.008960
0 0.001231 0.086016 0.002003 0.007616
0 0.001222 0.056448 0.002019 0.007616
0 0.001221 0.012096 0.002022 0.024192
0 0.001204 0.014336 0.002056 0.025984
0 0.001265 0.045248 0.001935 0.039424
0 0.001299 0.095424 0.001865 0.012096
0 0.001354 0.094080 0.001756 0.010752
0 0.001411 0.110208 0.001643 0.025984
0 0.001394 0.115136 0.001676 0.022400
0 0.001377 0.114240 0.001710 0.021504
0 0.001359 0.114688 0.001745 0.022400
0 0.001341 0.115136 0.001782 0.022848
0 0.001325 0.115584 0.001814 0.022400
0 0.001309 0.115584 0.001846 0.022848
0 0.001292 0.116480 0.001880 0.022400
0 0.001270 0.098560 0.001924 0.006272
0 0.001274 0.116480 0.001916 0.020160
0 0.001257 0.117824 0.001950 0.026880
0 0.001302 0.201152 0.001861 0.017024
0 0.001289 0.200256 0.001886 0.014336
0 0.001278 0.201600 0.001908 0.011648
0 0.001312 0.200256 0.001841 0.016128
0 0.001325 0.199808 0.001815 0.017024
0 0.001337 0.199360 0.001790 0.016576
0 0.001348 0.198464 0.001769 0.016128
0 0.001359 0.198464 0.001745 0.015232
0 0.008592 0.478912 0.014065 0.076160
0 0.008557 0.524160 0.014136 0.072576
0 0.008520 0.569408 0.014211 0.072128
0 0.008484 0.212800 0.014282 0.080640
0 0.007938 0.112896 0.015374 0.031808
0 0.007973 0.184576 0.015305 0.045696
0 0.008003 0.251328 0.015243 0.035840
0 0.008013 0.305984 0.015224 0.040320
0 0.008055 0.371840 0.015141 0.026880
0 0.008217 0.368704 0.014816 0.024640
0 0.008215 0.304640 0.014819 0.052864
0 0.008192 0.224896 0.014865 0.051968
0 0.008162 0.134400 0.014927 0.068096
0 0.008375 0.305984 0.014500 0.048832
0 0.008245 0.015680 0.014761 0.030464
0 0.008854 0.342272 0.013543 0.028672
0 0.008609 0.229376 0.014031 0.043008
0 0.008348 0.187712 0.014555 0.122752
0 0.008459 0.636608 0.014332 0.082432
0 0.008364 0.365568 0.014522 0.021504
0 0.008471 0.366912 0.014308 0.050176
0 0.008215 0.529536 0.014821 0.297920
0 0.016087 0.502208 0.030326 0.022400
0 0.004912 0.521920 0.008034 0.020608
0 0.004900 0.536256 0.008057 0.020608
0 0.004867 0.574336 0.008123 0.021056
0 0.004867 0.553280 0.008123 0.021056
0 0.008282 0.878528 0.014686 0.062272
0 0.008292 0.839104 0.014665 0.070784
0 0.008330 0.795648 0.014590 0.071680
0 0.008368 0.749504 0.014514 0.073472
0 0.008409 0.696640 0.014432 0.078848
0 0.001374 0.198464 0.001715 0.014784
0 0.001400 0.198016 0.001664 0.018368
0 0.001525 0.369600 0.001414 0.017024
0 0.001412 0.198016 0.001640 0.017472
0 0.001339 0.317184 0.001786 0.017920
0 0.001353 0.318080 0.001758 0.016576
0 0.001353 0.295232 0.001758 0.012544
0 0.001364 0.294336 0.001736 0.010304
0 0.001367 0.316736 0.001730 0.017920
0 0.001381 0.317184 0.001702 0.016128
0 0.001393 0.315392 0.001679 0.018816
0 0.001407 0.315840 0.001650 0.021056
0 0.001422 0.315840 0.001621 0.020160
0 0.001437 0.317632 0.001591 0.020160
0 0.001449 0.316736 0.001565 0.022400
0 0.001461 0.315840 0.001542 0.025536
0 0.001449 0.293440 0.001565 0.012544
0 0.001438 0.293888 0.001589 0.012096
0 0.001427 0.293888 0.001610 0.013888
0 0.001415 0.293440 0.001635 0.013440
0 0.001406 0.293440 0.001653 0.012096
0 0.001395 0.294336 0.001674 0.013888
0 0.001351 0.368704 0.001762 0.015680
0 0.001365 0.368704 0.001734 0.017024
0 0.001379 0.370496 0.001706 0.020160
0 0.001394 0.370048 0.001676 0.021504
0 0.001410 0.370496 0.001644 0.020608
0 0.001425 0.370944 0.001614 0.018816
0 0.001441 0.370496 0.001583 0.020608
0 0.001453 0.370048 0.001559 0.021504
0 0.001466 0.370048 0.001533 0.021504
0 0.001482 0.368704 0.001500 0.020160
0 0.001494 0.368704 0.001475 0.020608
0 0.001331 0.294336 0.001803 0.015232
0 0.001345 0.242816 0.001774 0.015680
0 0.001358 0.242368 0.001748 0.015232
0 0.001355 0.262976 0.001755 0.014336
0 0.001424 0.183232 0.001617 0.033152
0 0.001402 0.172032 0.001661 0.025536
0 0.001385 0.171584 0.001695 0.025088
0 0.001370 0.173376 0.001725 0.023296
0 0.001351 0.172928 0.001763 0.023744
0 0.001335 0.173376 0.001794 0.022400
0 0.001319 0.174720 0.001826 0.021952
0 0.001301 0.173824 0.001863 0.025088
0 0.001282 0.174272 0.001899 0.024192
0 0.001299 0.242368 0.001865 0.010304
0 0.001310 0.241920 0.001844 0.014784
0 0.001335 0.241472 0.001794 0.017472
0 0.001342 0.262976 0.001779 0.015680
0 0.001368 0.262528 0.001729 0.013440
0 0.001371 0.242368 0.001722 0.013888
0 0.001379 0.261632 0.001706 0.014784
0 0.001391 0.262080 0.001683 0.013440
0 0.001405 0.261632 0.001654 0.008512
0 0.001415 0.261184 0.001634 0.013440
0 0.001429 0.260288 0.001606 0.011648
0 0.001439 0.260288 0.001586 0.010752
0 0.001453 0.259392 0.001559 0.017920
0 0.001451 0.237888 0.001563 0.018816
0 0.001435 0.241024 0.001594 0.017920
0 0.001419 0.240128 0.001627 0.013888
0 0.001406 0.241472 0.001653 0.016576
0 0.001394 0.241920 0.001676 0.015680
0 0.001381 0.241920 0.001702 0.014784
0 0.001956 0.397824 0.000552 0.017920
0 0.001970 0.401856 0.000524 0.013888
0 0.001942 0.415744 0.000580 0.016576
0 0.001647 0.520128 0.001170 0.018368
0 0.001750 0.319872 0.000964 0.020160
0 0.001738 0.319872 0.000989 0.018816
0 0.001726 0.320320 0.001013 0.016128
0 0.001712 0.320768 0.001040 0.016128
0 0.001701 0.320320 0.001062 0.015680
0 0.001687 0.294784 0.001089 0.022400
0 0.001704 0.295232 0.001057 0.021952
0 0.001720 0.295232 0.001024 0.022848
0 0.001736 0.294784 0.000993 0.018816
0 0.001750 0.294336 0.000964 0.020608
0 0.001766 0.293440 0.000931 0.022400
0 0.001784 0.293888 0.000896 0.021056
0 0.001798 0.293440 0.000869 0.021504
0 0.001812 0.292096 0.000840 0.022848
0 0.001829 0.293440 0.000807 0.018816
0 0.001842 0.292992 0.000780 0.019712
0 0.001855 0.291200 0.000754 0.021056
0 0.001865 0.296128 0.000734 0.024192
0 0.001737 0.411264 0.000990 0.020608
0 0.001730 0.420672 0.001005 0.020160
0 0.001723 0.431424 0.001019 0.020608
0 0.001721 0.440384 0.001023 0.015680
0 0.001708 0.448000 0.001049 0.017024
0 0.001707 0.456960 0.001050 0.019712
0 0.001694 0.465920 0.001076 0.016576
0 0.001687 0.473984 0.001089 0.015680
0 0.001680 0.482496 0.001104 0.017920
0 0.001670 0.491904 0.001124 0.021504
0 0.001664 0.501760 0.001137 0.018816
0 0.001763 0.319424 0.000938 0.017472
0 0.001776 0.319424 0.000912 0.019264
0 0.001788 0.318080 0.000888 0.020160
0 0.001694 0.362432 0.001077 0.016128
0 0.001747 0.697984 0.000969 0.017472
0 0.001735 0.694400 0.000994 0.018816
0 0.001726 0.690368 0.001013 0.017920
0 0.001715 0.686784 0.001034 0.017024
0 0.001701 0.681856 0.001062 0.019264
0 0.001715 0.663488 0.001035 0.022848
0 0.001731 0.667520 0.001002 0.019264
0 0.001741 0.671104 0.000982 0.019264
0 0.001752 0.675136 0.000960 0.018368
0 0.001775 0.681408 0.000915 0.019264
0 0.001786 0.684992 0.000893 0.020160
0 0.001796 0.689024 0.000871 0.017920
0 0.001681 0.364224 0.001102 0.012544
0 0.001708 0.363776 0.001049 0.016576
0 0.001801 0.318528 0.000862 0.019264
0 0.001721 0.361984 0.001023 0.018816
0 0.001735 0.361984 0.000994 0.017920
0 0.001748 0.360640 0.000968 0.019264
0 0.001758 0.364672 0.000949 0.022848
0 0.001787 0.369600 0.000890 0.031360
0 0.001803 0.376768 0.000858 0.029568
0 0.001764 0.388864 0.000935 0.015680
0 0.001760 0.394688 0.000945 0.021952
0 0.001745 0.402752 0.000975 0.019264
0 0.001851 0.318080 0.000762 0.022400
0 0.001842 0.315392 0.000780 0.016576
0 0.001826 0.314944 0.000811 0.012992
0 0.001814 0.318976 0.000837 0.020160
0 0.001662 0.510720 0.001140 0.017024
0 0.001644 0.529088 0.001177 0.016576
0 0.001769 0.705152 0.000926 0.017920
0 0.001634 0.538048 0.001196 0.018816
0 0.001466 0.651392 0.001533 0.007616
0 0.001501 0.628992 0.001462 0.009856
0 0.001500 0.633920 0.001464 0.009408
0 0.001496 0.638400 0.001473 0.008960
0 0.001953 0.576576 0.000558 0.012096
0 0.001990 0.532672 0.000484 0.011200
0 0.001895 0.502208 0.000674 0.012544
0 0.001918 0.588224 0.000629 0.013888
0 0.001891 0.640640 0.000683 0.019712
0 0.001888 0.665728 0.000689 0.015232
0 0.001873 0.663040 0.000719 0.019264
0 0.001860 0.658560 0.000745 0.019712
0 0.001848 0.654528 0.000768 0.019712
0 0.001878 0.636160 0.000709 0.021504
0 0.001867 0.632576 0.000731 0.020160
0 0.001854 0.627648 0.000757 0.021952
0 0.001842 0.624064 0.000780 0.020160
0 0.001829 0.620480 0.000806 0.022400
0 0.001818 0.616000 0.000829 0.021056
0 0.001806 0.612416 0.000852 0.022400
0 0.001794 0.607936 0.000875 0.021056
0 0.001782 0.604352 0.000900 0.021056
0 0.001765 0.602112 0.000934 0.022400
0 0.001754 0.622720 0.000957 0.019264
0 0.001766 0.625856 0.000933 0.018368
0 0.001777 0.630336 0.000909 0.018368
0 0.001789 0.633472 0.000886 0.019264
0 0.001801 0.638400 0.000863 0.019712
0 0.001811 0.642432 0.000841 0.019264
0 0.001464 0.647360 0.001537 0.006272
0 0.001462 0.643776 0.001539 0.006272
0 0.001460 0.640192 0.001544 0.006272
0 0.001514 0.616896 0.001436 0.009856
0 0.001625 0.547456 0.001214 0.018368
0 0.001619 0.555520 0.001227 0.016128
0 0.001617 0.563136 0.001230 0.013440
0 0.001613 0.569856 0.001238 0.017472
0 0.001598 0.578368 0.001268 0.018368
0 0.001591 0.587776 0.001283 0.017472
0 0.001586 0.596288 0.001293 0.016128
0 0.001578 0.603456 0.001308 0.013888
0 0.001574 0.612864 0.001316 0.014336
0 0.001569 0.620928 0.001325 0.016576
0 0.001552 0.637504 0.001359 0.014336
0 0.001542 0.646016 0.001381 0.018368
0 0.001545 0.687232 0.001374 0.021504
0 0.001511 0.620928 0.001443 0.008960
0 0.001458 0.637056 0.001548 0.005824
0 0.001507 0.625408 0.001451 0.009408
0 0.001490 0.588672 0.001484 0.012544
0 0.001499 0.590912 0.001467 0.012544
0 0.001505 0.594496 0.001454 0.011200
0 0.001512 0.595840 0.001440 0.012544
0 0.001526 0.598080 0.001413 0.009856
0 0.001531 0.600768 0.001403 0.012992
0 0.001441 0.591360 0.001582 0.007616
0 0.001443 0.595840 0.001579 0.006720
0 0.001444 0.600320 0.001576 0.006720
0 0.001445 0.604352 0.001574 0.006720
0 0.001456 0.629888 0.001553 0.005824
0 0.001457 0.633024 0.001550 0.005824
0 0.001758 0.701568 0.000948 0.017024
0 0.001781 0.708288 0.000901 0.016128
0 0.001953 0.420224 0.000558 0.017024
0 0.001616 0.876288 0.001233 0.011200
0 0.001694 0.857472 0.001076 0.010752
0 0.001702 0.861952 0.001059 0.012992
0 0.001713 0.865088 0.001039 0.011200
0 0.001722 0.867776 0.001020 0.011200
0 0.001734 0.851648 0.000995 0.014336
0 0.001726 0.848064 0.001013 0.013440
0 0.001715 0.845376 0.001035 0.014784
0 0.001706 0.841792 0.001053 0.014336
0 0.001697 0.838656 0.001070 0.013440
0 0.001686 0.835968 0.001092 0.014336
0 0.001678 0.832832 0.001109 0.013888
0 0.001668 0.830592 0.001129 0.012992
0 0.001659 0.827456 0.001147 0.013440
0 0.001650 0.822976 0.001164 0.013440
0 0.001640 0.819840 0.001185 0.015232
0 0.001631 0.817152 0.001203 0.013888
0 0.001621 0.814464 0.001222 0.013440
0 0.001610 0.856576 0.001245 0.011200
0 0.001619 0.859712 0.001227 0.011648
0 0.001627 0.862848 0.001209 0.012096
0 0.001638 0.865984 0.001189 0.011648
0 0.001647 0.869120 0.001170 0.011648
0 0.001656 0.872256 0.001152 0.013440
0 0.001666 0.875840 0.001132 0.011200
0 0.001676 0.878976 0.001113 0.011648
0 0.001685 0.882560 0.001094 0.011648
0 0.001695 0.885248 0.001074 0.012096
0 0.001587 0.866880 0.001290 0.011200
0 0.001596 0.870016 0.001272 0.011648
0 0.001675 0.850752 0.001114 0.011200
0 0.001666 0.848064 0.001132 0.012096
0 0.001656 0.844928 0.001152 0.012096
0 0.002062 0.455616 0.000341 0.015232
0 0.001965 0.422464 0.000535 0.015680
0 0.001976 0.426048 0.000511 0.016128
0 0.001986 0.430976 0.000492 0.017472
0 0.001998 0.433216 0.000469 0.016128
0 0.002008 0.437696 0.000449 0.015680
0 0.001980 0.403648 0.000505 0.017920
0 0.001991 0.407680 0.000481 0.016128
0 0.002001 0.411712 0.000462 0.016576
0 0.002012 0.414400 0.000440 0.019264
0 0.002024 0.418432 0.000416 0.015680
0 0.002036 0.420672 0.000393 0.015680
0 0.002046 0.425152 0.000372 0.016128
0 0.002067 0.432320 0.000330 0.016576
0 0.002040 0.448896 0.000385 0.017024
0 0.001647 0.840896 0.001170 0.011648
0 0.002030 0.444864 0.000404 0.015680
0 0.002019 0.440832 0.000425 0.015232
0 0.001889 0.451584 0.000687 0.028224
0 0.001936 0.456512 0.000592 0.017472
0 0.001938 0.479808 0.000588 0.013440
0 0.001600 0.853888 0.001264 0.011200
0 0.001591 0.810880 0.001283 0.024192
0 0.001612 0.810432 0.001239 0.013888
0 0.001602 0.825216 0.001260 0.009408
0 0.001610 0.828800 0.001244 0.011200
0 0.001618 0.832832 0.001229 0.012544
0 0.001629 0.835072 0.001207 0.011648
0 0.001638 0.838208 0.001189 0.012096
0 0.001606 0.873600 0.001252 0.012544
0 0.001627 0.879424 0.001211 0.010752
0 0.001794 0.711424 0.000877 0.015232
0 0.001636 0.882560 0.001193 0.010304
0 0.001793 0.777728 0.000878 0.013440
0 0.001782 0.774592 0.000900 0.013440
0 0.001771 0.771008 0.000922 0.014336
0 0.001808 0.759808 0.000848 0.016128
0 0.001798 0.757120 0.000869 0.014784
0 0.001786 0.753536 0.000893 0.015680
0 0.001760 0.767424 0.000944 0.014784
0 0.001749 0.764288 0.000967 0.015232
0 0.001740 0.760256 0.000984 0.013888
0 0.001728 0.757120 0.001008 0.014336
0 0.001717 0.753536 0.001031 0.015232
0 0.001707 0.749952 0.001050 0.013888
0 0.001694 0.746368 0.001076 0.014336
0 0.001685 0.741888 0.001094 0.013440
0 0.001672 0.739648 0.001119 0.015680
0 0.001662 0.726656 0.001140 0.023744
0 0.001687 0.721728 0.001089 0.015232
0 0.001698 0.724864 0.001069 0.017024
0 0.001711 0.728000 0.001043 0.016128
0 0.001720 0.732480 0.001024 0.015680
0 0.001730 0.736064 0.001004 0.016576
0 0.001741 0.739200 0.000982 0.016128
0 0.001753 0.742784 0.000959 0.017024
0 0.001764 0.745472 0.000937 0.018368
0 0.001774 0.749504 0.000916 0.018368
0 0.001836 0.727104 0.000792 0.013888
0 0.001826 0.722624 0.000813 0.012992
0 0.001813 0.719488 0.000839 0.017920
0 0.001803 0.715904 0.000859 0.017024
0 0.001741 0.796544 0.000982 0.014336
0 0.001730 0.792960 0.001004 0.014336
0 0.001721 0.790720 0.001023 0.013440
0 0.001708 0.806848 0.001049 0.013440
0 0.001645 0.885248 0.001174 0.011200
0 0.001653 0.889280 0.001158 0.012096
0 0.001662 0.892864 0.001140 0.012096
0 0.001672 0.897344 0.001121 0.012096
0 0.001681 0.901376 0.001102 0.011648
0 0.001689 0.904064 0.001085 0.011648
0 0.001755 0.823872 0.000954 0.015232
0 0.001771 0.804608 0.000922 0.014784
0 0.001762 0.802816 0.000941 0.013440
0 0.001750 0.799232 0.000964 0.014784
0 0.001739 0.815360 0.000986 0.011648
0 0.001729 0.812224 0.001006 0.011648
0 0.001719 0.809088 0.001027 0.012992
0 0.001698 0.802816 0.001068 0.011648
0 0.001709 0.786688 0.001046 0.015232
0 0.001689 0.800128 0.001087 0.010752
0 0.001676 0.796544 0.001111 0.013888
0 0.001665 0.792960 0.001134 0.015232
0 0.001657 0.788928 0.001151 0.013440
0 0.001645 0.786688 0.001174 0.014784
0 0.001637 0.783104 0.001190 0.013440
0 0.001621 0.771008 0.001223 0.027776
0 0.001651 0.766528 0.001163 0.012096
0 0.001659 0.770112 0.001147 0.015232
0 0.001671 0.773248 0.001122 0.014336
0 0.001681 0.777728 0.001103 0.013440
0 0.001690 0.780864 0.001084 0.013888
0 0.001700 0.783552 0.001064 0.013440
0 0.007883 0.033152 0.015485 0.064960
