0 0.014887 0.752640 0.028261 0.155904
0 0.014882 0.589568 0.028271 0.157248
0 0.005085 0.172928 0.007687 0.032256
0 0.005087 0.223104 0.007683 0.032704
0 0.005090 0.271936 0.007677 0.033600
0 0.005225 0.219968 0.007407 0.032704
0 0.005227 0.268352 0.007403 0.034048
0 0.005229 0.318528 0.007399 0.033600
0 0.005366 0.315840 0.007125 0.033600
0 0.005369 0.365120 0.007119 0.033600
0 0.006338 0.416640 0.009645 0.044352
0 0.006336 0.368704 0.009649 0.042112
0 0.015894 0.469952 0.030711 0.062720
0 0.006475 0.420224 0.009371 0.044352
0 0.003479 0.057792 0.006434 0.106624
0 0.015801 0.509824 0.030898 0.137536
0 0.015692 0.546112 0.031116 0.102592
0 0.014626 0.313600 0.028784 0.183680
