0 0.012146 0.400960 0.020351 0.014336
0 0.011865 0.052416 0.020912 0.024640
0 0.004640 0.222656 0.008578 0.060480
0 0.004683 0.318528 0.008491 0.064960
0 0.004733 0.413504 0.008391 0.062720
0 0.004818 0.559104 0.008221 0.141568
0 0.005122 0.404992 0.007613 0.064960
0 0.005114 0.307776 0.007629 0.065408
0 0.005060 0.210560 0.007737 0.065408
0 0.016173 0.502208 0.030155 0.055104
0 0.004944 0.738752 0.007970 0.140224
0 0.011869 0.129024 0.020904 0.023296
0 0.012109 0.245952 0.020425 0.017024
0 0.011922 0.129472 0.020799 0.023296
0 0.011813 0.130368 0.021017 0.023296
0 0.011707 0.132608 0.021229 0.027776
0 0.011736 0.131264 0.021171 0.024192
0 0.011838 0.056000 0.020967 0.028224
0 0.011778 0.060480 0.021087 0.016576
0 0.011771 0.043904 0.021101 0.014336
0 0.011839 0.129472 0.020964 0.025536
0 0.011774 0.028224 0.021095 0.013888
0 0.004636 0.123200 0.008585 0.065408
