0 0.011178 0.490560 0.022287 0.029568
0 0.011371 0.088704 0.021900 0.018368
0 0.011314 0.449792 0.022014 0.020608
0 0.011291 0.556864 0.022062 0.028224
0 0.011462 0.146496 0.021719 0.025536
0 0.011453 0.101248 0.021736 0.025536
0 0.011443 0.055552 0.021757 0.025088
0 0.011360 0.015232 0.021923 0.019712
0 0.011363 0.060480 0.021916 0.014784
0 0.011360 0.043904 0.021923 0.018368
0 0.011380 0.120064 0.021883 0.017472
0 0.011192 0.260288 0.022259 0.019712
0 0.011385 0.147840 0.021874 0.017920
0 0.005043 0.823424 0.007771 0.092736
0 0.005068 0.760704 0.007720 0.094080
0 0.004898 0.694400 0.008061 0.092288
0 0.004873 0.756672 0.008111 0.094080
0 0.004703 0.690368 0.008452 0.093632
0 0.004727 0.629440 0.008404 0.092736
0 0.003725 0.485632 0.005943 0.168000
0 0.011319 0.437696 0.022005 0.020608
0 0.012060 0.017920 0.020522 0.026880
0 0.012047 0.023744 0.020549 0.022848
0 0.012035 0.027328 0.020573 0.026880
0 0.011307 0.476672 0.022029 0.019264
0 0.011263 0.547904 0.022117 0.027328
0 0.011275 0.552832 0.022092 0.026880
0 0.011923 0.038976 0.020797 0.031808
0 0.011895 0.030912 0.020852 0.022848
0 0.011883 0.021056 0.020877 0.025536
0 0.011491 0.264320 0.021660 0.017472
0 0.011432 0.027328 0.021778 0.028224
0 0.011444 0.073472 0.021754 0.025536
0 0.011440 0.041216 0.021764 0.025088
0 0.011359 0.029568 0.021925 0.020608
0 0.011910 0.033152 0.020823 0.023744
0 0.011938 0.040320 0.020766 0.022848
0 0.011964 0.046144 0.020715 0.025536
0 0.011999 0.045696 0.020644 0.026880
0 0.012010 0.038528 0.020623 0.025536
0 0.012023 0.031360 0.020597 0.025536
0 0.004089 0.323456 0.005214 0.163968
