0 0.001921 0.384384 0.000622 0.020160
0 0.001596 0.476672 0.001273 0.028224
0 0.001706 0.399616 0.001052 0.026880
0 0.001683 0.409920 0.001098 0.024640
0 0.001680 0.415296 0.001104 0.025984
0 0.001668 0.423360 0.001129 0.024192
0 0.001647 0.436800 0.001170 0.028224
0 0.001629 0.443072 0.001206 0.033152
0 0.001618 0.447104 0.001228 0.036736
0 0.001619 0.455616 0.001227 0.030016
0 0.001612 0.463232 0.001241 0.028224
0 0.001595 0.468608 0.001274 0.028672
0 0.001587 0.481152 0.001290 0.024192
0 0.001898 0.400064 0.000669 0.016576
0 0.001570 0.487872 0.001325 0.029120
0 0.001569 0.493248 0.001327 0.025984
0 0.001560 0.500416 0.001344 0.031360
0 0.001544 0.506240 0.001376 0.028672
0 0.001552 0.526400 0.001360 0.016576
0 0.001541 0.515648 0.001382 0.018816
0 0.001527 0.523712 0.001411 0.029120
0 0.001585 0.519232 0.001294 0.018368
0 0.001602 0.505792 0.001261 0.028224
0 0.001610 0.497280 0.001245 0.023296
0 0.001714 0.394688 0.001035 0.029120
0 0.001724 0.386624 0.001016 0.021056
0 0.001730 0.380352 0.001004 0.025984
0 0.001731 0.377216 0.001002 0.029120
0 0.001825 0.436352 0.000815 0.020160
0 0.001818 0.441728 0.000828 0.017024
0 0.001814 0.458304 0.000837 0.014336
0 0.001810 0.443968 0.000844 0.021952
0 0.001805 0.449792 0.000854 0.017920
0 0.001800 0.453376 0.000865 0.018368
0 0.001793 0.456960 0.000879 0.020160
0 0.001787 0.460544 0.000891 0.021056
0 0.001795 0.471296 0.000874 0.014336
0 0.001755 0.401408 0.000954 0.030464
0 0.001761 0.393344 0.000942 0.028224
0 0.001770 0.387520 0.000923 0.025088
0 0.001781 0.380800 0.000903 0.022400
0 0.001787 0.376768 0.000891 0.025984
0 0.001798 0.370944 0.000869 0.023296
0 0.001789 0.340928 0.000886 0.032256
0 0.001781 0.347200 0.000902 0.029120
0 0.001773 0.353472 0.000918 0.028672
0 0.001765 0.360640 0.000933 0.026880
0 0.001757 0.367360 0.000950 0.026432
0 0.001739 0.370048 0.000986 0.030464
0 0.001618 0.491904 0.001228 0.022848
0 0.001633 0.487872 0.001198 0.029120
0 0.001635 0.479360 0.001194 0.024640
0 0.001726 0.547456 0.001013 0.024640
0 0.001715 0.520576 0.001034 0.025984
0 0.001706 0.527744 0.001052 0.024192
0 0.001692 0.533120 0.001080 0.024640
0 0.001709 0.560896 0.001047 0.025088
0 0.001711 0.552384 0.001043 0.019264
0 0.001695 0.570752 0.001074 0.024192
0 0.001688 0.541184 0.001088 0.022848
0 0.001691 0.570752 0.001082 0.025088
0 0.001674 0.545216 0.001117 0.025984
0 0.001670 0.549696 0.001124 0.026432
0 0.001677 0.577472 0.001111 0.024192
0 0.001663 0.555968 0.001138 0.025088
0 0.001655 0.564032 0.001154 0.023296
0 0.001660 0.590912 0.001145 0.024640
0 0.001652 0.596736 0.001160 0.024192
0 0.001646 0.568064 0.001172 0.024192
0 0.001630 0.572992 0.001204 0.029120
0 0.001643 0.601216 0.001178 0.021952
0 0.001619 0.585536 0.001227 0.022848
0 0.001630 0.580160 0.001204 0.024192
0 0.001633 0.629888 0.001199 0.007616
0 0.001718 0.516096 0.001028 0.022400
0 0.001742 0.536704 0.000979 0.025984
0 0.001644 0.473984 0.001177 0.028672
0 0.001745 0.532224 0.000975 0.026432
0 0.001654 0.470848 0.001157 0.025984
0 0.001662 0.461440 0.001140 0.022848
0 0.001670 0.456512 0.001125 0.025984
0 0.001678 0.452032 0.001108 0.029120
0 0.001686 0.445312 0.001093 0.026432
0 0.001695 0.436800 0.001074 0.022400
0 0.001710 0.435008 0.001045 0.024192
0 0.001714 0.429632 0.001036 0.022400
0 0.001720 0.424704 0.001024 0.028672
0 0.001730 0.417984 0.001004 0.024192
0 0.001746 0.409920 0.000973 0.030464
0 0.001781 0.474880 0.000902 0.026880
0 0.001773 0.481152 0.000918 0.026432
0 0.001756 0.486080 0.000951 0.030016
0 0.001770 0.509824 0.000924 0.016128
0 0.001763 0.521024 0.000938 0.014784
0 0.001755 0.493248 0.000954 0.026880
0 0.001742 0.498176 0.000979 0.025984
0 0.001752 0.524608 0.000959 0.026880
0 0.001739 0.503552 0.000987 0.022400
0 0.001732 0.509376 0.001000 0.021056
0 0.001830 0.433664 0.000803 0.017024
0 0.001836 0.428288 0.000792 0.022848
0 0.001863 0.422016 0.000737 0.045248
0 0.001309 0.415744 0.001847 0.008512
0 0.001326 0.428288 0.001812 0.019264
0 0.001368 0.424256 0.001728 0.021952
0 0.001382 0.394240 0.001701 0.036736
0 0.001372 0.404544 0.001719 0.010304
0 0.001662 0.288512 0.001141 0.031360
0 0.001765 0.190848 0.000934 0.027328
0 0.001774 0.214592 0.000917 0.021056
0 0.001776 0.193536 0.000913 0.048832
0 0.001802 0.151424 0.000860 0.011648
0 0.001793 0.180992 0.000879 0.037184
0 0.001923 0.090048 0.000619 0.024640
0 0.001952 0.073472 0.000560 0.025984
0 0.001964 0.099904 0.000536 0.025984
0 0.001976 0.094976 0.000512 0.036288
0 0.001986 0.089600 0.000492 0.024192
0 0.001993 0.083776 0.000477 0.026880
0 0.002001 0.078400 0.000463 0.027328
0 0.001980 0.067200 0.000505 0.014784
0 0.002020 0.056896 0.000423 0.038976
0 0.002011 0.044800 0.000443 0.019264
0 0.002119 0.206976 0.000226 0.026432
0 0.001314 0.403648 0.001836 0.009856
0 0.001301 0.407232 0.001862 0.011648
0 0.002109 0.180992 0.000246 0.028224
0 0.001307 0.385280 0.001851 0.021056
0 0.008525 0.114240 0.014201 0.058240
0 0.008456 0.189952 0.014338 0.081984
0 0.008523 0.245056 0.014203 0.216832
0 0.008568 0.324800 0.014114 0.180992
0 0.008780 0.190400 0.013691 0.086912
0 0.007827 0.444864 0.015596 0.049280
0 0.008069 0.398720 0.015112 0.051072
0 0.007941 0.594944 0.015369 0.081984
0 0.008119 0.614656 0.015011 0.094528
0 0.008228 0.443072 0.014794 0.233408
0 0.008323 0.540736 0.014604 0.160832
0 0.008378 0.624512 0.014494 0.120960
0 0.008545 0.661696 0.014161 0.086912
0 0.008623 0.681408 0.014004 0.113344
0 0.008684 0.685440 0.013881 0.115584
0 0.008746 0.687680 0.013758 0.120512
0 0.001177 0.266112 0.002110 0.008960
0 0.001200 0.452928 0.002063 0.018368
0 0.001151 0.467264 0.002162 0.008512
0 0.001261 0.448896 0.001942 0.016128
0 0.001278 0.389760 0.001909 0.020160
0 0.002099 0.211008 0.000265 0.027328
0 0.002100 0.157696 0.000264 0.022848
0 0.001835 0.343168 0.000793 0.018368
0 0.001966 0.256256 0.000532 0.025088
0 0.001949 0.264320 0.000567 0.024192
0 0.001935 0.235648 0.000594 0.032256
0 0.001935 0.243712 0.000594 0.029120
0 0.001941 0.270592 0.000583 0.020608
0 0.001933 0.275968 0.000598 0.021056
0 0.001926 0.250880 0.000613 0.028224
0 0.001919 0.255808 0.000626 0.021056
0 0.001925 0.283136 0.000615 0.025088
0 0.001916 0.288064 0.000632 0.028224
0 0.001916 0.290752 0.000633 0.023296
0 0.001909 0.297472 0.000646 0.027328
0 0.001899 0.267008 0.000666 0.027328
0 0.001880 0.278208 0.000705 0.032704
0 0.001863 0.284032 0.000739 0.032704
0 0.001875 0.315392 0.000715 0.022400
0 0.001863 0.292992 0.000737 0.027328
0 0.001854 0.297920 0.000756 0.021952
0 0.001846 0.303296 0.000772 0.025088
0 0.001864 0.326592 0.000737 0.027328
0 0.001826 0.306432 0.000811 0.034944
0 0.001825 0.318528 0.000815 0.021952
0 0.001956 0.259392 0.000551 0.024192
0 0.001951 0.228480 0.000561 0.026880
0 0.002092 0.171584 0.000281 0.022400
0 0.001960 0.225344 0.000543 0.027328
0 0.002074 0.183232 0.000316 0.033152
0 0.002066 0.186368 0.000333 0.024640
0 0.002104 0.248192 0.000256 0.017024
0 0.002096 0.250432 0.000273 0.021952
0 0.002092 0.255360 0.000281 0.021056
0 0.002050 0.198464 0.000364 0.025984
0 0.002043 0.163072 0.000377 0.030464
0 0.002034 0.177408 0.000395 0.028224
0 0.002026 0.212800 0.000412 0.029120
0 0.002015 0.180544 0.000434 0.032256
0 0.002016 0.191744 0.000431 0.023296
0 0.002007 0.195328 0.000449 0.025088
0 0.002011 0.222208 0.000442 0.025088
0 0.002003 0.228928 0.000459 0.025984
0 0.001998 0.203840 0.000468 0.021952
0 0.001986 0.204736 0.000493 0.034496
0 0.001987 0.239680 0.000491 0.028672
0 0.001995 0.234752 0.000474 0.023296
0 0.001981 0.241920 0.000503 0.020608
0 0.001974 0.250432 0.000517 0.025088
0 0.001971 0.218624 0.000523 0.025984
0 0.001625 0.615552 0.001214 0.021056
0 0.001614 0.614208 0.001237 0.027328
0 0.001602 0.611072 0.001260 0.034496
0 0.001947 0.713664 0.000570 0.006720
0 0.001948 0.697536 0.000569 0.006720
0 0.001948 0.689472 0.000569 0.005824
0 0.001949 0.681856 0.000566 0.006272
0 0.001948 0.673344 0.000568 0.008064
0 0.001949 0.664384 0.000567 0.008512
0 0.001949 0.657216 0.000566 0.007616
0 0.001949 0.647808 0.000567 0.007616
0 0.001949 0.640192 0.000566 0.008512
0 0.001932 0.689024 0.000601 0.006720
0 0.001931 0.680512 0.000603 0.007616
0 0.001931 0.672000 0.000603 0.006720
0 0.001932 0.663936 0.000601 0.006272
0 0.001929 0.656320 0.000606 0.008512
0 0.001932 0.647360 0.000600 0.007616
0 0.001932 0.638848 0.000601 0.006720
0 0.001932 0.629888 0.000600 0.008064
0 0.002009 0.679616 0.000446 0.008064
0 0.002008 0.686784 0.000448 0.007616
0 0.002008 0.696192 0.000448 0.008960
0 0.002009 0.704256 0.000447 0.006720
0 0.002008 0.712768 0.000449 0.006720
0 0.001947 0.706944 0.000570 0.007616
0 0.001946 0.723072 0.000571 0.006272
0 0.002007 0.728448 0.000450 0.007616
0 0.001946 0.731136 0.000571 0.007616
0 0.001877 0.625856 0.000711 0.008064
0 0.001879 0.634816 0.000707 0.008064
0 0.001876 0.643328 0.000713 0.008512
0 0.001874 0.653632 0.000717 0.010752
0 0.001874 0.661696 0.000716 0.007616
0 0.001874 0.671552 0.000717 0.006720
0 0.001876 0.679168 0.000713 0.009856
0 0.001874 0.689024 0.000717 0.008064
0 0.001851 0.677824 0.000763 0.010304
0 0.001852 0.687232 0.000761 0.008512
0 0.001876 0.697984 0.000712 0.006720
0 0.001872 0.707392 0.000719 0.009856
0 0.001852 0.706048 0.000760 0.008960
0 0.001850 0.695744 0.000764 0.010304
0 0.001929 0.696640 0.000607 0.006720
0 0.001927 0.705152 0.000610 0.007616
0 0.001926 0.712768 0.000612 0.008512
0 0.001929 0.722176 0.000607 0.008064
0 0.001926 0.728896 0.000612 0.008960
0 0.001928 0.738304 0.000609 0.008512
0 0.001945 0.740544 0.000575 0.008064
0 0.002010 0.720832 0.000445 0.006720
0 0.002007 0.736064 0.000449 0.007616
0 0.001850 0.659008 0.000765 0.008960
0 0.002051 0.690368 0.000362 0.006720
0 0.002050 0.706496 0.000365 0.006720
0 0.002047 0.716800 0.000370 0.009856
0 0.002049 0.723520 0.000366 0.006272
0 0.002050 0.732480 0.000364 0.006720
0 0.002050 0.740544 0.000364 0.005824
0 0.002048 0.749504 0.000367 0.008064
0 0.002066 0.750400 0.000333 0.008512
0 0.002068 0.740544 0.000329 0.008064
0 0.002068 0.732928 0.000328 0.006720
0 0.002068 0.723520 0.000328 0.007616
0 0.002070 0.716352 0.000324 0.005824
0 0.002068 0.707392 0.000328 0.008512
0 0.002069 0.699776 0.000327 0.006720
0 0.002071 0.683200 0.000322 0.006720
0 0.002071 0.674688 0.000321 0.008064
0 0.002070 0.650496 0.000324 0.008512
0 0.002072 0.641088 0.000320 0.006720
0 0.001715 0.203840 0.001033 0.092288
0 0.001445 0.090496 0.001575 0.011648
0 0.001450 0.081088 0.001565 0.010752
0 0.001879 0.413504 0.000706 0.017920
0 0.002051 0.698880 0.000362 0.007616
0 0.002049 0.682752 0.000366 0.007616
0 0.002007 0.745920 0.000449 0.007616
0 0.002050 0.673344 0.000364 0.008064
0 0.001986 0.745472 0.000492 0.008960
0 0.001988 0.735616 0.000487 0.006720
0 0.001990 0.727552 0.000485 0.006272
0 0.001989 0.719040 0.000487 0.006720
0 0.001991 0.710976 0.000483 0.008512
0 0.001990 0.702464 0.000485 0.008064
0 0.001989 0.695296 0.000487 0.008512
0 0.001991 0.686336 0.000482 0.006720
0 0.001989 0.669760 0.000486 0.008064
0 0.002009 0.670208 0.000447 0.007616
0 0.002009 0.662592 0.000446 0.007616
0 0.002010 0.653632 0.000445 0.007616
0 0.002011 0.645568 0.000442 0.006272
0 0.002010 0.636160 0.000444 0.008960
0 0.001992 0.644672 0.000481 0.008064
0 0.001993 0.653184 0.000478 0.006720
0 0.001992 0.636608 0.000480 0.006272
0 0.002053 0.640640 0.000358 0.008064
0 0.002054 0.649152 0.000357 0.006720
0 0.002054 0.657216 0.000356 0.006720
0 0.002052 0.665728 0.000360 0.006272
0 0.001852 0.669312 0.000761 0.008960
0 0.001858 0.651392 0.000749 0.006272
0 0.001592 0.610176 0.001280 0.027328
0 0.001246 0.580608 0.001973 0.043456
0 0.001258 0.621376 0.001948 0.020160
0 0.001265 0.618688 0.001935 0.017920
0 0.001274 0.620480 0.001917 0.024192
0 0.001285 0.617344 0.001895 0.025984
0 0.001294 0.619136 0.001877 0.029120
0 0.001301 0.618240 0.001862 0.016128
0 0.001309 0.616448 0.001847 0.024192
0 0.001314 0.576128 0.001836 0.038976
0 0.001325 0.573440 0.001813 0.043904
0 0.001326 0.616448 0.001812 0.023296
0 0.001330 0.616000 0.001804 0.018368
0 0.001338 0.615104 0.001788 0.018816
0 0.001353 0.613312 0.001757 0.017920
0 0.001360 0.613312 0.001744 0.023296
0 0.001373 0.612416 0.001718 0.025984
0 0.001367 0.575232 0.001730 0.034944
0 0.001379 0.574336 0.001706 0.036736
0 0.001384 0.609280 0.001697 0.022400
0 0.001397 0.609280 0.001671 0.021056
0 0.001404 0.607040 0.001656 0.024640
0 0.001393 0.568512 0.001678 0.042560
0 0.001250 0.624512 0.001965 0.021056
0 0.001235 0.600768 0.001995 0.048832
0 0.001417 0.616448 0.001631 0.024192
0 0.001506 0.601216 0.001453 0.031360
0 0.001581 0.608384 0.001302 0.033600
0 0.001576 0.642880 0.001311 0.024192
0 0.001596 0.641984 0.001272 0.023296
0 0.001604 0.646016 0.001256 0.028672
0 0.001615 0.647360 0.001234 0.020608
0 0.001623 0.652288 0.001219 0.032256
0 0.001630 0.650496 0.001204 0.027328
0 0.001642 0.652736 0.001180 0.018368
0 0.001566 0.639296 0.001332 0.023296
0 0.001558 0.637952 0.001348 0.020608
0 0.001552 0.635264 0.001359 0.017920
0 0.001559 0.606144 0.001346 0.034944
0 0.001551 0.605248 0.001362 0.030464
0 0.001545 0.635712 0.001375 0.021056
0 0.001538 0.635712 0.001388 0.021056
0 0.001538 0.603456 0.001387 0.032256
0 0.001528 0.602112 0.001409 0.033152
0 0.001531 0.634368 0.001403 0.020608
0 0.001517 0.631680 0.001431 0.020160
0 0.001511 0.631232 0.001443 0.021056
0 0.001516 0.596736 0.001432 0.038528
0 0.001404 0.570752 0.001656 0.034496
0 0.001418 0.578368 0.001629 0.047488
0 0.001854 0.642880 0.000755 0.009856
0 0.001728 0.652288 0.001008 0.025984
0 0.001747 0.641536 0.000970 0.024640
0 0.001756 0.637952 0.000951 0.026880
0 0.001764 0.631680 0.000937 0.026880
0 0.001773 0.626752 0.000919 0.026432
0 0.001781 0.621824 0.000902 0.024192
0 0.001790 0.618688 0.000884 0.028224
0 0.001800 0.615104 0.000864 0.025088
0 0.001803 0.585536 0.000857 0.019264
0 0.001790 0.584640 0.000884 0.022848
0 0.001782 0.590464 0.000901 0.025984
0 0.001778 0.593600 0.000909 0.028672
0 0.001770 0.599872 0.000923 0.025088
0 0.001760 0.603904 0.000944 0.026880
0 0.001752 0.607936 0.000960 0.027328
0 0.001742 0.614656 0.000979 0.023296
0 0.001728 0.619136 0.001008 0.026880
0 0.001718 0.622720 0.001028 0.030016
0 0.001718 0.629440 0.001029 0.024640
0 0.001707 0.631232 0.001050 0.025984
0 0.001695 0.638848 0.001075 0.021952
0 0.001854 0.624512 0.000755 0.010752
0 0.001739 0.646464 0.000987 0.024192
0 0.001722 0.654528 0.001021 0.023296
0 0.001429 0.581504 0.001607 0.042560
0 0.001715 0.656768 0.001033 0.020608
0 0.001438 0.586432 0.001589 0.042560
0 0.001426 0.619584 0.001613 0.018368
0 0.001440 0.621824 0.001584 0.019264
0 0.001447 0.621376 0.001571 0.020160
0 0.001453 0.625408 0.001558 0.021952
0 0.001460 0.626304 0.001545 0.022848
0 0.001468 0.624960 0.001528 0.020160
0 0.001474 0.626752 0.001516 0.021056
0 0.001482 0.627648 0.001501 0.022400
0 0.001490 0.626304 0.001485 0.017024
0 0.001451 0.589568 0.001562 0.035392
0 0.001464 0.592704 0.001537 0.035392
0 0.001474 0.591808 0.001517 0.033152
0 0.001483 0.591360 0.001499 0.044800
0 0.001494 0.593152 0.001477 0.043456
0 0.001496 0.630784 0.001472 0.017024
0 0.001683 0.648256 0.001098 0.024192
0 0.001691 0.642880 0.001083 0.026432
0 0.001693 0.667968 0.001078 0.022400
0 0.001701 0.664384 0.001061 0.018816
0 0.001707 0.660352 0.001050 0.022400
0 0.008651 0.077504 0.013949 0.076608
