0 0.001923 0.452928 0.000617 0.017920
0 0.001871 0.220864 0.000722 0.015232
0 0.001795 0.194880 0.000874 0.016128
0 0.001796 0.176512 0.000873 0.015232
0 0.001798 0.159936 0.000868 0.014336
0 0.001765 0.173824 0.000933 0.015232
0 0.001768 0.155904 0.000929 0.016128
0 0.001767 0.137088 0.000931 0.017920
0 0.001871 0.168448 0.000722 0.016128
0 0.001873 0.185920 0.000719 0.015232
0 0.001873 0.202496 0.000719 0.014336
0 0.001870 0.237888 0.000725 0.016128
0 0.001866 0.290752 0.000732 0.016128
0 0.001868 0.255360 0.000729 0.015232
0 0.001909 0.153216 0.000647 0.017920
0 0.001906 0.172480 0.000652 0.017024
0 0.001906 0.189056 0.000653 0.016128
0 0.001905 0.207424 0.000654 0.016128
0 0.001904 0.224896 0.000657 0.013440
0 0.001900 0.242816 0.000664 0.017024
0 0.001900 0.259840 0.000665 0.017024
0 0.001900 0.277312 0.000665 0.016128
0 0.001765 0.190400 0.000933 0.016128
0 0.001764 0.207872 0.000936 0.017024
0 0.001764 0.225344 0.000937 0.016128
0 0.001764 0.243264 0.000937 0.016128
0 0.001677 0.129472 0.001110 0.021952
0 0.001655 0.115584 0.001155 0.011200
0 0.001664 0.162624 0.001137 0.016128
0 0.001657 0.181888 0.001151 0.017920
0 0.001655 0.200704 0.001153 0.017920
0 0.001654 0.219968 0.001157 0.015232
0 0.001655 0.240576 0.001153 0.016128
0 0.001758 0.336000 0.000948 0.018816
0 0.001791 0.317184 0.000882 0.016128
0 0.001790 0.300160 0.000884 0.016128
0 0.001790 0.281344 0.000885 0.016128
0 0.001792 0.264768 0.000880 0.013440
0 0.001796 0.247744 0.000873 0.015232
0 0.001794 0.231616 0.000877 0.015232
0 0.001794 0.211008 0.000877 0.016128
0 0.001760 0.314048 0.000944 0.013440
0 0.001760 0.296128 0.000945 0.015232
0 0.001761 0.278208 0.000943 0.015232
0 0.001759 0.260736 0.000946 0.017024
0 0.001867 0.274624 0.000730 0.016128
0 0.001900 0.295232 0.000665 0.015232
0 0.001692 0.145600 0.001081 0.016128
0 0.002117 0.400960 0.000229 0.040768
0 0.001968 0.236096 0.000528 0.013440
0 0.001971 0.221760 0.000523 0.014336
0 0.001972 0.204736 0.000519 0.013440
0 0.001973 0.190848 0.000518 0.013440
0 0.001976 0.178304 0.000512 0.011200
0 0.002056 0.280000 0.000353 0.013440
0 0.002052 0.295680 0.000361 0.014336
0 0.002053 0.314944 0.000358 0.017024
0 0.002049 0.351680 0.000367 0.014336
0 0.002061 0.654528 0.000342 0.017024
0 0.001897 0.313600 0.000670 0.016128
0 0.002059 0.666624 0.000347 0.012544
0 0.002059 0.689472 0.000347 0.010304
0 0.002058 0.702912 0.000349 0.007616
0 0.002056 0.715904 0.000353 0.010304
0 0.002055 0.758464 0.000354 0.014336
0 0.002035 0.739200 0.000395 0.011200
0 0.002036 0.726656 0.000392 0.011200
0 0.002036 0.713664 0.000392 0.011200
0 0.002037 0.700672 0.000390 0.010304
0 0.001971 0.250432 0.000522 0.013440
0 0.001969 0.264768 0.000526 0.013440
0 0.001967 0.280000 0.000530 0.015232
0 0.001965 0.295232 0.000533 0.013440
0 0.001899 0.330176 0.000667 0.015232
0 0.001868 0.307776 0.000729 0.014336
0 0.001865 0.326592 0.000733 0.015232
0 0.001861 0.344064 0.000742 0.016128
0 0.001962 0.357952 0.000539 0.014336
0 0.001991 0.360640 0.000483 0.013440
0 0.001988 0.342720 0.000487 0.013440
0 0.001990 0.328832 0.000484 0.016128
0 0.001992 0.314048 0.000480 0.011200
0 0.001993 0.298816 0.000479 0.013440
0 0.001994 0.284480 0.000477 0.013440
0 0.001994 0.270144 0.000476 0.016128
0 0.001994 0.254016 0.000477 0.014336
0 0.001994 0.238784 0.000476 0.016128
0 0.001997 0.224000 0.000471 0.013440
0 0.001999 0.208768 0.000467 0.011200
0 0.001965 0.340928 0.000535 0.014336
0 0.001965 0.324352 0.000533 0.013440
0 0.001966 0.311360 0.000532 0.011200
0 0.001693 0.127232 0.001078 0.017024
0 0.001689 0.167104 0.001086 0.013440
0 0.001253 0.436800 0.001958 0.031360
0 0.001209 0.232960 0.002046 0.012544
0 0.001276 0.170240 0.001913 0.029568
0 0.001284 0.182784 0.001896 0.038976
0 0.001260 0.189952 0.001945 0.013440
0 0.001259 0.204736 0.001946 0.013440
0 0.001260 0.220416 0.001945 0.016128
0 0.001214 0.170240 0.002037 0.017920
0 0.001210 0.185920 0.002045 0.017024
0 0.001210 0.201600 0.002045 0.014336
0 0.001209 0.216832 0.002046 0.012544
0 0.001210 0.244160 0.002045 0.010304
0 0.001393 0.130368 0.001677 0.023744
0 0.001210 0.263424 0.002044 0.012544
0 0.001233 0.267008 0.001998 0.014336
0 0.001260 0.271488 0.001944 0.017024
0 0.001265 0.248192 0.001934 0.025536
0 0.001291 0.277312 0.001882 0.017920
0 0.001320 0.185920 0.001824 0.035840
0 0.001307 0.185472 0.001850 0.040768
0 0.001286 0.224896 0.001891 0.015232
0 0.001304 0.219520 0.001856 0.012544
0 0.001268 0.093632 0.001928 0.016128
0 0.001240 0.153664 0.001985 0.024640
0 0.001241 0.137088 0.001981 0.012544
0 0.001246 0.123200 0.001972 0.011200
0 0.007957 0.216384 0.015335 0.115584
0 0.008079 0.195328 0.015093 0.193536
0 0.008040 0.446656 0.015170 0.077952
0 0.008196 0.547904 0.014857 0.240128
0 0.008219 0.201600 0.014812 0.206080
0 0.008292 0.554624 0.014666 0.223104
0 0.008347 0.217728 0.014557 0.203840
0 0.008371 0.587776 0.014508 0.207872
0 0.008452 0.228928 0.014346 0.209664
0 0.008448 0.600768 0.014355 0.210560
0 0.008525 0.619584 0.014201 0.229824
0 0.008558 0.241024 0.014135 0.210560
0 0.008600 0.634816 0.014051 0.241024
0 0.008659 0.255360 0.013931 0.202944
0 0.008665 0.648704 0.013920 0.255360
0 0.008727 0.666176 0.013795 0.269248
0 0.008798 0.743232 0.013653 0.137536
0 0.008744 0.319872 0.013762 0.094976
0 0.001250 0.087808 0.001964 0.012544
0 0.001298 0.183232 0.001868 0.028672
0 0.001391 0.160384 0.001682 0.024640
0 0.001691 0.185472 0.001082 0.014336
0 0.001521 0.281792 0.001423 0.017024
0 0.001572 0.136192 0.001320 0.019712
0 0.001570 0.158144 0.001325 0.017920
0 0.001571 0.178752 0.001322 0.019712
0 0.001567 0.199360 0.001330 0.017024
0 0.001569 0.221760 0.001326 0.017920
0 0.001564 0.244608 0.001335 0.018816
0 0.001564 0.265216 0.001335 0.019712
0 0.001566 0.286720 0.001333 0.018816
0 0.001564 0.306432 0.001335 0.017024
0 0.001525 0.299712 0.001415 0.013440
0 0.001388 0.201152 0.001688 0.018816
0 0.001652 0.320768 0.001160 0.026432
0 0.001648 0.298816 0.001169 0.017024
0 0.001653 0.279552 0.001159 0.014336
0 0.001651 0.260288 0.001163 0.016128
0 0.001684 0.283584 0.001097 0.017024
0 0.001686 0.302848 0.001092 0.015232
0 0.001686 0.244160 0.001093 0.014336
0 0.001688 0.224448 0.001088 0.016128
0 0.001690 0.204288 0.001085 0.016128
0 0.001604 0.107968 0.001256 0.007616
0 0.001577 0.105728 0.001311 0.010304
0 0.001579 0.117824 0.001306 0.009408
0 0.001595 0.120064 0.001274 0.012544
0 0.001388 0.223104 0.001689 0.021056
0 0.001387 0.245056 0.001690 0.021952
0 0.001384 0.267008 0.001696 0.023744
0 0.001431 0.273280 0.001602 0.018816
0 0.001409 0.300608 0.001647 0.034048
0 0.001432 0.250432 0.001600 0.018816
0 0.001434 0.228928 0.001596 0.017920
0 0.001436 0.206528 0.001592 0.014336
0 0.001433 0.185024 0.001598 0.018816
0 0.001437 0.166208 0.001590 0.017024
0 0.001438 0.119616 0.001589 0.018816
0 0.001445 0.095424 0.001574 0.023744
0 0.001530 0.129472 0.001404 0.017920
0 0.001529 0.151872 0.001406 0.018816
0 0.001532 0.174720 0.001399 0.018816
0 0.001526 0.194432 0.001412 0.018816
0 0.001527 0.215488 0.001411 0.017024
0 0.001521 0.239232 0.001423 0.021056
0 0.001523 0.260736 0.001418 0.018816
0 0.002038 0.687680 0.000388 0.011200
0 0.002039 0.662144 0.000386 0.011200
0 0.002038 0.676032 0.000388 0.012544
0 0.001703 0.638400 0.001058 0.011200
0 0.001678 0.513856 0.001108 0.012544
0 0.001682 0.528640 0.001100 0.013440
0 0.001681 0.545216 0.001102 0.012544
0 0.001680 0.559552 0.001105 0.011200
0 0.001677 0.575680 0.001110 0.011200
0 0.001679 0.589120 0.001107 0.013440
0 0.001682 0.604800 0.001101 0.012544
0 0.001677 0.619584 0.001110 0.011200
0 0.001677 0.634368 0.001110 0.012544
0 0.001704 0.652288 0.001056 0.012544
0 0.001631 0.491904 0.001202 0.010304
0 0.001703 0.623168 0.001059 0.013440
0 0.001703 0.607488 0.001059 0.014336
0 0.001702 0.591360 0.001060 0.012544
0 0.001624 0.598528 0.001217 0.013440
0 0.001625 0.612864 0.001214 0.011200
0 0.001624 0.628096 0.001216 0.011200
0 0.001624 0.568960 0.001216 0.014336
0 0.001632 0.551488 0.001199 0.010304
0 0.001628 0.524608 0.001209 0.013440
0 0.001682 0.499072 0.001100 0.013440
0 0.001706 0.502208 0.001052 0.012544
0 0.001706 0.518336 0.001052 0.012544
0 0.001705 0.531328 0.001054 0.011200
0 0.001782 0.587776 0.000900 0.014336
0 0.001782 0.572096 0.000900 0.011200
0 0.001783 0.557312 0.000899 0.012544
0 0.001784 0.542976 0.000895 0.012544
0 0.001754 0.629440 0.000956 0.012544
0 0.001754 0.643328 0.000956 0.015232
0 0.001754 0.614656 0.000957 0.015232
0 0.001754 0.598528 0.000956 0.015232
0 0.001758 0.585536 0.000949 0.013440
0 0.001760 0.569856 0.000945 0.012544
0 0.001760 0.554176 0.000945 0.013440
0 0.001760 0.538944 0.000944 0.011200
0 0.001761 0.523712 0.000942 0.013440
0 0.001760 0.509824 0.000945 0.014336
0 0.001785 0.527296 0.000894 0.013440
0 0.001784 0.512512 0.000895 0.011200
0 0.001705 0.547008 0.001055 0.014336
0 0.001704 0.577920 0.001056 0.013440
0 0.001704 0.562688 0.001056 0.015232
0 0.001629 0.508480 0.001205 0.011200
0 0.001631 0.460992 0.001202 0.013440
0 0.002040 0.648704 0.000384 0.010304
0 0.001386 0.447552 0.001693 0.061824
0 0.001513 0.517888 0.001438 0.013440
0 0.001515 0.498624 0.001435 0.016128
0 0.001512 0.482048 0.001440 0.017024
0 0.001547 0.498624 0.001370 0.016128
0 0.001545 0.467264 0.001373 0.016128
0 0.001548 0.446656 0.001369 0.011200
0 0.001444 0.448000 0.001577 0.049280
0 0.001430 0.440384 0.001604 0.051072
0 0.001404 0.444864 0.001657 0.055104
0 0.001375 0.462336 0.001714 0.037184
0 0.001608 0.458752 0.001249 0.016128
0 0.001362 0.444864 0.001740 0.072128
0 0.001346 0.447552 0.001773 0.073024
0 0.001390 0.503104 0.001684 0.010304
0 0.001409 0.506240 0.001647 0.012544
0 0.001392 0.521920 0.001680 0.018816
0 0.001425 0.489664 0.001613 0.018816
0 0.001415 0.547008 0.001635 0.010304
0 0.001432 0.586432 0.001599 0.051072
0 0.001269 0.436800 0.001927 0.031360
0 0.001514 0.534464 0.001436 0.016128
0 0.001511 0.552832 0.001443 0.016128
0 0.001511 0.570304 0.001443 0.015232
0 0.001509 0.604352 0.001446 0.013440
0 0.001604 0.475328 0.001256 0.011200
0 0.001603 0.490112 0.001257 0.012544
0 0.001602 0.504448 0.001260 0.014336
0 0.001602 0.520128 0.001260 0.013440
0 0.001605 0.535360 0.001255 0.010304
0 0.001605 0.549248 0.001255 0.011200
0 0.001602 0.565376 0.001261 0.013440
0 0.001603 0.579712 0.001259 0.011200
0 0.001600 0.595392 0.001265 0.014336
0 0.001597 0.610176 0.001270 0.013440
0 0.001599 0.624960 0.001266 0.014336
0 0.001541 0.618240 0.001383 0.016128
0 0.001539 0.630784 0.001386 0.009408
0 0.001541 0.588672 0.001383 0.014336
0 0.001541 0.572992 0.001382 0.013440
0 0.001545 0.558656 0.001375 0.013440
0 0.001544 0.542080 0.001376 0.012544
0 0.001543 0.512960 0.001378 0.012544
0 0.001508 0.587776 0.001449 0.019712
0 0.001781 0.601664 0.000903 0.011200
0 0.001781 0.616896 0.000903 0.013440
0 0.001780 0.632576 0.000904 0.010304
0 0.002003 0.550592 0.000458 0.012544
0 0.001981 0.560896 0.000502 0.009408
0 0.001980 0.572544 0.000505 0.012544
0 0.001977 0.586432 0.000510 0.009408
0 0.001978 0.599872 0.000507 0.010304
0 0.001978 0.613312 0.000507 0.010304
0 0.001978 0.625408 0.000509 0.011200
0 0.001975 0.638848 0.000513 0.010304
0 0.001976 0.651392 0.000512 0.012544
0 0.001975 0.663936 0.000513 0.011200
0 0.001997 0.678720 0.000471 0.010304
0 0.001833 0.653184 0.000798 0.014336
0 0.001994 0.693504 0.000476 0.011200
0 0.001996 0.706048 0.000473 0.009408
0 0.001995 0.721728 0.000474 0.010304
0 0.001995 0.734272 0.000474 0.009408
0 0.001975 0.677824 0.000513 0.010304
0 0.001977 0.690816 0.000510 0.011200
0 0.001973 0.702912 0.000518 0.011200
0 0.001973 0.718592 0.000518 0.012544
0 0.001933 0.697536 0.000597 0.011200
0 0.001982 0.547904 0.000500 0.010304
0 0.001981 0.534016 0.000502 0.009408
0 0.001997 0.666624 0.000470 0.010304
0 0.001999 0.654080 0.000467 0.010304
0 0.002064 0.636608 0.000337 0.017024
0 0.002064 0.620032 0.000337 0.016128
0 0.002067 0.602560 0.000330 0.013440
0 0.002039 0.636160 0.000386 0.012544
0 0.002040 0.622720 0.000384 0.010304
0 0.002041 0.608832 0.000383 0.012544
0 0.002040 0.594496 0.000384 0.012544
0 0.002041 0.581504 0.000382 0.009408
0 0.002042 0.569408 0.000381 0.011200
0 0.002043 0.554624 0.000379 0.012544
0 0.002065 0.566272 0.000334 0.017024
0 0.002068 0.548800 0.000329 0.014336
0 0.002043 0.542080 0.000377 0.010304
0 0.002003 0.538496 0.000459 0.012544
0 0.002002 0.563136 0.000460 0.010304
0 0.002002 0.575680 0.000460 0.009408
0 0.002000 0.589120 0.000464 0.009408
0 0.001999 0.603008 0.000467 0.010304
0 0.001997 0.641536 0.000471 0.011200
0 0.001934 0.684544 0.000596 0.010304
0 0.001935 0.671552 0.000595 0.011200
0 0.001934 0.658112 0.000596 0.010304
0 0.001859 0.672896 0.000746 0.013440
0 0.001857 0.642880 0.000751 0.012544
0 0.001859 0.626752 0.000746 0.014336
0 0.001859 0.611072 0.000746 0.011200
0 0.001861 0.596736 0.000743 0.015232
0 0.001862 0.581952 0.000741 0.010304
0 0.001861 0.566720 0.000742 0.012544
0 0.001862 0.553280 0.000739 0.011200
0 0.001863 0.537152 0.000738 0.015232
0 0.001865 0.521024 0.000735 0.013440
0 0.001841 0.500416 0.000782 0.023744
0 0.001839 0.519232 0.000787 0.012544
0 0.001835 0.533120 0.000794 0.015232
0 0.001836 0.548800 0.000791 0.014336
0 0.001836 0.563136 0.000791 0.016128
0 0.001836 0.579264 0.000793 0.012544
0 0.001835 0.594944 0.000795 0.011200
0 0.001835 0.607936 0.000794 0.013440
0 0.001835 0.624512 0.000795 0.015232
0 0.001834 0.638400 0.000797 0.013440
0 0.001857 0.657664 0.000751 0.013440
0 0.001907 0.693504 0.000649 0.013440
0 0.001935 0.646016 0.000594 0.011200
0 0.001909 0.677376 0.000647 0.011200
0 0.001935 0.633024 0.000595 0.009408
0 0.001936 0.619584 0.000593 0.009408
0 0.001935 0.606592 0.000594 0.010304
0 0.001938 0.594048 0.000589 0.011200
0 0.001938 0.580608 0.000588 0.011200
0 0.001938 0.567168 0.000588 0.011200
0 0.001940 0.555072 0.000584 0.009408
0 0.001940 0.542976 0.000584 0.010304
0 0.001942 0.529536 0.000580 0.009408
0 0.001916 0.527296 0.000632 0.011200
0 0.001915 0.542080 0.000635 0.012544
0 0.001916 0.557312 0.000632 0.010304
0 0.001915 0.574336 0.000634 0.010304
0 0.001913 0.587776 0.000638 0.012544
0 0.001914 0.604352 0.000636 0.011200
0 0.001912 0.618240 0.000640 0.012544
0 0.001913 0.633024 0.000639 0.013440
0 0.001911 0.646912 0.000642 0.013440
0 0.001912 0.663040 0.000641 0.013440
0 0.007939 0.436800 0.015372 0.080640
