0 0.011277 0.303744 0.022089 0.010304
0 0.005116 0.791168 0.007624 0.056000
0 0.011608 0.405888 0.021428 0.024192
0 0.011602 0.363328 0.021439 0.022848
0 0.011604 0.331968 0.021435 0.021952
0 0.011596 0.253120 0.021451 0.024192
0 0.011598 0.225792 0.021447 0.021056
0 0.011587 0.081088 0.021470 0.021952
0 0.011585 0.047936 0.021473 0.021952
0 0.005122 0.854336 0.007613 0.056448
0 0.005111 0.727552 0.007636 0.055104
0 0.011320 0.726656 0.022002 0.010752
0 0.005109 0.663488 0.007639 0.055104
0 0.005101 0.583296 0.007655 0.055104
0 0.005099 0.519232 0.007658 0.055104
0 0.005094 0.453824 0.007670 0.054656
0 0.005088 0.389312 0.007681 0.056448
0 0.005084 0.307776 0.007689 0.056896
0 0.005078 0.243712 0.007700 0.055104
0 0.005077 0.179200 0.007704 0.056896
0 0.011608 0.437248 0.021428 0.021056
0 0.011611 0.502656 0.021420 0.023744
0 0.011606 0.470400 0.021432 0.021952
0 0.011613 0.538048 0.021416 0.025088
0 0.011351 0.714112 0.021941 0.012096
0 0.011615 0.611968 0.021413 0.023744
0 0.011611 0.572096 0.021420 0.022400
0 0.011583 0.186816 0.021477 0.021056
0 0.011581 0.116928 0.021481 0.030016
0 0.011973 0.908992 0.020698 0.011648
0 0.011771 0.911232 0.021101 0.011648
0 0.011596 0.287616 0.021451 0.018368
0 0.011592 0.155456 0.021458 0.018368
0 0.011573 0.960960 0.021496 0.025088
0 0.011632 0.847168 0.021378 0.022848
0 0.011628 0.814464 0.021386 0.026880
0 0.011628 0.784896 0.021386 0.024192
0 0.011625 0.747712 0.021394 0.026880
0 0.011628 0.709184 0.021386 0.021952
0 0.011625 0.676928 0.021394 0.023744
0 0.011625 0.646464 0.021394 0.021952
0 0.005069 0.116480 0.007719 0.056000
