0 0.011623 0.766528 0.021398 0.047040
0 0.011623 0.825664 0.021398 0.036736
0 0.011342 0.643776 0.021959 0.044800
0 0.011390 0.689920 0.021863 0.042560
0 0.011287 0.452928 0.022070 0.038976
0 0.011348 0.499520 0.021947 0.042560
0 0.011313 0.415744 0.022018 0.040320
0 0.011353 0.364672 0.021937 0.041216
0 0.011606 0.176512 0.021432 0.036736
0 0.011668 0.100800 0.021307 0.038976
0 0.011708 0.052864 0.021226 0.036736
0 0.011695 0.066304 0.021253 0.036736
0 0.011794 0.030016 0.021055 0.043456
0 0.011983 0.205632 0.020677 0.042560
0 0.011966 0.190400 0.020711 0.043456
0 0.011951 0.175616 0.020741 0.041216
0 0.011935 0.162624 0.020774 0.041216
0 0.011874 0.103936 0.020894 0.042560
0 0.011841 0.068992 0.020961 0.045696
0 0.011826 0.056896 0.020991 0.040320
0 0.006331 0.862848 0.009659 0.241920
0 0.006413 0.749952 0.009496 0.241024
0 0.004982 0.742336 0.007894 0.205184
0 0.005053 0.646912 0.007751 0.204288
0 0.005140 0.526400 0.007578 0.202048
0 0.005208 0.430528 0.007441 0.202944
0 0.004771 0.544320 0.008315 0.202944
0 0.004841 0.448896 0.008176 0.205184
0 0.004928 0.328384 0.008001 0.205184
0 0.011421 0.572096 0.021800 0.041216
0 0.011471 0.616000 0.021702 0.038976
0 0.011579 0.725312 0.021484 0.042560
0 0.011552 0.087360 0.021538 0.038976
0 0.011639 0.780416 0.021365 0.049280
0 0.011689 0.970368 0.021265 0.052864
0 0.011670 0.958272 0.021303 0.047040
0 0.012013 0.232960 0.020617 0.048384
0 0.012000 0.215488 0.020643 0.048384
0 0.011854 0.088256 0.020935 0.050624
0 0.011807 0.041664 0.021029 0.049280
0 0.011299 0.434560 0.022046 0.038976
0 0.011537 0.287168 0.021569 0.042560
0 0.011591 0.215040 0.021460 0.040320
0 0.011643 0.141120 0.021357 0.038976
0 0.011658 0.119616 0.021327 0.040320
0 0.011492 0.161728 0.021659 0.038976
0 0.011660 0.800576 0.021323 0.038976
0 0.011455 0.215040 0.021734 0.044800
0 0.011340 0.377664 0.021963 0.037632
0 0.011411 0.290304 0.021820 0.043456
0 0.011902 0.938112 0.020838 0.043456
0 0.011888 0.917952 0.020866 0.042560
0 0.011559 0.708736 0.021524 0.043456
0 0.011593 0.737856 0.021456 0.042560
0 0.011579 0.232064 0.021484 0.042560
0 0.011567 0.248640 0.021508 0.043456
0 0.011504 0.142912 0.021635 0.040320
0 0.011605 0.759808 0.021434 0.042560
0 0.011676 0.814016 0.021291 0.041216
0 0.004998 0.231616 0.007862 0.204288
