0 0.000786 0.986048 0.001573 0.028672
0 0.000496 0.610176 0.000993 0.079296
0 0.001012 0.198912 0.002025 0.098112
0 0.001104 0.271936 0.002208 0.104384
0 0.001020 0.508480 0.002040 0.104384
0 0.000965 0.431424 0.001931 0.111104
0 0.000889 0.356160 0.001778 0.109760
0 0.000760 0.292096 0.001519 0.107520
0 0.000897 0.588672 0.001794 0.105728
0 0.000600 0.729792 0.001200 0.072576
0 0.000545 0.664832 0.001091 0.061376
0 0.000391 0.502208 0.000783 0.040320
0 0.000744 0.945280 0.001487 0.051968
0 0.000236 0.474880 0.000472 0.066752
0 0.000175 0.506688 0.000351 0.065408
0 0.000357 0.924224 0.000714 0.052864
0 0.000310 0.934528 0.000619 0.033600
0 0.000277 0.904960 0.000554 0.029568
0 0.000261 0.868224 0.000522 0.051072
0 0.000093 0.680960 0.000187 0.043008
0 0.001019 0.703808 0.002038 0.064064
0 0.000662 0.920192 0.001324 0.051968
0 0.000935 0.120064 0.001871 0.099456
