0 0.010467 0.953792 0.019245 0.030912
0 0.011834 0.900480 0.020974 0.024640
0 0.011851 0.850752 0.020941 0.031808
0 0.012114 0.820736 0.020415 0.026432
0 0.011968 0.157696 0.020708 0.035840
0 0.012145 0.091840 0.020354 0.028224
0 0.012191 0.073920 0.020261 0.026432
0 0.012083 0.115136 0.020477 0.030016
0 0.012243 0.476672 0.020156 0.033600
0 0.012199 0.419328 0.020246 0.035840
0 0.012151 0.380800 0.020341 0.035840
0 0.012000 0.419328 0.020643 0.032704
0 0.012091 0.298368 0.020461 0.034944
0 0.011882 0.060480 0.020880 0.036736
0 0.011942 0.128576 0.020759 0.035840
0 0.011880 0.284032 0.020882 0.037632
0 0.011802 0.193984 0.021039 0.036736
0 0.005142 0.695296 0.007574 0.147392
0 0.005066 0.611520 0.007725 0.147392
0 0.004993 0.525952 0.007872 0.148288
0 0.004917 0.440384 0.008023 0.148288
0 0.004843 0.353472 0.008172 0.147392
0 0.004779 0.835968 0.008300 0.146496
0 0.015864 0.667072 0.030773 0.133504
0 0.015734 0.564928 0.031032 0.154112
0 0.011957 0.880768 0.020728 0.026432
0 0.011807 0.870912 0.021028 0.024192
0 0.010898 0.857024 0.018383 0.029120
0 0.011750 0.888832 0.021144 0.029120
0 0.010793 0.826560 0.018593 0.030016
0 0.010849 0.808192 0.018481 0.025536
0 0.010902 0.787136 0.018375 0.030016
0 0.010952 0.770112 0.018275 0.028224
0 0.011016 0.746368 0.018147 0.026432
0 0.011066 0.632128 0.018047 0.034944
0 0.011031 0.592704 0.018116 0.034944
0 0.011002 0.559104 0.018175 0.035840
0 0.010975 0.526848 0.018229 0.036736
0 0.010936 0.485632 0.018306 0.037632
0 0.010907 0.452032 0.018365 0.035840
0 0.010846 0.382144 0.018486 0.034944
0 0.010911 0.254016 0.018357 0.036736
0 0.010916 0.132608 0.018347 0.029120
0 0.010873 0.208768 0.018432 0.037632
0 0.010800 0.196672 0.018578 0.033600
0 0.010726 0.238784 0.018727 0.032704
0 0.010636 0.139776 0.018907 0.032704
0 0.011166 0.977088 0.022311 0.029120
0 0.011531 0.974848 0.021580 0.030016
0 0.011693 0.910784 0.021257 0.027328
0 0.011648 0.930944 0.021346 0.026432
0 0.011809 0.938112 0.021026 0.028224
0 0.003542 0.182336 0.006309 0.229376
