0 0.011202 0.631680 0.022240 0.021952
0 0.005661 0.044352 0.010999 0.088704
0 0.005109 0.202496 0.007638 0.113344
0 0.005068 0.303744 0.007720 0.115136
0 0.005003 0.466816 0.007851 0.113344
0 0.004965 0.566720 0.007928 0.116032
0 0.004925 0.667072 0.008007 0.115136
0 0.004883 0.767872 0.008092 0.115136
0 0.004843 0.869120 0.008171 0.113344
0 0.005615 0.136192 0.011092 0.141568
0 0.005721 0.541184 0.010879 0.141568
0 0.005582 0.254016 0.011158 0.143360
0 0.005582 0.374528 0.011158 0.140672
0 0.005582 0.504896 0.011158 0.131264
0 0.005911 0.067648 0.010500 0.132160
0 0.005864 0.179648 0.010592 0.144256
0 0.005817 0.298368 0.010687 0.143360
0 0.005770 0.417088 0.010782 0.143360
0 0.005149 0.100800 0.007559 0.113344
