0 0.012080 0.141120 0.020482 0.043456
0 0.011944 0.108416 0.020755 0.047040
0 0.012215 0.328832 0.020214 0.040320
0 0.012146 0.233856 0.020352 0.040320
0 0.012182 0.287168 0.020280 0.043456
0 0.012119 0.376768 0.020404 0.036736
0 0.011912 0.055552 0.020819 0.040320
0 0.011957 0.130368 0.020728 0.042560
0 0.005683 0.440832 0.010956 0.238784
0 0.005157 0.529088 0.007544 0.197568
0 0.005093 0.434560 0.007670 0.200704
0 0.005030 0.339136 0.007796 0.203392
0 0.004901 0.519680 0.008055 0.219072
0 0.004816 0.594048 0.008225 0.221760
0 0.004729 0.669760 0.008400 0.221760
