0 0.011233 0.554624 0.022177 0.010752
0 0.001767 0.418880 0.000930 0.022848
0 0.001806 0.525504 0.000852 0.034496
0 0.001850 0.519232 0.000765 0.027328
0 0.001870 0.521024 0.000724 0.036288
0 0.001887 0.518336 0.000689 0.034048
0 0.001926 0.514752 0.000613 0.030912
0 0.001985 0.510272 0.000494 0.031808
0 0.002008 0.511168 0.000448 0.032704
0 0.002029 0.510272 0.000406 0.030016
0 0.002037 0.589120 0.000390 0.029568
0 0.002020 0.595840 0.000425 0.026880
0 0.001998 0.594496 0.000468 0.035840
0 0.001979 0.596288 0.000506 0.029120
0 0.001959 0.592704 0.000547 0.036736
0 0.001936 0.597632 0.000592 0.029568
0 0.001914 0.598976 0.000637 0.036736
0 0.001785 0.518784 0.000894 0.050624
0 0.001805 0.415296 0.000854 0.026432
0 0.001820 0.446208 0.000825 0.022848
0 0.001823 0.413504 0.000819 0.026880
0 0.001857 0.444416 0.000750 0.021952
0 0.001874 0.443520 0.000717 0.022400
0 0.001891 0.441280 0.000682 0.021504
0 0.001910 0.441728 0.000643 0.021504
0 0.001928 0.440384 0.000608 0.022400
0 0.001947 0.439040 0.000571 0.023296
0 0.001967 0.439936 0.000530 0.021504
0 0.001985 0.437696 0.000495 0.016576
0 0.002003 0.436352 0.000457 0.021952
0 0.002024 0.436352 0.000416 0.021504
0 0.002022 0.403648 0.000421 0.031360
0 0.001960 0.407680 0.000545 0.029120
0 0.001941 0.409472 0.000582 0.025088
0 0.001880 0.411264 0.000704 0.026880
0 0.001863 0.412160 0.000739 0.024192
0 0.001869 0.603008 0.000726 0.034944
0 0.001850 0.603008 0.000765 0.030016
0 0.002052 0.666624 0.000361 0.025984
0 0.002035 0.666624 0.000395 0.025536
0 0.001919 0.773248 0.000625 0.019264
0 0.001934 0.774144 0.000596 0.014784
0 0.001953 0.772352 0.000559 0.021952
0 0.001970 0.771456 0.000524 0.021056
0 0.001985 0.769664 0.000495 0.018368
0 0.001970 0.747712 0.000524 0.017024
0 0.001986 0.745472 0.000492 0.019712
0 0.001999 0.745472 0.000467 0.019264
0 0.002018 0.768768 0.000428 0.020160
0 0.002064 0.740544 0.000337 0.016576
0 0.001841 0.827008 0.000782 0.041216
0 0.001823 0.844032 0.000818 0.021952
0 0.001812 0.821184 0.000841 0.019264
0 0.001792 0.854336 0.000880 0.022400
0 0.001778 0.859712 0.000908 0.020160
0 0.001919 0.749952 0.000626 0.020160
0 0.001891 0.757568 0.000683 0.035392
0 0.001865 0.692608 0.000734 0.042112
0 0.001970 0.697536 0.000524 0.021504
0 0.002039 0.695296 0.000386 0.021504
0 0.002022 0.697088 0.000420 0.021056
0 0.002015 0.670208 0.000433 0.023296
0 0.001995 0.668416 0.000474 0.026880
0 0.002005 0.696192 0.000454 0.021056
0 0.001989 0.696192 0.000487 0.016128
0 0.001980 0.673344 0.000504 0.024640
0 0.001889 0.701120 0.000686 0.018368
0 0.001961 0.672000 0.000543 0.023744
0 0.001954 0.698432 0.000557 0.018368
0 0.001942 0.671104 0.000580 0.023296
0 0.001922 0.672000 0.000620 0.021504
0 0.001907 0.675136 0.000650 0.023296
0 0.001904 0.702016 0.000656 0.017472
0 0.001840 0.445312 0.000785 0.020160
0 0.001804 0.447552 0.000855 0.019712
0 0.001746 0.844480 0.000973 0.018816
0 0.001509 0.052416 0.001445 0.039424
0 0.001464 0.082432 0.001537 0.030016
0 0.001441 0.089600 0.001582 0.032256
0 0.001424 0.097664 0.001616 0.031360
0 0.001404 0.105280 0.001655 0.028224
0 0.001384 0.111104 0.001697 0.030016
0 0.001367 0.120064 0.001731 0.030016
0 0.001347 0.129472 0.001771 0.034496
0 0.001325 0.135744 0.001814 0.033152
0 0.001308 0.141568 0.001847 0.026432
0 0.001389 0.215040 0.001687 0.035840
0 0.001422 0.255360 0.001621 0.036288
0 0.001427 0.247296 0.001610 0.028672
0 0.001401 0.210560 0.001663 0.030016
0 0.001447 0.236992 0.001571 0.024640
0 0.001499 0.217728 0.001466 0.028224
0 0.001480 0.073920 0.001505 0.031360
0 0.008412 0.318528 0.014426 0.088704
0 0.001789 0.448896 0.000886 0.024640
0 0.008451 0.425600 0.014348 0.071232
0 0.008076 0.194432 0.015099 0.141568
0 0.008424 0.117824 0.014403 0.009856
0 0.008541 0.109312 0.014167 0.025088
0 0.008156 0.293888 0.014938 0.142464
0 0.008011 0.387072 0.015229 0.094528
0 0.008069 0.449792 0.015111 0.140672
0 0.008150 0.539392 0.014951 0.117824
0 0.008231 0.619136 0.014789 0.109760
0 0.008297 0.698880 0.014657 0.094080
0 0.008363 0.775040 0.014523 0.084224
0 0.008431 0.844928 0.014389 0.070784
0 0.008605 0.757568 0.014040 0.051520
0 0.008573 0.683200 0.014104 0.057344
0 0.008534 0.601664 0.014182 0.056448
0 0.008495 0.515200 0.014260 0.059136
0 0.001516 0.210560 0.001433 0.025984
0 0.001553 0.197568 0.001359 0.028672
0 0.001570 0.189952 0.001324 0.028672
0 0.001589 0.184128 0.001286 0.025984
0 0.001973 0.295680 0.000517 0.044800
0 0.001921 0.304192 0.000622 0.035840
0 0.001917 0.340928 0.000631 0.024640
0 0.001898 0.340928 0.000669 0.026880
0 0.001896 0.304192 0.000673 0.035392
0 0.001874 0.308224 0.000716 0.032256
0 0.001881 0.341824 0.000702 0.024192
0 0.001842 0.344960 0.000780 0.027776
0 0.001805 0.346752 0.000854 0.024640
0 0.001770 0.349888 0.000925 0.022400
0 0.001750 0.350336 0.000963 0.025088
0 0.001732 0.350336 0.001001 0.025536
0 0.001711 0.347648 0.001042 0.032256
0 0.001730 0.431872 0.001003 0.046144
0 0.001769 0.449344 0.000927 0.021056
0 0.002009 0.336000 0.000446 0.025984
0 0.014404 0.344064 0.024764 0.024192
0 0.001891 0.123200 0.000683 0.025984
0 0.001480 0.185024 0.001505 0.037632
0 0.001603 0.176512 0.001259 0.032256
0 0.001607 0.152768 0.001251 0.038080
0 0.001584 0.145152 0.001296 0.032704
0 0.001542 0.159040 0.001381 0.035392
0 0.001511 0.170240 0.001442 0.030016
0 0.001501 0.176960 0.001462 0.033152
0 0.001441 0.190400 0.001582 0.034496
0 0.001826 0.125440 0.000812 0.008960
0 0.001428 0.201600 0.001609 0.029120
0 0.001647 0.247296 0.001170 0.030912
0 0.001623 0.265664 0.001218 0.027776
0 0.001591 0.273728 0.001283 0.026880
0 0.001727 0.124544 0.001010 0.009856
0 0.001775 0.125888 0.000914 0.010752
0 0.001766 0.865088 0.000933 0.021056
0 0.001775 0.839104 0.000915 0.016576
0 0.011223 0.542976 0.022197 0.012992
0 0.011190 0.156800 0.022263 0.011648
0 0.011161 0.178752 0.022320 0.010304
0 0.012212 0.372288 0.020219 0.015680
0 0.012171 0.377216 0.020300 0.005824
0 0.012172 0.384384 0.020298 0.006272
0 0.012172 0.391552 0.020299 0.006272
0 0.012174 0.398720 0.020295 0.005376
0 0.012174 0.404992 0.020295 0.005376
0 0.012176 0.412160 0.020292 0.005824
0 0.012175 0.427392 0.020293 0.006272
0 0.012215 0.397376 0.020213 0.012992
0 0.012230 0.428736 0.020183 0.014784
0 0.012236 0.446208 0.020171 0.011648
0 0.012239 0.478016 0.020165 0.014784
0 0.012185 0.519680 0.020274 0.005376
0 0.012184 0.527296 0.020275 0.005376
0 0.011201 0.167552 0.022240 0.010752
0 0.011170 0.133504 0.022303 0.010752
0 0.001431 0.376768 0.001602 0.025984
0 0.011165 0.128128 0.022313 0.010304
0 0.001461 0.362880 0.001542 0.026880
0 0.001495 0.350784 0.001475 0.025536
0 0.001513 0.345408 0.001439 0.023296
0 0.001528 0.340928 0.001408 0.022848
0 0.001540 0.332864 0.001383 0.024640
0 0.001554 0.326592 0.001356 0.028224
0 0.001582 0.319872 0.001299 0.025536
0 0.001582 0.280896 0.001299 0.030464
0 0.001555 0.292096 0.001354 0.024192
0 0.001544 0.297920 0.001377 0.031808
0 0.001523 0.305088 0.001419 0.032704
0 0.001501 0.313600 0.001463 0.032256
0 0.001469 0.324352 0.001527 0.025984
0 0.011208 0.009408 0.022227 0.013888
0 0.011285 0.006720 0.022072 0.008960
0 0.012186 0.546560 0.020271 0.007168
0 0.012190 0.566720 0.020263 0.005376
0 0.012189 0.585536 0.020264 0.008064
0 0.012239 0.553280 0.020165 0.012992
0 0.011487 0.826560 0.021668 0.010752
0 0.011447 0.811328 0.021750 0.013888
0 0.011492 0.833280 0.021659 0.011200
0 0.011497 0.838656 0.021648 0.011648
0 0.011542 0.886592 0.021559 0.011200
0 0.011549 0.893312 0.021544 0.009856
0 0.011555 0.898240 0.021534 0.010304
0 0.011378 0.737408 0.021887 0.012992
0 0.011368 0.691712 0.021906 0.014336
0 0.011402 0.719936 0.021838 0.017024
0 0.011466 0.696192 0.021710 0.014336
0 0.011457 0.698432 0.021730 0.014784
0 0.011412 0.674688 0.021818 0.013440
0 0.011431 0.667968 0.021781 0.011648
0 0.011240 0.594944 0.022162 0.015232
0 0.011637 0.935424 0.021370 0.012992
0 0.011653 0.932736 0.021336 0.013888
0 0.011662 0.926016 0.021318 0.012992
0 0.012199 0.645120 0.020244 0.006272
0 0.012245 0.625856 0.020152 0.014336
0 0.012251 0.644224 0.020141 0.010752
0 0.012253 0.661248 0.020136 0.011648
0 0.012201 0.659456 0.020241 0.005824
0 0.012202 0.666624 0.020238 0.005376
0 0.012200 0.651392 0.020242 0.006272
0 0.012199 0.638400 0.020244 0.007168
0 0.011688 0.918848 0.021266 0.015680
0 0.012198 0.631232 0.020247 0.006720
0 0.012196 0.624960 0.020251 0.005824
0 0.012211 0.762496 0.020221 0.012544
0 0.012211 0.779968 0.020220 0.015232
0 0.012215 0.795200 0.020212 0.012544
0 0.012219 0.815808 0.020206 0.012992
0 0.001445 0.369600 0.001574 0.026432
0 0.001415 0.382592 0.001634 0.025984
0 0.001786 0.745920 0.000893 0.037632
0 0.001667 0.718592 0.001129 0.022848
0 0.001639 0.728000 0.001187 0.019712
0 0.001622 0.733824 0.001221 0.022400
0 0.001607 0.708288 0.001251 0.020160
0 0.001627 0.700224 0.001211 0.022400
0 0.001647 0.696192 0.001170 0.021056
0 0.001723 0.584640 0.001019 0.041664
0 0.001682 0.590016 0.001101 0.034048
0 0.001660 0.599424 0.001145 0.042112
0 0.001637 0.607936 0.001190 0.040320
0 0.001635 0.616000 0.001194 0.034496
0 0.001617 0.624064 0.001231 0.035840
0 0.001593 0.632576 0.001278 0.037632
0 0.001571 0.641536 0.001321 0.040320
0 0.001485 0.577920 0.001495 0.028672
0 0.001544 0.555968 0.001377 0.024192
0 0.001651 0.721728 0.001163 0.022848
0 0.001680 0.710976 0.001105 0.023296
0 0.001401 0.388416 0.001663 0.025984
0 0.001658 0.690368 0.001148 0.017920
0 0.001791 0.770112 0.000883 0.018368
0 0.001776 0.775040 0.000912 0.020160
0 0.001763 0.780416 0.000938 0.018816
0 0.001749 0.784896 0.000966 0.018816
0 0.001721 0.795648 0.001022 0.020160
0 0.001695 0.807744 0.001075 0.021504
0 0.001681 0.783552 0.001102 0.021056
0 0.001759 0.752640 0.000946 0.022400
0 0.001742 0.670656 0.000981 0.040320
0 0.001743 0.688576 0.000978 0.020160
0 0.001713 0.664384 0.001038 0.025984
0 0.001726 0.693056 0.001012 0.019712
0 0.001710 0.701120 0.001044 0.024192
0 0.001697 0.706944 0.001071 0.022400
0 0.001695 0.677376 0.001075 0.022848
0 0.001613 0.529088 0.001239 0.028672
0 0.001663 0.519680 0.001139 0.019264
0 0.001654 0.504448 0.001156 0.054656
0 0.001646 0.496384 0.001171 0.027776
0 0.001621 0.392448 0.001222 0.044352
0 0.001602 0.394688 0.001261 0.027776
0 0.001582 0.401408 0.001299 0.029120
0 0.001566 0.409920 0.001332 0.027328
0 0.001548 0.415296 0.001368 0.028224
0 0.001531 0.422912 0.001402 0.028672
0 0.001513 0.428736 0.001438 0.025536
0 0.001495 0.436352 0.001475 0.027776
0 0.001466 0.444416 0.001531 0.025536
0 0.001440 0.456064 0.001584 0.028672
0 0.001420 0.464576 0.001624 0.025984
0 0.001370 0.476224 0.001724 0.027776
0 0.001350 0.408576 0.001764 0.026880
0 0.001369 0.400960 0.001726 0.025088
0 0.001385 0.393792 0.001694 0.024640
0 0.001620 0.423360 0.001224 0.025088
0 0.001603 0.427392 0.001259 0.025536
0 0.001599 0.434112 0.001266 0.023296
0 0.001467 0.564928 0.001530 0.027776
0 0.001574 0.518336 0.001316 0.027776
0 0.001572 0.525504 0.001320 0.026880
0 0.001534 0.538048 0.001397 0.028224
0 0.001507 0.546112 0.001451 0.024192
0 0.001503 0.553728 0.001458 0.025984
0 0.001486 0.559552 0.001493 0.026880
0 0.001399 0.506240 0.001667 0.028672
0 0.001582 0.438592 0.001300 0.026880
0 0.001447 0.487424 0.001571 0.026432
0 0.001462 0.482944 0.001540 0.028672
0 0.001513 0.465472 0.001438 0.024192
0 0.001525 0.456960 0.001415 0.025088
0 0.001544 0.452928 0.001377 0.024640
0 0.001557 0.445312 0.001350 0.022848
0 0.007999 0.100800 0.015252 0.115136
