0 0.002208 0.902720 0.000049 0.008512
0 0.001625 0.382144 0.001215 0.011648
0 0.001656 0.409920 0.001153 0.012096
0 0.001638 0.410816 0.001189 0.010304
0 0.001628 0.410816 0.001208 0.012096
0 0.001618 0.409920 0.001228 0.012096
0 0.001609 0.410368 0.001247 0.011648
0 0.001601 0.410816 0.001263 0.012096
0 0.001592 0.410368 0.001281 0.012096
0 0.001582 0.410368 0.001300 0.012096
0 0.001573 0.410816 0.001317 0.011200
0 0.001565 0.410816 0.001334 0.012096
0 0.001556 0.410816 0.001352 0.012096
0 0.001548 0.411264 0.001368 0.010752
0 0.001539 0.410816 0.001387 0.012096
0 0.001530 0.411264 0.001404 0.012096
0 0.001522 0.411264 0.001421 0.012544
0 0.001513 0.411264 0.001439 0.012096
0 0.001503 0.410816 0.001458 0.013440
0 0.001495 0.411264 0.001475 0.012544
0 0.001482 0.413504 0.001499 0.017024
0 0.001664 0.382592 0.001136 0.012096
0 0.001657 0.382144 0.001151 0.011200
0 0.001648 0.382592 0.001168 0.010752
0 0.001640 0.382144 0.001184 0.012096
0 0.001666 0.409472 0.001133 0.012096
0 0.001496 0.425600 0.001472 0.013888
0 0.001517 0.425600 0.001430 0.013888
0 0.001654 0.425600 0.001156 0.011200
0 0.001615 0.455616 0.001234 0.013440
0 0.001605 0.456064 0.001254 0.012096
0 0.001595 0.456064 0.001274 0.013888
0 0.001585 0.456512 0.001295 0.012544
0 0.001574 0.456512 0.001316 0.013888
0 0.001564 0.456512 0.001336 0.012544
0 0.001553 0.456512 0.001359 0.012096
0 0.001542 0.456064 0.001379 0.012544
0 0.001529 0.460096 0.001406 0.017920
0 0.001664 0.425600 0.001136 0.013440
0 0.001644 0.426048 0.001176 0.014784
0 0.001536 0.426496 0.001391 0.013888
0 0.001634 0.425600 0.001196 0.012992
0 0.001624 0.425600 0.001216 0.012992
0 0.001614 0.425600 0.001236 0.010752
0 0.001604 0.425600 0.001257 0.013440
0 0.001594 0.425152 0.001276 0.012544
0 0.001584 0.426048 0.001296 0.012992
0 0.001576 0.426048 0.001313 0.012096
0 0.001565 0.426048 0.001334 0.013440
0 0.001556 0.425600 0.001352 0.013440
0 0.001547 0.425600 0.001371 0.013888
0 0.001632 0.382144 0.001200 0.011648
0 0.001616 0.382592 0.001231 0.011200
0 0.002203 0.903168 0.000059 0.008512
0 0.001608 0.383040 0.001248 0.011200
0 0.001583 0.368704 0.001298 0.010752
0 0.001576 0.369152 0.001313 0.010304
0 0.001559 0.368704 0.001345 0.010752
0 0.001551 0.369152 0.001362 0.010304
0 0.001543 0.368704 0.001379 0.011200
0 0.001535 0.369152 0.001395 0.010752
0 0.001519 0.369152 0.001426 0.007616
0 0.001511 0.369152 0.001443 0.010752
0 0.001502 0.368704 0.001459 0.010304
0 0.001494 0.369152 0.001476 0.010752
0 0.001486 0.369600 0.001493 0.009856
0 0.001477 0.369152 0.001511 0.009408
0 0.001469 0.368704 0.001526 0.011648
0 0.001461 0.369152 0.001542 0.011200
0 0.001452 0.370048 0.001560 0.008960
0 0.001660 0.342720 0.001144 0.009408
0 0.001652 0.342272 0.001160 0.010304
0 0.001638 0.342720 0.001189 0.009856
0 0.001629 0.342720 0.001207 0.010304
0 0.001621 0.342720 0.001222 0.010304
0 0.001614 0.342720 0.001236 0.009856
0 0.001607 0.342720 0.001251 0.010304
0 0.001599 0.342720 0.001267 0.009408
0 0.001593 0.369152 0.001279 0.010304
0 0.001600 0.368256 0.001264 0.010752
0 0.001608 0.369152 0.001248 0.009408
0 0.001509 0.383040 0.001447 0.012096
0 0.001599 0.383040 0.001265 0.010752
0 0.001591 0.382592 0.001282 0.012096
0 0.001583 0.382592 0.001299 0.012096
0 0.001567 0.382592 0.001331 0.012544
0 0.001559 0.383040 0.001347 0.013440
0 0.001551 0.383936 0.001362 0.012096
0 0.001542 0.383040 0.001379 0.011648
0 0.001534 0.383936 0.001396 0.011200
0 0.001526 0.383488 0.001413 0.011200
0 0.001517 0.383488 0.001430 0.012096
0 0.001500 0.383040 0.001464 0.011200
0 0.001617 0.368704 0.001231 0.010304
0 0.001492 0.383040 0.001481 0.010752
0 0.001474 0.382592 0.001516 0.011648
0 0.001465 0.383040 0.001533 0.010304
0 0.001454 0.382592 0.001556 0.012096
0 0.001665 0.368256 0.001134 0.010304
0 0.001658 0.367808 0.001149 0.012096
0 0.001649 0.367808 0.001166 0.011200
0 0.001641 0.368704 0.001183 0.009856
0 0.001633 0.368704 0.001197 0.009856
0 0.001625 0.369152 0.001214 0.009856
0 0.001635 0.455616 0.001194 0.013888
0 0.001644 0.455168 0.001176 0.013888
0 0.001654 0.455616 0.001156 0.012544
0 0.001541 0.472192 0.001383 0.013888
0 0.001685 0.412608 0.001094 0.011200
0 0.001679 0.413056 0.001107 0.012096
0 0.001833 0.398720 0.000797 0.011200
0 0.001825 0.398272 0.000815 0.011200
0 0.001808 0.398720 0.000848 0.010752
0 0.001799 0.398720 0.000866 0.010304
0 0.001790 0.398272 0.000884 0.009856
0 0.001781 0.399168 0.000903 0.010304
0 0.001764 0.398272 0.000936 0.011200
0 0.001747 0.398720 0.000971 0.008960
0 0.001737 0.399168 0.000990 0.010752
0 0.001730 0.398720 0.001005 0.010752
0 0.001722 0.399168 0.001021 0.010752
0 0.001712 0.398720 0.001040 0.010752
0 0.001704 0.399168 0.001057 0.011200
0 0.001695 0.399168 0.001075 0.009408
0 0.001688 0.399168 0.001089 0.009408
0 0.001827 0.372288 0.000810 0.008064
0 0.001817 0.373632 0.000831 0.009408
0 0.001810 0.373632 0.000845 0.009856
0 0.001802 0.373632 0.000860 0.010304
0 0.001794 0.373632 0.000876 0.009408
0 0.001788 0.374080 0.000889 0.010304
0 0.001694 0.413056 0.001076 0.011648
0 0.001702 0.413504 0.001061 0.012544
0 0.001712 0.412608 0.001041 0.012096
0 0.001845 0.412608 0.000774 0.010752
0 0.001769 0.440384 0.000926 0.012096
0 0.001760 0.440384 0.000944 0.011200
0 0.001742 0.439936 0.000981 0.012544
0 0.001732 0.441280 0.001000 0.010752
0 0.001723 0.439488 0.001019 0.011648
0 0.001705 0.440832 0.001054 0.011200
0 0.001696 0.440832 0.001073 0.011648
0 0.001686 0.440832 0.001092 0.011200
0 0.001676 0.441280 0.001111 0.012096
0 0.001853 0.420224 0.000757 0.014784
0 0.001845 0.400960 0.000774 0.013888
0 0.001728 0.413504 0.001008 0.012096
0 0.001833 0.412608 0.000797 0.010752
0 0.001825 0.412608 0.000814 0.010752
0 0.001817 0.413504 0.000831 0.012544
0 0.001808 0.413056 0.000848 0.011648
0 0.001799 0.413056 0.000867 0.012096
0 0.001782 0.413056 0.000901 0.011648
0 0.001764 0.413056 0.000936 0.010752
0 0.001756 0.413056 0.000953 0.011648
0 0.001747 0.413056 0.000971 0.012096
0 0.001739 0.413504 0.000987 0.012096
0 0.001779 0.373632 0.000906 0.010752
0 0.001772 0.374080 0.000920 0.010304
0 0.001764 0.374528 0.000936 0.011200
0 0.001664 0.472192 0.001136 0.011648
0 0.001596 0.526848 0.001272 0.018368
0 0.001665 0.505792 0.001134 0.016128
0 0.001656 0.505792 0.001152 0.013440
0 0.001646 0.505792 0.001173 0.016128
0 0.001633 0.507136 0.001197 0.013440
0 0.001624 0.507136 0.001216 0.014336
0 0.001613 0.506688 0.001237 0.015232
0 0.001602 0.507584 0.001261 0.014336
0 0.001593 0.508032 0.001279 0.013888
0 0.001578 0.509824 0.001308 0.021056
0 0.001653 0.471296 0.001158 0.012992
0 0.001619 0.524608 0.001226 0.014784
0 0.001644 0.472192 0.001177 0.013888
0 0.001633 0.471744 0.001199 0.013888
0 0.001624 0.473536 0.001217 0.012096
0 0.001613 0.473088 0.001237 0.013888
0 0.001604 0.472640 0.001256 0.013440
0 0.001593 0.472640 0.001278 0.013440
0 0.001584 0.473536 0.001297 0.013888
0 0.001572 0.473536 0.001320 0.014336
0 0.001563 0.473088 0.001338 0.010752
0 0.001553 0.473088 0.001359 0.011200
0 0.001607 0.525504 0.001251 0.014784
0 0.001631 0.524608 0.001202 0.015232
0 0.001756 0.373632 0.000952 0.009856
0 0.001768 0.360640 0.000928 0.010304
0 0.001748 0.373632 0.000968 0.011200
0 0.001740 0.373632 0.000984 0.011200
0 0.001734 0.373632 0.000997 0.010304
0 0.001725 0.373184 0.001014 0.010752
0 0.001717 0.373632 0.001030 0.010304
0 0.001710 0.373184 0.001045 0.011200
0 0.001701 0.374080 0.001063 0.010304
0 0.001693 0.374080 0.001079 0.010304
0 0.001677 0.374528 0.001110 0.010304
0 0.001778 0.359296 0.000909 0.010304
0 0.001759 0.360192 0.000946 0.009408
0 0.001653 0.524608 0.001157 0.014784
0 0.001750 0.360192 0.000963 0.011200
0 0.001742 0.360192 0.000979 0.011648
0 0.001735 0.360640 0.000995 0.010304
0 0.001727 0.360640 0.001011 0.010304
0 0.001718 0.360192 0.001028 0.010752
0 0.001710 0.360640 0.001043 0.009856
0 0.001702 0.360192 0.001061 0.010752
0 0.001686 0.360192 0.001092 0.011200
0 0.001677 0.359744 0.001111 0.011648
0 0.001664 0.524608 0.001136 0.015232
0 0.001591 0.342720 0.001282 0.010304
0 0.001584 0.342720 0.001297 0.010752
0 0.001575 0.343616 0.001314 0.010304
0 0.001354 0.223552 0.001756 0.015680
0 0.001337 0.095424 0.001790 0.013440
0 0.001333 0.098560 0.001797 0.012544
0 0.001327 0.101248 0.001811 0.012544
0 0.001316 0.103936 0.001831 0.012096
0 0.001309 0.106624 0.001846 0.012544
0 0.001308 0.136192 0.001849 0.023296
0 0.001306 0.139776 0.001853 0.023744
0 0.001295 0.143360 0.001874 0.022400
0 0.001276 0.146496 0.001912 0.019264
0 0.001265 0.150528 0.001935 0.021504
0 0.001254 0.150080 0.001956 0.017024
0 0.001302 0.115136 0.001859 0.016576
0 0.001295 0.120064 0.001875 0.014784
0 0.001278 0.121408 0.001909 0.015680
0 0.001268 0.124096 0.001927 0.014784
0 0.001259 0.128576 0.001945 0.015232
0 0.001257 0.131264 0.001950 0.013888
0 0.001247 0.133952 0.001970 0.013888
0 0.001239 0.157248 0.001987 0.024640
0 0.001230 0.137536 0.002005 0.013888
0 0.001356 0.059136 0.001753 0.011648
0 0.001347 0.061376 0.001770 0.011200
0 0.001340 0.064064 0.001785 0.010752
0 0.001346 0.093184 0.001773 0.012096
0 0.001355 0.090496 0.001755 0.012544
0 0.001362 0.088256 0.001741 0.013440
0 0.001385 0.190848 0.001695 0.015232
0 0.001373 0.221312 0.001719 0.012096
0 0.001382 0.218624 0.001701 0.012096
0 0.001385 0.215488 0.001693 0.013888
0 0.001408 0.207424 0.001648 0.016576
0 0.001424 0.202944 0.001617 0.013888
0 0.001439 0.196672 0.001585 0.017920
0 0.001441 0.178752 0.001583 0.016128
0 0.001411 0.179200 0.001642 0.012544
0 0.001405 0.183680 0.001655 0.012544
0 0.001391 0.183680 0.001682 0.012544
0 0.001367 0.193088 0.001731 0.010304
0 0.001291 0.198016 0.001882 0.012096
0 0.001362 0.193984 0.001739 0.009408
0 0.001353 0.199360 0.001759 0.013440
0 0.001339 0.200256 0.001787 0.012544
0 0.001316 0.211456 0.001831 0.012544
0 0.001303 0.211904 0.001858 0.011648
0 0.001345 0.177856 0.001774 0.017024
0 0.001340 0.181440 0.001785 0.014784
0 0.001322 0.185472 0.001820 0.017472
0 0.001315 0.193088 0.001835 0.015680
0 0.001300 0.195776 0.001865 0.012096
0 0.001322 0.068992 0.001820 0.012096
0 0.001315 0.071232 0.001834 0.012544
0 0.001308 0.074368 0.001849 0.012992
0 0.008233 0.464576 0.014784 0.029120
0 0.008656 0.543872 0.013938 0.018368
0 0.008625 0.516096 0.014000 0.035392
0 0.008600 0.482048 0.014051 0.045248
0 0.008564 0.449344 0.014122 0.057792
0 0.008438 0.489664 0.014373 0.071232
0 0.008369 0.497728 0.014513 0.068544
0 0.008372 0.448448 0.014505 0.026880
0 0.008373 0.406336 0.014503 0.025088
0 0.008374 0.366016 0.014502 0.026432
0 0.008284 0.515648 0.014682 0.033600
0 0.008187 0.417536 0.014876 0.028672
0 0.008395 0.591808 0.014460 0.115584
0 0.008144 0.375872 0.014962 0.025088
0 0.008104 0.336000 0.015043 0.025088
0 0.008104 0.292096 0.015043 0.027328
0 0.008055 0.281792 0.015141 0.049728
0 0.008072 0.248192 0.015107 0.030464
0 0.008015 0.228032 0.015219 0.057792
0 0.008067 0.178304 0.015115 0.037632
0 0.007984 0.195776 0.015282 0.046592
0 0.007996 0.097664 0.015257 0.037632
0 0.007932 0.137536 0.015385 0.058240
0 0.008354 0.551040 0.014543 0.116032
0 0.008444 0.667968 0.014361 0.069888
0 0.001299 0.076160 0.001866 0.012096
0 0.007872 0.083328 0.015505 0.039424
0 0.001296 0.078848 0.001871 0.012544
0 0.001282 0.081536 0.001901 0.012992
0 0.001265 0.087808 0.001935 0.013888
0 0.001261 0.090496 0.001942 0.014784
0 0.001252 0.094528 0.001961 0.014784
0 0.001242 0.096768 0.001981 0.015232
0 0.001225 0.099904 0.002014 0.014784
0 0.001214 0.102592 0.002036 0.014784
0 0.007813 0.809536 0.015623 0.083328
0 0.007813 0.764288 0.015623 0.062272
0 0.007843 0.047488 0.015565 0.035392
0 0.008492 0.710080 0.014267 0.067648
0 0.008794 0.928704 0.013662 0.035392
0 0.008752 0.917504 0.013746 0.032704
0 0.008706 0.899584 0.013839 0.047488
0 0.008665 0.868672 0.013920 0.057344
0 0.008627 0.840448 0.013996 0.061824
0 0.008596 0.811328 0.014058 0.062272
0 0.016670 0.874496 0.029161 0.012544
0 0.016527 0.744128 0.029446 0.019712
0 0.008565 0.779520 0.014120 0.061824
0 0.008533 0.748608 0.014184 0.066304
0 0.001366 0.223104 0.001733 0.012096
0 0.001349 0.225792 0.001767 0.014784
0 0.001561 0.343168 0.001343 0.010304
0 0.001345 0.230272 0.001775 0.011648
0 0.001577 0.327936 0.001311 0.011200
0 0.001568 0.329728 0.001328 0.010304
0 0.001561 0.329728 0.001343 0.010752
0 0.001553 0.330176 0.001358 0.010304
0 0.001544 0.330176 0.001377 0.011200
0 0.001536 0.330176 0.001391 0.011200
0 0.001528 0.330176 0.001408 0.011200
0 0.001521 0.330624 0.001423 0.010752
0 0.001503 0.330624 0.001459 0.011200
0 0.001488 0.330176 0.001488 0.011200
0 0.001479 0.330624 0.001506 0.010752
0 0.001471 0.330624 0.001522 0.010304
0 0.001462 0.330624 0.001539 0.009856
0 0.001454 0.330176 0.001556 0.011200
0 0.001445 0.330176 0.001573 0.010752
0 0.001437 0.329728 0.001590 0.011200
0 0.001429 0.331520 0.001607 0.008960
0 0.001422 0.330624 0.001621 0.010304
0 0.001413 0.331072 0.001639 0.009408
0 0.001401 0.332864 0.001662 0.013440
0 0.001467 0.285824 0.001531 0.008960
0 0.001524 0.281792 0.001416 0.012544
0 0.001551 0.300160 0.001363 0.017920
0 0.001585 0.329728 0.001294 0.010752
0 0.001594 0.330176 0.001276 0.009408
0 0.001602 0.328832 0.001260 0.012096
0 0.001468 0.343616 0.001528 0.008960
0 0.001553 0.344064 0.001359 0.011200
0 0.001545 0.342720 0.001374 0.010304
0 0.001530 0.342720 0.001404 0.010304
0 0.001522 0.343168 0.001420 0.009856
0 0.001514 0.343168 0.001436 0.009856
0 0.001507 0.342720 0.001451 0.009856
0 0.001499 0.343616 0.001465 0.009856
0 0.001491 0.343168 0.001482 0.010752
0 0.001484 0.342720 0.001497 0.010304
0 0.001477 0.343168 0.001511 0.010752
0 0.001460 0.344064 0.001544 0.009408
0 0.001610 0.329728 0.001244 0.011200
0 0.001453 0.343616 0.001557 0.009408
0 0.001445 0.343616 0.001573 0.009856
0 0.001438 0.344064 0.001589 0.009408
0 0.001430 0.344064 0.001604 0.010752
0 0.001421 0.344064 0.001623 0.011200
0 0.001411 0.343616 0.001642 0.010752
0 0.001646 0.331968 0.001172 0.006272
0 0.001635 0.329728 0.001194 0.010752
0 0.001626 0.329728 0.001212 0.011200
0 0.001618 0.329728 0.001228 0.011648
0 0.001531 0.298368 0.001402 0.014784
0 0.001514 0.298368 0.001436 0.013440
0 0.001504 0.299264 0.001457 0.013888
0 0.001391 0.233408 0.001682 0.010752
0 0.001423 0.252672 0.001619 0.016576
0 0.001438 0.234304 0.001589 0.012096
0 0.001420 0.216832 0.001625 0.013888
0 0.001375 0.249088 0.001714 0.008064
0 0.001418 0.241472 0.001628 0.008960
0 0.001398 0.247744 0.001668 0.009408
0 0.001368 0.256704 0.001728 0.010752
0 0.001416 0.224448 0.001631 0.011200
0 0.001411 0.228032 0.001642 0.013440
0 0.001404 0.230720 0.001657 0.012096
0 0.001383 0.236096 0.001698 0.012992
0 0.001438 0.259840 0.001589 0.011200
0 0.001376 0.237888 0.001711 0.011200
0 0.001370 0.239680 0.001725 0.011648
0 0.001362 0.242816 0.001739 0.011648
0 0.001356 0.245504 0.001753 0.011200
0 0.001347 0.248192 0.001771 0.012992
0 0.001339 0.250880 0.001785 0.013440
0 0.001311 0.246848 0.001842 0.024640
0 0.001322 0.236992 0.001819 0.012096
0 0.001329 0.234752 0.001806 0.012096
0 0.001335 0.231168 0.001795 0.014336
0 0.001382 0.261632 0.001701 0.013440
0 0.001366 0.284032 0.001732 0.010752
0 0.001496 0.300160 0.001473 0.016576
0 0.001410 0.283584 0.001645 0.010752
0 0.001486 0.301952 0.001492 0.019264
0 0.001476 0.300160 0.001512 0.016576
0 0.001467 0.301952 0.001531 0.018368
0 0.001455 0.302400 0.001554 0.020608
0 0.001449 0.298816 0.001567 0.012544
0 0.001438 0.303296 0.001589 0.016128
0 0.001429 0.299712 0.001606 0.015232
0 0.001419 0.298816 0.001625 0.012544
0 0.001411 0.299264 0.001643 0.013440
0 0.001399 0.296576 0.001667 0.019264
0 0.001418 0.284480 0.001628 0.008512
0 0.001377 0.295680 0.001710 0.017920
0 0.001425 0.283136 0.001615 0.012544
0 0.001433 0.283136 0.001597 0.012544
0 0.001441 0.283136 0.001582 0.012544
0 0.001455 0.282240 0.001554 0.014784
0 0.001468 0.270144 0.001529 0.009856
0 0.001469 0.258496 0.001526 0.003584
0 0.001471 0.254464 0.001523 0.004032
0 0.001471 0.245504 0.001522 0.005824
0 0.001471 0.236544 0.001523 0.011200
0 0.001359 0.295680 0.001747 0.025984
0 0.001779 0.441280 0.000907 0.010752
0 0.001788 0.439936 0.000889 0.011648
0 0.001799 0.442624 0.000866 0.015680
0 0.001952 0.806848 0.000560 0.011200
0 0.001927 0.774592 0.000609 0.010752
0 0.001920 0.776384 0.000624 0.010752
0 0.001914 0.778624 0.000637 0.011200
0 0.001908 0.781760 0.000648 0.008960
0 0.001894 0.786688 0.000676 0.011200
0 0.001881 0.802368 0.000702 0.011200
0 0.001873 0.797888 0.000718 0.012992
0 0.001863 0.792064 0.000739 0.013440
0 0.001955 0.733376 0.000554 0.009408
0 0.001947 0.735616 0.000569 0.010752
0 0.001942 0.738304 0.000580 0.010304
0 0.001936 0.740544 0.000593 0.010304
0 0.001929 0.742784 0.000606 0.010752
0 0.001924 0.745920 0.000617 0.010304
0 0.001917 0.748608 0.000630 0.010752
0 0.001910 0.751296 0.000643 0.011200
0 0.001903 0.753536 0.000658 0.012096
0 0.001894 0.757568 0.000676 0.009408
0 0.001889 0.760704 0.000687 0.010304
0 0.001883 0.762496 0.000699 0.009408
0 0.001876 0.765632 0.000711 0.010752
0 0.001855 0.772800 0.000755 0.012544
0 0.001848 0.767872 0.000768 0.011200
0 0.001935 0.771456 0.000595 0.010304
0 0.001940 0.768768 0.000584 0.010752
0 0.001948 0.766080 0.000568 0.010752
0 0.001962 0.772800 0.000540 0.008512
0 0.001939 0.812224 0.000585 0.011200
0 0.001934 0.814464 0.000596 0.010752
0 0.001927 0.817600 0.000611 0.010752
0 0.001913 0.834176 0.000639 0.011200
0 0.001907 0.828800 0.000649 0.011648
0 0.001900 0.823424 0.000665 0.012096
0 0.001987 0.763392 0.000491 0.008960
0 0.001980 0.765184 0.000505 0.008960
0 0.001974 0.767872 0.000517 0.009856
0 0.001968 0.771008 0.000528 0.010752
0 0.001956 0.775488 0.000551 0.008960
0 0.001967 0.759360 0.000529 0.009408
0 0.001950 0.778176 0.000564 0.009856
0 0.001944 0.780864 0.000577 0.010304
0 0.001938 0.783552 0.000589 0.010304
0 0.001930 0.785792 0.000604 0.010752
0 0.001924 0.788032 0.000616 0.009408
0 0.001919 0.790720 0.000627 0.009408
0 0.001911 0.792960 0.000642 0.010752
0 0.001899 0.797440 0.000665 0.010304
0 0.001979 0.753088 0.000507 0.011200
0 0.001973 0.756672 0.000519 0.009408
0 0.001842 0.761152 0.000780 0.012544
0 0.001940 0.722176 0.000584 0.013440
0 0.001938 0.725760 0.000588 0.012096
0 0.001967 0.551488 0.000531 0.015232
0 0.001817 0.716352 0.000831 0.012096
0 0.001805 0.719936 0.000854 0.012544
0 0.001799 0.722176 0.000867 0.011648
0 0.001795 0.725760 0.000875 0.017024
0 0.001856 0.659008 0.000752 0.017472
0 0.001848 0.660352 0.000768 0.012992
0 0.001842 0.663488 0.000780 0.012992
0 0.001834 0.666176 0.000796 0.012992
0 0.001827 0.669312 0.000810 0.012544
0 0.001819 0.672896 0.000827 0.013888
0 0.001976 0.505792 0.000512 0.019264
0 0.001831 0.711424 0.000802 0.010752
0 0.001965 0.518784 0.000534 0.008960
0 0.001960 0.521920 0.000544 0.008960
0 0.001953 0.524160 0.000559 0.010304
0 0.001945 0.526848 0.000574 0.010304
0 0.001944 0.529088 0.000577 0.008960
0 0.001973 0.504448 0.000517 0.009408
0 0.001967 0.506240 0.000529 0.008512
0 0.001960 0.508480 0.000544 0.010304
0 0.001954 0.510720 0.000557 0.008960
0 0.001948 0.513408 0.000568 0.008064
0 0.001825 0.713664 0.000815 0.010752
0 0.001837 0.707840 0.000791 0.011200
0 0.001925 0.728448 0.000614 0.012096
0 0.001841 0.723968 0.000782 0.014784
0 0.001901 0.738304 0.000663 0.013440
0 0.001885 0.744576 0.000694 0.013440
0 0.001885 0.748608 0.000694 0.011200
0 0.001862 0.753984 0.000741 0.013440
0 0.001905 0.694400 0.000654 0.014784
0 0.001890 0.700672 0.000685 0.013888
0 0.001882 0.704256 0.000701 0.014336
0 0.001864 0.714560 0.000736 0.013440
0 0.001873 0.711424 0.000717 0.013888
0 0.001849 0.721280 0.000766 0.014784
0 0.001828 0.727552 0.000808 0.013440
0 0.001838 0.705600 0.000788 0.011648
0 0.001821 0.731584 0.000823 0.012992
0 0.001812 0.733824 0.000840 0.013440
0 0.001901 0.679168 0.000663 0.012096
0 0.001896 0.683200 0.000673 0.011200
0 0.001889 0.685888 0.000686 0.011200
0 0.001876 0.691264 0.000712 0.012096
0 0.001870 0.694400 0.000725 0.011200
0 0.001863 0.697088 0.000738 0.010752
0 0.001852 0.700672 0.000760 0.011200
0 0.001849 0.702464 0.000766 0.010752
0 0.001947 0.809088 0.000571 0.010304
0 0.001959 0.804608 0.000546 0.011200
0 0.001965 0.481600 0.000534 0.010752
0 0.001985 0.794304 0.000494 0.008960
0 0.001211 0.791168 0.002042 0.013888
0 0.001201 0.785344 0.002063 0.011200
0 0.001136 0.831488 0.002192 0.008064
0 0.001141 0.829248 0.002183 0.009408
0 0.001145 0.825216 0.002173 0.009408
0 0.001153 0.820288 0.002158 0.007616
0 0.001157 0.816704 0.002150 0.008064
0 0.001162 0.813120 0.002140 0.008512
0 0.001167 0.809088 0.002131 0.010304
0 0.001172 0.805056 0.002120 0.008512
0 0.001180 0.801024 0.002104 0.010304
0 0.001182 0.796992 0.002100 0.008960
0 0.001121 0.827008 0.002222 0.010304
0 0.001120 0.822080 0.002224 0.010752
0 0.001130 0.819840 0.002204 0.009408
0 0.001136 0.816256 0.002192 0.008064
0 0.001141 0.812672 0.002183 0.008512
0 0.001145 0.809088 0.002174 0.008960
0 0.001150 0.804608 0.002165 0.009408
0 0.001154 0.801024 0.002156 0.008960
0 0.001159 0.796544 0.002145 0.008064
0 0.001163 0.793408 0.002139 0.009408
0 0.001168 0.789824 0.002128 0.008960
0 0.001193 0.782208 0.002078 0.011648
0 0.001271 0.775488 0.001922 0.011648
0 0.001182 0.750848 0.002101 0.012544
0 0.001138 0.743680 0.002188 0.011200
0 0.002198 0.904064 0.000069 0.008064
0 0.002193 0.904064 0.000079 0.007616
0 0.002182 0.904960 0.000101 0.008960
0 0.002159 0.896000 0.000146 0.007168
0 0.002186 0.904064 0.000092 0.009408
0 0.016570 0.309120 0.029359 0.014784
0 0.001119 0.761600 0.002225 0.010304
0 0.001122 0.756672 0.002220 0.010752
0 0.001130 0.752640 0.002205 0.011200
0 0.001134 0.748160 0.002197 0.011648
0 0.001145 0.739200 0.002174 0.012096
0 0.001155 0.736512 0.002154 0.010304
0 0.001117 0.782656 0.002230 0.010304
0 0.001123 0.779072 0.002219 0.008512
0 0.001125 0.775040 0.002213 0.010752
0 0.001133 0.771008 0.002198 0.007616
0 0.001138 0.767424 0.002189 0.007168
0 0.001142 0.763392 0.002181 0.008512
0 0.001147 0.759808 0.002170 0.007616
0 0.001152 0.756224 0.002160 0.009408
0 0.001159 0.753088 0.002145 0.009856
0 0.001163 0.749504 0.002139 0.011648
0 0.001168 0.785344 0.002128 0.009856
0 0.002110 0.938560 0.000245 0.009408
0 0.002098 0.937216 0.000269 0.008960
0 0.001930 0.852992 0.000605 0.013440
0 0.001993 0.889280 0.000477 0.008960
0 0.001987 0.892864 0.000489 0.010752
0 0.001971 0.890176 0.000523 0.017472
0 0.002016 0.834624 0.000433 0.007616
0 0.001997 0.843584 0.000471 0.009856
0 0.001991 0.845376 0.000483 0.010304
0 0.001985 0.848512 0.000494 0.009408
0 0.001977 0.851200 0.000510 0.010304
0 0.001964 0.857024 0.000537 0.010752
0 0.001945 0.863296 0.000574 0.012992
0 0.002016 0.793856 0.000432 0.011200
0 0.002001 0.883904 0.000462 0.010304
0 0.002009 0.796992 0.000447 0.012096
0 0.001998 0.800128 0.000469 0.013440
0 0.001985 0.806848 0.000494 0.011648
0 0.001977 0.810432 0.000511 0.012096
0 0.001970 0.813120 0.000525 0.011200
0 0.001962 0.815808 0.000541 0.012544
0 0.001953 0.818944 0.000558 0.012544
0 0.001947 0.822976 0.000571 0.012544
0 0.001939 0.825664 0.000586 0.012096
0 0.001932 0.828352 0.000600 0.011200
0 0.001995 0.886592 0.000474 0.008960
0 0.002013 0.878976 0.000437 0.010752
0 0.002078 0.929600 0.000308 0.009408
0 0.002027 0.859712 0.000410 0.010752
0 0.002018 0.915264 0.000429 0.009408
0 0.002026 0.907200 0.000412 0.006272
0 0.002081 0.877632 0.000302 0.010752
0 0.002051 0.889280 0.000363 0.010752
0 0.002002 0.904064 0.000461 0.008960
0 0.002022 0.831936 0.000420 0.009408
0 0.001992 0.876736 0.000481 0.009856
0 0.001996 0.873152 0.000473 0.011648
0 0.002009 0.868672 0.000446 0.008512
0 0.002015 0.866432 0.000434 0.007616
0 0.002042 0.855680 0.000381 0.009408
0 0.002021 0.876736 0.000423 0.010304
0 0.002047 0.852544 0.000369 0.008960
0 0.002053 0.849856 0.000359 0.010304
0 0.002060 0.847616 0.000345 0.009856
0 0.002070 0.855680 0.000324 0.011648
0 0.002063 0.858368 0.000338 0.012544
0 0.002057 0.860160 0.000350 0.010304
0 0.002045 0.866880 0.000374 0.012544
0 0.002038 0.869120 0.000388 0.010304
0 0.002033 0.870912 0.000399 0.008064
0 0.002026 0.873600 0.000413 0.010752
0 0.001972 0.478464 0.000521 0.010752
0 0.001959 0.482944 0.000545 0.008960
0 0.001678 0.456960 0.001109 0.012544
0 0.001797 0.592704 0.000871 0.012544
0 0.001769 0.568960 0.000927 0.011648
0 0.001761 0.571648 0.000943 0.012096
0 0.001753 0.575232 0.000957 0.011200
0 0.001745 0.577920 0.000975 0.012544
0 0.001737 0.579712 0.000991 0.012544
0 0.001729 0.583296 0.001007 0.012096
0 0.001721 0.586432 0.001023 0.012992
0 0.001695 0.595392 0.001075 0.011200
0 0.001686 0.598976 0.001092 0.011648
0 0.001678 0.602112 0.001109 0.011648
0 0.001668 0.604800 0.001128 0.011648
0 0.001905 0.503104 0.000654 0.013888
0 0.001896 0.507136 0.000673 0.012992
0 0.001876 0.513408 0.000711 0.013888
0 0.001858 0.519680 0.000749 0.013440
0 0.001849 0.524160 0.000766 0.012544
0 0.001840 0.526848 0.000784 0.012992
0 0.001831 0.530880 0.000802 0.012544
0 0.001822 0.534016 0.000820 0.012544
0 0.001810 0.537600 0.000843 0.012544
0 0.001803 0.540288 0.000858 0.012992
0 0.001794 0.543872 0.000876 0.012544
0 0.001785 0.547904 0.000894 0.013440
0 0.001785 0.563136 0.000894 0.012096
0 0.001793 0.559552 0.000878 0.011648
0 0.001801 0.557312 0.000863 0.012096
0 0.001701 0.639296 0.001062 0.026432
0 0.001781 0.598528 0.000903 0.012544
0 0.001771 0.601216 0.000922 0.012992
0 0.001766 0.604352 0.000933 0.011200
0 0.001757 0.607040 0.000951 0.011200
0 0.001743 0.610176 0.000978 0.011200
0 0.001735 0.612864 0.000994 0.011200
0 0.001726 0.616896 0.001012 0.012096
0 0.001725 0.619584 0.001015 0.011200
0 0.001710 0.622720 0.001043 0.011200
0 0.001707 0.625408 0.001051 0.012096
0 0.001913 0.516544 0.000638 0.011648
0 0.001809 0.554176 0.000846 0.012096
0 0.001904 0.519680 0.000657 0.012096
0 0.001897 0.522368 0.000671 0.012096
0 0.001889 0.524608 0.000687 0.012096
0 0.001881 0.527744 0.000702 0.012096
0 0.001873 0.530432 0.000717 0.012096
0 0.001856 0.536704 0.000752 0.012096
0 0.001848 0.539392 0.000768 0.012544
0 0.001840 0.542080 0.000785 0.012096
0 0.001825 0.548352 0.000814 0.011200
0 0.001816 0.550592 0.000832 0.011648
0 0.001776 0.551040 0.000913 0.012544
0 0.001759 0.554624 0.000945 0.012992
0 0.001755 0.558208 0.000954 0.013440
0 0.001678 0.493248 0.001109 0.004928
0 0.001766 0.498176 0.000933 0.016128
0 0.001761 0.517440 0.000942 0.013440
0 0.001745 0.502208 0.000974 0.016576
0 0.001752 0.521024 0.000960 0.012992
0 0.001735 0.506240 0.000995 0.017472
0 0.001677 0.528192 0.001111 0.006720
0 0.001678 0.519680 0.001108 0.006272
0 0.001678 0.512960 0.001109 0.005376
0 0.001678 0.506240 0.001109 0.005824
0 0.001677 0.499520 0.001110 0.005376
0 0.001676 0.486528 0.001111 0.004928
0 0.001781 0.510720 0.000902 0.012544
0 0.001677 0.480256 0.001110 0.004928
0 0.001782 0.452032 0.000900 0.006272
0 0.001765 0.456064 0.000935 0.012096
0 0.001752 0.456960 0.000960 0.013440
0 0.001743 0.456064 0.000979 0.014336
0 0.001730 0.457408 0.001003 0.014784
0 0.001720 0.455168 0.001024 0.011648
0 0.001710 0.456064 0.001045 0.013888
0 0.001698 0.457856 0.001068 0.013888
0 0.001687 0.456960 0.001090 0.014336
0 0.001772 0.514304 0.000921 0.012544
0 0.001777 0.493696 0.000910 0.017920
0 0.001735 0.565376 0.000995 0.013888
0 0.001845 0.486528 0.000774 0.012544
0 0.001724 0.568960 0.001016 0.013440
0 0.001703 0.570752 0.001058 0.017472
0 0.001701 0.574336 0.001062 0.017472
0 0.001690 0.577920 0.001084 0.017920
0 0.001679 0.582400 0.001105 0.019264
0 0.001657 0.590912 0.001151 0.020160
0 0.001670 0.585984 0.001124 0.017472
0 0.001873 0.476672 0.000718 0.012992
0 0.001865 0.480256 0.000734 0.013440
0 0.001855 0.483392 0.000754 0.012992
0 0.001837 0.489664 0.000791 0.013440
0 0.001787 0.490112 0.000890 0.016128
0 0.001834 0.493696 0.000797 0.013888
0 0.001817 0.497280 0.000831 0.014784
0 0.001810 0.500864 0.000844 0.011648
0 0.001800 0.504000 0.000865 0.013888
0 0.001790 0.507136 0.000884 0.013888
0 0.001863 0.463232 0.000739 0.016128
0 0.001851 0.466816 0.000762 0.016128
0 0.001822 0.474880 0.000820 0.016576
0 0.001819 0.478016 0.000826 0.016576
0 0.001802 0.482944 0.000861 0.017472
0 0.001788 0.595392 0.000888 0.012096
0 0.001804 0.590016 0.000856 0.011648
0 0.001952 0.485632 0.000561 0.010304
0 0.001807 0.586880 0.000851 0.012096
0 0.001956 0.426944 0.000552 0.017920
0 0.001953 0.430528 0.000559 0.016576
0 0.001936 0.433664 0.000591 0.016576
0 0.001932 0.436352 0.000601 0.016576
0 0.001924 0.441280 0.000617 0.014784
0 0.001907 0.445312 0.000651 0.014784
0 0.001902 0.448448 0.000660 0.016576
0 0.001892 0.452928 0.000681 0.013440
0 0.001882 0.456064 0.000700 0.016128
0 0.001866 0.460096 0.000733 0.013888
0 0.001817 0.675584 0.000830 0.012544
0 0.001806 0.678720 0.000852 0.012992
0 0.001799 0.681856 0.000867 0.013440
0 0.001793 0.684992 0.000879 0.009408
0 0.001784 0.687232 0.000896 0.012544
0 0.001776 0.690816 0.000911 0.013440
0 0.001768 0.694848 0.000928 0.014784
0 0.001846 0.640640 0.000772 0.020160
0 0.001843 0.646912 0.000779 0.012992
0 0.001834 0.650048 0.000796 0.013440
0 0.001827 0.652288 0.000810 0.013888
0 0.001820 0.655872 0.000824 0.012992
0 0.001813 0.658112 0.000838 0.012992
0 0.001884 0.471296 0.000696 0.008064
0 0.001892 0.468160 0.000681 0.008960
0 0.001900 0.467264 0.000665 0.008064
0 0.001930 0.479808 0.000604 0.008064
0 0.001946 0.488320 0.000573 0.009408
0 0.001939 0.490112 0.000587 0.010304
0 0.001932 0.492800 0.000601 0.009856
0 0.001926 0.495040 0.000613 0.009408
0 0.001919 0.498176 0.000625 0.008960
0 0.001974 0.465920 0.000517 0.009408
0 0.001967 0.468160 0.000530 0.009408
0 0.001954 0.473088 0.000557 0.008960
0 0.001942 0.475328 0.000580 0.008960
0 0.001936 0.477568 0.000591 0.008960
0 0.001922 0.482496 0.000620 0.009408
0 0.001905 0.463680 0.000654 0.008960
0 0.001902 0.489664 0.000661 0.010304
0 0.001965 0.442624 0.000535 0.009408
0 0.001959 0.444864 0.000546 0.008960
0 0.001951 0.446656 0.000562 0.009408
0 0.001949 0.449344 0.000566 0.008960
0 0.001944 0.451136 0.000577 0.008960
0 0.001933 0.454272 0.000599 0.008512
0 0.001925 0.456512 0.000614 0.008064
0 0.001919 0.459648 0.000625 0.008064
0 0.001912 0.461440 0.000641 0.008960
0 0.001799 0.661248 0.000865 0.013440
0 0.001799 0.663936 0.000866 0.015232
0 0.001790 0.667520 0.000884 0.015680
0 0.001769 0.619136 0.000927 0.015232
0 0.001855 0.585536 0.000755 0.009856
0 0.001848 0.588224 0.000768 0.010752
0 0.001841 0.590464 0.000782 0.009408
0 0.001835 0.593600 0.000794 0.009856
0 0.001828 0.597184 0.000808 0.010752
0 0.001819 0.600320 0.000826 0.013440
0 0.001809 0.604352 0.000846 0.015680
0 0.001799 0.607488 0.000865 0.014336
0 0.001797 0.611968 0.000871 0.015680
0 0.001780 0.615104 0.000904 0.014784
0 0.001759 0.622720 0.000945 0.016128
0 0.001875 0.578368 0.000714 0.009856
0 0.001749 0.626752 0.000966 0.016128
0 0.001739 0.630784 0.000985 0.017024
0 0.001729 0.635264 0.001006 0.013888
0 0.001725 0.639744 0.001015 0.018368
0 0.001870 0.566720 0.000725 0.012096
0 0.001859 0.569408 0.000746 0.011648
0 0.001853 0.572544 0.000759 0.012544
0 0.001844 0.575232 0.000777 0.012096
0 0.001838 0.578368 0.000789 0.011648
0 0.001821 0.583744 0.000823 0.011648
0 0.001861 0.583296 0.000743 0.009856
0 0.001882 0.575680 0.000701 0.009408
0 0.001783 0.671104 0.000898 0.014784
0 0.001918 0.548800 0.000629 0.012992
0 0.001776 0.673344 0.000911 0.013888
0 0.001769 0.676032 0.000926 0.014784
0 0.001760 0.679616 0.000944 0.014784
0 0.001762 0.695744 0.000941 0.017024
0 0.001748 0.681408 0.000968 0.014784
0 0.001876 0.563136 0.000712 0.012544
0 0.001884 0.560448 0.000697 0.012096
0 0.001892 0.557760 0.000681 0.012096
0 0.001902 0.555072 0.000661 0.011648
0 0.001903 0.552384 0.000659 0.012096
0 0.001922 0.545216 0.000620 0.013440
0 0.001888 0.573440 0.000688 0.010304
0 0.001931 0.542080 0.000602 0.012544
0 0.001940 0.539840 0.000585 0.011648
0 0.001948 0.551488 0.000568 0.009408
0 0.001942 0.554176 0.000580 0.009408
0 0.001936 0.557312 0.000593 0.010752
0 0.001922 0.561792 0.000621 0.010304
0 0.001915 0.564032 0.000635 0.009856
0 0.001908 0.566720 0.000648 0.009408
0 0.001902 0.568960 0.000661 0.008960
0 0.001895 0.570752 0.000675 0.009408
0 0.007905 0.081088 0.015439 0.060480
