0 0.011478 0.888384 0.021687 0.031360
0 0.008693 0.827904 0.013865 0.037184
0 0.008426 0.659008 0.014399 0.043904
0 0.008511 0.677376 0.014229 0.038528
0 0.008582 0.689472 0.014086 0.039872
0 0.008659 0.697536 0.013931 0.031808
0 0.008736 0.706944 0.013777 0.038528
0 0.008812 0.717248 0.013627 0.033152
0 0.008845 0.844480 0.013561 0.040320
0 0.008770 0.835520 0.013710 0.039872
0 0.008619 0.816256 0.014012 0.038528
0 0.011542 0.945728 0.021560 0.021504
0 0.008541 0.805952 0.014168 0.034048
0 0.008480 0.793856 0.014290 0.031360
0 0.008399 0.787584 0.014452 0.043008
0 0.001334 0.421120 0.001796 0.073472
0 0.001386 0.316288 0.001692 0.047040
0 0.001367 0.232960 0.001730 0.040320
0 0.001288 0.414848 0.001889 0.066752
0 0.001269 0.678272 0.001927 0.041664
0 0.008360 0.645568 0.014530 0.034048
0 0.008319 0.775936 0.014613 0.034048
0 0.008285 0.637504 0.014680 0.038528
0 0.008242 0.766080 0.014765 0.041216
0 0.008156 0.068992 0.014938 0.062272
0 0.008137 0.218624 0.014976 0.074816
0 0.008084 0.328832 0.015081 0.088256
0 0.008064 0.202048 0.015123 0.088704
0 0.008038 0.438592 0.015175 0.091840
0 0.008019 0.322112 0.015211 0.061376
0 0.007978 0.416640 0.015293 0.073472
0 0.015754 0.185920 0.030993 0.043904
0 0.015881 0.047488 0.030738 0.055552
0 0.015716 0.482496 0.031068 0.091392
0 0.007943 0.495936 0.015364 0.051520
0 0.007928 0.536704 0.015394 0.043008
0 0.007936 0.684096 0.015378 0.076608
0 0.008015 0.741888 0.015219 0.038976
0 0.008090 0.745472 0.015070 0.038080
0 0.008164 0.756224 0.014923 0.041216
0 0.008203 0.625856 0.014844 0.037184
0 0.001665 0.665728 0.001135 0.015232
0 0.001764 0.685888 0.000936 0.012992
0 0.001775 0.771904 0.000915 0.018368
0 0.011585 0.012992 0.021474 0.023744
0 0.011599 0.190848 0.021444 0.023744
0 0.011608 0.226240 0.021427 0.025536
0 0.011609 0.251328 0.021424 0.021504
0 0.011590 0.323008 0.021463 0.023296
0 0.012121 0.031360 0.020402 0.018816
0 0.012110 0.049728 0.020423 0.020160
0 0.012128 0.011200 0.020386 0.020160
0 0.012061 0.036288 0.020521 0.017920
0 0.012064 0.025088 0.020514 0.018368
0 0.012068 0.012992 0.020507 0.018816
0 0.011653 0.363328 0.021338 0.025536
0 0.011629 0.396928 0.021384 0.016576
0 0.011559 0.383936 0.021524 0.025536
0 0.011651 0.506688 0.021342 0.019712
0 0.011974 0.529088 0.020694 0.030016
0 0.012008 0.542528 0.020627 0.026432
0 0.011763 0.993216 0.021117 0.011200
0 0.011593 0.144704 0.021457 0.010304
0 0.011599 0.014784 0.021445 0.025088
0 0.001861 0.787584 0.000742 0.016128
0 0.011196 0.419328 0.022251 0.021952
0 0.002006 0.803712 0.000453 0.020160
0 0.002115 0.740096 0.000234 0.022848
0 0.002123 0.183680 0.000219 0.029568
0 0.002129 0.146048 0.000207 0.034048
0 0.002142 0.123200 0.000180 0.023744
0 0.011242 0.197568 0.022159 0.023744
0 0.011326 0.037184 0.021991 0.020160
0 0.011199 0.439488 0.022246 0.019712
0 0.011194 0.538048 0.022255 0.025088
0 0.011743 0.993664 0.021156 0.011648
0 0.011907 0.989184 0.020829 0.012096
0 0.011959 0.942592 0.020725 0.021952
0 0.012040 0.961408 0.020563 0.011200
0 0.011316 0.058240 0.022010 0.023744
0 0.011236 0.102592 0.022170 0.026880
0 0.011210 0.139328 0.022223 0.024640
0 0.011199 0.163520 0.022244 0.028672
0 0.008107 0.100352 0.015036 0.067200
