0 0.011672 0.960960 0.021299 0.048384
0 0.011631 0.959616 0.021381 0.036736
0 0.004791 0.505344 0.008275 0.121856
0 0.004806 0.661696 0.008245 0.121856
0 0.004823 0.814912 0.008211 0.121856
0 0.005116 0.774592 0.007625 0.121856
0 0.005100 0.621376 0.007657 0.119616
0 0.005083 0.465024 0.007691 0.124096
0 0.005070 0.317184 0.007717 0.120960
0 0.011892 0.111552 0.020859 0.025536
0 0.012164 0.657664 0.020314 0.028672
0 0.012170 0.682304 0.020302 0.030016
0 0.012098 0.779520 0.020446 0.026432
0 0.012118 0.870464 0.020406 0.026432
0 0.012075 0.940800 0.020492 0.042560
0 0.012057 0.943040 0.020528 0.040320
0 0.012037 0.941696 0.020569 0.044800
0 0.011955 0.959168 0.020733 0.042560
0 0.011831 0.973504 0.020982 0.038976
0 0.011572 0.971712 0.021499 0.044800
0 0.011508 0.978880 0.021628 0.038080
0 0.011528 0.974848 0.021587 0.038976
0 0.012197 0.522816 0.020250 0.021952
0 0.012111 0.847168 0.020420 0.027776
0 0.012108 0.823872 0.020426 0.027776
0 0.011999 0.947520 0.020645 0.042560
0 0.011974 0.956928 0.020695 0.044800
0 0.011911 0.963200 0.020821 0.043904
0 0.011889 0.966784 0.020865 0.048384
0 0.011854 0.969920 0.020936 0.043904
0 0.011712 0.951104 0.021218 0.042560
0 0.004775 0.356608 0.008307 0.119616
