0 0.001794 0.855232 0.000877 0.023744
0 0.001822 0.829248 0.000820 0.020160
0 0.001742 0.282240 0.000979 0.013888
0 0.001756 0.263872 0.000953 0.014784
0 0.001760 0.283584 0.000945 0.012992
0 0.001774 0.286272 0.000917 0.013888
0 0.001789 0.288512 0.000886 0.014784
0 0.001806 0.289408 0.000852 0.011648
0 0.001829 0.275072 0.000807 0.013888
0 0.001844 0.277312 0.000776 0.012544
0 0.001834 0.295680 0.000797 0.014784
0 0.001857 0.278656 0.000750 0.017472
0 0.001872 0.280896 0.000719 0.013440
0 0.001888 0.281344 0.000689 0.014784
0 0.001903 0.284480 0.000659 0.013440
0 0.001916 0.286720 0.000632 0.013888
0 0.001911 0.305536 0.000642 0.013888
0 0.001932 0.288512 0.000600 0.013440
0 0.001950 0.289856 0.000564 0.009408
0 0.001728 0.280448 0.001008 0.014784
0 0.001714 0.278656 0.001036 0.013440
0 0.001726 0.260736 0.001012 0.013888
0 0.001650 0.270592 0.001164 0.013888
0 0.001623 0.173376 0.001219 0.010752
0 0.001593 0.242816 0.001277 0.013440
0 0.001576 0.258944 0.001312 0.013440
0 0.001591 0.262080 0.001283 0.014336
0 0.001606 0.263872 0.001253 0.014784
0 0.001621 0.266112 0.001222 0.014784
0 0.001636 0.268352 0.001192 0.013440
0 0.001610 0.245056 0.001245 0.013440
0 0.001711 0.259392 0.001042 0.012992
0 0.001624 0.246848 0.001217 0.014336
0 0.001638 0.248640 0.001188 0.012992
0 0.001652 0.251776 0.001160 0.012544
0 0.001667 0.253120 0.001129 0.011648
0 0.001667 0.271040 0.001129 0.012992
0 0.001681 0.274624 0.001103 0.015680
0 0.001696 0.256256 0.001072 0.014784
0 0.001961 0.292544 0.000543 0.014784
0 0.001957 0.311360 0.000550 0.013888
0 0.001975 0.313152 0.000514 0.012544
0 0.001668 0.346304 0.001127 0.021056
0 0.001826 0.343168 0.000812 0.015680
0 0.001789 0.362880 0.000886 0.017920
0 0.001795 0.339584 0.000875 0.016128
0 0.001781 0.336000 0.000902 0.013888
0 0.001708 0.351680 0.001048 0.019712
0 0.001715 0.329728 0.001034 0.014784
0 0.001688 0.348544 0.001088 0.019264
0 0.001650 0.342720 0.001164 0.019264
0 0.001866 0.372736 0.000733 0.021504
0 0.001630 0.339584 0.001205 0.017472
0 0.001610 0.337792 0.001245 0.018816
0 0.001620 0.316288 0.001224 0.016128
0 0.001603 0.314048 0.001258 0.017920
0 0.001573 0.308672 0.001319 0.018816
0 0.001558 0.305984 0.001348 0.017024
0 0.001541 0.305984 0.001382 0.015680
0 0.001857 0.347648 0.000750 0.016128
0 0.001904 0.354816 0.000657 0.015232
0 0.002004 0.317632 0.000456 0.013440
0 0.002069 0.387072 0.000326 0.034048
0 0.002019 0.300608 0.000427 0.013888
0 0.002048 0.304640 0.000368 0.014784
0 0.002051 0.323456 0.000363 0.014336
0 0.002067 0.325696 0.000330 0.014336
0 0.002093 0.315392 0.000279 0.022848
0 0.002066 0.376320 0.000332 0.014784
0 0.002050 0.373184 0.000364 0.014784
0 0.002026 0.394688 0.000412 0.017920
0 0.001888 0.374976 0.000689 0.017920
0 0.002031 0.371392 0.000402 0.015680
0 0.002001 0.366912 0.000463 0.016128
0 0.001983 0.388864 0.000497 0.021504
0 0.001964 0.386176 0.000537 0.021952
0 0.001953 0.360192 0.000558 0.014784
0 0.001927 0.381248 0.000611 0.017920
0 0.001910 0.378560 0.000643 0.017920
0 0.001632 0.177408 0.001200 0.019712
0 0.001652 0.179200 0.001160 0.017472
0 0.001624 0.199360 0.001217 0.018816
0 0.001876 0.154560 0.000712 0.013440
0 0.001772 0.118272 0.000921 0.025536
0 0.001796 0.121408 0.000873 0.022400
0 0.001819 0.122304 0.000826 0.028672
0 0.001792 0.145152 0.000881 0.014336
0 0.001825 0.148288 0.000814 0.015680
0 0.001840 0.150528 0.000784 0.016128
0 0.001871 0.129920 0.000723 0.025536
0 0.001897 0.132160 0.000670 0.030016
0 0.001758 0.139328 0.000949 0.014336
0 0.001922 0.137536 0.000621 0.024640
0 0.001925 0.162624 0.000615 0.015680
0 0.001950 0.138432 0.000564 0.024192
0 0.001958 0.167552 0.000549 0.017472
0 0.001978 0.142016 0.000509 0.029568
0 0.002002 0.146944 0.000461 0.027776
0 0.001992 0.172032 0.000480 0.016576
0 0.001772 0.141120 0.000921 0.015232
0 0.001739 0.137984 0.000987 0.016128
0 0.002029 0.176512 0.000406 0.016576
0 0.008062 0.670208 0.015126 0.122752
0 0.008401 0.142016 0.014448 0.095872
0 0.008337 0.218176 0.014575 0.103040
0 0.008290 0.285376 0.014670 0.100800
0 0.008241 0.352576 0.014769 0.115136
0 0.008194 0.426496 0.014862 0.123648
0 0.008506 0.059584 0.014238 0.058240
0 0.008099 0.605696 0.015052 0.106176
0 0.008468 0.776384 0.014313 0.083328
0 0.001722 0.135296 0.001021 0.016576
0 0.008500 0.860608 0.014251 0.089600
0 0.001708 0.057344 0.001048 0.009408
0 0.001858 0.055552 0.000748 0.013440
0 0.001875 0.056896 0.000714 0.009856
0 0.014359 0.038528 0.024853 0.007616
0 0.001685 0.131264 0.001093 0.018816
0 0.001704 0.133056 0.001055 0.017920
0 0.002010 0.175168 0.000444 0.017024
0 0.002049 0.179200 0.000366 0.015232
0 0.001639 0.199808 0.001186 0.015680
0 0.001702 0.208768 0.001061 0.016576
0 0.001816 0.224448 0.000833 0.015680
0 0.001830 0.203840 0.000805 0.020608
0 0.001814 0.201152 0.000837 0.019264
0 0.001753 0.214144 0.000959 0.012544
0 0.001758 0.193984 0.000949 0.019712
0 0.001734 0.214144 0.000996 0.014784
0 0.001718 0.211456 0.001029 0.015680
0 0.001740 0.191296 0.000985 0.019264
0 0.001886 0.211456 0.000693 0.017920
0 0.001723 0.190400 0.001017 0.017920
0 0.001705 0.187264 0.001053 0.018816
0 0.001691 0.203840 0.001082 0.010752
0 0.001671 0.205184 0.001122 0.014336
0 0.001687 0.185024 0.001089 0.019264
0 0.001667 0.182784 0.001129 0.020160
0 0.001656 0.203392 0.001152 0.013888
0 0.001851 0.228032 0.000763 0.015232
0 0.001903 0.214144 0.000659 0.020608
0 0.002030 0.149632 0.000404 0.032256
0 0.001994 0.247296 0.000476 0.015680
0 0.002057 0.155008 0.000351 0.026432
0 0.002068 0.170240 0.000328 0.040768
0 0.002090 0.252224 0.000285 0.036288
0 0.002083 0.238784 0.000298 0.020608
0 0.002049 0.233856 0.000366 0.017472
0 0.002030 0.229824 0.000404 0.018816
0 0.002012 0.228480 0.000440 0.017472
0 0.001972 0.245504 0.000520 0.017024
0 0.001886 0.232064 0.000693 0.014336
0 0.001955 0.243264 0.000554 0.015680
0 0.001975 0.224000 0.000514 0.017472
0 0.001996 0.227136 0.000473 0.014336
0 0.001921 0.238336 0.000623 0.015680
0 0.001958 0.220416 0.000549 0.018368
0 0.001942 0.218176 0.000581 0.016576
0 0.001902 0.236096 0.000661 0.015680
0 0.001532 0.329280 0.001401 0.020608
0 0.001495 0.375872 0.001475 0.024192
0 0.001473 0.400064 0.001518 0.023296
0 0.001747 0.746816 0.000970 0.026880
0 0.001419 0.625408 0.001627 0.017920
0 0.001397 0.641536 0.001670 0.012992
0 0.001382 0.639744 0.001701 0.011648
0 0.001366 0.637504 0.001733 0.012992
0 0.001353 0.636608 0.001758 0.012096
0 0.001367 0.619136 0.001731 0.018368
0 0.001386 0.622272 0.001693 0.016128
0 0.001770 0.748160 0.000924 0.027328
0 0.001455 0.648704 0.001555 0.012992
0 0.001792 0.751744 0.000881 0.025984
0 0.001817 0.753984 0.000829 0.022400
0 0.001841 0.754432 0.000782 0.020608
0 0.001834 0.777280 0.000797 0.020160
0 0.001810 0.784000 0.000845 0.013440
0 0.001853 0.779968 0.000757 0.017920
0 0.001872 0.782208 0.000721 0.020608
0 0.001443 0.647360 0.001579 0.009856
0 0.001470 0.650048 0.001524 0.012544
0 0.001893 0.784000 0.000678 0.017024
0 0.001611 0.648256 0.001241 0.017024
0 0.001741 0.663936 0.000983 0.015680
0 0.001711 0.680512 0.001042 0.014784
0 0.001678 0.676928 0.001108 0.015680
0 0.001662 0.674240 0.001141 0.014336
0 0.001629 0.670208 0.001207 0.013888
0 0.001648 0.652288 0.001169 0.016576
0 0.001612 0.667072 0.001239 0.012992
0 0.001579 0.664384 0.001306 0.013888
0 0.001486 0.652288 0.001492 0.011200
0 0.001548 0.659904 0.001369 0.012992
0 0.001532 0.658560 0.001401 0.014336
0 0.001557 0.641536 0.001350 0.017472
0 0.001537 0.639296 0.001389 0.019264
0 0.001522 0.637056 0.001420 0.015680
0 0.001504 0.634368 0.001456 0.017920
0 0.001486 0.633472 0.001492 0.017920
0 0.001879 0.758464 0.000706 0.023296
0 0.001913 0.786240 0.000638 0.020160
0 0.001745 0.685888 0.000974 0.015232
0 0.001973 0.844480 0.000518 0.025088
0 0.002080 0.855680 0.000304 0.014784
0 0.002060 0.853888 0.000344 0.020160
0 0.002018 0.882112 0.000429 0.026432
0 0.002036 0.850752 0.000393 0.023296
0 0.002016 0.848512 0.000433 0.023744
0 0.001986 0.879424 0.000492 0.033152
0 0.001997 0.847168 0.000471 0.020608
0 0.001954 0.842240 0.000556 0.021056
0 0.002073 0.885696 0.000319 0.028224
0 0.001933 0.840448 0.000598 0.023744
0 0.001907 0.870016 0.000651 0.028224
0 0.001914 0.838656 0.000636 0.018368
0 0.001895 0.836864 0.000674 0.018816
0 0.001877 0.834624 0.000710 0.019712
0 0.001847 0.862848 0.000771 0.028224
0 0.001862 0.831488 0.000740 0.017024
0 0.002098 0.857920 0.000268 0.022400
0 0.002105 0.889728 0.000254 0.023296
0 0.001927 0.760704 0.000611 0.017472
0 0.002066 0.777728 0.000332 0.021952
0 0.001943 0.764736 0.000579 0.017920
0 0.001954 0.790272 0.000556 0.018816
0 0.001973 0.792064 0.000518 0.018816
0 0.001964 0.766976 0.000537 0.022848
0 0.002006 0.771008 0.000452 0.017920
0 0.001995 0.794752 0.000475 0.017920
0 0.002045 0.775488 0.000374 0.022848
0 0.002052 0.801024 0.000361 0.019712
0 0.002119 0.861504 0.000226 0.026432
0 0.002076 0.802816 0.000313 0.019264
0 0.002087 0.779968 0.000290 0.021952
0 0.002098 0.804608 0.000268 0.017920
0 0.002112 0.780864 0.000241 0.020608
0 0.002132 0.783552 0.000201 0.020160
0 0.002117 0.808192 0.000230 0.017472
0 0.002139 0.801920 0.000186 0.034048
0 0.001758 0.665280 0.000949 0.016128
0 0.001764 0.686784 0.000936 0.014784
0 0.001497 0.403648 0.001471 0.020160
0 0.001443 0.555968 0.001579 0.007616
0 0.001967 0.469056 0.000530 0.021952
0 0.002011 0.445760 0.000442 0.023296
0 0.002038 0.448896 0.000389 0.017472
0 0.002039 0.476224 0.000387 0.022848
0 0.002054 0.453376 0.000357 0.022848
0 0.002119 0.537152 0.000226 0.024192
0 0.001404 0.551936 0.001657 0.008512
0 0.001395 0.569856 0.001674 0.024192
0 0.001910 0.430976 0.000643 0.016576
0 0.001441 0.575232 0.001583 0.023296
0 0.001503 0.564032 0.001458 0.008064
0 0.001464 0.578368 0.001536 0.021504
0 0.001487 0.581056 0.001490 0.022400
0 0.001509 0.582848 0.001446 0.022848
0 0.001533 0.585536 0.001399 0.020608
0 0.001554 0.589120 0.001357 0.024192
0 0.001926 0.460544 0.000613 0.021056
0 0.001880 0.454272 0.000704 0.021504
0 0.001601 0.594944 0.001262 0.024192
0 0.001654 0.396928 0.001156 0.023296
0 0.001516 0.379008 0.001433 0.023744
0 0.001516 0.406336 0.001433 0.025088
0 0.001554 0.384384 0.001357 0.024192
0 0.001564 0.413056 0.001336 0.021952
0 0.001585 0.416192 0.001294 0.023296
0 0.001593 0.389760 0.001277 0.022848
0 0.001635 0.394688 0.001194 0.021056
0 0.001674 0.400512 0.001116 0.021952
0 0.001837 0.451136 0.000790 0.021504
0 0.001631 0.422912 0.001201 0.023296
0 0.001651 0.426048 0.001162 0.023296
0 0.001732 0.407680 0.001000 0.021952
0 0.001723 0.434560 0.001019 0.020608
0 0.001764 0.440384 0.000936 0.024192
0 0.001788 0.443520 0.000888 0.023296
0 0.001831 0.422464 0.000803 0.021056
0 0.001576 0.593152 0.001312 0.023296
0 0.001622 0.577920 0.001220 0.008512
0 0.001797 0.669760 0.000869 0.016128
0 0.001927 0.686336 0.000611 0.017920
0 0.001966 0.724416 0.000531 0.014784
0 0.001982 0.700672 0.000501 0.028224
0 0.001950 0.709184 0.000564 0.012992
0 0.001964 0.689472 0.000537 0.017472
0 0.001946 0.686784 0.000571 0.017920
0 0.001939 0.706496 0.000587 0.012992
0 0.001918 0.704704 0.000628 0.015680
0 0.001910 0.683648 0.000643 0.015680
0 0.002035 0.706944 0.000395 0.029568
0 0.001887 0.681856 0.000691 0.019264
0 0.001849 0.696192 0.000767 0.014784
0 0.001832 0.694848 0.000801 0.012992
0 0.001852 0.676032 0.000761 0.017472
0 0.001834 0.673344 0.000797 0.014784
0 0.001797 0.690816 0.000871 0.015680
0 0.001815 0.672000 0.000835 0.017024
0 0.002028 0.730240 0.000408 0.013440
0 0.002062 0.710976 0.000340 0.029568
0 0.001623 0.596736 0.001219 0.024640
0 0.001806 0.619584 0.000852 0.023296
0 0.001669 0.603456 0.001126 0.022848
0 0.001691 0.606144 0.001082 0.021504
0 0.001714 0.609280 0.001036 0.023744
0 0.001721 0.591808 0.001023 0.016576
0 0.001737 0.611072 0.000991 0.023296
0 0.001760 0.613760 0.000943 0.023744
0 0.001780 0.616448 0.000903 0.023296
0 0.001827 0.621824 0.000810 0.023296
0 0.002087 0.715904 0.000290 0.033600
0 0.001873 0.627648 0.000717 0.025088
0 0.001899 0.630336 0.000666 0.019712
0 0.001943 0.637056 0.000579 0.020160
0 0.001907 0.610624 0.000651 0.013888
0 0.002009 0.642880 0.000446 0.023744
0 0.002034 0.644224 0.000397 0.025088
0 0.002010 0.622720 0.000444 0.014784
0 0.013739 0.129024 0.026093 0.023744
