0 0.001829 0.844480 0.000806 0.013888
0 0.008360 0.309120 0.014529 0.039872
0 0.008608 0.585088 0.014034 0.006720
0 0.008593 0.571648 0.014063 0.011200
0 0.008551 0.549696 0.014147 0.014336
0 0.008583 0.534016 0.014083 0.012096
0 0.008575 0.517888 0.014099 0.008064
0 0.008555 0.505792 0.014139 0.009408
0 0.008569 0.469056 0.014112 0.015680
0 0.008486 0.387968 0.014277 0.031360
0 0.008470 0.365568 0.014310 0.025536
0 0.008422 0.348544 0.014406 0.022400
0 0.008383 0.324352 0.014483 0.034496
0 0.008326 0.285376 0.014597 0.048384
0 0.001876 0.744128 0.000712 0.016576
0 0.008347 0.267008 0.014556 0.039872
0 0.008288 0.262080 0.014674 0.039872
0 0.008328 0.240576 0.014594 0.018816
0 0.008286 0.230720 0.014679 0.030464
0 0.008265 0.213696 0.014720 0.029568
0 0.008276 0.200256 0.014698 0.022400
0 0.008235 0.188608 0.014781 0.028672
0 0.007962 0.085568 0.015326 0.065856
0 0.008190 0.178304 0.014871 0.032256
0 0.008149 0.173824 0.014952 0.033152
0 0.008123 0.153664 0.015004 0.032256
0 0.008596 0.599424 0.014058 0.007616
0 0.008641 0.621824 0.013968 0.006720
0 0.008594 0.647360 0.014062 0.012096
0 0.008607 0.661696 0.014035 0.025088
0 0.001882 0.554624 0.000701 0.006720
0 0.001890 0.537152 0.000684 0.006272
0 0.001891 0.527744 0.000683 0.009856
0 0.001898 0.499072 0.000668 0.005376
0 0.001893 0.491456 0.000678 0.004928
0 0.001909 0.467264 0.000647 0.006720
0 0.001871 0.469952 0.000723 0.005376
0 0.001919 0.397376 0.000627 0.009408
0 0.001845 0.376320 0.000774 0.011200
0 0.001703 0.312256 0.001059 0.009856
0 0.001663 0.318976 0.001138 0.012544
0 0.001639 0.304192 0.001186 0.015680
0 0.001378 0.125440 0.001708 0.014336
0 0.001317 0.095424 0.001831 0.012544
0 0.001261 0.068544 0.001941 0.018816
0 0.008549 0.920192 0.014152 0.017472
0 0.008551 0.866432 0.014148 0.021952
0 0.008544 0.847168 0.014162 0.007168
0 0.008607 0.824768 0.014035 0.013440
0 0.008588 0.790720 0.014073 0.012544
0 0.008587 0.745920 0.014076 0.033152
0 0.008618 0.709632 0.014014 0.022400
0 0.008647 0.681856 0.013956 0.006272
0 0.008086 0.122304 0.015078 0.049728
