0 0.002152 0.883456 0.000161 0.015680
0 0.001325 0.247296 0.001815 0.010752
0 0.001405 0.196672 0.001655 0.014784
0 0.001410 0.201600 0.001644 0.012992
0 0.001418 0.206080 0.001629 0.013440
0 0.001423 0.210112 0.001619 0.013888
0 0.001434 0.202496 0.001597 0.017024
0 0.001438 0.223552 0.001588 0.016576
0 0.001435 0.215040 0.001594 0.012544
0 0.001451 0.232064 0.001562 0.013440
0 0.001457 0.235648 0.001551 0.011200
0 0.001468 0.242816 0.001529 0.014336
0 0.001483 0.236544 0.001498 0.018368
0 0.001474 0.246848 0.001516 0.013888
0 0.001485 0.254912 0.001494 0.015232
0 0.001490 0.258048 0.001484 0.014336
0 0.001497 0.263424 0.001470 0.011648
0 0.001505 0.252224 0.001455 0.017024
0 0.001504 0.273280 0.001456 0.017920
0 0.001481 0.296128 0.001502 0.014336
0 0.001479 0.305088 0.001507 0.015680
0 0.001382 0.182336 0.001700 0.016128
0 0.001380 0.159488 0.001704 0.017024
0 0.001360 0.163072 0.001744 0.012544
0 0.001214 0.247744 0.002035 0.018816
0 0.001339 0.250432 0.001787 0.011648
0 0.001350 0.238784 0.001765 0.011648
0 0.001328 0.241024 0.001809 0.010304
0 0.001336 0.227136 0.001793 0.008960
0 0.001202 0.270592 0.002059 0.018816
0 0.001177 0.295232 0.002111 0.010752
0 0.001193 0.267904 0.002078 0.010752
0 0.001198 0.254464 0.002069 0.011648
0 0.001229 0.221312 0.002005 0.018368
0 0.001347 0.137984 0.001771 0.018816
0 0.001216 0.215040 0.002033 0.012544
0 0.001229 0.196224 0.002007 0.014336
0 0.001250 0.158144 0.001964 0.023744
0 0.001232 0.189952 0.002000 0.013440
0 0.001248 0.189056 0.001968 0.014784
0 0.001282 0.092736 0.001901 0.018816
0 0.001281 0.110208 0.001902 0.020160
0 0.001309 0.110208 0.001847 0.015680
0 0.001474 0.312256 0.001517 0.015680
0 0.001472 0.323008 0.001521 0.014336
0 0.001468 0.328832 0.001529 0.013888
0 0.001723 0.574784 0.001019 0.015680
0 0.001412 0.310016 0.001639 0.030912
0 0.001194 0.117376 0.002075 0.022848
0 0.001270 0.100800 0.001925 0.017024
0 0.001640 0.611072 0.001185 0.017920
0 0.001638 0.588224 0.001189 0.028224
0 0.001666 0.629888 0.001131 0.019264
0 0.001701 0.655424 0.001061 0.015680
0 0.001728 0.579712 0.001008 0.021952
0 0.001734 0.684096 0.000997 0.017472
0 0.001384 0.360192 0.001696 0.026880
0 0.001741 0.689920 0.000983 0.013888
0 0.001746 0.663936 0.000972 0.016128
0 0.001759 0.676032 0.000947 0.019264
0 0.001754 0.698880 0.000956 0.014784
0 0.001768 0.684096 0.000929 0.013440
0 0.001760 0.703808 0.000943 0.012096
0 0.001768 0.707392 0.000929 0.011648
0 0.001775 0.684992 0.000915 0.016576
0 0.001421 0.320320 0.001622 0.026432
0 0.001395 0.366464 0.001674 0.021504
0 0.001465 0.336000 0.001534 0.010752
0 0.001414 0.430080 0.001637 0.011200
0 0.001459 0.342272 0.001546 0.015680
0 0.001458 0.348544 0.001549 0.013888
0 0.001450 0.361088 0.001565 0.015232
0 0.001433 0.392000 0.001598 0.012096
0 0.001430 0.399616 0.001604 0.013440
0 0.001426 0.406336 0.001613 0.013888
0 0.001423 0.413952 0.001618 0.012096
0 0.001414 0.424704 0.001636 0.012544
0 0.001412 0.435904 0.001639 0.010304
0 0.001375 0.378112 0.001714 0.012992
0 0.001408 0.440832 0.001648 0.009856
0 0.001400 0.458752 0.001665 0.009856
0 0.001394 0.469952 0.001676 0.009408
0 0.001374 0.414400 0.001717 0.011200
0 0.001376 0.408576 0.001712 0.012096
0 0.001368 0.400512 0.001728 0.009408
0 0.001373 0.385280 0.001719 0.012544
0 0.001391 0.388864 0.001682 0.010752
0 0.001334 0.256256 0.001795 0.010752
0 0.001318 0.258944 0.001828 0.011648
0 0.001779 0.716800 0.000905 0.015232
0 0.001323 0.279104 0.001819 0.009856
0 0.001490 0.564928 0.001485 0.019264
0 0.001497 0.568960 0.001470 0.021504
0 0.001507 0.573888 0.001451 0.015680
0 0.001512 0.579712 0.001440 0.015680
0 0.001518 0.584192 0.001429 0.018368
0 0.001525 0.588672 0.001414 0.019264
0 0.001534 0.594496 0.001397 0.015680
0 0.001539 0.598976 0.001387 0.017472
0 0.001546 0.603456 0.001373 0.016128
0 0.001552 0.610624 0.001360 0.017920
0 0.001558 0.613760 0.001348 0.020160
0 0.001565 0.619584 0.001334 0.019264
0 0.001573 0.625856 0.001319 0.014784
0 0.001579 0.628544 0.001306 0.019712
0 0.001587 0.632128 0.001290 0.017024
0 0.001593 0.638400 0.001278 0.019712
0 0.001600 0.644672 0.001265 0.019712
0 0.001613 0.658560 0.001239 0.022400
0 0.001597 0.580608 0.001270 0.015680
0 0.001510 0.489664 0.001445 0.020608
0 0.008641 0.692608 0.013969 0.083776
0 0.008719 0.728896 0.013811 0.152768
0 0.008196 0.454272 0.014858 0.151872
0 0.007861 0.240128 0.015528 0.172032
0 0.007823 0.309568 0.015604 0.048384
0 0.007909 0.275072 0.015431 0.168448
0 0.007949 0.303744 0.015352 0.169792
0 0.007995 0.333312 0.015261 0.165312
0 0.008043 0.361984 0.015164 0.163968
0 0.008084 0.380800 0.015082 0.215936
0 0.008236 0.382592 0.014779 0.160832
0 0.008165 0.518784 0.014920 0.146944
0 0.008689 0.829696 0.013873 0.135296
0 0.008193 0.609728 0.014865 0.112448
0 0.008332 0.627200 0.014587 0.103040
0 0.008368 0.559104 0.014513 0.103040
0 0.008407 0.489216 0.014436 0.106624
0 0.008443 0.693504 0.014363 0.089600
0 0.008481 0.628096 0.014288 0.099904
0 0.008521 0.556864 0.014207 0.105280
0 0.008715 0.785344 0.013820 0.141568
0 0.001639 0.394688 0.001186 0.028224
0 0.001659 0.406784 0.001147 0.020160
0 0.001669 0.447104 0.001127 0.017472
0 0.001277 0.363776 0.001911 0.010752
0 0.001258 0.254016 0.001949 0.034496
0 0.001251 0.277312 0.001962 0.020608
0 0.001251 0.299264 0.001962 0.017024
0 0.001234 0.304640 0.001996 0.023296
0 0.001232 0.333312 0.002000 0.015680
0 0.001256 0.371392 0.001952 0.011200
0 0.001261 0.365120 0.001943 0.010752
0 0.001272 0.374528 0.001919 0.009856
0 0.001284 0.352128 0.001895 0.009856
0 0.001281 0.228928 0.001902 0.012544
0 0.001270 0.348992 0.001925 0.010304
0 0.001265 0.353920 0.001935 0.011648
0 0.001275 0.337344 0.001914 0.010752
0 0.001292 0.340480 0.001879 0.008960
0 0.001282 0.326592 0.001900 0.010304
0 0.001288 0.314944 0.001889 0.010304
0 0.001304 0.313152 0.001856 0.010304
0 0.001316 0.290304 0.001833 0.012096
0 0.001268 0.264320 0.001928 0.027328
0 0.001295 0.219072 0.001875 0.016576
0 0.001610 0.408576 0.001245 0.019264
0 0.001362 0.321216 0.001741 0.009408
0 0.001581 0.386624 0.001303 0.021504
0 0.001602 0.366016 0.001261 0.020608
0 0.001609 0.374080 0.001247 0.022848
0 0.001584 0.356160 0.001295 0.023296
0 0.001439 0.379456 0.001586 0.023296
0 0.001452 0.390656 0.001559 0.009856
0 0.001358 0.296576 0.001749 0.023296
0 0.001364 0.315392 0.001737 0.011200
0 0.001358 0.333312 0.001747 0.009856
0 0.001288 0.206976 0.001889 0.023296
0 0.001354 0.337792 0.001757 0.011648
0 0.001345 0.349888 0.001774 0.010752
0 0.001368 0.299264 0.001728 0.020608
0 0.001381 0.275520 0.001701 0.022848
0 0.001376 0.268352 0.001713 0.010752
0 0.001379 0.259840 0.001706 0.010752
0 0.001391 0.255808 0.001682 0.020608
0 0.001329 0.267456 0.001806 0.010304
0 0.001773 0.712320 0.000918 0.015680
0 0.001795 0.701568 0.000875 0.020608
0 0.002146 0.879872 0.000173 0.017024
0 0.002124 0.736960 0.000217 0.020160
0 0.002136 0.820288 0.000193 0.014336
0 0.002143 0.805952 0.000178 0.015680
0 0.002139 0.801920 0.000187 0.013888
0 0.002131 0.816256 0.000203 0.013440
0 0.002126 0.813120 0.000213 0.012992
0 0.002133 0.799232 0.000198 0.015680
0 0.002123 0.792512 0.000219 0.015680
0 0.002118 0.789376 0.000227 0.013440
0 0.002113 0.786240 0.000239 0.015680
0 0.002111 0.804160 0.000243 0.013888
0 0.002115 0.807296 0.000234 0.015232
0 0.002120 0.809536 0.000224 0.015232
0 0.002105 0.801024 0.000254 0.014784
0 0.002102 0.796544 0.000261 0.011200
0 0.002108 0.781760 0.000248 0.014784
0 0.002095 0.792960 0.000273 0.014336
0 0.002090 0.789824 0.000285 0.015232
0 0.002085 0.785344 0.000294 0.014336
0 0.002081 0.780416 0.000302 0.011200
0 0.002149 0.809088 0.000167 0.013888
0 0.002155 0.812224 0.000155 0.012096
0 0.002140 0.823872 0.000184 0.015680
0 0.002202 0.794752 0.000061 0.019264
0 0.002137 0.747712 0.000190 0.018368
0 0.002143 0.755328 0.000178 0.018816
0 0.002152 0.756672 0.000161 0.021952
0 0.002158 0.760704 0.000149 0.021952
0 0.002166 0.765632 0.000133 0.020160
0 0.002173 0.772352 0.000118 0.021952
0 0.002181 0.778176 0.000103 0.019712
0 0.002187 0.783104 0.000090 0.021952
0 0.002183 0.831040 0.000098 0.017920
0 0.002145 0.827008 0.000173 0.012992
0 0.002179 0.827904 0.000107 0.015680
0 0.002170 0.844032 0.000124 0.014784
0 0.002166 0.841792 0.000132 0.011200
0 0.002160 0.837760 0.000144 0.015680
0 0.002169 0.822976 0.000126 0.013440
0 0.002163 0.818944 0.000138 0.015232
0 0.002159 0.815808 0.000147 0.013440
0 0.002150 0.830592 0.000163 0.014784
0 0.002075 0.777728 0.000315 0.014336
0 0.002099 0.775488 0.000267 0.013440
0 0.002093 0.771456 0.000279 0.015680
0 0.002087 0.836416 0.000290 0.018816
0 0.002039 0.802816 0.000386 0.016576
0 0.002046 0.806400 0.000373 0.017024
0 0.002052 0.811776 0.000361 0.017472
0 0.002058 0.815360 0.000348 0.017472
0 0.002063 0.819840 0.000338 0.018368
0 0.002070 0.825216 0.000324 0.016576
0 0.002075 0.828352 0.000313 0.018816
0 0.002081 0.831936 0.000302 0.019712
0 0.002093 0.840448 0.000279 0.017472
0 0.002027 0.792960 0.000411 0.017024
0 0.002104 0.848960 0.000256 0.016128
0 0.002109 0.853440 0.000247 0.017024
0 0.002114 0.856576 0.000237 0.017024
0 0.002120 0.860160 0.000225 0.017472
0 0.002125 0.864192 0.000214 0.015680
0 0.002130 0.867328 0.000204 0.018368
0 0.002136 0.872256 0.000192 0.013888
0 0.002141 0.875840 0.000183 0.016576
0 0.002033 0.798784 0.000397 0.016128
0 0.002020 0.788928 0.000424 0.015680
0 0.002084 0.762944 0.000296 0.015232
0 0.002048 0.758016 0.000369 0.015680
0 0.002078 0.759808 0.000308 0.015232
0 0.002072 0.755328 0.000319 0.014784
0 0.002069 0.774144 0.000326 0.014336
0 0.002064 0.770112 0.000337 0.015232
0 0.002058 0.765632 0.000348 0.015680
0 0.002067 0.751744 0.000330 0.012544
0 0.002062 0.747712 0.000340 0.014336
0 0.002053 0.761152 0.000358 0.015232
0 0.002042 0.753536 0.000380 0.015680
0 0.002013 0.783552 0.000438 0.017472
0 0.002052 0.739648 0.000361 0.014336
0 0.002038 0.749504 0.000389 0.014336
0 0.002032 0.745472 0.000399 0.014784
0 0.002043 0.732928 0.000378 0.013440
0 0.002037 0.728448 0.000390 0.014784
0 0.001994 0.771008 0.000477 0.021504
0 0.002001 0.775936 0.000463 0.019712
0 0.002007 0.779968 0.000451 0.017920
0 0.002131 0.741888 0.000202 0.017472
0 0.002118 0.732480 0.000229 0.019264
0 0.001786 0.721728 0.000892 0.015680
0 0.002111 0.728448 0.000243 0.017472
0 0.001750 0.465024 0.000964 0.016576
0 0.001756 0.472192 0.000953 0.022848
0 0.001773 0.481152 0.000918 0.015232
0 0.001779 0.490112 0.000906 0.017024
0 0.001786 0.495488 0.000892 0.015680
0 0.001781 0.521024 0.000902 0.020160
0 0.001794 0.497728 0.000877 0.021952
0 0.001802 0.503552 0.000859 0.017472
0 0.001796 0.530880 0.000872 0.016128
0 0.001810 0.508928 0.000845 0.017024
0 0.001817 0.513408 0.000830 0.021952
0 0.001807 0.535360 0.000851 0.016576
0 0.001825 0.520128 0.000814 0.019712
0 0.001835 0.525056 0.000795 0.015232
0 0.001818 0.547456 0.000827 0.021504
0 0.001827 0.551936 0.000810 0.016576
0 0.001836 0.558208 0.000792 0.015232
0 0.001842 0.563136 0.000780 0.016576
0 0.001848 0.535360 0.000768 0.017920
0 0.001727 0.450240 0.001011 0.021952
0 0.001783 0.596736 0.000899 0.016576
0 0.001765 0.613312 0.000934 0.016576
0 0.001814 0.649152 0.000837 0.015232
0 0.001809 0.714112 0.000846 0.021056
0 0.001847 0.659904 0.000770 0.025536
0 0.001838 0.664832 0.000789 0.015680
0 0.001828 0.658112 0.000808 0.021504
0 0.001853 0.639744 0.000758 0.014336
0 0.001821 0.653184 0.000822 0.020160
0 0.001841 0.636160 0.000781 0.018816
0 0.001828 0.625856 0.000808 0.016128
0 0.001808 0.643776 0.000849 0.015232
0 0.001771 0.618240 0.000923 0.016576
0 0.001821 0.619584 0.000823 0.016576
0 0.001800 0.638400 0.000865 0.017024
0 0.001812 0.615552 0.000840 0.021504
0 0.001806 0.614656 0.000852 0.013440
0 0.001792 0.632576 0.000880 0.020608
0 0.001785 0.627648 0.000894 0.019712
0 0.001791 0.598528 0.000883 0.021504
0 0.001778 0.622720 0.000909 0.021504
0 0.001848 0.568512 0.000768 0.018816
0 0.001861 0.546560 0.000741 0.016576
0 0.001855 0.573440 0.000754 0.018368
0 0.002044 0.682752 0.000376 0.019712
0 0.001958 0.705152 0.000547 0.015232
0 0.001954 0.712320 0.000557 0.015680
0 0.001953 0.721280 0.000558 0.013440
0 0.002036 0.654080 0.000391 0.009408
0 0.002025 0.667520 0.000414 0.017472
0 0.002031 0.672896 0.000403 0.019712
0 0.002038 0.678272 0.000389 0.017024
0 0.002048 0.663936 0.000369 0.008512
0 0.002051 0.688128 0.000362 0.019264
0 0.001965 0.689472 0.000534 0.016128
0 0.002070 0.677824 0.000325 0.010304
0 0.002065 0.696192 0.000335 0.019712
0 0.002072 0.700224 0.000320 0.017920
0 0.002078 0.686336 0.000309 0.013440
0 0.002078 0.706496 0.000309 0.021504
0 0.002085 0.711424 0.000295 0.021504
0 0.002091 0.716352 0.000282 0.021952
0 0.002103 0.723968 0.000258 0.021952
0 0.001962 0.697984 0.000540 0.016576
0 0.001970 0.681408 0.000524 0.014336
0 0.001862 0.579712 0.000741 0.017024
0 0.001922 0.708288 0.000621 0.008512
0 0.001869 0.550144 0.000726 0.019712
0 0.001883 0.560000 0.000698 0.017024
0 0.001871 0.583296 0.000723 0.019712
0 0.001877 0.588672 0.000711 0.021952
0 0.001886 0.592704 0.000693 0.019712
0 0.001896 0.572544 0.000671 0.017920
0 0.001898 0.584640 0.000669 0.028224
0 0.001921 0.714560 0.000623 0.006720
0 0.001925 0.700672 0.000614 0.007168
0 0.001974 0.673792 0.000517 0.015232
0 0.001944 0.706944 0.000577 0.014784
0 0.001927 0.692608 0.000609 0.011200
0 0.001932 0.685440 0.000600 0.007616
0 0.001930 0.678720 0.000605 0.010752
0 0.001918 0.682304 0.000629 0.011200
0 0.001910 0.691712 0.000645 0.010304
0 0.001982 0.657664 0.000499 0.014784
0 0.001979 0.666624 0.000507 0.015680
0 0.007933 0.171584 0.015384 0.214592
