0 0.011925 0.968576 0.020792 0.031808
0 0.001466 0.249536 0.001532 0.052416
0 0.008024 0.314944 0.015201 0.168896
0 0.008137 0.352576 0.014976 0.197568
0 0.008271 0.432320 0.014709 0.164864
0 0.008379 0.495040 0.014492 0.166208
0 0.008476 0.545664 0.014298 0.189504
0 0.008577 0.621824 0.014096 0.206528
0 0.008731 0.702912 0.013787 0.111552
0 0.008791 0.770560 0.013668 0.126336
0 0.001349 0.222208 0.001766 0.051520
0 0.001371 0.271040 0.001722 0.032704
0 0.001600 0.351680 0.001264 0.041664
0 0.011416 0.702464 0.021811 0.015680
0 0.001710 0.413504 0.001044 0.050176
0 0.002115 0.769664 0.000234 0.065408
0 0.002132 0.733824 0.000200 0.050176
0 0.011826 0.892864 0.020990 0.024640
0 0.011984 0.835968 0.020675 0.023744
0 0.012006 0.979328 0.020630 0.023744
0 0.011581 0.766976 0.021481 0.019712
0 0.011358 0.766528 0.021926 0.034496
0 0.011370 0.763392 0.021903 0.038528
0 0.011335 0.760704 0.021972 0.035392
0 0.007920 0.285376 0.015410 0.181888
