0 0.011963 0.852096 0.020717 0.028224
0 0.011934 0.818048 0.020774 0.029120
0 0.004813 0.229824 0.008231 0.124992
0 0.004863 0.303744 0.008131 0.124992
0 0.004943 0.426944 0.007971 0.129472
0 0.005027 0.551488 0.007804 0.127232
0 0.005074 0.623168 0.007709 0.127232
0 0.005132 0.709632 0.007593 0.127680
0 0.005297 0.826112 0.007263 0.144256
0 0.011220 0.020608 0.022203 0.025984
0 0.011256 0.608832 0.022132 0.029120
0 0.011986 0.876736 0.020671 0.026880
0 0.011600 0.605248 0.021443 0.028224
0 0.011642 0.635264 0.021358 0.028224
0 0.011372 0.638848 0.021899 0.028224
0 0.011336 0.987840 0.021972 0.025984
0 0.011616 0.596288 0.021410 0.031360
0 0.011591 0.613760 0.021461 0.031360
0 0.011613 0.649152 0.021417 0.034944
0 0.011915 0.790272 0.020814 0.027776
0 0.011923 0.804608 0.020796 0.029120
0 0.015789 0.419776 0.030923 0.111552
