0 0.001427 0.785792 0.001610 0.014784
0 0.001404 0.807744 0.001657 0.013440
0 0.001744 0.484288 0.000976 0.010304
0 0.001681 0.485632 0.001102 0.011648
0 0.001679 0.456960 0.001107 0.014784
0 0.001641 0.456960 0.001183 0.014336
0 0.001651 0.475328 0.001163 0.011648
0 0.001546 0.455168 0.001371 0.017024
0 0.001551 0.480704 0.001363 0.016128
0 0.001489 0.480256 0.001486 0.014784
0 0.001451 0.455616 0.001562 0.011200
0 0.001455 0.479808 0.001554 0.015680
0 0.001391 0.456064 0.001682 0.018816
0 0.001395 0.479808 0.001674 0.015232
0 0.001362 0.451136 0.001741 0.010304
0 0.001361 0.478464 0.001743 0.013440
0 0.001965 0.388864 0.000534 0.019712
0 0.001924 0.388864 0.000616 0.017472
0 0.001864 0.388864 0.000736 0.016128
0 0.001826 0.363328 0.000813 0.018368
0 0.001773 0.389760 0.000918 0.021504
0 0.001775 0.363776 0.000915 0.021952
0 0.001729 0.362880 0.001007 0.022400
0 0.001676 0.363776 0.001112 0.024192
0 0.001584 0.364672 0.001296 0.023744
0 0.001485 0.364672 0.001495 0.021952
0 0.001439 0.365120 0.001587 0.021504
0 0.001775 0.481152 0.000915 0.014784
0 0.001827 0.455168 0.000810 0.021056
0 0.001872 0.452480 0.000719 0.019264
0 0.001755 0.576576 0.000954 0.008960
0 0.001551 0.571648 0.001362 0.021504
0 0.001589 0.576128 0.001286 0.009856
0 0.001591 0.564480 0.001283 0.008064
0 0.001589 0.544320 0.001286 0.022848
0 0.001665 0.575232 0.001135 0.011200
0 0.001662 0.564928 0.001140 0.008512
0 0.001688 0.540736 0.001089 0.011648
0 0.001688 0.575680 0.001089 0.010752
0 0.001757 0.538048 0.000951 0.007616
0 0.001755 0.549696 0.000954 0.010752
0 0.001754 0.565376 0.000956 0.010304
0 0.001777 0.546112 0.000910 0.021952
0 0.001845 0.483840 0.000774 0.010304
0 0.001791 0.560448 0.000882 0.002688
0 0.001781 0.571648 0.000902 0.018816
0 0.001841 0.568960 0.000782 0.019712
0 0.001877 0.571648 0.000710 0.017472
0 0.001850 0.549248 0.000764 0.009856
0 0.001849 0.539840 0.000767 0.012544
0 0.001880 0.544768 0.000705 0.017920
0 0.001940 0.542976 0.000585 0.017472
0 0.001937 0.568960 0.000590 0.019712
0 0.001978 0.553728 0.000509 0.027776
0 0.001877 0.480704 0.000711 0.021504
0 0.001347 0.238336 0.001771 0.011648
0 0.001372 0.237440 0.001720 0.019264
0 0.001468 0.238336 0.001529 0.012096
0 0.001339 0.106624 0.001787 0.008064
0 0.001572 0.137536 0.001321 0.015232
0 0.001569 0.124096 0.001327 0.009856
0 0.001545 0.125888 0.001375 0.009856
0 0.001470 0.139776 0.001524 0.010752
0 0.001467 0.125888 0.001531 0.013888
0 0.001442 0.139776 0.001580 0.010304
0 0.001439 0.127232 0.001587 0.010304
0 0.001370 0.141120 0.001725 0.012096
0 0.001364 0.121856 0.001736 0.014336
0 0.001367 0.104832 0.001731 0.013888
0 0.001336 0.120512 0.001792 0.011648
0 0.001456 0.056896 0.001552 0.011200
0 0.001674 0.127680 0.001117 0.017920
0 0.001370 0.041216 0.001725 0.007616
0 0.007844 0.866432 0.015563 0.058240
0 0.007884 0.801472 0.015482 0.068544
0 0.007986 0.730688 0.015278 0.069440
0 0.008001 0.644672 0.015247 0.047936
0 0.007996 0.557760 0.015259 0.050176
0 0.007984 0.469056 0.015282 0.050176
0 0.007923 0.353472 0.015403 0.027776
0 0.008042 0.376320 0.015167 0.048832
0 0.007978 0.263872 0.015295 0.069440
0 0.008063 0.147840 0.015124 0.058688
0 0.001643 0.124992 0.001178 0.012096
0 0.001735 0.132608 0.000994 0.025088
0 0.001467 0.254912 0.001531 0.012544
0 0.001733 0.253568 0.000999 0.012992
0 0.001495 0.237888 0.001473 0.012096
0 0.001498 0.271488 0.001468 0.012544
0 0.001584 0.287616 0.001296 0.008064
0 0.001578 0.274624 0.001309 0.012992
0 0.001583 0.238336 0.001298 0.010752
0 0.001587 0.253120 0.001289 0.013440
0 0.001610 0.236544 0.001243 0.013440
0 0.001614 0.254016 0.001237 0.009856
0 0.001613 0.271936 0.001238 0.013440
0 0.001619 0.286720 0.001225 0.013888
0 0.001699 0.235648 0.001066 0.012096
0 0.001739 0.278208 0.000987 0.028224
0 0.001773 0.132160 0.000918 0.026432
0 0.001854 0.278656 0.000757 0.027328
0 0.001974 0.243712 0.000516 0.025536
0 0.001466 0.156352 0.001532 0.010304
0 0.001442 0.155904 0.001580 0.012096
0 0.001545 0.171136 0.001375 0.011200
0 0.001542 0.155456 0.001380 0.009856
0 0.001745 0.168000 0.000974 0.008512
0 0.001829 0.161280 0.000806 0.026880
0 0.001975 0.132608 0.000514 0.026880
0 0.001872 0.130816 0.000721 0.022400
0 0.001836 0.134400 0.000792 0.021056
0 0.001547 0.544320 0.001370 0.022848
0 0.001488 0.545664 0.001488 0.015232
0 0.001454 0.571200 0.001557 0.019264
0 0.001154 0.869568 0.002157 0.003584
0 0.001315 0.852544 0.001835 0.012544
0 0.001276 0.848960 0.001912 0.012544
0 0.001285 0.869568 0.001894 0.013440
0 0.001251 0.848512 0.001963 0.013440
0 0.001258 0.866432 0.001948 0.012544
0 0.001208 0.848064 0.002048 0.014784
0 0.001220 0.865088 0.002025 0.014784
0 0.001160 0.864192 0.002143 0.007168
0 0.001137 0.883456 0.002189 0.003584
0 0.001146 0.876736 0.002173 0.003584
0 0.001149 0.872704 0.002166 0.004032
0 0.001436 0.808640 0.001593 0.015680
0 0.001358 0.870016 0.001749 0.012096
0 0.001463 0.786240 0.001539 0.011648
0 0.001508 0.791616 0.001449 0.017024
0 0.001483 0.811328 0.001498 0.017920
0 0.001541 0.793408 0.001381 0.015232
0 0.001518 0.813120 0.001427 0.016128
0 0.001595 0.794752 0.001275 0.017472
0 0.001574 0.814464 0.001317 0.014784
0 0.001633 0.796544 0.001197 0.015232
0 0.001606 0.817152 0.001253 0.016576
0 0.001680 0.797888 0.001104 0.018816
0 0.001661 0.818048 0.001143 0.014784
0 0.001323 0.870016 0.001818 0.013440
0 0.001377 0.853888 0.001710 0.012544
0 0.001762 0.803264 0.000941 0.016576
0 0.001673 0.868224 0.001119 0.011648
0 0.001350 0.804608 0.001764 0.017024
0 0.001348 0.783104 0.001767 0.012096
0 0.001324 0.800576 0.001817 0.013888
0 0.001262 0.801920 0.001940 0.017920
0 0.001289 0.779072 0.001887 0.017024
0 0.001785 0.885696 0.000895 0.025088
0 0.001751 0.888832 0.000962 0.014336
0 0.001768 0.871808 0.000928 0.014784
0 0.001734 0.870912 0.000997 0.011200
0 0.001719 0.886592 0.001027 0.012544
0 0.001699 0.870464 0.001066 0.013440
0 0.001650 0.884352 0.001165 0.014784
0 0.001425 0.873600 0.001615 0.013440
0 0.001640 0.866880 0.001184 0.013440
0 0.001622 0.883008 0.001220 0.012096
0 0.001608 0.864640 0.001248 0.010752
0 0.001583 0.863744 0.001299 0.010304
0 0.001553 0.880320 0.001358 0.014784
0 0.001539 0.861056 0.001386 0.012992
0 0.001509 0.861056 0.001447 0.013440
0 0.001491 0.878080 0.001482 0.011648
0 0.001478 0.859712 0.001508 0.012096
0 0.001453 0.875840 0.001559 0.013440
0 0.001440 0.857920 0.001585 0.013440
0 0.001691 0.820736 0.001082 0.016128
0 0.001746 0.822080 0.000972 0.012992
0 0.001403 0.572096 0.001659 0.020160
0 0.001670 0.627648 0.001123 0.012096
0 0.001346 0.707840 0.001772 0.010304
0 0.001990 0.644672 0.000485 0.038976
0 0.001946 0.658112 0.000572 0.014784
0 0.001944 0.633472 0.000577 0.022400
0 0.001847 0.632576 0.000770 0.020608
0 0.001859 0.654976 0.000746 0.011200
0 0.001790 0.659904 0.000884 0.022400
0 0.001785 0.632128 0.000895 0.021952
0 0.001760 0.628992 0.000944 0.010304
0 0.001753 0.658112 0.000958 0.016128
0 0.001694 0.633920 0.001076 0.016128
0 0.001655 0.659904 0.001155 0.019264
0 0.001406 0.732032 0.001652 0.013440
0 0.001592 0.629440 0.001281 0.010304
0 0.001598 0.640640 0.001268 0.009856
0 0.001598 0.657664 0.001268 0.016128
0 0.001562 0.635712 0.001340 0.014784
0 0.001552 0.658112 0.001360 0.018368
0 0.001502 0.636608 0.001460 0.012096
0 0.001481 0.638848 0.001503 0.011200
0 0.001462 0.657216 0.001541 0.018368
0 0.001408 0.657216 0.001647 0.013440
0 0.001382 0.635712 0.001700 0.009856
0 0.001377 0.548352 0.001710 0.010304
0 0.001383 0.709632 0.001698 0.017024
0 0.001431 0.710976 0.001601 0.015232
0 0.001799 0.804608 0.000866 0.014336
0 0.001827 0.752640 0.000810 0.012992
0 0.001776 0.824320 0.000913 0.016128
0 0.001857 0.805504 0.000751 0.017024
0 0.001830 0.826112 0.000805 0.016128
0 0.001858 0.828800 0.000747 0.019264
0 0.001886 0.807744 0.000693 0.019712
0 0.001946 0.756672 0.000572 0.019712
0 0.001969 0.736960 0.000527 0.019264
0 0.001932 0.735616 0.000601 0.015680
0 0.001904 0.756672 0.000657 0.018816
0 0.001882 0.732928 0.000700 0.021504
0 0.001850 0.732032 0.000764 0.016128
0 0.001772 0.750400 0.000920 0.018368
0 0.001431 0.734272 0.001601 0.018816
0 0.001761 0.727552 0.000943 0.016576
0 0.001735 0.748160 0.000994 0.015680
0 0.001712 0.724864 0.001040 0.021056
0 0.001675 0.723968 0.001115 0.017024
0 0.001656 0.743680 0.001153 0.016576
0 0.001628 0.720832 0.001209 0.017472
0 0.001603 0.740992 0.001258 0.015232
0 0.001566 0.739200 0.001332 0.016128
0 0.001520 0.738304 0.001424 0.015680
0 0.001484 0.737408 0.001496 0.016128
0 0.001458 0.713664 0.001549 0.015680
0 0.008042 0.047936 0.015167 0.008064
