0 0.001576 0.469504 0.001311 0.004032
0 0.001652 0.344960 0.001161 0.008512
0 0.001713 0.420224 0.001038 0.008064
0 0.001681 0.424256 0.001103 0.006272
0 0.001683 0.418432 0.001099 0.006720
0 0.001685 0.412608 0.001094 0.005376
0 0.001688 0.407680 0.001088 0.005824
0 0.001723 0.392448 0.001018 0.008512
0 0.001722 0.383936 0.001020 0.006720
0 0.001727 0.377664 0.001010 0.007168
0 0.001692 0.396928 0.001081 0.006720
0 0.001695 0.385728 0.001075 0.007168
0 0.001857 0.390208 0.000751 0.012992
0 0.001851 0.375424 0.000763 0.013888
0 0.001845 0.367360 0.000773 0.013888
0 0.001841 0.358848 0.000782 0.012096
0 0.001836 0.351232 0.000791 0.012096
0 0.001899 0.649600 0.000666 0.008960
0 0.001869 0.664384 0.000727 0.009856
0 0.001863 0.660800 0.000738 0.008960
0 0.001855 0.655872 0.000754 0.010752
0 0.001834 0.669312 0.000796 0.013440
0 0.001820 0.644224 0.000824 0.009408
0 0.001708 0.434112 0.001049 0.007616
0 0.001673 0.434112 0.001118 0.006272
0 0.001676 0.444416 0.001113 0.004928
0 0.001780 0.516096 0.000904 0.012992
0 0.001649 0.365568 0.001166 0.007616
0 0.001615 0.342272 0.001234 0.007616
0 0.001617 0.349440 0.001230 0.007168
0 0.001614 0.357056 0.001236 0.008064
0 0.001611 0.363328 0.001242 0.007616
0 0.001610 0.370944 0.001245 0.007616
0 0.001608 0.376768 0.001248 0.006272
0 0.001787 0.522816 0.000890 0.012992
0 0.001764 0.538496 0.000935 0.011648
0 0.001746 0.519680 0.000971 0.009856
0 0.001670 0.448896 0.001123 0.006720
0 0.001742 0.514304 0.000979 0.009408
0 0.001745 0.509376 0.000975 0.007168
0 0.001764 0.504448 0.000935 0.012992
0 0.001761 0.497728 0.000942 0.011200
0 0.001745 0.486080 0.000975 0.008512
0 0.001740 0.481152 0.000984 0.008064
0 0.001691 0.469952 0.001082 0.020160
0 0.001700 0.455168 0.001065 0.007616
0 0.001700 0.448448 0.001065 0.007616
0 0.001814 0.642432 0.000836 0.009408
0 0.001804 0.611968 0.000857 0.008960
0 0.001748 0.621824 0.000969 0.010304
0 0.001965 0.777280 0.000534 0.012544
0 0.001918 0.744576 0.000628 0.012096
0 0.001915 0.771904 0.000635 0.008960
0 0.001928 0.753536 0.000608 0.012096
0 0.001936 0.758016 0.000592 0.009856
0 0.001944 0.763392 0.000576 0.010752
0 0.001952 0.768320 0.000559 0.008960
0 0.001920 0.775936 0.000624 0.011200
0 0.001959 0.773696 0.000546 0.010304
0 0.001920 0.780416 0.000625 0.015232
0 0.001973 0.783552 0.000519 0.012096
0 0.001888 0.744576 0.000689 0.020608
0 0.001950 0.794304 0.000565 0.010752
0 0.001959 0.798336 0.000547 0.009856
0 0.001963 0.803712 0.000538 0.010752
0 0.001960 0.809088 0.000544 0.014784
0 0.001991 0.793408 0.000483 0.010304
0 0.001999 0.797888 0.000467 0.010752
0 0.002008 0.802816 0.000448 0.008960
0 0.001971 0.814912 0.000522 0.013888
0 0.002010 0.808192 0.000445 0.011200
0 0.001902 0.761152 0.000661 0.010752
0 0.001821 0.546560 0.000823 0.012096
0 0.001761 0.617792 0.000943 0.009408
0 0.001881 0.631680 0.000702 0.009856
0 0.001769 0.612864 0.000926 0.009856
0 0.001775 0.607488 0.000915 0.011648
0 0.001789 0.598528 0.000887 0.010752
0 0.001799 0.588224 0.000866 0.011648
0 0.001818 0.596288 0.000827 0.009856
0 0.001811 0.584192 0.000843 0.009856
0 0.001817 0.579712 0.000830 0.009856
0 0.001788 0.556864 0.000889 0.012096
0 0.001889 0.635712 0.000687 0.009408
0 0.001873 0.624512 0.000719 0.009408
0 0.001828 0.553280 0.000808 0.011648
0 0.001906 0.620928 0.000652 0.011648
0 0.001856 0.613312 0.000753 0.012096
0 0.001848 0.609280 0.000769 0.011200
0 0.001879 0.596288 0.000707 0.011648
0 0.001848 0.602112 0.000768 0.008512
0 0.001847 0.596736 0.000771 0.007616
0 0.001865 0.583744 0.000734 0.012096
0 0.001847 0.572096 0.000770 0.013888
0 0.001842 0.565376 0.000781 0.012096
0 0.001652 0.359296 0.001161 0.007616
0 0.001602 0.243712 0.001261 0.011648
0 0.001990 0.824768 0.000484 0.012992
0 0.001618 0.255808 0.001229 0.009856
0 0.001655 0.027328 0.001155 0.040320
0 0.001481 0.048832 0.001502 0.012096
0 0.001488 0.056000 0.001489 0.008960
0 0.001502 0.081984 0.001460 0.009408
0 0.001477 0.094080 0.001511 0.009856
0 0.001486 0.104384 0.001493 0.008960
0 0.001499 0.119616 0.001467 0.007616
0 0.001512 0.135744 0.001441 0.007616
0 0.001523 0.107520 0.001418 0.007616
0 0.001648 0.056896 0.001168 0.008512
0 0.001639 0.066304 0.001185 0.013440
0 0.001663 0.072576 0.001139 0.008064
0 0.001656 0.081984 0.001152 0.012544
0 0.001667 0.088704 0.001131 0.011648
0 0.001666 0.097664 0.001132 0.012544
0 0.001682 0.103936 0.001101 0.010304
0 0.001685 0.112448 0.001095 0.011200
0 0.001686 0.120960 0.001093 0.011648
0 0.001689 0.129920 0.001086 0.012096
0 0.001694 0.137536 0.001077 0.013440
0 0.001706 0.144704 0.001052 0.011648
0 0.001223 0.033152 0.002018 0.018368
0 0.008784 0.924672 0.013681 0.077504
0 0.008577 0.909440 0.014095 0.085568
0 0.008270 0.406784 0.014711 0.125440
0 0.008115 0.101248 0.015019 0.088256
0 0.008201 0.087360 0.014848 0.098560
0 0.008055 0.222656 0.015140 0.098112
0 0.008134 0.206528 0.014981 0.103936
0 0.008244 0.197568 0.014762 0.084672
0 0.008168 0.313152 0.014914 0.090048
0 0.008255 0.290304 0.014740 0.078400
0 0.008338 0.280896 0.014575 0.084224
0 0.008201 0.407680 0.014847 0.078400
0 0.008360 0.426944 0.014530 0.101696
0 0.008745 0.851200 0.013761 0.076160
0 0.001847 0.274176 0.000770 0.129920
0 0.008339 0.130368 0.014571 0.167552
0 0.008486 0.305984 0.014278 0.191296
0 0.001953 0.531776 0.000558 0.137984
0 0.008465 0.569408 0.014319 0.190848
0 0.008439 0.600768 0.014371 0.059136
0 0.008261 0.512512 0.014729 0.036288
0 0.008585 0.803264 0.014079 0.132608
0 0.008621 0.758912 0.014009 0.159040
0 0.001710 0.160832 0.001045 0.012992
0 0.001715 0.167552 0.001034 0.012096
0 0.001717 0.177408 0.001030 0.013440
0 0.001397 0.107968 0.001669 0.008064
0 0.001364 0.142464 0.001736 0.006720
0 0.001367 0.146944 0.001731 0.006272
0 0.001371 0.153216 0.001722 0.007168
0 0.001421 0.139328 0.001623 0.006720
0 0.001411 0.129920 0.001642 0.008512
0 0.001449 0.141120 0.001567 0.009408
0 0.001446 0.135296 0.001571 0.008064
0 0.001441 0.124544 0.001583 0.007616
0 0.001404 0.112448 0.001657 0.006720
0 0.001390 0.097664 0.001685 0.008960
0 0.001357 0.132160 0.001750 0.006720
0 0.001382 0.086912 0.001700 0.008512
0 0.001403 0.071232 0.001658 0.007168
0 0.001401 0.065408 0.001661 0.008960
0 0.001374 0.053312 0.001717 0.012096
0 0.001676 0.277312 0.001112 0.019712
0 0.001642 0.289408 0.001181 0.008512
0 0.001634 0.281792 0.001195 0.009856
0 0.001627 0.268352 0.001211 0.009856
0 0.001648 0.253568 0.001168 0.017024
0 0.001361 0.136640 0.001741 0.006720
0 0.001354 0.126784 0.001757 0.006272
0 0.001724 0.193088 0.001016 0.013440
0 0.001839 0.341376 0.000786 0.010752
0 0.001758 0.231168 0.000948 0.011648
0 0.001771 0.239680 0.000922 0.011648
0 0.001768 0.247744 0.000928 0.012096
0 0.001772 0.256256 0.000921 0.011648
0 0.001775 0.263872 0.000914 0.012096
0 0.001788 0.279552 0.000889 0.010752
0 0.001809 0.303744 0.000846 0.012096
0 0.001800 0.312704 0.000863 0.016128
0 0.001822 0.326144 0.000819 0.011648
0 0.001302 0.099008 0.001861 0.007616
0 0.001331 0.142464 0.001802 0.006720
0 0.001303 0.104832 0.001857 0.008512
0 0.001285 0.077056 0.001893 0.007616
0 0.001284 0.067200 0.001896 0.013440
0 0.001331 0.094080 0.001803 0.006272
0 0.001338 0.104832 0.001789 0.006272
0 0.001346 0.115584 0.001773 0.006720
0 0.001308 0.110656 0.001848 0.008512
0 0.001315 0.116032 0.001835 0.005824
0 0.001327 0.136640 0.001811 0.008512
0 0.001979 0.819840 0.000505 0.014336
0 0.002022 0.813568 0.000421 0.009408
0 0.001575 0.445760 0.001314 0.008512
0 0.001394 0.234304 0.001677 0.007168
0 0.001450 0.180992 0.001565 0.009408
0 0.001469 0.155008 0.001526 0.010752
0 0.001567 0.182336 0.001331 0.009408
0 0.001585 0.168000 0.001293 0.021056
0 0.001608 0.197120 0.001248 0.018816
0 0.001620 0.216832 0.001225 0.018368
0 0.001597 0.227584 0.001270 0.008960
0 0.001594 0.222656 0.001275 0.008512
0 0.001587 0.215488 0.001290 0.009408
0 0.001585 0.208768 0.001294 0.009408
0 0.001579 0.201152 0.001307 0.008064
0 0.001575 0.195328 0.001314 0.009856
0 0.001519 0.270592 0.001426 0.008512
0 0.001520 0.277312 0.001425 0.008512
0 0.001526 0.282240 0.001412 0.007616
0 0.001529 0.288064 0.001407 0.008512
0 0.001535 0.293440 0.001395 0.008512
0 0.001539 0.299712 0.001386 0.008512
0 0.001556 0.276416 0.001353 0.009408
0 0.001553 0.271040 0.001359 0.008512
0 0.001548 0.265216 0.001368 0.008512
0 0.001475 0.161280 0.001514 0.009408
0 0.001483 0.174720 0.001498 0.009408
0 0.001461 0.193984 0.001542 0.009856
0 0.001407 0.244160 0.001650 0.006720
0 0.001410 0.213696 0.001645 0.008512
0 0.001405 0.208768 0.001654 0.007168
0 0.001403 0.204288 0.001658 0.006720
0 0.001400 0.198912 0.001665 0.006272
0 0.001390 0.183680 0.001684 0.006720
0 0.001380 0.172480 0.001704 0.009408
0 0.001416 0.224000 0.001632 0.008512
0 0.001422 0.228928 0.001621 0.006272
0 0.001427 0.239680 0.001610 0.007168
0 0.001406 0.249536 0.001652 0.007616
0 0.001499 0.194880 0.001466 0.009856
0 0.001409 0.254016 0.001646 0.006720
0 0.001413 0.258944 0.001639 0.007616
0 0.001417 0.263872 0.001630 0.007616
0 0.001482 0.227136 0.001499 0.010752
0 0.001525 0.233408 0.001415 0.009856
0 0.001516 0.219968 0.001433 0.011648
0 0.001513 0.214144 0.001439 0.008512
0 0.001479 0.220416 0.001506 0.008960
0 0.001470 0.206976 0.001525 0.009408
0 0.001570 0.293440 0.001324 0.008960
0 0.001547 0.310464 0.001371 0.008960
0 0.001555 0.322112 0.001354 0.008960
0 0.001631 0.402752 0.001202 0.006720
0 0.001465 0.290304 0.001534 0.008960
0 0.001461 0.285824 0.001542 0.007616
0 0.001456 0.280448 0.001552 0.008064
0 0.001452 0.271936 0.001560 0.008512
0 0.001603 0.384832 0.001258 0.008512
0 0.001601 0.392448 0.001263 0.008960
0 0.001595 0.400960 0.001274 0.008064
0 0.001593 0.408128 0.001278 0.007616
0 0.001628 0.413952 0.001208 0.006272
0 0.001635 0.397376 0.001194 0.006272
0 0.001475 0.305536 0.001514 0.008512
0 0.001636 0.391104 0.001193 0.006272
0 0.001638 0.385728 0.001188 0.006720
0 0.001642 0.373632 0.001180 0.007168
0 0.001624 0.425600 0.001216 0.006272
0 0.001621 0.431424 0.001221 0.006720
0 0.001621 0.436800 0.001222 0.005824
0 0.001618 0.443072 0.001228 0.006720
0 0.001614 0.454272 0.001237 0.006720
0 0.001585 0.431424 0.001293 0.007616
0 0.001466 0.295680 0.001532 0.008512
0 0.001434 0.290752 0.001596 0.007616
0 0.001559 0.328384 0.001346 0.008064
0 0.001540 0.368704 0.001383 0.005824
0 0.001589 0.323008 0.001287 0.008064
0 0.001584 0.317184 0.001296 0.008512
0 0.001581 0.310912 0.001302 0.008512
0 0.001578 0.305088 0.001309 0.008512
0 0.001574 0.299264 0.001317 0.007616
0 0.001519 0.411264 0.001426 0.006720
0 0.001527 0.388864 0.001410 0.006720
0 0.001527 0.384384 0.001409 0.006720
0 0.001528 0.378112 0.001408 0.007168
0 0.001530 0.440832 0.001404 0.008064
0 0.001443 0.305536 0.001578 0.008512
0 0.001504 0.352576 0.001455 0.008960
0 0.001503 0.340928 0.001459 0.006720
0 0.001497 0.336896 0.001470 0.008064
0 0.001491 0.331968 0.001481 0.008960
0 0.001466 0.336896 0.001533 0.008960
0 0.001454 0.327488 0.001557 0.008960
0 0.001486 0.321216 0.001491 0.008512
0 0.001450 0.316288 0.001564 0.008512
0 0.001449 0.310912 0.001567 0.008512
0 0.001397 0.239232 0.001670 0.007616
0 0.001389 0.229376 0.001686 0.007616
0 0.002026 0.818048 0.000413 0.011648
0 0.001386 0.224000 0.001692 0.007168
0 0.002141 0.814464 0.000182 0.017024
0 0.002136 0.805056 0.000192 0.019264
0 0.002109 0.819392 0.000245 0.012544
0 0.002099 0.813568 0.000267 0.012544
0 0.002132 0.800128 0.000200 0.014784
0 0.002119 0.795200 0.000226 0.015232
0 0.002092 0.808192 0.000280 0.012992
0 0.002081 0.803264 0.000302 0.012992
0 0.002111 0.790720 0.000242 0.014784
0 0.002100 0.784000 0.000263 0.017920
0 0.002073 0.797888 0.000319 0.013440
0 0.002065 0.791168 0.000334 0.012096
0 0.002058 0.786688 0.000349 0.012096
0 0.002092 0.778624 0.000280 0.015232
0 0.002085 0.773248 0.000294 0.014784
0 0.002075 0.767872 0.000314 0.014784
0 0.002046 0.775040 0.000373 0.010304
0 0.002049 0.779968 0.000366 0.011648
0 0.002059 0.756672 0.000347 0.014784
0 0.002052 0.750848 0.000360 0.014784
0 0.002041 0.745920 0.000383 0.014784
0 0.002123 0.829696 0.000218 0.009856
0 0.002149 0.820288 0.000167 0.017024
0 0.002201 0.822080 0.000062 0.017024
0 0.002071 0.848512 0.000322 0.009856
0 0.002032 0.821632 0.000400 0.012544
0 0.001995 0.829696 0.000475 0.014784
0 0.002002 0.835520 0.000460 0.014784
0 0.002017 0.839552 0.000430 0.012096
0 0.002027 0.845376 0.000410 0.010304
0 0.002034 0.849856 0.000396 0.010752
0 0.002040 0.853440 0.000384 0.010304
0 0.002054 0.864640 0.000357 0.008960
0 0.002066 0.843584 0.000333 0.009856
0 0.002081 0.853440 0.000302 0.008960
0 0.002186 0.827456 0.000092 0.023296
0 0.002058 0.837312 0.000349 0.009856
0 0.002049 0.832832 0.000366 0.011200
0 0.002107 0.862848 0.000251 0.016576
0 0.002075 0.871360 0.000314 0.014784
0 0.002116 0.859712 0.000233 0.008960
0 0.002152 0.846272 0.000161 0.019264
0 0.002156 0.841344 0.000152 0.014336
0 0.002165 0.836864 0.000135 0.020608
0 0.002187 0.831040 0.000091 0.015232
0 0.002006 0.755328 0.000453 0.012992
0 0.002001 0.748608 0.000462 0.012096
0 0.001991 0.744128 0.000482 0.012992
0 0.002036 0.888832 0.000393 0.017472
0 0.001977 0.913024 0.000510 0.012096
0 0.001961 0.899136 0.000543 0.008960
0 0.001999 0.902272 0.000467 0.017024
0 0.002022 0.899136 0.000420 0.017024
0 0.001972 0.894208 0.000520 0.008512
0 0.001981 0.890624 0.000502 0.012992
0 0.001991 0.887936 0.000483 0.010752
0 0.002000 0.885248 0.000464 0.010304
0 0.002023 0.894208 0.000419 0.019264
0 0.002024 0.871360 0.000415 0.009856
0 0.001960 0.426048 0.000544 0.082432
0 0.002005 0.877184 0.000454 0.012096
0 0.002004 0.881664 0.000456 0.009856
0 0.001357 0.182784 0.001750 0.008960
0 0.001368 0.193088 0.001729 0.007168
0 0.001370 0.198464 0.001723 0.007168
0 0.001371 0.203840 0.001722 0.007616
0 0.001379 0.209216 0.001706 0.006272
0 0.001378 0.214144 0.001708 0.007616
0 0.001385 0.219072 0.001695 0.006720
0 0.001960 0.919744 0.000544 0.008960
0 0.001941 0.458304 0.000583 0.059584
0 0.002035 0.739200 0.000394 0.013888
0 0.001982 0.707840 0.000500 0.014784
0 0.002027 0.734720 0.000410 0.012096
0 0.002014 0.729344 0.000436 0.015232
0 0.002007 0.723072 0.000450 0.015232
0 0.001977 0.731584 0.000511 0.011648
0 0.001994 0.712768 0.000477 0.014784
0 0.001965 0.727552 0.000535 0.012096
0 0.001964 0.721280 0.000537 0.008512
0 0.001952 0.717248 0.000559 0.012096
0 0.001940 0.712768 0.000584 0.012992
0 0.001974 0.700672 0.000517 0.015232
0 0.002011 0.590912 0.000442 0.044352
0 0.001966 0.695296 0.000531 0.014784
0 0.001934 0.702016 0.000597 0.011648
0 0.001941 0.684096 0.000582 0.017920
0 0.002160 0.702464 0.000145 0.015232
0 0.002162 0.697984 0.000141 0.022400
0 0.002127 0.672000 0.000209 0.017920
0 0.002108 0.676480 0.000248 0.028224
0 0.008387 0.587776 0.014477 0.030464
0 0.001628 0.594944 0.001208 0.017472
0 0.007984 0.116032 0.015283 0.091840
