0 0.001899 0.850304 0.000666 0.038080
0 0.001517 0.427392 0.001429 0.037632
0 0.001543 0.402752 0.001377 0.035392
0 0.001567 0.392000 0.001331 0.040320
0 0.001568 0.379904 0.001328 0.039424
0 0.001593 0.369152 0.001278 0.036736
0 0.001605 0.357504 0.001255 0.039424
0 0.001607 0.344064 0.001250 0.036736
0 0.001620 0.331072 0.001224 0.036736
0 0.001696 0.348992 0.001071 0.043456
0 0.001645 0.320320 0.001175 0.038976
0 0.001642 0.304640 0.001181 0.043008
0 0.001335 0.031808 0.001795 0.031360
0 0.001347 0.033600 0.001770 0.037632
0 0.001385 0.046144 0.001695 0.027328
0 0.001380 0.057792 0.001705 0.028672
0 0.001362 0.068992 0.001741 0.030016
0 0.001349 0.080640 0.001766 0.029120
0 0.001335 0.101248 0.001795 0.030464
0 0.001527 0.412608 0.001411 0.039424
0 0.001504 0.439488 0.001455 0.039424
0 0.001307 0.124096 0.001850 0.020608
0 0.001501 0.453376 0.001463 0.040320
0 0.001671 0.370496 0.001122 0.040768
0 0.001646 0.380800 0.001172 0.038080
0 0.001634 0.393792 0.001197 0.036736
0 0.001620 0.404544 0.001224 0.039424
0 0.001619 0.419776 0.001226 0.041664
0 0.001596 0.429184 0.001272 0.036736
0 0.001581 0.438144 0.001302 0.036736
0 0.001582 0.457856 0.001301 0.042112
0 0.001567 0.467264 0.001330 0.040768
0 0.001542 0.475328 0.001380 0.040768
0 0.001532 0.490112 0.001401 0.040320
0 0.001517 0.502208 0.001429 0.042112
0 0.001516 0.517440 0.001432 0.044352
0 0.001488 0.526400 0.001489 0.038976
0 0.001462 0.491904 0.001541 0.038080
0 0.001461 0.472640 0.001542 0.042112
0 0.001475 0.459648 0.001515 0.043456
0 0.001315 0.111552 0.001834 0.028672
0 0.001300 0.132608 0.001864 0.022400
0 0.001937 0.828800 0.000591 0.033600
0 0.001285 0.304192 0.001894 0.030464
0 0.001388 0.404096 0.001689 0.036736
0 0.001401 0.392000 0.001663 0.037632
0 0.001429 0.370496 0.001607 0.032704
0 0.001440 0.358848 0.001584 0.034944
0 0.001456 0.347648 0.001552 0.031808
0 0.001464 0.334656 0.001536 0.034048
0 0.001424 0.297472 0.001617 0.037632
0 0.001422 0.309568 0.001620 0.037632
0 0.001399 0.333760 0.001666 0.034048
0 0.001386 0.346304 0.001692 0.038976
0 0.008591 0.813568 0.014067 0.184128
0 0.008497 0.697536 0.014256 0.215040
0 0.008366 0.631680 0.014518 0.262976
0 0.008263 0.527296 0.014724 0.260288
0 0.008148 0.414848 0.014954 0.262976
0 0.008048 0.305984 0.015154 0.232512
0 0.007949 0.199808 0.015352 0.239680
0 0.001365 0.357952 0.001734 0.033600
0 0.001259 0.272384 0.001946 0.032704
0 0.001279 0.142016 0.001906 0.029120
0 0.001299 0.292992 0.001867 0.031360
0 0.001271 0.152768 0.001923 0.027328
0 0.001246 0.173824 0.001972 0.030016
0 0.001234 0.184128 0.001995 0.030016
0 0.001224 0.194432 0.002016 0.027776
0 0.001211 0.204736 0.002042 0.029120
0 0.001266 0.260288 0.001933 0.027328
0 0.001285 0.245952 0.001894 0.023296
0 0.001317 0.218176 0.001829 0.029120
0 0.001334 0.198016 0.001796 0.025984
0 0.001354 0.189056 0.001756 0.027776
0 0.001365 0.178752 0.001734 0.029120
0 0.001377 0.229376 0.001709 0.037632
0 0.001364 0.239232 0.001737 0.035392
0 0.001353 0.248640 0.001759 0.032704
0 0.001329 0.258496 0.001806 0.034944
0 0.001317 0.268800 0.001829 0.034944
0 0.001307 0.279552 0.001850 0.034944
0 0.001673 0.357504 0.001118 0.039424
0 0.001766 0.417536 0.000933 0.032704
0 0.001753 0.430976 0.000959 0.036736
0 0.001897 0.733824 0.000670 0.024640
0 0.001905 0.670656 0.000654 0.029120
0 0.001943 0.691264 0.000579 0.024640
0 0.001951 0.678272 0.000563 0.030016
0 0.001964 0.670208 0.000537 0.027328
0 0.001907 0.659008 0.000650 0.030464
0 0.001941 0.640192 0.000582 0.024640
0 0.001951 0.628544 0.000563 0.030464
0 0.001972 0.660352 0.000521 0.033600
0 0.001995 0.650048 0.000474 0.029120
0 0.001976 0.609280 0.000513 0.030464
0 0.001981 0.600320 0.000502 0.033600
0 0.001684 0.703808 0.001096 0.038976
0 0.001685 0.691712 0.001094 0.040320
0 0.001713 0.684096 0.001038 0.033600
0 0.001721 0.669760 0.001022 0.035392
0 0.001740 0.660352 0.000985 0.029120
0 0.001751 0.700672 0.000962 0.027776
0 0.001919 0.712320 0.000627 0.027776
0 0.001863 0.702464 0.000738 0.026432
0 0.001744 0.441728 0.000976 0.030464
0 0.001860 0.712320 0.000745 0.029120
0 0.001951 0.816704 0.000562 0.034048
0 0.002000 0.825216 0.000463 0.022400
0 0.002016 0.819392 0.000432 0.028672
0 0.002017 0.808640 0.000430 0.024640
0 0.002026 0.797888 0.000413 0.026432
0 0.002046 0.791168 0.000373 0.019712
0 0.001987 0.766528 0.000491 0.037632
0 0.002055 0.782656 0.000354 0.025984
0 0.002030 0.732928 0.000404 0.035392
0 0.001860 0.763840 0.000744 0.030464
0 0.001847 0.772800 0.000770 0.029120
0 0.001848 0.784000 0.000768 0.025984
0 0.001803 0.755328 0.000858 0.030464
0 0.001820 0.744576 0.000824 0.023296
0 0.001839 0.722624 0.000785 0.028672
0 0.001869 0.752192 0.000726 0.029120
0 0.001886 0.742336 0.000693 0.026432
0 0.001764 0.691264 0.000937 0.031360
0 0.001738 0.647360 0.000989 0.035392
0 0.001774 0.680512 0.000915 0.030016
0 0.001785 0.670208 0.000894 0.030016
0 0.001616 0.568512 0.001233 0.030464
0 0.001616 0.555968 0.001233 0.038080
0 0.001632 0.546112 0.001200 0.033600
0 0.001642 0.600768 0.001181 0.032704
0 0.001665 0.578816 0.001133 0.034048
0 0.001680 0.568960 0.001105 0.032704
0 0.001692 0.556416 0.001080 0.035392
0 0.001712 0.547008 0.001040 0.039424
0 0.001727 0.520576 0.001011 0.033600
0 0.001789 0.464576 0.000887 0.031360
0 0.001804 0.453824 0.000856 0.030016
0 0.001652 0.519232 0.001159 0.038080
0 0.001678 0.511616 0.001107 0.034048
0 0.001676 0.496384 0.001113 0.036736
0 0.001699 0.473984 0.001066 0.040320
0 0.001725 0.463232 0.001015 0.031360
0 0.001738 0.454272 0.000988 0.038080
0 0.001593 0.578816 0.001279 0.034944
0 0.001579 0.586880 0.001307 0.031808
0 0.001567 0.600320 0.001331 0.034048
0 0.001834 0.568064 0.000796 0.031360
0 0.001751 0.637056 0.000963 0.034048
0 0.001774 0.626304 0.000917 0.029120
0 0.001797 0.657664 0.000871 0.029120
0 0.001810 0.650048 0.000845 0.027328
0 0.001799 0.603008 0.000866 0.034048
0 0.001831 0.627200 0.000803 0.029120
0 0.001824 0.583296 0.000816 0.031808
0 0.001863 0.606592 0.000739 0.031808
0 0.001628 0.614208 0.001208 0.037632
0 0.001846 0.557312 0.000772 0.034048
0 0.001876 0.586880 0.000713 0.030464
0 0.001909 0.567616 0.000645 0.028672
0 0.001909 0.534912 0.000645 0.039424
0 0.001883 0.524608 0.000699 0.038080
0 0.001606 0.632576 0.001253 0.029120
0 0.001616 0.623168 0.001233 0.034048
0 0.007882 0.131264 0.015486 0.218624
