0 0.002110 0.818048 0.000245 0.016576
0 0.001380 0.258048 0.001704 0.017472
0 0.001368 0.281344 0.001728 0.017472
0 0.001354 0.301952 0.001756 0.017024
0 0.001352 0.312704 0.001760 0.020160
0 0.001338 0.325248 0.001789 0.020608
0 0.001321 0.368704 0.001822 0.020160
0 0.001316 0.379456 0.001833 0.019264
0 0.001276 0.367808 0.001913 0.024640
0 0.001285 0.354816 0.001894 0.017920
0 0.001286 0.333312 0.001892 0.021056
0 0.001303 0.310912 0.001858 0.019712
0 0.001304 0.320768 0.001856 0.016576
0 0.001312 0.299712 0.001840 0.017920
0 0.001331 0.277760 0.001803 0.017920
0 0.001334 0.266560 0.001797 0.021504
0 0.001343 0.254464 0.001778 0.020160
0 0.001349 0.244160 0.001766 0.018816
0 0.001356 0.231616 0.001752 0.017920
0 0.001363 0.222208 0.001738 0.020608
0 0.001376 0.200256 0.001712 0.020608
0 0.001380 0.187712 0.001704 0.019712
0 0.001389 0.177408 0.001687 0.020160
0 0.001396 0.165760 0.001671 0.018816
0 0.001405 0.156352 0.001654 0.019712
0 0.001417 0.133056 0.001630 0.019264
0 0.001424 0.120960 0.001616 0.019264
0 0.001429 0.110208 0.001605 0.019264
0 0.001438 0.097664 0.001588 0.018816
0 0.001483 0.103040 0.001499 0.011648
0 0.001470 0.111104 0.001524 0.015680
0 0.001374 0.267904 0.001717 0.017920
0 0.001478 0.302400 0.001508 0.017472
0 0.001458 0.133504 0.001548 0.017024
0 0.001488 0.292544 0.001489 0.017920
0 0.001433 0.309568 0.001598 0.015232
0 0.001443 0.300160 0.001577 0.017920
0 0.001448 0.288960 0.001568 0.016576
0 0.001454 0.280448 0.001555 0.017472
0 0.001459 0.259840 0.001546 0.016576
0 0.001472 0.249536 0.001519 0.016576
0 0.001478 0.239232 0.001508 0.016576
0 0.001485 0.229376 0.001495 0.016128
0 0.001485 0.219968 0.001494 0.015232
0 0.001496 0.209216 0.001473 0.017024
0 0.001503 0.200256 0.001459 0.017472
0 0.001510 0.189056 0.001444 0.015680
0 0.001510 0.179648 0.001444 0.015232
0 0.001539 0.138432 0.001386 0.011200
0 0.001533 0.148736 0.001399 0.016128
0 0.001526 0.159040 0.001411 0.016128
0 0.001547 0.180992 0.001370 0.015680
0 0.001547 0.191744 0.001370 0.016128
0 0.001537 0.213248 0.001391 0.017024
0 0.001558 0.304640 0.001349 0.014784
0 0.001526 0.222208 0.001413 0.016576
0 0.001518 0.232064 0.001428 0.015232
0 0.001513 0.241024 0.001438 0.014336
0 0.001511 0.252672 0.001442 0.017024
0 0.001499 0.261632 0.001466 0.016128
0 0.001493 0.272384 0.001478 0.016576
0 0.001487 0.280896 0.001490 0.016128
0 0.001470 0.321664 0.001525 0.016128
0 0.001475 0.312704 0.001514 0.017024
0 0.001458 0.124096 0.001548 0.020160
0 0.001447 0.146048 0.001571 0.017920
0 0.002110 0.802368 0.000245 0.016576
0 0.001330 0.124096 0.001804 0.015680
0 0.001350 0.108416 0.001764 0.013440
0 0.001362 0.090496 0.001740 0.012096
0 0.008652 0.757120 0.013947 0.048384
0 0.008173 0.557312 0.014903 0.060928
0 0.008235 0.564480 0.014780 0.051968
0 0.008265 0.542528 0.014720 0.040768
0 0.007981 0.586432 0.015287 0.073472
0 0.007992 0.723520 0.015266 0.042112
0 0.008057 0.952448 0.015135 0.095424
0 0.008082 0.796544 0.015085 0.053312
0 0.008189 0.827456 0.014873 0.047936
0 0.008194 0.945280 0.014861 0.106176
0 0.008337 0.926464 0.014577 0.108416
0 0.008373 0.801472 0.014504 0.040320
0 0.008431 0.768768 0.014388 0.054208
0 0.008468 0.786240 0.014313 0.049728
0 0.008476 0.907648 0.014297 0.109760
0 0.008621 0.889280 0.014008 0.110208
0 0.008708 0.733824 0.013834 0.041664
0 0.008787 0.717696 0.013676 0.039424
0 0.008822 0.747712 0.013606 0.037184
0 0.008805 0.807744 0.013640 0.049280
0 0.008508 0.531328 0.014233 0.056448
0 0.008587 0.506688 0.014077 0.047936
0 0.008438 0.388864 0.014375 0.056000
0 0.008261 0.379008 0.014728 0.211008
0 0.008167 0.334656 0.014916 0.254912
0 0.008070 0.274176 0.015110 0.304640
0 0.007973 0.226240 0.015305 0.311360
0 0.001350 0.117376 0.001764 0.013440
0 0.001322 0.133952 0.001820 0.022400
0 0.001446 0.157248 0.001572 0.021056
0 0.001312 0.156352 0.001840 0.020160
0 0.001439 0.168896 0.001586 0.016576
0 0.001427 0.179200 0.001610 0.017472
0 0.001420 0.191296 0.001625 0.019264
0 0.001418 0.202496 0.001627 0.021056
0 0.001393 0.245504 0.001677 0.017920
0 0.001399 0.236544 0.001667 0.017920
0 0.001406 0.214144 0.001652 0.020608
0 0.001259 0.163072 0.001947 0.019264
0 0.001245 0.174272 0.001974 0.021504
0 0.001250 0.184576 0.001965 0.015680
0 0.001290 0.189952 0.001885 0.021952
0 0.001277 0.199360 0.001911 0.019712
0 0.001276 0.211904 0.001912 0.022400
0 0.001231 0.221312 0.002002 0.015680
0 0.001221 0.230272 0.002023 0.018816
0 0.001209 0.242368 0.002046 0.016128
0 0.001206 0.253120 0.002052 0.020608
0 0.001192 0.262976 0.002081 0.020160
0 0.001187 0.275968 0.002089 0.021952
0 0.001244 0.267904 0.001976 0.022848
0 0.001251 0.257600 0.001963 0.021504
0 0.001261 0.245056 0.001942 0.017920
0 0.001265 0.233408 0.001934 0.018816
0 0.001270 0.224000 0.001925 0.023296
0 0.001243 0.198016 0.001978 0.018816
0 0.001297 0.177856 0.001871 0.023296
0 0.001304 0.166656 0.001857 0.016128
0 0.001269 0.153216 0.001926 0.017024
0 0.001288 0.133952 0.001887 0.012096
0 0.001428 0.318528 0.001608 0.018816
0 0.001454 0.339584 0.001555 0.012096
0 0.001418 0.340032 0.001627 0.016128
0 0.001371 0.946624 0.001721 0.014336
0 0.001412 0.939904 0.001640 0.014784
0 0.001414 0.952896 0.001636 0.015680
0 0.001418 0.964544 0.001629 0.015680
0 0.001516 0.888384 0.001432 0.016128
0 0.001499 0.905408 0.001466 0.012544
0 0.001535 0.900480 0.001395 0.014336
0 0.001538 0.913920 0.001388 0.012992
0 0.001541 0.923776 0.001382 0.014784
0 0.001548 0.937216 0.001367 0.013888
0 0.001550 0.947520 0.001364 0.011648
0 0.001504 0.929600 0.001456 0.012544
0 0.001504 0.943040 0.001456 0.014336
0 0.001507 0.953344 0.001451 0.013888
0 0.001510 0.969024 0.001444 0.012992
0 0.001551 0.961856 0.001362 0.014784
0 0.001651 0.934976 0.001163 0.012992
0 0.001649 0.950656 0.001165 0.013440
0 0.001664 0.959168 0.001136 0.008512
0 0.001695 0.943488 0.001074 0.013888
0 0.001688 0.919296 0.001089 0.011200
0 0.001687 0.904064 0.001091 0.012096
0 0.001680 0.893760 0.001104 0.013888
0 0.001676 0.880768 0.001113 0.015232
0 0.001676 0.868224 0.001112 0.014784
0 0.001644 0.900032 0.001176 0.012096
0 0.001638 0.886144 0.001187 0.012544
0 0.001636 0.873600 0.001192 0.015232
0 0.001793 0.848512 0.000879 0.021056
0 0.001720 0.786688 0.001024 0.025088
0 0.001410 0.927808 0.001645 0.015680
0 0.001360 0.934976 0.001745 0.016128
0 0.001439 0.372736 0.001587 0.017024
0 0.001358 0.921536 0.001749 0.014784
0 0.002131 0.760256 0.000203 0.026880
0 0.002119 0.753088 0.000226 0.020608
0 0.002014 0.738752 0.000435 0.025984
0 0.001963 0.760256 0.000539 0.035392
0 0.001970 0.769664 0.000525 0.014784
0 0.001961 0.842688 0.000543 0.013440
0 0.001951 0.832384 0.000562 0.014784
0 0.001922 0.839104 0.000620 0.009408
0 0.001922 0.847616 0.000621 0.013440
0 0.001930 0.871808 0.000605 0.011648
0 0.001929 0.861056 0.000607 0.012544
0 0.001930 0.885696 0.000605 0.013888
0 0.001966 0.856576 0.000532 0.011648
0 0.001971 0.878528 0.000522 0.016128
0 0.001974 0.905408 0.000517 0.014336
0 0.001932 0.897344 0.000601 0.012992
0 0.001934 0.911232 0.000597 0.014336
0 0.001819 0.860160 0.000825 0.013440
0 0.001821 0.874048 0.000822 0.013440
0 0.001821 0.884800 0.000822 0.013440
0 0.001825 0.899584 0.000814 0.012096
0 0.001829 0.909888 0.000807 0.012544
0 0.001831 0.923328 0.000802 0.014336
0 0.001781 0.865984 0.000902 0.012544
0 0.001787 0.905408 0.000890 0.012544
0 0.001785 0.916160 0.000894 0.012544
0 0.001789 0.930048 0.000887 0.013888
0 0.001168 0.954688 0.002128 0.029568
0 0.001360 0.908544 0.001745 0.014784
0 0.001483 0.835072 0.001499 0.028224
0 0.001428 0.811776 0.001608 0.029568
0 0.001296 0.734272 0.001872 0.035840
0 0.001274 0.597184 0.001916 0.034048
0 0.001603 0.232512 0.001258 0.013888
0 0.001596 0.243264 0.001272 0.013440
0 0.001591 0.251328 0.001283 0.013440
0 0.001626 0.241920 0.001213 0.012992
0 0.001616 0.262080 0.001233 0.013440
0 0.001611 0.271488 0.001242 0.011200
0 0.001580 0.260736 0.001304 0.012544
0 0.001582 0.268800 0.001300 0.012992
0 0.001575 0.279552 0.001314 0.012544
0 0.001591 0.297920 0.001281 0.016576
0 0.001587 0.314944 0.001290 0.011648
0 0.001559 0.360192 0.001346 0.012096
0 0.001539 0.340032 0.001387 0.012096
0 0.001528 0.358400 0.001408 0.014336
0 0.001550 0.368256 0.001364 0.014784
0 0.001548 0.378560 0.001369 0.012544
0 0.001535 0.395584 0.001395 0.013440
0 0.001509 0.384832 0.001446 0.015680
0 0.001504 0.393344 0.001456 0.016128
0 0.001529 0.404096 0.001406 0.014336
0 0.001493 0.409472 0.001478 0.011648
0 0.001510 0.440384 0.001445 0.013888
0 0.001481 0.456960 0.001502 0.024640
0 0.001387 0.388864 0.001691 0.014336
0 0.001388 0.403648 0.001689 0.013440
0 0.001377 0.422464 0.001710 0.030464
0 0.001415 0.414848 0.001634 0.013440
0 0.001415 0.401856 0.001634 0.016576
0 0.001427 0.381248 0.001611 0.017024
0 0.001665 0.358848 0.001134 0.014784
0 0.001652 0.328384 0.001161 0.012544
0 0.001671 0.303744 0.001122 0.008960
0 0.001573 0.538496 0.001317 0.016576
0 0.001287 0.561792 0.001891 0.034944
0 0.001446 0.516992 0.001573 0.030464
0 0.001497 0.553728 0.001471 0.020160
0 0.001533 0.553728 0.001398 0.028672
0 0.001552 0.549248 0.001360 0.030016
0 0.001896 0.497280 0.000672 0.020608
0 0.001893 0.507584 0.000679 0.017472
0 0.001892 0.518784 0.000680 0.014784
0 0.001843 0.463680 0.000779 0.025088
0 0.008536 0.449344 0.014178 0.035392
0 0.008517 0.446656 0.014216 0.023744
0 0.001824 0.516544 0.000816 0.016128
0 0.001772 0.515200 0.000920 0.024640
0 0.001583 0.531328 0.001298 0.029120
0 0.001641 0.346752 0.001182 0.013440
0 0.001574 0.478912 0.001316 0.021952
0 0.001594 0.473536 0.001277 0.016128
0 0.001604 0.464128 0.001257 0.011648
0 0.001597 0.418432 0.001270 0.013888
0 0.001594 0.428736 0.001277 0.013440
0 0.001613 0.447552 0.001239 0.014336
0 0.001624 0.420672 0.001215 0.017024
0 0.001648 0.395136 0.001168 0.017024
0 0.001653 0.385280 0.001158 0.014784
0 0.001654 0.375424 0.001157 0.015680
0 0.001659 0.367360 0.001147 0.014784
0 0.001619 0.383040 0.001226 0.014784
0 0.001630 0.364672 0.001205 0.013888
0 0.007890 0.200704 0.015469 0.179200
