0 0.001746 0.640192 0.000973 0.009856
0 0.001790 0.382144 0.000883 0.014336
0 0.001768 0.383040 0.000928 0.013888
0 0.001776 0.400960 0.000913 0.016576
0 0.001773 0.382144 0.000918 0.013440
0 0.001782 0.400960 0.000900 0.017024
0 0.001779 0.382144 0.000906 0.013888
0 0.001793 0.400512 0.000878 0.016576
0 0.001784 0.382144 0.000897 0.013888
0 0.001799 0.400512 0.000867 0.016576
0 0.001762 0.383040 0.000940 0.013888
0 0.001795 0.382144 0.000874 0.012992
0 0.001810 0.399168 0.000844 0.017472
0 0.001806 0.380800 0.000852 0.012992
0 0.001812 0.379456 0.000840 0.014336
0 0.001817 0.398720 0.000830 0.016576
0 0.001822 0.399616 0.000819 0.016128
0 0.001829 0.397824 0.000806 0.016576
0 0.001770 0.401856 0.000924 0.016128
0 0.001764 0.401856 0.000936 0.016576
0 0.001833 0.378560 0.000798 0.014336
0 0.001744 0.334208 0.000977 0.012544
0 0.001767 0.348096 0.000929 0.012096
0 0.001767 0.332864 0.000930 0.012096
0 0.001758 0.349440 0.000948 0.012544
0 0.001753 0.333760 0.000958 0.013440
0 0.001753 0.349888 0.000958 0.012096
0 0.001749 0.349888 0.000967 0.011648
0 0.001744 0.350784 0.000977 0.013440
0 0.001748 0.334656 0.000968 0.012096
0 0.001757 0.383488 0.000951 0.013440
0 0.001741 0.402752 0.000983 0.017024
0 0.001747 0.403200 0.000971 0.018816
0 0.001740 0.385280 0.000984 0.012544
0 0.001746 0.383936 0.000972 0.015232
0 0.001758 0.402304 0.000948 0.016128
0 0.001753 0.403200 0.000959 0.017472
0 0.001751 0.384832 0.000962 0.012992
0 0.001828 0.378560 0.000809 0.013440
0 0.001834 0.398272 0.000796 0.017024
0 0.001813 0.215040 0.000839 0.010304
0 0.001964 0.443520 0.000536 0.026880
0 0.001904 0.392448 0.000657 0.016576
0 0.001904 0.375424 0.000656 0.014336
0 0.001910 0.373632 0.000645 0.014336
0 0.001910 0.393344 0.000643 0.015232
0 0.001917 0.384384 0.000631 0.033152
0 0.001918 0.435456 0.000629 0.018368
0 0.001918 0.457408 0.000628 0.020160
0 0.001977 0.449792 0.000511 0.012544
0 0.001898 0.394240 0.000668 0.014784
0 0.001981 0.448896 0.000503 0.012096
0 0.001986 0.447552 0.000493 0.011648
0 0.001990 0.448448 0.000485 0.011200
0 0.001994 0.448448 0.000475 0.012096
0 0.002012 0.432320 0.000440 0.010752
0 0.002031 0.447104 0.000402 0.012096
0 0.002026 0.431872 0.000413 0.012096
0 0.001899 0.375424 0.000666 0.014336
0 0.001893 0.375424 0.000678 0.013440
0 0.001840 0.395584 0.000784 0.014336
0 0.001861 0.377216 0.000742 0.014784
0 0.001846 0.397824 0.000772 0.016576
0 0.001839 0.378112 0.000787 0.015680
0 0.001845 0.378112 0.000774 0.013888
0 0.001857 0.396480 0.000750 0.015680
0 0.001851 0.377664 0.000763 0.013440
0 0.001856 0.377664 0.000753 0.014784
0 0.001864 0.396480 0.000737 0.015232
0 0.001869 0.395584 0.000727 0.016128
0 0.001888 0.375872 0.000688 0.016128
0 0.001866 0.378112 0.000731 0.012992
0 0.001871 0.376320 0.000722 0.014784
0 0.001875 0.394240 0.000715 0.014784
0 0.001880 0.394688 0.000704 0.017024
0 0.001878 0.375872 0.000708 0.014784
0 0.001883 0.375424 0.000699 0.014784
0 0.001887 0.393792 0.000691 0.016576
0 0.001772 0.332864 0.000921 0.012096
0 0.001773 0.348096 0.000919 0.010752
0 0.001781 0.331968 0.000902 0.012992
0 0.001862 0.297024 0.000739 0.011648
0 0.001828 0.283584 0.000807 0.012992
0 0.001833 0.298368 0.000798 0.012544
0 0.001833 0.283584 0.000798 0.012544
0 0.001838 0.282240 0.000789 0.013440
0 0.001839 0.298368 0.000787 0.012544
0 0.001853 0.297472 0.000759 0.012544
0 0.001858 0.281792 0.000748 0.012544
0 0.001862 0.280896 0.000739 0.012544
0 0.001823 0.283584 0.000818 0.012992
0 0.001868 0.296576 0.000728 0.011648
0 0.001872 0.280896 0.000720 0.013440
0 0.001872 0.296128 0.000719 0.011200
0 0.001878 0.296128 0.000708 0.011648
0 0.001877 0.280448 0.000710 0.012992
0 0.001887 0.295232 0.000689 0.012544
0 0.001887 0.280000 0.000691 0.012544
0 0.001829 0.298816 0.000806 0.011648
0 0.001819 0.283584 0.000827 0.013440
0 0.001782 0.348992 0.000901 0.013440
0 0.001794 0.301504 0.000876 0.012992
0 0.001766 0.287168 0.000932 0.013440
0 0.001771 0.303296 0.000923 0.013440
0 0.001776 0.302848 0.000913 0.012992
0 0.001780 0.286272 0.000904 0.012544
0 0.001784 0.285824 0.000896 0.012992
0 0.001790 0.301056 0.000885 0.012096
0 0.001789 0.285376 0.000886 0.013440
0 0.001794 0.284928 0.000877 0.012096
0 0.001813 0.284032 0.000838 0.014336
0 0.001799 0.300608 0.000866 0.012096
0 0.001799 0.284480 0.000866 0.011648
0 0.001804 0.300160 0.000857 0.013888
0 0.001809 0.299712 0.000846 0.012544
0 0.001804 0.284928 0.000857 0.012544
0 0.001809 0.283584 0.000846 0.012096
0 0.001819 0.300160 0.000826 0.012992
0 0.001892 0.279552 0.000681 0.012096
0 0.001898 0.295232 0.000669 0.012544
0 0.001897 0.279104 0.000670 0.012544
0 0.001815 0.330176 0.000834 0.012992
0 0.001835 0.329280 0.000795 0.013440
0 0.001830 0.330176 0.000803 0.012544
0 0.001825 0.346304 0.000814 0.012992
0 0.001825 0.329728 0.000815 0.012544
0 0.001821 0.346304 0.000822 0.012544
0 0.001820 0.329728 0.000825 0.012992
0 0.001816 0.345856 0.000833 0.011648
0 0.001811 0.346752 0.000843 0.012544
0 0.001901 0.279104 0.000662 0.012096
0 0.001806 0.346752 0.000853 0.012544
0 0.001801 0.331072 0.000863 0.012544
0 0.001796 0.347200 0.000873 0.012544
0 0.001792 0.348096 0.000881 0.011200
0 0.001790 0.331968 0.000883 0.013440
0 0.001786 0.348096 0.000892 0.012992
0 0.001786 0.331968 0.000893 0.012544
0 0.001840 0.344512 0.000785 0.013440
0 0.001854 0.328384 0.000756 0.012544
0 0.001855 0.344064 0.000755 0.012544
0 0.001860 0.343616 0.000745 0.012544
0 0.001902 0.294336 0.000661 0.011200
0 0.001910 0.245056 0.000643 0.018368
0 0.001913 0.334656 0.000638 0.024192
0 0.001908 0.324800 0.000648 0.012544
0 0.001904 0.341376 0.000657 0.012544
0 0.001893 0.342272 0.000677 0.012544
0 0.001894 0.326144 0.000677 0.012544
0 0.001884 0.343168 0.000696 0.013440
0 0.001884 0.327040 0.000697 0.012544
0 0.001879 0.342720 0.000705 0.012544
0 0.001874 0.343168 0.000716 0.012544
0 0.001874 0.327488 0.000716 0.012096
0 0.001870 0.343168 0.000725 0.012544
0 0.001870 0.328384 0.000725 0.011200
0 0.001864 0.344064 0.000735 0.013440
0 0.002031 0.431424 0.000403 0.010752
0 0.002040 0.446208 0.000384 0.012096
0 0.002045 0.445760 0.000375 0.011648
0 0.002057 0.963200 0.000351 0.014784
0 0.002053 0.904064 0.000357 0.014784
0 0.002053 0.886592 0.000357 0.012992
0 0.002047 0.887040 0.000370 0.012544
0 0.002047 0.904064 0.000370 0.012992
0 0.002039 0.953344 0.000386 0.031808
0 0.002049 0.963648 0.000367 0.014784
0 0.002048 0.943040 0.000368 0.015232
0 0.002056 0.942144 0.000353 0.015680
0 0.002059 0.903616 0.000347 0.015680
0 0.002063 0.961408 0.000339 0.015680
0 0.002062 0.942144 0.000340 0.015680
0 0.002070 0.962304 0.000325 0.016576
0 0.002070 0.941248 0.000325 0.017024
0 0.002076 0.961408 0.000311 0.015680
0 0.002076 0.940800 0.000312 0.017024
0 0.002083 0.960512 0.000298 0.016128
0 0.002058 0.886144 0.000348 0.012544
0 0.002065 0.886144 0.000334 0.012544
0 0.002128 0.883008 0.000209 0.011648
0 0.002100 0.902272 0.000265 0.014336
0 0.002123 0.901376 0.000219 0.015680
0 0.002122 0.883008 0.000220 0.012992
0 0.002116 0.900480 0.000231 0.012992
0 0.002116 0.883456 0.000232 0.012096
0 0.002105 0.901376 0.000254 0.013888
0 0.002105 0.883456 0.000255 0.013888
0 0.002112 0.883456 0.000241 0.011200
0 0.002099 0.883904 0.000266 0.013440
0 0.002064 0.902720 0.000335 0.012992
0 0.002093 0.901824 0.000277 0.013888
0 0.002087 0.902272 0.000289 0.015680
0 0.002082 0.901824 0.000300 0.013440
0 0.002076 0.885248 0.000312 0.012544
0 0.002077 0.903168 0.000311 0.014336
0 0.002070 0.903616 0.000324 0.014336
0 0.002070 0.886144 0.000325 0.012992
0 0.002084 0.941248 0.000297 0.014784
0 0.002090 0.961856 0.000284 0.012992
0 0.002098 0.961408 0.000269 0.013888
0 0.002139 0.938560 0.000187 0.014784
0 0.002186 0.936768 0.000093 0.016128
0 0.002179 0.936320 0.000106 0.016576
0 0.002171 0.935872 0.000121 0.015680
0 0.002165 0.937216 0.000134 0.016128
0 0.002158 0.937216 0.000148 0.016576
0 0.002152 0.937216 0.000161 0.014336
0 0.002144 0.938560 0.000176 0.016576
0 0.001263 0.078848 0.001939 0.007168
0 0.002097 0.939456 0.000270 0.017024
0 0.001774 0.217280 0.000917 0.011648
0 0.001765 0.218176 0.000935 0.012096
0 0.001778 0.216832 0.000909 0.010304
0 0.001782 0.217728 0.000899 0.010304
0 0.001786 0.216832 0.000891 0.010304
0 0.001790 0.202944 0.000885 0.008960
0 0.001797 0.203392 0.000871 0.008064
0 0.002193 0.936320 0.000079 0.015680
0 0.002194 0.956480 0.000077 0.016576
0 0.002185 0.956928 0.000094 0.018368
0 0.002179 0.958272 0.000106 0.016576
0 0.002104 0.960960 0.000257 0.014336
0 0.002104 0.940800 0.000257 0.015232
0 0.002111 0.958720 0.000243 0.015232
0 0.002111 0.939904 0.000243 0.016576
0 0.002117 0.959168 0.000230 0.016576
0 0.002117 0.939904 0.000231 0.016128
0 0.002125 0.961856 0.000215 0.015680
0 0.002124 0.939456 0.000216 0.015232
0 0.002131 0.939008 0.000203 0.015680
0 0.002137 0.959616 0.000190 0.018368
0 0.002144 0.958720 0.000176 0.017920
0 0.002151 0.959616 0.000163 0.018816
0 0.002158 0.959616 0.000147 0.018368
0 0.002165 0.958272 0.000135 0.017920
0 0.002172 0.957824 0.000120 0.017920
0 0.002128 0.900032 0.000208 0.013888
0 0.002134 0.900032 0.000196 0.014784
0 0.002049 0.444864 0.000366 0.011200
0 0.002177 0.439936 0.000110 0.011200
0 0.002146 0.441728 0.000171 0.012096
0 0.002151 0.441280 0.000163 0.012096
0 0.002155 0.441280 0.000154 0.011200
0 0.002159 0.440384 0.000146 0.011200
0 0.002164 0.440384 0.000136 0.012544
0 0.002168 0.441280 0.000128 0.010304
0 0.002173 0.440384 0.000119 0.011200
0 0.002182 0.440384 0.000100 0.012096
0 0.002138 0.426048 0.000189 0.011648
0 0.002175 0.489664 0.000115 0.015680
0 0.002175 0.511616 0.000114 0.014336
0 0.002180 0.511168 0.000104 0.016128
0 0.002186 0.510720 0.000093 0.020160
0 0.002180 0.487424 0.000104 0.017920
0 0.002187 0.486976 0.000091 0.019264
0 0.002193 0.485184 0.000078 0.025088
0 0.002142 0.442176 0.000180 0.012544
0 0.002137 0.441280 0.000189 0.011648
0 0.002139 0.882560 0.000185 0.012544
0 0.002102 0.443968 0.000260 0.011648
0 0.002053 0.445760 0.000357 0.012096
0 0.002058 0.445312 0.000348 0.011648
0 0.002072 0.444864 0.000321 0.011200
0 0.002076 0.444416 0.000311 0.012096
0 0.002081 0.443968 0.000303 0.010304
0 0.002085 0.443968 0.000293 0.010752
0 0.002094 0.443968 0.000277 0.012096
0 0.002107 0.428736 0.000250 0.012096
0 0.002133 0.442624 0.000197 0.011200
0 0.002112 0.444416 0.000241 0.011200
0 0.002107 0.443072 0.000250 0.012096
0 0.002116 0.443968 0.000232 0.010752
0 0.002116 0.427840 0.000233 0.010752
0 0.002121 0.442624 0.000223 0.011648
0 0.002125 0.442176 0.000215 0.011200
0 0.002129 0.441728 0.000207 0.011200
0 0.002200 0.485632 0.000064 0.020608
0 0.002203 0.508032 0.000058 0.016576
0 0.002176 0.560896 0.000112 0.016576
0 0.002175 0.897792 0.000115 0.014336
0 0.002192 0.830144 0.000080 0.012992
0 0.002194 0.848064 0.000075 0.013888
0 0.002192 0.897344 0.000080 0.014336
0 0.002192 0.879424 0.000079 0.013888
0 0.002186 0.896896 0.000093 0.012992
0 0.002186 0.880320 0.000093 0.011648
0 0.002180 0.896896 0.000104 0.013888
0 0.002169 0.898688 0.000127 0.013888
0 0.002177 0.583744 0.000111 0.020608
0 0.002169 0.880768 0.000127 0.013888
0 0.002163 0.898688 0.000138 0.013888
0 0.002158 0.898688 0.000149 0.014336
0 0.002152 0.898688 0.000161 0.013888
0 0.002151 0.881664 0.000163 0.012544
0 0.002146 0.899584 0.000173 0.014336
0 0.002139 0.900032 0.000185 0.014336
0 0.002192 0.801024 0.000080 0.012992
0 0.002193 0.782656 0.000078 0.012544
0 0.002191 0.750848 0.000082 0.013440
0 0.002190 0.732480 0.000084 0.014336
0 0.002182 0.582848 0.000100 0.017920
0 0.002188 0.583296 0.000089 0.018368
0 0.002188 0.560896 0.000088 0.016576
0 0.002192 0.560896 0.000079 0.017920
0 0.002200 0.581952 0.000065 0.019264
0 0.002204 0.558656 0.000057 0.018816
0 0.002194 0.628544 0.000077 0.012992
0 0.002186 0.622272 0.000092 0.015232
0 0.002186 0.642880 0.000091 0.015232
0 0.002179 0.643328 0.000106 0.017472
0 0.002178 0.623168 0.000108 0.014784
0 0.002195 0.653184 0.000075 0.019712
0 0.002196 0.678272 0.000073 0.020160
0 0.002188 0.679616 0.000088 0.014336
0 0.002189 0.698432 0.000087 0.014336
0 0.001766 0.302848 0.000932 0.012992
0 0.001756 0.288064 0.000952 0.013440
0 0.001757 0.303744 0.000951 0.012992
0 0.001224 0.460544 0.002016 0.022400
0 0.001294 0.302848 0.001876 0.021056
0 0.001305 0.304640 0.001855 0.027776
0 0.001304 0.273728 0.001857 0.023296
0 0.001312 0.273280 0.001840 0.024192
0 0.001323 0.304192 0.001818 0.025984
0 0.001323 0.268352 0.001819 0.022400
0 0.001331 0.281344 0.001802 0.051072
0 0.001226 0.486976 0.002012 0.019712
0 0.001274 0.269696 0.001916 0.033152
0 0.001233 0.482944 0.001998 0.018368
0 0.001241 0.485184 0.001982 0.020608
0 0.001240 0.459200 0.001985 0.019712
0 0.001249 0.458752 0.001967 0.021952
0 0.001256 0.483392 0.001951 0.018368
0 0.001265 0.483392 0.001933 0.019712
0 0.001263 0.457408 0.001938 0.024192
0 0.001284 0.269248 0.001896 0.031808
0 0.001275 0.305984 0.001914 0.026880
0 0.001258 0.201152 0.001947 0.024192
0 0.001249 0.167552 0.001967 0.033152
0 0.001312 0.198016 0.001840 0.022400
0 0.001323 0.167552 0.001819 0.035840
0 0.001310 0.163520 0.001844 0.029120
0 0.001300 0.161280 0.001865 0.031808
0 0.001278 0.164864 0.001908 0.030016
0 0.001271 0.166208 0.001923 0.026432
0 0.001257 0.166656 0.001950 0.026432
0 0.001238 0.166208 0.001989 0.032256
0 0.001266 0.275072 0.001933 0.028224
0 0.001226 0.168448 0.002013 0.030016
0 0.001218 0.278656 0.002029 0.019264
0 0.001222 0.280448 0.002021 0.018368
0 0.001227 0.283584 0.002009 0.014336
0 0.001226 0.267456 0.002012 0.017472
0 0.001247 0.274624 0.001970 0.024192
0 0.001248 0.306432 0.001968 0.022400
0 0.001271 0.456512 0.001921 0.020608
0 0.001272 0.482048 0.001921 0.018368
0 0.001281 0.458752 0.001903 0.019264
0 0.001293 0.554624 0.001879 0.016576
0 0.001256 0.535808 0.001952 0.016576
0 0.001256 0.557312 0.001952 0.018368
0 0.001270 0.557312 0.001924 0.017920
0 0.001263 0.534912 0.001939 0.017920
0 0.001269 0.533120 0.001925 0.016128
0 0.001278 0.556416 0.001909 0.018816
0 0.001285 0.554624 0.001894 0.017472
0 0.001299 0.554176 0.001866 0.014336
0 0.001287 0.457408 0.001890 0.020160
0 0.001307 0.554176 0.001849 0.016128
0 0.001314 0.554624 0.001837 0.018368
0 0.001321 0.553280 0.001823 0.016576
0 0.001328 0.553280 0.001809 0.018816
0 0.001336 0.551936 0.001793 0.016576
0 0.001343 0.540736 0.001779 0.039872
0 0.001335 0.531776 0.001794 0.019264
0 0.001250 0.535360 0.001965 0.016128
0 0.001250 0.557760 0.001965 0.017920
0 0.001242 0.557760 0.001981 0.017024
0 0.001234 0.535360 0.001996 0.020160
0 0.001288 0.481600 0.001889 0.017024
0 0.001296 0.479808 0.001872 0.017024
0 0.001295 0.456960 0.001874 0.019712
0 0.001303 0.455616 0.001859 0.020608
0 0.001312 0.480256 0.001840 0.018368
0 0.001311 0.455168 0.001843 0.021952
0 0.001318 0.455168 0.001828 0.019264
0 0.001328 0.478912 0.001809 0.016576
0 0.001327 0.453824 0.001811 0.019712
0 0.001336 0.479360 0.001793 0.021056
0 0.001336 0.454272 0.001792 0.018816
0 0.001345 0.455168 0.001775 0.016128
0 0.001226 0.535360 0.002012 0.020160
0 0.001228 0.558208 0.002008 0.016576
0 0.001235 0.558656 0.001994 0.016576
0 0.001284 0.197120 0.001897 0.022848
0 0.001237 0.202048 0.001989 0.028224
0 0.001320 0.531776 0.001824 0.018368
0 0.008741 0.892864 0.013768 0.037632
0 0.008660 0.206976 0.013931 0.042560
0 0.008661 0.258496 0.013928 0.039872
0 0.008662 0.304192 0.013927 0.040768
0 0.008663 0.349440 0.013924 0.040320
0 0.008665 0.395136 0.013921 0.036288
0 0.008665 0.437248 0.013919 0.037632
0 0.008676 0.503104 0.013898 0.061376
0 0.008742 0.948864 0.013767 0.044800
0 0.008656 0.087360 0.013939 0.056896
0 0.008630 0.764288 0.013991 0.156800
0 0.008638 0.840448 0.013974 0.012544
0 0.008666 0.712320 0.013919 0.229824
0 0.001256 0.306880 0.001952 0.025536
0 0.001268 0.197568 0.001928 0.029568
0 0.001290 0.196224 0.001883 0.023296
0 0.001324 0.198912 0.001817 0.022400
0 0.008658 0.151872 0.013935 0.047488
0 0.008433 0.389312 0.014384 0.041216
0 0.001226 0.203392 0.002012 0.025984
0 0.008093 0.552384 0.015065 0.101696
0 0.007913 0.288960 0.015424 0.067200
0 0.007917 0.385728 0.015416 0.056896
0 0.008059 0.254912 0.015131 0.398272
0 0.007920 0.468608 0.015410 0.053312
0 0.007922 0.544320 0.015406 0.049280
0 0.007925 0.603456 0.015399 0.030016
0 0.007935 0.639744 0.015379 0.012544
0 0.008078 0.564480 0.015093 0.079296
0 0.008435 0.338240 0.014380 0.038976
0 0.008433 0.055104 0.014383 0.047488
0 0.008494 0.109312 0.014261 0.017472
0 0.008481 0.161728 0.014288 0.051520
0 0.008438 0.153664 0.014375 0.042560
0 0.008428 0.208768 0.014394 0.034496
0 0.008431 0.246848 0.014388 0.034496
0 0.008434 0.292544 0.014381 0.038080
0 0.001312 0.302400 0.001840 0.025984
0 0.001292 0.271936 0.001879 0.026880
0 0.001234 0.306880 0.001996 0.025984
0 0.001289 0.398720 0.001887 0.020608
0 0.001297 0.370944 0.001870 0.023296
0 0.001305 0.370944 0.001855 0.022400
0 0.001314 0.370496 0.001836 0.022400
0 0.001322 0.370944 0.001821 0.023744
0 0.001330 0.369600 0.001803 0.021504
0 0.001332 0.398272 0.001800 0.020160
0 0.001298 0.400512 0.001867 0.022848
0 0.001272 0.399168 0.001920 0.018368
0 0.001247 0.200704 0.001971 0.030016
0 0.001255 0.401408 0.001955 0.019712
0 0.001222 0.406336 0.002020 0.021952
0 0.001345 0.477120 0.001775 0.021056
0 0.001202 0.116928 0.002060 0.012992
0 0.001206 0.180544 0.002053 0.012992
0 0.001214 0.168448 0.002036 0.022848
0 0.001214 0.202944 0.002036 0.027328
0 0.001280 0.372288 0.001904 0.021056
0 0.001271 0.373184 0.001921 0.024640
0 0.001264 0.372736 0.001936 0.024640
0 0.001246 0.374976 0.001971 0.022400
0 0.001315 0.397376 0.001835 0.020160
0 0.001265 0.401408 0.001935 0.020160
0 0.001248 0.401408 0.001969 0.022400
0 0.001238 0.401856 0.001988 0.021504
0 0.001230 0.402752 0.002004 0.022400
0 0.001304 0.480256 0.001857 0.020160
0 0.001281 0.482048 0.001903 0.018816
0 0.001249 0.482944 0.001967 0.018816
0 0.001319 0.478016 0.001826 0.018368
0 0.001255 0.456512 0.001954 0.020608
0 0.001219 0.310016 0.002026 0.023296
0 0.001227 0.307328 0.002009 0.020160
0 0.001221 0.378112 0.002023 0.019712
0 0.001229 0.374528 0.002005 0.021952
0 0.001237 0.372288 0.001989 0.021504
0 0.001328 0.529536 0.001809 0.020160
0 0.001306 0.530432 0.001852 0.020608
0 0.001753 0.305088 0.000959 0.012096
0 0.001744 0.148288 0.000977 0.005824
0 0.001819 0.241024 0.000827 0.011200
0 0.001831 0.240128 0.000802 0.010304
0 0.001836 0.239680 0.000792 0.010752
0 0.001747 0.173824 0.000971 0.004480
0 0.001745 0.185024 0.000974 0.008960
0 0.001745 0.161728 0.000974 0.004928
0 0.001745 0.154560 0.000974 0.004480
0 0.001744 0.141120 0.000975 0.006272
0 0.001792 0.242816 0.000880 0.009856
0 0.001780 0.154112 0.000905 0.016128
0 0.001788 0.167552 0.000889 0.014784
0 0.001798 0.167104 0.000868 0.013888
0 0.001803 0.167552 0.000857 0.012992
0 0.001808 0.166656 0.000848 0.013440
0 0.001814 0.165760 0.000837 0.014336
0 0.001819 0.165312 0.000826 0.013440
0 0.001805 0.241920 0.000854 0.009856
0 0.001788 0.242816 0.000889 0.008512
0 0.001902 0.170240 0.000661 0.017920
0 0.001875 0.251776 0.000714 0.009408
0 0.001368 0.219968 0.001729 0.008512
0 0.001784 0.255808 0.000897 0.009856
0 0.001788 0.255808 0.000888 0.011200
0 0.001766 0.257600 0.000932 0.010304
0 0.001810 0.255360 0.000844 0.011200
0 0.001823 0.254464 0.000818 0.011648
0 0.001841 0.254464 0.000783 0.010752
0 0.001889 0.250880 0.000687 0.010752
0 0.001783 0.242816 0.000898 0.010752
0 0.001683 0.527296 0.001099 0.018368
0 0.001761 0.258496 0.000941 0.010752
0 0.001758 0.258496 0.000949 0.010752
0 0.001761 0.244160 0.000942 0.009856
0 0.001766 0.244160 0.000933 0.010304
0 0.001770 0.243712 0.000924 0.009856
0 0.001774 0.242816 0.000916 0.009856
0 0.001824 0.164416 0.000815 0.015232
0 0.001830 0.163968 0.000804 0.014784
0 0.001835 0.166208 0.000794 0.011648
0 0.001876 0.199360 0.000712 0.006720
0 0.001860 0.050624 0.000745 0.018368
0 0.001872 0.049728 0.000720 0.015680
0 0.001866 0.051520 0.000733 0.021504
0 0.001883 0.048832 0.000697 0.018368
0 0.001905 0.209664 0.000655 0.010752
0 0.001896 0.209664 0.000673 0.010752
0 0.001887 0.211008 0.000690 0.010752
0 0.001861 0.200704 0.000742 0.006720
0 0.001841 0.164416 0.000783 0.011648
0 0.001856 0.213248 0.000752 0.010752
0 0.001845 0.201600 0.000773 0.007168
0 0.001844 0.213248 0.000777 0.010752
0 0.001743 0.219520 0.000979 0.012544
0 0.001737 0.287616 0.000991 0.012544
0 0.001747 0.305088 0.000971 0.013440
0 0.001751 0.288064 0.000962 0.012544
0 0.001850 0.053760 0.000764 0.021056
0 0.001843 0.052864 0.000779 0.018368
0 0.001837 0.054208 0.000791 0.017920
0 0.001831 0.055104 0.000802 0.017472
0 0.001834 0.179648 0.000797 0.009856
0 0.001826 0.180096 0.000812 0.010304
0 0.001811 0.180544 0.000842 0.008960
0 0.001807 0.181440 0.000851 0.008512
0 0.001789 0.131712 0.000886 0.016576
0 0.001764 0.043008 0.000936 0.013888
0 0.001761 0.056896 0.000941 0.005376
0 0.001752 0.058240 0.000960 0.004480
0 0.001738 0.060928 0.000988 0.006720
0 0.001759 0.027328 0.000945 0.004928
0 0.001788 0.060032 0.000888 0.017024
0 0.001800 0.059136 0.000864 0.014336
0 0.001807 0.056896 0.000851 0.016576
0 0.001811 0.057344 0.000842 0.018816
0 0.001823 0.056000 0.000818 0.016576
0 0.001895 0.199360 0.000674 0.004928
0 0.001901 0.145152 0.000662 0.024640
0 0.001298 0.532672 0.001867 0.018816
0 0.001311 0.598080 0.001843 0.017024
0 0.001306 0.634368 0.001852 0.003584
0 0.001309 0.615104 0.001845 0.004928
0 0.001323 0.613760 0.001819 0.006272
0 0.001333 0.598080 0.001798 0.015680
0 0.001339 0.598080 0.001786 0.018816
0 0.001325 0.597632 0.001814 0.016576
0 0.001319 0.597632 0.001826 0.019712
0 0.001305 0.598976 0.001854 0.017472
0 0.001284 0.616000 0.001896 0.004928
0 0.001298 0.598976 0.001868 0.015232
0 0.001292 0.598976 0.001881 0.016576
0 0.001284 0.598976 0.001897 0.014336
0 0.007822 0.114240 0.015607 0.017920
0 0.001954 0.093632 0.000557 0.025984
0 0.001962 0.083776 0.000540 0.019712
0 0.001962 0.106624 0.000541 0.017024
0 0.001295 0.615552 0.001874 0.004480
0 0.001288 0.635264 0.001887 0.004928
0 0.001893 0.155904 0.000679 0.022848
0 0.001254 0.637056 0.001957 0.004928
0 0.001292 0.532672 0.001881 0.019264
0 0.001284 0.533120 0.001897 0.019264
0 0.001277 0.534016 0.001909 0.018816
0 0.001230 0.603456 0.002004 0.017024
0 0.001227 0.625856 0.002011 0.011200
0 0.001231 0.619584 0.002003 0.004928
0 0.001242 0.637952 0.001980 0.004928
0 0.001237 0.603008 0.001989 0.015680
0 0.001279 0.636160 0.001906 0.004032
0 0.001241 0.601664 0.001982 0.019712
0 0.001256 0.600768 0.001952 0.018368
0 0.001250 0.601216 0.001965 0.017920
0 0.001264 0.600768 0.001937 0.017920
0 0.001270 0.601664 0.001924 0.014336
0 0.001277 0.599872 0.001910 0.019264
0 0.001271 0.636608 0.001922 0.004032
0 0.001968 0.106176 0.000529 0.017920
0 0.001971 0.083328 0.000521 0.017024
0 0.001977 0.082432 0.000510 0.019712
0 0.001868 0.175616 0.000727 0.006272
0 0.002112 0.077952 0.000240 0.018816
0 0.002119 0.077952 0.000226 0.016576
0 0.002125 0.078400 0.000214 0.017472
0 0.002132 0.077504 0.000200 0.018368
0 0.001736 0.071232 0.000993 0.008960
0 0.001744 0.133952 0.000975 0.006720
0 0.001854 0.176064 0.000756 0.005824
0 0.001877 0.162176 0.000711 0.013888
0 0.001974 0.105728 0.000517 0.016576
0 0.001872 0.162624 0.000720 0.016576
0 0.001866 0.162624 0.000732 0.013888
0 0.001862 0.163520 0.000741 0.016576
0 0.001850 0.163072 0.000764 0.014784
0 0.001845 0.162624 0.000773 0.014336
0 0.001839 0.176512 0.000786 0.005376
0 0.001888 0.161280 0.000689 0.013888
0 0.002106 0.077952 0.000253 0.018368
0 0.002100 0.079296 0.000265 0.017472
0 0.002094 0.078400 0.000276 0.019712
0 0.002088 0.080640 0.000289 0.016576
0 0.001980 0.105280 0.000504 0.016576
0 0.001985 0.106624 0.000494 0.019712
0 0.001986 0.082880 0.000492 0.020160
0 0.001993 0.082880 0.000478 0.020160
0 0.001993 0.106624 0.000478 0.019264
0 0.002002 0.081536 0.000460 0.021504
0 0.002009 0.081088 0.000447 0.021056
0 0.002018 0.080192 0.000429 0.021952
0 0.002024 0.080640 0.000416 0.018816
0 0.002034 0.081088 0.000397 0.018816
0 0.002048 0.079744 0.000368 0.020160
0 0.002056 0.077952 0.000352 0.019712
0 0.002072 0.077504 0.000321 0.018368
0 0.002087 0.026880 0.000291 0.007168
0 0.002080 0.076160 0.000304 0.022400
0 0.001804 0.215936 0.000856 0.010752
0 0.001811 0.202496 0.000843 0.008512
0 0.001937 0.696640 0.000591 0.015232
0 0.002025 0.403648 0.000414 0.011648
0 0.002070 0.401856 0.000323 0.011648
0 0.002057 0.387968 0.000350 0.010752
0 0.002048 0.403200 0.000369 0.012096
0 0.002047 0.388416 0.000369 0.010752
0 0.002039 0.389312 0.000387 0.011648
0 0.002034 0.403648 0.000395 0.012096
0 0.002034 0.388864 0.000397 0.010752
0 0.002021 0.404992 0.000422 0.011200
0 0.002075 0.387520 0.000314 0.011200
0 0.002007 0.405440 0.000450 0.012096
0 0.002006 0.389760 0.000452 0.012544
0 0.002002 0.404992 0.000460 0.010752
0 0.002002 0.390208 0.000460 0.012544
0 0.001994 0.405440 0.000477 0.011648
0 0.001997 0.390656 0.000470 0.010752
0 0.001993 0.391552 0.000478 0.011648
0 0.002076 0.402304 0.000313 0.008960
0 0.002079 0.387520 0.000306 0.011648
0 0.001984 0.391104 0.000495 0.010304
0 0.002119 0.399168 0.000226 0.009856
0 0.002146 0.398720 0.000173 0.010752
0 0.002145 0.383488 0.000174 0.012096
0 0.002137 0.398720 0.000191 0.011200
0 0.002136 0.384832 0.000192 0.011200
0 0.002132 0.383936 0.000200 0.010304
0 0.002124 0.401408 0.000217 0.007616
0 0.002123 0.384832 0.000218 0.010752
0 0.002114 0.385728 0.000235 0.011200
0 0.002080 0.400960 0.000305 0.011200
0 0.002102 0.400512 0.000261 0.011648
0 0.002101 0.386176 0.000262 0.010304
0 0.002093 0.401408 0.000279 0.012544
0 0.002088 0.401408 0.000288 0.010304
0 0.002088 0.387072 0.000288 0.011648
0 0.002084 0.387072 0.000296 0.010752
0 0.002084 0.400960 0.000297 0.009856
0 0.001985 0.406784 0.000494 0.011648
0 0.001975 0.406336 0.000514 0.011648
0 0.001818 0.201600 0.000829 0.008512
0 0.001619 0.383040 0.001227 0.015680
0 0.001662 0.423808 0.001139 0.013440
0 0.001657 0.423808 0.001151 0.013888
0 0.001651 0.422016 0.001162 0.012992
0 0.001644 0.422912 0.001176 0.012544
0 0.001633 0.426496 0.001199 0.012544
0 0.001626 0.424704 0.001211 0.013440
0 0.001625 0.382144 0.001214 0.011200
0 0.001612 0.383936 0.001240 0.016128
0 0.001669 0.423360 0.001127 0.018368
0 0.001606 0.383936 0.001253 0.016576
0 0.001605 0.350784 0.001253 0.015232
0 0.001611 0.349440 0.001243 0.021056
0 0.001625 0.347200 0.001214 0.016128
0 0.001632 0.347200 0.001201 0.017472
0 0.001644 0.376768 0.001177 0.017024
0 0.001650 0.353472 0.001164 0.004480
0 0.001659 0.445760 0.001146 0.014336
0 0.001675 0.423360 0.001114 0.018816
0 0.001970 0.406336 0.000524 0.011200
0 0.002035 0.445760 0.000394 0.011648
0 0.001970 0.392000 0.000524 0.010752
0 0.001971 0.434560 0.000521 0.010752
0 0.001985 0.434112 0.000494 0.011648
0 0.001990 0.433664 0.000485 0.011200
0 0.002008 0.432768 0.000448 0.010752
0 0.002004 0.448000 0.000457 0.011200
0 0.002022 0.447552 0.000421 0.012544
0 0.002049 0.431424 0.000367 0.010752
0 0.001683 0.425600 0.001099 0.012544
0 0.002081 0.429632 0.000303 0.010304
0 0.002098 0.427840 0.000269 0.011648
0 0.002146 0.426944 0.000172 0.011648
0 0.002164 0.426048 0.000137 0.012544
0 0.002168 0.424704 0.000128 0.011200
0 0.002182 0.424704 0.000101 0.012096
0 0.001683 0.445312 0.001098 0.011200
0 0.002154 0.383936 0.000157 0.010752
0 0.002150 0.398720 0.000165 0.012096
0 0.002154 0.398272 0.000155 0.011648
0 0.001983 0.361984 0.000498 0.012544
0 0.002104 0.295232 0.000255 0.012544
0 0.002100 0.295232 0.000265 0.012544
0 0.002095 0.295232 0.000273 0.012544
0 0.001963 0.354816 0.000539 0.022400
0 0.001974 0.361984 0.000516 0.012096
0 0.001974 0.346752 0.000517 0.013440
0 0.001983 0.346304 0.000498 0.013440
0 0.001993 0.361536 0.000479 0.012544
0 0.002123 0.293888 0.000219 0.012544
0 0.002002 0.345408 0.000460 0.012544
0 0.002011 0.360640 0.000441 0.012544
0 0.002012 0.345408 0.000441 0.012544
0 0.002026 0.359744 0.000413 0.013888
0 0.002031 0.359296 0.000403 0.012096
0 0.002031 0.343616 0.000402 0.012992
0 0.002035 0.343616 0.000394 0.012544
0 0.002113 0.293888 0.000238 0.014336
0 0.002127 0.293888 0.000211 0.011648
0 0.002162 0.397824 0.000140 0.012992
0 0.002177 0.307328 0.000109 0.012544
0 0.002132 0.308672 0.000200 0.011648
0 0.002141 0.309120 0.000182 0.012544
0 0.002150 0.307328 0.000164 0.012096
0 0.002155 0.308224 0.000155 0.012992
0 0.002159 0.307776 0.000146 0.012544
0 0.002168 0.307328 0.000128 0.013440
0 0.002173 0.307328 0.000118 0.012992
0 0.002184 0.310016 0.000097 0.014336
0 0.002141 0.293440 0.000183 0.012544
0 0.002183 0.292096 0.000098 0.014784
0 0.002179 0.291200 0.000107 0.012544
0 0.002173 0.292096 0.000119 0.012544
0 0.002168 0.292096 0.000129 0.013440
0 0.002163 0.292096 0.000138 0.012544
0 0.002159 0.291648 0.000146 0.011648
0 0.002154 0.292544 0.000157 0.012096
0 0.002045 0.359744 0.000375 0.012992
0 0.002049 0.342720 0.000366 0.012544
0 0.002054 0.358400 0.000356 0.012544
0 0.002178 0.353024 0.000108 0.013440
0 0.002151 0.339136 0.000162 0.012544
0 0.002161 0.353920 0.000143 0.012544
0 0.002156 0.338688 0.000152 0.012544
0 0.002160 0.338240 0.000144 0.012992
0 0.002169 0.353024 0.000125 0.012096
0 0.002169 0.337792 0.000125 0.012544
0 0.002174 0.353024 0.000116 0.012544
0 0.002174 0.337344 0.000116 0.012544
0 0.002063 0.342272 0.000338 0.012544
0 0.002179 0.336896 0.000107 0.013440
0 0.002180 0.382144 0.000104 0.009856
0 0.002180 0.397376 0.000105 0.011648
0 0.002171 0.396928 0.000121 0.011200
0 0.002171 0.383040 0.000121 0.011200
0 0.002176 0.381696 0.000113 0.012096
0 0.002163 0.383488 0.000139 0.011200
0 0.002142 0.338688 0.000180 0.012096
0 0.002142 0.354368 0.000180 0.012992
0 0.002137 0.339136 0.000189 0.012096
0 0.002133 0.339136 0.000198 0.009856
0 0.002068 0.341824 0.000327 0.011648
0 0.002088 0.341824 0.000289 0.012096
0 0.002092 0.356608 0.000281 0.012544
0 0.002092 0.341376 0.000280 0.012544
0 0.002097 0.341376 0.000271 0.011648
0 0.002106 0.356608 0.000253 0.012992
0 0.002106 0.340928 0.000253 0.012544
0 0.002115 0.355712 0.000235 0.011648
0 0.002115 0.340032 0.000235 0.012544
0 0.002119 0.355264 0.000226 0.012544
0 0.002119 0.340032 0.000226 0.012096
0 0.002124 0.339584 0.000217 0.013440
0 0.002124 0.355712 0.000216 0.012544
0 0.002129 0.355264 0.000207 0.011648
0 0.002133 0.354816 0.000198 0.012992
0 0.001650 0.346304 0.001165 0.004928
0 0.001650 0.338688 0.001165 0.004480
0 0.001649 0.331072 0.001166 0.004928
0 0.001616 0.625408 0.001233 0.017472
0 0.001635 0.532672 0.001193 0.012544
0 0.001630 0.570304 0.001204 0.014784
0 0.001622 0.535360 0.001220 0.016128
0 0.001616 0.537600 0.001231 0.014784
0 0.001615 0.570752 0.001235 0.014336
0 0.001618 0.593152 0.001228 0.016576
0 0.001631 0.588672 0.001203 0.015680
0 0.001624 0.626752 0.001216 0.014336
0 0.001649 0.533120 0.001167 0.016576
0 0.001629 0.628096 0.001206 0.020160
0 0.001638 0.627200 0.001188 0.019264
0 0.001645 0.644672 0.001174 0.017024
0 0.001645 0.626304 0.001174 0.015232
0 0.001656 0.642432 0.001151 0.014336
0 0.001651 0.682304 0.001162 0.023744
0 0.001646 0.683648 0.001172 0.013440
0 0.001643 0.533120 0.001179 0.012544
0 0.001662 0.534912 0.001141 0.015680
0 0.001684 0.680064 0.001096 0.014336
0 0.001685 0.605696 0.001094 0.012096
0 0.001674 0.685440 0.001116 0.015232
0 0.001682 0.666624 0.001100 0.009408
0 0.001683 0.656768 0.001099 0.012544
0 0.001687 0.649152 0.001090 0.008512
0 0.001682 0.640192 0.001100 0.009856
0 0.001685 0.628544 0.001094 0.010752
0 0.001682 0.614208 0.001100 0.012544
0 0.001681 0.584192 0.001101 0.010752
0 0.001683 0.544768 0.001098 0.016576
0 0.001680 0.565376 0.001105 0.010752
0 0.001664 0.627648 0.001136 0.015232
0 0.001659 0.627200 0.001146 0.011648
0 0.001652 0.568512 0.001160 0.021504
0 0.001645 0.569856 0.001174 0.020160
0 0.001648 0.588224 0.001169 0.013440
0 0.001679 0.557312 0.001105 0.011200
0 0.001640 0.683648 0.001185 0.017472
0 0.001633 0.685440 0.001198 0.013888
0 0.001626 0.684992 0.001211 0.017024
0 0.001995 0.690816 0.000475 0.017024
0 0.001983 0.497280 0.000499 0.017024
0 0.002001 0.495040 0.000463 0.022400
0 0.001996 0.521472 0.000472 0.022400
0 0.002002 0.519680 0.000460 0.019712
0 0.002015 0.520128 0.000434 0.019712
0 0.002022 0.494592 0.000421 0.022400
0 0.001995 0.726656 0.000474 0.015680
0 0.001996 0.754432 0.000471 0.017472
0 0.001603 0.670656 0.001258 0.007168
0 0.001999 0.825216 0.000466 0.023296
0 0.002001 0.853440 0.000462 0.026432
0 0.001933 0.821184 0.000598 0.017024
0 0.001932 0.784896 0.000600 0.014336
0 0.001930 0.753536 0.000604 0.016576
0 0.001931 0.727552 0.000602 0.015680
0 0.001929 0.698880 0.000605 0.014784
0 0.001974 0.495488 0.000516 0.024192
0 0.001800 0.464128 0.000864 0.014784
0 0.001799 0.442176 0.000865 0.018368
0 0.001769 0.102592 0.000925 0.015680
0 0.001603 0.638848 0.001257 0.008512
0 0.001600 0.650496 0.001264 0.008960
0 0.001580 0.692608 0.001304 0.008960
0 0.001578 0.679616 0.001308 0.011648
0 0.001576 0.580608 0.001312 0.012096
0 0.001576 0.568064 0.001312 0.010752
0 0.001576 0.560896 0.001313 0.009856
0 0.001576 0.601664 0.001311 0.007616
0 0.001602 0.590016 0.001260 0.010304
0 0.001603 0.598528 0.001258 0.006720
0 0.001601 0.576128 0.001261 0.007168
0 0.001578 0.622720 0.001308 0.008960
0 0.001975 0.522816 0.000513 0.020160
0 0.001984 0.522368 0.000497 0.021952
0 0.001988 0.521024 0.000487 0.019264
0 0.001680 0.685440 0.001104 0.013888
0 0.001520 0.933184 0.001424 0.025984
0 0.001643 0.310912 0.001179 0.012544
0 0.001288 0.711872 0.001888 0.014336
0 0.001288 0.832384 0.001887 0.004928
0 0.001289 0.828352 0.001887 0.003584
0 0.001288 0.820288 0.001888 0.004928
0 0.001287 0.792512 0.001890 0.009856
0 0.001286 0.782208 0.001892 0.008512
0 0.001286 0.765632 0.001891 0.008960
0 0.001286 0.760256 0.001893 0.008960
0 0.001291 0.676480 0.001882 0.004480
0 0.001308 0.838208 0.001848 0.012096
0 0.001284 0.698432 0.001897 0.012096
0 0.001271 0.678272 0.001923 0.004928
0 0.001252 0.679168 0.001961 0.004480
0 0.001246 0.703360 0.001973 0.014336
0 0.001214 0.697088 0.002037 0.004928
0 0.001216 0.707392 0.002032 0.004480
0 0.001214 0.712768 0.002036 0.004480
0 0.001317 0.838656 0.001831 0.004928
0 0.001307 0.830144 0.001851 0.009408
0 0.001526 0.960512 0.001412 0.018368
0 0.001346 0.786240 0.001772 0.004032
0 0.001637 0.311360 0.001191 0.012992
0 0.001624 0.312256 0.001216 0.019264
0 0.001615 0.311360 0.001234 0.017024
0 0.001603 0.313152 0.001258 0.017472
0 0.001595 0.310912 0.001273 0.014336
0 0.013865 0.911680 0.025841 0.028224
0 0.001346 0.790720 0.001773 0.005824
0 0.001344 0.780416 0.001777 0.006272
0 0.001306 0.824768 0.001852 0.012096
0 0.001308 0.775936 0.001848 0.005376
0 0.001306 0.765632 0.001852 0.005824
0 0.001307 0.798784 0.001851 0.005824
0 0.001307 0.804160 0.001850 0.006720
0 0.001315 0.813120 0.001834 0.004480
0 0.001315 0.802816 0.001834 0.004928
0 0.001318 0.819392 0.001829 0.004032
0 0.001207 0.869568 0.002050 0.015232
0 0.001375 0.177856 0.001714 0.004928
0 0.001380 0.346304 0.001704 0.006272
0 0.001467 0.867328 0.001530 0.019712
0 0.001507 0.867776 0.001451 0.017920
0 0.001497 0.868672 0.001470 0.017920
0 0.001494 0.889280 0.001477 0.018368
0 0.001484 0.889728 0.001497 0.018368
0 0.001487 0.867776 0.001490 0.013888
0 0.001475 0.890176 0.001515 0.016576
0 0.001465 0.890176 0.001535 0.014336
0 0.001443 0.936320 0.001578 0.016128
0 0.001384 0.363776 0.001697 0.004032
0 0.001459 0.938560 0.001547 0.024192
0 0.001491 0.934528 0.001482 0.023744
0 0.001486 0.939008 0.001493 0.010752
0 0.001482 0.939456 0.001500 0.010752
0 0.001486 0.959616 0.001492 0.015680
0 0.001494 0.957824 0.001475 0.023744
0 0.001508 0.936320 0.001448 0.014784
0 0.001516 0.864640 0.001432 0.015232
0 0.001523 0.887040 0.001418 0.022400
0 0.001513 0.887488 0.001437 0.020160
0 0.001535 0.850304 0.001394 0.010304
0 0.001381 0.382144 0.001702 0.004928
0 0.001382 0.400960 0.001701 0.006720
0 0.001384 0.461888 0.001696 0.004928
0 0.001401 0.513856 0.001661 0.016576
0 0.001402 0.536704 0.001660 0.017024
0 0.001403 0.553280 0.001659 0.015232
0 0.001406 0.554176 0.001653 0.016128
0 0.001395 0.588224 0.001675 0.019264
0 0.001408 0.583744 0.001649 0.013888
0 0.001408 0.569856 0.001649 0.014784
0 0.001411 0.568960 0.001643 0.012992
0 0.001543 0.790272 0.001378 0.017920
0 0.001549 0.796096 0.001366 0.014336
0 0.001544 0.820288 0.001375 0.006272
0 0.001535 0.838208 0.001394 0.010304
0 0.002123 0.310464 0.000219 0.012544
0 0.002114 0.310912 0.000237 0.014336
0 0.002104 0.310464 0.000255 0.011648
0 0.002031 0.144704 0.000402 0.015680
0 0.002054 0.163072 0.000356 0.016576
0 0.002049 0.163520 0.000366 0.016128
0 0.002049 0.144256 0.000367 0.015680
0 0.002044 0.164416 0.000377 0.017024
0 0.002043 0.142912 0.000379 0.012096
0 0.002038 0.143808 0.000389 0.017024
0 0.002038 0.163520 0.000389 0.016128
0 0.002032 0.163520 0.000401 0.014784
0 0.002060 0.142464 0.000344 0.014784
0 0.002026 0.164416 0.000411 0.017024
0 0.002027 0.144704 0.000411 0.014784
0 0.002020 0.145152 0.000424 0.016128
0 0.002021 0.163968 0.000423 0.014784
0 0.002016 0.165760 0.000433 0.016576
0 0.002015 0.145600 0.000434 0.014784
0 0.002009 0.145152 0.000447 0.017024
0 0.002054 0.144256 0.000357 0.015232
0 0.002060 0.163520 0.000344 0.015680
0 0.002116 0.159488 0.000232 0.015680
0 0.002087 0.142464 0.000290 0.015680
0 0.002110 0.140224 0.000243 0.012544
0 0.002104 0.159936 0.000255 0.016576
0 0.002104 0.141568 0.000255 0.015232
0 0.002099 0.142016 0.000267 0.015680
0 0.002099 0.159936 0.000266 0.016128
0 0.002094 0.161728 0.000276 0.013888
0 0.002093 0.141120 0.000279 0.016128
0 0.002088 0.160384 0.000288 0.014336
0 0.002065 0.142912 0.000335 0.016576
0 0.002083 0.141568 0.000299 0.013440
0 0.002082 0.160832 0.000300 0.014336
0 0.002077 0.162176 0.000311 0.014784
0 0.002076 0.143360 0.000312 0.015232
0 0.002071 0.162624 0.000322 0.014784
0 0.002071 0.142464 0.000322 0.016576
0 0.002066 0.161728 0.000333 0.015232
0 0.002009 0.165312 0.000445 0.017472
0 0.002005 0.165312 0.000455 0.017024
0 0.002004 0.146048 0.000456 0.016128
0 0.002001 0.202048 0.000462 0.013888
0 0.001975 0.204288 0.000513 0.013888
0 0.001981 0.202944 0.000503 0.014784
0 0.001986 0.202944 0.000493 0.014336
0 0.001992 0.219520 0.000480 0.014336
0 0.001991 0.202496 0.000482 0.014336
0 0.001997 0.219520 0.000470 0.014336
0 0.002002 0.219072 0.000460 0.014336
0 0.002007 0.218176 0.000451 0.015232
0 0.001998 0.146944 0.000468 0.015680
0 0.002006 0.201600 0.000452 0.013888
0 0.002012 0.218624 0.000440 0.014784
0 0.002017 0.218624 0.000430 0.012544
0 0.002012 0.201600 0.000440 0.014336
0 0.002017 0.201152 0.000430 0.014336
0 0.002022 0.200704 0.000421 0.014336
0 0.002027 0.200704 0.000411 0.015232
0 0.001986 0.220416 0.000493 0.014336
0 0.001976 0.220416 0.000512 0.014336
0 0.001971 0.202944 0.000523 0.012544
0 0.001971 0.220416 0.000522 0.014784
0 0.001999 0.164864 0.000467 0.014784
0 0.001992 0.146496 0.000479 0.014784
0 0.001993 0.166208 0.000479 0.015232
0 0.001987 0.167104 0.000491 0.016576
0 0.001986 0.146944 0.000491 0.014784
0 0.001981 0.146944 0.000502 0.016576
0 0.001981 0.166208 0.000502 0.016128
0 0.001974 0.147392 0.000516 0.016576
0 0.001975 0.166208 0.000514 0.014784
0 0.001969 0.166208 0.000525 0.014336
0 0.001969 0.147840 0.000527 0.015232
0 0.001963 0.148288 0.000538 0.017920
0 0.001957 0.213248 0.000550 0.027776
0 0.001965 0.220864 0.000534 0.012544
0 0.001965 0.204288 0.000535 0.014336
0 0.002110 0.160384 0.000243 0.015680
0 0.002116 0.141120 0.000231 0.014784
0 0.002032 0.218176 0.000400 0.014336
0 0.002010 0.105280 0.000444 0.019712
0 0.001797 0.256256 0.000871 0.012096
0 0.001805 0.254912 0.000853 0.009408
0 0.001814 0.254464 0.000837 0.010304
0 0.001862 0.438144 0.000741 0.020608
0 0.001863 0.460992 0.000739 0.017472
0 0.001999 0.104832 0.000467 0.018816
0 0.002005 0.104384 0.000455 0.017024
0 0.002016 0.104832 0.000432 0.017472
0 0.001849 0.239680 0.000766 0.010304
0 0.002022 0.103488 0.000421 0.017472
0 0.002028 0.104384 0.000409 0.018816
0 0.002034 0.103488 0.000396 0.017472
0 0.002040 0.103488 0.000384 0.016128
0 0.002046 0.102592 0.000373 0.018368
0 0.002070 0.101696 0.000325 0.017024
0 0.002066 0.077952 0.000333 0.017920
0 0.001840 0.241024 0.000784 0.009408
0 0.001857 0.252224 0.000750 0.010752
0 0.002121 0.140224 0.000222 0.016128
0 0.001835 0.213248 0.000795 0.010304
0 0.001822 0.215040 0.000821 0.010752
0 0.001821 0.202048 0.000823 0.008512
0 0.001828 0.201600 0.000808 0.008512
0 0.001830 0.213696 0.000804 0.010752
0 0.001831 0.201152 0.000802 0.008512
0 0.001835 0.201152 0.000794 0.007616
0 0.001839 0.201152 0.000787 0.008960
0 0.001839 0.213248 0.000786 0.009408
0 0.001862 0.238784 0.000741 0.010752
0 0.001902 0.250432 0.000660 0.010752
0 0.001897 0.250432 0.000670 0.009408
0 0.001897 0.235648 0.000670 0.009408
0 0.001893 0.250432 0.000678 0.009856
0 0.001884 0.250432 0.000697 0.009856
0 0.001870 0.237888 0.000723 0.011648
0 0.001866 0.252672 0.000732 0.009408
0 0.002076 0.102144 0.000312 0.014336
0 0.002082 0.101696 0.000301 0.018816
0 0.002088 0.101248 0.000288 0.019264
0 0.002144 0.158144 0.000177 0.015232
0 0.002167 0.137984 0.000131 0.015680
0 0.002161 0.137984 0.000142 0.016128
0 0.002161 0.158592 0.000142 0.013440
0 0.002155 0.157696 0.000154 0.015680
0 0.002155 0.139328 0.000155 0.015680
0 0.002149 0.138880 0.000167 0.016576
0 0.002150 0.158144 0.000165 0.016576
0 0.002144 0.139328 0.000177 0.016576
0 0.002094 0.100352 0.000277 0.017472
0 0.002139 0.159040 0.000187 0.016576
0 0.002138 0.140224 0.000188 0.015680
0 0.002133 0.140672 0.000199 0.014336
0 0.002133 0.159488 0.000199 0.016128
0 0.002127 0.159040 0.000209 0.015680
0 0.002121 0.159488 0.000222 0.016576
0 0.002127 0.139776 0.000211 0.014784
0 0.002167 0.157248 0.000131 0.015232
0 0.002172 0.157696 0.000120 0.016128
0 0.002171 0.137536 0.000122 0.017024
0 0.002178 0.131264 0.000108 0.022400
0 0.002106 0.099008 0.000253 0.016576
0 0.002118 0.099456 0.000229 0.017472
0 0.002123 0.099456 0.000218 0.018816
0 0.002141 0.098112 0.000182 0.017024
0 0.002138 0.077504 0.000189 0.018368
0 0.002153 0.097216 0.000158 0.016576
0 0.002150 0.076608 0.000163 0.016576
0 0.002158 0.076608 0.000149 0.014336
0 0.002158 0.097664 0.000148 0.019264
0 0.002164 0.096320 0.000136 0.016576
0 0.002162 0.075264 0.000140 0.020160
0 0.002169 0.097216 0.000125 0.018368
0 0.002171 0.075264 0.000122 0.018368
0 0.002177 0.077504 0.000110 0.016576
0 0.002178 0.105728 0.000108 0.025984
0 0.002027 0.217728 0.000411 0.013440
0 0.002031 0.200704 0.000402 0.013888
0 0.002100 0.310464 0.000264 0.012544
0 0.002135 0.263872 0.000194 0.012096
0 0.002110 0.249536 0.000245 0.012544
0 0.002114 0.249088 0.000235 0.013440
0 0.002117 0.265216 0.000230 0.012992
0 0.002122 0.263872 0.000221 0.012544
0 0.002120 0.248640 0.000225 0.013888
0 0.002125 0.248192 0.000215 0.013888
0 0.002131 0.263872 0.000203 0.011648
0 0.002139 0.262976 0.000186 0.012096
0 0.002108 0.264768 0.000248 0.012992
0 0.002144 0.262976 0.000176 0.012544
0 0.002148 0.262976 0.000167 0.013440
0 0.002153 0.262976 0.000158 0.014336
0 0.002163 0.262528 0.000139 0.011648
0 0.002167 0.262976 0.000130 0.013440
0 0.002171 0.261632 0.000121 0.012544
0 0.002182 0.262080 0.000100 0.010752
0 0.002113 0.264768 0.000239 0.012096
0 0.002105 0.249088 0.000255 0.013888
0 0.002044 0.251776 0.000377 0.015680
0 0.002074 0.250432 0.000315 0.012544
0 0.002052 0.267904 0.000361 0.012992
0 0.002057 0.267904 0.000350 0.012992
0 0.002053 0.251328 0.000357 0.013440
0 0.002059 0.250432 0.000346 0.015232
0 0.002066 0.267904 0.000332 0.012992
0 0.002064 0.249536 0.000337 0.013440
0 0.002069 0.250432 0.000326 0.013888
0 0.002079 0.249536 0.000307 0.015680
0 0.002104 0.265216 0.000257 0.012544
0 0.002085 0.266112 0.000295 0.012544
0 0.002090 0.266112 0.000285 0.012544
0 0.002084 0.249536 0.000296 0.014784
0 0.002089 0.250432 0.000286 0.013888
0 0.002095 0.248640 0.000274 0.015680
0 0.002099 0.265664 0.000266 0.013440
0 0.002100 0.249088 0.000265 0.012544
0 0.002178 0.261632 0.000109 0.012096
0 0.002175 0.243712 0.000113 0.012544
0 0.002170 0.245504 0.000124 0.013440
0 0.002048 0.297920 0.000368 0.012544
0 0.002001 0.299712 0.000462 0.012544
0 0.002006 0.315840 0.000452 0.011200
0 0.002011 0.315392 0.000443 0.012992
0 0.002015 0.299712 0.000434 0.012544
0 0.002029 0.314496 0.000406 0.012544
0 0.002043 0.297920 0.000377 0.012096
0 0.002048 0.314048 0.000368 0.012096
0 0.002053 0.297920 0.000359 0.012544
0 0.002165 0.245504 0.000134 0.012544
0 0.002057 0.297920 0.000349 0.013440
0 0.002067 0.312704 0.000330 0.013440
0 0.002076 0.311808 0.000311 0.012096
0 0.002076 0.296128 0.000312 0.014336
0 0.002086 0.311360 0.000292 0.012096
0 0.002091 0.310912 0.000283 0.012544
0 0.002095 0.311360 0.000274 0.013440
0 0.001991 0.300160 0.000482 0.012544
0 0.001992 0.316288 0.000480 0.012992
0 0.001987 0.317184 0.000491 0.012096
0 0.001987 0.299712 0.000491 0.014336
0 0.002161 0.246400 0.000143 0.013440
0 0.002155 0.246400 0.000154 0.013440
0 0.002150 0.246848 0.000165 0.012992
0 0.002144 0.246848 0.000176 0.012992
0 0.002139 0.246848 0.000185 0.012992
0 0.002135 0.247296 0.000195 0.012992
0 0.002130 0.246848 0.000205 0.014336
0 0.001960 0.307328 0.000544 0.027776
0 0.001934 0.346752 0.000596 0.014336
0 0.001968 0.317184 0.000529 0.013440
0 0.001973 0.317184 0.000519 0.012544
0 0.001967 0.299712 0.000530 0.011200
0 0.001972 0.301056 0.000520 0.012544
0 0.001977 0.301056 0.000511 0.012992
0 0.001982 0.301056 0.000501 0.012544
0 0.002049 0.251776 0.000367 0.013888
0 0.002047 0.268800 0.000370 0.012544
0 0.002037 0.218624 0.000390 0.014336
0 0.002123 0.213696 0.000218 0.014336
0 0.002088 0.198464 0.000289 0.012992
0 0.002093 0.197120 0.000279 0.015232
0 0.002098 0.214592 0.000268 0.013888
0 0.002103 0.214144 0.000258 0.014336
0 0.002108 0.214592 0.000249 0.015680
0 0.002113 0.214144 0.000238 0.014336
0 0.002118 0.214144 0.000227 0.013888
0 0.002129 0.213248 0.000207 0.013440
0 0.002093 0.214592 0.000278 0.014336
0 0.002133 0.212800 0.000197 0.013888
0 0.002138 0.212352 0.000188 0.012992
0 0.002143 0.212352 0.000178 0.014336
0 0.002149 0.212352 0.000167 0.013440
0 0.002154 0.211904 0.000157 0.013888
0 0.002159 0.211456 0.000147 0.014784
0 0.002164 0.211008 0.000137 0.013440
0 0.002083 0.197568 0.000299 0.012544
0 0.002088 0.214592 0.000289 0.013888
0 0.002039 0.252224 0.000387 0.013440
0 0.002057 0.199360 0.000351 0.014336
0 0.002037 0.200704 0.000391 0.012992
0 0.002042 0.199360 0.000380 0.014336
0 0.002042 0.217728 0.000380 0.013888
0 0.002048 0.216832 0.000369 0.013888
0 0.002047 0.199360 0.000371 0.014784
0 0.002053 0.216832 0.000359 0.012992
0 0.002052 0.199360 0.000360 0.012544
0 0.002057 0.216832 0.000349 0.013888
0 0.002077 0.197568 0.000310 0.014336
0 0.002063 0.217280 0.000339 0.015232
0 0.002062 0.198464 0.000340 0.013440
0 0.002068 0.216384 0.000329 0.014336
0 0.002072 0.216384 0.000319 0.013888
0 0.002072 0.197568 0.000320 0.016576
0 0.002078 0.215936 0.000309 0.013888
0 0.002083 0.215936 0.000299 0.013888
0 0.002169 0.211904 0.000126 0.013440
0 0.002174 0.212352 0.000117 0.013888
0 0.002169 0.194432 0.000127 0.013888
0 0.002003 0.253568 0.000459 0.014336
0 0.001977 0.255808 0.000510 0.013440
0 0.001982 0.255360 0.000500 0.013888
0 0.001990 0.271040 0.000485 0.012544
0 0.001987 0.255360 0.000490 0.014336
0 0.001992 0.254016 0.000479 0.012544
0 0.001995 0.271488 0.000474 0.013888
0 0.001997 0.254464 0.000470 0.014336
0 0.002009 0.270144 0.000447 0.012992
0 0.002163 0.193984 0.000138 0.015232
0 0.002004 0.270144 0.000456 0.014336
0 0.002008 0.253568 0.000448 0.015232
0 0.002013 0.253568 0.000438 0.014336
0 0.002023 0.252672 0.000418 0.012992
0 0.002028 0.252672 0.000408 0.013888
0 0.002037 0.268352 0.000390 0.012096
0 0.002034 0.252672 0.000397 0.015232
0 0.001971 0.254912 0.000521 0.014784
0 0.001976 0.271040 0.000512 0.010752
0 0.001966 0.256256 0.000532 0.013440
0 0.001972 0.271936 0.000520 0.012096
0 0.002158 0.195328 0.000147 0.012544
0 0.002153 0.195328 0.000158 0.013888
0 0.002148 0.195328 0.000167 0.014336
0 0.002144 0.194880 0.000177 0.012544
0 0.002139 0.194880 0.000187 0.014336
0 0.002133 0.195776 0.000198 0.013888
0 0.002128 0.195776 0.000208 0.013888
0 0.002123 0.196224 0.000219 0.014336
0 0.002118 0.196224 0.000228 0.013440
0 0.002113 0.196224 0.000239 0.013440
0 0.002108 0.196672 0.000249 0.013440
0 0.002103 0.197120 0.000259 0.015680
0 0.002098 0.198016 0.000269 0.014336
0 0.001959 0.265216 0.000546 0.025536
0 0.001966 0.271936 0.000532 0.013888
0 0.007909 0.181888 0.015431 0.071232
