0 0.008864 0.784896 0.013521 0.050176
0 0.001213 0.097664 0.002038 0.007616
0 0.001188 0.068544 0.002088 0.008512
0 0.001172 0.167104 0.002120 0.007616
0 0.001170 0.197568 0.002124 0.007616
0 0.001179 0.200256 0.002106 0.008512
0 0.001172 0.151424 0.002120 0.007616
0 0.001199 0.173376 0.002067 0.007616
0 0.001205 0.221760 0.002054 0.007616
0 0.001201 0.142016 0.002063 0.007168
0 0.001229 0.142912 0.002006 0.008512
0 0.001239 0.162176 0.001987 0.007616
0 0.001226 0.193984 0.002011 0.007616
0 0.001225 0.201152 0.002013 0.008512
0 0.001236 0.195776 0.001992 0.007616
0 0.001235 0.203840 0.001994 0.008512
0 0.001236 0.228928 0.001993 0.007616
0 0.001258 0.197568 0.001949 0.009408
0 0.001267 0.216384 0.001931 0.018368
0 0.001203 0.110656 0.002059 0.008512
0 0.001216 0.067648 0.002032 0.007168
0 0.002203 0.753984 0.000057 0.020160
0 0.001243 0.094528 0.001978 0.008512
0 0.002093 0.578368 0.000278 0.012992
0 0.002090 0.587776 0.000284 0.014336
0 0.002090 0.595392 0.000284 0.012992
0 0.001965 0.512064 0.000534 0.015680
0 0.001959 0.524608 0.000545 0.017920
0 0.001966 0.599872 0.000533 0.026432
0 0.001961 0.611072 0.000542 0.019264
0 0.002054 0.581056 0.000356 0.012992
0 0.002076 0.601664 0.000311 0.012544
0 0.002071 0.617344 0.000323 0.014784
0 0.002066 0.633024 0.000332 0.014336
0 0.008760 0.598976 0.013729 0.107968
0 0.002077 0.636160 0.000309 0.014336
0 0.002076 0.643776 0.000311 0.014336
0 0.001233 0.075712 0.001998 0.008960
0 0.001245 0.060480 0.001974 0.006720
0 0.001244 0.078400 0.001976 0.008512
0 0.001260 0.147392 0.001945 0.010304
0 0.001262 0.096768 0.001940 0.008512
0 0.001265 0.079744 0.001935 0.008960
0 0.001264 0.071232 0.001936 0.006720
0 0.001331 0.187712 0.001803 0.007616
0 0.001331 0.176960 0.001802 0.006720
0 0.001342 0.190848 0.001780 0.007616
0 0.001342 0.180096 0.001780 0.008960
0 0.001330 0.166656 0.001805 0.009408
0 0.001330 0.155904 0.001803 0.007168
0 0.001344 0.159040 0.001776 0.007616
0 0.001343 0.148736 0.001777 0.009408
0 0.001331 0.146496 0.001802 0.007168
0 0.001346 0.139328 0.001772 0.008512
0 0.001332 0.135296 0.001801 0.008960
0 0.001346 0.129024 0.001773 0.009408
0 0.001346 0.117824 0.001772 0.008512
0 0.001346 0.107968 0.001772 0.009408
0 0.001347 0.098112 0.001770 0.008960
0 0.001348 0.088256 0.001768 0.009408
0 0.001335 0.094976 0.001795 0.007168
0 0.001328 0.197568 0.001808 0.007616
0 0.001342 0.200256 0.001780 0.008512
0 0.001340 0.210560 0.001785 0.007616
0 0.001303 0.160832 0.001858 0.008512
0 0.001265 0.062272 0.001934 0.009408
0 0.001299 0.044352 0.001865 0.009408
0 0.001300 0.104384 0.001863 0.016576
0 0.001311 0.036288 0.001842 0.008512
0 0.001311 0.059136 0.001842 0.008512
0 0.001311 0.068544 0.001843 0.008512
0 0.001305 0.140224 0.001854 0.006720
0 0.001302 0.189952 0.001860 0.009408
0 0.001350 0.254912 0.001764 0.009408
0 0.001301 0.202496 0.001862 0.008512
0 0.001297 0.241920 0.001870 0.009408
0 0.001327 0.249984 0.001811 0.007616
0 0.001327 0.237440 0.001811 0.006720
0 0.001327 0.217280 0.001810 0.008512
0 0.001338 0.230272 0.001789 0.010304
0 0.001340 0.220416 0.001784 0.007168
0 0.002097 0.572096 0.000270 0.016128
0 0.002101 0.561344 0.000262 0.012544
0 0.002078 0.594496 0.000309 0.012096
0 0.001907 0.471744 0.000649 0.020160
0 0.007813 0.079744 0.015624 0.012544
0 0.007812 0.110208 0.015625 0.012544
0 0.007812 0.141120 0.015625 0.012544
0 0.007814 0.022400 0.015622 0.041216
0 0.006211 0.220864 0.009899 0.070336
0 0.001698 0.356160 0.001069 0.042560
0 0.001731 0.385280 0.001003 0.027328
0 0.001752 0.411712 0.000960 0.031808
0 0.001773 0.435904 0.000918 0.044352
0 0.001799 0.512064 0.000866 0.038976
0 0.001867 0.404544 0.000730 0.032256
0 0.001915 0.376768 0.000633 0.021952
0 0.001917 0.392000 0.000630 0.015680
0 0.001927 0.404096 0.000611 0.017472
0 0.001924 0.412160 0.000617 0.014336
0 0.001918 0.435904 0.000628 0.015680
0 0.001913 0.448448 0.000637 0.013888
0 0.008558 0.383040 0.014135 0.090048
0 0.008589 0.427392 0.014073 0.112896
0 0.008552 0.600768 0.014146 0.175616
0 0.008852 0.678720 0.013547 0.091392
0 0.007890 0.136640 0.015470 0.175616
0 0.007919 0.136192 0.015413 0.189952
0 0.007950 0.133056 0.015350 0.209664
0 0.007981 0.142464 0.015288 0.211008
0 0.008020 0.150976 0.015211 0.210112
0 0.008059 0.159936 0.015133 0.213248
0 0.008107 0.172480 0.015036 0.211904
0 0.008830 0.843136 0.013590 0.112896
0 0.008641 0.480256 0.013969 0.113344
0 0.008766 0.818944 0.013718 0.173376
0 0.008820 0.655424 0.013610 0.099904
0 0.008790 0.629440 0.013669 0.104384
0 0.008695 0.744128 0.013859 0.172480
0 0.008730 0.568064 0.013790 0.105280
0 0.008625 0.672448 0.014000 0.170688
0 0.008693 0.529088 0.013864 0.102592
0 0.001913 0.458304 0.000638 0.016128
0 0.001908 0.480704 0.000649 0.014784
0 0.002087 0.562240 0.000291 0.014784
0 0.001894 0.466368 0.000676 0.013888
0 0.002007 0.541632 0.000451 0.015680
0 0.002004 0.551488 0.000455 0.015680
0 0.001992 0.559552 0.000480 0.025536
0 0.001998 0.572992 0.000468 0.015680
0 0.002060 0.520576 0.000345 0.013888
0 0.002056 0.531776 0.000353 0.014784
0 0.002054 0.538944 0.000355 0.012544
0 0.002052 0.547456 0.000360 0.014784
0 0.002050 0.554176 0.000365 0.014336
0 0.002047 0.563136 0.000369 0.014784
0 0.002041 0.568960 0.000381 0.014784
0 0.002043 0.578368 0.000379 0.014784
0 0.002038 0.594944 0.000389 0.014336
0 0.002044 0.611520 0.000376 0.013888
0 0.002051 0.588672 0.000362 0.012544
0 0.002060 0.557312 0.000344 0.012992
0 0.002089 0.550144 0.000286 0.014336
0 0.002008 0.529088 0.000449 0.017472
0 0.002010 0.517888 0.000444 0.021504
0 0.002016 0.506688 0.000432 0.016576
0 0.001950 0.497280 0.000565 0.019712
0 0.001896 0.456960 0.000673 0.017920
0 0.001902 0.445312 0.000661 0.014784
0 0.001970 0.431872 0.000524 0.016576
0 0.001966 0.443968 0.000531 0.019264
0 0.001963 0.452928 0.000539 0.019264
0 0.001959 0.476224 0.000547 0.016576
0 0.001955 0.488768 0.000555 0.015680
0 0.001949 0.511616 0.000566 0.013888
0 0.002025 0.516544 0.000414 0.026880
0 0.001948 0.521472 0.000569 0.014336
0 0.001982 0.449344 0.000500 0.025536
0 0.001972 0.480256 0.000521 0.016576
0 0.001969 0.488768 0.000527 0.017920
0 0.001966 0.502208 0.000533 0.016128
0 0.002022 0.499968 0.000420 0.012992
0 0.002021 0.483840 0.000422 0.017920
0 0.001335 0.084672 0.001795 0.008512
0 0.001336 0.074368 0.001792 0.007616
0 0.001337 0.065408 0.001791 0.007616
0 0.002120 0.581056 0.000224 0.014336
0 0.002147 0.643328 0.000170 0.032256
0 0.002135 0.684544 0.000193 0.033600
0 0.002130 0.677376 0.000204 0.014336
0 0.002126 0.692160 0.000212 0.014336
0 0.002136 0.660800 0.000193 0.012992
0 0.002139 0.645120 0.000186 0.014336
0 0.002149 0.609728 0.000167 0.014336
0 0.002105 0.672448 0.000255 0.013888
0 0.002098 0.655424 0.000269 0.014336
0 0.002100 0.646464 0.000263 0.012992
0 0.002105 0.630784 0.000254 0.014336
0 0.002115 0.633920 0.000233 0.012992
0 0.002118 0.624960 0.000228 0.011200
0 0.002120 0.617344 0.000225 0.013888
0 0.002112 0.607488 0.000241 0.016576
0 0.002121 0.608832 0.000221 0.013888
0 0.002124 0.602112 0.000216 0.014336
0 0.002174 0.638848 0.000117 0.016128
0 0.002175 0.650944 0.000114 0.016128
0 0.002173 0.659008 0.000117 0.013888
0 0.002068 0.872256 0.000328 0.025088
0 0.002081 0.831936 0.000302 0.019264
0 0.002077 0.849408 0.000310 0.020160
0 0.002074 0.857472 0.000316 0.018368
0 0.002095 0.847616 0.000274 0.017920
0 0.002094 0.865088 0.000277 0.023296
0 0.002088 0.874048 0.000288 0.017920
0 0.002085 0.891072 0.000295 0.019264
0 0.002132 0.887488 0.000200 0.016576
0 0.002171 0.667520 0.000122 0.013888
0 0.002136 0.846720 0.000192 0.053312
0 0.002137 0.847168 0.000191 0.018368
0 0.002172 0.696192 0.000120 0.021952
0 0.002180 0.663040 0.000104 0.032256
0 0.002159 0.706944 0.000146 0.017472
0 0.002162 0.700224 0.000140 0.014336
0 0.002167 0.674688 0.000130 0.017472
0 0.002131 0.592256 0.000203 0.014784
0 0.002114 0.598976 0.000236 0.014336
0 0.002100 0.839552 0.000265 0.024640
0 0.001839 0.637952 0.000785 0.040768
0 0.001405 0.472640 0.001655 0.019264
0 0.001411 0.472192 0.001642 0.008960
0 0.001413 0.466368 0.001638 0.007168
0 0.001414 0.453824 0.001636 0.006720
0 0.001412 0.448000 0.001640 0.009408
0 0.001407 0.450688 0.001650 0.017472
0 0.001401 0.439488 0.001662 0.017472
0 0.001398 0.437696 0.001668 0.014784
0 0.001395 0.435008 0.001674 0.014336
0 0.001392 0.431424 0.001680 0.015680
0 0.001392 0.384832 0.001680 0.010304
0 0.001405 0.388864 0.001655 0.010752
0 0.001403 0.397824 0.001657 0.009408
0 0.001402 0.404544 0.001661 0.009408
0 0.001423 0.483392 0.001618 0.014336
0 0.001426 0.483392 0.001611 0.014784
0 0.001430 0.483392 0.001605 0.017920
0 0.001402 0.472640 0.001661 0.017920
0 0.001398 0.469952 0.001668 0.015680
0 0.001395 0.466368 0.001674 0.016128
0 0.001876 0.557760 0.000711 0.043008
0 0.001866 0.649152 0.000732 0.015680
0 0.001866 0.634816 0.000733 0.022848
0 0.001856 0.614656 0.000752 0.035840
0 0.001862 0.597184 0.000739 0.034496
0 0.001878 0.588224 0.000707 0.020160
0 0.001897 0.595392 0.000671 0.026880
0 0.001903 0.565376 0.000658 0.031808
0 0.001883 0.540736 0.000699 0.034496
0 0.001392 0.463680 0.001680 0.018368
0 0.001377 0.427392 0.001711 0.021952
0 0.001377 0.457856 0.001710 0.019712
0 0.001371 0.423360 0.001722 0.017920
0 0.001366 0.448448 0.001733 0.016576
0 0.001369 0.448896 0.001726 0.014784
0 0.001375 0.456512 0.001715 0.013888
0 0.001388 0.462784 0.001688 0.020160
0 0.002082 0.823872 0.000300 0.019712
0 0.002096 0.781760 0.000272 0.020160
0 0.001350 0.068992 0.001764 0.007616
0 0.001425 0.089152 0.001615 0.010752
0 0.001370 0.254016 0.001724 0.014784
0 0.001378 0.230720 0.001709 0.008960
0 0.001415 0.227136 0.001634 0.008960
0 0.001418 0.216832 0.001627 0.009408
0 0.001417 0.202944 0.001630 0.010304
0 0.001419 0.192640 0.001626 0.008960
0 0.001418 0.177408 0.001628 0.012096
0 0.001434 0.180544 0.001596 0.010752
0 0.001434 0.168448 0.001595 0.014336
0 0.001420 0.166208 0.001624 0.010752
0 0.001419 0.151872 0.001625 0.010304
0 0.001421 0.140672 0.001623 0.011200
0 0.001439 0.131264 0.001587 0.010752
0 0.001436 0.155456 0.001593 0.011200
0 0.001441 0.081088 0.001582 0.012992
0 0.001438 0.064960 0.001588 0.012992
0 0.001425 0.062720 0.001615 0.010752
0 0.001367 0.215040 0.001731 0.008512
0 0.001367 0.205632 0.001729 0.007616
0 0.001382 0.194432 0.001701 0.012544
0 0.001387 0.105280 0.001691 0.013888
0 0.001351 0.046144 0.001763 0.008512
0 0.001338 0.043008 0.001787 0.009408
0 0.001388 0.053312 0.001689 0.014784
0 0.001388 0.080640 0.001688 0.012096
0 0.001375 0.078848 0.001714 0.007168
0 0.001376 0.088256 0.001712 0.009408
0 0.001373 0.103040 0.001718 0.008960
0 0.001388 0.117376 0.001689 0.010304
0 0.001381 0.182784 0.001702 0.012096
0 0.001372 0.113344 0.001721 0.008960
0 0.001385 0.132160 0.001694 0.012096
0 0.001384 0.144704 0.001696 0.012544
0 0.001372 0.139328 0.001721 0.010752
0 0.001373 0.155456 0.001718 0.008512
0 0.001385 0.157248 0.001695 0.008512
0 0.001369 0.179648 0.001726 0.008512
0 0.001424 0.075712 0.001617 0.010304
0 0.001423 0.100800 0.001618 0.010304
0 0.002096 0.769216 0.000272 0.026432
0 0.001878 0.678272 0.000708 0.036288
0 0.002041 0.727104 0.000381 0.016576
0 0.002036 0.745024 0.000392 0.025088
0 0.002022 0.727104 0.000420 0.021952
0 0.002020 0.738752 0.000424 0.021952
0 0.002015 0.753088 0.000434 0.019264
0 0.002012 0.761152 0.000441 0.021056
0 0.002008 0.779072 0.000449 0.017472
0 0.002026 0.779072 0.000413 0.021056
0 0.002021 0.794752 0.000422 0.019712
0 0.002015 0.821184 0.000434 0.021056
0 0.002002 0.804160 0.000461 0.018368
0 0.002005 0.789376 0.000454 0.021056
0 0.002098 0.742336 0.000269 0.028672
0 0.002119 0.763392 0.000226 0.026432
0 0.002117 0.771456 0.000230 0.019712
0 0.002112 0.787136 0.000241 0.021056
0 0.002112 0.799680 0.000241 0.023744
0 0.002046 0.717248 0.000372 0.019712
0 0.002047 0.701120 0.000369 0.019264
0 0.002053 0.693504 0.000358 0.026432
0 0.001957 0.694400 0.000551 0.019712
0 0.001880 0.652736 0.000704 0.027328
0 0.001885 0.637504 0.000695 0.025088
0 0.001941 0.678720 0.000582 0.021952
0 0.001953 0.721728 0.000559 0.026880
0 0.001927 0.728000 0.000611 0.024640
0 0.001931 0.714560 0.000602 0.023744
0 0.001936 0.705600 0.000591 0.021056
0 0.001968 0.656768 0.000528 0.029120
0 0.002025 0.709632 0.000415 0.021504
0 0.001971 0.642880 0.000523 0.021504
0 0.001977 0.627648 0.000511 0.018368
0 0.001956 0.627200 0.000553 0.020160
0 0.001953 0.636608 0.000559 0.025088
0 0.002037 0.676928 0.000390 0.022848
0 0.002027 0.684096 0.000410 0.035392
0 0.002028 0.699776 0.000408 0.025536
0 0.007864 0.139328 0.015522 0.159936
