0 0.016622 0.955136 0.029256 0.025088
0 0.001792 0.278208 0.000879 0.021952
0 0.001875 0.334208 0.000714 0.028672
0 0.001859 0.335552 0.000747 0.026432
0 0.001858 0.307328 0.000748 0.024192
0 0.001847 0.310912 0.000771 0.021056
0 0.001833 0.342720 0.000798 0.031360
0 0.001837 0.310464 0.000791 0.026880
0 0.001825 0.314496 0.000814 0.022848
0 0.001813 0.348096 0.000839 0.030464
0 0.001803 0.318976 0.000858 0.026880
0 0.001802 0.275520 0.000861 0.021952
0 0.001781 0.280896 0.000902 0.022848
0 0.002070 0.217728 0.000325 0.011200
0 0.001795 0.322560 0.000873 0.025088
0 0.001789 0.356160 0.000885 0.030464
0 0.001785 0.324800 0.000895 0.025536
0 0.001771 0.283584 0.000922 0.023744
0 0.001777 0.356608 0.000910 0.030464
0 0.001765 0.327488 0.000934 0.025536
0 0.001761 0.286272 0.000942 0.021952
0 0.001755 0.330176 0.000955 0.025088
0 0.001746 0.333760 0.000971 0.023296
0 0.001749 0.290752 0.000967 0.022848
0 0.001867 0.304192 0.000729 0.025088
0 0.001870 0.302400 0.000724 0.021952
0 0.001878 0.331520 0.000708 0.028224
0 0.001854 0.391552 0.000757 0.012544
0 0.001428 0.467712 0.001608 0.013888
0 0.001447 0.427392 0.001571 0.018368
0 0.011411 0.504000 0.021821 0.018368
0 0.002147 0.339584 0.000170 0.015680
0 0.002135 0.366016 0.000195 0.009408
0 0.002079 0.417984 0.000306 0.009408
0 0.002062 0.410816 0.000340 0.030464
0 0.002016 0.390656 0.000433 0.043456
0 0.001991 0.413056 0.000483 0.008512
0 0.001946 0.426048 0.000572 0.016576
0 0.001954 0.405440 0.000557 0.018368
0 0.001972 0.381248 0.000521 0.034944
0 0.001959 0.377216 0.000545 0.028672
0 0.001954 0.300160 0.000556 0.036736
0 0.001943 0.314944 0.000578 0.026880
0 0.001922 0.323008 0.000620 0.030912
0 0.001902 0.325696 0.000660 0.029568
0 0.001874 0.420672 0.000717 0.015680
0 0.001876 0.406336 0.000712 0.011200
0 0.001838 0.423360 0.000789 0.013440
0 0.001846 0.413504 0.000772 0.012992
0 0.001746 0.366912 0.000973 0.030464
0 0.001738 0.334208 0.000989 0.025536
0 0.001737 0.293888 0.000990 0.023296
0 0.011650 0.296128 0.021343 0.012096
0 0.011638 0.291200 0.021366 0.010752
0 0.011615 0.297920 0.021413 0.007168
0 0.011617 0.292096 0.021409 0.006272
0 0.011619 0.285824 0.021404 0.006272
0 0.011619 0.279552 0.021405 0.005824
0 0.001539 0.314048 0.001386 0.019264
0 0.001529 0.313600 0.001406 0.019264
0 0.001519 0.313600 0.001427 0.018816
0 0.001509 0.313152 0.001447 0.017920
0 0.001496 0.314944 0.001472 0.018368
0 0.011577 0.289408 0.021488 0.005376
0 0.011582 0.283136 0.021479 0.005376
0 0.011562 0.288960 0.021519 0.007168
0 0.011567 0.282240 0.021508 0.005376
0 0.001486 0.315392 0.001492 0.017920
0 0.001469 0.317632 0.001526 0.010304
0 0.001467 0.309120 0.001531 0.015232
0 0.001471 0.299712 0.001523 0.008064
0 0.011512 0.282240 0.021618 0.010752
0 0.011493 0.296576 0.021657 0.013440
0 0.001720 0.275520 0.001025 0.005824
0 0.011644 0.294784 0.021355 0.011200
0 0.011673 0.296576 0.021297 0.010304
0 0.001717 0.340480 0.001029 0.026432
0 0.001481 0.356608 0.001503 0.009408
0 0.001719 0.291648 0.001027 0.026432
0 0.001702 0.341824 0.001060 0.025088
0 0.001689 0.343168 0.001086 0.027776
0 0.001656 0.329280 0.001152 0.012992
0 0.001634 0.343616 0.001197 0.013440
0 0.001606 0.404992 0.001252 0.034496
0 0.001584 0.412608 0.001297 0.017920
0 0.001564 0.423360 0.001336 0.021952
0 0.001545 0.355712 0.001375 0.012096
0 0.001532 0.353472 0.001401 0.018368
0 0.001510 0.389312 0.001445 0.013888
0 0.001510 0.375872 0.001445 0.013888
0 0.001509 0.366016 0.001447 0.015232
0 0.001504 0.354816 0.001457 0.009408
0 0.001476 0.397824 0.001513 0.008512
0 0.001450 0.415296 0.001565 0.013440
0 0.001455 0.407232 0.001555 0.015232
0 0.001460 0.396032 0.001545 0.013440
0 0.001462 0.387520 0.001540 0.013440
0 0.001464 0.377216 0.001536 0.013440
0 0.001477 0.370944 0.001510 0.009856
0 0.001441 0.439488 0.001582 0.019264
0 0.001437 0.462336 0.001590 0.021952
0 0.001405 0.519232 0.001654 0.040320
0 0.001725 0.488320 0.001014 0.014784
0 0.001735 0.471296 0.000995 0.012992
0 0.001737 0.460992 0.000990 0.012096
0 0.001741 0.452480 0.000983 0.012096
0 0.001752 0.423808 0.000961 0.007616
0 0.001746 0.433216 0.000973 0.010304
0 0.001765 0.455616 0.000935 0.017920
0 0.001768 0.445312 0.000929 0.016128
0 0.001779 0.435456 0.000905 0.006272
0 0.001759 0.423360 0.000946 0.010304
0 0.001648 0.555520 0.001169 0.012096
0 0.001651 0.546112 0.001162 0.013440
0 0.001654 0.536704 0.001157 0.012096
0 0.001660 0.529088 0.001145 0.013440
0 0.001627 0.542528 0.001211 0.012096
0 0.001629 0.534464 0.001206 0.012992
0 0.001632 0.526400 0.001200 0.012544
0 0.001636 0.517888 0.001192 0.012992
0 0.001634 0.509376 0.001196 0.013440
0 0.001660 0.518784 0.001144 0.011200
0 0.001663 0.510720 0.001139 0.009856
0 0.001666 0.501312 0.001132 0.013440
0 0.001729 0.479360 0.001007 0.010304
0 0.001723 0.497280 0.001019 0.012096
0 0.001673 0.482496 0.001119 0.013440
0 0.001754 0.484736 0.000956 0.013440
0 0.001867 0.432768 0.000729 0.014784
0 0.001821 0.482048 0.000822 0.014784
0 0.001821 0.471296 0.000823 0.012096
0 0.001826 0.462336 0.000812 0.013888
0 0.001830 0.452032 0.000804 0.010304
0 0.001831 0.441728 0.000803 0.014784
0 0.001838 0.433216 0.000789 0.013440
0 0.001728 0.561792 0.001008 0.013440
0 0.001696 0.560896 0.001073 0.012544
0 0.001703 0.551040 0.001059 0.011200
0 0.001705 0.543424 0.001054 0.012992
0 0.001710 0.533568 0.001043 0.011200
0 0.001729 0.551488 0.001006 0.013888
0 0.001733 0.542528 0.000997 0.011200
0 0.001714 0.525952 0.001036 0.013888
0 0.001715 0.515648 0.001035 0.009856
0 0.001719 0.507136 0.001026 0.013888
0 0.001738 0.531776 0.000988 0.011200
0 0.001742 0.524160 0.000981 0.012544
0 0.001744 0.512064 0.000976 0.012544
0 0.001748 0.504000 0.000969 0.013440
0 0.001670 0.492352 0.001125 0.009856
0 0.001677 0.473984 0.001111 0.012096
0 0.001402 0.545664 0.001660 0.011200
0 0.001550 0.516096 0.001365 0.016128
0 0.001563 0.494144 0.001337 0.014784
0 0.001565 0.483840 0.001334 0.016576
0 0.001566 0.476672 0.001333 0.015232
0 0.001468 0.558656 0.001529 0.014784
0 0.001439 0.564480 0.001586 0.010304
0 0.001441 0.557760 0.001582 0.010752
0 0.001448 0.543872 0.001568 0.010304
0 0.001445 0.535808 0.001575 0.011200
0 0.001452 0.529088 0.001559 0.009856
0 0.001456 0.522368 0.001552 0.010304
0 0.001476 0.537600 0.001513 0.015680
0 0.001463 0.501312 0.001539 0.009408
0 0.001461 0.508032 0.001543 0.012096
0 0.001480 0.517888 0.001504 0.017920
0 0.001484 0.506688 0.001496 0.012992
0 0.001529 0.435904 0.001407 0.025536
0 0.001508 0.438144 0.001448 0.028672
0 0.001459 0.491008 0.001546 0.016128
0 0.001394 0.566720 0.001676 0.010304
0 0.001401 0.560448 0.001663 0.011200
0 0.001399 0.552832 0.001667 0.009856
0 0.001558 0.505344 0.001348 0.017472
0 0.001559 0.426048 0.001346 0.025536
0 0.001701 0.450240 0.001062 0.009856
0 0.001550 0.429632 0.001365 0.025536
0 0.001679 0.462784 0.001107 0.009408
0 0.001648 0.484736 0.001169 0.012544
0 0.001646 0.476672 0.001172 0.012544
0 0.001650 0.467264 0.001165 0.013440
0 0.001658 0.459200 0.001149 0.009408
0 0.001662 0.448896 0.001140 0.013440
0 0.001568 0.566272 0.001329 0.010752
0 0.001571 0.558208 0.001323 0.012096
0 0.001573 0.550144 0.001317 0.011200
0 0.001576 0.541184 0.001311 0.012544
0 0.001582 0.533120 0.001300 0.010752
0 0.001588 0.516544 0.001289 0.012544
0 0.001590 0.507136 0.001284 0.012096
0 0.001569 0.464128 0.001326 0.013888
0 0.001595 0.499520 0.001275 0.011200
0 0.001598 0.482944 0.001268 0.011200
0 0.001606 0.476224 0.001252 0.006272
0 0.001537 0.556864 0.001391 0.014784
0 0.001536 0.547456 0.001392 0.015680
0 0.001548 0.537152 0.001368 0.015680
0 0.001547 0.526400 0.001370 0.016128
0 0.001738 0.266112 0.000989 0.019264
0 0.001484 0.279552 0.001497 0.005824
0 0.011515 0.256704 0.021612 0.013888
0 0.001802 0.014336 0.000859 0.010304
0 0.001782 0.042560 0.000899 0.032256
0 0.001785 0.110656 0.000895 0.029568
0 0.001775 0.142016 0.000915 0.025536
0 0.001769 0.137088 0.000927 0.022848
0 0.001765 0.101248 0.000934 0.026880
0 0.001753 0.094528 0.000957 0.029120
0 0.001743 0.160832 0.000977 0.013440
0 0.001743 0.138432 0.000979 0.008064
0 0.001732 0.167104 0.001000 0.004928
0 0.001731 0.163520 0.001002 0.004928
0 0.001731 0.159040 0.001002 0.004928
0 0.001732 0.150528 0.001001 0.004928
0 0.001731 0.142016 0.001002 0.005824
0 0.001729 0.114240 0.001007 0.005376
0 0.001729 0.110208 0.001007 0.003136
0 0.001729 0.107520 0.001006 0.003584
0 0.001741 0.010752 0.000982 0.013440
0 0.001732 0.017920 0.001001 0.009856
0 0.001728 0.031360 0.001008 0.008512
0 0.001723 0.040320 0.001018 0.008512
0 0.001720 0.048384 0.001025 0.009408
0 0.001798 0.047488 0.000869 0.028224
0 0.001813 0.015232 0.000839 0.029568
0 0.001712 0.066752 0.001040 0.014784
0 0.001809 0.052864 0.000846 0.028672
0 0.001910 0.061824 0.000644 0.005824
0 0.001926 0.038528 0.000613 0.008064
0 0.001916 0.055552 0.000633 0.009408
0 0.001885 0.096768 0.000694 0.020608
0 0.001889 0.051072 0.000687 0.034944
0 0.001873 0.085120 0.000718 0.030912
0 0.001858 0.080640 0.000748 0.034496
0 0.001876 0.042560 0.000712 0.036736
0 0.001852 0.073024 0.000760 0.028672
0 0.001840 0.068544 0.000784 0.032256
0 0.001851 0.031808 0.000763 0.034496
0 0.001837 0.135296 0.000791 0.028672
0 0.001826 0.129920 0.000812 0.030912
0 0.001815 0.155008 0.000835 0.011200
0 0.001816 0.124544 0.000832 0.030464
0 0.001801 0.154112 0.000863 0.023744
0 0.001795 0.146944 0.000873 0.018816
0 0.001808 0.121856 0.000849 0.027776
0 0.001840 0.024640 0.000785 0.030912
0 0.001825 0.019712 0.000813 0.037184
0 0.001820 0.057344 0.000824 0.028672
0 0.001715 0.057792 0.001035 0.012992
0 0.001712 0.078848 0.001040 0.009408
0 0.001915 0.068544 0.000635 0.005824
0 0.011608 0.163072 0.021427 0.012544
0 0.011599 0.105280 0.021446 0.012544
0 0.011597 0.046592 0.021448 0.009856
0 0.010493 0.086912 0.019192 0.018816
0 0.008819 0.377216 0.013611 0.079296
0 0.016709 0.457856 0.029082 0.012096
0 0.008851 0.224448 0.013547 0.046592
0 0.008752 0.199360 0.013747 0.070336
0 0.008713 0.027776 0.013824 0.054208
0 0.008120 0.422016 0.015010 0.117376
0 0.008438 0.247744 0.014375 0.103936
0 0.008449 0.205184 0.014353 0.056000
0 0.008479 0.128576 0.014291 0.165760
0 0.008538 0.051968 0.014174 0.102592
0 0.008427 0.325696 0.014396 0.117376
0 0.008527 0.577024 0.014196 0.357504
0 0.008668 0.387072 0.013915 0.061824
0 0.008356 0.652736 0.014538 0.544320
0 0.008267 0.668416 0.014716 0.510720
0 0.008194 0.670208 0.014861 0.455616
0 0.008119 0.664832 0.015011 0.423808
0 0.008036 0.673344 0.015178 0.348096
0 0.010503 0.094976 0.019173 0.022848
0 0.011633 0.126336 0.021377 0.012992
0 0.011754 0.050624 0.021135 0.012992
0 0.011634 0.131712 0.021375 0.012992
0 0.011762 0.030912 0.021119 0.012544
0 0.011739 0.006720 0.021165 0.011200
0 0.011733 0.010304 0.021178 0.012096
0 0.011726 0.015680 0.021192 0.012096
0 0.001634 0.133952 0.001196 0.008064
0 0.011698 0.110656 0.021246 0.007616
0 0.011710 0.100352 0.021224 0.006272
0 0.011713 0.093632 0.021218 0.005824
0 0.011724 0.077056 0.021194 0.005824
0 0.011716 0.088256 0.021211 0.006272
0 0.011711 0.073920 0.021221 0.005376
0 0.011716 0.068992 0.021212 0.004928
0 0.011720 0.063168 0.021204 0.005376
0 0.011695 0.048384 0.021253 0.012544
0 0.011672 0.067648 0.021298 0.016128
0 0.011669 0.073472 0.021305 0.012992
0 0.011665 0.079296 0.021313 0.015232
0 0.011667 0.084672 0.021309 0.012992
0 0.011658 0.094528 0.021326 0.010752
0 0.010538 0.029120 0.019102 0.020160
0 0.011638 0.047936 0.021368 0.013440
0 0.001903 0.084224 0.000657 0.006272
0 0.001921 0.137088 0.000623 0.033152
0 0.001493 0.267008 0.001479 0.006272
0 0.001625 0.172032 0.001215 0.010304
0 0.011691 0.237440 0.021260 0.008064
0 0.011701 0.230720 0.021240 0.005376
0 0.011704 0.224448 0.021235 0.006272
0 0.011705 0.214144 0.021233 0.007168
0 0.011707 0.206976 0.021230 0.007616
0 0.001762 0.263424 0.000941 0.017472
0 0.001770 0.259392 0.000924 0.018368
0 0.001781 0.258496 0.000903 0.017472
0 0.001747 0.236544 0.000970 0.018816
0 0.001732 0.175616 0.001001 0.007168
0 0.001735 0.194432 0.000995 0.009856
0 0.001741 0.190400 0.000982 0.025088
0 0.001756 0.208768 0.000951 0.017920
0 0.001756 0.225792 0.000953 0.015232
0 0.001767 0.205184 0.000930 0.018368
0 0.001775 0.202048 0.000915 0.021952
0 0.001784 0.254912 0.000897 0.018816
0 0.001798 0.254912 0.000869 0.014784
0 0.001804 0.251776 0.000856 0.017920
0 0.001788 0.228032 0.000889 0.007168
0 0.001787 0.218176 0.000891 0.016576
0 0.001619 0.175616 0.001226 0.007168
0 0.001614 0.168448 0.001236 0.010304
0 0.001811 0.272832 0.000843 0.021504
0 0.011677 0.220416 0.021290 0.012096
0 0.011551 0.247744 0.021541 0.005376
0 0.011569 0.275520 0.021505 0.005376
0 0.011573 0.269248 0.021498 0.004928
0 0.011576 0.263424 0.021490 0.005376
0 0.011584 0.277312 0.021474 0.006272
0 0.011592 0.265216 0.021460 0.005376
0 0.011581 0.257152 0.021481 0.004928
0 0.011612 0.239232 0.021420 0.007168
0 0.011584 0.196672 0.021475 0.009856
0 0.011554 0.197120 0.021535 0.011200
0 0.011556 0.168000 0.021532 0.010752
0 0.011593 0.185920 0.021457 0.012096
0 0.011597 0.180096 0.021448 0.010304
0 0.011599 0.173376 0.021444 0.012544
0 0.011614 0.211456 0.021415 0.006272
0 0.011618 0.231616 0.021407 0.005824
0 0.011656 0.227584 0.021331 0.010752
0 0.011660 0.221760 0.021323 0.011200
0 0.011664 0.238784 0.021316 0.012096
0 0.011669 0.233408 0.021305 0.011200
0 0.011673 0.226688 0.021297 0.011200
0 0.001793 0.198912 0.000878 0.018368
0 0.001822 0.247296 0.000820 0.017920
0 0.001936 0.120960 0.000593 0.007168
0 0.001904 0.296128 0.000656 0.021952
0 0.001876 0.251328 0.000712 0.026880
0 0.001920 0.290304 0.000624 0.023744
0 0.001926 0.289856 0.000611 0.020608
0 0.001933 0.287168 0.000598 0.023296
0 0.001884 0.170688 0.000696 0.018368
0 0.001883 0.219968 0.000699 0.019264
0 0.001895 0.170688 0.000675 0.020608
0 0.001884 0.248192 0.000696 0.024192
0 0.001894 0.246848 0.000676 0.026880
0 0.001899 0.215936 0.000666 0.021056
0 0.001907 0.168448 0.000650 0.019264
0 0.001946 0.286272 0.000571 0.019264
0 0.001908 0.243712 0.000649 0.022848
0 0.001919 0.239232 0.000627 0.026432
0 0.001927 0.210112 0.000610 0.020608
0 0.001936 0.205632 0.000593 0.021056
0 0.001921 0.170688 0.000623 0.018816
0 0.001947 0.235200 0.000570 0.025984
0 0.001947 0.208320 0.000570 0.021952
0 0.002029 0.011200 0.000407 0.020160
0 0.001932 0.141568 0.000600 0.044352
0 0.001906 0.293888 0.000652 0.022848
0 0.001873 0.172032 0.000719 0.021056
0 0.001802 0.194880 0.000861 0.017920
0 0.001887 0.296576 0.000689 0.023744
0 0.001811 0.193984 0.000843 0.015680
0 0.001824 0.271040 0.000816 0.021056
0 0.001831 0.245504 0.000803 0.016128
0 0.001839 0.241472 0.000786 0.016128
0 0.001832 0.267904 0.000800 0.021952
0 0.001843 0.266112 0.000779 0.021504
0 0.001848 0.241024 0.000768 0.017472
0 0.001818 0.212352 0.000829 0.012992
0 0.001819 0.202496 0.000826 0.011200
0 0.001819 0.161728 0.000826 0.024192
0 0.001826 0.164864 0.000812 0.022848
0 0.001836 0.167552 0.000792 0.020608
0 0.001841 0.172032 0.000781 0.021056
0 0.001852 0.174720 0.000760 0.018816
0 0.001846 0.140224 0.000772 0.030464
0 0.001856 0.146944 0.000753 0.027776
0 0.001852 0.262528 0.000760 0.021056
0 0.001863 0.172032 0.000739 0.017920
0 0.001866 0.258496 0.000732 0.018816
0 0.001863 0.231168 0.000738 0.025536
0 0.001880 0.299712 0.000704 0.021056
0 0.001855 0.463232 0.000754 0.016128
0 0.001851 0.475328 0.000763 0.016128
0 0.001849 0.486080 0.000766 0.017920
0 0.001436 0.829248 0.001592 0.015232
0 0.001452 0.776832 0.001560 0.016128
0 0.001465 0.766976 0.001533 0.013888
0 0.001464 0.755776 0.001536 0.015680
0 0.001464 0.745024 0.001536 0.017472
0 0.001473 0.736064 0.001518 0.015680
0 0.001474 0.724416 0.001517 0.013440
0 0.001478 0.809984 0.001509 0.011200
0 0.001481 0.802816 0.001503 0.009408
0 0.001487 0.793856 0.001491 0.010752
0 0.001487 0.785792 0.001490 0.012096
0 0.001492 0.768320 0.001480 0.011200
0 0.001496 0.760256 0.001473 0.013440
0 0.001499 0.752192 0.001466 0.010304
0 0.001504 0.743680 0.001455 0.012096
0 0.001504 0.734720 0.001455 0.013440
0 0.001508 0.726656 0.001448 0.013440
0 0.001512 0.844480 0.001440 0.010752
0 0.001514 0.835968 0.001437 0.012544
0 0.001519 0.827456 0.001426 0.012096
0 0.001538 0.845376 0.001388 0.012992
0 0.001540 0.836864 0.001383 0.013440
0 0.001458 0.788032 0.001549 0.013440
0 0.001431 0.839552 0.001602 0.013440
0 0.001526 0.810432 0.001413 0.010752
0 0.001474 0.819392 0.001517 0.009856
0 0.001764 0.882112 0.000937 0.020608
0 0.001771 0.871808 0.000923 0.018368
0 0.001781 0.861952 0.000902 0.017472
0 0.010736 0.956928 0.018707 0.008512
0 0.001846 0.900480 0.000772 0.025984
0 0.001861 0.900480 0.000741 0.025088
0 0.001890 0.891968 0.000683 0.017472
0 0.001367 0.763392 0.001729 0.010752
0 0.001369 0.755776 0.001726 0.009408
0 0.001371 0.748160 0.001722 0.010752
0 0.001379 0.727104 0.001707 0.011200
0 0.001382 0.720384 0.001701 0.011200
0 0.001380 0.788480 0.001705 0.014784
0 0.001383 0.778176 0.001697 0.014784
0 0.001394 0.757568 0.001676 0.015680
0 0.001395 0.745024 0.001674 0.015232
0 0.001399 0.736960 0.001667 0.015232
0 0.001405 0.725760 0.001654 0.017472
0 0.001465 0.844928 0.001533 0.012096
0 0.001468 0.836864 0.001529 0.012544
0 0.001474 0.827904 0.001516 0.010304
0 0.001523 0.818944 0.001418 0.012096
0 0.001529 0.802368 0.001406 0.011200
0 0.001742 0.903168 0.000981 0.017920
0 0.001602 0.814912 0.001261 0.013440
0 0.001613 0.796992 0.001238 0.012544
0 0.001615 0.788032 0.001234 0.012544
0 0.001618 0.778176 0.001228 0.012992
0 0.001621 0.769664 0.001222 0.012992
0 0.001625 0.759808 0.001213 0.012544
0 0.001627 0.750848 0.001211 0.012096
0 0.001632 0.743232 0.001199 0.012992
0 0.001634 0.732928 0.001197 0.013888
0 0.001641 0.724864 0.001183 0.012096
0 0.001643 0.715008 0.001179 0.012992
0 0.001647 0.774144 0.001170 0.012544
0 0.001653 0.764736 0.001158 0.013440
0 0.001654 0.755328 0.001156 0.012096
0 0.001661 0.744576 0.001143 0.013440
0 0.001664 0.735616 0.001136 0.015680
0 0.001665 0.726656 0.001134 0.016576
0 0.001671 0.716352 0.001121 0.015680
0 0.001683 0.838656 0.001099 0.014784
0 0.001689 0.828800 0.001086 0.015680
0 0.001721 0.845824 0.001022 0.012096
0 0.001722 0.837312 0.001020 0.015232
0 0.001606 0.805504 0.001252 0.012544
0 0.001602 0.823424 0.001261 0.012096
0 0.001533 0.793856 0.001398 0.011200
0 0.001643 0.802816 0.001178 0.012096
0 0.001539 0.776832 0.001386 0.011200
0 0.001545 0.761152 0.001374 0.013888
0 0.001545 0.742784 0.001374 0.012544
0 0.001550 0.736064 0.001363 0.011200
0 0.001556 0.727104 0.001352 0.012992
0 0.001556 0.718144 0.001353 0.014784
0 0.001549 0.818496 0.001367 0.014784
0 0.001553 0.809536 0.001357 0.013440
0 0.001561 0.790720 0.001342 0.015232
0 0.001566 0.772800 0.001331 0.013888
0 0.001568 0.763840 0.001328 0.012096
0 0.001571 0.753536 0.001322 0.015232
0 0.001575 0.746368 0.001314 0.014784
0 0.001584 0.727552 0.001296 0.012992
0 0.001590 0.718144 0.001284 0.012544
0 0.001591 0.709632 0.001283 0.012544
0 0.001596 0.841792 0.001271 0.009856
0 0.001623 0.841344 0.001218 0.014784
0 0.001628 0.832384 0.001209 0.012544
0 0.001630 0.822080 0.001205 0.015232
0 0.001633 0.813120 0.001198 0.012544
0 0.001750 0.891968 0.000964 0.019264
0 0.001739 0.963200 0.000986 0.028224
0 0.001699 0.810432 0.001067 0.013440
0 0.011328 0.953344 0.021987 0.008512
0 0.001245 0.932288 0.001974 0.018368
0 0.001214 0.955136 0.002036 0.016128
0 0.001303 0.822080 0.001858 0.010304
0 0.001303 0.814464 0.001858 0.011200
0 0.001308 0.807744 0.001849 0.012096
0 0.001309 0.799680 0.001846 0.009408
0 0.001311 0.793408 0.001843 0.009856
0 0.001316 0.786688 0.001832 0.010752
0 0.001316 0.779072 0.001832 0.010304
0 0.001319 0.771456 0.001826 0.010752
0 0.001321 0.764736 0.001823 0.011200
0 0.001324 0.757120 0.001817 0.010304
0 0.001326 0.750400 0.001812 0.011200
0 0.001331 0.736064 0.001802 0.009856
0 0.001340 0.826560 0.001785 0.010752
0 0.001347 0.812224 0.001771 0.011200
0 0.001352 0.805056 0.001761 0.012544
0 0.001357 0.791616 0.001749 0.010304
0 0.001359 0.784000 0.001747 0.010752
0 0.001363 0.777728 0.001739 0.011200
0 0.001374 0.857920 0.001716 0.014784
0 0.001259 0.886144 0.001946 0.017920
0 0.011341 0.977088 0.021960 0.014784
0 0.001367 0.830592 0.001730 0.016576
0 0.011352 0.929152 0.021939 0.009856
0 0.002093 0.227136 0.000277 0.012992
0 0.002178 0.248192 0.000107 0.012544
0 0.002149 0.241472 0.000166 0.011200
0 0.011539 0.931840 0.021565 0.011200
0 0.011533 0.929152 0.021577 0.012096
0 0.011525 0.926912 0.021593 0.010304
0 0.011518 0.923776 0.021606 0.012096
0 0.011511 0.921536 0.021620 0.012096
0 0.011479 0.910784 0.021685 0.015232
0 0.011472 0.907648 0.021698 0.011200
0 0.011438 0.950656 0.021767 0.011200
0 0.011423 0.947072 0.021796 0.012992
0 0.011438 0.897344 0.021768 0.012096
0 0.011402 0.976640 0.021839 0.008512
0 0.011410 0.944832 0.021822 0.010752
0 0.011399 0.938560 0.021846 0.015232
0 0.011396 0.981568 0.021850 0.008512
0 0.011381 0.990080 0.021880 0.007616
0 0.011383 0.938560 0.021878 0.015680
0 0.011371 0.969920 0.021901 0.012992
0 0.011376 0.936320 0.021892 0.012992
0 0.001361 0.840896 0.001742 0.012992
0 0.001371 0.819840 0.001722 0.015232
0 0.001711 0.856576 0.001042 0.011200
0 0.001582 0.878080 0.001301 0.012544
0 0.001585 0.859264 0.001295 0.013888
0 0.001592 0.851200 0.001281 0.013440
0 0.001592 0.914368 0.001280 0.037184
0 0.001615 0.903616 0.001235 0.010304
0 0.001608 0.890176 0.001249 0.016128
0 0.001611 0.870464 0.001242 0.014784
0 0.001617 0.859712 0.001230 0.012544
0 0.001680 0.961856 0.001104 0.007168
0 0.001635 0.917504 0.001193 0.021952
0 0.001664 0.896448 0.001137 0.012544
0 0.001664 0.887488 0.001137 0.013440
0 0.001673 0.877632 0.001119 0.010752
0 0.001673 0.868224 0.001118 0.013440
0 0.001676 0.848064 0.001113 0.015232
0 0.001688 0.953344 0.001088 0.007168
0 0.001695 0.899584 0.001074 0.008512
0 0.001697 0.891968 0.001071 0.012096
0 0.001703 0.875392 0.001059 0.013440
0 0.001713 0.865984 0.001039 0.013888
0 0.001706 0.935872 0.001053 0.007168
0 0.001713 0.927808 0.001038 0.008064
0 0.001585 0.869568 0.001295 0.012544
0 0.001578 0.888384 0.001308 0.012544
0 0.001377 0.799232 0.001710 0.014784
0 0.001564 0.904960 0.001336 0.014784
0 0.001419 0.857920 0.001625 0.016128
0 0.001431 0.850752 0.001602 0.015680
0 0.001448 0.879872 0.001569 0.010304
0 0.001454 0.869120 0.001556 0.010752
0 0.001458 0.861056 0.001548 0.012096
0 0.001463 0.853888 0.001539 0.010304
0 0.001490 0.893760 0.001485 0.013440
0 0.001493 0.884800 0.001479 0.014784
0 0.001502 0.877632 0.001460 0.010304
0 0.001504 0.869120 0.001457 0.012544
0 0.001503 0.861056 0.001458 0.012096
0 0.001507 0.852544 0.001451 0.012096
0 0.001520 0.903168 0.001425 0.013440
0 0.001522 0.891968 0.001420 0.012096
0 0.001531 0.862848 0.001402 0.012096
0 0.001534 0.854336 0.001396 0.011200
0 0.011584 0.943936 0.021475 0.010304
0 0.011592 0.945280 0.021459 0.009856
0 0.001551 0.913920 0.001362 0.014784
0 0.011630 0.958720 0.021383 0.009856
0 0.011633 0.963200 0.021376 0.012992
0 0.001725 0.826560 0.001014 0.020160
0 0.001704 0.800128 0.001056 0.012544
0 0.001812 0.500416 0.000840 0.015232
0 0.001421 0.683648 0.001623 0.017472
0 0.001435 0.642432 0.001594 0.014784
0 0.001438 0.632128 0.001589 0.013440
0 0.001448 0.623168 0.001568 0.016576
0 0.001448 0.611072 0.001568 0.015680
0 0.001449 0.600320 0.001566 0.016128
0 0.001453 0.590016 0.001558 0.017920
0 0.001460 0.579264 0.001545 0.014784
0 0.001461 0.569856 0.001542 0.016128
0 0.001385 0.713664 0.001695 0.009408
0 0.001389 0.706048 0.001687 0.012096
0 0.001393 0.692608 0.001677 0.009408
0 0.001394 0.684992 0.001676 0.009856
0 0.001397 0.678272 0.001670 0.009856
0 0.001402 0.671104 0.001660 0.009408
0 0.001404 0.664384 0.001656 0.010752
0 0.001405 0.657216 0.001654 0.011200
0 0.001409 0.649600 0.001645 0.010752
0 0.001416 0.628544 0.001631 0.011200
0 0.001421 0.621824 0.001622 0.010752
0 0.001421 0.614208 0.001623 0.011200
0 0.001423 0.607040 0.001618 0.010752
0 0.001431 0.653184 0.001602 0.012544
0 0.001417 0.694848 0.001630 0.016576
0 0.001436 0.578816 0.001592 0.009856
0 0.001414 0.704704 0.001637 0.015680
0 0.001544 0.642880 0.001376 0.012544
0 0.001546 0.624960 0.001373 0.012544
0 0.001556 0.599872 0.001353 0.011200
0 0.001559 0.592704 0.001346 0.012544
0 0.001560 0.582848 0.001343 0.010304
0 0.001564 0.574784 0.001336 0.012096
0 0.001479 0.715456 0.001506 0.016128
0 0.001487 0.693504 0.001490 0.017472
0 0.001490 0.682752 0.001484 0.016576
0 0.001490 0.671104 0.001485 0.017920
0 0.001499 0.661696 0.001466 0.013888
0 0.001504 0.651840 0.001455 0.016128
0 0.001531 0.630336 0.001402 0.008064
0 0.001512 0.640192 0.001441 0.011200
0 0.001512 0.631232 0.001441 0.017472
0 0.001514 0.620480 0.001437 0.016576
0 0.001520 0.599424 0.001425 0.016128
0 0.001524 0.589568 0.001415 0.015680
0 0.001530 0.577920 0.001405 0.015232
0 0.001533 0.567616 0.001398 0.018368
0 0.001409 0.715456 0.001645 0.013888
0 0.001428 0.592704 0.001608 0.011200
0 0.001435 0.572096 0.001594 0.009856
0 0.001530 0.667520 0.001404 0.011200
0 0.001949 0.560000 0.000567 0.008512
0 0.001935 0.542080 0.000594 0.034048
0 0.001960 0.509824 0.000544 0.036288
0 0.001948 0.506240 0.000569 0.033152
0 0.002001 0.445312 0.000463 0.030912
0 0.001988 0.441280 0.000489 0.030464
0 0.001974 0.438592 0.000516 0.032256
0 0.001896 0.563136 0.000673 0.018368
0 0.001902 0.554176 0.000661 0.014784
0 0.001905 0.521024 0.000655 0.020608
0 0.001928 0.512512 0.000609 0.012096
0 0.001919 0.501760 0.000627 0.015232
0 0.001926 0.480256 0.000611 0.015680
0 0.001929 0.469952 0.000606 0.016576
0 0.001941 0.459648 0.000583 0.012992
0 0.001940 0.448448 0.000584 0.016576
0 0.001787 0.567168 0.000890 0.010752
0 0.001791 0.559552 0.000882 0.012992
0 0.001793 0.548352 0.000878 0.013440
0 0.001798 0.539840 0.000869 0.012544
0 0.001802 0.530432 0.000859 0.011200
0 0.001834 0.518784 0.000796 0.016576
0 0.001949 0.543424 0.000565 0.030464
0 0.001962 0.548800 0.000539 0.031808
0 0.001337 0.721728 0.001791 0.009856
0 0.001977 0.551936 0.000511 0.025088
0 0.001346 0.701568 0.001772 0.010304
0 0.001349 0.694400 0.001767 0.009408
0 0.001351 0.687232 0.001762 0.010752
0 0.001356 0.680064 0.001753 0.009856
0 0.001359 0.666176 0.001746 0.008064
0 0.001361 0.659008 0.001742 0.011200
0 0.001364 0.652736 0.001736 0.010304
0 0.001366 0.645568 0.001732 0.012096
0 0.001369 0.637952 0.001727 0.012096
0 0.001371 0.629888 0.001722 0.010304
0 0.001374 0.623616 0.001716 0.010304
0 0.001376 0.616000 0.001713 0.010752
0 0.001378 0.609280 0.001708 0.010304
0 0.001382 0.602112 0.001701 0.012096
0 0.001384 0.595392 0.001696 0.009408
0 0.001387 0.588224 0.001690 0.010752
0 0.001389 0.581056 0.001686 0.010752
0 0.001392 0.574336 0.001681 0.010304
0 0.016592 0.484288 0.029315 0.016128
0 0.012239 0.482944 0.020165 0.011200
0 0.012240 0.471744 0.020164 0.006272
0 0.001534 0.659008 0.001396 0.013440
0 0.001527 0.676032 0.001409 0.012544
0 0.001704 0.790720 0.001056 0.015232
0 0.001866 0.649600 0.000733 0.016576
0 0.001874 0.628544 0.000717 0.017920
0 0.001877 0.619136 0.000711 0.016128
0 0.001882 0.595840 0.000700 0.016128
0 0.001888 0.585984 0.000688 0.018368
0 0.001890 0.575232 0.000683 0.016128
0 0.001799 0.615552 0.000866 0.017472
0 0.001805 0.604800 0.000855 0.017472
0 0.001810 0.594944 0.000844 0.018368
0 0.001738 0.702912 0.000988 0.012096
0 0.001745 0.683648 0.000975 0.012096
0 0.001752 0.676032 0.000960 0.009408
0 0.001753 0.663936 0.000958 0.012544
0 0.001755 0.655872 0.000954 0.013440
0 0.001759 0.646016 0.000946 0.012992
0 0.001764 0.636160 0.000937 0.016128
0 0.001764 0.626304 0.000937 0.012992
0 0.001771 0.617344 0.000923 0.012544
0 0.001772 0.607040 0.000920 0.013888
0 0.001776 0.597184 0.000912 0.012992
0 0.001778 0.586880 0.000908 0.015232
0 0.001785 0.578816 0.000895 0.014784
0 0.001870 0.639296 0.000724 0.015232
0 0.001859 0.660800 0.000747 0.017920
0 0.001646 0.697984 0.001172 0.013888
0 0.001855 0.671104 0.000754 0.016576
0 0.001706 0.780416 0.001052 0.012992
0 0.001712 0.771904 0.001040 0.015232
0 0.001714 0.760704 0.001036 0.011200
0 0.001717 0.751744 0.001030 0.009856
0 0.001727 0.732480 0.001010 0.013440
0 0.001730 0.721728 0.001003 0.011200
0 0.001734 0.713664 0.000996 0.013440
0 0.001760 0.744128 0.000944 0.023296
0 0.001767 0.714112 0.000930 0.021504
0 0.001769 0.703360 0.000925 0.017472
0 0.001832 0.726656 0.000800 0.006272
0 0.001825 0.733824 0.000813 0.020160
0 0.001841 0.711872 0.000783 0.016128
0 0.016504 0.814016 0.029492 0.028224
0 0.001933 0.762496 0.000598 0.033600
0 0.001945 0.729792 0.000575 0.033600
0 0.001970 0.663936 0.000525 0.033152
0 0.001982 0.632576 0.000499 0.026880
0 0.001844 0.703360 0.000776 0.016576
0 0.001845 0.691712 0.000774 0.018816
0 0.001851 0.681408 0.000763 0.017920
0 0.001645 0.706048 0.001173 0.012992
0 0.001653 0.687680 0.001159 0.012544
0 0.001523 0.684992 0.001418 0.010304
0 0.001617 0.637504 0.001231 0.010752
0 0.001621 0.619136 0.001222 0.011200
0 0.001625 0.608384 0.001213 0.012544
0 0.001631 0.590912 0.001202 0.013888
0 0.001637 0.582848 0.001190 0.010304
0 0.001639 0.572544 0.001186 0.013440
0 0.001565 0.702464 0.001334 0.012544
0 0.001566 0.693056 0.001331 0.012096
0 0.001577 0.676928 0.001310 0.009408
0 0.001579 0.668864 0.001307 0.013440
0 0.001582 0.660352 0.001301 0.012096
0 0.001585 0.652736 0.001295 0.011200
0 0.001587 0.643328 0.001290 0.012544
0 0.001593 0.635264 0.001278 0.011200
0 0.001596 0.618240 0.001271 0.013888
0 0.001600 0.592256 0.001264 0.013888
0 0.001609 0.584640 0.001245 0.013440
0 0.001612 0.577472 0.001241 0.012096
0 0.001621 0.559104 0.001223 0.011200
0 0.001514 0.717696 0.001435 0.012096
0 0.001517 0.710080 0.001431 0.010752
0 0.001521 0.692608 0.001422 0.010304
0 0.001619 0.627648 0.001226 0.013888
0 0.001608 0.663040 0.001249 0.012992
0 0.001673 0.705600 0.001119 0.012992
0 0.001604 0.673792 0.001256 0.013440
0 0.001676 0.697088 0.001112 0.013440
0 0.001653 0.678720 0.001159 0.013888
0 0.001679 0.687232 0.001106 0.012992
0 0.001660 0.650944 0.001144 0.010304
0 0.001686 0.667520 0.001092 0.016576
0 0.001694 0.659008 0.001075 0.014784
0 0.001694 0.648256 0.001077 0.015680
0 0.001697 0.638848 0.001071 0.012992
0 0.001701 0.628992 0.001062 0.016576
0 0.001672 0.633920 0.001120 0.012544
0 0.001680 0.615552 0.001104 0.016128
0 0.001686 0.597632 0.001092 0.012096
0 0.001685 0.587328 0.001094 0.013440
0 0.001711 0.610176 0.001042 0.013888
0 0.001713 0.599424 0.001039 0.013888
0 0.001716 0.590912 0.001033 0.013440
0 0.001719 0.580160 0.001026 0.015232
0 0.001696 0.569856 0.001072 0.012544
0 0.001591 0.699776 0.001282 0.013440
0 0.001596 0.691264 0.001272 0.010752
0 0.001600 0.681856 0.001264 0.013440
0 0.007991 0.665728 0.015269 0.321216
