0 0.001932 0.672448 0.000600 0.008512
0 0.002142 0.197120 0.000179 0.010752
0 0.001598 0.430080 0.001269 0.009856
0 0.001597 0.417984 0.001270 0.010304
0 0.001597 0.369152 0.001270 0.009856
0 0.001596 0.392896 0.001272 0.010304
0 0.001634 0.443072 0.001196 0.008960
0 0.001632 0.417536 0.001201 0.010752
0 0.001631 0.404992 0.001203 0.008064
0 0.002144 0.219968 0.000176 0.021056
0 0.002148 0.300160 0.000169 0.010304
0 0.002155 0.220416 0.000155 0.005376
0 0.002155 0.226240 0.000154 0.007168
0 0.002141 0.241024 0.000181 0.014336
0 0.002121 0.254912 0.000222 0.007168
0 0.002115 0.277312 0.000234 0.006720
0 0.002118 0.286720 0.000228 0.007616
0 0.002148 0.255360 0.000169 0.008960
0 0.001598 0.443968 0.001268 0.008960
0 0.001602 0.454720 0.001261 0.008064
0 0.001600 0.469056 0.001265 0.008064
0 0.001600 0.480256 0.001265 0.009856
0 0.001790 0.908096 0.000884 0.014336
0 0.001607 0.637056 0.001250 0.016576
0 0.001606 0.604800 0.001253 0.008960
0 0.001637 0.590016 0.001190 0.010304
0 0.001607 0.593600 0.001251 0.008512
0 0.001605 0.580608 0.001255 0.009856
0 0.001602 0.568064 0.001261 0.009856
0 0.001600 0.554624 0.001264 0.008064
0 0.001603 0.543424 0.001258 0.008512
0 0.001602 0.531328 0.001260 0.010304
0 0.001641 0.547456 0.001181 0.008064
0 0.001636 0.524160 0.001193 0.017472
0 0.001635 0.509376 0.001195 0.011200
0 0.001634 0.496384 0.001196 0.010304
0 0.001598 0.504896 0.001268 0.008512
0 0.002147 0.269248 0.000170 0.012992
0 0.002111 0.310464 0.000243 0.010752
0 0.001778 0.877184 0.000909 0.031360
0 0.002036 0.315392 0.000391 0.011200
0 0.002019 0.619136 0.000427 0.008064
0 0.001999 0.603904 0.000467 0.012992
0 0.002054 0.585088 0.000356 0.006720
0 0.002045 0.500416 0.000375 0.008960
0 0.002041 0.401856 0.000382 0.008960
0 0.002042 0.384384 0.000380 0.006720
0 0.002002 0.372288 0.000461 0.008064
0 0.002041 0.232064 0.000383 0.005376
0 0.002124 0.331968 0.000216 0.006720
0 0.002001 0.222656 0.000463 0.005824
0 0.001988 0.270144 0.000489 0.021504
0 0.002031 0.145600 0.000402 0.010304
0 0.002031 0.157696 0.000403 0.010304
0 0.001979 0.198912 0.000506 0.011200
0 0.001996 0.162176 0.000473 0.008512
0 0.001992 0.146944 0.000480 0.008960
0 0.002124 0.572544 0.000216 0.010304
0 0.002160 0.529984 0.000145 0.013888
0 0.002158 0.493248 0.000148 0.013440
0 0.002125 0.507584 0.000214 0.007168
0 0.002151 0.331520 0.000163 0.013440
0 0.002149 0.346304 0.000167 0.012544
0 0.002137 0.361088 0.000190 0.012992
0 0.002117 0.372288 0.000229 0.008064
0 0.002150 0.361088 0.000165 0.006720
0 0.002151 0.374080 0.000162 0.017024
0 0.002152 0.384384 0.000161 0.006720
0 0.002154 0.399168 0.000156 0.015232
0 0.002155 0.419328 0.000154 0.011648
0 0.002173 0.432320 0.000119 0.008064
0 0.002155 0.432320 0.000155 0.006720
0 0.002155 0.438144 0.000154 0.006720
0 0.002155 0.458304 0.000155 0.007616
0 0.002183 0.459200 0.000098 0.006272
0 0.002122 0.473536 0.000220 0.006720
0 0.001791 0.878976 0.000883 0.027328
0 0.001766 0.881664 0.000932 0.029568
0 0.002196 0.831488 0.000072 0.014784
0 0.001800 0.775040 0.000864 0.022400
0 0.001700 0.777728 0.001065 0.022848
0 0.001722 0.776384 0.001021 0.022848
0 0.001732 0.776384 0.001000 0.025536
0 0.001745 0.776384 0.000974 0.023296
0 0.001755 0.775936 0.000954 0.025984
0 0.001769 0.775488 0.000925 0.020160
0 0.001777 0.775936 0.000911 0.025536
0 0.001782 0.809536 0.000901 0.027776
0 0.001646 0.811328 0.001172 0.032256
0 0.001768 0.808640 0.000928 0.029568
0 0.001744 0.808640 0.000976 0.031360
0 0.001732 0.809088 0.001001 0.026880
0 0.001719 0.809984 0.001025 0.027776
0 0.001707 0.810880 0.001050 0.027328
0 0.001696 0.812672 0.001072 0.030464
0 0.001684 0.812672 0.001096 0.032256
0 0.001688 0.777728 0.001089 0.025536
0 0.001677 0.779072 0.001111 0.023296
0 0.001665 0.778176 0.001133 0.025536
0 0.001655 0.777728 0.001154 0.025984
0 0.001279 0.705152 0.001906 0.018368
0 0.001485 0.782656 0.001495 0.025536
0 0.001496 0.782656 0.001473 0.025536
0 0.001507 0.783552 0.001450 0.024640
0 0.001530 0.781760 0.001405 0.025536
0 0.001537 0.812224 0.001391 0.022400
0 0.001552 0.781760 0.001360 0.024640
0 0.001566 0.781312 0.001333 0.024640
0 0.001575 0.780864 0.001314 0.024192
0 0.001588 0.779968 0.001287 0.024192
0 0.001598 0.780864 0.001268 0.026880
0 0.001612 0.779072 0.001239 0.017472
0 0.001621 0.780416 0.001223 0.023296
0 0.001632 0.779520 0.001200 0.023744
0 0.001643 0.779072 0.001178 0.024192
0 0.001668 0.810880 0.001128 0.028672
0 0.001623 0.811328 0.001219 0.029568
0 0.001755 0.879872 0.000954 0.026880
0 0.001621 0.887040 0.001223 0.025984
0 0.001485 0.892864 0.001494 0.008512
0 0.001500 0.897792 0.001464 0.008512
0 0.001534 0.906304 0.001396 0.008960
0 0.001560 0.885696 0.001344 0.030912
0 0.001572 0.886592 0.001321 0.029120
0 0.001585 0.886592 0.001294 0.029120
0 0.001608 0.884352 0.001249 0.032256
0 0.001633 0.883008 0.001198 0.025536
0 0.001609 0.814912 0.001246 0.031360
0 0.001658 0.884800 0.001149 0.030016
0 0.001670 0.883008 0.001125 0.032256
0 0.001681 0.883008 0.001102 0.029120
0 0.001718 0.881216 0.001027 0.031808
0 0.001707 0.905408 0.001050 0.006720
0 0.001730 0.882112 0.001005 0.030016
0 0.001742 0.882112 0.000979 0.030912
0 0.001386 0.787584 0.001692 0.022400
0 0.001377 0.790272 0.001710 0.017920
0 0.001369 0.788928 0.001727 0.016576
0 0.001397 0.785792 0.001671 0.022848
0 0.001597 0.814464 0.001270 0.032256
0 0.001575 0.816256 0.001314 0.026880
0 0.001561 0.815808 0.001341 0.027776
0 0.001549 0.814016 0.001367 0.026432
0 0.001525 0.810432 0.001414 0.023744
0 0.001502 0.812224 0.001461 0.023744
0 0.001488 0.812672 0.001488 0.024192
0 0.001477 0.812224 0.001511 0.024192
0 0.001465 0.814464 0.001535 0.021056
0 0.001462 0.783552 0.001541 0.026432
0 0.001453 0.785344 0.001557 0.018816
0 0.001454 0.814016 0.001556 0.023744
0 0.001420 0.814016 0.001625 0.025088
0 0.001409 0.785792 0.001647 0.022848
0 0.001410 0.815360 0.001645 0.023296
0 0.001963 0.141120 0.000539 0.012992
0 0.001964 0.148288 0.000537 0.008960
0 0.001939 0.149184 0.000587 0.008512
0 0.001593 0.230272 0.001279 0.007616
0 0.001660 0.159488 0.001144 0.011200
0 0.001611 0.162624 0.001241 0.008512
0 0.001625 0.244160 0.001215 0.010304
0 0.001623 0.217280 0.001219 0.013440
0 0.001622 0.176960 0.001221 0.008512
0 0.001592 0.255360 0.001280 0.007616
0 0.001592 0.245056 0.001281 0.008064
0 0.001588 0.219520 0.001287 0.008064
0 0.001481 0.316288 0.001502 0.006720
0 0.001589 0.205184 0.001286 0.008064
0 0.001569 0.171136 0.001327 0.013440
0 0.001460 0.204736 0.001544 0.016576
0 0.001461 0.211456 0.001543 0.024192
0 0.001480 0.188160 0.001504 0.032256
0 0.001513 0.172928 0.001438 0.014784
0 0.001540 0.189952 0.001384 0.010304
0 0.001670 0.176512 0.001125 0.010752
0 0.001698 0.159040 0.001069 0.008960
0 0.001704 0.173376 0.001057 0.007616
0 0.001697 0.188608 0.001071 0.010304
0 0.001734 0.147392 0.000997 0.006272
0 0.001724 0.153664 0.001016 0.016576
0 0.001746 0.222656 0.000972 0.008064
0 0.001746 0.211904 0.000972 0.008512
0 0.001746 0.204288 0.000972 0.008512
0 0.001736 0.172480 0.000992 0.007616
0 0.001763 0.170240 0.000939 0.005824
0 0.001756 0.192640 0.000952 0.006720
0 0.001739 0.212800 0.000987 0.022848
0 0.001734 0.193088 0.000996 0.008064
0 0.001733 0.181440 0.000998 0.017472
0 0.001694 0.241024 0.001075 0.010304
0 0.001699 0.228032 0.001067 0.010304
0 0.001698 0.215040 0.001069 0.010304
0 0.001698 0.201152 0.001068 0.011200
0 0.001513 0.212800 0.001438 0.034048
0 0.001502 0.221760 0.001461 0.034048
0 0.001918 0.150976 0.000628 0.007168
0 0.008542 0.397824 0.014166 0.447552
0 0.001598 0.356160 0.001268 0.010304
0 0.001629 0.363776 0.001207 0.010304
0 0.001628 0.350784 0.001209 0.008512
0 0.008245 0.886144 0.014760 0.043456
0 0.008059 0.796096 0.015132 0.068992
0 0.008820 0.346752 0.013611 0.475328
0 0.008696 0.387072 0.013859 0.459648
0 0.008410 0.398272 0.014429 0.452032
0 0.001490 0.230272 0.001484 0.033600
0 0.008303 0.403200 0.014643 0.455168
0 0.007980 0.708736 0.015290 0.064064
0 0.007955 0.631232 0.015341 0.054656
0 0.007951 0.557312 0.015349 0.048832
0 0.007950 0.485632 0.015350 0.049728
0 0.007951 0.417984 0.015349 0.049280
0 0.007945 0.354368 0.015360 0.047936
0 0.001598 0.407232 0.001268 0.008512
0 0.001594 0.331072 0.001277 0.008512
0 0.001630 0.336896 0.001204 0.009856
0 0.001628 0.325248 0.001209 0.008960
0 0.001471 0.234752 0.001522 0.028672
0 0.001437 0.224000 0.001590 0.017024
0 0.001439 0.230272 0.001586 0.020160
0 0.001448 0.253568 0.001568 0.026880
0 0.001437 0.263872 0.001591 0.023296
0 0.001366 0.286272 0.001733 0.027776
0 0.001384 0.294784 0.001697 0.018816
0 0.001396 0.264320 0.001672 0.023296
0 0.001410 0.288064 0.001644 0.014784
0 0.001430 0.269696 0.001604 0.019264
0 0.001421 0.246400 0.001623 0.020160
0 0.001749 0.521024 0.000966 0.008960
0 0.001744 0.430528 0.000975 0.010304
0 0.001707 0.360192 0.001051 0.008064
0 0.001628 0.298816 0.001209 0.008512
0 0.001755 0.145152 0.000954 0.008512
0 0.001778 0.143360 0.000908 0.011648
0 0.001785 0.172032 0.000895 0.010752
0 0.001884 0.448000 0.000696 0.012096
0 0.001882 0.397376 0.000700 0.013440
0 0.001881 0.413056 0.000702 0.012992
0 0.001837 0.397376 0.000790 0.011200
0 0.001841 0.411712 0.000782 0.011200
0 0.001837 0.427392 0.000790 0.012096
0 0.001884 0.432768 0.000697 0.011648
0 0.001887 0.467264 0.000691 0.012544
0 0.001845 0.440832 0.000775 0.011200
0 0.001818 0.171584 0.000828 0.013888
0 0.001844 0.458304 0.000777 0.010304
0 0.001839 0.472192 0.000786 0.011648
0 0.001845 0.486976 0.000775 0.012544
0 0.001886 0.482944 0.000692 0.013440
0 0.001840 0.502208 0.000784 0.012992
0 0.001843 0.532224 0.000778 0.011648
0 0.001886 0.502208 0.000692 0.012544
0 0.001880 0.378112 0.000704 0.012544
0 0.001879 0.363328 0.000705 0.012992
0 0.001835 0.367808 0.000794 0.012096
0 0.001831 0.352576 0.000802 0.013440
0 0.001911 0.146048 0.000643 0.015232
0 0.001904 0.145600 0.000656 0.019712
0 0.001881 0.140672 0.000702 0.007168
0 0.001873 0.188160 0.000719 0.014336
0 0.001872 0.203840 0.000720 0.012992
0 0.001832 0.262080 0.000800 0.011648
0 0.001834 0.278656 0.000796 0.011648
0 0.001835 0.292544 0.000794 0.011648
0 0.001837 0.307776 0.000791 0.011648
0 0.001834 0.323008 0.000797 0.012096
0 0.001875 0.274624 0.000713 0.012544
0 0.001877 0.292992 0.000710 0.013440
0 0.001878 0.307328 0.000707 0.011200
0 0.001879 0.328832 0.000705 0.011648
0 0.001879 0.343168 0.000706 0.012096
0 0.001885 0.517888 0.000694 0.013440
0 0.001842 0.548800 0.000780 0.010752
0 0.001843 0.562688 0.000779 0.012544
0 0.001743 0.414848 0.000977 0.010752
0 0.001707 0.429184 0.001051 0.009856
0 0.001703 0.414400 0.001059 0.010304
0 0.001707 0.402752 0.001051 0.010304
0 0.001706 0.386176 0.001053 0.009856
0 0.001703 0.347648 0.001059 0.010752
0 0.001703 0.334208 0.001058 0.010304
0 0.001742 0.385728 0.000979 0.012544
0 0.001742 0.370944 0.000979 0.010752
0 0.001742 0.355264 0.000979 0.009856
0 0.001740 0.340928 0.000984 0.011648
0 0.001741 0.325248 0.000983 0.012096
0 0.001737 0.266112 0.000990 0.012544
0 0.001739 0.251328 0.000987 0.010304
0 0.001737 0.235648 0.000990 0.011648
0 0.001829 0.232064 0.000807 0.011648
0 0.001708 0.439936 0.001048 0.008960
0 0.001745 0.445312 0.000973 0.012544
0 0.001842 0.593600 0.000781 0.014336
0 0.001748 0.491456 0.000968 0.011200
0 0.001889 0.571648 0.000687 0.013888
0 0.001891 0.607488 0.000682 0.011648
0 0.001878 0.626752 0.000707 0.014784
0 0.001741 0.628992 0.000983 0.013888
0 0.001711 0.572992 0.001042 0.010304
0 0.001750 0.565376 0.000965 0.010752
0 0.001711 0.561344 0.001042 0.010304
0 0.001711 0.532224 0.001043 0.011648
0 0.001712 0.545216 0.001040 0.011200
0 0.001712 0.518784 0.001040 0.010304
0 0.001751 0.551040 0.000963 0.011648
0 0.001757 0.534464 0.000951 0.010752
0 0.001710 0.506240 0.001045 0.010752
0 0.001715 0.481600 0.001034 0.007616
0 0.001709 0.466816 0.001047 0.010304
0 0.001292 0.725312 0.001879 0.014336
0 0.001290 0.703808 0.001884 0.017024
0 0.001301 0.725760 0.001862 0.016128
0 0.001348 0.477568 0.001768 0.018816
0 0.001385 0.500416 0.001694 0.019264
0 0.001384 0.476672 0.001696 0.018368
0 0.001375 0.475776 0.001713 0.021056
0 0.001376 0.502208 0.001711 0.019264
0 0.001366 0.477568 0.001732 0.018816
0 0.001366 0.500864 0.001733 0.018816
0 0.001357 0.476672 0.001751 0.020160
0 0.001338 0.478016 0.001789 0.017472
0 0.001287 0.500864 0.001890 0.016128
0 0.001329 0.477120 0.001807 0.018816
0 0.001331 0.501760 0.001803 0.018368
0 0.001320 0.501312 0.001823 0.019264
0 0.001311 0.478464 0.001843 0.019264
0 0.001312 0.502208 0.001841 0.018368
0 0.001303 0.480256 0.001858 0.017024
0 0.001295 0.478912 0.001873 0.014784
0 0.001394 0.500416 0.001677 0.020608
0 0.001394 0.476224 0.001677 0.017920
0 0.001403 0.475328 0.001657 0.020160
0 0.001413 0.498176 0.001639 0.017920
0 0.001486 0.473088 0.001492 0.019264
0 0.001486 0.496384 0.001492 0.019712
0 0.001476 0.473088 0.001512 0.018816
0 0.001476 0.498176 0.001512 0.018816
0 0.001467 0.497728 0.001530 0.018368
0 0.001460 0.498624 0.001545 0.020160
0 0.001458 0.473088 0.001549 0.020608
0 0.001449 0.473536 0.001567 0.019712
0 0.001449 0.498176 0.001566 0.019264
0 0.001440 0.498624 0.001584 0.017472
0 0.001431 0.474880 0.001603 0.019264
0 0.001422 0.475328 0.001621 0.019712
0 0.001412 0.475776 0.001640 0.020160
0 0.001431 0.498176 0.001603 0.017024
0 0.001422 0.499968 0.001621 0.019712
0 0.001304 0.500416 0.001856 0.017472
0 0.001263 0.480256 0.001938 0.013440
0 0.001439 0.570752 0.001586 0.021504
0 0.001382 0.547008 0.001700 0.020160
0 0.001343 0.570752 0.001778 0.017472
0 0.001353 0.547904 0.001758 0.021056
0 0.001353 0.570752 0.001758 0.018368
0 0.001362 0.546560 0.001740 0.021504
0 0.001373 0.547456 0.001718 0.020160
0 0.001362 0.572544 0.001740 0.021504
0 0.001372 0.572096 0.001720 0.020160
0 0.001382 0.572096 0.001700 0.020608
0 0.001271 0.479808 0.001922 0.016576
0 0.001391 0.571648 0.001682 0.020160
0 0.001400 0.546112 0.001663 0.020608
0 0.001410 0.546112 0.001645 0.020608
0 0.001412 0.570304 0.001641 0.020160
0 0.001420 0.547008 0.001625 0.019264
0 0.001431 0.545664 0.001602 0.018368
0 0.001420 0.571648 0.001625 0.021056
0 0.001344 0.549248 0.001777 0.019264
0 0.001334 0.573440 0.001796 0.019264
0 0.001325 0.550144 0.001815 0.016576
0 0.001324 0.572096 0.001816 0.016576
0 0.001280 0.500864 0.001905 0.014784
0 0.001271 0.504000 0.001922 0.017472
0 0.001255 0.478912 0.001955 0.015232
0 0.001262 0.501760 0.001940 0.017472
0 0.001246 0.553728 0.001973 0.017472
0 0.001266 0.550592 0.001932 0.013440
0 0.001258 0.573440 0.001949 0.017024
0 0.001274 0.573440 0.001916 0.016128
0 0.001282 0.551488 0.001900 0.017920
0 0.001283 0.572096 0.001899 0.014784
0 0.001291 0.550592 0.001883 0.017472
0 0.001291 0.573440 0.001883 0.014784
0 0.001299 0.571648 0.001867 0.016128
0 0.001306 0.572544 0.001852 0.016576
0 0.001333 0.549248 0.001798 0.019264
0 0.001495 0.496832 0.001475 0.019264
0 0.001496 0.473088 0.001472 0.017920
0 0.001504 0.473088 0.001455 0.019264
0 0.001435 0.364672 0.001595 0.018368
0 0.001488 0.365568 0.001488 0.015232
0 0.001462 0.340032 0.001541 0.018368
0 0.001469 0.363776 0.001526 0.018816
0 0.001453 0.341824 0.001558 0.017472
0 0.001452 0.365120 0.001560 0.017920
0 0.001436 0.342272 0.001592 0.017472
0 0.001428 0.342720 0.001608 0.017920
0 0.001428 0.364224 0.001608 0.013888
0 0.001515 0.494592 0.001435 0.016576
0 0.001294 0.409920 0.001875 0.016128
0 0.001286 0.434560 0.001892 0.015232
0 0.001302 0.411264 0.001860 0.018816
0 0.001311 0.410368 0.001843 0.017920
0 0.001311 0.432320 0.001842 0.017472
0 0.001319 0.433216 0.001825 0.019264
0 0.001329 0.410368 0.001807 0.017024
0 0.001471 0.341376 0.001523 0.017024
0 0.001479 0.341376 0.001506 0.017472
0 0.001504 0.363328 0.001455 0.014336
0 0.001514 0.362432 0.001436 0.016576
0 0.002111 0.198016 0.000243 0.008064
0 0.002109 0.209664 0.000246 0.008960
0 0.002142 0.183680 0.000179 0.010752
0 0.002147 0.170240 0.000171 0.008064
0 0.002141 0.154560 0.000182 0.008064
0 0.002149 0.144704 0.000167 0.007616
0 0.002143 0.074368 0.000177 0.011648
0 0.002144 0.094528 0.000175 0.023744
0 0.001488 0.340928 0.001489 0.017920
0 0.001495 0.340480 0.001474 0.018816
0 0.001504 0.340032 0.001455 0.018368
0 0.001514 0.340480 0.001436 0.017024
0 0.001522 0.339584 0.001421 0.016576
0 0.001530 0.340032 0.001403 0.018368
0 0.001540 0.362880 0.001384 0.013888
0 0.001344 0.409472 0.001776 0.017920
0 0.001330 0.433664 0.001804 0.018368
0 0.001352 0.409472 0.001760 0.018816
0 0.001471 0.406336 0.001523 0.017472
0 0.001481 0.428736 0.001502 0.018368
0 0.001489 0.404992 0.001487 0.017024
0 0.001490 0.429184 0.001484 0.017024
0 0.001499 0.428736 0.001466 0.020160
0 0.001506 0.405440 0.001451 0.018816
0 0.001509 0.427840 0.001446 0.018816
0 0.001524 0.404992 0.001417 0.017472
0 0.001528 0.427392 0.001409 0.019264
0 0.001534 0.405440 0.001396 0.016128
0 0.001541 0.404992 0.001382 0.017024
0 0.001538 0.426496 0.001389 0.020160
0 0.001551 0.495488 0.001363 0.019264
0 0.001532 0.472640 0.001399 0.019264
0 0.001523 0.473088 0.001419 0.019264
0 0.001514 0.472192 0.001437 0.019264
0 0.001480 0.404992 0.001504 0.017920
0 0.001462 0.428288 0.001540 0.017920
0 0.001348 0.431424 0.001767 0.016576
0 0.001454 0.406784 0.001555 0.018816
0 0.001357 0.431424 0.001751 0.015232
0 0.001367 0.431872 0.001731 0.020160
0 0.001369 0.409472 0.001727 0.018816
0 0.001375 0.431872 0.001714 0.019264
0 0.001386 0.408128 0.001692 0.017920
0 0.001385 0.432768 0.001695 0.019712
0 0.001394 0.431872 0.001676 0.017024
0 0.001403 0.407680 0.001658 0.018368
0 0.001405 0.430528 0.001654 0.017920
0 0.001419 0.407232 0.001626 0.018368
0 0.001428 0.407680 0.001607 0.018816
0 0.001424 0.430080 0.001615 0.018368
0 0.001433 0.431424 0.001599 0.018368
0 0.001443 0.430080 0.001578 0.020160
0 0.001451 0.429184 0.001561 0.019264
0 0.001429 0.571648 0.001605 0.022400
0 0.001448 0.545664 0.001568 0.019712
0 0.001319 0.727552 0.001826 0.024640
0 0.001585 0.693504 0.001294 0.023744
0 0.001488 0.695744 0.001488 0.021504
0 0.001510 0.695296 0.001444 0.022848
0 0.001520 0.695296 0.001425 0.021504
0 0.001531 0.694400 0.001401 0.022848
0 0.001554 0.694848 0.001356 0.022400
0 0.001564 0.693504 0.001337 0.020160
0 0.001575 0.693504 0.001314 0.023744
0 0.001596 0.692608 0.001272 0.023744
0 0.001691 0.689472 0.001082 0.024192
0 0.001606 0.692608 0.001252 0.023744
0 0.001618 0.693504 0.001228 0.019712
0 0.001628 0.690368 0.001208 0.020160
0 0.001639 0.691712 0.001185 0.023296
0 0.001650 0.691712 0.001165 0.023296
0 0.001661 0.690368 0.001143 0.023744
0 0.001670 0.689472 0.001125 0.023296
0 0.001478 0.696640 0.001508 0.021056
0 0.001467 0.697088 0.001530 0.020608
0 0.001456 0.697088 0.001552 0.020608
0 0.001446 0.696192 0.001572 0.023744
0 0.001505 0.642880 0.001453 0.022848
0 0.001516 0.643776 0.001433 0.020608
0 0.001527 0.641088 0.001411 0.021504
0 0.001539 0.616448 0.001386 0.018816
0 0.001549 0.616000 0.001367 0.020608
0 0.001537 0.641536 0.001390 0.021504
0 0.001316 0.703808 0.001833 0.017920
0 0.001323 0.702464 0.001817 0.017024
0 0.001342 0.699776 0.001781 0.021504
0 0.001352 0.698880 0.001761 0.022848
0 0.001362 0.698880 0.001741 0.022400
0 0.001384 0.700224 0.001697 0.018816
0 0.001414 0.697088 0.001636 0.023296
0 0.001425 0.697536 0.001613 0.021504
0 0.001435 0.697536 0.001594 0.022848
0 0.001682 0.690816 0.001101 0.022400
0 0.001703 0.690368 0.001059 0.023296
0 0.001449 0.570304 0.001567 0.020608
0 0.001439 0.725760 0.001586 0.022400
0 0.001518 0.723968 0.001428 0.025984
0 0.001506 0.723968 0.001451 0.027328
0 0.001497 0.723968 0.001471 0.024192
0 0.001484 0.724864 0.001497 0.024640
0 0.001474 0.726208 0.001517 0.025536
0 0.001462 0.724864 0.001541 0.023296
0 0.001450 0.723520 0.001564 0.021504
0 0.001417 0.728000 0.001631 0.026880
0 0.001712 0.689472 0.001040 0.022848
0 0.001407 0.726208 0.001650 0.022848
0 0.001394 0.728000 0.001676 0.025088
0 0.001384 0.725760 0.001697 0.023296
0 0.001373 0.727104 0.001717 0.023296
0 0.001363 0.727104 0.001738 0.022848
0 0.001350 0.728896 0.001764 0.025984
0 0.001329 0.728896 0.001807 0.022400
0 0.001529 0.723072 0.001406 0.025088
0 0.001541 0.723968 0.001382 0.026432
0 0.001553 0.723072 0.001358 0.026432
0 0.001564 0.721280 0.001336 0.023744
0 0.001743 0.689024 0.000977 0.022848
0 0.001755 0.689472 0.000955 0.021056
0 0.001754 0.716352 0.000957 0.023744
0 0.001743 0.719040 0.000977 0.020608
0 0.001732 0.717696 0.001001 0.021056
0 0.001709 0.719040 0.001047 0.020608
0 0.001699 0.720832 0.001067 0.026880
0 0.001687 0.718592 0.001091 0.025088
0 0.001676 0.719040 0.001113 0.024640
0 0.001664 0.719040 0.001135 0.023744
0 0.001654 0.719040 0.001156 0.023296
0 0.001642 0.719488 0.001180 0.023296
0 0.001631 0.720832 0.001202 0.022400
0 0.001597 0.722624 0.001271 0.022848
0 0.001585 0.720832 0.001293 0.025088
0 0.001509 0.616896 0.001446 0.019264
0 0.001494 0.642880 0.001477 0.021504
0 0.001484 0.642432 0.001497 0.021056
0 0.001377 0.366464 0.001710 0.016576
0 0.001402 0.343168 0.001660 0.017920
0 0.001410 0.364672 0.001645 0.017472
0 0.001394 0.342272 0.001676 0.016128
0 0.001394 0.366016 0.001676 0.018368
0 0.001385 0.343616 0.001695 0.018368
0 0.001385 0.366016 0.001694 0.017920
0 0.001376 0.344512 0.001711 0.019264
0 0.001360 0.344512 0.001745 0.017472
0 0.001473 0.641984 0.001519 0.020608
0 0.001367 0.366016 0.001730 0.017024
0 0.001342 0.344960 0.001780 0.018368
0 0.001352 0.366912 0.001760 0.017472
0 0.001326 0.344960 0.001812 0.017024
0 0.001327 0.366912 0.001811 0.017472
0 0.001318 0.367808 0.001829 0.017472
0 0.001309 0.370048 0.001847 0.017024
0 0.001418 0.364672 0.001628 0.019264
0 0.001420 0.342720 0.001625 0.018368
0 0.001627 0.283584 0.001211 0.007616
0 0.001592 0.280000 0.001280 0.008960
0 0.001458 0.545216 0.001548 0.021056
0 0.001458 0.568512 0.001548 0.018816
0 0.001468 0.543872 0.001529 0.021504
0 0.001477 0.543872 0.001509 0.020160
0 0.001477 0.568512 0.001509 0.018816
0 0.001487 0.544320 0.001490 0.020608
0 0.001489 0.568960 0.001487 0.017920
0 0.001498 0.568960 0.001468 0.020160
0 0.001507 0.542976 0.001449 0.021056
0 0.001517 0.543872 0.001430 0.019264
0 0.001508 0.568960 0.001448 0.019712
0 0.001537 0.542080 0.001391 0.021504
0 0.001528 0.568512 0.001408 0.022400
0 0.001518 0.569856 0.001428 0.021504
0 0.001593 0.270144 0.001279 0.008960
0 0.001284 0.367360 0.001896 0.014784
0 0.001277 0.369152 0.001911 0.014336
0 0.001251 0.370048 0.001962 0.016576
0 0.001267 0.624064 0.001929 0.016128
0 0.001268 0.645568 0.001928 0.016576
0 0.001285 0.646464 0.001894 0.018816
0 0.001300 0.644672 0.001864 0.016128
0 0.001317 0.644672 0.001830 0.017024
0 0.001335 0.644672 0.001794 0.017920
0 0.001357 0.646016 0.001751 0.021504
0 0.001366 0.645120 0.001733 0.021056
0 0.001377 0.646464 0.001710 0.023744
0 0.001387 0.645568 0.001690 0.021056
0 0.001398 0.645120 0.001669 0.021504
0 0.001419 0.644672 0.001627 0.022400
0 0.001428 0.644224 0.001607 0.022400
0 0.001441 0.644224 0.001583 0.021056
0 0.001450 0.644224 0.001565 0.022848
0 0.001462 0.643328 0.001540 0.023296
0 0.001276 0.644672 0.001912 0.014336
0 0.001284 0.623616 0.001896 0.017024
0 0.001489 0.616448 0.001486 0.021056
0 0.001275 0.624960 0.001915 0.017024
0 0.001479 0.617344 0.001505 0.019264
0 0.001471 0.617344 0.001523 0.017472
0 0.001460 0.617344 0.001545 0.020608
0 0.001451 0.617344 0.001562 0.016576
0 0.001432 0.618688 0.001601 0.019712
0 0.001413 0.618688 0.001639 0.020160
0 0.001402 0.618240 0.001659 0.021056
0 0.001393 0.618688 0.001679 0.019712
0 0.001384 0.619136 0.001697 0.020608
0 0.001364 0.620032 0.001736 0.019712
0 0.001345 0.620928 0.001773 0.019712
0 0.001335 0.620480 0.001794 0.020160
0 0.001327 0.622272 0.001811 0.017920
0 0.001318 0.622272 0.001829 0.017472
0 0.001308 0.622720 0.001848 0.018816
0 0.008067 0.255808 0.015116 0.148736
