0 0.001451 0.696192 0.001563 0.012096
0 0.001297 0.206080 0.001870 0.019264
0 0.001298 0.238336 0.001869 0.020160
0 0.001314 0.215488 0.001837 0.021504
0 0.001301 0.166656 0.001862 0.023296
0 0.001312 0.173824 0.001841 0.021952
0 0.001346 0.293440 0.001772 0.012096
0 0.001324 0.179648 0.001817 0.022848
0 0.001357 0.159040 0.001751 0.021952
0 0.001347 0.158144 0.001771 0.020160
0 0.001352 0.217280 0.001759 0.023296
0 0.001372 0.287616 0.001720 0.012096
0 0.001400 0.252224 0.001664 0.012096
0 0.001530 0.197568 0.001404 0.012096
0 0.001547 0.180096 0.001369 0.013888
0 0.001562 0.180096 0.001340 0.015680
0 0.001740 0.029120 0.000985 0.020160
0 0.001557 0.012096 0.001350 0.010752
0 0.001538 0.012992 0.001388 0.012544
0 0.001516 0.074816 0.001432 0.012992
0 0.001449 0.017472 0.001566 0.026432
0 0.001435 0.040320 0.001594 0.017472
0 0.001422 0.086912 0.001620 0.025536
0 0.001304 0.211456 0.001856 0.017920
0 0.001276 0.228032 0.001912 0.021952
0 0.001163 0.177856 0.002138 0.019264
0 0.001285 0.199808 0.001894 0.021504
0 0.011208 0.193536 0.022226 0.012992
0 0.011194 0.251328 0.022254 0.014784
0 0.011210 0.240128 0.022223 0.012096
0 0.011215 0.235648 0.022212 0.012544
0 0.011221 0.230272 0.022201 0.011200
0 0.001191 0.264768 0.002082 0.012544
0 0.001178 0.275520 0.002109 0.012096
0 0.001243 0.177408 0.001978 0.019264
0 0.011264 0.177856 0.022115 0.010752
0 0.001204 0.259392 0.002057 0.017472
0 0.001214 0.262080 0.002036 0.015680
0 0.001218 0.269248 0.002027 0.018368
0 0.001222 0.238784 0.002020 0.019264
0 0.001228 0.275968 0.002009 0.023296
0 0.001232 0.280896 0.002001 0.025088
0 0.001246 0.252672 0.001973 0.020160
0 0.001251 0.290304 0.001961 0.021952
0 0.001254 0.257152 0.001957 0.023296
0 0.001271 0.266560 0.001922 0.023296
0 0.001253 0.216384 0.001959 0.022848
0 0.001280 0.193088 0.001905 0.019712
0 0.001391 0.135296 0.001682 0.023744
0 0.001402 0.053760 0.001661 0.022848
0 0.001369 0.127680 0.001727 0.022848
0 0.001339 0.151872 0.001786 0.018368
0 0.008426 0.862848 0.014399 0.060032
0 0.008290 0.689472 0.014670 0.051968
0 0.008153 0.680512 0.014943 0.044800
0 0.016021 0.939904 0.030459 0.012992
0 0.015874 0.969920 0.030752 0.025536
0 0.008029 0.916608 0.015193 0.048384
0 0.008114 0.849856 0.015022 0.090944
0 0.008045 0.653184 0.015159 0.072576
0 0.007865 0.911680 0.015520 0.175616
0 0.007814 0.774144 0.015622 0.090496
0 0.007813 0.685888 0.015624 0.081984
0 0.007815 0.589568 0.015621 0.083328
0 0.007813 0.490112 0.015624 0.106176
0 0.007813 0.386624 0.015624 0.083328
0 0.007866 0.322560 0.015518 0.080192
0 0.007932 0.267456 0.015385 0.064064
0 0.007987 0.457408 0.015276 0.062272
0 0.008000 0.385728 0.015249 0.065408
0 0.007984 0.217280 0.015281 0.060032
0 0.008030 0.165760 0.015190 0.059136
0 0.008059 0.116480 0.015133 0.049728
0 0.008502 0.861056 0.014246 0.075264
0 0.008377 0.799232 0.014496 0.043904
0 0.008390 0.681856 0.014470 0.081536
0 0.001272 0.053760 0.001921 0.016576
0 0.001327 0.141120 0.001811 0.021504
0 0.001343 0.120960 0.001778 0.027328
0 0.001313 0.100352 0.001838 0.025536
0 0.001288 0.129920 0.001888 0.034944
0 0.001202 0.133056 0.002061 0.019712
0 0.001199 0.142464 0.002067 0.021504
0 0.001183 0.144704 0.002099 0.026432
0 0.001233 0.097216 0.001998 0.025088
0 0.001254 0.116928 0.001957 0.027328
0 0.001275 0.039424 0.001914 0.014784
0 0.008458 0.686336 0.014334 0.083328
0 0.001282 0.031808 0.001901 0.014336
0 0.001294 0.010752 0.001877 0.010752
0 0.008207 0.232960 0.014837 0.081536
0 0.008251 0.201600 0.014748 0.097216
0 0.008353 0.157696 0.014545 0.080640
0 0.008416 0.052864 0.014417 0.092288
0 0.008712 0.775936 0.013826 0.034944
0 0.008658 0.870016 0.013934 0.046592
0 0.008534 0.716800 0.014181 0.118720
0 0.011196 0.199808 0.022250 0.013888
0 0.011185 0.209664 0.022272 0.013888
0 0.001486 0.704256 0.001493 0.012992
0 0.001214 0.881216 0.002036 0.017472
0 0.001118 0.899136 0.002228 0.018368
0 0.001123 0.882112 0.002218 0.012096
0 0.001117 0.865984 0.002231 0.012992
0 0.001177 0.787584 0.002110 0.034048
0 0.001153 0.791168 0.002158 0.033152
0 0.001125 0.797888 0.002214 0.030464
0 0.001355 0.670208 0.001755 0.012992
0 0.001383 0.680064 0.001698 0.014784
0 0.001117 0.765184 0.002231 0.022848
0 0.001126 0.762496 0.002213 0.025088
0 0.001136 0.759808 0.002191 0.026432
0 0.001155 0.757568 0.002154 0.024640
0 0.001159 0.755328 0.002147 0.023296
0 0.001174 0.751296 0.002116 0.027328
0 0.001182 0.750848 0.002100 0.021504
0 0.001190 0.747712 0.002083 0.025536
0 0.001207 0.746816 0.002050 0.021952
0 0.001200 0.780416 0.002064 0.029120
0 0.001215 0.762496 0.002034 0.040320
0 0.001207 0.690816 0.002050 0.030464
0 0.001197 0.685440 0.002069 0.017472
0 0.001222 0.849856 0.002020 0.032256
0 0.001238 0.853440 0.001988 0.037632
0 0.010063 0.178304 0.020053 0.029120
0 0.001205 0.903616 0.002054 0.016576
0 0.001762 0.728000 0.000940 0.012544
0 0.001596 0.717248 0.001273 0.010752
0 0.001723 0.691712 0.001019 0.019264
0 0.016504 0.952000 0.029492 0.014784
0 0.011549 0.968128 0.021544 0.012544
0 0.011550 0.955584 0.021543 0.007616
0 0.001273 0.926016 0.001919 0.033152
0 0.001256 0.920192 0.001952 0.033600
0 0.001240 0.918400 0.001985 0.035840
0 0.001171 0.989632 0.002121 0.016128
0 0.001182 0.964544 0.002100 0.018368
0 0.001186 0.953792 0.002092 0.017920
0 0.001197 0.942144 0.002071 0.014784
0 0.001197 0.928256 0.002069 0.019712
0 0.001117 0.911232 0.002231 0.016576
0 0.001968 0.857920 0.000528 0.007168
0 0.001973 0.843584 0.000518 0.018368
0 0.001434 0.836864 0.001597 0.008960
0 0.001447 0.809088 0.001570 0.016576
0 0.001345 0.887040 0.001773 0.032256
0 0.001291 0.861504 0.001883 0.042112
0 0.001174 0.694400 0.002116 0.028672
0 0.001160 0.697088 0.002145 0.028224
0 0.001143 0.702912 0.002177 0.030464
0 0.001131 0.703808 0.002203 0.028672
0 0.001228 0.329728 0.002008 0.028672
0 0.001210 0.354368 0.002044 0.025088
0 0.001195 0.350784 0.002074 0.029120
0 0.001218 0.323456 0.002027 0.023744
0 0.001186 0.345408 0.002092 0.025536
0 0.001200 0.312256 0.002064 0.024640
0 0.001176 0.337792 0.002113 0.026432
0 0.001174 0.380352 0.002117 0.024640
0 0.001141 0.400064 0.002182 0.033600
0 0.001145 0.363776 0.002175 0.025536
0 0.001167 0.331520 0.002131 0.026432
0 0.001179 0.301952 0.002106 0.024640
0 0.001117 0.383936 0.002231 0.032256
0 0.001117 0.347648 0.002231 0.018368
0 0.001146 0.320320 0.002173 0.025088
0 0.001170 0.293888 0.002124 0.023296
0 0.011164 0.273280 0.022316 0.013888
0 0.011173 0.267456 0.022298 0.012096
0 0.011179 0.262976 0.022285 0.012992
0 0.011187 0.254016 0.022270 0.014336
0 0.011179 0.214592 0.022285 0.012544
0 0.001179 0.412608 0.002106 0.034944
0 0.001327 0.301504 0.001811 0.013888
0 0.001294 0.375872 0.001876 0.044352
0 0.001174 0.616896 0.002117 0.021504
0 0.001123 0.707392 0.002218 0.030464
0 0.001150 0.667968 0.002165 0.023296
0 0.001130 0.673344 0.002204 0.023296
0 0.001207 0.659456 0.002050 0.023296
0 0.001194 0.656768 0.002076 0.023296
0 0.001183 0.661248 0.002097 0.023296
0 0.001189 0.584640 0.002086 0.049728
0 0.001194 0.560896 0.002076 0.007168
0 0.001176 0.579264 0.002113 0.035392
0 0.001158 0.614656 0.002148 0.021952
0 0.001122 0.474880 0.002221 0.038528
0 0.001144 0.617344 0.002176 0.022848
0 0.001132 0.617792 0.002201 0.019712
0 0.001117 0.618688 0.002229 0.023296
0 0.001305 0.437696 0.001853 0.021504
0 0.001133 0.534016 0.002198 0.021952
0 0.001117 0.520576 0.002229 0.034048
0 0.001181 0.469056 0.002103 0.008960
0 0.001170 0.487424 0.002124 0.009408
0 0.001138 0.483392 0.002189 0.038528
0 0.008117 0.049280 0.015016 0.095872
