0 0.008241 0.473984 0.014767 0.025088
0 0.008228 0.565824 0.014795 0.029568
0 0.007941 0.185024 0.015367 0.085120
0 0.008030 0.249984 0.015190 0.090944
0 0.008062 0.266560 0.015127 0.099008
0 0.008094 0.276864 0.015061 0.111104
0 0.008163 0.273728 0.014923 0.085568
0 0.008207 0.247296 0.014837 0.077504
0 0.008702 0.049728 0.013846 0.057792
0 0.008669 0.146944 0.013911 0.044352
0 0.008652 0.244160 0.013947 0.047936
0 0.008608 0.402304 0.014033 0.015232
0 0.008612 0.461440 0.014027 0.059136
0 0.008691 0.557760 0.013869 0.072128
0 0.008205 0.955136 0.014839 0.029120
0 0.008217 0.893312 0.014816 0.044800
0 0.008248 0.833280 0.014754 0.027328
0 0.008264 0.737408 0.014721 0.029568
0 0.008261 0.652736 0.014729 0.040320
0 0.007962 0.105728 0.015326 0.020608
