0 0.001135 0.736960 0.002194 0.029568
0 0.001511 0.331968 0.001443 0.029568
0 0.001456 0.244608 0.001553 0.022848
0 0.001464 0.235200 0.001536 0.026880
0 0.001476 0.226240 0.001512 0.024640
0 0.001489 0.203392 0.001486 0.021952
0 0.001495 0.354368 0.001474 0.028672
0 0.001504 0.343168 0.001457 0.027328
0 0.001534 0.309120 0.001396 0.017920
0 0.002008 0.663488 0.000448 0.016128
0 0.001534 0.367808 0.001396 0.024640
0 0.001542 0.355712 0.001381 0.024640
0 0.001560 0.334208 0.001344 0.025536
0 0.001566 0.321216 0.001332 0.024192
0 0.001534 0.297472 0.001396 0.028672
0 0.001547 0.273280 0.001371 0.034944
0 0.001451 0.257152 0.001563 0.018816
0 0.001425 0.220416 0.001615 0.026880
0 0.001439 0.265664 0.001586 0.023296
0 0.001433 0.275968 0.001598 0.024192
0 0.001404 0.251776 0.001657 0.025536
0 0.001419 0.297472 0.001626 0.023296
0 0.001408 0.307328 0.001648 0.025536
0 0.001383 0.284480 0.001698 0.022848
0 0.001400 0.317184 0.001663 0.023296
0 0.001372 0.294336 0.001721 0.025984
0 0.001396 0.327488 0.001672 0.020160
0 0.001367 0.305088 0.001729 0.023296
0 0.001385 0.336896 0.001695 0.024640
0 0.001376 0.348544 0.001712 0.025536
0 0.001367 0.358848 0.001731 0.023296
0 0.001341 0.336896 0.001782 0.023296
0 0.001334 0.346752 0.001797 0.024192
0 0.001575 0.306432 0.001315 0.017472
0 0.001589 0.288512 0.001285 0.026880
0 0.001600 0.277760 0.001264 0.022848
0 0.001778 0.361984 0.000909 0.028224
0 0.001436 0.499520 0.001592 0.023296
0 0.001418 0.463232 0.001628 0.020608
0 0.001428 0.510720 0.001607 0.024640
0 0.001410 0.477568 0.001644 0.024192
0 0.001396 0.488768 0.001672 0.030016
0 0.001354 0.368704 0.001756 0.029568
0 0.012198 0.359296 0.020247 0.016128
0 0.012206 0.365120 0.020232 0.013888
0 0.012212 0.369600 0.020219 0.016576
0 0.012226 0.331072 0.020191 0.013888
0 0.012208 0.280896 0.020227 0.016576
0 0.012216 0.262976 0.020211 0.017920
0 0.001815 0.365568 0.000835 0.025536
0 0.001782 0.343616 0.000900 0.030016
0 0.001771 0.318976 0.000921 0.025984
0 0.001582 0.244160 0.001301 0.024640
0 0.001707 0.353920 0.001051 0.016576
0 0.001733 0.324800 0.000998 0.021952
0 0.001703 0.260736 0.001058 0.014784
0 0.001715 0.277760 0.001035 0.026880
0 0.001700 0.300160 0.001065 0.027328
0 0.001693 0.313152 0.001078 0.021952
0 0.001690 0.322112 0.001084 0.016128
0 0.001670 0.330624 0.001125 0.033600
0 0.001670 0.344960 0.001124 0.021952
0 0.001605 0.198912 0.001255 0.032704
0 0.001623 0.245056 0.001218 0.024192
0 0.001598 0.222208 0.001268 0.024640
0 0.001616 0.255808 0.001233 0.024192
0 0.001588 0.232064 0.001288 0.020608
0 0.001545 0.060928 0.001374 0.011200
0 0.011945 0.193536 0.020752 0.012544
0 0.011953 0.185920 0.020737 0.012544
0 0.001269 0.083328 0.001925 0.020160
0 0.001359 0.030016 0.001746 0.021504
0 0.001351 0.033600 0.001763 0.019264
0 0.001339 0.008960 0.001787 0.016576
0 0.001342 0.039424 0.001780 0.020160
0 0.001329 0.013440 0.001807 0.020160
0 0.001308 0.021504 0.001848 0.018816
0 0.001299 0.030912 0.001866 0.021504
0 0.001314 0.057344 0.001836 0.018816
0 0.001290 0.037632 0.001883 0.023296
0 0.001296 0.067648 0.001872 0.018816
0 0.001273 0.047936 0.001918 0.020608
0 0.001287 0.073024 0.001890 0.017920
0 0.001264 0.050624 0.001937 0.021504
0 0.001278 0.077504 0.001909 0.020160
0 0.001255 0.057792 0.001953 0.019264
0 0.001493 0.123648 0.001479 0.037632
0 0.001260 0.088256 0.001945 0.020160
0 0.001251 0.093632 0.001962 0.020160
0 0.001241 0.099008 0.001981 0.020160
0 0.001243 0.068992 0.001979 0.022848
0 0.001235 0.103488 0.001994 0.016128
0 0.001228 0.073024 0.002008 0.020160
0 0.001219 0.077952 0.002027 0.020160
0 0.001203 0.090048 0.002059 0.021504
0 0.001191 0.012544 0.002083 0.022848
0 0.001175 0.024640 0.002115 0.022848
0 0.008491 0.652736 0.014268 0.403648
0 0.008211 0.475776 0.014827 0.404992
0 0.008103 0.352128 0.015043 0.324800
0 0.008033 0.244608 0.015183 0.262080
0 0.001379 0.018816 0.001707 0.020160
0 0.001497 0.140672 0.001470 0.020608
0 0.001920 0.176512 0.000624 0.010752
0 0.011888 0.095424 0.020867 0.016128
0 0.011982 0.130816 0.020678 0.011200
0 0.011970 0.145152 0.020703 0.012544
0 0.011908 0.140224 0.020826 0.013440
0 0.011912 0.131264 0.020820 0.013888
0 0.001903 0.022400 0.000658 0.035392
0 0.001894 0.034944 0.000676 0.032256
0 0.001886 0.047936 0.000692 0.032704
0 0.001878 0.066304 0.000708 0.030912
0 0.001869 0.079296 0.000727 0.033600
0 0.001851 0.007168 0.000762 0.012544
0 0.001847 0.016576 0.000771 0.019264
0 0.001846 0.029568 0.000772 0.016576
0 0.001833 0.047040 0.000798 0.015232
0 0.001825 0.059584 0.000814 0.012544
0 0.011864 0.089600 0.020915 0.010752
0 0.001487 0.151872 0.001490 0.023296
0 0.011867 0.080640 0.020909 0.011200
0 0.001823 0.069440 0.000818 0.010752
0 0.001604 0.113344 0.001256 0.013440
0 0.001593 0.118272 0.001278 0.013440
0 0.001534 0.074368 0.001396 0.019264
0 0.001528 0.153216 0.001407 0.020608
0 0.001521 0.163520 0.001421 0.022848
0 0.001513 0.174720 0.001438 0.024640
0 0.001507 0.187264 0.001449 0.025536
0 0.001498 0.194880 0.001467 0.024192
0 0.001449 0.201152 0.001565 0.020160
0 0.001469 0.182784 0.001527 0.017920
0 0.001470 0.171136 0.001525 0.024640
0 0.001478 0.162176 0.001508 0.024640
0 0.001453 0.477568 0.001559 0.024192
0 0.001435 0.443968 0.001595 0.023296
0 0.001465 0.463232 0.001535 0.016576
0 0.001901 0.617792 0.000662 0.023296
0 0.001951 0.679616 0.000562 0.016576
0 0.001974 0.654080 0.000517 0.021504
0 0.001948 0.614656 0.000568 0.013440
0 0.001941 0.622720 0.000582 0.013888
0 0.001924 0.729792 0.000617 0.016576
0 0.001925 0.671552 0.000613 0.013888
0 0.001913 0.660800 0.000639 0.013440
0 0.001904 0.714560 0.000657 0.016576
0 0.001894 0.692608 0.000676 0.012544
0 0.001892 0.645120 0.000680 0.013888
0 0.001967 0.584640 0.000531 0.017920
0 0.001854 0.685888 0.000757 0.023296
0 0.001864 0.671104 0.000736 0.021952
0 0.001871 0.658112 0.000722 0.023296
0 0.001913 0.608832 0.000639 0.019264
0 0.001939 0.668416 0.000587 0.011200
0 0.001917 0.591808 0.000630 0.025536
0 0.001929 0.581952 0.000607 0.022848
0 0.001946 0.567168 0.000573 0.016128
0 0.001944 0.552384 0.000576 0.028224
0 0.001717 0.570752 0.001031 0.023296
0 0.001698 0.555520 0.001069 0.019264
0 0.001687 0.617792 0.001089 0.024640
0 0.001661 0.612416 0.001142 0.014784
0 0.001648 0.672896 0.001168 0.024640
0 0.001643 0.651840 0.001178 0.038528
0 0.001669 0.550144 0.001126 0.016576
0 0.001665 0.598528 0.001134 0.024192
0 0.001630 0.573440 0.001205 0.021952
0 0.001624 0.591808 0.001217 0.028224
0 0.001960 0.709184 0.000543 0.027328
0 0.001984 0.643776 0.000496 0.020160
0 0.001614 0.626752 0.001237 0.017920
0 0.001947 0.732032 0.000570 0.018816
0 0.002023 0.629888 0.000419 0.021504
0 0.002046 0.616448 0.000372 0.009856
0 0.002030 0.618688 0.000405 0.025536
0 0.002025 0.568960 0.000415 0.017920
0 0.002018 0.550144 0.000428 0.020608
0 0.002042 0.565824 0.000381 0.017472
0 0.002060 0.581952 0.000345 0.020160
0 0.002074 0.554176 0.000317 0.024640
0 0.002215 0.799680 0.000034 0.018816
0 0.002198 0.879424 0.000067 0.015232
0 0.002131 0.722624 0.000202 0.021504
0 0.002072 0.807744 0.000319 0.017920
0 0.002001 0.829248 0.000463 0.019264
0 0.001970 0.697088 0.000524 0.027328
0 0.001916 0.773696 0.000632 0.023296
0 0.001987 0.598976 0.000491 0.016576
0 0.001885 0.839104 0.000695 0.018816
0 0.001885 0.768320 0.000695 0.024192
0 0.001880 0.743680 0.000705 0.016128
0 0.001866 0.823424 0.000732 0.016576
0 0.001859 0.831936 0.000747 0.017920
0 0.001851 0.808640 0.000762 0.012544
0 0.001836 0.812224 0.000792 0.017472
0 0.001812 0.749952 0.000841 0.022848
0 0.001793 0.767424 0.000878 0.028672
0 0.001835 0.723072 0.000794 0.013888
0 0.002016 0.605696 0.000431 0.013888
0 0.002003 0.612416 0.000458 0.017472
0 0.002000 0.672448 0.000464 0.016576
0 0.001999 0.592704 0.000467 0.013440
0 0.001614 0.560448 0.001237 0.016128
0 0.001592 0.611072 0.001280 0.019264
0 0.001444 0.434560 0.001577 0.021952
0 0.001601 0.504896 0.001262 0.025984
0 0.001715 0.428736 0.001033 0.013888
0 0.001675 0.400960 0.001115 0.028224
0 0.001670 0.421568 0.001124 0.033600
0 0.001639 0.390656 0.001186 0.021952
0 0.001670 0.464128 0.001124 0.016576
0 0.001645 0.444416 0.001173 0.016576
0 0.001659 0.473088 0.001145 0.017472
0 0.001636 0.457408 0.001192 0.020608
0 0.001631 0.522368 0.001201 0.017472
0 0.001630 0.503552 0.001204 0.018816
0 0.001621 0.412608 0.001223 0.023296
0 0.001612 0.425152 0.001240 0.025984
0 0.001603 0.435008 0.001259 0.027328
0 0.001611 0.489664 0.001242 0.018816
0 0.001584 0.457856 0.001296 0.030016
0 0.001710 0.493248 0.001044 0.012544
0 0.001582 0.470400 0.001301 0.023296
0 0.001575 0.482048 0.001313 0.023296
0 0.001550 0.516544 0.001364 0.024640
0 0.001545 0.529536 0.001374 0.024640
0 0.001533 0.539392 0.001399 0.024640
0 0.001533 0.379008 0.001399 0.017920
0 0.001518 0.389312 0.001428 0.027328
0 0.001493 0.422464 0.001479 0.025984
0 0.001480 0.377216 0.001504 0.026880
0 0.001484 0.433216 0.001495 0.023296
0 0.001474 0.388864 0.001517 0.020160
0 0.001476 0.444864 0.001512 0.026880
0 0.001451 0.419776 0.001561 0.019264
0 0.001472 0.456960 0.001519 0.018816
0 0.001730 0.393344 0.001004 0.025536
0 0.001719 0.515200 0.001026 0.012544
0 0.001581 0.628096 0.001303 0.027328
0 0.002023 0.510720 0.000417 0.013888
0 0.001558 0.605248 0.001349 0.022848
0 0.001569 0.551936 0.001326 0.028224
0 0.001549 0.583744 0.001366 0.032256
0 0.001537 0.590016 0.001390 0.020608
0 0.001507 0.574336 0.001449 0.028672
0 0.001516 0.562240 0.001433 0.025984
0 0.001528 0.551488 0.001407 0.023296
0 0.001651 0.535360 0.001162 0.015232
0 0.002088 0.545216 0.000289 0.016128
0 0.002071 0.531328 0.000323 0.013888
0 0.002061 0.537152 0.000342 0.012096
0 0.002053 0.519232 0.000358 0.014784
0 0.002004 0.536256 0.000457 0.013440
0 0.002013 0.473088 0.000438 0.017472
0 0.002006 0.483840 0.000453 0.016576
0 0.001750 0.389760 0.000963 0.031360
0 0.001997 0.491456 0.000471 0.018816
0 0.001985 0.503552 0.000494 0.022848
0 0.001970 0.530432 0.000524 0.020160
0 0.001960 0.538944 0.000545 0.018816
0 0.001834 0.403648 0.000795 0.030912
0 0.001814 0.383040 0.000836 0.020608
0 0.001810 0.433664 0.000844 0.023296
0 0.001798 0.445312 0.000869 0.030016
0 0.001784 0.412608 0.000897 0.020608
0 0.001780 0.425152 0.000904 0.016576
0 0.001733 0.442624 0.000999 0.017920
0 0.001742 0.521472 0.000980 0.032704
0 0.001745 0.471744 0.000975 0.023296
0 0.001763 0.411712 0.000939 0.017920
0 0.007902 0.061824 0.015446 0.122304
