0 0.011210 0.756672 0.022224 0.053760
0 0.011424 0.182784 0.021794 0.037184
0 0.011388 0.169344 0.021866 0.031360
0 0.011281 0.170240 0.022082 0.041664
0 0.011277 0.198464 0.022090 0.035840
0 0.011285 0.110656 0.022074 0.032704
0 0.011279 0.138880 0.022086 0.038976
0 0.010247 0.371840 0.019684 0.044800
0 0.010824 0.407680 0.018530 0.241920
0 0.010682 0.728448 0.018815 0.089600
0 0.010639 0.760256 0.018901 0.126784
0 0.010597 0.661248 0.018985 0.086464
0 0.010564 0.614208 0.019051 0.088256
0 0.010542 0.596288 0.019095 0.088256
0 0.010515 0.586432 0.019149 0.089600
0 0.010489 0.574784 0.019201 0.089600
0 0.010460 0.570304 0.019259 0.089600
0 0.010426 0.569408 0.019327 0.081984
0 0.010396 0.722176 0.019387 0.116480
0 0.010388 0.543872 0.019402 0.090944
0 0.010362 0.510272 0.019454 0.074816
0 0.011423 0.214144 0.021796 0.034496
0 0.011426 0.148288 0.021790 0.034496
0 0.011249 0.767872 0.022146 0.058240
0 0.011444 0.065856 0.021754 0.035840
0 0.011269 0.840448 0.022106 0.032704
0 0.011229 0.756672 0.022186 0.059584
0 0.011561 0.208768 0.021521 0.023744
0 0.011557 0.176960 0.021529 0.022400
0 0.011831 0.735616 0.020982 0.047936
0 0.011853 0.754432 0.020938 0.052416
0 0.011885 0.805952 0.020872 0.053760
0 0.011872 0.756672 0.020898 0.056896
0 0.011940 0.742336 0.020762 0.064064
0 0.011968 0.742336 0.020706 0.061376
0 0.011992 0.749952 0.020658 0.064064
0 0.012017 0.753536 0.020608 0.062720
0 0.012044 0.755776 0.020554 0.055104
0 0.012069 0.763392 0.020505 0.067200
0 0.012109 0.793856 0.020425 0.035840
0 0.012217 0.548352 0.020209 0.055104
0 0.012162 0.633024 0.020319 0.035840
0 0.012163 0.449792 0.020317 0.055104
0 0.012113 0.436352 0.020417 0.064064
0 0.010341 0.497728 0.019496 0.076160
