0 0.008754 0.848064 0.013742 0.060032
0 0.008727 0.813568 0.013795 0.046592
0 0.008632 0.703360 0.013986 0.077056
0 0.008526 0.628544 0.014199 0.081984
0 0.008481 0.588224 0.014287 0.073024
0 0.008422 0.540736 0.014405 0.056896
0 0.008386 0.509824 0.014477 0.047488
0 0.008336 0.459648 0.014578 0.060032
0 0.008273 0.416640 0.014703 0.062272
0 0.008210 0.368704 0.014831 0.053760
0 0.008105 0.291200 0.015040 0.079744
0 0.008007 0.192192 0.015237 0.066752
0 0.007949 0.159488 0.015352 0.076160
0 0.007918 0.132608 0.015414 0.073920
