0 0.001289 0.954240 0.001887 0.009408
0 0.008675 0.435008 0.013900 0.014336
0 0.008066 0.456064 0.015118 0.024640
0 0.008061 0.430080 0.015127 0.030016
0 0.008053 0.407680 0.015143 0.025536
0 0.008068 0.378112 0.015114 0.020160
0 0.008061 0.342272 0.015127 0.022848
0 0.008724 0.695744 0.013803 0.015680
0 0.008720 0.675584 0.013810 0.021056
0 0.008632 0.681856 0.013986 0.093632
0 0.008709 0.652736 0.013832 0.021504
0 0.008696 0.558208 0.013857 0.014784
0 0.008681 0.461888 0.013888 0.014784
0 0.008671 0.413056 0.013908 0.015680
0 0.008591 0.489664 0.014068 0.013888
0 0.008667 0.383040 0.013916 0.014336
0 0.008664 0.367360 0.013922 0.011200
0 0.008660 0.335104 0.013929 0.012544
0 0.008648 0.312256 0.013955 0.019264
0 0.008656 0.288064 0.013937 0.015680
0 0.008652 0.256256 0.013947 0.012544
0 0.008647 0.241024 0.013957 0.014336
0 0.008559 0.244608 0.014132 0.020160
0 0.008553 0.265216 0.014144 0.013888
0 0.008560 0.293888 0.014130 0.013888
0 0.008563 0.317632 0.014125 0.012096
0 0.008068 0.475776 0.015114 0.025536
0 0.008051 0.501312 0.015149 0.030016
0 0.008035 0.527744 0.015180 0.025536
0 0.008024 0.554624 0.015202 0.024640
0 0.008132 0.213696 0.014985 0.042560
0 0.008157 0.192192 0.014936 0.043008
0 0.008189 0.159488 0.014872 0.038976
0 0.008263 0.125440 0.014724 0.052416
0 0.008380 0.097664 0.014489 0.045248
0 0.008510 0.122752 0.014230 0.030016
0 0.008666 0.109312 0.013918 0.034048
0 0.008742 0.098112 0.013766 0.030464
0 0.008822 0.094528 0.013606 0.026880
0 0.008636 0.180992 0.013978 0.015680
0 0.008011 0.981120 0.015229 0.015680
0 0.007986 0.943488 0.015278 0.017920
0 0.007960 0.878976 0.015330 0.021504
0 0.007944 0.802816 0.015362 0.019712
0 0.007956 0.780864 0.015338 0.012544
0 0.007945 0.835520 0.015360 0.032704
0 0.007958 0.748160 0.015334 0.047936
0 0.007973 0.703808 0.015303 0.013888
0 0.007985 0.674240 0.015280 0.014336
0 0.007990 0.643776 0.015270 0.015680
0 0.008021 0.619136 0.015207 0.027328
0 0.008048 0.600320 0.015155 0.023744
0 0.008028 0.573888 0.015194 0.026432
0 0.008575 0.337344 0.014099 0.014784
0 0.008595 0.508480 0.014060 0.014784
0 0.001250 0.796544 0.001965 0.014336
0 0.001890 0.347648 0.000685 0.010304
0 0.001994 0.573888 0.000476 0.010752
0 0.001992 0.549696 0.000480 0.010752
0 0.001991 0.512064 0.000482 0.010304
0 0.001979 0.479808 0.000505 0.017920
0 0.001981 0.453376 0.000501 0.010304
0 0.001898 0.445760 0.000669 0.010752
0 0.001884 0.373632 0.000697 0.012544
0 0.001897 0.394240 0.000671 0.008960
0 0.001901 0.419776 0.000661 0.007616
0 0.001974 0.404096 0.000517 0.011200
0 0.001955 0.312256 0.000554 0.012544
0 0.001879 0.309568 0.000706 0.009408
0 0.008588 0.465920 0.014074 0.012992
0 0.001896 0.260736 0.000673 0.015680
0 0.001942 0.221760 0.000579 0.008960
0 0.001935 0.192192 0.000595 0.007168
0 0.001960 0.708736 0.000544 0.010304
0 0.001965 0.725312 0.000535 0.007616
0 0.002155 0.082432 0.000154 0.008960
0 0.001822 0.107520 0.000819 0.021952
0 0.001460 0.188160 0.001543 0.016576
0 0.001439 0.212800 0.001586 0.016576
0 0.001267 0.714112 0.001930 0.010752
0 0.001263 0.760704 0.001938 0.009408
0 0.002001 0.608832 0.000462 0.008960
0 0.002003 0.621824 0.000459 0.007168
0 0.001950 0.681408 0.000564 0.009408
0 0.001953 0.673792 0.000558 0.009408
0 0.008580 0.412160 0.014089 0.012992
0 0.008575 0.387072 0.014099 0.010752
0 0.008572 0.366016 0.014107 0.012544
0 0.008601 0.555968 0.014048 0.016576
0 0.008607 0.584640 0.014037 0.012544
0 0.008624 0.614656 0.014002 0.026880
0 0.008556 0.213696 0.014138 0.012096
0 0.001290 0.652288 0.001885 0.010752
0 0.001288 0.666624 0.001889 0.008960
0 0.001334 0.590016 0.001797 0.010752
0 0.001326 0.563136 0.001813 0.009408
0 0.001334 0.539392 0.001797 0.008512
0 0.001328 0.553728 0.001809 0.008512
0 0.001369 0.452032 0.001727 0.007616
0 0.001369 0.439040 0.001727 0.011200
0 0.001366 0.402304 0.001733 0.010304
0 0.001939 0.526848 0.000585 0.020160
0 0.001943 0.553280 0.000578 0.017472
0 0.001921 0.566272 0.000622 0.008512
0 0.001927 0.576576 0.000611 0.009408
0 0.001955 0.620928 0.000554 0.017920
0 0.001942 0.643776 0.000579 0.010752
0 0.001947 0.664832 0.000570 0.010752
0 0.008053 0.293440 0.015143 0.019712
