0 0.008637 0.386176 0.013976 0.023296
0 0.008271 0.531776 0.014708 0.014784
0 0.008788 0.468160 0.013675 0.026432
0 0.008717 0.483392 0.013816 0.015232
0 0.008404 0.937216 0.014443 0.023744
0 0.008313 0.912576 0.014623 0.035392
0 0.008242 0.839552 0.014766 0.012544
0 0.008194 0.808640 0.014861 0.008512
0 0.008240 0.784896 0.014769 0.011648
0 0.008226 0.753536 0.014798 0.011648
0 0.008227 0.693056 0.014797 0.012544
0 0.008260 0.640640 0.014730 0.014336
0 0.008184 0.590464 0.014883 0.010752
0 0.008000 0.467712 0.015250 0.031808
0 0.008608 0.419328 0.014035 0.012992
0 0.008002 0.430976 0.015245 0.042112
0 0.008020 0.355264 0.015209 0.027776
0 0.008019 0.322560 0.015211 0.023744
0 0.008022 0.292544 0.015205 0.012096
0 0.008024 0.267456 0.015202 0.010752
0 0.008210 0.233856 0.014830 0.009408
0 0.008175 0.202944 0.014899 0.012096
0 0.008006 0.175168 0.015238 0.022400
0 0.007992 0.127680 0.015265 0.023744
0 0.007974 0.101696 0.015301 0.027776
0 0.007954 0.066752 0.015341 0.028224
0 0.008859 0.439936 0.013531 0.034496
0 0.008734 0.563136 0.013781 0.010304
0 0.008755 0.577472 0.013739 0.009408
0 0.008760 0.593600 0.013729 0.012544
0 0.008593 0.463680 0.014063 0.016576
0 0.008578 0.495936 0.014093 0.012544
0 0.008576 0.525504 0.014098 0.010752
0 0.008571 0.543424 0.014109 0.017472
0 0.008583 0.579264 0.014084 0.009408
0 0.008590 0.600768 0.014071 0.008512
0 0.008585 0.627200 0.014080 0.008512
0 0.008585 0.650048 0.014080 0.007616
0 0.008593 0.681408 0.014064 0.011648
0 0.008596 0.708736 0.014058 0.012096
0 0.008600 0.732032 0.014049 0.008512
0 0.008594 0.762944 0.014062 0.005824
0 0.008595 0.798784 0.014059 0.018816
0 0.008580 0.827456 0.014089 0.010752
0 0.008536 0.871360 0.014177 0.025536
0 0.008486 0.895104 0.014278 0.025088
0 0.008848 0.829248 0.013555 0.053760
0 0.008786 0.688128 0.013679 0.013440
0 0.008785 0.665280 0.013681 0.018368
0 0.008794 0.645120 0.013662 0.016576
0 0.008776 0.633472 0.013697 0.019264
0 0.008780 0.619136 0.013690 0.014784
0 0.008765 0.607936 0.013720 0.017920
0 0.007927 0.012544 0.015396 0.024640
