0 0.001786 0.491008 0.000891 0.016576
0 0.001776 0.417984 0.000913 0.012544
0 0.001774 0.430976 0.000916 0.018368
0 0.001694 0.341376 0.001077 0.016128
0 0.001570 0.215040 0.001324 0.019264
0 0.001508 0.147840 0.001449 0.016576
0 0.001476 0.108416 0.001512 0.014784
0 0.008557 0.858816 0.014136 0.073920
0 0.008220 0.760256 0.014811 0.081536
0 0.008104 0.552832 0.015041 0.129024
0 0.008308 0.423360 0.014633 0.061824
0 0.008182 0.349440 0.014887 0.071680
0 0.008093 0.288960 0.015064 0.081088
0 0.007989 0.230720 0.015273 0.073024
0 0.007929 0.187712 0.015392 0.076608
0 0.007913 0.115136 0.015424 0.077056
