0 0.008566 0.953344 0.014118 0.013888
0 0.007963 0.442176 0.015325 0.017024
0 0.008013 0.116480 0.015224 0.020160
0 0.007854 0.185920 0.015541 0.028224
0 0.007815 0.224896 0.015620 0.030464
0 0.007932 0.297024 0.015387 0.016128
0 0.007896 0.342272 0.015459 0.019264
0 0.007939 0.373632 0.015373 0.019264
0 0.007931 0.413952 0.015388 0.009408
0 0.007935 0.470848 0.015380 0.014784
0 0.008004 0.926464 0.015241 0.035392
0 0.007899 0.552832 0.015451 0.034496
0 0.008207 0.610176 0.014837 0.016128
0 0.007858 0.685440 0.015535 0.036736
0 0.008349 0.779520 0.014552 0.023296
0 0.008018 0.824768 0.015214 0.033152
0 0.008412 0.843584 0.014426 0.010304
0 0.008384 0.876288 0.014483 0.011200
0 0.007900 0.066304 0.015450 0.028224
