0 0.001670 0.966784 0.001124 0.010304
0 0.008330 0.872704 0.014589 0.019712
0 0.008496 0.468608 0.014258 0.014784
0 0.008517 0.516992 0.014217 0.019712
0 0.008526 0.570304 0.014199 0.016128
0 0.008531 0.615104 0.014189 0.014784
0 0.008541 0.661248 0.014168 0.029568
0 0.008559 0.715904 0.014132 0.020160
0 0.008568 0.763392 0.014114 0.014336
0 0.008581 0.804608 0.014088 0.021952
0 0.008600 0.866432 0.014049 0.022400
0 0.008612 0.915264 0.014026 0.022400
0 0.008630 0.964096 0.013990 0.026432
0 0.008363 0.979328 0.014524 0.017920
0 0.008347 0.919744 0.014555 0.025984
0 0.008328 0.821184 0.014594 0.018368
0 0.008483 0.376768 0.014284 0.014784
0 0.008312 0.774592 0.014625 0.019264
0 0.008296 0.728896 0.014659 0.021056
0 0.008272 0.670656 0.014705 0.019264
0 0.008253 0.626752 0.014744 0.019712
0 0.008263 0.540736 0.014723 0.037632
0 0.008219 0.492352 0.014811 0.019712
0 0.008237 0.426496 0.014775 0.027328
0 0.008206 0.353920 0.014837 0.040320
0 0.008204 0.310016 0.014842 0.004480
0 0.008192 0.282688 0.014865 0.018368
0 0.008174 0.233856 0.014902 0.025984
0 0.008157 0.183232 0.014935 0.018816
0 0.008119 0.145152 0.015013 0.012096
0 0.008492 0.420672 0.014266 0.014336
0 0.008460 0.318528 0.014331 0.021952
0 0.001912 0.945728 0.000641 0.010752
0 0.001734 0.311360 0.000997 0.018368
0 0.001666 0.915712 0.001132 0.007168
0 0.001626 0.809536 0.001212 0.010752
0 0.001617 0.715008 0.001230 0.010752
0 0.001612 0.742336 0.001240 0.011200
0 0.001633 0.788480 0.001199 0.009408
0 0.001979 0.847168 0.000506 0.007168
0 0.001879 0.819392 0.000705 0.009408
0 0.001863 0.752192 0.000739 0.008512
0 0.001858 0.731136 0.000749 0.008960
0 0.001845 0.680064 0.000775 0.009408
0 0.001600 0.657664 0.001263 0.007168
0 0.001581 0.640192 0.001302 0.009856
0 0.001785 0.388864 0.000894 0.009408
0 0.001741 0.291200 0.000982 0.010304
0 0.008448 0.274624 0.014354 0.021504
0 0.001495 0.250432 0.001475 0.010752
0 0.001724 0.262080 0.001015 0.008064
0 0.001723 0.244608 0.001018 0.011200
0 0.001470 0.198016 0.001524 0.011648
0 0.001426 0.156352 0.001612 0.009856
0 0.001703 0.143808 0.001059 0.009408
0 0.001688 0.120960 0.001088 0.021504
0 0.001665 0.042560 0.001134 0.010752
0 0.001434 0.099008 0.001597 0.009408
0 0.008361 0.032256 0.014527 0.012096
0 0.008414 0.132160 0.014421 0.016128
0 0.008403 0.175168 0.014444 0.045248
0 0.008427 0.229376 0.014395 0.021056
0 0.008084 0.090048 0.015082 0.009856
