0 0.008407 0.865984 0.014436 0.013888
0 0.008466 0.419328 0.014319 0.004928
0 0.008007 0.056448 0.015235 0.007168
0 0.008007 0.077952 0.015235 0.007616
0 0.008013 0.112000 0.015224 0.007168
0 0.008053 0.139776 0.015143 0.017472
0 0.008077 0.162176 0.015095 0.010304
0 0.008068 0.213248 0.015114 0.033600
0 0.008147 0.245952 0.014956 0.032256
0 0.008222 0.322112 0.014807 0.035392
0 0.008237 0.341376 0.014777 0.023296
0 0.008183 0.400064 0.014884 0.006272
0 0.008401 0.422464 0.014448 0.008512
0 0.008593 0.859264 0.014065 0.003136
0 0.008170 0.423808 0.014909 0.005824
0 0.008237 0.439040 0.014777 0.009856
0 0.008295 0.461440 0.014659 0.012992
0 0.008246 0.537600 0.014758 0.021504
0 0.008374 0.603008 0.014502 0.022400
0 0.008363 0.676928 0.014524 0.019264
0 0.008420 0.805952 0.014409 0.018368
0 0.008666 0.854336 0.013919 0.012544
0 0.008424 0.970816 0.014401 0.005824
0 0.008407 0.945728 0.014435 0.006272
0 0.007998 0.033600 0.015253 0.006272
