0 0.008247 0.979328 0.014755 0.006720
0 0.008379 0.279104 0.014492 0.004928
0 0.008143 0.460544 0.014963 0.007616
0 0.008125 0.431424 0.014999 0.008960
0 0.008143 0.416192 0.014963 0.004928
0 0.008193 0.401856 0.014863 0.004928
0 0.008209 0.383488 0.014833 0.005824
0 0.008299 0.340480 0.014653 0.003584
0 0.008311 0.321664 0.014628 0.004480
0 0.008409 0.263872 0.014431 0.004928
0 0.008145 0.490112 0.014960 0.003584
0 0.008415 0.250432 0.014420 0.005376
0 0.008321 0.235648 0.014609 0.003136
0 0.008214 0.217280 0.014822 0.005824
0 0.008074 0.188608 0.015102 0.007168
0 0.008281 0.148736 0.014689 0.005824
0 0.008199 0.098560 0.014852 0.005376
0 0.008179 0.064960 0.014891 0.005824
0 0.008150 0.478016 0.014949 0.003136
0 0.008142 0.512512 0.014966 0.008512
0 0.008276 0.962304 0.014697 0.004480
0 0.008236 0.740096 0.014778 0.004032
0 0.008229 0.937664 0.014791 0.005824
0 0.008391 0.910784 0.014467 0.004928
0 0.008497 0.891520 0.014257 0.005824
0 0.008242 0.829248 0.014766 0.004928
0 0.008171 0.793856 0.014908 0.007616
0 0.008181 0.773696 0.014888 0.008512
0 0.008203 0.757568 0.014844 0.002240
0 0.008287 0.722176 0.014675 0.004928
0 0.008174 0.531776 0.014902 0.006272
0 0.008265 0.697536 0.014719 0.009408
0 0.008274 0.686784 0.014703 0.005376
0 0.008275 0.655424 0.014700 0.004928
0 0.008258 0.606592 0.014733 0.010304
0 0.008229 0.582400 0.014791 0.004480
0 0.008184 0.569856 0.014883 0.006720
0 0.008156 0.548800 0.014938 0.008512
0 0.008346 0.032256 0.014559 0.008960
