0 0.008014 0.979328 0.015221 0.013888
0 0.008388 0.482496 0.014475 0.017024
0 0.008799 0.017024 0.013652 0.009408
0 0.008574 0.100352 0.014102 0.020160
0 0.008495 0.131712 0.014260 0.024640
0 0.008451 0.159488 0.014348 0.029120
0 0.008447 0.190848 0.014356 0.030464
0 0.008443 0.228032 0.014364 0.021952
0 0.008357 0.260736 0.014535 0.027776
0 0.008416 0.289408 0.014418 0.017472
0 0.008435 0.327040 0.014379 0.020160
0 0.008417 0.352576 0.014416 0.021504
0 0.008464 0.384384 0.014323 0.015232
0 0.008462 0.417088 0.014327 0.019264
0 0.008331 0.503104 0.014588 0.024192
0 0.007930 0.949760 0.015389 0.025088
0 0.008353 0.534464 0.014545 0.021504
0 0.008312 0.581056 0.014627 0.022400
0 0.008275 0.611072 0.014699 0.025088
0 0.008265 0.639744 0.014720 0.021056
0 0.008242 0.692160 0.014765 0.021056
0 0.008151 0.757120 0.014949 0.021952
0 0.008143 0.787136 0.014964 0.019264
0 0.008065 0.814912 0.015120 0.021056
0 0.008029 0.845376 0.015192 0.021952
0 0.008000 0.870016 0.015251 0.021056
0 0.007964 0.894208 0.015323 0.020160
0 0.007961 0.920640 0.015329 0.022400
0 0.008581 0.068096 0.014089 0.017920
