0 0.011599 0.670208 0.021445 0.006272
0 0.011855 0.758464 0.020934 0.006272
0 0.008033 0.844032 0.015184 0.025984
0 0.016094 0.808640 0.030313 0.018816
0 0.007944 0.753088 0.015362 0.023296
0 0.008022 0.701568 0.015207 0.025088
0 0.008021 0.622720 0.015208 0.025536
0 0.008074 0.581504 0.015103 0.031360
0 0.008189 0.523264 0.014872 0.022400
0 0.008189 0.482496 0.014872 0.030464
0 0.008221 0.442624 0.014807 0.031808
0 0.008249 0.402304 0.014751 0.027776
0 0.008219 0.346304 0.014812 0.032256
0 0.008228 0.293440 0.014795 0.017472
0 0.008483 0.258944 0.014284 0.009408
0 0.008383 0.236544 0.014483 0.043456
0 0.008451 0.199360 0.014347 0.033600
0 0.008627 0.162624 0.013995 0.008512
0 0.008567 0.156352 0.014116 0.014336
0 0.008472 0.161280 0.014307 0.030464
0 0.008532 0.116928 0.014186 0.034048
0 0.007968 0.885696 0.015314 0.022400
0 0.007998 0.938112 0.015255 0.021952
0 0.012112 0.598528 0.020419 0.012544
0 0.001527 0.451584 0.001411 0.008064
0 0.011807 0.761152 0.021030 0.012992
0 0.011764 0.751744 0.021115 0.007168
0 0.012137 0.114240 0.020368 0.005824
0 0.012108 0.258496 0.020427 0.008512
0 0.012112 0.266112 0.020419 0.007168
0 0.012108 0.274176 0.020427 0.006272
0 0.001518 0.350336 0.001428 0.010752
0 0.001554 0.409024 0.001355 0.009856
0 0.001331 0.686336 0.001803 0.008960
0 0.012093 0.902272 0.020456 0.012544
0 0.011844 0.559104 0.020955 0.010752
0 0.011803 0.575232 0.021037 0.008960
0 0.011792 0.698880 0.021059 0.012992
0 0.011737 0.695296 0.021169 0.011200
0 0.011898 0.985152 0.020847 0.010304
0 0.011923 0.931392 0.020797 0.011200
0 0.011803 0.869568 0.021037 0.006272
0 0.011800 0.861504 0.021042 0.006272
0 0.008413 0.148736 0.014425 0.046592
