0 0.012179 0.108864 0.020285 0.011648
0 0.001696 0.161280 0.001072 0.017920
0 0.001664 0.423360 0.001137 0.017024
0 0.001724 0.336448 0.001016 0.019264
0 0.001512 0.076608 0.001441 0.017472
0 0.008318 0.912576 0.014615 0.025536
0 0.008377 0.835072 0.014496 0.048384
0 0.008617 0.728448 0.014017 0.014336
0 0.008225 0.748160 0.014800 0.023296
0 0.008235 0.607040 0.014780 0.063168
0 0.008334 0.516544 0.014581 0.043008
0 0.008364 0.408576 0.014522 0.077056
0 0.008416 0.305536 0.014419 0.056896
0 0.008417 0.165312 0.014416 0.049280
0 0.008189 0.049728 0.014872 0.051968
