0 0.007829 0.978432 0.015593 0.017024
0 0.008090 0.905408 0.015070 0.017920
0 0.008112 0.875840 0.015026 0.015232
0 0.008120 0.853440 0.015010 0.011200
0 0.008187 0.793856 0.014877 0.012096
0 0.008215 0.748160 0.014821 0.010304
0 0.008229 0.718144 0.014792 0.008512
0 0.008142 0.685888 0.014965 0.009408
0 0.008191 0.560896 0.014869 0.015232
0 0.008172 0.386176 0.014905 0.008064
0 0.008187 0.321664 0.014877 0.011648
0 0.008211 0.278208 0.014829 0.010752
0 0.015770 0.275968 0.030960 0.007168
0 0.008221 0.242816 0.014809 0.012992
0 0.008333 0.074816 0.014583 0.015680
