0 0.015626 0.803712 0.031249 0.016576
0 0.007852 0.967232 0.015546 0.042560
0 0.007995 0.906304 0.015260 0.067200
0 0.008053 0.910336 0.015144 0.122752
0 0.008169 0.854336 0.014912 0.126784
0 0.008316 0.777728 0.014618 0.106624
0 0.008374 0.731136 0.014501 0.099008
0 0.008422 0.701120 0.014406 0.074816
0 0.008467 0.647808 0.014315 0.090048
0 0.008502 0.606144 0.014245 0.109312
0 0.008549 0.562240 0.014152 0.077056
0 0.008576 0.489664 0.014099 0.082432
0 0.008619 0.319424 0.014012 0.048832
0 0.008690 0.257600 0.013870 0.058688
0 0.008725 0.195776 0.013800 0.064512
0 0.008766 0.032704 0.013717 0.062272
