0 0.001972 0.097216 0.000521 0.051968
0 0.001883 0.790272 0.000698 0.059584
0 0.001575 0.586432 0.001315 0.057344
0 0.001508 0.548800 0.001448 0.047488
0 0.001220 0.570752 0.002025 0.045248
0 0.008627 0.701120 0.013995 0.357952
0 0.008569 0.635264 0.014112 0.363776
0 0.008481 0.621376 0.014288 0.278208
0 0.008348 0.547904 0.014554 0.260736
0 0.008284 0.491456 0.014682 0.271040
0 0.008218 0.460544 0.014814 0.240128
0 0.008147 0.428288 0.014956 0.202944
0 0.008081 0.415744 0.015087 0.187264
0 0.007950 0.408128 0.015350 0.450688
0 0.007901 0.357056 0.015447 0.500864
