0 0.007950 0.817600 0.015351 0.034496
0 0.007925 0.873600 0.015400 0.047040
0 0.008530 0.073472 0.014190 0.073472
0 0.008513 0.083776 0.014225 0.030912
0 0.008489 0.124992 0.014272 0.044352
0 0.016265 0.035840 0.029969 0.017024
0 0.008467 0.236096 0.014316 0.017024
0 0.008437 0.278656 0.014376 0.011648
0 0.008395 0.361088 0.014461 0.051520
0 0.008391 0.379008 0.014469 0.042112
0 0.008374 0.402304 0.014502 0.032704
0 0.008361 0.447104 0.014529 0.064960
0 0.008334 0.514304 0.014582 0.089152
0 0.008312 0.541184 0.014626 0.074816
0 0.008282 0.538944 0.014686 0.018368
0 0.008220 0.572992 0.014809 0.021504
0 0.008224 0.664384 0.014803 0.094976
0 0.008146 0.639744 0.014957 0.031808
0 0.008147 0.669760 0.014956 0.029568
0 0.008129 0.738304 0.014992 0.089152
0 0.008082 0.822080 0.015086 0.140224
0 0.007838 0.956928 0.015573 0.025536
0 0.007876 0.904512 0.015499 0.039872
0 0.008755 0.016128 0.013741 0.025536
