0 0.008867 0.497728 0.013517 0.065408
0 0.008831 0.522816 0.013589 0.073472
0 0.007879 0.388864 0.015492 0.194880
0 0.007929 0.374976 0.015392 0.130816
0 0.007989 0.351680 0.015271 0.094976
0 0.008048 0.337792 0.015155 0.112896
0 0.008208 0.354368 0.014834 0.073472
0 0.008244 0.365120 0.014762 0.094976
0 0.008329 0.435456 0.014593 0.065408
0 0.008400 0.495040 0.014451 0.060480
0 0.008447 0.528640 0.014356 0.068544
0 0.008469 0.536704 0.014312 0.062272
0 0.008506 0.559552 0.014239 0.059136
0 0.008568 0.574336 0.014114 0.065408
0 0.008594 0.585088 0.014061 0.054208
0 0.008644 0.611968 0.013962 0.045696
0 0.008686 0.614656 0.013878 0.063616
0 0.008734 0.603008 0.013781 0.067200
0 0.008782 0.571200 0.013687 0.088256
0 0.015714 0.551488 0.031071 0.052416
