0 0.008642 0.777728 0.013967 0.004480
0 0.007836 0.414848 0.015578 0.008064
0 0.007987 0.494592 0.015276 0.004928
0 0.008022 0.477120 0.015205 0.004480
0 0.007997 0.467712 0.015256 0.005376
0 0.007910 0.451584 0.015430 0.005824
0 0.007895 0.431424 0.015461 0.006720
0 0.007875 0.422912 0.015501 0.004928
0 0.007829 0.405888 0.015591 0.004480
0 0.008024 0.512512 0.015202 0.007168
0 0.007814 0.377664 0.015622 0.003584
0 0.007814 0.385280 0.015622 0.003584
0 0.015773 0.338688 0.030955 0.004928
0 0.007812 0.108864 0.015625 0.004928
0 0.007833 0.096768 0.015585 0.006720
0 0.007871 0.046592 0.015508 0.005824
0 0.008002 0.503552 0.015246 0.006720
0 0.008069 0.538944 0.015111 0.005376
0 0.008628 0.786240 0.013994 0.005824
0 0.008930 0.763840 0.017854 0.029120
0 0.008655 0.795648 0.013940 0.003584
0 0.008757 0.812224 0.013735 0.003584
0 0.008739 0.827456 0.013772 0.004480
0 0.008781 0.841792 0.013688 0.004480
0 0.008818 0.858368 0.013614 0.004928
0 0.008821 0.877184 0.013608 0.004032
0 0.008536 0.734272 0.014178 0.004480
0 0.008180 0.547008 0.014890 0.003584
0 0.008447 0.689024 0.014356 0.004480
0 0.008410 0.681408 0.014430 0.004480
0 0.008341 0.647808 0.014568 0.004928
0 0.008303 0.632128 0.014645 0.004928
0 0.008259 0.610176 0.014732 0.004480
0 0.008130 0.556864 0.014991 0.005376
0 0.007888 0.036288 0.015474 0.005824
