0 0.008604 0.650048 0.014042 0.012992
0 0.008082 0.321664 0.015087 0.019264
0 0.007840 0.587776 0.015571 0.017472
0 0.007828 0.559552 0.015594 0.012096
0 0.007833 0.534016 0.015585 0.008960
0 0.007843 0.518784 0.015565 0.008512
0 0.007828 0.492352 0.015594 0.013888
0 0.007924 0.460096 0.015402 0.010752
0 0.008139 0.242816 0.014973 0.011648
0 0.007838 0.670208 0.015573 0.009408
0 0.008153 0.214592 0.014944 0.018368
0 0.008272 0.185920 0.014706 0.016576
0 0.008162 0.162176 0.014927 0.009408
0 0.008163 0.133952 0.014924 0.017472
0 0.008187 0.116928 0.014875 0.006720
0 0.008282 0.093632 0.014686 0.021504
0 0.007843 0.646016 0.015565 0.016576
0 0.007885 0.712768 0.015479 0.013440
0 0.008602 0.666624 0.014045 0.008960
0 0.007875 0.953344 0.015499 0.012992
0 0.008592 0.704256 0.014065 0.010752
0 0.008559 0.762048 0.014131 0.014784
0 0.008559 0.781312 0.014131 0.008064
0 0.008559 0.800128 0.014131 0.011648
0 0.008598 0.815360 0.014054 0.008064
0 0.008539 0.852544 0.014171 0.009856
0 0.007903 0.927360 0.015445 0.013440
0 0.007904 0.737408 0.015442 0.015232
0 0.007934 0.894208 0.015382 0.006272
0 0.007926 0.881216 0.015399 0.006272
0 0.007936 0.857024 0.015379 0.009856
0 0.007990 0.832384 0.015270 0.010304
0 0.007977 0.815808 0.015296 0.006720
0 0.007934 0.798336 0.015382 0.006272
0 0.008247 0.011200 0.014755 0.020608
