0 0.007879 0.950208 0.015491 0.024640
0 0.007907 0.925568 0.015437 0.025536
0 0.008421 0.282688 0.014409 0.026880
0 0.008370 0.393792 0.014510 0.029120
0 0.015970 0.398272 0.030560 0.027776
0 0.008328 0.421120 0.014595 0.019264
0 0.008332 0.453376 0.014587 0.012992
0 0.008300 0.485184 0.014650 0.015680
0 0.008300 0.524608 0.014650 0.021056
0 0.008290 0.544320 0.014670 0.016576
0 0.008198 0.594048 0.014854 0.018368
0 0.008173 0.630336 0.014905 0.017920
0 0.008144 0.702912 0.014961 0.009856
0 0.008080 0.746368 0.015091 0.027776
0 0.008066 0.801920 0.015117 0.020160
0 0.008057 0.830144 0.015135 0.020160
0 0.007949 0.882560 0.015352 0.012544
0 0.008515 0.149184 0.014221 0.024640
