0 0.007854 0.989632 0.015543 0.006272
0 0.008071 0.454272 0.015108 0.005824
0 0.008082 0.398720 0.015086 0.002688
0 0.008118 0.379456 0.015015 0.003136
0 0.008272 0.375424 0.014707 0.006272
0 0.008426 0.370944 0.014399 0.004928
0 0.007900 0.360640 0.015449 0.009408
0 0.007922 0.337792 0.015405 0.013888
0 0.007994 0.308672 0.015262 0.011200
0 0.007889 0.289856 0.015471 0.009856
0 0.007903 0.279552 0.015444 0.012096
0 0.007933 0.262080 0.015383 0.008064
0 0.008186 0.224896 0.014877 0.005824
0 0.007900 0.202048 0.015449 0.017472
0 0.007892 0.176960 0.015466 0.010752
0 0.007911 0.141120 0.015427 0.008960
0 0.007944 0.127232 0.015361 0.006272
0 0.008030 0.109312 0.015191 0.008064
0 0.008038 0.090944 0.015174 0.004928
0 0.008046 0.078400 0.015158 0.004032
0 0.007969 0.060032 0.015312 0.014336
0 0.008085 0.445760 0.015081 0.004928
0 0.008104 0.465472 0.015042 0.003584
0 0.007884 0.945728 0.015482 0.015680
0 0.008109 0.474432 0.015031 0.006720
0 0.007955 0.925568 0.015339 0.005376
0 0.008530 0.891072 0.014190 0.004928
0 0.008398 0.876288 0.014454 0.008960
0 0.008354 0.788480 0.014542 0.006720
0 0.008365 0.778176 0.014520 0.004032
0 0.008324 0.768768 0.014602 0.007616
0 0.008310 0.756672 0.014630 0.008960
0 0.008318 0.747712 0.014613 0.004928
0 0.008349 0.730688 0.014553 0.007168
0 0.008390 0.717696 0.014470 0.005824
0 0.008508 0.699776 0.014234 0.003584
0 0.008571 0.693504 0.014108 0.005376
0 0.008566 0.671104 0.014119 0.006720
0 0.008574 0.658560 0.014102 0.004480
0 0.008431 0.616896 0.014388 0.007168
0 0.008420 0.605248 0.014410 0.005824
0 0.008401 0.595840 0.014448 0.006720
0 0.008423 0.570752 0.014404 0.008512
0 0.008065 0.492800 0.015119 0.007168
0 0.007851 0.030016 0.015548 0.007168
