0 0.016137 0.926912 0.030226 0.016128
0 0.007906 0.852992 0.015437 0.035840
0 0.007947 0.766976 0.015356 0.021952
0 0.007964 0.742336 0.015323 0.022400
0 0.007979 0.712320 0.015293 0.024640
0 0.008015 0.685440 0.015219 0.025088
0 0.008007 0.657664 0.015236 0.023296
0 0.008023 0.626752 0.015203 0.021952
0 0.008060 0.567616 0.015130 0.025984
0 0.008078 0.541632 0.015094 0.023744
0 0.008111 0.483840 0.015029 0.023296
0 0.008131 0.421568 0.014988 0.030016
0 0.008147 0.395136 0.014955 0.023744
0 0.008162 0.366912 0.014925 0.025984
0 0.008180 0.332864 0.014890 0.023296
0 0.008204 0.287168 0.014841 0.021504
0 0.008222 0.251328 0.014806 0.020608
0 0.008255 0.195328 0.014740 0.015680
0 0.008277 0.164416 0.014697 0.021504
0 0.008289 0.138432 0.014672 0.021056
0 0.008326 0.075712 0.014599 0.024192
0 0.007940 0.798336 0.015369 0.024192
0 0.007893 0.879424 0.015464 0.035392
0 0.016167 0.872704 0.030167 0.019712
0 0.007863 0.916608 0.015524 0.048384
0 0.016141 0.812672 0.030218 0.021504
0 0.016180 0.782208 0.030139 0.012992
0 0.016149 0.754880 0.030202 0.021056
0 0.016213 0.722176 0.030074 0.015680
0 0.016201 0.700672 0.030099 0.011200
0 0.016216 0.667520 0.030069 0.020160
0 0.016218 0.637952 0.030063 0.009856
0 0.016235 0.580160 0.030030 0.019264
0 0.016280 0.552832 0.029941 0.013888
0 0.016327 0.494592 0.029845 0.017472
0 0.016349 0.433664 0.029802 0.017024
0 0.016353 0.385728 0.029794 0.012544
0 0.016367 0.344512 0.029766 0.025984
0 0.016394 0.264768 0.029712 0.015232
0 0.016462 0.206976 0.029576 0.017472
0 0.016472 0.178304 0.029557 0.021056
0 0.016545 0.062720 0.029410 0.020160
0 0.016465 0.147840 0.029570 0.020608
0 0.016518 0.090944 0.029464 0.020160
0 0.008339 0.039872 0.014572 0.030016
