0 0.007904 0.702016 0.015441 0.019264
0 0.008819 0.236992 0.013612 0.021056
0 0.008750 0.429632 0.013749 0.018816
0 0.008698 0.455168 0.013854 0.014784
0 0.008698 0.424256 0.013854 0.016128
0 0.008650 0.450240 0.013950 0.017024
0 0.008667 0.418880 0.013917 0.016128
0 0.008605 0.444416 0.014041 0.015680
0 0.008624 0.413504 0.014002 0.017024
0 0.008559 0.437696 0.014133 0.018816
0 0.008568 0.405888 0.014113 0.018368
0 0.008512 0.432768 0.014226 0.015680
0 0.008525 0.399616 0.014200 0.016128
0 0.008418 0.422912 0.014413 0.015232
0 0.008432 0.386624 0.014386 0.017920
0 0.008372 0.417536 0.014507 0.016128
0 0.008385 0.380352 0.014479 0.017024
0 0.008326 0.410816 0.014598 0.020160
0 0.008340 0.377664 0.014571 0.017920
0 0.008286 0.404992 0.014679 0.019264
0 0.008294 0.371840 0.014663 0.020160
0 0.008236 0.398720 0.014777 0.020160
0 0.008247 0.367360 0.014756 0.021056
0 0.008191 0.393344 0.014868 0.017920
0 0.008198 0.364224 0.014853 0.019712
0 0.008152 0.361088 0.014946 0.014336
0 0.008100 0.383040 0.015050 0.018816
0 0.008741 0.459648 0.013768 0.018816
0 0.008811 0.272384 0.013628 0.017920
0 0.007916 0.742784 0.015419 0.020160
0 0.008779 0.231616 0.013693 0.020608
0 0.008116 0.184576 0.015017 0.015232
0 0.008141 0.149184 0.014967 0.021056
0 0.008217 0.195776 0.014816 0.021504
0 0.008223 0.162176 0.014805 0.025088
0 0.008263 0.194432 0.014724 0.014336
0 0.008269 0.166656 0.014711 0.025088
0 0.008302 0.206976 0.014645 0.022848
0 0.008315 0.174720 0.014619 0.023744
0 0.008358 0.180992 0.014534 0.023744
0 0.008398 0.220416 0.014455 0.017472
0 0.008407 0.186816 0.014436 0.024192
0 0.008439 0.190848 0.014371 0.023744
0 0.008441 0.224896 0.014368 0.021952
0 0.008499 0.198464 0.014252 0.023744
0 0.008489 0.230720 0.014273 0.018816
0 0.008546 0.203392 0.014158 0.024192
0 0.008534 0.238336 0.014183 0.016128
0 0.008581 0.240576 0.014087 0.021056
0 0.008592 0.207424 0.014067 0.021952
0 0.008641 0.209664 0.013968 0.018816
0 0.008672 0.256704 0.013905 0.017024
0 0.008687 0.215040 0.013876 0.019264
0 0.008721 0.258496 0.013807 0.023744
0 0.008727 0.224000 0.013796 0.022848
0 0.008763 0.264768 0.013723 0.021056
0 0.008016 0.295232 0.015219 0.013440
0 0.007985 0.398272 0.015280 0.012544
0 0.007970 0.526400 0.015309 0.019264
0 0.008043 0.533120 0.015164 0.021056
0 0.008564 0.821632 0.014123 0.017920
0 0.008576 0.785792 0.014097 0.017472
0 0.008517 0.813568 0.014216 0.015232
0 0.008528 0.779520 0.014194 0.023296
0 0.008468 0.806848 0.014315 0.017920
0 0.008427 0.802368 0.014397 0.016128
0 0.008443 0.770560 0.014365 0.020608
0 0.008381 0.795648 0.014489 0.018816
0 0.008394 0.763392 0.014463 0.018816
0 0.008331 0.791168 0.014587 0.016128
0 0.008350 0.758464 0.014550 0.019712
0 0.008286 0.786240 0.014677 0.017920
0 0.008298 0.752640 0.014655 0.020160
0 0.008241 0.782208 0.014768 0.019264
0 0.008195 0.776832 0.014859 0.018368
0 0.008204 0.740992 0.014842 0.015232
0 0.008149 0.770112 0.014951 0.017472
0 0.008161 0.734272 0.014929 0.017920
0 0.008101 0.765632 0.015048 0.019712
0 0.008113 0.730688 0.015024 0.015232
0 0.008056 0.761152 0.015138 0.018816
0 0.008063 0.722624 0.015124 0.019712
0 0.008009 0.755328 0.015232 0.019712
0 0.007962 0.752640 0.015327 0.018816
0 0.007979 0.713216 0.015293 0.018368
0 0.008619 0.793408 0.014012 0.021952
0 0.008597 0.825216 0.014057 0.015680
0 0.008641 0.821184 0.013968 0.011648
0 0.008316 0.565376 0.014618 0.020160
0 0.008034 0.564480 0.015182 0.012544
0 0.008088 0.537152 0.015074 0.020608
0 0.008080 0.569408 0.015090 0.014336
0 0.008138 0.542528 0.014974 0.018368
0 0.008120 0.575680 0.015009 0.016128
0 0.008181 0.548800 0.014888 0.018368
0 0.008169 0.581056 0.014911 0.017920
0 0.008228 0.556864 0.014795 0.019264
0 0.008215 0.587328 0.014821 0.015232
0 0.008274 0.561344 0.014702 0.018816
0 0.008307 0.598528 0.014635 0.018368
0 0.008366 0.570752 0.014518 0.015232
0 0.008704 0.625856 0.013843 0.008064
0 0.008352 0.606144 0.014545 0.018368
0 0.008439 0.616896 0.014371 0.017024
0 0.008457 0.581952 0.014336 0.019264
0 0.008488 0.622272 0.014274 0.017024
0 0.008506 0.585984 0.014239 0.016128
0 0.008536 0.627648 0.014178 0.022400
0 0.008584 0.632576 0.014081 0.019712
0 0.008594 0.597632 0.014062 0.014336
0 0.008639 0.602560 0.013971 0.018816
0 0.008676 0.646464 0.013897 0.021952
0 0.008680 0.611968 0.013889 0.023744
0 0.008111 0.148288 0.015029 0.024640
