0 0.016091 0.937216 0.030318 0.043456
0 0.008376 0.598528 0.014497 0.018816
0 0.008426 0.553280 0.014398 0.018816
0 0.008446 0.532672 0.014359 0.021504
0 0.008503 0.469056 0.014244 0.022848
0 0.008522 0.444864 0.014205 0.025088
0 0.008570 0.396928 0.014110 0.023296
0 0.008590 0.373184 0.014069 0.027776
0 0.008637 0.330176 0.013976 0.027776
0 0.008661 0.310016 0.013929 0.025984
0 0.008708 0.262528 0.013834 0.023296
0 0.008728 0.240128 0.013795 0.019712
0 0.008756 0.215936 0.013739 0.020608
0 0.008779 0.198016 0.013692 0.020608
0 0.008808 0.181440 0.013634 0.017472
0 0.008848 0.157696 0.013555 0.025984
0 0.008882 0.141568 0.013485 0.022848
0 0.008400 0.577024 0.014449 0.019264
0 0.008351 0.617792 0.014548 0.021504
0 0.016279 0.820736 0.029943 0.029120
0 0.008328 0.646016 0.014595 0.020608
0 0.016705 0.682752 0.029089 0.035840
0 0.016473 0.560000 0.029555 0.035392
0 0.008272 0.692160 0.014706 0.019264
0 0.008225 0.740096 0.014800 0.019264
0 0.008202 0.758912 0.014845 0.019264
0 0.008154 0.797888 0.014942 0.017472
0 0.008127 0.821632 0.014997 0.018368
0 0.008093 0.848512 0.015063 0.018816
0 0.008071 0.867776 0.015108 0.018368
0 0.008048 0.889280 0.015155 0.017024
0 0.008022 0.908096 0.015205 0.019712
0 0.007995 0.929152 0.015260 0.018816
0 0.007970 0.949312 0.015310 0.017472
0 0.007942 0.977536 0.015366 0.017472
0 0.008288 0.669312 0.014673 0.025536
0 0.008913 0.121856 0.013425 0.021504
