0 0.016181 0.891968 0.030137 0.025984
0 0.008357 0.839104 0.014535 0.062272
0 0.008394 0.781312 0.014462 0.044352
0 0.008419 0.757568 0.014412 0.052864
0 0.016210 0.855232 0.030079 0.019264
0 0.016237 0.826112 0.030026 0.025536
0 0.016248 0.809536 0.030003 0.023744
0 0.008437 0.727104 0.014376 0.050176
0 0.008451 0.689472 0.014349 0.056896
0 0.008475 0.644672 0.014300 0.055552
0 0.008501 0.567616 0.014248 0.053312
0 0.008535 0.529088 0.014181 0.048384
0 0.008567 0.496832 0.014117 0.062272
0 0.008587 0.471744 0.014077 0.063168
0 0.008610 0.427392 0.014031 0.054656
0 0.008644 0.379904 0.013962 0.063616
0 0.008669 0.337344 0.013912 0.064064
0 0.008700 0.298816 0.013850 0.064960
0 0.008725 0.260288 0.013799 0.065408
0 0.008746 0.223104 0.013757 0.064960
0 0.008772 0.159936 0.013706 0.036736
0 0.008803 0.139328 0.013644 0.063616
0 0.008821 0.107968 0.013609 0.070784
0 0.008377 0.801920 0.014495 0.044800
0 0.008337 0.859712 0.014576 0.062272
0 0.016087 0.957824 0.030327 0.020160
0 0.008314 0.874496 0.014623 0.067200
0 0.007923 0.897792 0.015404 0.104832
0 0.007956 0.926016 0.015338 0.094528
0 0.007971 0.942592 0.015307 0.097664
0 0.007991 0.953792 0.015269 0.087808
0 0.008002 0.954688 0.015246 0.082880
0 0.008010 0.956928 0.015229 0.079744
0 0.008023 0.941696 0.015204 0.046144
0 0.008025 0.982016 0.015200 0.036288
0 0.008037 0.957824 0.015176 0.067200
0 0.008055 0.961856 0.015139 0.066752
0 0.008079 0.966784 0.015092 0.064064
0 0.008097 0.961856 0.015055 0.071232
0 0.008141 0.966336 0.014968 0.060032
0 0.008155 0.961408 0.014940 0.060928
0 0.008160 0.926912 0.014930 0.017024
0 0.008185 0.943936 0.014879 0.060928
0 0.008215 0.929600 0.014819 0.064960
0 0.008237 0.922432 0.014775 0.064064
0 0.008263 0.903616 0.014725 0.062272
0 0.008288 0.893760 0.014674 0.060032
0 0.008295 0.863296 0.014660 0.013888
0 0.008839 0.087360 0.013572 0.062272
0 0.008865 0.052864 0.013520 0.058240
0 0.008881 0.029568 0.013487 0.058240
0 0.008914 0.521472 0.013421 0.021056
0 0.016658 0.144256 0.029183 0.030912
0 0.016615 0.212352 0.029270 0.020160
0 0.016630 0.391104 0.029240 0.021952
0 0.016699 0.284032 0.029102 0.022848
0 0.016647 0.705600 0.029206 0.017024
0 0.016580 0.607936 0.029340 0.020160
0 0.016609 0.759360 0.029282 0.016128
0 0.016535 0.837312 0.029431 0.021952
0 0.016470 0.747712 0.029559 0.021952
0 0.016479 0.606144 0.029541 0.023744
0 0.016507 0.561344 0.029485 0.020608
0 0.016522 0.553728 0.029455 0.020160
0 0.016430 0.690816 0.029641 0.017024
0 0.016405 0.739200 0.029689 0.016128
0 0.016333 0.669312 0.029833 0.018368
0 0.016332 0.821632 0.029835 0.019264
0 0.016306 0.842240 0.029888 0.016128
0 0.016653 0.789824 0.029194 0.018816
0 0.016702 0.860160 0.029095 0.026432
0 0.016615 0.922432 0.029271 0.016128
0 0.016358 0.948416 0.029783 0.018368
0 0.008624 0.760704 0.014002 0.016128
0 0.008617 0.764288 0.014016 0.016128
0 0.008608 0.757568 0.014035 0.016128
0 0.008757 0.577472 0.013737 0.015680
0 0.008874 0.454720 0.013501 0.034944
0 0.008834 0.404096 0.013581 0.027328
0 0.008869 0.354816 0.013511 0.020608
0 0.008897 0.313600 0.013456 0.024192
0 0.008908 0.344960 0.013434 0.027776
0 0.008812 0.442176 0.013625 0.017472
0 0.008810 0.491904 0.013629 0.024640
0 0.008778 0.541632 0.013695 0.019264
0 0.008755 0.526848 0.013741 0.024192
0 0.008730 0.565824 0.013790 0.027776
0 0.008604 0.747712 0.014042 0.007168
0 0.008711 0.603904 0.013828 0.020160
0 0.008716 0.636608 0.013818 0.022400
0 0.008701 0.664832 0.013847 0.019264
0 0.008675 0.659904 0.013900 0.023744
0 0.008680 0.692608 0.013890 0.018816
0 0.008655 0.721728 0.013939 0.017024
0 0.008652 0.690816 0.013946 0.020160
0 0.008638 0.745024 0.013973 0.015232
0 0.008624 0.722624 0.014001 0.019264
0 0.007904 0.879424 0.015442 0.103936
