0 0.002591 0.188608 0.003747 0.022400
0 0.000385 0.704704 0.000769 0.163520
0 0.000200 0.372288 0.000400 0.157696
0 0.000236 0.439040 0.000472 0.151872
0 0.000286 0.858368 0.000573 0.157248
0 0.000212 0.724416 0.000425 0.154112
0 0.000176 0.657664 0.000352 0.151424
0 0.000139 0.587328 0.000278 0.151424
0 0.000102 0.519680 0.000203 0.148736
0 0.000420 0.770560 0.000841 0.155008
0 0.002553 0.131712 0.003823 0.032256
0 0.000458 0.837312 0.000917 0.160832
0 0.000599 0.802816 0.001198 0.124544
0 0.000643 0.801024 0.001286 0.119616
0 0.000685 0.794752 0.001369 0.119168
0 0.000729 0.794304 0.001457 0.119616
0 0.000835 0.775040 0.001670 0.124544
0 0.001094 0.749952 0.002188 0.127232
0 0.000163 0.299712 0.000325 0.153216
