0 0.011745 0.326592 0.021153 0.015232
0 0.004667 0.801472 0.008523 0.047936
0 0.004982 0.103488 0.007894 0.041664
0 0.004947 0.183232 0.007963 0.042112
0 0.004931 0.224896 0.007994 0.041216
0 0.005275 0.120960 0.007308 0.042112
0 0.005223 0.198464 0.007410 0.041216
0 0.005207 0.239680 0.007444 0.041664
0 0.005100 0.527296 0.007658 0.060480
0 0.005047 0.564032 0.007762 0.060928
0 0.004854 0.478016 0.008150 0.060480
0 0.004803 0.514304 0.008252 0.059584
0 0.004910 0.868672 0.008038 0.047488
0 0.004936 0.826112 0.007985 0.048384
0 0.004637 0.843584 0.008582 0.047040
0 0.011669 0.318976 0.021305 0.014784
0 0.011734 0.360640 0.021175 0.018368
0 0.011674 0.369600 0.021295 0.015232
0 0.011688 0.353920 0.021267 0.013888
0 0.011764 0.382592 0.021114 0.016576
0 0.011780 0.363776 0.021082 0.013440
0 0.011787 0.382144 0.021069 0.015232
0 0.011840 0.337792 0.020962 0.014784
0 0.011940 0.435456 0.020762 0.014336
0 0.011905 0.430528 0.020833 0.014336
0 0.011629 0.314944 0.021385 0.014336
0 0.011613 0.310016 0.021417 0.015232
0 0.011588 0.307776 0.021466 0.013440
0 0.011601 0.359744 0.021440 0.017472
0 0.011711 0.356608 0.021220 0.015232
0 0.004996 0.062272 0.007865 0.042112
