0 0.011345 0.849856 0.021953 0.011648
0 0.008224 0.184128 0.014801 0.017472
0 0.008302 0.241920 0.014645 0.023744
0 0.008407 0.194432 0.014435 0.022848
0 0.008383 0.285376 0.014485 0.023744
0 0.008432 0.315840 0.014387 0.021056
0 0.008451 0.222656 0.014348 0.017472
0 0.008481 0.248192 0.014289 0.021952
0 0.008468 0.344960 0.014313 0.020608
0 0.008515 0.271040 0.014220 0.025536
0 0.008563 0.304192 0.014123 0.023296
0 0.008510 0.373632 0.014230 0.021504
0 0.008556 0.396928 0.014138 0.023296
0 0.008598 0.425152 0.014053 0.021504
0 0.008637 0.450240 0.013976 0.021504
0 0.008608 0.329728 0.014034 0.018368
0 0.008622 0.344512 0.014005 0.016576
0 0.008644 0.356160 0.013961 0.017472
0 0.008688 0.388416 0.013873 0.012992
0 0.008720 0.411712 0.013810 0.021056
0 0.008672 0.473536 0.013906 0.022848
0 0.008711 0.496384 0.013829 0.016576
0 0.008766 0.443520 0.013718 0.015232
0 0.008778 0.458304 0.013693 0.022848
0 0.008808 0.476224 0.013635 0.017472
0 0.008839 0.493248 0.013572 0.015232
0 0.008822 0.519680 0.013605 0.017472
0 0.008797 0.533568 0.013656 0.023296
0 0.008785 0.542528 0.013680 0.021952
0 0.008267 0.214144 0.014716 0.017472
0 0.008177 0.155904 0.014895 0.023296
0 0.011304 0.877184 0.022036 0.012096
0 0.008139 0.126784 0.014972 0.025536
0 0.008253 0.085120 0.014744 0.012992
0 0.008290 0.113344 0.014670 0.015232
0 0.008322 0.138880 0.014606 0.016128
0 0.008363 0.164416 0.014524 0.012096
0 0.007844 0.614208 0.015561 0.016128
0 0.007846 0.515648 0.015557 0.017920
0 0.007886 0.546112 0.015479 0.018816
0 0.007970 0.598976 0.015310 0.015232
0 0.007957 0.685440 0.015336 0.020608
0 0.007997 0.708288 0.015257 0.018816
0 0.008017 0.627200 0.015215 0.015232
0 0.008042 0.650048 0.015165 0.021504
0 0.008050 0.737408 0.015149 0.018816
0 0.008090 0.759360 0.015070 0.018368
0 0.008094 0.681408 0.015063 0.013440
0 0.008173 0.732480 0.014903 0.016576
0 0.008152 0.795648 0.014946 0.017472
0 0.008184 0.814016 0.014882 0.018368
0 0.008249 0.786688 0.014752 0.019712
0 0.008217 0.832384 0.014816 0.019712
0 0.008258 0.857920 0.014734 0.021952
0 0.008299 0.817152 0.014652 0.016128
0 0.008306 0.884352 0.014638 0.016128
0 0.008325 0.838208 0.014600 0.020160
0 0.008347 0.893760 0.014556 0.014336
0 0.008366 0.879424 0.014519 0.010304
0 0.007935 0.235648 0.015379 0.023296
0 0.008754 0.532224 0.013743 0.014336
0 0.007982 0.259392 0.015287 0.016128
0 0.008050 0.313600 0.015149 0.019712
0 0.007970 0.362432 0.015310 0.012096
0 0.012018 0.286720 0.020607 0.010304
0 0.011991 0.254464 0.020662 0.011200
0 0.011971 0.257600 0.020701 0.012096
0 0.012098 0.334208 0.020447 0.010752
0 0.012137 0.374528 0.020368 0.012992
0 0.012260 0.377216 0.020122 0.011648
0 0.012242 0.380800 0.020159 0.007168
0 0.012134 0.723520 0.020374 0.012096
0 0.011650 0.322560 0.021343 0.010304
0 0.011597 0.287616 0.021450 0.010752
0 0.011555 0.312256 0.021532 0.011648
0 0.011561 0.326144 0.021521 0.010752
0 0.011516 0.291648 0.021612 0.012096
0 0.011511 0.285824 0.021621 0.010752
0 0.011442 0.582848 0.021759 0.012096
0 0.011595 0.612416 0.021452 0.009856
0 0.011591 0.624512 0.021460 0.011200
0 0.011602 0.681856 0.021439 0.012096
0 0.011638 0.654080 0.021367 0.012992
0 0.011671 0.670656 0.021300 0.011648
0 0.011745 0.728000 0.021152 0.010752
0 0.011754 0.735168 0.021134 0.012992
0 0.011759 0.739200 0.021124 0.012992
0 0.011872 0.918400 0.020899 0.011648
0 0.011833 0.946624 0.020977 0.012096
0 0.011796 0.973952 0.021051 0.010752
0 0.011540 0.938560 0.021564 0.011200
0 0.011886 0.023296 0.020870 0.009408
0 0.011861 0.133504 0.020921 0.010304
0 0.011827 0.157696 0.020990 0.013440
0 0.008262 0.541632 0.014727 0.017024
0 0.008014 0.385728 0.015223 0.020608
0 0.008089 0.340928 0.015073 0.021504
0 0.008135 0.370944 0.014981 0.025088
0 0.008066 0.409920 0.015119 0.016576
0 0.008079 0.427392 0.015092 0.018816
0 0.008099 0.439936 0.015053 0.022848
0 0.008138 0.460992 0.014974 0.019264
0 0.008171 0.393792 0.014907 0.024640
0 0.008179 0.484736 0.014892 0.017024
0 0.008220 0.424256 0.014811 0.019712
0 0.008297 0.476672 0.014657 0.016576
0 0.008220 0.517888 0.014810 0.027776
0 0.008352 0.513408 0.014546 0.012992
0 0.011823 0.150080 0.020998 0.009856
0 0.008311 0.572992 0.014627 0.020160
0 0.008347 0.588224 0.014557 0.013440
0 0.008387 0.534464 0.014477 0.018368
0 0.008412 0.558208 0.014426 0.025088
0 0.008451 0.581952 0.014348 0.021952
0 0.008391 0.624512 0.014468 0.022400
0 0.008437 0.647808 0.014376 0.014336
0 0.008533 0.701568 0.014184 0.012992
0 0.008577 0.658112 0.014096 0.017024
0 0.008595 0.677376 0.014059 0.017472
0 0.008550 0.719040 0.014150 0.015232
0 0.011793 0.117824 0.021057 0.011648
0 0.008210 0.055552 0.014831 0.020608
