0 0.008881 0.020160 0.013488 0.039872
0 0.008832 0.049280 0.013587 0.069888
0 0.007896 0.910784 0.015458 0.081536
0 0.007929 0.880768 0.015391 0.081984
0 0.007960 0.849856 0.015331 0.085120
0 0.008052 0.766080 0.015147 0.079744
0 0.008093 0.732032 0.015064 0.084224
0 0.008148 0.681408 0.014954 0.083776
0 0.008172 0.662592 0.014906 0.094976
0 0.008198 0.635264 0.014854 0.094528
0 0.008231 0.604800 0.014788 0.094976
0 0.008268 0.568512 0.014715 0.088256
0 0.008317 0.557760 0.014616 0.062272
0 0.008330 0.521024 0.014591 0.085120
0 0.008424 0.469056 0.014402 0.056896
0 0.008430 0.422912 0.014391 0.102592
0 0.008457 0.396032 0.014337 0.098560
0 0.008491 0.368704 0.014268 0.094976
0 0.008519 0.343616 0.014212 0.099008
0 0.008554 0.313152 0.014142 0.095424
0 0.008587 0.292096 0.014075 0.086912
0 0.008616 0.259392 0.014018 0.086912
0 0.008658 0.235200 0.013935 0.068096
0 0.008691 0.206080 0.013868 0.069440
0 0.008715 0.177856 0.013821 0.085120
0 0.008740 0.149632 0.013771 0.088256
0 0.008770 0.129920 0.013710 0.056000
0 0.008795 0.103488 0.013660 0.059584
0 0.008813 0.080640 0.013623 0.066304
0 0.007873 0.931840 0.015503 0.081984
