0 0.008753 0.063616 0.013744 0.043904
0 0.008315 0.570304 0.014619 0.036288
0 0.007915 0.856576 0.015420 0.090048
0 0.008005 0.831040 0.015241 0.060480
0 0.008088 0.700672 0.015075 0.077056
0 0.008109 0.662592 0.015032 0.076160
0 0.008209 0.653184 0.014832 0.044352
0 0.008238 0.626304 0.014774 0.047040
0 0.008290 0.598080 0.014670 0.030016
0 0.008258 0.459200 0.014735 0.070784
0 0.008740 0.092288 0.013770 0.043008
0 0.008295 0.399616 0.014659 0.085568
0 0.008338 0.350784 0.014575 0.086016
0 0.008447 0.283584 0.014355 0.089600
0 0.008533 0.253568 0.014185 0.053312
0 0.008547 0.214592 0.014156 0.078848
0 0.008560 0.196224 0.014131 0.084224
0 0.008665 0.142016 0.013920 0.054656
0 0.007853 0.907200 0.015545 0.088256
