0 0.008806 0.168448 0.013638 0.021952
0 0.008676 0.162176 0.013897 0.035392
0 0.008512 0.139328 0.014225 0.034048
0 0.008478 0.170240 0.014294 0.021056
0 0.008438 0.239232 0.014373 0.014336
0 0.008425 0.272384 0.014400 0.015232
0 0.008414 0.292992 0.014421 0.014784
0 0.008405 0.316288 0.014441 0.012992
0 0.008375 0.363776 0.014501 0.013440
0 0.008363 0.383488 0.014525 0.013888
0 0.008344 0.405888 0.014562 0.017920
0 0.008312 0.434560 0.014626 0.021504
0 0.008263 0.491904 0.014723 0.018368
0 0.008251 0.515200 0.014748 0.014336
0 0.008231 0.545664 0.014787 0.010752
0 0.008223 0.562688 0.014804 0.012544
0 0.008212 0.581504 0.014826 0.012992
0 0.008202 0.595392 0.014847 0.017472
0 0.008185 0.608832 0.014881 0.022400
0 0.008166 0.620032 0.014919 0.023296
0 0.008147 0.632576 0.014955 0.023296
0 0.008124 0.646016 0.015002 0.023744
0 0.008105 0.657216 0.015039 0.025088
0 0.008062 0.685440 0.015125 0.022848
0 0.008027 0.698432 0.015196 0.023744
0 0.007982 0.723968 0.015286 0.023744
0 0.007952 0.740992 0.015347 0.023744
0 0.007917 0.763392 0.015416 0.023296
0 0.007885 0.792512 0.015481 0.019712
0 0.007870 0.825216 0.015510 0.018368
0 0.007853 0.864640 0.015545 0.025088
0 0.008598 0.223552 0.014054 0.014784
0 0.008511 0.434112 0.014228 0.014784
0 0.008510 0.467712 0.014230 0.012096
0 0.008662 0.308672 0.013925 0.019264
0 0.008709 0.071232 0.013832 0.025984
0 0.008764 0.062720 0.013722 0.023744
0 0.008801 0.055104 0.013648 0.028224
0 0.008828 0.041216 0.013594 0.032704
0 0.008862 0.025984 0.013526 0.030912
0 0.008882 0.016128 0.013486 0.031808
0 0.008899 0.230272 0.013452 0.029120
0 0.008872 0.232064 0.013506 0.029120
0 0.014391 0.331072 0.024790 0.012096
0 0.008833 0.241920 0.013585 0.023744
0 0.008763 0.263424 0.013724 0.024640
0 0.008696 0.286272 0.013857 0.021504
0 0.008674 0.298816 0.013901 0.021952
0 0.008635 0.327488 0.013979 0.014336
0 0.008483 0.465472 0.014284 0.002688
0 0.008638 0.361536 0.013974 0.012992
0 0.008617 0.411264 0.014016 0.011200
0 0.008595 0.435008 0.014060 0.005376
0 0.008586 0.469952 0.014078 0.014336
0 0.008578 0.488320 0.014094 0.017024
0 0.008561 0.511616 0.014128 0.019264
0 0.008546 0.519680 0.014158 0.021056
0 0.008522 0.530880 0.014206 0.019264
0 0.008505 0.535808 0.014240 0.022848
0 0.008492 0.533568 0.014267 0.020160
0 0.008466 0.524160 0.014319 0.010752
0 0.008459 0.512512 0.014331 0.012992
0 0.008487 0.496384 0.014277 0.012096
0 0.007840 0.892416 0.015570 0.027776
