0 0.008812 0.149632 0.013627 0.043904
0 0.008310 0.499520 0.014630 0.085120
0 0.008027 0.913024 0.015195 0.041664
0 0.008074 0.852096 0.015101 0.064064
0 0.008094 0.809536 0.015061 0.054208
0 0.008194 0.707840 0.014862 0.034048
0 0.008220 0.655424 0.014810 0.050624
0 0.008168 0.604800 0.014913 0.086464
0 0.008262 0.539840 0.014725 0.108864
0 0.008306 0.456512 0.014638 0.105280
0 0.008767 0.186816 0.013716 0.026880
0 0.008355 0.419328 0.014539 0.109760
0 0.008476 0.378112 0.014297 0.064512
0 0.008473 0.342720 0.014304 0.073472
0 0.008469 0.305536 0.014312 0.087808
0 0.008581 0.304640 0.014089 0.060928
0 0.008532 0.252224 0.014186 0.084224
0 0.008568 0.208320 0.014114 0.098112
0 0.008017 0.924224 0.015216 0.037632
