0 0.010559 0.709184 0.019061 0.044800
0 0.011880 0.508928 0.020883 0.030016
0 0.012004 0.435008 0.020634 0.029568
0 0.011992 0.445760 0.020660 0.028672
0 0.012024 0.524160 0.020594 0.034496
0 0.012005 0.537152 0.020632 0.033600
0 0.012074 0.504448 0.020494 0.032704
0 0.011895 0.500864 0.020852 0.028672
0 0.011847 0.530432 0.020948 0.032704
0 0.011925 0.468160 0.020792 0.028672
0 0.011910 0.582400 0.020823 0.043904
0 0.011984 0.547904 0.020674 0.039872
0 0.011733 0.572096 0.021177 0.042112
0 0.011943 0.462336 0.020758 0.037632
0 0.011778 0.653184 0.021086 0.036288
0 0.011714 0.687680 0.021215 0.039424
0 0.011963 0.390208 0.020716 0.032256
0 0.011713 0.239680 0.021217 0.039424
0 0.011642 0.630784 0.021359 0.035840
0 0.010356 0.847168 0.019466 0.048832
0 0.010071 0.465472 0.020037 0.042560
0 0.010076 0.487424 0.020028 0.030912
0 0.010218 0.599424 0.019742 0.039424
0 0.010234 0.617792 0.019712 0.039872
0 0.010259 0.708288 0.019661 0.032704
0 0.010342 0.832832 0.019495 0.048832
0 0.010346 0.469056 0.019486 0.049728
0 0.011572 0.232960 0.021499 0.032704
0 0.010364 0.529984 0.019450 0.048832
0 0.010560 0.235200 0.019059 0.060032
0 0.010468 0.646016 0.019243 0.042560
0 0.010560 0.620032 0.019059 0.038528
0 0.011304 0.398272 0.022034 0.024640
0 0.011235 0.249088 0.022172 0.022400
0 0.011677 0.608384 0.021288 0.031360
0 0.011607 0.548352 0.021430 0.023744
0 0.011948 0.564928 0.020747 0.035840
0 0.010254 0.635264 0.019672 0.034944
0 0.010639 0.667520 0.018901 0.043904
0 0.010581 0.697984 0.019016 0.036288
0 0.010414 0.556864 0.019350 0.034944
0 0.010366 0.745920 0.019446 0.037632
0 0.010334 0.706048 0.019510 0.043904
0 0.010279 0.645120 0.019621 0.033600
0 0.010367 0.867776 0.019445 0.031360
0 0.010884 0.374080 0.018411 0.050624
0 0.010466 0.812224 0.019247 0.032256
0 0.010443 0.802368 0.019292 0.031360
0 0.010434 0.787136 0.019310 0.029568
0 0.010549 0.719936 0.019081 0.034944
0 0.011783 0.562240 0.021077 0.030912
0 0.011873 0.603008 0.020898 0.030912
0 0.010803 0.400064 0.018573 0.043456
0 0.010860 0.379456 0.018458 0.043456
0 0.011608 0.564928 0.021426 0.025984
0 0.011578 0.593152 0.021488 0.030912
0 0.011550 0.568960 0.021542 0.030016
0 0.011531 0.534464 0.021580 0.023744
0 0.011548 0.492352 0.021546 0.025088
0 0.011558 0.503552 0.021526 0.026432
0 0.011571 0.512512 0.021500 0.030912
0 0.011498 0.514304 0.021648 0.025984
0 0.011419 0.717248 0.021806 0.032256
0 0.010548 0.262976 0.019083 0.034496
0 0.011519 0.778624 0.021606 0.037632
0 0.011204 0.504000 0.022234 0.034496
0 0.011805 0.318976 0.021034 0.034496
0 0.010067 0.327936 0.020044 0.044800
0 0.010501 0.264320 0.019178 0.043904
0 0.010483 0.275968 0.019212 0.040768
0 0.010082 0.276864 0.020015 0.051072
