0 0.005266 0.702464 0.007325 0.032704
0 0.008495 0.557760 0.014261 0.007616
0 0.008448 0.662592 0.014353 0.042560
0 0.008466 0.645568 0.014318 0.051520
0 0.008479 0.638848 0.014291 0.040768
0 0.008482 0.620032 0.014286 0.031808
0 0.008487 0.599872 0.014277 0.023296
0 0.008489 0.576128 0.014272 0.013888
0 0.008489 0.534912 0.014271 0.025536
0 0.008392 0.711424 0.014466 0.054208
0 0.008484 0.524608 0.014282 0.015232
0 0.008492 0.505792 0.014266 0.026880
0 0.008459 0.495488 0.014333 0.040320
0 0.008428 0.487424 0.014393 0.042560
0 0.008395 0.478912 0.014459 0.042560
0 0.008359 0.479360 0.014531 0.044800
0 0.008420 0.680064 0.014411 0.033152
0 0.008364 0.731136 0.014522 0.049728
0 0.008284 0.476672 0.014683 0.051072
0 0.008099 0.902272 0.015053 0.048832
0 0.007902 0.983360 0.015446 0.034496
0 0.007927 0.975744 0.015396 0.048384
0 0.007965 0.955136 0.015319 0.050624
0 0.007992 0.927360 0.015266 0.021056
0 0.008029 0.932736 0.015191 0.048384
0 0.008060 0.917056 0.015131 0.046144
0 0.008123 0.889728 0.015003 0.046592
0 0.008333 0.760704 0.014585 0.043008
0 0.015961 0.920192 0.030579 0.014784
0 0.008166 0.871360 0.014919 0.034496
0 0.008203 0.846720 0.014843 0.048832
0 0.008245 0.827456 0.014760 0.051072
0 0.008277 0.808640 0.014697 0.045696
0 0.008299 0.782208 0.014652 0.048384
0 0.008322 0.481152 0.014606 0.042560
0 0.008250 0.468160 0.014751 0.054656
0 0.008920 0.259392 0.013411 0.016576
0 0.008794 0.406784 0.013661 0.021952
0 0.008843 0.235648 0.013564 0.022848
0 0.008832 0.266112 0.013586 0.019712
0 0.008820 0.297920 0.013609 0.019712
0 0.008816 0.319424 0.013618 0.017472
0 0.008805 0.360192 0.013640 0.017920
0 0.008809 0.383488 0.013631 0.013440
0 0.008801 0.422912 0.013649 0.023296
0 0.008733 0.180544 0.013784 0.043904
0 0.008825 0.435008 0.013599 0.025088
0 0.008872 0.392896 0.013507 0.022400
0 0.008869 0.409472 0.013512 0.014784
0 0.008889 0.352128 0.013471 0.031360
0 0.008900 0.316288 0.013450 0.029120
0 0.008910 0.289856 0.013429 0.023744
0 0.008759 0.188160 0.013731 0.042560
0 0.008712 0.174272 0.013825 0.042560
0 0.008216 0.461888 0.014817 0.053760
0 0.008439 0.241920 0.014371 0.034496
0 0.008184 0.456960 0.014882 0.054208
0 0.008154 0.457856 0.014942 0.061824
0 0.007997 0.412160 0.015255 0.087360
0 0.008372 0.338688 0.014505 0.021056
0 0.008389 0.322112 0.014471 0.028224
0 0.008401 0.300160 0.014448 0.027328
0 0.008461 0.212800 0.014328 0.027776
0 0.008665 0.160832 0.013920 0.047488
0 0.008515 0.133504 0.014219 0.025088
0 0.008563 0.126784 0.014125 0.044352
0 0.008582 0.134848 0.014086 0.046592
0 0.008604 0.140224 0.014042 0.053312
0 0.008627 0.146944 0.013997 0.054208
0 0.008643 0.153664 0.013965 0.048384
0 0.007874 0.989632 0.015501 0.020160
