0 0.001239 0.194880 0.001986 0.036736
0 0.001220 0.607040 0.002025 0.016128
0 0.001246 0.636608 0.001973 0.022400
0 0.001245 0.624512 0.001974 0.012544
0 0.001243 0.609728 0.001978 0.018368
0 0.001241 0.597184 0.001982 0.021504
0 0.001240 0.583296 0.001984 0.019264
0 0.001237 0.569408 0.001990 0.018368
0 0.001236 0.554624 0.001992 0.019264
0 0.001234 0.541632 0.001997 0.016128
0 0.001229 0.512960 0.002006 0.017472
0 0.001223 0.648704 0.002019 0.019712
0 0.001218 0.620032 0.002029 0.018368
0 0.001216 0.593600 0.002033 0.019264
0 0.001217 0.668864 0.002029 0.030016
0 0.001216 0.579712 0.002032 0.016576
0 0.001210 0.565824 0.002044 0.020608
0 0.001212 0.551936 0.002040 0.017472
0 0.001215 0.538048 0.002034 0.013440
0 0.001209 0.523264 0.002045 0.017472
0 0.001200 0.510720 0.002063 0.022400
0 0.001202 0.881664 0.002060 0.031808
0 0.016534 0.863744 0.029433 0.023744
0 0.016574 0.835520 0.029351 0.022848
0 0.016412 0.885696 0.029675 0.037184
0 0.016526 0.693056 0.029448 0.019264
0 0.001256 0.653632 0.001953 0.015232
0 0.001290 0.544768 0.001884 0.034944
0 0.016698 0.692608 0.029104 0.029568
0 0.001360 0.541184 0.001744 0.015232
0 0.001413 0.432768 0.001637 0.020608
0 0.001416 0.418432 0.001631 0.014336
0 0.001366 0.439040 0.001732 0.011200
0 0.001366 0.452032 0.001732 0.017472
0 0.001369 0.465472 0.001726 0.014336
0 0.001374 0.503552 0.001717 0.019264
0 0.001375 0.515648 0.001715 0.023744
0 0.001378 0.531776 0.001709 0.019712
0 0.001382 0.545216 0.001700 0.015232
0 0.001373 0.562240 0.001718 0.028672
0 0.001361 0.554176 0.001743 0.018368
0 0.001354 0.514752 0.001755 0.019264
0 0.001298 0.528640 0.001868 0.029568
0 0.001354 0.500864 0.001756 0.016576
0 0.001350 0.487424 0.001764 0.016576
0 0.001347 0.460992 0.001770 0.018368
0 0.001344 0.434560 0.001777 0.019264
0 0.001299 0.454720 0.001866 0.019712
0 0.001307 0.516544 0.001850 0.021504
0 0.001309 0.530432 0.001846 0.017472
0 0.001311 0.543872 0.001842 0.022848
0 0.001315 0.572992 0.001834 0.022848
0 0.001316 0.592704 0.001833 0.020608
0 0.001302 0.560000 0.001860 0.026880
0 0.016663 0.785792 0.029173 0.020608
0 0.016410 0.081536 0.029680 0.034048
0 0.001327 0.120960 0.001810 0.019264
0 0.008560 0.239680 0.014129 0.182784
0 0.008591 0.466368 0.014068 0.038976
0 0.008612 0.450240 0.014026 0.049280
0 0.008635 0.446208 0.013979 0.041216
0 0.008664 0.424704 0.013922 0.041216
0 0.008688 0.420672 0.013874 0.052416
0 0.008781 0.397376 0.013688 0.030912
0 0.008865 0.159040 0.013521 0.047936
0 0.008773 0.203840 0.013703 0.078848
0 0.008697 0.242816 0.013855 0.056448
0 0.008604 0.307328 0.014043 0.015232
0 0.008589 0.232064 0.014072 0.185472
0 0.008487 0.320768 0.014276 0.125888
0 0.008546 0.488768 0.014158 0.047040
0 0.008432 0.345856 0.014386 0.122304
0 0.008376 0.370496 0.014498 0.121856
0 0.008321 0.389312 0.014609 0.131264
0 0.008124 0.345856 0.015001 0.115136
0 0.008255 0.400512 0.014739 0.143808
0 0.008193 0.435456 0.014865 0.136192
0 0.008127 0.483840 0.014996 0.168448
0 0.008058 0.486080 0.015134 0.165312
0 0.008009 0.501760 0.015232 0.183680
0 0.007973 0.530880 0.015303 0.169344
0 0.007918 0.572992 0.015415 0.190848
0 0.008561 0.485184 0.014128 0.089152
0 0.008523 0.507136 0.014205 0.051520
0 0.016233 0.133056 0.030033 0.037184
0 0.008091 0.787136 0.015068 0.061376
0 0.007827 0.959168 0.015595 0.080192
0 0.007876 0.918848 0.015498 0.069888
0 0.007896 0.917056 0.015457 0.070784
0 0.007908 0.900032 0.015434 0.088256
0 0.007930 0.870464 0.015390 0.058688
0 0.007959 0.852544 0.015332 0.072576
0 0.007989 0.845824 0.015271 0.069888
0 0.008009 0.835520 0.015232 0.068992
0 0.008032 0.827008 0.015186 0.085120
0 0.008047 0.812672 0.015157 0.083328
0 0.008074 0.799680 0.015102 0.063616
0 0.008112 0.775040 0.015027 0.038080
0 0.008494 0.526848 0.014262 0.094528
0 0.008131 0.733376 0.014989 0.034944
0 0.008184 0.725760 0.014883 0.074816
0 0.008213 0.709184 0.014824 0.080192
0 0.008229 0.687232 0.014793 0.076160
0 0.008255 0.637056 0.014741 0.043008
0 0.008308 0.624960 0.014635 0.081984
0 0.008330 0.591360 0.014589 0.030912
0 0.008356 0.602112 0.014538 0.046144
0 0.008378 0.600320 0.014494 0.073920
0 0.008407 0.565376 0.014436 0.085120
0 0.008454 0.531776 0.014342 0.051520
0 0.001417 0.462784 0.001631 0.024640
0 0.001422 0.508928 0.001620 0.023744
0 0.001433 0.551488 0.001598 0.017472
0 0.001576 0.616000 0.001312 0.035840
0 0.001243 0.173376 0.001978 0.033600
0 0.001224 0.175616 0.002016 0.048384
0 0.001234 0.162624 0.001997 0.040768
0 0.001260 0.388416 0.001944 0.029568
0 0.001259 0.361984 0.001945 0.028672
0 0.001260 0.340928 0.001944 0.021504
0 0.001233 0.306880 0.001999 0.044352
0 0.015633 0.381248 0.031235 0.024640
0 0.001200 0.893760 0.002065 0.032704
0 0.001561 0.661696 0.001341 0.019712
0 0.001566 0.627648 0.001332 0.025536
0 0.001754 0.530432 0.000955 0.031808
0 0.001265 0.197568 0.001934 0.024640
0 0.001791 0.368704 0.000882 0.013440
0 0.001872 0.462784 0.000719 0.024640
0 0.001885 0.461888 0.000695 0.029568
0 0.002085 0.387520 0.000294 0.026880
0 0.002127 0.392000 0.000210 0.038976
0 0.002136 0.387520 0.000193 0.036736
0 0.002143 0.384384 0.000177 0.034944
0 0.002152 0.377216 0.000161 0.034944
0 0.002176 0.364224 0.000113 0.028672
0 0.002143 0.198912 0.000178 0.031808
0 0.002132 0.199808 0.000200 0.036736
0 0.001268 0.204288 0.001929 0.028672
0 0.001269 0.244160 0.001927 0.016128
0 0.001464 0.539392 0.001536 0.014336
0 0.001454 0.154112 0.001557 0.007168
0 0.001323 0.098560 0.001818 0.022400
0 0.001335 0.089152 0.001794 0.017472
0 0.001377 0.038080 0.001711 0.019264
0 0.001348 0.038976 0.001768 0.023744
0 0.001351 0.069888 0.001763 0.019264
0 0.001359 0.064064 0.001747 0.021504
0 0.001385 0.113344 0.001695 0.029568
0 0.001390 0.109312 0.001684 0.024640
0 0.001459 0.113344 0.001546 0.008960
0 0.001452 0.168448 0.001559 0.008960
0 0.001451 0.161280 0.001562 0.007168
0 0.001454 0.146048 0.001556 0.010304
0 0.001281 0.037184 0.001903 0.022400
0 0.001459 0.133056 0.001547 0.010304
0 0.001458 0.104832 0.001547 0.008064
0 0.001464 0.039872 0.001536 0.011200
0 0.001464 0.022848 0.001536 0.008960
0 0.001463 0.015232 0.001537 0.009408
0 0.001463 0.007616 0.001537 0.010304
0 0.001473 0.128576 0.001519 0.022848
0 0.001472 0.162176 0.001521 0.025536
0 0.001367 0.037184 0.001731 0.029568
0 0.001368 0.079296 0.001728 0.026432
0 0.001332 0.099008 0.001801 0.030912
0 0.002115 0.209664 0.000235 0.021504
0 0.002111 0.215488 0.000243 0.041216
0 0.002103 0.216384 0.000259 0.030016
0 0.001505 0.406336 0.001453 0.016576
0 0.001574 0.420672 0.001316 0.017472
0 0.001555 0.443968 0.001354 0.020608
0 0.001578 0.445312 0.001307 0.017472
0 0.001563 0.468608 0.001338 0.026880
0 0.001486 0.448448 0.001492 0.022848
0 0.001492 0.473536 0.001480 0.019264
0 0.001494 0.486976 0.001476 0.020608
0 0.001497 0.502656 0.001470 0.017472
0 0.001516 0.493696 0.001433 0.022848
0 0.001509 0.436352 0.001446 0.018368
0 0.001508 0.418880 0.001449 0.018368
0 0.015985 0.252672 0.030530 0.038976
0 0.002094 0.224448 0.000277 0.041216
0 0.001435 0.303296 0.001593 0.016128
0 0.001434 0.319872 0.001596 0.011200
0 0.001435 0.338688 0.001594 0.017472
0 0.001434 0.353024 0.001596 0.013440
0 0.001434 0.370944 0.001597 0.018368
0 0.001434 0.388864 0.001597 0.019264
0 0.001434 0.406336 0.001597 0.022400
0 0.001437 0.438144 0.001590 0.022848
0 0.001444 0.483392 0.001576 0.019712
0 0.001449 0.510720 0.001567 0.022400
0 0.001450 0.526848 0.001564 0.023744
0 0.001556 0.430080 0.001352 0.015232
0 0.001570 0.395136 0.001325 0.016576
0 0.001567 0.381248 0.001329 0.016128
0 0.001546 0.377664 0.001373 0.017472
0 0.002086 0.224896 0.000292 0.037184
0 0.002064 0.236544 0.000336 0.029568
0 0.001892 0.288960 0.000681 0.011200
0 0.001860 0.207424 0.000744 0.012096
0 0.001856 0.159936 0.000753 0.012544
0 0.001923 0.314048 0.000618 0.016576
0 0.001779 0.293440 0.000907 0.017472
0 0.001786 0.325696 0.000893 0.013440
0 0.001729 0.320768 0.001007 0.014336
0 0.001746 0.326592 0.000973 0.016576
0 0.001753 0.386176 0.000958 0.015232
0 0.001752 0.368256 0.000960 0.017472
0 0.001737 0.408128 0.000990 0.025536
0 0.001686 0.317632 0.001092 0.019712
0 0.001691 0.331968 0.001082 0.012096
0 0.001690 0.349888 0.001085 0.014336
0 0.001696 0.379456 0.001072 0.014336
0 0.001697 0.396480 0.001070 0.012096
0 0.001677 0.401856 0.001110 0.014336
0 0.001622 0.437696 0.001221 0.025536
0 0.001622 0.390656 0.001220 0.014336
0 0.001615 0.363328 0.001234 0.019712
0 0.001565 0.355264 0.001335 0.015232
0 0.007860 0.495488 0.015530 0.241920
