0 0.008239 0.559552 0.014771 0.044352
0 0.008775 0.527744 0.013700 0.065856
0 0.008697 0.493696 0.013856 0.061376
0 0.008688 0.450688 0.013873 0.041664
0 0.008675 0.409920 0.013900 0.023744
0 0.008649 0.312704 0.013951 0.023744
0 0.008625 0.255360 0.013999 0.024192
0 0.008617 0.205184 0.014017 0.034496
0 0.008615 0.112896 0.014019 0.030016
0 0.008542 0.051968 0.014167 0.020160
0 0.008478 0.042112 0.014294 0.015680
0 0.008290 0.125888 0.014671 0.024640
0 0.008246 0.168896 0.014758 0.021952
0 0.008206 0.212800 0.014839 0.023744
0 0.008147 0.269248 0.014956 0.036736
0 0.008116 0.307776 0.015019 0.033152
0 0.008079 0.340032 0.015092 0.047488
0 0.008033 0.376320 0.015185 0.056000
0 0.007984 0.404992 0.015283 0.060480
0 0.007943 0.434112 0.015365 0.059584
0 0.007881 0.469952 0.015488 0.065856
0 0.008736 0.515200 0.013777 0.060480
0 0.008800 0.483392 0.013651 0.036288
0 0.008295 0.532224 0.014659 0.041664
0 0.008832 0.448448 0.013587 0.019712
0 0.008335 0.529536 0.014579 0.056448
0 0.008346 0.560000 0.014557 0.049280
0 0.008375 0.590912 0.014499 0.033152
0 0.008372 0.631232 0.014506 0.012544
0 0.008361 0.660352 0.014528 0.019712
0 0.008352 0.697536 0.014547 0.032704
0 0.008265 0.763840 0.014720 0.043456
0 0.008208 0.799232 0.014834 0.047488
0 0.008169 0.818048 0.014911 0.042112
0 0.008118 0.844032 0.015013 0.043008
0 0.008044 0.870464 0.015162 0.052416
0 0.007990 0.887488 0.015270 0.055552
0 0.007913 0.900480 0.015425 0.058240
0 0.007862 0.904512 0.015526 0.058688
0 0.008743 0.199808 0.013763 0.012992
0 0.008802 0.290752 0.013646 0.023296
0 0.008814 0.349888 0.013622 0.027328
0 0.008828 0.414400 0.013595 0.029120
0 0.008864 0.473536 0.013522 0.020608
0 0.007845 0.489216 0.015561 0.058240
