0 0.011616 0.979776 0.021410 0.033152
0 0.011651 0.936320 0.021340 0.041216
0 0.004682 0.596736 0.008494 0.120064
0 0.004638 0.708736 0.008580 0.120064
0 0.004546 0.808640 0.008766 0.114240
0 0.005064 0.534016 0.007729 0.116032
0 0.005106 0.418432 0.007645 0.115136
0 0.005143 0.304192 0.007570 0.116928
0 0.011675 0.163520 0.021293 0.032704
0 0.012071 0.839104 0.020501 0.032704
0 0.012182 0.960960 0.020279 0.029120
0 0.011598 0.975296 0.021448 0.038528
0 0.011694 0.950656 0.021256 0.033152
0 0.011456 0.942592 0.021730 0.025536
0 0.012169 0.938112 0.020306 0.029120
0 0.012205 0.843136 0.020234 0.030912
0 0.011577 0.969024 0.021489 0.037632
0 0.011556 0.962752 0.021530 0.037632
0 0.011573 0.921984 0.021497 0.033152
0 0.015899 0.259392 0.030702 0.116928
