0 0.016245 0.594496 0.030010 0.019712
0 0.008251 0.769664 0.014748 0.022848
0 0.008462 0.526400 0.014325 0.036288
0 0.008441 0.548352 0.014368 0.035392
0 0.008426 0.563136 0.014397 0.029120
0 0.016237 0.612864 0.030027 0.017920
0 0.016231 0.620480 0.030039 0.016576
0 0.008397 0.590016 0.014455 0.023744
0 0.008381 0.600320 0.014487 0.021056
0 0.008361 0.622720 0.014528 0.030016
0 0.008341 0.653632 0.014568 0.024640
0 0.008321 0.676032 0.014608 0.030912
0 0.008299 0.698880 0.014652 0.037184
0 0.008284 0.732032 0.014683 0.034496
0 0.016079 0.879424 0.030342 0.016576
0 0.008502 0.484736 0.014246 0.044352
0 0.008227 0.804608 0.014795 0.030016
0 0.008212 0.823872 0.014825 0.023744
0 0.016027 0.958720 0.030445 0.015680
0 0.008172 0.873600 0.014905 0.041216
0 0.008149 0.883456 0.014952 0.040768
0 0.008126 0.892864 0.014997 0.041664
0 0.008071 0.878528 0.015108 0.019712
0 0.008046 0.886592 0.015159 0.021504
0 0.008024 0.902720 0.015202 0.023296
0 0.008005 0.923776 0.015240 0.023296
0 0.007979 0.952448 0.015291 0.029120
0 0.007966 0.975744 0.015319 0.019712
0 0.008478 0.511168 0.014293 0.038976
0 0.008520 0.458304 0.014210 0.036288
0 0.016300 0.775488 0.029901 0.016128
0 0.008735 0.156800 0.013780 0.037632
0 0.016318 0.758912 0.029864 0.014784
0 0.016459 0.388864 0.029582 0.018368
0 0.016511 0.331968 0.029478 0.017472
0 0.016631 0.368704 0.029237 0.021056
0 0.016681 0.237440 0.029139 0.016576
0 0.016629 0.172032 0.029242 0.015680
0 0.016727 0.038976 0.029047 0.014336
0 0.008838 0.027776 0.013573 0.029120
0 0.008819 0.052864 0.013612 0.028224
0 0.008802 0.079744 0.013645 0.037632
0 0.008777 0.109760 0.013697 0.040768
0 0.008755 0.139776 0.013740 0.041216
0 0.008720 0.192640 0.013811 0.021056
0 0.016369 0.529088 0.029762 0.016128
0 0.008704 0.208320 0.013842 0.028224
0 0.008697 0.220416 0.013855 0.021504
0 0.008680 0.238336 0.013891 0.030016
0 0.008661 0.259840 0.013928 0.032704
0 0.008646 0.281344 0.013957 0.035392
0 0.008629 0.307328 0.013992 0.029120
0 0.008604 0.327040 0.014042 0.030464
0 0.008595 0.347200 0.014059 0.025536
0 0.008572 0.377216 0.014107 0.032256
0 0.008553 0.409024 0.014143 0.038080
0 0.008537 0.433216 0.014176 0.035840
0 0.016372 0.469952 0.029757 0.021952
0 0.007946 0.992768 0.015357 0.015680
