0 0.012246 0.745472 0.020151 0.015680
0 0.005127 0.653632 0.007602 0.047040
0 0.004568 0.271040 0.008721 0.048832
0 0.004531 0.345408 0.008795 0.049728
0 0.004534 0.408128 0.008789 0.049728
0 0.015934 0.132160 0.030631 0.076608
0 0.005373 0.542528 0.007112 0.046144
0 0.005373 0.469952 0.007112 0.046144
0 0.005282 0.635264 0.007294 0.047040
0 0.005281 0.707392 0.007296 0.047040
0 0.005219 0.528640 0.007418 0.045696
0 0.005221 0.456064 0.007416 0.044800
0 0.005126 0.725312 0.007604 0.047040
0 0.011984 0.931392 0.020675 0.019264
0 0.005066 0.817152 0.007726 0.048384
0 0.005064 0.890176 0.007730 0.047488
0 0.005001 0.489664 0.007855 0.048832
0 0.011469 0.008512 0.021705 0.010304
0 0.011715 0.188160 0.021212 0.020608
0 0.011738 0.116032 0.021168 0.021952
0 0.011747 0.119616 0.021148 0.019712
0 0.012060 0.288960 0.020523 0.017920
0 0.011631 0.568512 0.021382 0.020160
0 0.011578 0.690816 0.021488 0.011648
0 0.004566 0.208320 0.008726 0.048384
