0 0.001181 0.374976 0.002102 0.022400
0 0.008103 0.830144 0.015044 0.090944
0 0.008333 0.931840 0.014584 0.056448
0 0.008312 0.932736 0.014626 0.047936
0 0.008279 0.947072 0.014693 0.068096
0 0.008250 0.939904 0.014749 0.070336
0 0.008223 0.930496 0.014804 0.074368
0 0.008201 0.927808 0.014849 0.069440
0 0.008160 0.908096 0.014930 0.068096
0 0.008139 0.880320 0.014972 0.077056
0 0.008082 0.801920 0.015086 0.079744
0 0.001145 0.316288 0.002175 0.021504
0 0.008058 0.784896 0.015133 0.093632
0 0.008042 0.743680 0.015165 0.080192
0 0.008014 0.710528 0.015222 0.098560
0 0.007994 0.672448 0.015261 0.085120
0 0.007949 0.560448 0.015353 0.105280
0 0.007932 0.532224 0.015386 0.086912
0 0.007897 0.478464 0.015457 0.072128
0 0.007866 0.399616 0.015518 0.063616
0 0.008353 0.935872 0.014543 0.063616
0 0.008368 0.924224 0.014515 0.045696
0 0.008385 0.912576 0.014480 0.050624
0 0.008408 0.912576 0.014433 0.050624
0 0.001145 0.308224 0.002174 0.024640
0 0.001147 0.300608 0.002171 0.024640
0 0.001150 0.286272 0.002164 0.034048
0 0.008893 0.168448 0.013464 0.086912
0 0.008863 0.288512 0.013525 0.049728
0 0.008818 0.382592 0.013614 0.084672
0 0.008790 0.453824 0.013671 0.087808
0 0.008731 0.549696 0.013787 0.078848
0 0.008700 0.588224 0.013850 0.094528
0 0.008654 0.661696 0.013943 0.072128
0 0.008615 0.728896 0.014020 0.079744
0 0.008584 0.751296 0.014082 0.044800
0 0.008544 0.830144 0.014163 0.066304
0 0.008528 0.849408 0.014193 0.063616
0 0.008509 0.866432 0.014232 0.047936
0 0.008475 0.855232 0.014300 0.033152
0 0.008461 0.890624 0.014328 0.073024
0 0.007813 0.296128 0.015624 0.166656
