0 0.000414 0.318080 0.000828 0.023296
0 0.000705 0.852544 0.001409 0.029120
0 0.000740 0.195776 0.001479 0.075712
0 0.000700 0.259392 0.001400 0.072128
0 0.000660 0.318976 0.001321 0.071680
0 0.000589 0.386624 0.001178 0.015680
0 0.000609 0.360192 0.001217 0.027776
0 0.000946 0.408576 0.001891 0.047936
0 0.000361 0.786688 0.000722 0.055552
0 0.012694 0.549696 0.023719 0.030912
0 0.000617 0.814912 0.001233 0.052864
0 0.000305 0.464128 0.000609 0.026432
0 0.000676 0.755776 0.001352 0.071232
0 0.000722 0.699776 0.001445 0.070784
0 0.000752 0.650496 0.001505 0.052864
0 0.000887 0.649600 0.001775 0.051520
0 0.000791 0.614208 0.001583 0.045248
0 0.000824 0.572992 0.001648 0.071232
0 0.000876 0.461888 0.001752 0.074816
0 0.000825 0.504896 0.001650 0.036736
0 0.012774 0.436800 0.023559 0.030912
