0 0.000252 0.670208 0.000503 0.057792
0 0.000293 0.652288 0.000585 0.047040
0 0.000482 0.062272 0.000964 0.062272
0 0.000712 0.271488 0.001424 0.055104
0 0.000705 0.342272 0.001411 0.037184
0 0.000706 0.389312 0.001412 0.037632
0 0.000378 0.258048 0.000757 0.034048
0 0.000345 0.203392 0.000690 0.032704
0 0.000328 0.173824 0.000655 0.033600
0 0.000309 0.145600 0.000617 0.031808
0 0.000293 0.117824 0.000585 0.032256
0 0.001044 0.720384 0.002087 0.032256
0 0.000424 0.696640 0.000848 0.048832
0 0.000455 0.750848 0.000909 0.054656
0 0.000454 0.801920 0.000907 0.050624
0 0.000454 0.894208 0.000907 0.037632
0 0.000369 0.951552 0.000738 0.059136
0 0.000350 0.918848 0.000700 0.056896
0 0.000307 0.877632 0.000613 0.080192
0 0.000315 0.923776 0.000629 0.067648
0 0.000254 0.916608 0.000507 0.031360
0 0.000493 0.112000 0.000986 0.047936
