0 0.000243 0.515648 0.000485 0.181888
0 0.000232 0.342272 0.000464 0.127232
0 0.000324 0.397376 0.000647 0.150976
0 0.000415 0.452032 0.000830 0.115136
0 0.000495 0.506240 0.000990 0.113344
0 0.000657 0.827904 0.001314 0.133056
0 0.000727 0.704704 0.001453 0.133952
0 0.000810 0.727552 0.001620 0.071680
0 0.000892 0.642880 0.001784 0.160832
0 0.000946 0.530432 0.001891 0.162176
0 0.000980 0.627648 0.001960 0.094080
0 0.000626 0.388416 0.001252 0.125888
0 0.000689 0.310912 0.001379 0.111104
0 0.000745 0.135744 0.001490 0.103936
0 0.000641 0.159488 0.001281 0.058240
