0 0.000183 0.454720 0.000366 0.008960
0 0.000398 0.904512 0.000796 0.035840
0 0.000223 0.280448 0.000447 0.022400
0 0.000193 0.272832 0.000386 0.026880
0 0.000196 0.375424 0.000392 0.022400
0 0.000275 0.427840 0.000550 0.025088
0 0.000313 0.713216 0.000625 0.060928
0 0.000328 0.753536 0.000656 0.060480
0 0.000381 0.693952 0.000762 0.054208
0 0.000501 0.805056 0.001002 0.055104
0 0.000531 0.858368 0.001061 0.056896
0 0.000530 0.887488 0.001060 0.033152
0 0.000556 0.896448 0.001113 0.034944
0 0.000569 0.932736 0.001137 0.050624
0 0.000470 0.942592 0.000941 0.035840
0 0.000446 0.923328 0.000891 0.036288
0 0.000392 0.884352 0.000784 0.035392
0 0.000207 0.176064 0.000413 0.033600
0 0.000378 0.860608 0.000756 0.039424
0 0.001039 0.834624 0.002078 0.047936
0 0.000874 0.681408 0.001748 0.050176
0 0.000827 0.711424 0.001653 0.034944
0 0.000842 0.688128 0.001683 0.054656
0 0.000849 0.655424 0.001698 0.056896
0 0.001034 0.547008 0.002068 0.046144
0 0.000732 0.844480 0.001465 0.049280
0 0.000712 0.806400 0.001423 0.050176
0 0.000673 0.796096 0.001346 0.046592
0 0.000690 0.769216 0.001379 0.047936
0 0.000660 0.710976 0.001320 0.046592
0 0.000622 0.672448 0.001244 0.033152
0 0.000301 0.463680 0.000602 0.019264
0 0.000170 0.155008 0.000340 0.024640
0 0.000220 0.208320 0.000441 0.034944
0 0.000594 0.631232 0.001189 0.026432
0 0.000515 0.326144 0.001030 0.033152
0 0.000535 0.076160 0.001071 0.043456
0 0.000498 0.113792 0.000997 0.027328
0 0.000477 0.162176 0.000955 0.035840
0 0.000458 0.194432 0.000916 0.030464
0 0.000528 0.231168 0.001056 0.031360
0 0.000458 0.257152 0.000917 0.019712
0 0.000536 0.245952 0.001073 0.024640
0 0.000533 0.256704 0.001066 0.020160
0 0.000538 0.266560 0.001076 0.018816
0 0.000511 0.269696 0.001021 0.031360
0 0.000497 0.260288 0.000995 0.041664
0 0.000479 0.280000 0.000959 0.026432
0 0.000499 0.293440 0.000998 0.031808
0 0.000497 0.310464 0.000994 0.030464
0 0.000504 0.342720 0.001009 0.025984
0 0.000236 0.185024 0.000471 0.033600
0 0.000516 0.354368 0.001033 0.025536
0 0.000528 0.384832 0.001056 0.015232
0 0.000564 0.361984 0.001129 0.053760
0 0.000541 0.333760 0.001081 0.033600
0 0.000623 0.414848 0.001246 0.028672
0 0.000535 0.398272 0.001070 0.011648
0 0.000602 0.377664 0.001205 0.017472
0 0.000606 0.385280 0.001211 0.016128
0 0.000533 0.410368 0.001066 0.017920
0 0.000541 0.427392 0.001082 0.016128
0 0.000548 0.415296 0.001096 0.012544
0 0.000578 0.429184 0.001156 0.029568
0 0.000573 0.398272 0.001146 0.041664
0 0.000249 0.143360 0.000498 0.034944
0 0.000564 0.493696 0.001129 0.038976
0 0.000253 0.434112 0.000506 0.035840
0 0.000174 0.459648 0.000348 0.016128
0 0.000250 0.540288 0.000500 0.020160
0 0.000569 0.588224 0.001138 0.021504
0 0.000555 0.588672 0.001109 0.018368
0 0.000555 0.598976 0.001111 0.020608
0 0.000613 0.616448 0.001227 0.016128
0 0.000589 0.611072 0.001177 0.016576
0 0.000648 0.615552 0.001295 0.015232
0 0.000615 0.607488 0.001231 0.010752
0 0.000564 0.621376 0.001128 0.015680
0 0.000569 0.630784 0.001137 0.012544
0 0.000574 0.637056 0.001148 0.011200
0 0.000581 0.641536 0.001163 0.011648
0 0.000577 0.616000 0.001155 0.015232
0 0.000282 0.529984 0.000565 0.021952
0 0.000260 0.530880 0.000521 0.021056
0 0.000223 0.554624 0.000447 0.019712
0 0.000620 0.630336 0.001240 0.018368
0 0.000221 0.564032 0.000443 0.020160
0 0.000168 0.468160 0.000336 0.012992
0 0.000186 0.491008 0.000373 0.021504
0 0.000194 0.493248 0.000388 0.016576
0 0.000216 0.492352 0.000431 0.021504
0 0.000199 0.481152 0.000398 0.016576
0 0.000234 0.486528 0.000467 0.021952
0 0.000242 0.478912 0.000484 0.017024
0 0.000233 0.468160 0.000465 0.017920
0 0.000267 0.472640 0.000534 0.028224
0 0.000228 0.443072 0.000456 0.011200
0 0.000218 0.448000 0.000436 0.015680
0 0.000208 0.450688 0.000417 0.018816
0 0.000192 0.455168 0.000384 0.021504
0 0.000590 0.589568 0.001180 0.021056
0 0.000669 0.602560 0.001337 0.022848
0 0.000200 0.135296 0.000400 0.010304
0 0.000585 0.484288 0.001170 0.021952
0 0.000504 0.180096 0.001008 0.012544
0 0.000525 0.176512 0.001049 0.011648
0 0.000520 0.185472 0.001041 0.012096
0 0.000473 0.415296 0.000947 0.013440
0 0.000481 0.422464 0.000962 0.017472
0 0.000477 0.427392 0.000955 0.009856
0 0.000488 0.434112 0.000977 0.016576
0 0.000492 0.437248 0.000983 0.011200
0 0.000498 0.444864 0.000995 0.018816
0 0.000503 0.449344 0.001005 0.013888
0 0.000492 0.456512 0.000984 0.011648
0 0.000501 0.465472 0.001002 0.012544
0 0.000511 0.473088 0.001023 0.016576
0 0.000518 0.482944 0.001036 0.017920
0 0.000567 0.481152 0.001135 0.020608
0 0.000562 0.495488 0.001124 0.012544
0 0.000538 0.481152 0.001077 0.011648
0 0.000525 0.490112 0.001051 0.014336
0 0.000520 0.499520 0.001039 0.016576
0 0.000575 0.489664 0.001150 0.014784
0 0.000616 0.508928 0.001233 0.014784
0 0.000600 0.518784 0.001200 0.012544
0 0.000605 0.525504 0.001210 0.014336
0 0.000593 0.522816 0.001187 0.015680
0 0.000585 0.526400 0.001170 0.017024
0 0.000573 0.534016 0.001145 0.015680
0 0.000557 0.537152 0.001113 0.013888
0 0.000547 0.535360 0.001094 0.013888
0 0.000542 0.543872 0.001085 0.016128
0 0.000606 0.577024 0.001212 0.015232
0 0.001026 0.265664 0.002051 0.030912
