0 0.012831 0.968576 0.023445 0.028672
0 0.012807 0.906304 0.023492 0.037632
0 0.001060 0.196224 0.002121 0.050176
0 0.001090 0.120960 0.002180 0.033600
0 0.001104 0.148736 0.002208 0.034496
0 0.001110 0.171136 0.002220 0.061376
0 0.001054 0.228032 0.002109 0.039872
0 0.000652 0.170240 0.001305 0.037632
0 0.000640 0.185920 0.001281 0.043456
0 0.000620 0.171136 0.001239 0.046144
0 0.000602 0.168448 0.001203 0.043008
0 0.000615 0.199808 0.001229 0.036736
0 0.000567 0.206080 0.001133 0.051072
0 0.000585 0.206528 0.001170 0.043904
0 0.000573 0.189504 0.001147 0.036288
0 0.000544 0.186368 0.001089 0.036736
0 0.000536 0.227136 0.001073 0.063616
0 0.000541 0.209664 0.001083 0.035392
0 0.000516 0.223104 0.001031 0.037184
0 0.000489 0.250432 0.000978 0.062272
0 0.000450 0.268352 0.000900 0.038976
0 0.000430 0.268352 0.000860 0.047488
0 0.000395 0.288064 0.000790 0.074368
0 0.000449 0.056000 0.000898 0.058688
0 0.000402 0.075712 0.000804 0.057344
0 0.000388 0.100800 0.000776 0.024192
0 0.000138 0.225344 0.000275 0.052416
0 0.000168 0.189056 0.000335 0.036736
0 0.000164 0.210560 0.000328 0.034944
0 0.000186 0.212352 0.000373 0.035840
0 0.000193 0.190400 0.000387 0.033152
0 0.001083 0.110208 0.002166 0.049728
0 0.001081 0.079744 0.002162 0.050624
0 0.001060 0.058688 0.002119 0.051072
0 0.012971 0.745024 0.023166 0.019264
0 0.000565 0.817600 0.001129 0.041664
0 0.012777 0.918400 0.023553 0.038528
0 0.012749 0.934976 0.023609 0.034496
0 0.012760 0.842240 0.023587 0.040320
0 0.012709 0.815808 0.023688 0.037632
0 0.012697 0.788032 0.023714 0.035392
0 0.000834 0.872256 0.001668 0.071232
0 0.000985 0.413504 0.001971 0.051968
0 0.001008 0.476672 0.002015 0.051520
0 0.000956 0.757120 0.001911 0.111104
0 0.001041 0.722176 0.002082 0.085568
0 0.001064 0.623168 0.002128 0.070336
0 0.000916 0.687232 0.001831 0.078848
0 0.000714 0.705600 0.001429 0.050624
0 0.000223 0.477120 0.000446 0.071680
0 0.012975 0.766976 0.023157 0.037184
0 0.000701 0.664832 0.001402 0.050176
0 0.000705 0.624064 0.001410 0.072128
0 0.000643 0.482944 0.001286 0.056000
0 0.000631 0.442624 0.001262 0.039872
0 0.000635 0.410816 0.001270 0.036288
0 0.012868 0.435008 0.023372 0.020160
0 0.000566 0.593152 0.001133 0.074368
0 0.000583 0.642880 0.001167 0.049728
0 0.000597 0.699776 0.001194 0.049728
0 0.000381 0.731584 0.000763 0.071680
0 0.000225 0.435904 0.000449 0.067200
0 0.000187 0.478016 0.000374 0.067648
0 0.001062 0.036288 0.002124 0.034048
