0 0.000461 0.862400 0.000922 0.005824
0 0.000761 0.743680 0.001522 0.002688
0 0.000499 0.749504 0.000998 0.004032
0 0.000497 0.750400 0.000993 0.004928
0 0.000490 0.762048 0.000979 0.005824
0 0.000483 0.757120 0.000967 0.007168
0 0.000156 0.744576 0.000313 0.005376
0 0.000245 0.727104 0.000489 0.004032
0 0.000244 0.722176 0.000488 0.004480
0 0.000244 0.717248 0.000488 0.004928
0 0.000254 0.727552 0.000508 0.005376
0 0.000290 0.676928 0.000579 0.004928
0 0.000308 0.668416 0.000616 0.007168
0 0.000332 0.643776 0.000665 0.006272
0 0.000338 0.660352 0.000677 0.006272
0 0.000337 0.653184 0.000675 0.005376
0 0.000473 0.783552 0.000947 0.005824
0 0.000459 0.800576 0.000919 0.006272
0 0.000461 0.805056 0.000922 0.006272
0 0.000462 0.809088 0.000924 0.004928
0 0.000463 0.813568 0.000926 0.004928
0 0.000463 0.818496 0.000927 0.007616
0 0.000460 0.820288 0.000919 0.005376
0 0.000456 0.822080 0.000912 0.005824
0 0.000450 0.824768 0.000900 0.005824
0 0.000503 0.747712 0.001006 0.005376
0 0.000507 0.745472 0.001014 0.005824
0 0.000505 0.765632 0.001009 0.006720
0 0.000679 0.677824 0.001357 0.006272
0 0.000214 0.282688 0.000427 0.006272
0 0.000215 0.258496 0.000429 0.010304
0 0.000305 0.254912 0.000610 0.007168
0 0.000284 0.289856 0.000568 0.009856
0 0.000298 0.289408 0.000596 0.008512
0 0.000345 0.297920 0.000690 0.004928
0 0.000587 0.439936 0.001175 0.011200
0 0.000467 0.396928 0.000934 0.006272
0 0.000451 0.402752 0.000902 0.009408
0 0.000386 0.437696 0.000772 0.013888
0 0.000683 0.672000 0.001367 0.007168
0 0.000526 0.756224 0.001051 0.004032
0 0.000727 0.678272 0.001454 0.003584
0 0.000639 0.684544 0.001277 0.007168
0 0.000633 0.684544 0.001266 0.007616
0 0.000636 0.681408 0.001273 0.006272
0 0.000559 0.720384 0.001119 0.007168
0 0.000555 0.722624 0.001110 0.006272
0 0.000533 0.732480 0.001067 0.004480
0 0.000533 0.746816 0.001066 0.004928
0 0.000535 0.751296 0.001071 0.006272
0 0.000525 0.751744 0.001049 0.005824
0 0.000446 0.827008 0.000892 0.005376
0 0.000442 0.828800 0.000885 0.005824
0 0.000439 0.830592 0.000877 0.005824
0 0.000526 0.557760 0.001053 0.005824
0 0.000470 0.608384 0.000939 0.005824
0 0.000473 0.585088 0.000947 0.003584
0 0.000476 0.589120 0.000951 0.005824
0 0.000481 0.581504 0.000962 0.004032
0 0.000483 0.585536 0.000966 0.004032
0 0.000490 0.581504 0.000980 0.004480
0 0.000488 0.577920 0.000975 0.004032
0 0.000502 0.587776 0.001003 0.004032
0 0.000528 0.563136 0.001056 0.005824
0 0.000527 0.560000 0.001054 0.005376
0 0.000525 0.555072 0.001050 0.005376
0 0.000461 0.611968 0.000922 0.004928
0 0.000525 0.552832 0.001050 0.004928
0 0.000566 0.551488 0.001132 0.005376
0 0.000564 0.546560 0.001128 0.005376
0 0.000564 0.538944 0.001128 0.005824
0 0.000569 0.540288 0.001138 0.004928
0 0.000569 0.536256 0.001139 0.005376
0 0.000571 0.540288 0.001141 0.004928
0 0.000574 0.543424 0.001148 0.005376
0 0.000466 0.587328 0.000932 0.004032
0 0.000247 0.352128 0.000494 0.006272
0 0.000465 0.610624 0.000929 0.005824
0 0.000456 0.598976 0.000913 0.005824
0 0.000436 0.819840 0.000872 0.006720
0 0.000443 0.813120 0.000886 0.005376
0 0.000430 0.804160 0.000860 0.007168
0 0.000433 0.793856 0.000866 0.004480
0 0.000446 0.796544 0.000892 0.005824
0 0.000448 0.800576 0.000895 0.005376
0 0.000449 0.804608 0.000898 0.005824
0 0.000451 0.808640 0.000901 0.005376
0 0.000452 0.812672 0.000903 0.004928
0 0.000439 0.800128 0.000879 0.006272
0 0.000441 0.804160 0.000882 0.005824
0 0.000442 0.808640 0.000884 0.005376
0 0.000445 0.816704 0.000890 0.005824
0 0.000453 0.601216 0.000905 0.005824
0 0.000401 0.631680 0.000801 0.006272
0 0.000408 0.627200 0.000816 0.004928
0 0.000415 0.615104 0.000830 0.005376
0 0.000432 0.611968 0.000864 0.010304
0 0.000438 0.623616 0.000877 0.005824
0 0.000443 0.620032 0.000886 0.005376
0 0.000439 0.608384 0.000879 0.005376
0 0.000434 0.624960 0.000869 0.004032
0 0.000444 0.606144 0.000887 0.005376
0 0.000447 0.603456 0.000895 0.005824
0 0.000197 0.296128 0.000394 0.004032
