0 0.012019 0.152320 0.020605 0.004480
0 0.011454 0.178752 0.021735 0.008064
0 0.000598 0.510272 0.001195 0.016128
0 0.000629 0.449344 0.001259 0.014784
0 0.000644 0.503104 0.001288 0.020160
0 0.000653 0.497728 0.001305 0.012992
0 0.000674 0.491904 0.001348 0.012544
0 0.000681 0.487872 0.001362 0.010752
0 0.000689 0.484736 0.001378 0.013888
0 0.000736 0.469504 0.001471 0.018368
0 0.000665 0.409024 0.001330 0.015680
0 0.011368 0.150528 0.021906 0.003584
0 0.011180 0.289856 0.022282 0.004032
0 0.011201 0.219968 0.022241 0.003136
0 0.011210 0.282688 0.022223 0.003584
0 0.011213 0.331968 0.022218 0.002240
0 0.011222 0.348544 0.022199 0.004480
0 0.011219 0.351680 0.022205 0.004480
0 0.011218 0.357952 0.022206 0.003584
0 0.011218 0.367360 0.022206 0.004032
0 0.011218 0.373632 0.022206 0.004032
0 0.011229 0.341824 0.022185 0.004032
0 0.011229 0.353920 0.022185 0.004032
0 0.011239 0.227584 0.022165 0.004032
0 0.011227 0.217280 0.022188 0.003136
0 0.011199 0.227584 0.022244 0.002688
0 0.011189 0.225344 0.022264 0.003136
0 0.000382 0.477568 0.000764 0.010304
