0 0.000952 0.428736 0.001904 0.005824
0 0.000465 0.442624 0.000931 0.013888
0 0.000615 0.331520 0.001230 0.010752
0 0.000604 0.338688 0.001208 0.011648
0 0.000624 0.387520 0.001247 0.013440
0 0.000658 0.336896 0.001315 0.012992
0 0.000664 0.332864 0.001328 0.011200
0 0.000671 0.327040 0.001342 0.012096
0 0.000678 0.322560 0.001356 0.013440
0 0.000685 0.317632 0.001370 0.012992
0 0.000699 0.308672 0.001398 0.012992
0 0.000705 0.304640 0.001410 0.012992
0 0.000716 0.300160 0.001431 0.012992
0 0.000583 0.363328 0.001166 0.019264
0 0.000574 0.350336 0.001149 0.013888
0 0.000563 0.324800 0.001127 0.014336
0 0.000565 0.401408 0.001131 0.013440
0 0.000551 0.369152 0.001102 0.014784
0 0.000538 0.343168 0.001076 0.013888
0 0.000527 0.404096 0.001054 0.023296
0 0.000519 0.387072 0.001038 0.022848
0 0.000510 0.369152 0.001021 0.023744
0 0.000504 0.420224 0.001007 0.022848
0 0.000496 0.403200 0.000992 0.023744
0 0.000485 0.386176 0.000970 0.019264
0 0.000600 0.295680 0.001200 0.012544
0 0.000611 0.322560 0.001222 0.010304
0 0.000628 0.301952 0.001257 0.015232
0 0.000826 0.224000 0.001653 0.013440
0 0.000831 0.115584 0.001662 0.017024
0 0.000838 0.125440 0.001677 0.019712
0 0.000865 0.143360 0.001730 0.024192
0 0.000888 0.185024 0.001775 0.025536
0 0.000864 0.204288 0.001728 0.005824
0 0.000871 0.196224 0.001742 0.025088
0 0.000855 0.207424 0.001710 0.025088
0 0.000859 0.202496 0.001718 0.013440
0 0.000842 0.211456 0.001684 0.015232
0 0.000838 0.220864 0.001676 0.018816
0 0.000820 0.224448 0.001639 0.011200
0 0.000676 0.267008 0.001352 0.013888
0 0.000821 0.232064 0.001641 0.017920
0 0.000801 0.237440 0.001603 0.011648
0 0.000811 0.237888 0.001622 0.019264
0 0.000802 0.244608 0.001603 0.019712
0 0.000788 0.253120 0.001577 0.021056
0 0.000989 0.289856 0.001979 0.012992
0 0.000751 0.216832 0.001503 0.013888
0 0.000734 0.228032 0.001467 0.014336
0 0.000725 0.234752 0.001449 0.015232
0 0.000686 0.261632 0.001371 0.013888
0 0.000507 0.466816 0.001014 0.014784
0 0.000459 0.424704 0.000918 0.014336
0 0.000951 0.424704 0.001902 0.006720
0 0.000450 0.406784 0.000900 0.013888
0 0.000116 0.657664 0.000232 0.023744
0 0.000102 0.665728 0.000204 0.023744
0 0.000357 0.750400 0.000714 0.012992
0 0.000322 0.826112 0.000645 0.013888
0 0.000350 0.829696 0.000700 0.008512
0 0.000404 0.794752 0.000808 0.012992
0 0.000414 0.785792 0.000829 0.018368
0 0.000336 0.899136 0.000672 0.007168
0 0.000367 0.876288 0.000734 0.011200
0 0.000763 0.552384 0.001527 0.012096
0 0.000770 0.547008 0.001540 0.011648
0 0.000785 0.538048 0.001570 0.013888
0 0.000789 0.535808 0.001578 0.007168
0 0.000796 0.529984 0.001592 0.014784
0 0.000685 0.606144 0.001371 0.006272
0 0.000883 0.453824 0.001766 0.005376
0 0.000902 0.442624 0.001805 0.006720
0 0.000907 0.439936 0.001814 0.007616
0 0.000926 0.428288 0.001852 0.005824
0 0.000931 0.424256 0.001863 0.007168
0 0.000943 0.417536 0.001886 0.008960
0 0.000945 0.416192 0.001891 0.005376
0 0.000949 0.419776 0.001897 0.006720
0 0.000107 0.659008 0.000214 0.012992
0 0.000130 0.646912 0.000261 0.022400
0 0.000181 0.686336 0.000363 0.012992
0 0.000212 0.617792 0.000425 0.013888
0 0.000433 0.442176 0.000866 0.013888
0 0.000411 0.480704 0.000822 0.014336
0 0.000402 0.462784 0.000804 0.013888
0 0.000394 0.444864 0.000788 0.013888
0 0.000278 0.519232 0.000556 0.012992
0 0.000377 0.478912 0.000754 0.012992
0 0.000298 0.560000 0.000597 0.016576
0 0.000277 0.574336 0.000553 0.013888
0 0.000192 0.578368 0.000383 0.020160
0 0.000204 0.598528 0.000408 0.013888
0 0.000245 0.595392 0.000490 0.014336
0 0.000469 0.748160 0.000937 0.013888
0 0.000235 0.603008 0.000469 0.014336
0 0.000238 0.549248 0.000477 0.005376
0 0.000234 0.553728 0.000467 0.006272
0 0.000220 0.562688 0.000440 0.007168
0 0.000214 0.569408 0.000428 0.010752
0 0.000206 0.572096 0.000411 0.005824
0 0.000515 0.714560 0.001030 0.012544
0 0.000506 0.720832 0.001012 0.013888
0 0.000497 0.728000 0.000993 0.012992
0 0.000487 0.734720 0.000975 0.013440
0 0.000832 0.135744 0.001665 0.008960
