0 0.000583 0.210112 0.001167 0.069888
0 0.000297 0.509376 0.000593 0.053312
0 0.000896 0.109760 0.001792 0.025984
0 0.000861 0.101696 0.001721 0.027328
0 0.000810 0.091392 0.001619 0.028672
0 0.000845 0.241472 0.001690 0.044800
0 0.000911 0.319424 0.001823 0.031360
0 0.000832 0.398272 0.001663 0.036288
0 0.000680 0.426496 0.001360 0.061824
0 0.000452 0.336448 0.000903 0.072576
0 0.000357 0.325248 0.000713 0.030464
0 0.000367 0.403648 0.000734 0.051072
0 0.000318 0.592256 0.000636 0.072576
0 0.000652 0.201600 0.001305 0.072128
0 0.000201 0.443968 0.000402 0.034944
0 0.000172 0.410816 0.000344 0.035840
0 0.000460 0.562688 0.000920 0.037184
0 0.000507 0.811328 0.001013 0.036736
0 0.000545 0.840448 0.001090 0.033600
0 0.000588 0.815360 0.001176 0.034048
0 0.000634 0.816256 0.001267 0.034048
0 0.000765 0.813568 0.001530 0.034944
0 0.000765 0.749504 0.001529 0.030912
0 0.000796 0.719488 0.001591 0.033600
0 0.001025 0.132608 0.002051 0.042560
