0 0.010490 0.725760 0.019198 0.009856
0 0.000515 0.580160 0.001029 0.017472
0 0.000497 0.470400 0.000995 0.025536
0 0.000540 0.405888 0.001081 0.063616
0 0.000554 0.476224 0.001108 0.033152
0 0.000535 0.496384 0.001071 0.018368
0 0.000522 0.523712 0.001044 0.017920
0 0.000527 0.512512 0.001054 0.017920
0 0.000522 0.506688 0.001043 0.031360
0 0.000509 0.528640 0.001017 0.034944
0 0.000508 0.576576 0.001016 0.017024
0 0.000552 0.541632 0.001105 0.016576
0 0.000551 0.559552 0.001102 0.024192
0 0.000539 0.577920 0.001077 0.015680
0 0.000469 0.494592 0.000938 0.018368
0 0.000537 0.594944 0.001073 0.021952
0 0.000527 0.610176 0.001055 0.016128
0 0.000516 0.631680 0.001031 0.018368
0 0.000510 0.647360 0.001020 0.022848
0 0.000505 0.684544 0.001010 0.015680
0 0.000440 0.582848 0.000880 0.015232
0 0.000552 0.715456 0.001103 0.013888
0 0.000519 0.754880 0.001038 0.013440
0 0.000509 0.749056 0.001018 0.013888
0 0.000623 0.650496 0.001245 0.013440
0 0.000617 0.633472 0.001235 0.038080
0 0.000483 0.482944 0.000966 0.016576
0 0.000457 0.508480 0.000914 0.016128
0 0.000605 0.801024 0.001210 0.017472
0 0.000394 0.560000 0.000787 0.014784
0 0.000127 0.181888 0.000255 0.025536
0 0.000250 0.167104 0.000501 0.022848
0 0.000273 0.150528 0.000545 0.033600
0 0.000332 0.418880 0.000664 0.035840
0 0.000371 0.465920 0.000742 0.051520
0 0.000457 0.402304 0.000913 0.018368
0 0.000445 0.414400 0.000890 0.019712
0 0.000431 0.428736 0.000862 0.019264
0 0.000418 0.444864 0.000836 0.024640
0 0.000404 0.467264 0.000809 0.027776
0 0.000383 0.486080 0.000767 0.023296
0 0.000411 0.561344 0.000821 0.015232
0 0.000454 0.501312 0.000909 0.015232
0 0.000401 0.581952 0.000801 0.016576
0 0.000429 0.561344 0.000858 0.017024
0 0.000421 0.548800 0.000841 0.018368
0 0.000427 0.598976 0.000854 0.020160
0 0.000449 0.567168 0.000898 0.018816
0 0.000454 0.572096 0.000909 0.016576
0 0.000462 0.555072 0.000925 0.017024
0 0.000474 0.542080 0.000948 0.017024
0 0.000439 0.529536 0.000877 0.017472
0 0.000446 0.518336 0.000893 0.017024
0 0.000462 0.521024 0.000924 0.019712
0 0.000623 0.769216 0.001246 0.014784
0 0.000639 0.780864 0.001279 0.013888
0 0.010485 0.727552 0.019208 0.009856
0 0.000915 0.842240 0.001830 0.021056
0 0.000845 0.828352 0.001690 0.015680
0 0.000840 0.842688 0.001679 0.017472
0 0.000833 0.858368 0.001667 0.017472
0 0.000895 0.794752 0.001789 0.016576
0 0.000892 0.820288 0.001784 0.019264
0 0.000880 0.834624 0.001760 0.016576
0 0.000875 0.848960 0.001750 0.016576
0 0.000870 0.863296 0.001739 0.016128
0 0.000952 0.753984 0.001905 0.016576
0 0.000936 0.801024 0.001871 0.017024
0 0.000930 0.815360 0.001859 0.017472
0 0.000910 0.859264 0.001820 0.017472
0 0.000813 0.800128 0.001625 0.020160
0 0.000905 0.877632 0.001810 0.021056
0 0.000917 0.638400 0.001835 0.015680
0 0.000458 0.802816 0.000916 0.017472
0 0.010539 0.706048 0.019101 0.011648
0 0.010533 0.704256 0.019112 0.011200
0 0.010528 0.702912 0.019123 0.011200
0 0.010523 0.700672 0.019133 0.010752
0 0.010523 0.716800 0.019133 0.011200
0 0.010517 0.716800 0.019145 0.013888
0 0.010509 0.711424 0.019160 0.009856
0 0.010479 0.729792 0.019220 0.010752
0 0.000787 0.852544 0.001573 0.016128
0 0.000818 0.776832 0.001636 0.017920
0 0.000631 0.796544 0.001262 0.018816
0 0.000751 0.622272 0.001502 0.017920
0 0.000636 0.814016 0.001272 0.016576
0 0.000620 0.817600 0.001241 0.018816
0 0.000605 0.823424 0.001209 0.014784
0 0.000593 0.826560 0.001187 0.017024
0 0.000573 0.825664 0.001147 0.010752
0 0.000682 0.709632 0.001364 0.044352
0 0.000691 0.684544 0.001381 0.025536
0 0.000698 0.656768 0.001395 0.024640
0 0.000727 0.680512 0.001453 0.022400
0 0.000737 0.649152 0.001474 0.016576
0 0.000744 0.636160 0.001488 0.017472
0 0.000728 0.602560 0.001455 0.017024
0 0.000822 0.760256 0.001645 0.015680
0 0.000736 0.623168 0.001472 0.035392
0 0.000751 0.703808 0.001501 0.020608
0 0.000783 0.646464 0.001566 0.015680
0 0.000793 0.654528 0.001586 0.016128
0 0.000789 0.663488 0.001578 0.023296
0 0.000791 0.702016 0.001582 0.016128
0 0.000825 0.671552 0.001649 0.016128
0 0.000816 0.677824 0.001631 0.018816
0 0.000818 0.692160 0.001635 0.014784
0 0.000806 0.705600 0.001612 0.014336
0 0.000801 0.716352 0.001602 0.024640
0 0.000124 0.102144 0.000247 0.033600
