0 0.010962 0.311808 0.018255 0.022848
0 0.010624 0.516992 0.018930 0.017024
0 0.010620 0.471744 0.018938 0.018368
0 0.010620 0.449344 0.018938 0.019712
0 0.010626 0.426496 0.018927 0.017024
0 0.010363 0.226688 0.019452 0.051968
0 0.010379 0.222656 0.019420 0.056448
0 0.010397 0.225792 0.019385 0.050624
0 0.010417 0.223552 0.019344 0.048832
0 0.010436 0.222208 0.019307 0.048832
0 0.010544 0.242816 0.019092 0.068992
0 0.010561 0.243712 0.019057 0.067200
0 0.010253 0.381248 0.019672 0.015232
0 0.010256 0.410368 0.019667 0.018368
0 0.010252 0.285824 0.019675 0.019712
0 0.010271 0.211904 0.019637 0.022848
0 0.010262 0.243712 0.019654 0.021504
0 0.010257 0.306880 0.019664 0.022848
0 0.010254 0.359744 0.019670 0.021504
0 0.010254 0.428736 0.019670 0.015232
0 0.010248 0.448000 0.019683 0.019712
0 0.010248 0.486080 0.019683 0.029120
0 0.010254 0.469504 0.019670 0.025984
0 0.010248 0.507584 0.019683 0.025984
0 0.010245 0.530432 0.019689 0.025984
0 0.010242 0.617792 0.019694 0.019712
0 0.010240 0.638400 0.019699 0.021504
0 0.010624 0.493248 0.018930 0.018368
0 0.010624 0.539840 0.018930 0.019712
0 0.010468 0.575680 0.019242 0.021504
0 0.010616 0.561344 0.018946 0.019712
0 0.010240 0.549696 0.019699 0.018368
0 0.010237 0.569856 0.019705 0.015232
0 0.010240 0.589568 0.019699 0.018368
0 0.010245 0.676032 0.019689 0.013888
0 0.010233 0.693504 0.019713 0.015232
0 0.010246 0.717248 0.019686 0.019712
0 0.010244 0.745024 0.019691 0.029120
0 0.010236 0.764736 0.019707 0.038080
0 0.010300 0.792512 0.019578 0.068992
0 0.010332 0.793408 0.019514 0.070336
0 0.010400 0.797888 0.019379 0.070336
0 0.010418 0.798784 0.019342 0.068992
0 0.010367 0.469952 0.019444 0.018368
0 0.010375 0.552832 0.019428 0.018368
0 0.010373 0.591808 0.019433 0.017024
0 0.010370 0.611968 0.019438 0.017024
0 0.010373 0.636160 0.019433 0.017024
0 0.010365 0.663040 0.019449 0.018368
0 0.010453 0.794752 0.019272 0.067200
0 0.010474 0.796992 0.019231 0.068992
0 0.010460 0.644672 0.019258 0.015232
0 0.010461 0.616448 0.019256 0.017024
0 0.010460 0.594944 0.019258 0.017024
0 0.010616 0.650944 0.018946 0.015232
0 0.010612 0.607040 0.018954 0.017024
0 0.010238 0.656768 0.019702 0.021504
0 0.010467 0.548800 0.019245 0.022848
0 0.010967 0.335552 0.018244 0.021504
0 0.010829 0.801472 0.018521 0.068992
0 0.010865 0.800128 0.018449 0.068992
0 0.010888 0.804608 0.018403 0.065856
0 0.010911 0.803264 0.018357 0.065856
0 0.010822 0.620032 0.018535 0.021504
0 0.010822 0.641088 0.018535 0.022848
0 0.010818 0.688576 0.018543 0.022848
0 0.010951 0.753536 0.018277 0.024640
0 0.010947 0.732928 0.018285 0.019712
0 0.010954 0.714560 0.018271 0.019712
0 0.010944 0.695296 0.018290 0.024640
0 0.010950 0.674688 0.018279 0.019712
0 0.010942 0.656768 0.018296 0.021504
0 0.010939 0.632576 0.018301 0.024640
0 0.010942 0.610176 0.018296 0.025984
0 0.010948 0.585536 0.018282 0.029120
0 0.010956 0.564480 0.018266 0.025984
0 0.010950 0.534464 0.018279 0.024640
0 0.010944 0.512960 0.018290 0.021504
0 0.010946 0.491008 0.018287 0.019712
0 0.010946 0.469952 0.018287 0.018368
0 0.010947 0.450240 0.018285 0.018368
0 0.010947 0.427840 0.018285 0.025984
0 0.010950 0.406784 0.018279 0.022848
0 0.010951 0.385728 0.018277 0.024640
0 0.010960 0.359296 0.018258 0.022848
0 0.010849 0.802368 0.018481 0.070336
0 0.010810 0.802368 0.018559 0.067200
0 0.010467 0.526848 0.019245 0.021504
0 0.010790 0.796544 0.018599 0.067200
0 0.010466 0.504000 0.019248 0.021504
0 0.010468 0.482496 0.019242 0.021504
0 0.010470 0.459200 0.019239 0.021504
0 0.010468 0.437248 0.019242 0.019712
0 0.010470 0.412608 0.019239 0.022848
0 0.010470 0.389760 0.019239 0.022848
0 0.010475 0.366912 0.019229 0.022848
0 0.010476 0.343168 0.019226 0.021504
0 0.010615 0.629440 0.018949 0.024640
0 0.010511 0.797888 0.019156 0.070336
0 0.010531 0.801024 0.019116 0.067200
0 0.010942 0.792512 0.018296 0.059584
0 0.010737 0.682304 0.018704 0.022848
0 0.010736 0.657664 0.018707 0.019712
0 0.010552 0.794752 0.019075 0.067200
0 0.010572 0.801024 0.019035 0.067200
0 0.010591 0.796992 0.018997 0.068992
0 0.010612 0.800128 0.018954 0.068992
0 0.010647 0.801024 0.018884 0.064512
0 0.010670 0.801472 0.018839 0.062720
0 0.010691 0.799232 0.018796 0.067200
0 0.010710 0.804160 0.018758 0.067200
0 0.010732 0.804160 0.018715 0.067200
0 0.010755 0.807744 0.018669 0.068992
0 0.010772 0.796992 0.018634 0.068992
0 0.010245 0.333760 0.019689 0.018368
