0 0.006796 0.608384 0.013194 0.060032
0 0.002592 0.331520 0.003744 0.004928
0 0.001547 0.293440 0.001371 0.007616
0 0.002072 0.163520 0.000321 0.004928
0 0.002537 0.295680 0.003854 0.004928
0 0.002530 0.304192 0.003869 0.005376
0 0.002549 0.303744 0.003831 0.005824
0 0.002541 0.312256 0.003846 0.006720
0 0.002564 0.314048 0.003801 0.005824
0 0.002558 0.322560 0.003813 0.005824
0 0.002570 0.330176 0.003789 0.004928
0 0.002576 0.321664 0.003776 0.005824
0 0.002585 0.340032 0.003758 0.004928
0 0.008235 0.279552 0.014781 0.012992
0 0.002499 0.371840 0.003931 0.008960
0 0.002490 0.366016 0.003949 0.008960
0 0.002614 0.439040 0.003701 0.006272
0 0.002622 0.444864 0.003684 0.007168
0 0.002204 0.748608 0.000056 0.012544
0 0.009326 0.908544 0.017061 0.018368
0 0.002537 0.722624 0.003854 0.003584
0 0.002532 0.718592 0.003864 0.004032
0 0.008389 0.422912 0.014472 0.020160
0 0.008331 0.703360 0.014587 0.018368
0 0.001254 0.124544 0.001957 0.012096
