0 0.008395 0.509824 0.014460 0.017920
0 0.001487 0.377216 0.001489 0.011648
0 0.001351 0.225344 0.001762 0.015680
0 0.001392 0.185024 0.001680 0.012096
0 0.001402 0.185920 0.001661 0.010752
0 0.001400 0.190400 0.001664 0.012544
0 0.001408 0.215040 0.001648 0.004032
0 0.001398 0.219968 0.001669 0.005376
0 0.001436 0.295232 0.001592 0.016576
0 0.001443 0.298368 0.001578 0.018816
0 0.001461 0.300160 0.001542 0.017024
0 0.001459 0.297920 0.001547 0.013888
0 0.001414 0.249984 0.001636 0.005824
0 0.001413 0.247296 0.001639 0.006720
0 0.001402 0.170240 0.001661 0.007168
0 0.001422 0.057344 0.001621 0.004928
0 0.008104 0.155456 0.015042 0.004032
0 0.001260 0.090048 0.001945 0.004032
0 0.001283 0.104384 0.001898 0.006272
0 0.001492 0.375872 0.001479 0.012544
0 0.001544 0.376768 0.001376 0.018816
0 0.001552 0.383040 0.001360 0.017920
0 0.008384 0.494592 0.014481 0.013440
0 0.001354 0.224000 0.001757 0.018816
