0 0.004961 0.075264 0.007935 0.008064
0 0.004957 0.064064 0.007943 0.008512
0 0.002034 0.156800 0.000396 0.004928
0 0.002025 0.160832 0.000415 0.005824
0 0.002016 0.161728 0.000432 0.004928
0 0.008463 0.259840 0.014323 0.013888
0 0.008679 0.183680 0.013891 0.017920
0 0.008736 0.141568 0.013778 0.010304
0 0.009030 0.099456 0.017655 0.012096
0 0.009133 0.071232 0.017449 0.027776
0 0.015003 0.089600 0.028031 0.033152
0 0.015006 0.061376 0.028024 0.013888
0 0.015010 0.073472 0.028016 0.013888
0 0.006099 0.052416 0.010123 0.007616
0 0.006101 0.058240 0.010119 0.007168
0 0.006103 0.064064 0.010116 0.007616
0 0.006105 0.069888 0.010111 0.007616
0 0.006088 0.056000 0.010145 0.007168
0 0.006091 0.061376 0.010140 0.007168
0 0.006092 0.067200 0.010137 0.007616
0 0.006094 0.073024 0.010133 0.008064
0 0.004951 0.065408 0.007954 0.008960
0 0.004956 0.077056 0.007946 0.008512
0 0.002042 0.162624 0.000381 0.006720
