0 0.008998 0.560448 0.017718 0.034944
0 0.009433 0.685888 0.016848 0.004928
0 0.002505 0.654528 0.003919 0.004928
0 0.002504 0.647808 0.003920 0.005376
0 0.002503 0.641984 0.003922 0.005376
0 0.002503 0.636160 0.003923 0.004928
0 0.002501 0.630336 0.003926 0.005376
0 0.002500 0.623616 0.003929 0.005376
0 0.009857 0.457856 0.016001 0.004928
0 0.002496 0.694400 0.003938 0.005824
0 0.009855 0.453824 0.016004 0.005376
0 0.001318 0.559552 0.001828 0.016128
0 0.001303 0.520128 0.001858 0.017024
0 0.001147 0.624960 0.002171 0.004928
0 0.001145 0.624512 0.002175 0.005376
0 0.001140 0.622720 0.002185 0.006720
0 0.002506 0.660800 0.003916 0.004928
0 0.002496 0.700672 0.003936 0.005376
0 0.009844 0.881664 0.016026 0.004928
0 0.009864 0.259840 0.015987 0.003584
0 0.009216 0.672000 0.017282 0.005824
0 0.009203 0.674240 0.017307 0.006720
0 0.009333 0.668864 0.017049 0.004480
0 0.009520 0.476672 0.016675 0.004032
0 0.009818 0.659008 0.016078 0.006272
0 0.009770 0.661248 0.016175 0.004032
0 0.009387 0.355712 0.016941 0.008064
0 0.009981 0.847168 0.015753 0.008960
0 0.009220 0.357056 0.017275 0.005824
0 0.007641 0.219968 0.011504 0.018368
0 0.001392 0.142464 0.001680 0.024192
0 0.001326 0.362432 0.001812 0.018816
0 0.001338 0.227584 0.001788 0.017920
0 0.009989 0.844928 0.015735 0.008064
0 0.001147 0.236992 0.002171 0.008960
