0 0.009515 0.708288 0.016684 0.004928
0 0.009898 0.061376 0.015918 0.008960
0 0.002168 0.330176 0.000129 0.012096
0 0.002173 0.356160 0.000119 0.008960
0 0.006706 0.927360 0.013374 0.018368
0 0.009121 0.350336 0.017472 0.014336
0 0.009649 0.210560 0.016416 0.005824
0 0.009513 0.190848 0.016689 0.004928
0 0.009541 0.620032 0.016633 0.004480
0 0.009680 0.820736 0.016354 0.019712
0 0.009545 0.626304 0.016625 0.010752
0 0.009504 0.592256 0.016706 0.004928
0 0.009521 0.704256 0.016673 0.003584
0 0.009562 0.674688 0.016591 0.004928
0 0.009674 0.705152 0.016367 0.005824
0 0.009156 0.943040 0.017403 0.003584
0 0.008993 0.853440 0.017729 0.007168
