0 0.009597 0.818944 0.016520 0.012096
0 0.009229 0.461440 0.017257 0.006720
0 0.009577 0.052864 0.016561 0.063616
0 0.009396 0.231168 0.016922 0.012992
0 0.009471 0.116480 0.016773 0.008960
0 0.009532 0.174272 0.016651 0.008064
0 0.009563 0.105728 0.016588 0.008960
0 0.009121 0.471296 0.017473 0.004032
0 0.009162 0.393344 0.017390 0.003584
0 0.009116 0.479360 0.017483 0.004032
0 0.009348 0.574336 0.017018 0.011648
0 0.009104 0.491456 0.017507 0.012544
0 0.009100 0.503104 0.017515 0.006720
0 0.009094 0.512960 0.017526 0.005824
0 0.009256 0.486080 0.017202 0.006720
0 0.009260 0.490112 0.017194 0.005824
0 0.009696 0.463680 0.016322 0.010304
0 0.009521 0.623616 0.016671 0.013440
0 0.008935 0.043008 0.017845 0.019264
