0 0.008994 0.607936 0.017726 0.007168
0 0.008963 0.603904 0.017787 0.005824
0 0.002420 0.095424 0.004089 0.002688
0 0.002417 0.097216 0.004095 0.003136
0 0.002351 0.450240 0.004226 0.006720
0 0.002366 0.486080 0.004196 0.008064
0 0.002381 0.483840 0.004167 0.007616
0 0.002395 0.481152 0.004138 0.008064
0 0.002340 0.481152 0.004249 0.002688
0 0.002369 0.468160 0.004190 0.003584
0 0.002370 0.472192 0.004188 0.002688
0 0.002248 0.801920 0.004432 0.009856
0 0.002235 0.805056 0.004458 0.009856
0 0.002238 0.816256 0.004453 0.010304
0 0.002251 0.814016 0.004427 0.009856
0 0.002240 0.827904 0.004448 0.009856
0 0.002254 0.825664 0.004421 0.009856
0 0.002243 0.839552 0.004443 0.009408
0 0.002256 0.836864 0.004417 0.009856
0 0.002246 0.851200 0.004437 0.009856
0 0.002259 0.848960 0.004411 0.009856
0 0.002249 0.862848 0.004431 0.009856
0 0.002262 0.860160 0.004405 0.009856
0 0.002234 0.960960 0.004461 0.016128
0 0.002267 0.928256 0.004395 0.007616
0 0.002268 0.938560 0.004392 0.010304
0 0.002270 0.950208 0.004388 0.010304
0 0.002280 0.925568 0.004369 0.007616
0 0.002281 0.936320 0.004366 0.009856
0 0.002284 0.947968 0.004360 0.009856
0 0.002254 0.886144 0.004420 0.016576
0 0.002422 0.093632 0.004084 0.003136
0 0.002446 0.094976 0.004037 0.003584
0 0.002448 0.098560 0.004033 0.003584
0 0.002248 0.242816 0.004432 0.002240
0 0.002293 0.180544 0.004342 0.008064
0 0.002288 0.169792 0.004353 0.005824
0 0.002283 0.163968 0.004362 0.005824
0 0.002280 0.159488 0.004368 0.004032
0 0.002277 0.155456 0.004374 0.004480
0 0.002282 0.152320 0.004364 0.004928
0 0.002285 0.156352 0.004358 0.005376
0 0.002290 0.161280 0.004348 0.004480
0 0.002294 0.165312 0.004342 0.004480
0 0.002277 0.226240 0.004376 0.002688
0 0.002267 0.233408 0.004395 0.002240
0 0.002265 0.234752 0.004398 0.002240
0 0.002263 0.236544 0.004402 0.002240
0 0.002246 0.244160 0.004436 0.001792
0 0.002445 0.086912 0.004039 0.003584
0 0.002245 0.241920 0.004439 0.002240
0 0.002247 0.241024 0.004435 0.002240
0 0.002253 0.285376 0.004423 0.002240
0 0.002251 0.286720 0.004427 0.001792
0 0.002251 0.280896 0.004427 0.002240
0 0.002249 0.284480 0.004430 0.002240
0 0.002247 0.280000 0.004435 0.002688
0 0.002449 0.090944 0.004030 0.004032
0 0.002452 0.095424 0.004024 0.004032
0 0.002459 0.099008 0.004011 0.002688
0 0.002456 0.100800 0.004017 0.002688
0 0.002453 0.102144 0.004023 0.002688
0 0.002448 0.085120 0.004032 0.003136
0 0.002258 0.904960 0.004412 0.016128
0 0.002273 0.882560 0.004382 0.017024
0 0.002277 0.901376 0.004374 0.016576
0 0.002377 0.640640 0.004174 0.003136
0 0.009885 0.418432 0.015944 0.012544
0 0.009892 0.417536 0.015930 0.012544
0 0.009902 0.563136 0.015910 0.019712
0 0.009909 0.562240 0.015896 0.017472
0 0.009763 0.614208 0.016188 0.007168
0 0.009763 0.621824 0.016188 0.005376
0 0.009461 0.589568 0.016792 0.058240
0 0.009467 0.584192 0.016780 0.047936
0 0.008977 0.110208 0.017761 0.052864
0 0.009343 0.578368 0.017028 0.024640
0 0.009336 0.580608 0.017042 0.022848
0 0.002444 0.091840 0.004041 0.004032
0 0.002377 0.636608 0.004175 0.003136
0 0.002381 0.635712 0.004167 0.002688
0 0.002603 0.954240 0.003722 0.014336
0 0.002382 0.639744 0.004165 0.003584
0 0.002382 0.643776 0.004165 0.002688
0 0.002378 0.647808 0.004172 0.003136
0 0.005916 0.446208 0.010489 0.010304
0 0.005921 0.454272 0.010479 0.010752
0 0.009574 0.725760 0.016567 0.008064
0 0.009571 0.733824 0.016573 0.007616
0 0.009442 0.459200 0.016831 0.066304
0 0.009441 0.480704 0.016833 0.061376
0 0.009932 0.607488 0.015850 0.016576
0 0.009942 0.674240 0.015830 0.025088
0 0.009766 0.700672 0.016181 0.024192
0 0.008113 0.689024 0.015023 0.014336
0 0.002604 0.969920 0.003721 0.014336
0 0.002586 0.970816 0.003756 0.014784
0 0.002292 0.878528 0.004344 0.017472
0 0.002248 0.633472 0.004432 0.005376
0 0.002296 0.897344 0.004336 0.016576
0 0.002303 0.921984 0.004323 0.007616
0 0.002305 0.930496 0.004319 0.007616
0 0.002307 0.939008 0.004315 0.007616
0 0.002309 0.947520 0.004310 0.007616
0 0.002315 0.919744 0.004299 0.007616
0 0.002316 0.928256 0.004296 0.007616
0 0.002318 0.936768 0.004292 0.007616
0 0.002321 0.945280 0.004287 0.007616
0 0.002255 0.632128 0.004419 0.005376
0 0.002256 0.637952 0.004417 0.004928
0 0.002257 0.644224 0.004414 0.005376
0 0.002258 0.650048 0.004412 0.005376
0 0.002249 0.639296 0.004431 0.004928
0 0.002586 0.955136 0.003757 0.014336
0 0.002250 0.645120 0.004428 0.005376
0 0.002252 0.651392 0.004425 0.005376
0 0.002235 0.634816 0.004459 0.004032
0 0.002235 0.639744 0.004458 0.003584
0 0.002236 0.644672 0.004456 0.004032
0 0.002237 0.650048 0.004454 0.004032
0 0.002238 0.654528 0.004452 0.004032
0 0.002233 0.655424 0.004463 0.004032
0 0.002232 0.650944 0.004464 0.004480
0 0.002321 0.983360 0.004286 0.012544
0 0.002304 0.986944 0.004320 0.012544
0 0.002287 0.990080 0.004355 0.012544
0 0.002271 0.995904 0.004387 0.007616
0 0.002299 0.189056 0.004330 0.008064
