0 0.009127 0.917952 0.017460 0.012544
0 0.009795 0.937664 0.016123 0.014336
0 0.009229 0.920192 0.017257 0.010752
0 0.009549 0.723968 0.016616 0.004480
0 0.009422 0.509824 0.016871 0.007168
0 0.009561 0.453376 0.016593 0.005824
0 0.009294 0.258048 0.017126 0.006272
0 0.001936 0.225344 0.000593 0.010304
0 0.001936 0.224448 0.000593 0.013440
0 0.001943 0.251776 0.000579 0.009856
0 0.001943 0.251328 0.000578 0.018368
0 0.001954 0.245952 0.000556 0.011200
0 0.009894 0.176064 0.015926 0.006272
0 0.009590 0.073920 0.016534 0.042112
