0 0.001365 0.719040 0.001734 0.016576
0 0.001683 0.831488 0.001098 0.027328
0 0.001195 0.389312 0.002075 0.018368
0 0.001292 0.400512 0.001880 0.059136
0 0.001497 0.568960 0.001470 0.042112
0 0.001787 0.395584 0.000890 0.022400
0 0.002169 0.292992 0.000126 0.018816
0 0.001927 0.229824 0.000610 0.013440
0 0.001793 0.140224 0.000878 0.010304
0 0.001714 0.266560 0.001036 0.020160
0 0.001767 0.072128 0.000931 0.017920
0 0.001802 0.162624 0.000860 0.015680
0 0.001820 0.172480 0.000825 0.015232
0 0.001944 0.240128 0.000576 0.014784
0 0.001974 0.254464 0.000516 0.013440
0 0.001994 0.264320 0.000476 0.013888
0 0.001842 0.192192 0.000781 0.014784
0 0.001881 0.210560 0.000701 0.023296
0 0.002121 0.282688 0.000222 0.038080
0 0.001227 0.445312 0.002010 0.022400
0 0.001211 0.448896 0.002042 0.018368
0 0.001184 0.456960 0.002097 0.025088
0 0.001595 0.896000 0.001273 0.026880
0 0.008479 0.053760 0.014291 0.025536
0 0.009963 0.192640 0.015789 0.017472
0 0.001569 0.781312 0.001325 0.020160
0 0.001326 0.938560 0.001813 0.021056
0 0.001356 0.960960 0.001753 0.017024
0 0.001630 0.847616 0.001204 0.027328
0 0.001619 0.874944 0.001227 0.018368
0 0.001695 0.943936 0.001074 0.025536
0 0.001195 0.492800 0.002075 0.018816
0 0.001708 0.987392 0.001047 0.017472
0 0.001703 0.624064 0.001059 0.023744
0 0.001475 0.675136 0.001515 0.022400
0 0.001434 0.730240 0.001597 0.017472
0 0.001415 0.642432 0.001635 0.021504
0 0.001365 0.673344 0.001734 0.018816
0 0.001338 0.591360 0.001789 0.030464
0 0.002035 0.284928 0.000395 0.013888
