0 0.009766 0.693952 0.016181 0.025984
0 0.003208 0.622272 0.002513 0.004928
0 0.002140 0.452928 0.000185 0.012544
0 0.008959 0.036736 0.017796 0.007616
0 0.009276 0.143808 0.017163 0.015680
0 0.009867 0.268352 0.015979 0.061824
0 0.009268 0.183680 0.017179 0.007168
0 0.009270 0.178304 0.017174 0.005824
0 0.009790 0.667072 0.016134 0.014336
0 0.009746 0.745472 0.016222 0.017472
0 0.009757 0.717696 0.016201 0.021056
0 0.006732 0.203392 0.013321 0.019712
0 0.006732 0.228928 0.013323 0.038528
0 0.002131 0.404096 0.000203 0.008064
0 0.003206 0.627200 0.002517 0.004928
0 0.008959 0.043008 0.017796 0.008064
0 0.003204 0.632576 0.002521 0.004480
0 0.003209 0.638848 0.002511 0.004928
0 0.003210 0.634368 0.002509 0.005376
0 0.003203 0.637504 0.002523 0.004928
0 0.003197 0.636160 0.002535 0.004928
0 0.003195 0.641984 0.002538 0.005824
0 0.003201 0.643328 0.002526 0.005376
0 0.003201 0.660352 0.002526 0.005376
0 0.003195 0.660352 0.002538 0.004928
0 0.003189 0.660352 0.002551 0.005824
0 0.003157 0.654528 0.002615 0.004032
0 0.005939 0.901824 0.010443 0.006272
0 0.002007 0.203840 0.000451 0.016128
