0 0.009739 0.925120 0.016236 0.013888
0 0.008388 0.843584 0.014475 0.033152
0 0.001125 0.401856 0.002214 0.014336
0 0.001144 0.425152 0.002177 0.022400
0 0.001151 0.427840 0.002162 0.023296
0 0.001161 0.425152 0.002142 0.021952
0 0.001161 0.433664 0.002142 0.019712
0 0.001162 0.442624 0.002141 0.016576
0 0.001416 0.465920 0.001632 0.014336
0 0.001423 0.469504 0.001618 0.014784
0 0.001410 0.481152 0.001645 0.007616
0 0.001401 0.492352 0.001662 0.012096
0 0.001436 0.472640 0.001592 0.012096
0 0.008209 0.664832 0.014831 0.015680
0 0.008377 0.816256 0.014497 0.029568
0 0.008403 0.862848 0.014444 0.033600
0 0.009720 0.940352 0.016273 0.006272
0 0.008427 0.854784 0.014396 0.054208
0 0.001119 0.407232 0.002225 0.014784
0 0.001218 0.439040 0.002027 0.018816
0 0.009542 0.679616 0.016631 0.017024
0 0.001154 0.797888 0.002156 0.011648
0 0.009777 0.904512 0.016161 0.007616
0 0.007342 0.440384 0.012102 0.026880
0 0.007054 0.298816 0.012678 0.027776
0 0.009178 0.330624 0.017359 0.006720
0 0.009268 0.264768 0.017177 0.003584
0 0.009255 0.345408 0.017204 0.002688
0 0.009650 0.981120 0.016415 0.013888
0 0.009681 0.964992 0.016353 0.007168
0 0.001236 0.516096 0.001992 0.014784
