0 0.009932 0.707392 0.015849 0.006720
0 0.009341 0.099904 0.017032 0.008512
0 0.001827 0.146944 0.000810 0.021056
0 0.001798 0.219968 0.000868 0.014784
0 0.001931 0.115136 0.000602 0.007616
0 0.001502 0.959168 0.001461 0.030464
0 0.001509 0.956480 0.001447 0.028672
0 0.001513 0.954688 0.001437 0.028672
0 0.002238 0.923776 0.004453 0.005824
0 0.009042 0.040320 0.017631 0.068096
0 0.009526 0.103488 0.016663 0.007616
0 0.009002 0.773248 0.017711 0.018368
0 0.009662 0.047488 0.016390 0.032704
0 0.009495 0.217280 0.016725 0.011200
0 0.009359 0.192640 0.016996 0.013888
0 0.008952 0.466368 0.017810 0.005376
0 0.001763 0.891520 0.000938 0.034944
0 0.009414 0.036288 0.016886 0.008064
0 0.009422 0.036736 0.016869 0.008064
0 0.008989 0.472640 0.017735 0.025088
0 0.001822 0.144256 0.000820 0.019712
