0 0.009400 0.380352 0.016914 0.003136
0 0.002162 0.251328 0.000141 0.024640
0 0.002136 0.071680 0.000192 0.019712
0 0.002098 0.098560 0.000267 0.006272
0 0.002107 0.170688 0.000251 0.029568
0 0.002087 0.335104 0.000290 0.029568
0 0.002082 0.336448 0.000301 0.017472
0 0.001163 0.342720 0.002138 0.008064
0 0.009427 0.233856 0.016860 0.005376
0 0.009517 0.248192 0.016681 0.003584
0 0.001934 0.485632 0.000595 0.025984
0 0.009792 0.753536 0.016130 0.007616
0 0.002019 0.427840 0.000427 0.020608
0 0.009862 0.703808 0.015989 0.006720
0 0.009041 0.979328 0.017632 0.041664
0 0.009239 0.059136 0.017236 0.005824
0 0.009091 0.350784 0.017533 0.003584
0 0.008944 0.598528 0.017826 0.004928
0 0.008934 0.597184 0.017846 0.004032
0 0.009007 0.606144 0.017700 0.003136
0 0.002155 0.071232 0.000155 0.022848
