0 0.006680 0.636160 0.008962 0.005376
0 0.009865 0.748160 0.015984 0.010304
0 0.003289 0.487424 0.002351 0.012096
0 0.003305 0.490112 0.002319 0.012096
0 0.001278 0.448896 0.001908 0.013440
0 0.001201 0.679616 0.002063 0.018368
0 0.008251 0.651840 0.014749 0.102144
0 0.001710 0.701568 0.001045 0.024640
0 0.001952 0.472192 0.000561 0.015680
0 0.001994 0.499968 0.000477 0.015232
0 0.001792 0.766976 0.000880 0.028224
0 0.001753 0.822528 0.000958 0.018368
0 0.001670 0.726656 0.001123 0.011200
0 0.001515 0.812672 0.001434 0.026880
0 0.001504 0.820736 0.001456 0.029568
0 0.001167 0.818944 0.002131 0.028672
0 0.001627 0.950208 0.001210 0.029120
0 0.001622 0.954240 0.001220 0.027776
0 0.001769 0.915264 0.000926 0.031808
0 0.001518 0.507136 0.001429 0.008512
0 0.009950 0.539392 0.015815 0.008960
0 0.002158 0.043456 0.000149 0.017920
