0 0.014330 0.766528 0.024912 0.014784
0 0.000958 0.410816 0.001916 0.022848
0 0.000887 0.324352 0.001773 0.015680
0 0.000784 0.497280 0.001569 0.016576
0 0.000830 0.505344 0.001660 0.014336
0 0.000839 0.493696 0.001677 0.014784
0 0.000873 0.495488 0.001747 0.016576
0 0.000953 0.384832 0.001906 0.024192
0 0.000960 0.439488 0.001920 0.023296
0 0.001779 0.924224 0.000907 0.016128
0 0.000943 0.456064 0.001887 0.016128
0 0.000933 0.476672 0.001867 0.025536
0 0.000921 0.498176 0.001842 0.029568
0 0.000906 0.516544 0.001813 0.028224
0 0.000894 0.536256 0.001787 0.026880
0 0.000881 0.555072 0.001762 0.026880
0 0.000936 0.331968 0.001873 0.025088
0 0.000930 0.305088 0.001860 0.023744
0 0.001002 0.360640 0.002004 0.024192
0 0.000960 0.248640 0.001921 0.026432
0 0.000996 0.338688 0.001993 0.021504
0 0.000990 0.316736 0.001980 0.022400
0 0.000987 0.294784 0.001975 0.024640
0 0.000982 0.274176 0.001963 0.026432
0 0.001004 0.270592 0.002009 0.024640
0 0.001032 0.271936 0.002064 0.015232
0 0.001045 0.340032 0.002090 0.014784
0 0.001102 0.355712 0.002205 0.026880
0 0.001100 0.327488 0.002201 0.014784
0 0.001092 0.140672 0.002184 0.015680
0 0.001094 0.065856 0.002189 0.029120
0 0.001057 0.115584 0.002114 0.027328
0 0.000941 0.098560 0.001882 0.024192
0 0.001090 0.385280 0.002180 0.024640
0 0.000954 0.521024 0.001908 0.025088
0 0.000970 0.500416 0.001939 0.026432
0 0.002204 0.899584 0.000056 0.013440
0 0.001789 0.921536 0.000887 0.014784
0 0.002014 0.930944 0.000436 0.008064
0 0.008716 0.918848 0.013818 0.020160
0 0.008916 0.878080 0.013419 0.010304
0 0.014357 0.722624 0.024857 0.009856
0 0.000767 0.551488 0.001535 0.029568
0 0.000808 0.574336 0.001616 0.026880
0 0.001023 0.589568 0.002045 0.017920
0 0.001069 0.539840 0.002138 0.029568
0 0.000836 0.473984 0.001671 0.015232
0 0.001917 0.943040 0.000631 0.015232
0 0.001626 0.949760 0.001213 0.011200
0 0.001622 0.947968 0.001221 0.013440
0 0.001610 0.969920 0.001244 0.006720
0 0.001005 0.676928 0.002010 0.029568
0 0.000984 0.481600 0.001967 0.025984
0 0.000982 0.666176 0.001964 0.028672
0 0.000938 0.644672 0.001876 0.027328
0 0.001168 0.726208 0.002128 0.015232
0 0.000861 0.570304 0.001722 0.016576
0 0.000924 0.618240 0.001847 0.024192
0 0.000912 0.586432 0.001825 0.030464
0 0.000963 0.577472 0.001926 0.015680
0 0.001001 0.576576 0.002003 0.017024
0 0.001047 0.506688 0.002094 0.016128
0 0.001072 0.505792 0.002144 0.030464
0 0.001079 0.437248 0.002157 0.015232
0 0.001053 0.443072 0.002107 0.015232
0 0.001027 0.447552 0.002055 0.013888
0 0.000996 0.462336 0.001992 0.025536
0 0.001402 0.096768 0.001661 0.011648
