0 0.000307 0.566720 0.000613 0.029120
0 0.000014 0.326592 0.000028 0.010752
0 0.000389 0.445760 0.000778 0.030912
0 0.000280 0.474880 0.000560 0.030912
0 0.000249 0.544768 0.000498 0.012544
0 0.000345 0.508032 0.000690 0.027328
0 0.000362 0.484288 0.000723 0.029120
0 0.002783 0.631680 0.003362 0.011200
0 0.002800 0.640192 0.003329 0.011200
0 0.002815 0.649152 0.003299 0.011648
0 0.001947 0.748608 0.000571 0.005824
0 0.001774 0.690368 0.000916 0.004032
0 0.001774 0.693056 0.000917 0.004032
0 0.001774 0.695744 0.000916 0.003584
0 0.001774 0.697984 0.000916 0.002688
0 0.001774 0.700224 0.000916 0.003584
0 0.001775 0.702912 0.000915 0.003136
0 0.001775 0.705600 0.000915 0.002688
0 0.001775 0.710528 0.000914 0.004032
0 0.002766 0.660800 0.003396 0.012544
0 0.002756 0.675136 0.003416 0.012544
0 0.002746 0.689472 0.003437 0.011648
0 0.002737 0.701120 0.003454 0.008512
0 0.002730 0.712768 0.003469 0.009408
0 0.002783 0.669312 0.003363 0.012544
0 0.002772 0.684544 0.003385 0.012096
0 0.002763 0.698432 0.003403 0.011648
0 0.000013 0.426496 0.000026 0.013888
0 0.000109 0.342272 0.000218 0.024640
0 0.000332 0.528192 0.000665 0.029568
0 0.000442 0.364224 0.000884 0.029120
0 0.000067 0.103040 0.000133 0.024640
0 0.000135 0.153664 0.000270 0.016576
0 0.000019 0.164416 0.000039 0.016128
0 0.000251 0.155904 0.000502 0.015680
0 0.000257 0.206976 0.000515 0.017472
0 0.000545 0.087360 0.001091 0.008960
0 0.000532 0.090048 0.001064 0.007168
0 0.000561 0.060928 0.001122 0.012992
0 0.000572 0.044800 0.001145 0.013440
0 0.000574 0.042560 0.001147 0.008960
0 0.000577 0.083776 0.001155 0.010304
0 0.000591 0.081088 0.001181 0.011200
0 0.000591 0.071680 0.001181 0.012544
0 0.000596 0.068544 0.001192 0.012096
0 0.000595 0.062272 0.001191 0.010304
0 0.000601 0.060032 0.001202 0.009408
0 0.000598 0.054656 0.001195 0.007616
0 0.000614 0.063168 0.001227 0.009408
0 0.000594 0.015680 0.001189 0.013440
0 0.000628 0.046144 0.001255 0.012544
0 0.001783 0.049280 0.000897 0.022848
0 0.001776 0.067648 0.000912 0.013888
0 0.001766 0.083776 0.000932 0.004928
0 0.000473 0.321216 0.000945 0.028672
0 0.000424 0.338240 0.000847 0.030912
0 0.002750 0.708288 0.003428 0.008512
0 0.002813 0.673344 0.003302 0.003584
0 0.002815 0.679168 0.003299 0.002688
0 0.002816 0.675584 0.003296 0.003584
0 0.008236 0.905408 0.014778 0.025088
0 0.008266 0.972160 0.014718 0.013888
0 0.008621 0.839552 0.014009 0.012992
0 0.000076 0.187712 0.000152 0.027776
0 0.000031 0.228928 0.000063 0.027776
0 0.000118 0.210112 0.000237 0.026880
0 0.000140 0.223104 0.000280 0.029120
0 0.000161 0.169792 0.000321 0.025536
0 0.000021 0.081536 0.000041 0.025088
0 0.000074 0.119616 0.000149 0.016128
0 0.000585 0.010304 0.001169 0.008960
0 0.000609 0.081984 0.001218 0.013440
0 0.000560 0.064064 0.001119 0.012544
0 0.000549 0.079296 0.001098 0.012544
0 0.000609 0.031360 0.001219 0.011200
0 0.000614 0.035392 0.001228 0.011648
0 0.000542 0.234304 0.001084 0.025536
0 0.000559 0.244608 0.001119 0.025088
0 0.000575 0.253568 0.001151 0.021952
0 0.000557 0.301056 0.001114 0.030464
0 0.000503 0.275072 0.001006 0.030464
0 0.000431 0.383936 0.000862 0.028672
0 0.000305 0.436352 0.000609 0.031360
0 0.000348 0.371840 0.000697 0.030464
0 0.000359 0.352128 0.000718 0.025984
0 0.008220 0.887936 0.014811 0.018816
0 0.014026 0.725760 0.025519 0.011648
0 0.013953 0.576576 0.025665 0.012096
0 0.001770 0.183232 0.000924 0.009408
0 0.001515 0.897792 0.001434 0.014784
0 0.001533 0.918848 0.001399 0.012096
0 0.009411 0.910784 0.016892 0.060928
0 0.009406 0.917952 0.016903 0.054208
0 0.009558 0.839104 0.016598 0.093184
0 0.001818 0.858368 0.000828 0.002688
0 0.001790 0.869568 0.000884 0.002240
0 0.001831 0.855680 0.000802 0.001344
0 0.001548 0.967680 0.001369 0.004032
0 0.000114 0.143808 0.000228 0.025088
0 0.000554 0.070784 0.001107 0.012096
0 0.001802 0.142464 0.000861 0.019712
0 0.000319 0.547456 0.000638 0.029120
0 0.001790 0.196672 0.000884 0.015680
0 0.001797 0.195776 0.000871 0.016128
0 0.001797 0.234304 0.000869 0.011648
0 0.001822 0.112448 0.000820 0.019712
0 0.001829 0.113344 0.000806 0.014784
0 0.001793 0.304640 0.000878 0.017920
0 0.001799 0.308224 0.000866 0.017472
0 0.000536 0.289408 0.001071 0.028672
0 0.000417 0.403200 0.000834 0.027328
0 0.000316 0.416640 0.000632 0.026432
0 0.013564 0.597184 0.026444 0.012096
0 0.000036 0.098112 0.000071 0.016576
