0 0.009269 0.955584 0.017176 0.022400
0 0.009494 0.970368 0.016725 0.010304
0 0.009869 0.907648 0.015977 0.003584
0 0.009122 0.843584 0.017471 0.008960
0 0.008929 0.694848 0.017856 0.008064
0 0.009309 0.587328 0.017096 0.014336
0 0.009640 0.521472 0.016435 0.003136
0 0.009638 0.499520 0.016439 0.004928
0 0.009571 0.486080 0.016571 0.003584
0 0.009131 0.209216 0.017453 0.019264
0 0.009229 0.379904 0.017257 0.005376
0 0.009241 0.351680 0.017233 0.024640
0 0.009297 0.260736 0.017121 0.009856
0 0.009600 0.255808 0.016515 0.008064
0 0.009742 0.021056 0.016229 0.011648
0 0.009011 0.063168 0.017691 0.016576
