0 0.008997 0.914816 0.017720 0.008512
0 0.009504 0.749952 0.016707 0.010752
0 0.009225 0.883904 0.017265 0.008960
0 0.009211 0.834624 0.017293 0.008512
0 0.009847 0.917056 0.016021 0.013888
0 0.003068 0.890176 0.002792 0.001344
0 0.003068 0.891520 0.002792 0.001344
0 0.003067 0.892864 0.002794 0.001344
0 0.003067 0.894208 0.002795 0.001344
0 0.003065 0.895552 0.002798 0.001344
0 0.003065 0.896896 0.002798 0.001344
0 0.003063 0.900480 0.002802 0.001344
0 0.003063 0.901824 0.002803 0.001344
0 0.003062 0.903168 0.002805 0.001344
0 0.003061 0.904512 0.002807 0.001344
0 0.003061 0.905856 0.002807 0.001344
0 0.003071 0.890624 0.002787 0.001344
0 0.003070 0.892416 0.002788 0.001344
0 0.003069 0.893760 0.002790 0.001344
0 0.009064 0.785344 0.017586 0.009856
0 0.009626 0.738304 0.016462 0.017024
0 0.009418 0.942592 0.016879 0.006720
0 0.009818 0.600768 0.016078 0.005824
0 0.009127 0.039424 0.017461 0.002688
0 0.009184 0.112896 0.017347 0.006272
0 0.009343 0.306432 0.017028 0.008064
0 0.009157 0.250880 0.017401 0.006272
0 0.009042 0.206976 0.017631 0.003584
0 0.009194 0.311360 0.017327 0.011648
0 0.009765 0.350336 0.016184 0.014784
0 0.009842 0.339136 0.016031 0.010304
0 0.009918 0.350784 0.015879 0.009408
0 0.009985 0.361984 0.015745 0.009856
0 0.009987 0.438592 0.015740 0.013440
0 0.009619 0.478464 0.016477 0.007168
0 0.008972 0.453824 0.017770 0.007168
0 0.008958 0.507584 0.017797 0.007168
0 0.009006 0.561792 0.017703 0.011200
0 0.009014 0.605248 0.017686 0.004032
0 0.009165 0.586880 0.017384 0.005376
0 0.003069 0.894656 0.002791 0.001344
0 0.003068 0.896448 0.002793 0.001344
0 0.003068 0.897792 0.002794 0.001344
0 0.003073 0.891072 0.002782 0.001344
0 0.003049 0.848064 0.002831 0.000896
0 0.003048 0.848960 0.002833 0.001344
0 0.003047 0.849856 0.002834 0.000896
0 0.003046 0.850752 0.002836 0.000896
0 0.003046 0.851648 0.002836 0.000896
0 0.003050 0.848512 0.002829 0.001344
0 0.003050 0.849408 0.002829 0.000896
0 0.003049 0.850304 0.002831 0.001344
0 0.003048 0.851200 0.002832 0.001344
0 0.003048 0.852096 0.002833 0.000896
0 0.003051 0.848960 0.002826 0.000896
0 0.003051 0.849856 0.002828 0.000896
0 0.003050 0.850752 0.002828 0.000896
0 0.003050 0.851648 0.002829 0.001344
0 0.003049 0.852992 0.002831 0.001344
0 0.009626 0.919296 0.016463 0.003136
0 0.009511 0.982912 0.016693 0.023296
0 0.003044 0.851200 0.002840 0.001344
0 0.003045 0.850304 0.002838 0.000896
0 0.003046 0.849408 0.002837 0.001344
0 0.003064 0.903616 0.002801 0.001344
0 0.003073 0.892416 0.002783 0.001344
0 0.003072 0.894208 0.002785 0.001344
0 0.003071 0.895552 0.002787 0.001344
0 0.003070 0.896896 0.002789 0.001344
0 0.003070 0.898240 0.002789 0.001344
0 0.003065 0.900928 0.002798 0.001344
0 0.003065 0.902272 0.002799 0.001344
0 0.003064 0.904960 0.002801 0.001344
0 0.003047 0.848512 0.002835 0.000896
0 0.003063 0.906752 0.002802 0.001344
0 0.003068 0.901376 0.002792 0.001344
0 0.003067 0.903168 0.002795 0.001344
0 0.003067 0.904512 0.002795 0.001344
0 0.003066 0.905408 0.002796 0.001344
0 0.003066 0.907200 0.002797 0.000896
0 0.003047 0.847616 0.002835 0.000896
0 0.008987 0.005376 0.017741 0.009856
