0 0.009233 0.987392 0.017249 0.015680
0 0.009441 0.659456 0.016831 0.004928
0 0.009513 0.034048 0.016688 0.005376
0 0.009576 0.128576 0.016563 0.012096
0 0.009701 0.121408 0.016312 0.012096
0 0.009896 0.159040 0.015923 0.010304
0 0.009229 0.301952 0.017256 0.005376
0 0.009208 0.426048 0.017299 0.008064
0 0.009409 0.505792 0.016896 0.005824
0 0.009805 0.433216 0.016104 0.008960
0 0.009897 0.460992 0.015920 0.008064
0 0.009856 0.699776 0.016002 0.004032
0 0.009832 0.698880 0.016050 0.004928
0 0.002044 0.702912 0.000377 0.004032
0 0.009558 0.693952 0.016599 0.004032
0 0.009533 0.397824 0.016647 0.007616
0 0.009274 0.972160 0.017167 0.041216
0 0.009507 0.383488 0.016700 0.015680
0 0.009489 0.397376 0.016736 0.005824
0 0.009967 0.742784 0.015780 0.004480
0 0.009363 0.760256 0.016988 0.014784
0 0.009086 0.651392 0.017542 0.006720
0 0.001278 0.655424 0.001908 0.004032
0 0.008969 0.634816 0.017777 0.007168
0 0.009007 0.669760 0.017701 0.005824
0 0.009230 0.774144 0.017255 0.007168
0 0.009323 0.863744 0.017069 0.014336
0 0.009391 0.919296 0.016933 0.035392
0 0.009593 0.852992 0.016529 0.006720
0 0.009707 0.870912 0.016300 0.010304
0 0.009265 0.086464 0.017184 0.012544
