0 0.009563 0.962304 0.016588 0.014336
0 0.009696 0.934976 0.016323 0.021056
0 0.009191 0.149184 0.017331 0.021952
0 0.009824 0.199808 0.016066 0.011648
0 0.009796 0.229824 0.016122 0.017024
0 0.009986 0.137984 0.015743 0.023296
0 0.009997 0.348544 0.015720 0.005824
0 0.009451 0.424256 0.016813 0.023296
0 0.009012 0.378560 0.017690 0.007168
0 0.009184 0.571200 0.017346 0.021504
0 0.009576 0.569408 0.016562 0.017024
0 0.007360 0.467264 0.012066 0.045696
0 0.015181 0.466816 0.027675 0.028224
0 0.006243 0.434560 0.009836 0.007168
0 0.006243 0.440832 0.009835 0.007616
0 0.006242 0.446656 0.009838 0.008064
0 0.009863 0.430976 0.015988 0.018816
0 0.009840 0.406784 0.016033 0.008064
0 0.009999 0.728896 0.015717 0.008960
0 0.009796 0.617792 0.016122 0.016576
0 0.001940 0.610624 0.000584 0.002688
0 0.001928 0.608384 0.000608 0.006720
0 0.001931 0.607040 0.000603 0.004032
0 0.009662 0.695744 0.016391 0.008960
0 0.009369 0.742336 0.016976 0.005376
0 0.009336 0.650048 0.017043 0.008064
0 0.009336 0.600320 0.017041 0.003584
0 0.009117 0.738304 0.017481 0.012096
0 0.009055 0.598080 0.017605 0.008512
0 0.009159 0.876288 0.017397 0.012096
0 0.009846 0.872704 0.016022 0.007616
0 0.008975 0.070784 0.017764 0.011200
