0 0.009262 0.885696 0.017190 0.009408
0 0.009410 0.923776 0.016895 0.008960
0 0.009227 0.142016 0.017260 0.014336
0 0.009398 0.117824 0.016919 0.022848
0 0.009687 0.066304 0.016339 0.011200
0 0.009673 0.022848 0.016368 0.014784
0 0.009775 0.044800 0.016165 0.020160
0 0.009961 0.201600 0.015793 0.010752
0 0.009966 0.284928 0.015782 0.008960
0 0.009926 0.215936 0.015862 0.005376
0 0.009802 0.347648 0.016110 0.005824
0 0.001979 0.407680 0.000506 0.010752
0 0.001986 0.399616 0.000492 0.009408
0 0.009552 0.298816 0.016609 0.018816
0 0.009427 0.405440 0.016861 0.007168
0 0.009193 0.255360 0.017328 0.009856
0 0.008954 0.366912 0.017806 0.013888
0 0.009089 0.423808 0.017537 0.008960
0 0.009718 0.495488 0.016277 0.023744
0 0.009897 0.488768 0.015921 0.007616
0 0.009523 0.704256 0.016667 0.020608
0 0.009371 0.659456 0.016972 0.010304
0 0.009309 0.636160 0.017097 0.007616
0 0.009245 0.589568 0.017224 0.018368
0 0.009191 0.851200 0.017333 0.014784
0 0.009199 0.865088 0.017317 0.006720
0 0.009711 0.748160 0.016291 0.011648
0 0.009781 0.740544 0.016153 0.011200
0 0.009753 0.819840 0.016208 0.007616
0 0.009067 0.116480 0.017580 0.016128
