0 0.009873 0.863296 0.015969 0.017920
0 0.009186 0.950208 0.017343 0.006272
0 0.009394 0.160384 0.016926 0.014336
0 0.009749 0.079296 0.016217 0.005376
0 0.009699 0.086016 0.016317 0.008064
0 0.009845 0.068096 0.016025 0.006272
0 0.010011 0.146048 0.015693 0.011200
0 0.009380 0.165760 0.016955 0.004928
0 0.009000 0.180992 0.017715 0.003584
0 0.008964 0.264320 0.017786 0.005376
0 0.009547 0.248192 0.016620 0.005376
0 0.009606 0.250880 0.016502 0.006272
0 0.009677 0.261184 0.016359 0.006720
0 0.009763 0.274624 0.016188 0.007616
0 0.009885 0.297920 0.015944 0.004928
0 0.010019 0.323008 0.015676 0.007616
0 0.009492 0.396032 0.016730 0.008960
0 0.009378 0.587328 0.016958 0.006720
0 0.009378 0.659904 0.016959 0.006272
0 0.009953 0.763392 0.015808 0.017920
0 0.009852 0.754432 0.016011 0.018368
0 0.009396 0.745920 0.016921 0.015232
0 0.009211 0.761152 0.017291 0.018816
0 0.009492 0.892864 0.016730 0.012096
0 0.009272 0.978432 0.017170 0.008064
0 0.009159 0.189056 0.017396 0.006720
