0 0.009481 0.738304 0.016753 0.010304
0 0.008988 0.132160 0.017739 0.009408
0 0.009356 0.484288 0.017002 0.018368
0 0.009389 0.396928 0.016936 0.016576
0 0.009267 0.357504 0.017180 0.007616
0 0.003152 0.391104 0.002624 0.005376
0 0.003129 0.381696 0.002671 0.005376
0 0.009437 0.274624 0.016840 0.007168
0 0.009023 0.220416 0.017669 0.008512
0 0.008940 0.199360 0.017834 0.012096
0 0.009506 0.089600 0.016702 0.012096
0 0.015046 0.051072 0.027944 0.032704
0 0.009383 0.184576 0.016948 0.011648
0 0.009318 0.146944 0.017078 0.009856
0 0.009240 0.105728 0.017235 0.013888
0 0.009141 0.050176 0.017432 0.009408
0 0.008980 0.096320 0.017753 0.007168
0 0.009025 0.076160 0.017665 0.005376
0 0.009728 0.060928 0.016258 0.004480
0 0.009818 0.098560 0.016078 0.004480
0 0.009958 0.582400 0.015798 0.011200
0 0.009154 0.528192 0.017407 0.006272
0 0.010006 0.868672 0.015701 0.012096
0 0.009231 0.831040 0.017252 0.010752
0 0.007220 0.051072 0.012345 0.051968
0 0.008991 0.832384 0.017733 0.004032
0 0.009959 0.761600 0.015796 0.008064
0 0.008935 0.662592 0.017845 0.009408
0 0.009046 0.484288 0.017623 0.011200
0 0.009052 0.381696 0.017609 0.007168
0 0.009991 0.772352 0.015733 0.005376
0 0.009914 0.740096 0.015887 0.004928
0 0.009883 0.908544 0.015949 0.005824
0 0.009390 0.699328 0.016934 0.009408
0 0.009225 0.836864 0.017263 0.005376
0 0.008940 0.679168 0.017834 0.010304
0 0.009097 0.766976 0.017520 0.009856
0 0.009565 0.900928 0.016585 0.003584
0 0.009837 0.961408 0.016041 0.004480
0 0.008958 0.966336 0.017798 0.012992
0 0.009189 0.945728 0.017335 0.005376
0 0.010010 0.187712 0.015694 0.005376
