0 0.009272 0.779520 0.017170 0.004032
0 0.009293 0.755776 0.017128 0.008960
0 0.009321 0.754432 0.017072 0.007616
0 0.009457 0.676928 0.016800 0.003136
0 0.009203 0.710976 0.017309 0.007616
0 0.008981 0.657216 0.017752 0.005376
0 0.009258 0.501312 0.017199 0.008064
0 0.009430 0.423808 0.016854 0.006272
0 0.009157 0.452480 0.017401 0.005824
0 0.009007 0.376768 0.017700 0.005376
0 0.009590 0.283136 0.016533 0.004928
0 0.009527 0.259840 0.016661 0.004480
0 0.009735 0.022848 0.016244 0.004032
0 0.009709 0.043456 0.016296 0.003584
0 0.009690 0.086016 0.016334 0.003584
0 0.009528 0.072576 0.016658 0.004032
0 0.009352 0.159488 0.017009 0.005824
0 0.009471 0.102144 0.016773 0.018816
0 0.009263 0.142016 0.017189 0.006720
0 0.009145 0.113344 0.017424 0.005824
0 0.008960 0.027776 0.017794 0.002688
0 0.009970 0.911680 0.015773 0.009856
0 0.009882 0.887936 0.015950 0.010304
0 0.009256 0.880320 0.017202 0.011648
0 0.009562 0.939456 0.016589 0.005376
0 0.009382 0.775936 0.016950 0.005824
0 0.009449 0.797440 0.016816 0.005824
0 0.009468 0.647808 0.016779 0.008960
0 0.009424 0.769216 0.016866 0.003136
0 0.009441 0.722624 0.016832 0.004928
0 0.009230 0.419328 0.017253 0.005376
0 0.009724 0.904064 0.016266 0.002688
0 0.009897 0.891072 0.015920 0.007616
0 0.009743 0.850304 0.016228 0.009856
0 0.009356 0.936320 0.017003 0.010752
0 0.009744 0.850304 0.016225 0.009856
0 0.009779 0.479808 0.016156 0.002688
0 0.009225 0.827456 0.017265 0.005376
0 0.009815 0.650496 0.016085 0.004480
0 0.009727 0.595840 0.016260 0.004032
0 0.009993 0.917056 0.015728 0.009408
0 0.009174 0.900480 0.017366 0.008960
0 0.009776 0.998144 0.016162 0.003136
0 0.008930 0.113344 0.017854 0.003584
