0 0.009347 0.962752 0.017021 0.008064
0 0.009239 0.055552 0.017236 0.008512
0 0.015213 0.167104 0.027610 0.016128
0 0.007396 0.166656 0.011993 0.030016
0 0.002622 0.043456 0.003684 0.005824
0 0.009840 0.986496 0.016034 0.003584
0 0.009634 0.286720 0.016446 0.005824
0 0.009711 0.297024 0.016292 0.004480
0 0.009723 0.298368 0.016267 0.004032
0 0.009806 0.314944 0.016103 0.006272
0 0.009860 0.321216 0.015994 0.005376
0 0.009895 0.321216 0.015924 0.005824
0 0.009981 0.332864 0.015753 0.004480
0 0.009026 0.841792 0.017662 0.005376
0 0.009075 0.396928 0.017565 0.005376
0 0.009047 0.498624 0.017620 0.006720
0 0.009560 0.547904 0.016594 0.007168
0 0.009582 0.469504 0.016551 0.008960
0 0.009615 0.179200 0.016484 0.004032
0 0.009629 0.142016 0.016455 0.004480
0 0.009679 0.003136 0.016356 0.005376
0 0.009641 0.112000 0.016432 0.006272
0 0.009206 0.175616 0.017302 0.005824
0 0.009236 0.063168 0.017242 0.005376
0 0.009515 0.082432 0.016684 0.004032
0 0.009791 0.107520 0.016133 0.004032
0 0.009944 0.146944 0.015827 0.004480
0 0.002977 0.313152 0.002974 0.006272
0 0.009387 0.081536 0.016940 0.004928
0 0.009434 0.922880 0.016847 0.012096
0 0.009638 0.096320 0.016439 0.003136
0 0.009679 0.949312 0.016356 0.003136
0 0.009688 0.934528 0.016339 0.003136
0 0.009713 0.878976 0.016288 0.006272
0 0.010010 0.940352 0.015694 0.002240
0 0.009967 0.649152 0.015781 0.001792
0 0.009857 0.431424 0.015999 0.003584
0 0.009605 0.387072 0.016504 0.004032
0 0.009083 0.274624 0.017549 0.006272
0 0.009088 0.254016 0.017539 0.002688
0 0.009076 0.220416 0.017562 0.004928
0 0.009105 0.295232 0.017504 0.009408
0 0.009154 0.198464 0.017406 0.004032
0 0.009137 0.195776 0.017440 0.005824
0 0.009358 0.196672 0.016999 0.005824
0 0.009389 0.246400 0.016936 0.003584
0 0.009416 0.301952 0.016882 0.005376
0 0.009491 0.266560 0.016733 0.004032
0 0.009564 0.314496 0.016585 0.002688
0 0.009593 0.231168 0.016528 0.003584
0 0.009767 0.307776 0.016180 0.006720
0 0.009974 0.120960 0.015767 0.002240
0 0.009997 0.045696 0.015721 0.002240
0 0.010004 0.021952 0.015706 0.002688
0 0.009887 0.008960 0.015941 0.004032
0 0.009672 0.022848 0.016370 0.003584
0 0.009727 0.093184 0.016261 0.008064
