0 0.006698 0.793408 0.013390 0.047488
0 0.009122 0.523712 0.017471 0.005824
0 0.009973 0.597632 0.015768 0.004032
0 0.009652 0.725312 0.016411 0.016576
0 0.009039 0.798784 0.017636 0.009856
0 0.008940 0.758464 0.017834 0.008960
0 0.009063 0.691264 0.017588 0.009856
0 0.010008 0.494592 0.015699 0.031808
0 0.002084 0.462336 0.000297 0.008064
0 0.009599 0.570752 0.016516 0.021056
0 0.009520 0.481152 0.016674 0.007616
0 0.009463 0.447552 0.016789 0.008064
0 0.009095 0.568512 0.017525 0.017920
0 0.009266 0.517440 0.017182 0.026880
0 0.009227 0.316736 0.017259 0.010304
0 0.001417 0.487424 0.001631 0.011648
0 0.001410 0.487424 0.001645 0.010752
0 0.009170 0.453376 0.017375 0.027328
0 0.009673 0.364224 0.016368 0.010304
0 0.009773 0.317184 0.016169 0.005376
0 0.009478 0.255808 0.016758 0.009408
0 0.009464 0.247744 0.016786 0.008960
0 0.009417 0.223104 0.016881 0.015680
0 0.009393 0.207872 0.016928 0.012096
0 0.009277 0.143808 0.017161 0.015232
0 0.009118 0.157696 0.017478 0.003136
0 0.009949 0.680064 0.015815 0.003136
0 0.009939 0.714560 0.015835 0.003136
0 0.009765 0.697984 0.016185 0.007616
0 0.009857 0.727552 0.016001 0.004032
0 0.009332 0.375424 0.017050 0.010304
0 0.007149 0.877632 0.012488 0.021952
0 0.002752 0.521024 0.003425 0.007616
0 0.002755 0.512960 0.003419 0.008960
0 0.013792 0.283136 0.025988 0.005824
0 0.009258 0.634368 0.017198 0.009408
0 0.008972 0.172480 0.017770 0.007168
0 0.002222 0.504896 0.000020 0.006720
0 0.002221 0.508480 0.000022 0.005824
0 0.009629 0.041664 0.016457 0.004032
0 0.009587 0.980672 0.016540 0.005376
0 0.009544 0.967232 0.016627 0.007616
0 0.009254 0.933632 0.017207 0.016576
0 0.009494 0.952448 0.016725 0.006720
0 0.009435 0.933184 0.016844 0.008064
0 0.008996 0.910336 0.017723 0.008064
0 0.009128 0.828800 0.017458 0.004928
0 0.009179 0.845824 0.017356 0.007616
0 0.009899 0.851648 0.015917 0.004480
0 0.009904 0.832832 0.015906 0.005376
0 0.010031 0.739200 0.015652 0.007168
0 0.009926 0.759360 0.015862 0.004032
0 0.009891 0.698880 0.015931 0.003584
0 0.009146 0.061824 0.017421 0.007168
