0 0.009931 0.898240 0.015852 0.006720
0 0.009626 0.323456 0.016462 0.002240
0 0.009842 0.735616 0.016031 0.008064
0 0.008959 0.519232 0.017796 0.004928
0 0.009279 0.542528 0.017157 0.019264
0 0.009605 0.437696 0.016504 0.004928
0 0.009614 0.415744 0.016487 0.010752
0 0.009059 0.377664 0.017595 0.021056
0 0.009847 0.271936 0.016020 0.011200
0 0.009845 0.271040 0.016024 0.011648
0 0.009853 0.271040 0.016009 0.011648
0 0.009095 0.232064 0.017525 0.009856
0 0.009954 0.783552 0.015806 0.009408
0 0.009663 0.180992 0.016388 0.006720
0 0.009703 0.175616 0.016307 0.006720
0 0.009792 0.216832 0.016131 0.008064
0 0.009634 0.213248 0.016446 0.007168
0 0.009844 0.032704 0.016026 0.012992
0 0.009818 0.125888 0.016078 0.007168
0 0.009839 0.053760 0.016037 0.005376
0 0.009604 0.028224 0.016507 0.011200
0 0.010007 0.426496 0.015700 0.004928
0 0.009725 0.681856 0.016263 0.006720
0 0.009509 0.680960 0.016697 0.008064
0 0.009520 0.712768 0.016674 0.005376
0 0.009528 0.745472 0.016658 0.008064
0 0.009594 0.784448 0.016526 0.022848
0 0.009536 0.663936 0.016642 0.004928
0 0.009563 0.594496 0.016588 0.003136
0 0.008969 0.443520 0.017776 0.013440
0 0.009167 0.459648 0.017380 0.024640
0 0.009777 0.279552 0.016160 0.012096
0 0.006999 0.947968 0.012787 0.036288
0 0.006750 0.747712 0.013285 0.028224
0 0.007033 0.762048 0.012720 0.024192
0 0.007381 0.577472 0.012025 0.030464
0 0.015024 0.516544 0.027988 0.034048
0 0.007199 0.516096 0.012387 0.048384
0 0.006697 0.617344 0.013392 0.046144
0 0.007328 0.277312 0.012130 0.026880
0 0.006665 0.182784 0.008992 0.011200
0 0.002305 0.027328 0.004318 0.006720
0 0.002297 0.040768 0.004334 0.006272
0 0.009915 0.950208 0.015883 0.004032
0 0.009949 0.833728 0.015817 0.003136
0 0.010030 0.192192 0.015654 0.011648
