0 0.009331 0.770112 0.017052 0.008960
0 0.009108 0.625408 0.017498 0.004480
0 0.009006 0.512064 0.017703 0.009856
0 0.009108 0.503552 0.017498 0.007168
0 0.009225 0.492800 0.017263 0.009408
0 0.009663 0.573888 0.016389 0.004928
0 0.009876 0.331072 0.015962 0.004928
0 0.009844 0.436800 0.016027 0.005376
0 0.009681 0.384832 0.016353 0.005376
0 0.009515 0.333760 0.016685 0.007616
0 0.009329 0.423808 0.017056 0.004480
0 0.009355 0.310464 0.017004 0.002688
0 0.009364 0.234752 0.016986 0.006272
0 0.009375 0.162624 0.016964 0.002688
0 0.009393 0.070336 0.016927 0.014336
0 0.009593 0.101696 0.016528 0.013888
0 0.009967 0.074816 0.015781 0.003136
0 0.009119 0.539392 0.017477 0.003136
0 0.009101 0.693056 0.017512 0.002688
0 0.007335 0.813120 0.012116 0.040320
0 0.009779 0.698880 0.016157 0.012096
0 0.009146 0.036288 0.017421 0.012544
0 0.006813 0.556416 0.013159 0.023744
0 0.007589 0.680512 0.011608 0.049280
0 0.009460 0.545664 0.016795 0.012544
0 0.009919 0.153664 0.015877 0.014336
0 0.009117 0.370048 0.017481 0.002688
0 0.009095 0.745024 0.017523 0.014784
0 0.009074 0.940800 0.017567 0.003136
0 0.009080 0.871360 0.017554 0.008960
0 0.009771 0.987840 0.016171 0.003584
0 0.009812 0.728448 0.016090 0.008512
0 0.009605 0.360192 0.016504 0.004928
0 0.009464 0.316736 0.016786 0.004928
0 0.009814 0.887040 0.016086 0.005824
0 0.009935 0.837760 0.015844 0.015232
0 0.009944 0.028672 0.015826 0.013888
