0 0.009566 0.450240 0.016582 0.010752
0 0.010034 0.336448 0.015647 0.008960
0 0.009767 0.446656 0.016180 0.006720
0 0.009761 0.460992 0.016191 0.011648
0 0.009759 0.472192 0.016197 0.005376
0 0.009755 0.480704 0.016205 0.008960
0 0.009788 0.395584 0.016138 0.010304
0 0.009786 0.396032 0.016142 0.006272
0 0.010017 0.257600 0.015681 0.004928
0 0.009509 0.521920 0.016696 0.005824
0 0.009872 0.501312 0.015971 0.004480
0 0.009879 0.559104 0.015957 0.005824
0 0.009914 0.534016 0.015887 0.004032
0 0.009935 0.512064 0.015845 0.004480
0 0.009716 0.581952 0.016282 0.005376
0 0.009471 0.572096 0.016773 0.005824
0 0.009580 0.433216 0.016554 0.007168
0 0.009616 0.373632 0.016483 0.004480
0 0.009271 0.264768 0.017171 0.005376
0 0.009212 0.258944 0.017290 0.005376
0 0.010026 0.199360 0.015662 0.004032
0 0.009832 0.283584 0.016050 0.004032
0 0.009834 0.276416 0.016047 0.008960
0 0.009852 0.231616 0.016011 0.003136
0 0.009960 0.219072 0.015794 0.004928
0 0.009967 0.194880 0.015780 0.004928
0 0.009898 0.107520 0.015919 0.008064
0 0.009631 0.172928 0.016453 0.004032
0 0.009619 0.060032 0.016477 0.008512
0 0.009631 0.094528 0.016453 0.008064
0 0.009338 0.084672 0.017037 0.003136
0 0.009339 0.130368 0.017036 0.003136
0 0.009231 0.161728 0.017253 0.003136
0 0.009472 0.581056 0.016770 0.009408
0 0.009545 0.482944 0.016625 0.003584
0 0.009103 0.480704 0.017508 0.011648
0 0.009204 0.932288 0.017306 0.006272
0 0.009867 0.974400 0.015980 0.004032
0 0.009502 0.902272 0.016710 0.010752
0 0.009449 0.956480 0.016816 0.004032
0 0.009343 0.903168 0.017027 0.005376
0 0.009371 0.869120 0.016972 0.006272
0 0.009335 0.971264 0.017045 0.008064
0 0.009112 0.844928 0.017491 0.004480
0 0.009987 0.554176 0.015740 0.004928
0 0.009159 0.740096 0.017397 0.005824
0 0.009108 0.446656 0.017498 0.005376
0 0.009270 0.449792 0.017175 0.004928
0 0.009135 0.365568 0.017445 0.006720
0 0.009222 0.324800 0.017271 0.006720
0 0.009285 0.141568 0.017144 0.007168
0 0.009444 0.621824 0.016826 0.005824
0 0.009455 0.645568 0.016804 0.004928
0 0.009560 0.675584 0.016595 0.011200
0 0.009656 0.679616 0.016402 0.005376
0 0.009620 0.723520 0.016474 0.003136
0 0.009773 0.783104 0.016169 0.004928
0 0.009695 0.833280 0.016324 0.007616
0 0.009661 0.860608 0.016392 0.007168
0 0.009640 0.796992 0.016435 0.007616
0 0.010032 0.822976 0.015651 0.006720
0 0.009922 0.802816 0.015871 0.006272
0 0.009857 0.715904 0.016001 0.004032
0 0.009869 0.698432 0.015977 0.003584
0 0.009930 0.661696 0.015855 0.005376
0 0.009956 0.619136 0.015801 0.004480
0 0.009972 0.590912 0.015771 0.004928
0 0.010000 0.530880 0.015715 0.003584
0 0.009129 0.189056 0.017455 0.005824
