0 0.009880 0.564032 0.015954 0.017920
0 0.009151 0.404992 0.017412 0.005376
0 0.009547 0.234304 0.016621 0.003584
0 0.009547 0.198912 0.016619 0.004032
0 0.009557 0.279104 0.016600 0.005376
0 0.009545 0.351232 0.016624 0.005824
0 0.009577 0.333760 0.016560 0.007616
0 0.009461 0.393792 0.016793 0.007616
0 0.009421 0.409472 0.016873 0.008064
0 0.009349 0.424704 0.017017 0.008064
0 0.009284 0.419776 0.017146 0.006720
0 0.009269 0.418432 0.017177 0.008512
0 0.009261 0.417536 0.017191 0.007168
0 0.009157 0.405888 0.017400 0.005376
0 0.009159 0.624960 0.017397 0.009408
0 0.009093 0.397824 0.017528 0.005824
0 0.009543 0.437696 0.016628 0.007616
0 0.009537 0.425600 0.016640 0.008064
0 0.009669 0.467712 0.016377 0.003136
0 0.009964 0.415744 0.015786 0.012096
0 0.009633 0.904064 0.016448 0.008064
0 0.009840 0.947968 0.016035 0.012544
0 0.009942 0.965888 0.015830 0.006720
0 0.009962 0.969920 0.015791 0.022400
0 0.009969 0.971712 0.015776 0.010752
0 0.009992 0.975296 0.015730 0.003136
0 0.009543 0.140224 0.016628 0.002688
0 0.009235 0.179200 0.017244 0.005376
0 0.009193 0.180544 0.017328 0.004032
0 0.001584 0.133056 0.001297 0.006272
0 0.009922 0.233408 0.015871 0.005824
0 0.009989 0.234304 0.015737 0.004032
0 0.009021 0.085568 0.017673 0.021504
0 0.009266 0.016576 0.017182 0.023296
0 0.009313 0.173824 0.017089 0.008064
0 0.009320 0.175168 0.017074 0.008064
0 0.009335 0.057344 0.017044 0.007616
0 0.009530 0.030464 0.016654 0.007168
0 0.001417 0.046592 0.001630 0.008512
0 0.001440 0.051072 0.001584 0.010304
0 0.001487 0.017472 0.001491 0.008960
0 0.001487 0.015680 0.001489 0.008960
0 0.001491 0.014784 0.001483 0.009408
0 0.001512 0.045696 0.001440 0.011200
0 0.001515 0.044800 0.001435 0.011200
0 0.001519 0.046144 0.001427 0.010752
0 0.001502 0.038080 0.001461 0.010752
0 0.001503 0.035840 0.001458 0.010304
0 0.001506 0.034048 0.001453 0.010304
0 0.001492 0.027328 0.001480 0.010304
0 0.001496 0.026432 0.001473 0.010304
0 0.001497 0.025536 0.001470 0.009856
0 0.001499 0.023296 0.001467 0.009408
0 0.008943 0.922880 0.017829 0.002688
0 0.008977 0.921088 0.017761 0.001792
0 0.008967 0.881664 0.017780 0.001792
0 0.009678 0.327488 0.016359 0.010752
0 0.009591 0.503552 0.016533 0.033152
0 0.009509 0.693952 0.016697 0.009856
0 0.009509 0.700672 0.016696 0.005824
0 0.009525 0.804160 0.016664 0.006720
0 0.009858 0.688128 0.015999 0.008960
0 0.009988 0.697088 0.015738 0.009408
0 0.009024 0.303296 0.017666 0.003584
0 0.009860 0.022400 0.015994 0.009408
0 0.009863 0.027776 0.015989 0.008960
0 0.009249 0.939008 0.017215 0.006720
0 0.009940 0.997696 0.015834 0.004032
0 0.009499 0.098560 0.016715 0.006272
0 0.007696 0.373184 0.011395 0.031808
0 0.015439 0.370944 0.027157 0.009408
0 0.006526 0.382592 0.009270 0.005376
0 0.006526 0.388416 0.009270 0.005824
0 0.013832 0.317184 0.025908 0.005376
0 0.009138 0.527296 0.017438 0.006272
0 0.007043 0.478464 0.012700 0.039424
0 0.007117 0.466368 0.012551 0.047936
0 0.014942 0.466368 0.028151 0.032704
0 0.013948 0.451136 0.025675 0.012544
0 0.009010 0.085568 0.017694 0.020608
0 0.009788 0.328832 0.016138 0.012992
0 0.009634 0.316736 0.016446 0.012096
0 0.008979 0.893312 0.017756 0.002688
0 0.009605 0.323456 0.016504 0.014336
0 0.008977 0.843136 0.017759 0.001792
0 0.008985 0.814016 0.017745 0.001792
0 0.009009 0.784896 0.017696 0.004928
0 0.009171 0.813568 0.017373 0.009856
0 0.009288 0.768320 0.017138 0.005824
0 0.009330 0.634368 0.017054 0.005376
0 0.009341 0.559104 0.017032 0.005376
0 0.009384 0.576128 0.016945 0.007168
0 0.009339 0.600768 0.017037 0.014336
0 0.009736 0.616000 0.016242 0.010304
0 0.009796 0.656320 0.016122 0.012544
0 0.009862 0.605248 0.015989 0.006272
0 0.009855 0.620480 0.016004 0.003584
0 0.009909 0.579264 0.015897 0.004928
0 0.009946 0.592256 0.015821 0.003584
0 0.009275 0.906304 0.017164 0.003136
0 0.009333 0.845376 0.017049 0.009408
0 0.009351 0.958272 0.017013 0.005376
0 0.009367 0.908096 0.016979 0.003136
0 0.009710 0.843584 0.016294 0.004928
0 0.009675 0.771456 0.016364 0.003584
0 0.009939 0.796544 0.015837 0.003584
0 0.009547 0.247296 0.016619 0.006720
0 0.009864 0.091840 0.015987 0.006720
