0 0.009226 0.492800 0.017262 0.021056
0 0.009228 0.289408 0.017259 0.012096
0 0.009212 0.506688 0.017290 0.010304
0 0.009239 0.477568 0.017236 0.006720
0 0.009278 0.588224 0.017159 0.012544
0 0.009321 0.542528 0.017072 0.009856
0 0.009382 0.533568 0.016950 0.009856
0 0.009294 0.318976 0.017127 0.020160
0 0.009296 0.297920 0.017123 0.016576
0 0.009364 0.266560 0.016987 0.007168
0 0.009770 0.049280 0.016174 0.001792
0 0.009473 0.232512 0.016768 0.006720
0 0.009300 0.155456 0.017114 0.006720
0 0.009222 0.153216 0.017271 0.006272
0 0.009276 0.124096 0.017162 0.006272
0 0.009337 0.080640 0.017040 0.006272
0 0.009300 0.040320 0.017114 0.004928
0 0.009466 0.051968 0.016782 0.007168
0 0.009178 0.531328 0.017358 0.006720
0 0.009279 0.709632 0.017156 0.007616
0 0.009505 0.691712 0.016705 0.007168
0 0.009845 0.782208 0.016023 0.009856
0 0.008974 0.424704 0.017766 0.029120
0 0.008953 0.403200 0.017809 0.012544
0 0.008960 0.409472 0.017795 0.008064
0 0.008954 0.456960 0.017806 0.016576
0 0.008962 0.445312 0.017790 0.013440
0 0.008936 0.803264 0.017842 0.007168
0 0.008944 0.803712 0.017826 0.007616
0 0.009298 0.386176 0.017118 0.004480
0 0.009265 0.449792 0.017184 0.008960
0 0.009255 0.440384 0.017204 0.006720
0 0.009170 0.549248 0.017374 0.002240
0 0.009172 0.598080 0.017371 0.005824
0 0.009915 0.621824 0.015884 0.010304
0 0.009902 0.738304 0.015911 0.010304
0 0.009859 0.695296 0.015997 0.005376
0 0.009841 0.064512 0.016033 0.003136
0 0.009670 0.098112 0.016375 0.002688
0 0.009219 0.497728 0.017276 0.026432
0 0.009295 0.955136 0.017125 0.006272
0 0.009484 0.540736 0.016746 0.004032
0 0.009464 0.539392 0.016787 0.004928
0 0.009429 0.445312 0.016857 0.004480
0 0.009362 0.980672 0.016991 0.011648
0 0.009364 0.988736 0.016987 0.011200
0 0.009339 0.840000 0.017036 0.018368
0 0.009289 0.891072 0.017137 0.010304
0 0.009361 0.783104 0.016992 0.006720
0 0.009388 0.011200 0.016938 0.008512
0 0.009590 0.714112 0.016534 0.005824
0 0.009208 0.617344 0.017297 0.019712
0 0.009216 0.621824 0.017283 0.017920
0 0.002656 0.025984 0.003617 0.007616
0 0.007569 0.775936 0.011648 0.024640
0 0.009878 0.396032 0.015959 0.004032
0 0.009911 0.372288 0.015893 0.008960
0 0.009437 0.537600 0.016841 0.003136
0 0.009650 0.362880 0.016414 0.004928
0 0.009165 0.788032 0.017385 0.003136
0 0.009695 0.883456 0.016325 0.004032
0 0.009651 0.211904 0.016412 0.017472
0 0.009991 0.236544 0.015733 0.006720
0 0.009655 0.251328 0.016404 0.004480
0 0.010035 0.216832 0.015645 0.020608
0 0.010018 0.289856 0.015679 0.005376
0 0.010013 0.344064 0.015689 0.001792
0 0.010012 0.392896 0.015690 0.009856
0 0.009938 0.410816 0.015838 0.007168
0 0.010007 0.436800 0.015700 0.004928
0 0.009964 0.831488 0.015786 0.009856
0 0.009910 0.782208 0.015894 0.004032
0 0.010005 0.853888 0.015704 0.007168
0 0.009649 0.983360 0.016416 0.011648
0 0.009738 0.883008 0.016239 0.008512
0 0.009834 0.949760 0.016047 0.006720
0 0.008977 0.336000 0.017761 0.017472
