0 0.013788 0.791616 0.025996 0.004480
0 0.002557 0.710976 0.003815 0.004032
0 0.001549 0.626304 0.001366 0.013888
0 0.001750 0.528192 0.000964 0.004032
0 0.001669 0.560448 0.001126 0.005376
0 0.001674 0.560896 0.001117 0.004032
0 0.001668 0.563136 0.001129 0.007168
0 0.001681 0.555072 0.001102 0.006272
0 0.001821 0.507136 0.000823 0.023744
0 0.001864 0.509376 0.000735 0.006720
0 0.001864 0.507584 0.000737 0.007168
0 0.001873 0.469504 0.000719 0.005824
0 0.001875 0.467712 0.000715 0.004480
0 0.001885 0.461888 0.000694 0.007616
0 0.001883 0.460992 0.000699 0.007616
0 0.001870 0.467264 0.000725 0.008064
0 0.001881 0.459648 0.000702 0.007616
0 0.009806 0.349888 0.016103 0.013440
0 0.009798 0.359296 0.016119 0.021504
0 0.009776 0.174720 0.016162 0.025088
0 0.009780 0.180544 0.016154 0.019712
0 0.002555 0.190400 0.003819 0.003584
0 0.002549 0.191744 0.003830 0.003136
0 0.002589 0.633920 0.003751 0.002688
0 0.003213 0.687680 0.002502 0.001792
0 0.008194 0.737856 0.014862 0.017920
0 0.003211 0.689024 0.002506 0.001792
0 0.008205 0.719488 0.014839 0.018816
0 0.001483 0.755328 0.001498 0.015680
0 0.001504 0.722624 0.001455 0.010752
0 0.001494 0.732928 0.001475 0.012096
0 0.001492 0.755776 0.001480 0.015680
0 0.001488 0.755776 0.001488 0.015680
0 0.001488 0.771904 0.001489 0.015232
0 0.001483 0.771456 0.001499 0.015232
0 0.001479 0.770560 0.001506 0.015680
0 0.001754 0.047936 0.000957 0.005376
0 0.001751 0.050624 0.000961 0.007168
0 0.001732 0.045248 0.001001 0.011648
0 0.001734 0.042112 0.000996 0.011648
0 0.009513 0.939904 0.016688 0.034496
0 0.009686 0.924224 0.016343 0.031360
0 0.001779 0.924224 0.000907 0.004928
0 0.002718 0.922432 0.003493 0.035840
0 0.009276 0.857920 0.017163 0.039872
0 0.002265 0.867328 0.004400 0.011200
0 0.001514 0.708288 0.001437 0.004032
0 0.001510 0.709632 0.001444 0.004032
0 0.009561 0.063168 0.016593 0.026432
