0 0.000942 0.783552 0.001883 0.053760
0 0.000336 0.648256 0.000672 0.042560
0 0.000878 0.407232 0.001756 0.043904
0 0.000755 0.541184 0.001509 0.051072
0 0.000728 0.580608 0.001456 0.041216
0 0.000688 0.637056 0.001375 0.030464
0 0.000603 0.661248 0.001207 0.061824
0 0.000589 0.659904 0.001178 0.047488
0 0.000364 0.659008 0.000728 0.027328
0 0.000288 0.639296 0.000576 0.051968
0 0.000541 0.600320 0.001082 0.029120
0 0.000209 0.618240 0.000418 0.012992
0 0.000699 0.755776 0.001398 0.038528
0 0.000746 0.740096 0.001492 0.050624
0 0.000657 0.653632 0.001313 0.044800
0 0.000714 0.616448 0.001428 0.030016
0 0.000834 0.699776 0.001669 0.028224
0 0.000556 0.635264 0.001111 0.054208
0 0.000836 0.195328 0.001672 0.050624
