0 0.000402 0.503104 0.000804 0.019712
0 0.000115 0.452480 0.000230 0.012096
0 0.000100 0.448448 0.000200 0.017920
0 0.000077 0.444864 0.000154 0.022848
0 0.000208 0.443072 0.000417 0.022848
0 0.000227 0.453824 0.000455 0.020608
0 0.000237 0.453824 0.000475 0.022848
0 0.000276 0.444864 0.000552 0.009856
0 0.000260 0.450688 0.000520 0.017024
0 0.000289 0.435904 0.000579 0.010752
0 0.000298 0.421120 0.000595 0.014784
0 0.000311 0.405440 0.000621 0.019712
0 0.000371 0.350336 0.000741 0.017472
0 0.000350 0.264768 0.000700 0.020608
0 0.000616 0.337344 0.001231 0.018816
