0 0.001376 0.901376 0.001712 0.009408
0 0.001154 0.282688 0.002157 0.017472
0 0.001144 0.271040 0.002176 0.021056
0 0.001143 0.264768 0.002178 0.017920
0 0.001188 0.273280 0.002088 0.021056
0 0.001186 0.266560 0.002092 0.021952
0 0.001182 0.262976 0.002100 0.018368
0 0.001176 0.266560 0.002113 0.006720
0 0.001175 0.256256 0.002114 0.021952
0 0.001172 0.250880 0.002119 0.017472
0 0.001213 0.248640 0.002037 0.014336
0 0.001213 0.243264 0.002039 0.014336
0 0.001270 0.271040 0.001923 0.017024
0 0.001266 0.266560 0.001932 0.018368
0 0.001261 0.264320 0.001943 0.014336
0 0.001293 0.258496 0.001879 0.021952
0 0.001338 0.240576 0.001788 0.011200
0 0.001204 0.237440 0.002057 0.023296
0 0.001248 0.238784 0.001968 0.014336
0 0.001241 0.234304 0.001982 0.017024
0 0.001239 0.228480 0.001987 0.017920
0 0.001150 0.276864 0.002165 0.020160
0 0.001128 0.283136 0.002209 0.010304
0 0.002051 0.610624 0.000363 0.017472
0 0.001129 0.286720 0.002206 0.012096
0 0.002067 0.600320 0.000330 0.017024
0 0.002075 0.598976 0.000314 0.016128
0 0.002083 0.596736 0.000299 0.012992
0 0.002093 0.591360 0.000279 0.017472
0 0.002085 0.577472 0.000293 0.012096
0 0.002078 0.568064 0.000309 0.012096
0 0.001962 0.471744 0.000539 0.010304
0 0.001600 0.548352 0.001265 0.012992
0 0.016669 0.435904 0.029161 0.008064
0 0.016618 0.313600 0.029264 0.009856
0 0.016626 0.385280 0.029248 0.008512
0 0.016570 0.341376 0.029361 0.008512
0 0.016562 0.346304 0.029375 0.006720
0 0.016552 0.355264 0.029397 0.012544
0 0.016546 0.344960 0.029407 0.009408
0 0.001167 0.314048 0.002131 0.022400
0 0.001136 0.331072 0.002192 0.017024
0 0.001133 0.326144 0.002198 0.017024
0 0.001138 0.288512 0.002189 0.007616
0 0.001237 0.222656 0.001991 0.015680
0 0.001289 0.227136 0.001887 0.014336
0 0.001278 0.221312 0.001908 0.022400
0 0.001275 0.214592 0.001914 0.020160
0 0.001191 0.177408 0.002082 0.015232
0 0.001169 0.196672 0.002125 0.011648
0 0.001165 0.193536 0.002134 0.013888
0 0.001163 0.189504 0.002138 0.014784
0 0.001160 0.185920 0.002145 0.015680
0 0.001150 0.202944 0.002165 0.011648
0 0.001164 0.183680 0.002136 0.006720
0 0.001138 0.162624 0.002189 0.017920
0 0.001135 0.156352 0.002194 0.017472
0 0.001244 0.128128 0.001976 0.010304
0 0.001221 0.117376 0.002022 0.013440
0 0.001200 0.126336 0.002065 0.014784
0 0.001181 0.136192 0.002103 0.013440
0 0.001162 0.144256 0.002140 0.012992
0 0.016266 0.116032 0.029969 0.007168
0 0.016324 0.090048 0.029852 0.010752
0 0.016559 0.095872 0.029383 0.011200
0 0.016672 0.037632 0.029155 0.016128
0 0.016627 0.020608 0.029247 0.008064
0 0.001190 0.184128 0.002084 0.017024
0 0.001218 0.173824 0.002028 0.015232
0 0.001245 0.161280 0.001974 0.015680
0 0.001421 0.202944 0.001622 0.017024
0 0.001264 0.208768 0.001937 0.027328
0 0.016530 0.269248 0.029440 0.019264
0 0.016677 0.249984 0.029146 0.009856
0 0.016670 0.241024 0.029159 0.013888
0 0.016720 0.248192 0.029061 0.009408
0 0.016640 0.172032 0.029220 0.010304
0 0.003067 0.140224 0.002795 0.020608
0 0.001520 0.146496 0.001425 0.023296
0 0.001476 0.177408 0.001512 0.018816
0 0.001242 0.156800 0.001981 0.014784
0 0.001472 0.172032 0.001519 0.019264
0 0.001469 0.166208 0.001526 0.017920
0 0.001450 0.189952 0.001565 0.017920
0 0.001449 0.185472 0.001566 0.014784
0 0.001377 0.161280 0.001710 0.018816
0 0.001336 0.178304 0.001792 0.022848
0 0.001344 0.185024 0.001776 0.017920
0 0.001315 0.189504 0.001835 0.017920
0 0.002063 0.605248 0.000338 0.016576
0 0.002041 0.613312 0.000383 0.020160
0 0.001493 0.839104 0.001478 0.007616
0 0.001757 0.760704 0.000950 0.018816
0 0.001773 0.749056 0.000919 0.022848
0 0.001784 0.747264 0.000895 0.020160
0 0.001791 0.742784 0.000882 0.020608
0 0.001796 0.738304 0.000872 0.022848
0 0.001807 0.736064 0.000851 0.019264
0 0.001818 0.727552 0.000828 0.021952
0 0.001827 0.723968 0.000811 0.021504
0 0.001835 0.720832 0.000794 0.019264
0 0.001841 0.717248 0.000782 0.018816
0 0.001848 0.715456 0.000768 0.017920
0 0.001854 0.711424 0.000756 0.018368
0 0.001859 0.707392 0.000747 0.021504
0 0.001865 0.704256 0.000733 0.019712
0 0.001872 0.702016 0.000720 0.018816
0 0.001880 0.699776 0.000704 0.017024
0 0.001893 0.695296 0.000678 0.013440
0 0.001898 0.693056 0.000668 0.013888
0 0.001897 0.653184 0.000671 0.008960
0 0.001899 0.656320 0.000666 0.008064
0 0.001763 0.757120 0.000938 0.020160
0 0.001750 0.763840 0.000965 0.018816
0 0.002036 0.617792 0.000392 0.018816
0 0.001735 0.773248 0.000994 0.017472
0 0.001151 0.811328 0.002162 0.014336
0 0.001677 0.831488 0.001111 0.014784
0 0.001680 0.826112 0.001104 0.010304
0 0.001674 0.818496 0.001117 0.009856
0 0.001672 0.814464 0.001120 0.008960
0 0.001668 0.810432 0.001127 0.010304
0 0.001668 0.805952 0.001128 0.009856
0 0.001661 0.802816 0.001142 0.011200
0 0.001655 0.770560 0.001154 0.004928
0 0.001633 0.769664 0.001198 0.018368
0 0.001625 0.755328 0.001213 0.016128
0 0.001673 0.798784 0.001118 0.021952
0 0.001679 0.794304 0.001106 0.024640
0 0.001688 0.790272 0.001088 0.025088
0 0.001697 0.788480 0.001070 0.022848
0 0.001713 0.785344 0.001038 0.016128
0 0.001716 0.780416 0.001032 0.019264
0 0.001723 0.777280 0.001019 0.018368
0 0.001730 0.775936 0.001004 0.015680
0 0.001910 0.653184 0.000645 0.009856
0 0.001900 0.688128 0.000664 0.017920
0 0.001905 0.684992 0.000655 0.018816
0 0.001910 0.681856 0.000643 0.017920
0 0.001610 0.693056 0.001245 0.009856
0 0.001605 0.689024 0.001255 0.012992
0 0.001608 0.683200 0.001248 0.008960
0 0.001606 0.678272 0.001253 0.008960
0 0.001621 0.675136 0.001223 0.010752
0 0.001625 0.674240 0.001215 0.006720
0 0.001624 0.667968 0.001216 0.009856
0 0.001596 0.672896 0.001272 0.017024
0 0.001598 0.628544 0.001269 0.007616
0 0.001580 0.594496 0.001304 0.005824
0 0.001845 0.623168 0.000774 0.008512
0 0.002003 0.638400 0.000459 0.012992
0 0.002006 0.635264 0.000453 0.015680
0 0.002011 0.633472 0.000442 0.014784
0 0.002017 0.631232 0.000430 0.012992
0 0.002021 0.628992 0.000423 0.014784
0 0.002026 0.627200 0.000413 0.013440
0 0.002030 0.624064 0.000404 0.014336
0 0.002036 0.622272 0.000393 0.013440
0 0.001611 0.700224 0.001242 0.010752
0 0.001611 0.706496 0.001241 0.011648
0 0.001616 0.713216 0.001232 0.012544
0 0.001973 0.654976 0.000519 0.013440
0 0.001920 0.676480 0.000623 0.018368
0 0.001930 0.675136 0.000604 0.015232
0 0.001936 0.672448 0.000592 0.015232
0 0.001946 0.667968 0.000571 0.014784
0 0.001949 0.663936 0.000567 0.017920
0 0.001957 0.661696 0.000551 0.016128
0 0.001960 0.658560 0.000545 0.017472
0 0.001967 0.657216 0.000531 0.014784
0 0.001982 0.648256 0.000500 0.014784
0 0.001625 0.717248 0.001215 0.008512
0 0.001987 0.647360 0.000490 0.013440
0 0.001996 0.640192 0.000473 0.015232
0 0.001627 0.747712 0.001210 0.013440
0 0.001634 0.741888 0.001196 0.008960
0 0.001630 0.737408 0.001204 0.008960
0 0.001625 0.732480 0.001215 0.012096
0 0.001627 0.726656 0.001210 0.008960
0 0.001625 0.721728 0.001215 0.009856
0 0.016527 0.066304 0.029447 0.008512
