0 0.001016 0.727104 0.002033 0.064960
0 0.000481 0.459200 0.000961 0.012544
0 0.000575 0.456512 0.001150 0.011648
0 0.000566 0.448448 0.001132 0.011648
0 0.000556 0.456960 0.001112 0.011648
0 0.000547 0.448448 0.001093 0.011648
0 0.000528 0.449344 0.001056 0.011648
0 0.000519 0.458304 0.001038 0.011648
0 0.000510 0.449792 0.001020 0.011648
0 0.000501 0.458752 0.001001 0.011200
0 0.000490 0.450240 0.000980 0.012544
0 0.000481 0.486976 0.000963 0.011200
0 0.000594 0.456512 0.001187 0.011648
0 0.000490 0.478912 0.000981 0.011648
0 0.000483 0.527744 0.000967 0.012544
0 0.000493 0.518336 0.000985 0.011200
0 0.000505 0.527296 0.001010 0.012992
0 0.000500 0.486528 0.001001 0.011648
0 0.000509 0.478464 0.001018 0.012096
0 0.000515 0.518336 0.001030 0.011648
0 0.000537 0.517440 0.001073 0.011648
0 0.000519 0.486528 0.001039 0.011648
0 0.000584 0.448448 0.001168 0.011648
0 0.000603 0.448000 0.001205 0.011648
0 0.000538 0.400064 0.001076 0.022400
0 0.000727 0.443968 0.001454 0.012096
0 0.000621 0.395584 0.001241 0.022400
0 0.000634 0.410816 0.001267 0.021952
0 0.000676 0.409024 0.001351 0.021056
0 0.000697 0.407680 0.001394 0.021952
0 0.000718 0.406336 0.001435 0.021504
0 0.000728 0.390208 0.001457 0.021504
0 0.000762 0.451136 0.001524 0.012096
0 0.000750 0.443520 0.001500 0.011200
0 0.000738 0.452032 0.001477 0.012096
0 0.000718 0.452480 0.001436 0.011648
0 0.000612 0.455616 0.001224 0.012096
0 0.000707 0.444416 0.001414 0.011200
0 0.000697 0.453376 0.001393 0.011200
0 0.000685 0.444864 0.001371 0.012992
0 0.000675 0.453376 0.001350 0.011648
0 0.000664 0.445312 0.001327 0.012096
0 0.000653 0.454272 0.001305 0.011648
0 0.000641 0.446208 0.001282 0.011648
0 0.000632 0.454720 0.001264 0.011648
0 0.000621 0.446656 0.001242 0.012096
0 0.000528 0.477568 0.001057 0.011648
0 0.000539 0.486528 0.001077 0.012096
0 0.000547 0.477120 0.001095 0.011648
0 0.000187 0.588224 0.000374 0.023296
0 0.000237 0.487424 0.000474 0.022848
0 0.000260 0.486528 0.000520 0.023744
0 0.000283 0.486528 0.000566 0.023744
0 0.000124 0.490560 0.000248 0.022400
0 0.000125 0.524608 0.000251 0.022400
0 0.000170 0.490112 0.000339 0.021952
0 0.000307 0.519232 0.000615 0.022400
0 0.000296 0.547904 0.000592 0.021952
0 0.000174 0.602112 0.000347 0.024192
0 0.000280 0.585088 0.000559 0.022848
0 0.000557 0.486080 0.001114 0.011648
0 0.000289 0.599424 0.000577 0.022848
0 0.000300 0.583296 0.000600 0.023296
0 0.000312 0.600320 0.000624 0.021504
0 0.000380 0.581504 0.000760 0.021952
0 0.000390 0.603008 0.000781 0.021952
0 0.000401 0.581056 0.000802 0.022848
0 0.000412 0.603904 0.000825 0.022848
0 0.000425 0.580608 0.000850 0.023296
0 0.000435 0.604352 0.000869 0.022400
0 0.000764 0.480704 0.001528 0.011200
0 0.000752 0.472192 0.001504 0.012096
0 0.000742 0.481152 0.001484 0.011200
0 0.000730 0.471744 0.001460 0.011648
0 0.000566 0.477120 0.001132 0.012544
0 0.000559 0.516992 0.001117 0.011648
0 0.000570 0.525056 0.001139 0.011200
0 0.000580 0.516544 0.001159 0.011200
0 0.000576 0.485184 0.001151 0.011648
0 0.000586 0.476672 0.001173 0.012096
0 0.000595 0.485632 0.001189 0.011200
0 0.000604 0.475776 0.001209 0.012544
0 0.000613 0.483840 0.001226 0.012096
0 0.000622 0.474880 0.001244 0.012096
0 0.000633 0.484288 0.001265 0.012096
0 0.000643 0.474880 0.001286 0.011648
0 0.000654 0.482944 0.001308 0.012544
0 0.000665 0.474432 0.001329 0.012096
0 0.000676 0.482496 0.001353 0.011200
0 0.000687 0.473984 0.001374 0.011648
0 0.000698 0.482496 0.001396 0.011648
0 0.000708 0.472192 0.001416 0.012544
0 0.000719 0.482048 0.001439 0.011648
0 0.000549 0.414848 0.001098 0.021952
0 0.000517 0.400960 0.001033 0.021952
0 0.001061 0.835968 0.002123 0.072576
0 0.000675 0.192640 0.001349 0.024192
0 0.000293 0.343168 0.000586 0.013888
0 0.000284 0.351232 0.000567 0.013440
0 0.000292 0.358848 0.000585 0.013440
0 0.000282 0.366912 0.000563 0.013888
0 0.000292 0.374976 0.000583 0.013888
0 0.000516 0.180544 0.001032 0.023296
0 0.000570 0.197568 0.001139 0.024640
0 0.000590 0.197568 0.001181 0.023744
0 0.000662 0.172480 0.001323 0.022848
0 0.000684 0.172032 0.001369 0.023744
0 0.000293 0.327936 0.000587 0.012992
0 0.000696 0.191744 0.001391 0.023744
0 0.000704 0.170688 0.001409 0.024640
0 0.000717 0.190400 0.001435 0.024640
0 0.000727 0.170240 0.001453 0.025088
0 0.000738 0.189056 0.001477 0.023744
0 0.000748 0.168448 0.001496 0.025088
0 0.000744 0.256704 0.001488 0.023744
0 0.000722 0.257600 0.001444 0.023744
0 0.000701 0.258496 0.001402 0.022848
0 0.000283 0.335104 0.000566 0.013440
0 0.000283 0.319872 0.000566 0.013440
0 0.000497 0.401408 0.000993 0.021952
0 0.000297 0.217728 0.000594 0.013888
0 0.000138 0.215040 0.000277 0.048832
0 0.000136 0.310912 0.000272 0.047488
0 0.000261 0.312256 0.000522 0.034944
0 0.000252 0.361984 0.000505 0.044800
0 0.000288 0.174720 0.000576 0.013440
0 0.000288 0.191744 0.000576 0.012992
0 0.000298 0.184128 0.000596 0.013440
0 0.000298 0.201152 0.000597 0.012992
0 0.000287 0.207872 0.000574 0.013440
0 0.000287 0.225344 0.000573 0.012992
0 0.000294 0.312256 0.000588 0.013440
0 0.000297 0.234304 0.000595 0.013440
0 0.000286 0.241920 0.000571 0.013440
0 0.000296 0.250432 0.000592 0.012992
0 0.000295 0.266112 0.000590 0.012992
0 0.000285 0.273280 0.000570 0.013440
0 0.000295 0.281344 0.000590 0.012992
0 0.000285 0.288960 0.000570 0.013440
0 0.000294 0.297024 0.000588 0.012992
0 0.000284 0.304640 0.000569 0.013440
0 0.000681 0.260288 0.001362 0.024640
0 0.000669 0.241920 0.001337 0.025088
0 0.000660 0.261632 0.001319 0.023744
0 0.000631 0.367808 0.001263 0.021504
0 0.000724 0.304640 0.001448 0.021952
0 0.000745 0.302848 0.001489 0.021952
0 0.000736 0.362880 0.001473 0.022848
0 0.000716 0.364224 0.001431 0.021952
0 0.000705 0.349440 0.001410 0.020608
0 0.000683 0.350336 0.001367 0.021056
0 0.000674 0.366016 0.001347 0.022400
0 0.000662 0.350784 0.001325 0.022400
0 0.000642 0.351680 0.001284 0.022400
0 0.000621 0.353024 0.001241 0.022400
0 0.000649 0.242816 0.001298 0.024640
0 0.000599 0.353472 0.001199 0.021056
0 0.000579 0.354816 0.001157 0.022400
0 0.000568 0.371840 0.001136 0.021504
0 0.000547 0.373184 0.001095 0.020608
0 0.000526 0.373632 0.001052 0.021952
0 0.000515 0.357952 0.001029 0.022400
0 0.000506 0.375424 0.001012 0.021504
0 0.000493 0.359744 0.000985 0.022400
0 0.000473 0.360640 0.000946 0.020608
0 0.000703 0.305536 0.001405 0.022400
0 0.000672 0.323008 0.001343 0.023296
0 0.000651 0.324800 0.001303 0.022848
0 0.000640 0.308224 0.001280 0.023744
0 0.000627 0.243712 0.001254 0.023296
0 0.000606 0.245056 0.001213 0.025088
0 0.000584 0.246400 0.001169 0.023744
0 0.000562 0.247744 0.001124 0.023296
0 0.000553 0.266560 0.001107 0.022848
0 0.000543 0.249088 0.001086 0.024192
0 0.000512 0.267904 0.001023 0.023744
0 0.000479 0.251776 0.000958 0.024640
0 0.000470 0.270592 0.000940 0.022848
0 0.000469 0.318528 0.000938 0.021952
0 0.000482 0.333312 0.000965 0.021952
0 0.000493 0.316736 0.000985 0.022848
0 0.000503 0.332416 0.001006 0.022400
0 0.000513 0.315840 0.001026 0.022400
0 0.000524 0.331072 0.001049 0.021504
0 0.000532 0.314496 0.001063 0.021952
0 0.000545 0.330176 0.001091 0.023744
0 0.000577 0.311360 0.001154 0.023296
0 0.000585 0.328384 0.001171 0.021504
0 0.000303 0.486080 0.000606 0.022400
0 0.000427 0.440384 0.000855 0.016128
0 0.000417 0.445312 0.000834 0.016576
0 0.000718 0.641088 0.001435 0.016576
0 0.000467 0.939008 0.000935 0.020160
0 0.000649 0.597184 0.001299 0.017920
0 0.000678 0.596288 0.001355 0.017472
0 0.000706 0.595840 0.001413 0.017024
0 0.000735 0.594496 0.001470 0.018368
0 0.000764 0.594048 0.001527 0.017472
0 0.000749 0.640640 0.001498 0.016128
0 0.000741 0.631680 0.001482 0.016576
0 0.000733 0.641088 0.001465 0.016576
0 0.000700 0.641536 0.001401 0.017024
0 0.000401 0.939456 0.000801 0.020608
0 0.000683 0.641984 0.001366 0.017472
0 0.000650 0.642432 0.001301 0.016576
0 0.000633 0.643328 0.001265 0.016576
0 0.000616 0.643776 0.001232 0.016128
0 0.000599 0.644224 0.001199 0.016576
0 0.000583 0.645120 0.001165 0.015232
0 0.000566 0.645120 0.001133 0.015680
0 0.000550 0.645568 0.001099 0.017024
0 0.000533 0.645568 0.001066 0.016576
0 0.000445 0.939008 0.000890 0.020608
0 0.000338 0.941248 0.000675 0.021056
0 0.000409 0.440832 0.000818 0.016576
0 0.000339 0.889728 0.000678 0.020160
0 0.000660 0.810432 0.001320 0.051520
0 0.000595 0.812224 0.001190 0.050176
0 0.000119 0.917056 0.000238 0.022848
0 0.000141 0.917056 0.000283 0.022848
0 0.000162 0.917504 0.000323 0.022848
0 0.000221 0.914816 0.000443 0.021504
0 0.000286 0.869120 0.000571 0.021056
0 0.000309 0.868224 0.000617 0.021504
0 0.000328 0.868224 0.000656 0.020160
0 0.000349 0.867776 0.000698 0.021056
0 0.000296 0.942144 0.000592 0.020160
0 0.000370 0.867776 0.000740 0.019712
0 0.000371 0.911680 0.000742 0.021056
0 0.000392 0.866880 0.000783 0.021056
0 0.000424 0.890624 0.000848 0.020160
0 0.000434 0.866432 0.000869 0.020160
0 0.000445 0.889280 0.000890 0.018368
0 0.000394 0.912128 0.000788 0.022400
0 0.000457 0.909888 0.000914 0.019712
0 0.000255 0.942592 0.000511 0.019712
0 0.000517 0.646464 0.001034 0.017472
0 0.000422 0.624960 0.000845 0.021504
0 0.000778 0.709184 0.001556 0.024640
0 0.000772 0.809984 0.001545 0.051072
0 0.000414 0.911232 0.000829 0.021056
0 0.000424 0.939904 0.000847 0.023296
0 0.000414 0.866880 0.000829 0.021504
0 0.000437 0.911232 0.000875 0.023744
0 0.000546 0.928256 0.001091 0.048384
0 0.000680 0.879424 0.001361 0.058240
0 0.000933 0.726656 0.001866 0.069440
0 0.000924 0.807296 0.001848 0.065408
0 0.000587 0.871808 0.001175 0.054208
0 0.000722 0.917056 0.001443 0.049728
0 0.000795 0.692608 0.001590 0.022848
0 0.000762 0.874944 0.001524 0.051968
0 0.000845 0.877632 0.001690 0.055552
0 0.000805 0.926912 0.001610 0.051968
0 0.000891 0.929600 0.001781 0.053312
0 0.001012 0.882112 0.002024 0.060928
0 0.001008 0.807296 0.002016 0.061824
0 0.001084 0.771008 0.002169 0.066752
0 0.001113 0.841792 0.002225 0.066752
0 0.001075 0.884800 0.002151 0.062720
0 0.000382 0.889728 0.000764 0.019712
0 0.000382 0.939904 0.000765 0.022400
0 0.000361 0.888832 0.000721 0.021504
0 0.000360 0.939904 0.000720 0.022848
0 0.000829 0.692160 0.001657 0.022848
0 0.000843 0.707392 0.001687 0.022400
0 0.000856 0.690816 0.001712 0.023296
0 0.000882 0.599872 0.001765 0.097216
0 0.000932 0.526848 0.001864 0.100352
0 0.000984 0.597632 0.001967 0.097664
0 0.001089 0.593152 0.002178 0.113792
0 0.000976 0.456512 0.001953 0.099008
0 0.001029 0.525504 0.002059 0.096768
0 0.001073 0.453376 0.002147 0.099008
0 0.000130 0.945728 0.000259 0.020608
0 0.000150 0.945280 0.000300 0.021952
0 0.000172 0.944832 0.000343 0.021952
0 0.000193 0.943488 0.000386 0.020608
0 0.000214 0.943488 0.000427 0.020608
0 0.000235 0.944832 0.000471 0.024192
0 0.000277 0.942144 0.000554 0.022848
0 0.000319 0.888832 0.000638 0.019264
0 0.000322 0.941696 0.000644 0.021952
0 0.000721 0.808640 0.001442 0.053760
0 0.000752 0.771904 0.001504 0.057344
0 0.000688 0.745472 0.001375 0.058688
0 0.000245 0.450240 0.000491 0.016576
0 0.000280 0.448896 0.000559 0.016576
0 0.000271 0.445312 0.000543 0.017024
0 0.000262 0.449792 0.000524 0.017024
0 0.000254 0.445760 0.000508 0.016576
0 0.000272 0.408128 0.000544 0.016576
0 0.000263 0.413056 0.000526 0.017472
0 0.000255 0.409024 0.000510 0.016576
0 0.000246 0.412608 0.000491 0.015680
0 0.000237 0.409920 0.000475 0.015680
0 0.000238 0.447104 0.000476 0.016128
0 0.000186 0.411712 0.000371 0.017024
0 0.000229 0.450688 0.000458 0.016576
0 0.000220 0.448448 0.000440 0.015680
0 0.000228 0.414400 0.000456 0.016576
0 0.000220 0.409920 0.000440 0.016128
0 0.000211 0.414400 0.000421 0.017024
0 0.000202 0.410816 0.000405 0.016128
0 0.000211 0.451584 0.000421 0.016576
0 0.000203 0.447104 0.000407 0.017024
0 0.000193 0.451584 0.000385 0.017024
0 0.000280 0.411264 0.000561 0.016128
0 0.000289 0.407232 0.000579 0.014784
0 0.000298 0.410816 0.000595 0.015232
0 0.000296 0.448448 0.000593 0.016576
0 0.000401 0.445312 0.000802 0.017472
0 0.000392 0.441728 0.000785 0.016576
0 0.000393 0.404992 0.000787 0.017024
0 0.000384 0.409024 0.000769 0.017024
0 0.000376 0.405888 0.000753 0.016128
0 0.000367 0.409472 0.000734 0.016128
0 0.000376 0.442176 0.000751 0.016128
0 0.000366 0.445760 0.000732 0.015232
0 0.000359 0.406336 0.000717 0.016576
0 0.000349 0.409920 0.000699 0.015232
0 0.000358 0.442624 0.000716 0.015680
0 0.000349 0.447104 0.000698 0.016128
0 0.000341 0.443072 0.000682 0.016576
0 0.000333 0.410816 0.000665 0.016576
0 0.000332 0.447552 0.000664 0.016576
0 0.000323 0.443520 0.000647 0.016128
0 0.000316 0.410816 0.000633 0.015232
0 0.000307 0.407680 0.000614 0.016576
0 0.000306 0.444416 0.000612 0.016128
0 0.000193 0.415744 0.000387 0.017024
0 0.000184 0.448000 0.000369 0.017024
0 0.000624 0.748160 0.001249 0.052864
0 0.000436 0.643328 0.000872 0.021952
0 0.000291 0.639744 0.000583 0.022848
0 0.000301 0.622720 0.000602 0.022400
0 0.000313 0.638400 0.000627 0.021952
0 0.000326 0.622272 0.000652 0.023296
0 0.000360 0.622272 0.000720 0.017472
0 0.000379 0.622720 0.000759 0.022848
0 0.000391 0.642880 0.000783 0.022848
0 0.000402 0.623168 0.000804 0.020160
0 0.000413 0.643776 0.000826 0.021504
0 0.000165 0.819392 0.000330 0.052864
0 0.000176 0.415744 0.000353 0.017472
0 0.000226 0.818944 0.000451 0.050624
0 0.000286 0.816256 0.000572 0.049728
0 0.000347 0.815360 0.000695 0.050624
0 0.000409 0.814016 0.000818 0.047488
0 0.000472 0.814016 0.000943 0.049280
0 0.000534 0.812672 0.001067 0.051072
0 0.000375 0.752192 0.000751 0.049280
0 0.000438 0.752640 0.000876 0.051968
0 0.000501 0.758016 0.001002 0.053312
0 0.000280 0.623168 0.000561 0.021056
0 0.000269 0.639296 0.000538 0.021952
0 0.000257 0.621376 0.000514 0.022400
0 0.000246 0.639296 0.000492 0.023744
0 0.000175 0.451136 0.000350 0.014784
0 0.000167 0.448448 0.000335 0.017024
0 0.000158 0.451584 0.000316 0.014784
0 0.000168 0.412160 0.000336 0.016576
0 0.000158 0.416192 0.000317 0.017024
0 0.000151 0.412160 0.000301 0.016576
0 0.000151 0.448448 0.000301 0.016576
0 0.000141 0.416640 0.000283 0.017024
0 0.000141 0.453376 0.000282 0.016128
0 0.000133 0.448896 0.000266 0.016576
0 0.000134 0.412608 0.000267 0.017024
0 0.000124 0.417536 0.000247 0.017024
0 0.000116 0.413056 0.000233 0.016576
0 0.000107 0.417536 0.000214 0.016576
0 0.000124 0.453824 0.000248 0.016576
0 0.000115 0.452480 0.000231 0.018368
0 0.000107 0.454272 0.000213 0.016576
0 0.000178 0.641088 0.000355 0.022400
0 0.000223 0.639296 0.000446 0.022400
0 0.000267 0.211008 0.000534 0.047936
