0 0.012168 0.571648 0.020307 0.006720
0 0.000379 0.361536 0.000757 0.016128
0 0.012821 0.439488 0.023465 0.004928
0 0.012822 0.435904 0.023463 0.003584
0 0.012821 0.422912 0.023465 0.004928
0 0.012786 0.448448 0.023534 0.004480
0 0.000372 0.224000 0.000744 0.016128
0 0.000372 0.244160 0.000745 0.015680
0 0.000375 0.283136 0.000750 0.017472
0 0.000375 0.302848 0.000751 0.016576
0 0.000377 0.341824 0.000755 0.017920
0 0.000380 0.380800 0.000759 0.017024
0 0.000327 0.391104 0.000654 0.016576
0 0.000379 0.400064 0.000759 0.015680
0 0.000381 0.420224 0.000761 0.015232
0 0.000382 0.439936 0.000765 0.018368
0 0.000382 0.458752 0.000765 0.017472
0 0.000384 0.498624 0.000768 0.015680
0 0.000325 0.499520 0.000651 0.015680
0 0.000329 0.469504 0.000658 0.016128
0 0.000324 0.460544 0.000647 0.012544
0 0.000323 0.440832 0.000645 0.015680
0 0.012822 0.443072 0.023463 0.004480
0 0.012822 0.448000 0.023464 0.004928
0 0.012822 0.451136 0.023463 0.005824
0 0.012835 0.469952 0.023437 0.008064
0 0.000123 0.690368 0.000247 0.011648
0 0.000130 0.682752 0.000261 0.012096
0 0.000123 0.675584 0.000246 0.012096
0 0.000130 0.668864 0.000260 0.011648
0 0.000123 0.661248 0.000246 0.012544
0 0.000121 0.646912 0.000243 0.011648
0 0.000122 0.632128 0.000244 0.011200
0 0.000085 0.808192 0.000170 0.012096
0 0.000085 0.793408 0.000169 0.012096
0 0.000085 0.778624 0.000170 0.012992
0 0.000085 0.763840 0.000169 0.011648
0 0.000085 0.749952 0.000170 0.012096
0 0.000084 0.734720 0.000168 0.012544
0 0.000084 0.720384 0.000169 0.011200
0 0.000085 0.705600 0.000170 0.012544
0 0.000084 0.691264 0.000169 0.011200
0 0.000084 0.676480 0.000168 0.011648
0 0.000085 0.661696 0.000169 0.011648
0 0.000083 0.646464 0.000166 0.011648
0 0.000328 0.410368 0.000656 0.017024
0 0.000320 0.381696 0.000641 0.015680
0 0.012199 0.562240 0.020244 0.003136
0 0.012493 0.176512 0.024121 0.006720
0 0.012479 0.219968 0.024149 0.006272
0 0.012495 0.215040 0.024117 0.006720
0 0.012479 0.211008 0.024149 0.006720
0 0.012495 0.205632 0.024118 0.007168
0 0.012479 0.201152 0.024149 0.006720
0 0.012495 0.195776 0.024118 0.006720
0 0.012478 0.191744 0.024150 0.006720
0 0.012494 0.186368 0.024120 0.007168
0 0.012478 0.182336 0.024150 0.007616
0 0.012417 0.150976 0.024274 0.004480
0 0.000320 0.361984 0.000640 0.017024
0 0.012417 0.155008 0.024273 0.004032
0 0.012417 0.159040 0.024272 0.004480
0 0.012418 0.163072 0.024272 0.004032
0 0.012418 0.167104 0.024271 0.004032
0 0.012418 0.171136 0.024271 0.004032
0 0.012418 0.175616 0.024271 0.004480
0 0.012419 0.179200 0.024268 0.004928
0 0.012419 0.183232 0.024268 0.004480
0 0.012420 0.187712 0.024267 0.004928
0 0.012495 0.224448 0.024116 0.006720
0 0.012480 0.229376 0.024148 0.007168
0 0.012496 0.233856 0.024115 0.006720
0 0.012480 0.239232 0.024146 0.008064
0 0.000325 0.352576 0.000650 0.016128
0 0.000322 0.273728 0.000644 0.017024
0 0.000321 0.254016 0.000642 0.016128
0 0.000313 0.206528 0.000626 0.015680
0 0.012498 0.520576 0.024112 0.010752
0 0.012497 0.505792 0.024113 0.009408
0 0.012496 0.476672 0.024115 0.009856
0 0.012495 0.461888 0.024118 0.008512
0 0.012495 0.432768 0.024117 0.011200
0 0.012494 0.418432 0.024119 0.010752
0 0.012494 0.403200 0.024119 0.010752
0 0.012492 0.371840 0.024122 0.009408
0 0.012498 0.284032 0.024111 0.006720
0 0.012498 0.274176 0.024112 0.005824
0 0.012497 0.263424 0.024112 0.006272
0 0.012482 0.258944 0.024144 0.006272
0 0.012497 0.253568 0.024113 0.006720
0 0.012481 0.249088 0.024145 0.006272
0 0.012497 0.243264 0.024114 0.005376
0 0.000130 0.697984 0.000260 0.012096
0 0.000123 0.705152 0.000246 0.011648
0 0.000130 0.712320 0.000260 0.012096
0 0.012632 0.550592 0.023842 0.004928
0 0.012591 0.563136 0.023925 0.005824
0 0.012595 0.557760 0.023917 0.007168
0 0.012591 0.553728 0.023925 0.007168
0 0.012595 0.547904 0.023917 0.005824
0 0.012591 0.543872 0.023926 0.006720
0 0.012594 0.538944 0.023920 0.006720
0 0.012634 0.536256 0.023838 0.006720
0 0.012631 0.541632 0.023845 0.006272
0 0.012635 0.546112 0.023836 0.004928
0 0.012636 0.555520 0.023835 0.006272
0 0.000123 0.719488 0.000246 0.011648
0 0.012635 0.564928 0.023836 0.007616
0 0.012634 0.579264 0.023840 0.004928
0 0.012638 0.584192 0.023831 0.005824
0 0.012634 0.590016 0.023839 0.005824
0 0.012675 0.587328 0.023757 0.006720
0 0.012675 0.577920 0.023758 0.005376
0 0.012674 0.568512 0.023758 0.005376
0 0.012672 0.549248 0.023762 0.004928
0 0.012672 0.530880 0.023763 0.005376
0 0.012596 0.567168 0.023916 0.006272
0 0.012592 0.572544 0.023924 0.006720
0 0.012596 0.577024 0.023915 0.006272
0 0.012593 0.581952 0.023922 0.005824
0 0.000214 0.891072 0.000428 0.011200
0 0.000175 0.913920 0.000350 0.011648
0 0.000175 0.899136 0.000350 0.012096
0 0.000175 0.885696 0.000350 0.012096
0 0.000175 0.856128 0.000350 0.011648
0 0.000174 0.827456 0.000349 0.011648
0 0.000175 0.784000 0.000350 0.011648
0 0.000175 0.770560 0.000349 0.012096
0 0.000173 0.756672 0.000346 0.012096
0 0.000175 0.742336 0.000349 0.013440
0 0.000174 0.727552 0.000348 0.012544
0 0.000174 0.698880 0.000347 0.012096
0 0.000173 0.684544 0.000346 0.011648
0 0.000173 0.669760 0.000345 0.012096
0 0.000173 0.654976 0.000347 0.011200
0 0.000173 0.639744 0.000345 0.011200
0 0.000173 0.625856 0.000346 0.011200
0 0.012593 0.591808 0.023921 0.007168
0 0.012597 0.585536 0.023913 0.006272
0 0.012670 0.521472 0.023767 0.005824
0 0.012728 0.514304 0.023650 0.006272
0 0.012725 0.518784 0.023657 0.005376
0 0.012844 0.571648 0.023419 0.007616
0 0.012901 0.567168 0.023306 0.008064
0 0.012894 0.560896 0.023320 0.009856
0 0.012893 0.553280 0.023321 0.010304
0 0.012891 0.539840 0.023324 0.012544
0 0.012891 0.530432 0.023325 0.009408
0 0.000136 0.872704 0.000272 0.011648
0 0.000136 0.858368 0.000272 0.012992
0 0.000136 0.843136 0.000271 0.011648
0 0.000136 0.829696 0.000271 0.011648
0 0.000132 0.814912 0.000264 0.011200
0 0.000124 0.807744 0.000248 0.011648
0 0.000124 0.792960 0.000248 0.011200
0 0.000124 0.778176 0.000248 0.011200
0 0.000123 0.763392 0.000246 0.011648
0 0.000131 0.756672 0.000261 0.011200
0 0.000124 0.749504 0.000248 0.012544
0 0.000130 0.741888 0.000260 0.011648
0 0.000125 0.734272 0.000249 0.011648
0 0.000130 0.726656 0.000260 0.012096
0 0.012895 0.575680 0.023318 0.009856
0 0.012837 0.566272 0.023432 0.006720
0 0.012730 0.524160 0.023648 0.006272
0 0.012843 0.557760 0.023420 0.007616
0 0.012726 0.528640 0.023656 0.006272
0 0.012730 0.533568 0.023648 0.006720
0 0.012726 0.538048 0.023655 0.006720
0 0.012727 0.547456 0.023653 0.005376
0 0.012729 0.561792 0.023648 0.007616
0 0.012731 0.571648 0.023646 0.006720
0 0.012732 0.581056 0.023642 0.006720
0 0.012730 0.585536 0.023648 0.006272
0 0.012741 0.589568 0.023626 0.004928
0 0.012775 0.571200 0.023556 0.008512
0 0.012781 0.563136 0.023546 0.007616
0 0.012773 0.542976 0.023561 0.008512
0 0.012779 0.533568 0.023550 0.007616
0 0.012778 0.519232 0.023550 0.006720
0 0.012777 0.490112 0.023553 0.007168
0 0.012839 0.513856 0.023429 0.006720
0 0.012841 0.528640 0.023426 0.007616
0 0.012842 0.542528 0.023424 0.007616
0 0.012835 0.551040 0.023438 0.008960
0 0.012420 0.191296 0.024267 0.004928
0 0.012420 0.195328 0.024268 0.004480
0 0.012419 0.199360 0.024269 0.004480
0 0.012433 0.573440 0.024242 0.005376
0 0.012431 0.537152 0.024244 0.004480
0 0.012431 0.541184 0.024244 0.004032
0 0.012432 0.545216 0.024244 0.004032
0 0.012432 0.549248 0.024243 0.004032
0 0.012432 0.553280 0.024244 0.004480
0 0.012432 0.557312 0.024244 0.004928
0 0.012432 0.561344 0.024243 0.004480
0 0.012432 0.564928 0.024244 0.004928
0 0.012432 0.569408 0.024243 0.004480
0 0.012414 0.523712 0.024278 0.004032
0 0.012429 0.480704 0.024248 0.004480
0 0.012414 0.527296 0.024278 0.004480
0 0.012415 0.531776 0.024278 0.004480
0 0.012415 0.535360 0.024278 0.004480
0 0.012415 0.539392 0.024277 0.004032
0 0.012415 0.543424 0.024277 0.004480
0 0.012416 0.547904 0.024276 0.004480
0 0.012415 0.551936 0.024276 0.004480
0 0.012416 0.555968 0.024276 0.004480
0 0.012416 0.560000 0.024276 0.004928
0 0.012431 0.533120 0.024245 0.004480
0 0.012431 0.529088 0.024246 0.004480
0 0.012430 0.525056 0.024246 0.004480
0 0.012414 0.519680 0.024279 0.004032
0 0.012412 0.475328 0.024282 0.004480
0 0.012413 0.479360 0.024281 0.004480
0 0.012413 0.483392 0.024280 0.004480
0 0.012413 0.487424 0.024281 0.004480
0 0.012430 0.488768 0.024247 0.004480
0 0.012430 0.492800 0.024247 0.004480
0 0.012430 0.497280 0.024247 0.004032
0 0.012430 0.501312 0.024248 0.004032
0 0.012430 0.504896 0.024248 0.003584
0 0.012430 0.508928 0.024247 0.004480
0 0.012430 0.512960 0.024246 0.004032
0 0.012431 0.516992 0.024246 0.004480
0 0.012431 0.521024 0.024246 0.004480
0 0.012414 0.495040 0.024279 0.004928
0 0.012414 0.499520 0.024279 0.004480
0 0.012414 0.503552 0.024280 0.004032
0 0.012414 0.507584 0.024280 0.004928
0 0.012414 0.511168 0.024278 0.004928
0 0.012414 0.515648 0.024279 0.003584
0 0.012416 0.563584 0.024276 0.005376
0 0.012416 0.567616 0.024276 0.004928
0 0.012416 0.571648 0.024275 0.004480
0 0.000104 0.418880 0.000209 0.013888
0 0.000105 0.403648 0.000209 0.012544
0 0.000088 0.397376 0.000175 0.012096
0 0.000104 0.389760 0.000208 0.012096
0 0.000086 0.383040 0.000173 0.011648
0 0.000104 0.374976 0.000207 0.012544
0 0.000087 0.368256 0.000174 0.011648
0 0.000103 0.360192 0.000205 0.011648
0 0.000087 0.353920 0.000174 0.012096
0 0.000085 0.338688 0.000171 0.012544
0 0.000086 0.323904 0.000172 0.012992
0 0.000103 0.331072 0.000206 0.011648
0 0.000102 0.316288 0.000204 0.012096
0 0.000085 0.309568 0.000169 0.011648
0 0.000102 0.301504 0.000205 0.011648
0 0.000085 0.294784 0.000169 0.012544
0 0.000101 0.286720 0.000203 0.011648
0 0.000084 0.280448 0.000168 0.012096
0 0.000102 0.272384 0.000203 0.012544
0 0.000101 0.257600 0.000202 0.011200
0 0.000088 0.412160 0.000176 0.011648
0 0.000089 0.426944 0.000178 0.011200
0 0.012433 0.577920 0.024242 0.004928
0 0.000105 0.433216 0.000211 0.011200
0 0.012417 0.575680 0.024274 0.004480
0 0.000092 0.572992 0.000183 0.011648
0 0.000110 0.579712 0.000220 0.012096
0 0.000110 0.564928 0.000219 0.011648
0 0.000093 0.558208 0.000186 0.011648
0 0.000109 0.550592 0.000218 0.011200
0 0.000092 0.543872 0.000185 0.011648
0 0.000110 0.536256 0.000219 0.012992
0 0.000108 0.521472 0.000216 0.012992
0 0.000109 0.505344 0.000217 0.012544
0 0.000092 0.499968 0.000184 0.012544
0 0.000108 0.491456 0.000215 0.011648
0 0.000091 0.485184 0.000182 0.012992
0 0.000108 0.477568 0.000216 0.012096
0 0.000090 0.470848 0.000181 0.012992
0 0.000106 0.462336 0.000212 0.011648
0 0.000090 0.455616 0.000179 0.012544
0 0.000106 0.448000 0.000212 0.011648
0 0.000090 0.441280 0.000179 0.012544
0 0.012429 0.484736 0.024248 0.004480
0 0.012413 0.471296 0.024282 0.004032
0 0.012421 0.203392 0.024266 0.004480
0 0.012425 0.348096 0.024257 0.005376
0 0.012424 0.311808 0.024260 0.004480
0 0.012424 0.316288 0.024260 0.004928
0 0.012424 0.320320 0.024260 0.004480
0 0.012424 0.323904 0.024259 0.004480
0 0.012424 0.327936 0.024259 0.004480
0 0.012424 0.332416 0.024259 0.004928
0 0.012425 0.336448 0.024258 0.004928
0 0.012425 0.340032 0.024258 0.005824
0 0.012425 0.344064 0.024257 0.004032
0 0.012425 0.352576 0.024257 0.004480
0 0.012413 0.467264 0.024281 0.004480
0 0.012425 0.356608 0.024257 0.004928
0 0.012426 0.360640 0.024256 0.005376
0 0.012425 0.364672 0.024257 0.005824
0 0.012426 0.369152 0.024256 0.006272
0 0.012426 0.372736 0.024256 0.005376
0 0.012426 0.376768 0.024256 0.004928
0 0.012426 0.380352 0.024255 0.004480
0 0.012426 0.384832 0.024255 0.004480
0 0.012426 0.388864 0.024255 0.004480
0 0.012424 0.307776 0.024260 0.004480
0 0.012424 0.304192 0.024260 0.004032
0 0.012423 0.300160 0.024260 0.004480
0 0.012423 0.295680 0.024261 0.004480
0 0.012420 0.207424 0.024267 0.004480
0 0.012420 0.211456 0.024266 0.004480
0 0.012421 0.215488 0.024266 0.004928
0 0.012421 0.219520 0.024266 0.004032
0 0.012421 0.223552 0.024265 0.004480
0 0.012421 0.227584 0.024266 0.004928
0 0.012422 0.231616 0.024264 0.004480
0 0.012421 0.235648 0.024264 0.004480
0 0.012422 0.240128 0.024263 0.004032
0 0.012421 0.244160 0.024264 0.005824
0 0.012421 0.247744 0.024265 0.004480
0 0.012423 0.259840 0.024262 0.004480
0 0.012423 0.263872 0.024262 0.004928
0 0.012423 0.267904 0.024261 0.004480
0 0.012423 0.271936 0.024262 0.004928
0 0.012423 0.275968 0.024262 0.004480
0 0.012423 0.280000 0.024262 0.004480
0 0.012423 0.284032 0.024261 0.003584
0 0.012423 0.292096 0.024261 0.003584
0 0.012427 0.392896 0.024254 0.004480
0 0.012427 0.396928 0.024254 0.004480
0 0.012427 0.400512 0.024253 0.004928
0 0.012412 0.427392 0.024283 0.004032
0 0.012412 0.435456 0.024283 0.004032
0 0.012411 0.439040 0.024284 0.004480
0 0.012412 0.443072 0.024283 0.004928
0 0.012412 0.447104 0.024283 0.004480
0 0.012412 0.451136 0.024283 0.004480
0 0.012412 0.455616 0.024283 0.004480
0 0.012412 0.459648 0.024282 0.004928
0 0.012428 0.428736 0.024252 0.004480
0 0.012428 0.432768 0.024250 0.004928
0 0.012428 0.436800 0.024250 0.004928
0 0.012428 0.440832 0.024250 0.004480
0 0.012429 0.444416 0.024249 0.004480
0 0.012429 0.448448 0.024249 0.004032
0 0.012429 0.452928 0.024249 0.004480
0 0.012429 0.456960 0.024249 0.004032
0 0.012429 0.460544 0.024249 0.004032
0 0.012429 0.465024 0.024250 0.004480
0 0.012429 0.469056 0.024249 0.004480
0 0.012429 0.473088 0.024249 0.004928
0 0.012412 0.431424 0.024283 0.004480
0 0.012412 0.423360 0.024284 0.004480
0 0.012427 0.404544 0.024254 0.004480
0 0.012411 0.418880 0.024285 0.005376
0 0.012427 0.408576 0.024254 0.004928
0 0.012427 0.412608 0.024254 0.004480
0 0.012427 0.417088 0.024252 0.004032
0 0.012428 0.420672 0.024251 0.004032
0 0.012409 0.354368 0.024289 0.005824
0 0.012409 0.358848 0.024289 0.004480
0 0.012409 0.362880 0.024289 0.004032
0 0.012410 0.366912 0.024287 0.004480
0 0.012410 0.374976 0.024286 0.004480
0 0.012410 0.379456 0.024287 0.004480
0 0.012410 0.383040 0.024287 0.004480
0 0.012410 0.386624 0.024286 0.004928
0 0.012411 0.391104 0.024286 0.004480
0 0.012411 0.395136 0.024286 0.004480
0 0.012411 0.399168 0.024285 0.004480
0 0.012411 0.403200 0.024284 0.004928
0 0.012411 0.407680 0.024285 0.004480
0 0.012411 0.411712 0.024284 0.004032
0 0.012411 0.415296 0.024285 0.004032
0 0.000214 0.869120 0.000428 0.012544
0 0.000230 0.861504 0.000460 0.011648
0 0.000229 0.847168 0.000457 0.011648
0 0.012165 0.735168 0.020313 0.002688
0 0.012124 0.710080 0.020396 0.002688
0 0.012122 0.713664 0.020398 0.003136
0 0.012123 0.722176 0.020398 0.003136
0 0.012163 0.706496 0.020318 0.002688
0 0.012163 0.709632 0.020316 0.002688
0 0.012164 0.719488 0.020314 0.002688
0 0.012164 0.725760 0.020314 0.002688
0 0.012165 0.728896 0.020313 0.002240
0 0.012165 0.732032 0.020313 0.002688
0 0.012165 0.738752 0.020312 0.002688
0 0.012160 0.664384 0.020324 0.002240
0 0.012165 0.741888 0.020312 0.002688
0 0.012166 0.745024 0.020311 0.002688
0 0.012166 0.748608 0.020310 0.002240
0 0.012166 0.752192 0.020310 0.002688
0 0.012141 0.734272 0.020361 0.002688
0 0.012148 0.733824 0.020346 0.003136
0 0.012148 0.743680 0.020347 0.002688
0 0.012148 0.739648 0.020347 0.002688
0 0.012142 0.740544 0.020359 0.003136
0 0.012123 0.706496 0.020397 0.003136
0 0.012123 0.702912 0.020398 0.002688
0 0.012121 0.698880 0.020401 0.002688
0 0.012146 0.717696 0.020350 0.002688
0 0.012162 0.671552 0.020319 0.002240
0 0.012161 0.675584 0.020322 0.003584
0 0.012135 0.673344 0.020373 0.003136
0 0.012144 0.672896 0.020356 0.002240
0 0.012119 0.663040 0.020405 0.003136
0 0.012120 0.666624 0.020402 0.002240
0 0.012120 0.670656 0.020403 0.002688
0 0.012119 0.674240 0.020405 0.002688
0 0.012120 0.677824 0.020402 0.002688
0 0.012113 0.678720 0.020416 0.003136
0 0.012144 0.676928 0.020356 0.002688
0 0.012157 0.689024 0.020329 0.004928
0 0.012162 0.699776 0.020318 0.002688
0 0.012163 0.702912 0.020318 0.002240
0 0.012145 0.697088 0.020353 0.003136
0 0.012145 0.701120 0.020353 0.002688
0 0.012146 0.705152 0.020351 0.002688
0 0.012115 0.718144 0.020414 0.003136
0 0.012146 0.711424 0.020350 0.003136
0 0.012148 0.746816 0.020346 0.002688
0 0.012117 0.728896 0.020409 0.002688
0 0.012116 0.732480 0.020411 0.003136
0 0.012153 0.796096 0.020338 0.003136
0 0.012144 0.797888 0.020355 0.003136
0 0.012151 0.799232 0.020340 0.004032
0 0.012143 0.801920 0.020356 0.004032
0 0.012149 0.806400 0.020345 0.004032
0 0.012167 0.758016 0.020310 0.002688
0 0.012167 0.761600 0.020308 0.002688
0 0.012167 0.768320 0.020308 0.002240
0 0.012167 0.771456 0.020308 0.002688
0 0.012169 0.777728 0.020305 0.002688
0 0.012162 0.818944 0.020319 0.004928
0 0.012215 0.888384 0.020213 0.006272
0 0.012213 0.885696 0.020218 0.005376
0 0.012209 0.883456 0.020224 0.005376
0 0.012206 0.880768 0.020231 0.006272
0 0.012204 0.878976 0.020235 0.004480
0 0.012200 0.876736 0.020243 0.007168
0 0.012197 0.873600 0.020249 0.005376
0 0.012191 0.869568 0.020261 0.006720
0 0.012189 0.866432 0.020265 0.006272
0 0.012146 0.793856 0.020351 0.003136
0 0.012119 0.783552 0.020405 0.002240
0 0.012116 0.736064 0.020410 0.003584
0 0.012152 0.788480 0.020338 0.002688
0 0.012148 0.749952 0.020347 0.002688
0 0.012149 0.753536 0.020345 0.002688
0 0.012141 0.753984 0.020361 0.003136
0 0.012150 0.758912 0.020343 0.003136
0 0.012150 0.762496 0.020343 0.002688
0 0.012150 0.769216 0.020342 0.002688
0 0.012150 0.772352 0.020342 0.003136
0 0.012144 0.772800 0.020356 0.002688
0 0.012151 0.775936 0.020341 0.002688
0 0.012125 0.754432 0.020393 0.002688
0 0.012118 0.751296 0.020407 0.003136
0 0.012125 0.760704 0.020392 0.003136
0 0.012119 0.765184 0.020405 0.002688
0 0.012125 0.769216 0.020392 0.003136
0 0.012127 0.776384 0.020388 0.002688
0 0.012119 0.773248 0.020405 0.002688
0 0.012151 0.782656 0.020341 0.002688
0 0.012144 0.783104 0.020354 0.002688
0 0.012145 0.789376 0.020354 0.002688
0 0.012161 0.667968 0.020321 0.002688
0 0.012161 0.661248 0.020322 0.002688
0 0.012181 0.859712 0.020280 0.005824
0 0.012199 0.454720 0.020246 0.004480
0 0.012185 0.486080 0.020273 0.004032
0 0.012186 0.482496 0.020272 0.003584
0 0.012204 0.479808 0.020235 0.004480
0 0.012206 0.476672 0.020231 0.004480
0 0.012208 0.473088 0.020227 0.004032
0 0.012190 0.469952 0.020262 0.004928
0 0.012194 0.462336 0.020255 0.004928
0 0.012212 0.466816 0.020218 0.004928
0 0.012196 0.457856 0.020251 0.005376
0 0.012215 0.460544 0.020212 0.004928
0 0.012159 0.657664 0.020324 0.002688
0 0.012220 0.453376 0.020204 0.004928
0 0.012202 0.451584 0.020240 0.004480
0 0.012225 0.448896 0.020193 0.004928
0 0.012207 0.443968 0.020228 0.006720
0 0.012235 0.437696 0.020172 0.004928
0 0.012238 0.434560 0.020167 0.005376
0 0.012243 0.428736 0.020158 0.005376
0 0.012245 0.426496 0.020153 0.004928
0 0.012224 0.424704 0.020194 0.004928
0 0.012202 0.487424 0.020240 0.003584
0 0.012183 0.489664 0.020276 0.003584
0 0.012198 0.494592 0.020246 0.003584
0 0.012182 0.497280 0.020279 0.003584
0 0.012200 0.555520 0.020244 0.002688
0 0.012183 0.560000 0.020277 0.002240
0 0.012183 0.556864 0.020277 0.002688
0 0.012200 0.551936 0.020243 0.002688
0 0.012183 0.552384 0.020277 0.002688
0 0.012182 0.541184 0.020280 0.003136
0 0.012182 0.537600 0.020280 0.002688
0 0.012181 0.534016 0.020280 0.002688
0 0.012181 0.519232 0.020281 0.002688
0 0.012180 0.515648 0.020283 0.002688
0 0.012180 0.512064 0.020284 0.003584
0 0.012197 0.513408 0.020248 0.002688
0 0.012197 0.509376 0.020249 0.003136
0 0.012198 0.505792 0.020247 0.002688
0 0.012181 0.508480 0.020281 0.002240
0 0.012181 0.504896 0.020281 0.002688
0 0.012198 0.502208 0.020247 0.003136
0 0.012181 0.500864 0.020281 0.003136
0 0.012199 0.498624 0.020246 0.004032
0 0.012238 0.374080 0.020168 0.005376
0 0.012244 0.362880 0.020156 0.005824
0 0.012246 0.360192 0.020151 0.006272
0 0.012107 0.608832 0.020428 0.003584
0 0.012108 0.630784 0.020426 0.004032
0 0.012117 0.637056 0.020408 0.003136
0 0.012118 0.641088 0.020407 0.002688
0 0.012119 0.651840 0.020404 0.003136
0 0.012133 0.633024 0.020376 0.002688
0 0.012134 0.637056 0.020375 0.002240
0 0.012135 0.650944 0.020373 0.002688
0 0.012136 0.655424 0.020372 0.002688
0 0.012142 0.654080 0.020358 0.003136
0 0.012143 0.650496 0.020358 0.002688
0 0.012143 0.661696 0.020356 0.002688
0 0.012141 0.644224 0.020362 0.003584
0 0.012141 0.636160 0.020361 0.002688
0 0.012140 0.628992 0.020363 0.003584
0 0.012157 0.634816 0.020329 0.002688
0 0.012159 0.638400 0.020326 0.003136
0 0.012158 0.642432 0.020328 0.002688
0 0.012159 0.649152 0.020326 0.002688
0 0.012159 0.653632 0.020325 0.003136
0 0.012116 0.622720 0.020410 0.003136
0 0.012108 0.601216 0.020428 0.002240
0 0.011062 0.439936 0.018055 0.012096
0 0.012116 0.612864 0.020411 0.002688
0 0.012187 0.393792 0.020268 0.007168
0 0.012203 0.603904 0.020237 0.002688
0 0.012201 0.589568 0.020240 0.002688
0 0.012202 0.585984 0.020239 0.002688
0 0.012201 0.581504 0.020242 0.002688
0 0.012185 0.587776 0.020272 0.002688
0 0.012185 0.591808 0.020272 0.003136
0 0.012186 0.599424 0.020272 0.002688
0 0.012187 0.607040 0.020269 0.002688
0 0.012187 0.610624 0.020268 0.002688
0 0.012155 0.587776 0.020333 0.002688
0 0.012155 0.591360 0.020332 0.002688
0 0.012138 0.584640 0.020367 0.003136
0 0.012130 0.592256 0.020383 0.002688
0 0.012130 0.596288 0.020382 0.002240
0 0.012139 0.610624 0.020365 0.003136
0 0.012138 0.603456 0.020366 0.003136
0 0.012105 0.586432 0.020433 0.003584
0 0.012106 0.594496 0.020432 0.003136
0 0.012183 0.861952 0.020276 0.005376
0 0.012201 0.855232 0.020240 0.005824
0 0.000213 0.839552 0.000425 0.012544
0 0.011974 0.138432 0.020695 0.007616
0 0.011433 0.120960 0.021777 0.004480
0 0.011459 0.136640 0.021726 0.004032
0 0.011905 0.141120 0.020834 0.007616
0 0.011936 0.153664 0.020770 0.006272
0 0.011933 0.150528 0.020778 0.006272
0 0.011929 0.146944 0.020785 0.005376
0 0.011922 0.151872 0.020799 0.006720
0 0.011984 0.146048 0.020675 0.005824
0 0.011977 0.141568 0.020689 0.006720
0 0.011982 0.112896 0.020678 0.005824
0 0.011906 0.244160 0.020831 0.004928
0 0.011987 0.107072 0.020669 0.006720
0 0.011999 0.054208 0.020644 0.004480
0 0.011997 0.057792 0.020648 0.006720
0 0.011995 0.059584 0.020654 0.005376
0 0.011989 0.064512 0.020664 0.005376
0 0.011987 0.066752 0.020670 0.005824
0 0.011978 0.064064 0.020687 0.005376
0 0.011964 0.067648 0.020715 0.005824
0 0.011961 0.069888 0.020721 0.005824
0 0.010293 0.150528 0.019592 0.006720
0 0.011388 0.130816 0.021866 0.004928
0 0.011640 0.257152 0.021363 0.006720
0 0.011838 0.270144 0.020968 0.006720
0 0.011901 0.249536 0.020840 0.005376
0 0.011899 0.251776 0.020846 0.005376
0 0.011897 0.254464 0.020849 0.005376
0 0.011891 0.260288 0.020860 0.004928
0 0.011890 0.263424 0.020863 0.004928
0 0.011887 0.265216 0.020868 0.005376
0 0.011884 0.267904 0.020875 0.005824
0 0.011880 0.272384 0.020884 0.004928
0 0.011877 0.275520 0.020888 0.005376
0 0.011876 0.278208 0.020891 0.005376
0 0.011878 0.238336 0.020886 0.005376
0 0.011880 0.246400 0.020883 0.007168
0 0.011876 0.251776 0.020891 0.005376
0 0.011869 0.247296 0.020904 0.005376
0 0.011867 0.250432 0.020908 0.005376
0 0.011874 0.254912 0.020896 0.005376
0 0.011867 0.260288 0.020908 0.005376
0 0.011859 0.269248 0.020925 0.005376
0 0.011850 0.281792 0.020943 0.006720
0 0.011899 0.058240 0.020844 0.006272
0 0.011897 0.060480 0.020849 0.006272
0 0.011895 0.063168 0.020853 0.005824
0 0.000213 0.664384 0.000426 0.012096
0 0.000213 0.678720 0.000427 0.012544
0 0.000228 0.686336 0.000457 0.012992
0 0.000212 0.693504 0.000424 0.012992
0 0.000229 0.699328 0.000457 0.011648
0 0.000229 0.714112 0.000458 0.011648
0 0.000229 0.729344 0.000458 0.012096
0 0.000229 0.743680 0.000458 0.011200
0 0.000212 0.737408 0.000425 0.012096
0 0.000212 0.752192 0.000425 0.012992
0 0.000229 0.758464 0.000458 0.012096
0 0.000212 0.766976 0.000425 0.011648
0 0.000229 0.773696 0.000458 0.012544
0 0.000213 0.781312 0.000426 0.011200
0 0.000229 0.787584 0.000459 0.012544
0 0.000213 0.795648 0.000427 0.012096
0 0.000214 0.810432 0.000427 0.011648
0 0.000229 0.817152 0.000458 0.011648
0 0.000213 0.825216 0.000426 0.012096
0 0.000229 0.832384 0.000458 0.011200
0 0.000229 0.671104 0.000457 0.012992
0 0.000212 0.649600 0.000423 0.012544
0 0.011893 0.066304 0.020857 0.005376
0 0.000228 0.641536 0.000456 0.012544
0 0.011899 0.051072 0.020844 0.005824
0 0.011897 0.053760 0.020850 0.006720
0 0.011894 0.056448 0.020854 0.005376
0 0.011892 0.060032 0.020859 0.004928
0 0.011889 0.063168 0.020864 0.006720
0 0.011886 0.065408 0.020871 0.006272
0 0.011910 0.068096 0.020823 0.004928
0 0.011900 0.079296 0.020843 0.003584
0 0.011882 0.084672 0.020878 0.004928
0 0.011876 0.079296 0.020890 0.005824
0 0.011873 0.073920 0.020898 0.006272
0 0.011869 0.060928 0.020904 0.003136
0 0.011831 0.060928 0.020981 0.003584
0 0.011816 0.094976 0.021012 0.006272
0 0.011808 0.094528 0.021027 0.006272
0 0.011626 0.064064 0.021390 0.006272
0 0.000212 0.620480 0.000424 0.012992
0 0.000228 0.626752 0.000456 0.012096
0 0.000213 0.634816 0.000426 0.013440
0 0.011904 0.246848 0.020834 0.004928
0 0.011908 0.241472 0.020827 0.005376
0 0.012209 0.861056 0.020225 0.006272
0 0.011979 0.415744 0.020685 0.006720
0 0.011992 0.435456 0.020659 0.006272
0 0.011989 0.432768 0.020664 0.005376
0 0.011986 0.430976 0.020671 0.005824
0 0.011990 0.426048 0.020663 0.004928
0 0.011988 0.423360 0.020667 0.005376
0 0.011985 0.420224 0.020673 0.006272
0 0.011980 0.425600 0.020682 0.006272
0 0.011977 0.423808 0.020689 0.006272
0 0.011982 0.417536 0.020679 0.006272
0 0.011967 0.438144 0.020708 0.006720
0 0.011899 0.225344 0.020845 0.005376
0 0.011965 0.435456 0.020712 0.006720
0 0.011959 0.430976 0.020724 0.005376
0 0.011962 0.433216 0.020719 0.005824
0 0.011972 0.417984 0.020699 0.004928
0 0.011976 0.413504 0.020691 0.005824
0 0.011973 0.411264 0.020696 0.005376
0 0.011969 0.415744 0.020704 0.005824
0 0.011966 0.414400 0.020711 0.005824
0 0.011970 0.409024 0.020702 0.006272
0 0.011995 0.438144 0.020654 0.005824
0 0.011979 0.447552 0.020686 0.006272
0 0.011982 0.450688 0.020680 0.006720
0 0.011990 0.401856 0.020663 0.005824
0 0.012214 0.866880 0.020214 0.006272
0 0.012217 0.869120 0.020209 0.006272
0 0.012220 0.871808 0.020203 0.006272
0 0.012223 0.874048 0.020197 0.006272
0 0.012225 0.876736 0.020192 0.006720
0 0.011996 0.461440 0.020650 0.008064
0 0.011993 0.460096 0.020657 0.006720
0 0.011986 0.455168 0.020670 0.006272
0 0.011999 0.431872 0.020644 0.007168
0 0.011997 0.430080 0.020649 0.006720
0 0.012023 0.423808 0.020597 0.006720
0 0.012035 0.411264 0.020574 0.005376
0 0.012013 0.420224 0.020616 0.006272
0 0.012010 0.417984 0.020622 0.006272
0 0.012007 0.416192 0.020630 0.006272
0 0.012001 0.411712 0.020641 0.006720
0 0.011998 0.409472 0.020647 0.006272
0 0.011996 0.406784 0.020652 0.005824
0 0.011992 0.404096 0.020658 0.006272
0 0.011969 0.406336 0.020706 0.005824
0 0.011963 0.412160 0.020718 0.007168
0 0.011961 0.408576 0.020722 0.004928
0 0.011950 0.392000 0.020743 0.006272
0 0.011945 0.387072 0.020753 0.005376
0 0.011942 0.384832 0.020758 0.005824
0 0.011939 0.383040 0.020764 0.006272
0 0.011937 0.380352 0.020770 0.006272
0 0.011934 0.377216 0.020775 0.005824
0 0.011932 0.374080 0.020780 0.006272
0 0.011946 0.363328 0.020750 0.004928
0 0.011921 0.370048 0.020800 0.005376
0 0.011925 0.402304 0.020792 0.005824
0 0.011919 0.410816 0.020806 0.005376
0 0.011916 0.394688 0.020810 0.005376
0 0.011914 0.392896 0.020816 0.004928
0 0.011907 0.388416 0.020829 0.005824
0 0.011905 0.385280 0.020833 0.005824
0 0.011901 0.361536 0.020841 0.005824
0 0.011872 0.378112 0.020899 0.003584
0 0.011885 0.240576 0.020873 0.005376
0 0.011889 0.238784 0.020864 0.005376
0 0.011893 0.232960 0.020857 0.005376
0 0.011948 0.390208 0.020747 0.007616
0 0.011927 0.379904 0.020789 0.004928
0 0.011962 0.401408 0.020719 0.006272
0 0.011929 0.382144 0.020785 0.005824
0 0.011957 0.406784 0.020729 0.005824
0 0.011956 0.428736 0.020730 0.004480
0 0.011953 0.425600 0.020736 0.005376
0 0.011950 0.424256 0.020743 0.006720
0 0.011947 0.421568 0.020749 0.005824
0 0.011944 0.419328 0.020755 0.006272
0 0.011941 0.417536 0.020761 0.005376
0 0.011939 0.414400 0.020765 0.005376
0 0.011935 0.412608 0.020772 0.004928
0 0.011933 0.409472 0.020777 0.005824
0 0.011930 0.407232 0.020783 0.006272
0 0.011974 0.389312 0.020695 0.005376
0 0.011952 0.401856 0.020739 0.005376
0 0.011948 0.400064 0.020747 0.005376
0 0.011946 0.396928 0.020751 0.004928
0 0.011943 0.394688 0.020756 0.005376
0 0.011938 0.390208 0.020768 0.005376
0 0.011935 0.387968 0.020774 0.005376
0 0.011931 0.385728 0.020781 0.006720
0 0.000084 0.266112 0.000169 0.012544
