0 0.000082 0.514304 0.000163 0.007616
0 0.000256 0.506688 0.000511 0.020608
0 0.000159 0.380800 0.000319 0.017920
0 0.000160 0.400512 0.000321 0.017472
0 0.000160 0.419776 0.000320 0.017472
0 0.000161 0.439488 0.000323 0.017920
0 0.000162 0.458304 0.000325 0.017024
0 0.000163 0.478016 0.000327 0.017472
0 0.000164 0.496832 0.000328 0.017472
0 0.000254 0.486528 0.000507 0.018816
0 0.013164 0.093184 0.022779 0.002240
0 0.000253 0.466368 0.000505 0.018368
0 0.000254 0.446656 0.000507 0.020160
0 0.000252 0.426496 0.000503 0.018368
0 0.000250 0.406336 0.000500 0.018368
0 0.000250 0.385728 0.000501 0.019712
0 0.000249 0.366016 0.000499 0.019712
0 0.000250 0.346752 0.000501 0.020608
0 0.013164 0.095424 0.022779 0.002688
0 0.013164 0.090496 0.022780 0.002688
0 0.000669 0.354368 0.001338 0.015232
0 0.013164 0.066752 0.022779 0.002240
0 0.013160 0.050176 0.022787 0.002688
0 0.013161 0.052416 0.022786 0.002240
0 0.013160 0.055104 0.022787 0.002240
0 0.013161 0.057344 0.022785 0.002688
0 0.013161 0.059584 0.022784 0.003136
0 0.013162 0.061824 0.022784 0.002240
0 0.013163 0.064960 0.022781 0.002240
0 0.013163 0.069440 0.022781 0.002688
0 0.013164 0.088704 0.022780 0.002240
0 0.013163 0.071680 0.022782 0.002240
0 0.013163 0.073920 0.022782 0.002688
0 0.013162 0.076608 0.022783 0.002688
0 0.013162 0.078848 0.022783 0.002240
0 0.013163 0.081088 0.022781 0.002240
0 0.013163 0.083776 0.022781 0.002240
0 0.013163 0.086016 0.022780 0.002240
0 0.000668 0.337344 0.001335 0.015680
0 0.000669 0.371840 0.001339 0.015680
0 0.013161 0.045696 0.022786 0.001792
0 0.000488 0.383040 0.000977 0.019264
0 0.000407 0.418880 0.000814 0.018368
0 0.000406 0.378560 0.000811 0.019264
0 0.000405 0.358400 0.000809 0.018816
0 0.000403 0.338240 0.000807 0.018816
0 0.012692 0.359296 0.023722 0.006720
0 0.000486 0.343168 0.000973 0.018816
0 0.000489 0.363328 0.000977 0.020608
0 0.000489 0.402752 0.000977 0.018816
0 0.000409 0.480704 0.000818 0.019264
0 0.000489 0.422912 0.000978 0.018368
0 0.000490 0.442624 0.000980 0.018368
0 0.000491 0.462336 0.000982 0.018816
0 0.000491 0.482496 0.000982 0.018816
0 0.000492 0.502656 0.000984 0.020160
0 0.000520 0.491904 0.001040 0.018368
0 0.000520 0.472192 0.001040 0.019264
0 0.000408 0.460544 0.000815 0.018816
0 0.000410 0.501760 0.000820 0.019712
0 0.000653 0.363328 0.001305 0.015680
0 0.012963 0.590016 0.023181 0.007168
0 0.000681 0.405440 0.001361 0.017472
0 0.000672 0.422912 0.001344 0.015680
0 0.012969 0.520576 0.023170 0.010304
0 0.012931 0.575232 0.023245 0.006720
0 0.012949 0.575232 0.023209 0.007168
0 0.012954 0.574784 0.023200 0.007168
0 0.012959 0.590016 0.023189 0.007616
0 0.000625 0.517888 0.001249 0.018368
0 0.000375 0.491904 0.000750 0.018816
0 0.000371 0.348096 0.000742 0.018816
0 0.000371 0.368704 0.000742 0.018368
0 0.000372 0.389312 0.000744 0.019264
0 0.000373 0.410368 0.000747 0.020160
0 0.000372 0.430080 0.000745 0.018368
0 0.000374 0.450688 0.000747 0.019264
0 0.000374 0.470848 0.000748 0.018816
0 0.013161 0.047488 0.022785 0.002240
0 0.013161 0.042560 0.022786 0.002240
0 0.000290 0.456960 0.000580 0.018816
0 0.013086 0.056000 0.022936 0.002240
0 0.000580 0.180096 0.001161 0.025088
0 0.000582 0.205632 0.001164 0.024192
0 0.000711 0.182784 0.001423 0.025088
0 0.000708 0.080192 0.001415 0.025536
0 0.000879 0.231168 0.001757 0.025984
0 0.013085 0.060928 0.022937 0.003136
0 0.013086 0.058240 0.022936 0.002240
0 0.013085 0.053760 0.022937 0.002240
0 0.000576 0.128576 0.001153 0.024640
0 0.013085 0.051520 0.022937 0.002240
0 0.013084 0.049280 0.022938 0.002240
0 0.013085 0.047040 0.022937 0.002240
0 0.013085 0.044800 0.022938 0.002688
0 0.013085 0.042560 0.022938 0.002240
0 0.013084 0.040320 0.022939 0.002688
0 0.013084 0.038080 0.022940 0.002688
0 0.000580 0.154112 0.001159 0.024192
0 0.000575 0.103040 0.001151 0.024640
0 0.013084 0.033600 0.022940 0.003136
0 0.000311 0.103040 0.000622 0.025088
0 0.000207 0.110208 0.000413 0.025088
0 0.000208 0.136192 0.000415 0.023744
0 0.000208 0.161280 0.000416 0.023296
0 0.000209 0.187712 0.000419 0.025088
0 0.000211 0.213248 0.000421 0.024192
0 0.000212 0.238784 0.000424 0.024192
0 0.000310 0.077056 0.000619 0.025536
0 0.000311 0.128128 0.000622 0.025984
0 0.000340 0.088704 0.000679 0.024640
0 0.000313 0.153216 0.000626 0.025088
0 0.000314 0.179648 0.000628 0.025984
0 0.000316 0.204736 0.000631 0.025088
0 0.000314 0.230720 0.000629 0.025088
0 0.000345 0.166208 0.000689 0.025984
0 0.000343 0.140224 0.000686 0.024640
0 0.000342 0.114688 0.000683 0.023744
0 0.013084 0.035840 0.022940 0.002240
0 0.013084 0.031360 0.022940 0.003136
0 0.013161 0.038080 0.022785 0.003584
0 0.013124 0.067648 0.022859 0.002240
0 0.013124 0.047040 0.022860 0.003136
0 0.013124 0.049280 0.022859 0.002240
0 0.013125 0.051520 0.022857 0.001792
0 0.013125 0.053760 0.022858 0.001344
0 0.013124 0.056000 0.022859 0.001792
0 0.013124 0.058240 0.022859 0.001792
0 0.013124 0.060480 0.022859 0.001792
0 0.013125 0.072128 0.022857 0.002688
0 0.013125 0.042560 0.022858 0.002688
0 0.013126 0.074368 0.022855 0.002688
0 0.013126 0.077056 0.022855 0.002688
0 0.013126 0.079296 0.022855 0.003136
0 0.013125 0.081984 0.022856 0.003136
0 0.013160 0.028672 0.022787 0.002688
0 0.013161 0.030912 0.022785 0.002688
0 0.013161 0.033600 0.022785 0.002688
0 0.013123 0.045248 0.022861 0.003584
0 0.013125 0.039872 0.022857 0.002240
0 0.013016 0.044800 0.023075 0.003584
0 0.013049 0.047936 0.023009 0.003584
0 0.013015 0.041664 0.023077 0.003136
0 0.013016 0.038976 0.023075 0.002240
0 0.013016 0.036288 0.023076 0.002240
0 0.013015 0.033600 0.023078 0.003584
0 0.013051 0.055552 0.023005 0.002240
0 0.013051 0.053312 0.023005 0.002688
0 0.013049 0.050624 0.023010 0.002688
0 0.013050 0.045248 0.023007 0.002688
0 0.013125 0.037184 0.022857 0.002240
0 0.013050 0.043008 0.023007 0.003136
0 0.013050 0.040320 0.023007 0.003136
0 0.013051 0.034944 0.023005 0.002688
0 0.013049 0.032704 0.023009 0.003584
0 0.013123 0.030912 0.022861 0.003584
0 0.013125 0.033152 0.022858 0.002240
0 0.013125 0.034944 0.022857 0.002688
0 0.000291 0.476672 0.000581 0.019264
0 0.013170 0.344512 0.022768 0.006720
0 0.000080 0.504000 0.000161 0.008064
0 0.000748 0.683648 0.001496 0.006720
0 0.000745 0.628096 0.001489 0.006720
0 0.000745 0.636160 0.001490 0.006272
0 0.000745 0.644224 0.001490 0.006720
0 0.000746 0.651840 0.001491 0.006720
0 0.000746 0.659904 0.001493 0.006272
0 0.000747 0.667520 0.001493 0.006720
0 0.000747 0.675584 0.001495 0.006720
0 0.000747 0.691264 0.001494 0.006272
0 0.000734 0.616896 0.001468 0.006720
0 0.000747 0.698880 0.001495 0.006720
0 0.000787 0.694400 0.001574 0.006720
0 0.000787 0.686784 0.001575 0.007168
0 0.000787 0.678720 0.001574 0.006720
0 0.000786 0.671104 0.001573 0.006720
0 0.000786 0.663040 0.001572 0.007168
0 0.000786 0.655424 0.001572 0.006272
0 0.000744 0.620480 0.001488 0.006272
0 0.000735 0.624512 0.001469 0.006720
0 0.000786 0.639296 0.001572 0.007168
0 0.000697 0.692160 0.001394 0.006720
0 0.000696 0.652736 0.001391 0.006720
0 0.000695 0.644672 0.001391 0.006720
0 0.000695 0.637056 0.001391 0.006720
0 0.000694 0.629440 0.001389 0.006272
0 0.000687 0.688128 0.001375 0.006720
0 0.000687 0.696192 0.001375 0.006720
0 0.000698 0.699776 0.001396 0.007168
0 0.000738 0.695296 0.001476 0.006720
0 0.000735 0.632576 0.001471 0.006272
0 0.000738 0.687680 0.001475 0.006720
0 0.000737 0.679616 0.001474 0.006720
0 0.000736 0.671552 0.001472 0.006720
0 0.000736 0.663488 0.001472 0.006720
0 0.000736 0.655872 0.001471 0.006720
0 0.000736 0.648256 0.001472 0.006720
0 0.000736 0.640192 0.001472 0.006720
0 0.000786 0.647360 0.001572 0.006720
0 0.000785 0.631232 0.001569 0.006720
0 0.000696 0.668416 0.001392 0.007168
0 0.000074 0.404096 0.000148 0.011200
0 0.000069 0.259840 0.000139 0.007168
0 0.000068 0.331520 0.000136 0.007616
0 0.000066 0.340480 0.000131 0.007168
0 0.000074 0.358848 0.000149 0.012992
0 0.000073 0.373184 0.000146 0.009856
0 0.000073 0.384384 0.000145 0.008960
0 0.000069 0.394240 0.000138 0.006272
0 0.000074 0.417088 0.000148 0.010752
0 0.000079 0.224448 0.000159 0.020160
0 0.000080 0.432768 0.000160 0.012096
0 0.000074 0.444864 0.000147 0.006272
0 0.000081 0.452928 0.000162 0.007616
0 0.000073 0.463232 0.000145 0.009856
0 0.000078 0.473088 0.000156 0.008064
0 0.000079 0.485632 0.000157 0.007616
0 0.000076 0.495488 0.000152 0.007616
0 0.000081 0.244608 0.000163 0.017920
0 0.000071 0.204736 0.000142 0.019712
0 0.000785 0.624064 0.001570 0.006720
0 0.000796 0.667072 0.001592 0.006720
0 0.000785 0.616000 0.001569 0.007168
0 0.000795 0.620032 0.001589 0.006272
0 0.000795 0.627648 0.001589 0.006272
0 0.000795 0.635264 0.001590 0.006272
0 0.000795 0.643328 0.001590 0.006720
0 0.000796 0.651392 0.001591 0.006720
0 0.000795 0.659008 0.001591 0.006272
0 0.000797 0.682752 0.001593 0.006720
0 0.000070 0.185920 0.000140 0.012992
0 0.000797 0.690368 0.001594 0.006720
0 0.000798 0.698432 0.001596 0.007168
0 0.000059 0.133504 0.000117 0.007168
0 0.000054 0.146048 0.000108 0.006720
0 0.000057 0.154112 0.000113 0.004032
0 0.000054 0.161280 0.000107 0.005824
0 0.000057 0.172928 0.000113 0.012544
0 0.000696 0.660352 0.001391 0.006720
0 0.000687 0.679616 0.001374 0.007168
0 0.013161 0.344512 0.022784 0.007168
0 0.000286 0.830144 0.000572 0.025536
0 0.000256 0.792064 0.000512 0.025088
0 0.000257 0.817152 0.000514 0.025536
0 0.000259 0.843136 0.000518 0.025536
0 0.000262 0.869120 0.000523 0.025088
0 0.000262 0.895552 0.000523 0.024192
0 0.000290 0.882112 0.000581 0.025984
0 0.000289 0.856128 0.000579 0.025984
0 0.000285 0.804160 0.000570 0.025536
0 0.000139 0.753088 0.000278 0.025536
0 0.000282 0.778176 0.000563 0.025088
0 0.000281 0.751744 0.000562 0.025536
0 0.000369 0.763840 0.000737 0.025536
0 0.000370 0.790272 0.000740 0.025088
0 0.000371 0.816704 0.000742 0.025984
0 0.000373 0.842688 0.000746 0.024640
0 0.000373 0.868672 0.000747 0.025536
0 0.000254 0.765184 0.000508 0.025536
0 0.000142 0.779968 0.000284 0.025536
0 0.000401 0.881216 0.000803 0.025984
0 0.000113 0.767424 0.000225 0.024640
0 0.013158 0.344960 0.022792 0.006720
0 0.013155 0.344960 0.022798 0.006272
0 0.013138 0.336448 0.022831 0.003136
0 0.013137 0.333760 0.022832 0.002240
0 0.013067 0.341824 0.022973 0.008960
0 0.001100 0.806848 0.002201 0.015232
0 0.001099 0.817152 0.002198 0.010752
0 0.000117 0.793408 0.000233 0.026880
0 0.000144 0.805504 0.000287 0.025088
0 0.000118 0.819392 0.000236 0.026432
0 0.000120 0.845376 0.000239 0.026432
0 0.000119 0.870912 0.000239 0.024192
0 0.000124 0.896896 0.000248 0.025536
0 0.000150 0.884352 0.000300 0.026880
0 0.000147 0.857920 0.000293 0.024640
0 0.000145 0.831488 0.000290 0.026880
0 0.000373 0.894656 0.000746 0.025088
0 0.000400 0.855232 0.000800 0.025088
0 0.000686 0.672448 0.001372 0.006272
0 0.000799 0.769216 0.001597 0.007616
0 0.000607 0.891968 0.001214 0.024192
0 0.000633 0.879424 0.001266 0.024640
0 0.000632 0.853440 0.001264 0.025536
0 0.000630 0.827008 0.001261 0.025984
0 0.000627 0.801472 0.001255 0.025536
0 0.000626 0.775488 0.001251 0.025088
0 0.000625 0.749056 0.001249 0.025088
0 0.000801 0.758912 0.001603 0.007616
0 0.000603 0.840448 0.001206 0.025088
0 0.000801 0.751744 0.001603 0.007616
0 0.000741 0.877632 0.001482 0.024192
0 0.000955 0.851648 0.001911 0.025088
0 0.000636 0.650496 0.001272 0.006720
0 0.000686 0.633472 0.001371 0.006720
0 0.000686 0.656768 0.001373 0.006720
0 0.000686 0.664384 0.001373 0.007168
0 0.000605 0.866432 0.001211 0.025536
0 0.000601 0.814464 0.001202 0.025088
0 0.000399 0.828800 0.000797 0.024640
0 0.000486 0.867328 0.000972 0.025088
0 0.000397 0.803264 0.000794 0.025088
0 0.000397 0.777280 0.000794 0.025536
0 0.000397 0.750848 0.000794 0.025984
0 0.000483 0.763392 0.000966 0.025536
0 0.000484 0.789376 0.000968 0.024640
0 0.000485 0.815360 0.000969 0.025088
0 0.000486 0.841344 0.000971 0.024640
0 0.000488 0.892864 0.000975 0.024192
0 0.000599 0.788480 0.001198 0.025088
0 0.000514 0.879872 0.001029 0.024640
0 0.000513 0.853888 0.001027 0.025088
0 0.000514 0.827904 0.001028 0.025088
0 0.000512 0.801920 0.001023 0.024640
0 0.000510 0.775936 0.001021 0.025536
0 0.000510 0.749952 0.001020 0.025088
0 0.000599 0.762048 0.001198 0.026880
0 0.000206 0.084672 0.000412 0.024640
