0 0.009009 0.979776 0.017696 0.038976
0 0.000251 0.770560 0.000502 0.009856
0 0.000472 0.700672 0.000944 0.022400
0 0.000473 0.726208 0.000947 0.024192
0 0.000474 0.775488 0.000948 0.022400
0 0.000387 0.741888 0.000774 0.010304
0 0.000387 0.754432 0.000774 0.009856
0 0.000387 0.767872 0.000774 0.009856
0 0.000261 0.777280 0.000522 0.009856
0 0.000262 0.764288 0.000523 0.010304
0 0.000250 0.706944 0.000500 0.010304
0 0.000250 0.758016 0.000500 0.010752
0 0.000262 0.751744 0.000525 0.010304
0 0.000250 0.745024 0.000501 0.009856
0 0.000261 0.738304 0.000522 0.009856
0 0.000250 0.732032 0.000500 0.010752
0 0.000260 0.725760 0.000521 0.010304
0 0.000249 0.719040 0.000498 0.010304
0 0.000471 0.676928 0.000943 0.022400
0 0.000472 0.651840 0.000943 0.024192
0 0.000550 0.723968 0.001101 0.011648
0 0.000551 0.736512 0.001103 0.012096
0 0.000600 0.769216 0.001200 0.009408
0 0.000590 0.763840 0.001181 0.008960
0 0.000599 0.757120 0.001199 0.009856
0 0.000590 0.750848 0.001180 0.009408
0 0.000600 0.745024 0.001200 0.008960
0 0.000590 0.739200 0.001181 0.008960
0 0.000600 0.732928 0.001200 0.009856
0 0.000591 0.727104 0.001181 0.009408
0 0.000600 0.720384 0.001200 0.009408
0 0.000590 0.714560 0.001181 0.008960
0 0.000600 0.709184 0.001201 0.008960
0 0.000553 0.788032 0.001105 0.011648
0 0.000552 0.775040 0.001105 0.011648
0 0.000552 0.762496 0.001104 0.012096
0 0.000553 0.749504 0.001105 0.012544
0 0.000260 0.713216 0.000521 0.009856
0 0.000260 0.700224 0.000520 0.009856
0 0.000644 0.714112 0.001288 0.012096
0 0.000333 0.391552 0.000666 0.054656
0 0.000529 0.390656 0.001059 0.056896
0 0.000529 0.336000 0.001059 0.053312
0 0.000336 0.556864 0.000672 0.056000
0 0.000334 0.501760 0.000669 0.056000
0 0.000270 0.475328 0.000539 0.054208
0 0.000334 0.446208 0.000668 0.054208
0 0.000268 0.420672 0.000537 0.056000
0 0.000268 0.365120 0.000535 0.055552
0 0.000250 0.693952 0.000499 0.010752
0 0.000335 0.336896 0.000670 0.052416
0 0.000268 0.310016 0.000536 0.055552
0 0.000337 0.280896 0.000674 0.055552
0 0.000270 0.254912 0.000540 0.055552
0 0.000268 0.197120 0.000535 0.055104
0 0.000335 0.224896 0.000669 0.054656
0 0.000335 0.170688 0.000670 0.053760
0 0.000601 0.417088 0.001203 0.055552
0 0.000529 0.445760 0.001058 0.054656
0 0.000600 0.470848 0.001201 0.055552
0 0.000528 0.500416 0.001055 0.055104
0 0.000260 0.687232 0.000521 0.010752
0 0.000249 0.680960 0.000498 0.010304
0 0.000260 0.674240 0.000520 0.010304
0 0.000249 0.667968 0.000498 0.009856
0 0.000260 0.661248 0.000520 0.010304
0 0.000315 0.776384 0.000630 0.019712
0 0.000314 0.754432 0.000627 0.019264
0 0.000312 0.734272 0.000625 0.018816
0 0.000313 0.713216 0.000626 0.019712
0 0.000313 0.692608 0.000627 0.020608
0 0.000312 0.671552 0.000624 0.019712
0 0.000389 0.627200 0.000779 0.022848
0 0.000390 0.598976 0.000780 0.027776
0 0.000286 0.614208 0.000571 0.023296
0 0.000597 0.525504 0.001194 0.053312
0 0.000600 0.781760 0.001200 0.008960
0 0.000645 0.727552 0.001289 0.012096
0 0.000552 0.814016 0.001103 0.010304
0 0.000346 0.835520 0.000692 0.009856
0 0.000346 0.891520 0.000692 0.009856
0 0.000337 0.896896 0.000674 0.011648
0 0.000345 0.882560 0.000690 0.008064
0 0.000347 0.871360 0.000695 0.010752
0 0.000335 0.874496 0.000669 0.009856
0 0.000346 0.860160 0.000692 0.009856
0 0.000347 0.846720 0.000695 0.011200
0 0.000345 0.821184 0.000690 0.016576
0 0.000874 0.675136 0.001748 0.011200
0 0.000913 0.702016 0.001827 0.006720
0 0.000911 0.684544 0.001822 0.007616
0 0.000910 0.675584 0.001820 0.008064
0 0.000877 0.741888 0.001755 0.011648
0 0.000877 0.728448 0.001753 0.011200
0 0.000877 0.715456 0.001755 0.012096
0 0.000876 0.701568 0.001751 0.011648
0 0.000346 0.902272 0.000693 0.010304
0 0.000401 0.825664 0.000802 0.009856
0 0.000402 0.837312 0.000804 0.009856
0 0.000418 0.819840 0.000837 0.010752
0 0.000554 0.834176 0.001107 0.009856
0 0.000558 0.874944 0.001116 0.011200
0 0.000560 0.904960 0.001120 0.009408
0 0.000533 0.894208 0.001066 0.010304
0 0.000530 0.870016 0.001061 0.010304
0 0.000529 0.857920 0.001058 0.009856
0 0.000528 0.846720 0.001057 0.011648
0 0.000527 0.834176 0.001054 0.012096
0 0.012657 0.908992 0.023792 0.004928
0 0.012657 0.905408 0.023793 0.004480
0 0.012656 0.897792 0.023794 0.005824
0 0.012657 0.857024 0.023792 0.004928
0 0.012656 0.853440 0.023794 0.004480
0 0.012656 0.850304 0.023794 0.004032
0 0.000418 0.831488 0.000836 0.009856
0 0.000875 0.688128 0.001751 0.011648
0 0.000871 0.661696 0.001742 0.011648
0 0.000645 0.740544 0.001290 0.011648
0 0.000660 0.720832 0.001321 0.012544
0 0.000696 0.765184 0.001393 0.007616
0 0.000696 0.755328 0.001392 0.007616
0 0.000699 0.743680 0.001398 0.013440
0 0.000700 0.730240 0.001401 0.012096
0 0.000701 0.716800 0.001402 0.011648
0 0.000701 0.703360 0.001402 0.013440
0 0.000660 0.707392 0.001321 0.013440
0 0.000660 0.733824 0.001319 0.012544
0 0.000830 0.715456 0.001659 0.012544
0 0.000660 0.747264 0.001320 0.012096
0 0.000660 0.760256 0.001320 0.012544
0 0.000660 0.773696 0.001319 0.012096
0 0.000659 0.785792 0.001318 0.012096
0 0.000645 0.779968 0.001289 0.011648
0 0.000644 0.766976 0.001288 0.012096
0 0.000645 0.753536 0.001289 0.011648
0 0.000699 0.785792 0.001398 0.012992
0 0.000751 0.775936 0.001502 0.011200
0 0.000750 0.763840 0.001500 0.010304
0 0.000750 0.753088 0.001500 0.010304
0 0.000829 0.701568 0.001659 0.012096
0 0.000831 0.679616 0.001662 0.009856
0 0.000829 0.666624 0.001657 0.011648
0 0.000829 0.653632 0.001658 0.012096
0 0.000796 0.661696 0.001593 0.011200
0 0.000796 0.675584 0.001592 0.012992
0 0.000795 0.688576 0.001590 0.012096
0 0.000795 0.701568 0.001590 0.012096
0 0.000795 0.714560 0.001590 0.012544
0 0.000745 0.684544 0.001489 0.014784
0 0.000746 0.698880 0.001492 0.012992
0 0.000748 0.712768 0.001495 0.007168
0 0.000747 0.722176 0.001494 0.008064
0 0.000748 0.731584 0.001496 0.008512
0 0.000749 0.741440 0.001498 0.009856
0 0.000907 0.095424 0.001815 0.010752
