0 0.000780 0.858816 0.001560 0.065856
0 0.000824 0.853888 0.001647 0.049728
0 0.000211 0.112448 0.000423 0.045248
0 0.000337 0.265664 0.000674 0.068992
0 0.000472 0.193536 0.000943 0.077952
0 0.000429 0.367360 0.000859 0.045696
0 0.000422 0.412160 0.000844 0.044352
0 0.000185 0.454272 0.000369 0.034496
0 0.000473 0.478016 0.000946 0.044800
0 0.000535 0.502208 0.001069 0.044800
0 0.000525 0.546560 0.001050 0.045248
0 0.000578 0.590912 0.001156 0.046144
0 0.000620 0.644672 0.001240 0.047040
0 0.000668 0.697536 0.001336 0.051968
0 0.000285 0.583744 0.000569 0.045248
0 0.000233 0.628096 0.000465 0.086016
0 0.000699 0.750848 0.001399 0.044352
0 0.000741 0.803264 0.001481 0.041664
0 0.000969 0.795648 0.001939 0.088256
0 0.000282 0.081536 0.000563 0.047936
