0 0.000936 0.790720 0.001871 0.085120
0 0.000696 0.381696 0.001392 0.111104
0 0.000413 0.192192 0.000826 0.094976
0 0.001025 0.914368 0.002051 0.050176
0 0.010251 0.902272 0.019676 0.013440
0 0.010249 0.899136 0.019681 0.012992
0 0.010247 0.896448 0.019685 0.013888
0 0.010131 0.802368 0.019917 0.012544
0 0.010285 0.473536 0.019608 0.012544
0 0.000616 0.449792 0.001231 0.070336
0 0.000560 0.379904 0.001119 0.071232
0 0.000359 0.386624 0.000717 0.010304
0 0.010206 0.377664 0.019767 0.012992
0 0.013686 0.249984 0.026199 0.020160
0 0.000834 0.065408 0.001668 0.051968
0 0.000283 0.088256 0.000566 0.052864
