0 0.010821 0.863296 0.018536 0.029568
0 0.010694 0.539840 0.018791 0.044352
0 0.011116 0.635264 0.017946 0.039424
0 0.011113 0.652736 0.017952 0.033152
0 0.011051 0.595840 0.018077 0.027776
0 0.010904 0.652736 0.018371 0.025984
0 0.010803 0.631680 0.018574 0.042112
0 0.010771 0.642432 0.018636 0.038080
0 0.010753 0.611968 0.018673 0.031808
0 0.010729 0.581504 0.018721 0.036736
0 0.010633 0.589120 0.018913 0.035392
0 0.010929 0.904064 0.018320 0.034496
0 0.010349 0.551488 0.019480 0.032704
0 0.010313 0.495488 0.019552 0.036736
0 0.010598 0.538048 0.018982 0.039872
0 0.010588 0.522368 0.019003 0.034048
0 0.010577 0.503552 0.019025 0.035840
0 0.010625 0.443968 0.018929 0.038528
0 0.010644 0.475776 0.018890 0.032704
0 0.010661 0.509376 0.018857 0.032256
0 0.011001 0.665280 0.018176 0.036288
0 0.010870 0.675584 0.018439 0.028672
0 0.010863 0.715904 0.018452 0.032704
0 0.010823 0.736960 0.018532 0.025984
0 0.012016 0.460992 0.020610 0.010304
0 0.012008 0.493696 0.020627 0.010304
0 0.011997 0.479360 0.020648 0.011648
0 0.011988 0.463680 0.020666 0.010752
0 0.012156 0.105280 0.020331 0.009856
0 0.011803 0.062272 0.021036 0.010752
0 0.010580 0.030016 0.019018 0.019264
0 0.010891 0.779072 0.018397 0.037184
0 0.010814 0.857024 0.018550 0.035392
0 0.010808 0.849408 0.018562 0.036288
0 0.010800 0.832384 0.018579 0.035392
0 0.010794 0.826112 0.018590 0.032256
0 0.010768 0.786240 0.018643 0.034048
0 0.010685 0.663488 0.018809 0.034496
0 0.010750 0.753088 0.018678 0.029568
0 0.010793 0.673344 0.018592 0.028672
0 0.010812 0.693952 0.018555 0.017920
0 0.010664 0.495040 0.018852 0.040320
0 0.010669 0.486976 0.018840 0.037184
0 0.010730 0.515648 0.018719 0.038080
0 0.010403 0.318976 0.019372 0.033600
0 0.010417 0.286272 0.019345 0.027328
0 0.010445 0.252224 0.019288 0.028672
0 0.010490 0.295232 0.019198 0.026880
0 0.010513 0.247744 0.019153 0.028672
0 0.010814 0.322112 0.018551 0.010752
0 0.010820 0.300608 0.018539 0.017472
0 0.010830 0.294336 0.018519 0.015232
0 0.010825 0.276416 0.018528 0.016128
0 0.010924 0.315840 0.018331 0.019712
0 0.011091 0.071232 0.017997 0.033600
0 0.010711 0.123200 0.018757 0.025536
0 0.010671 0.035840 0.018836 0.015232
0 0.010452 0.205632 0.019275 0.026432
0 0.010366 0.119168 0.019447 0.034496
0 0.010295 0.042560 0.019588 0.034496
0 0.010285 0.047936 0.019609 0.040320
0 0.010225 0.149184 0.019728 0.036288
0 0.010437 0.306432 0.019304 0.027328
0 0.010438 0.352128 0.019303 0.033152
0 0.010942 0.423808 0.018294 0.028672
0 0.010461 0.329728 0.019256 0.028672
0 0.010904 0.333760 0.018371 0.019264
0 0.010897 0.352576 0.018384 0.017920
0 0.010882 0.358848 0.018415 0.012096
0 0.010880 0.368256 0.018418 0.011648
0 0.010878 0.378112 0.018423 0.011648
0 0.010795 0.396032 0.018588 0.010752
0 0.010794 0.366016 0.018591 0.009856
0 0.010805 0.348992 0.018569 0.011648
0 0.010817 0.331968 0.018544 0.011648
0 0.010736 0.336896 0.018707 0.011648
0 0.010718 0.354368 0.018743 0.014336
0 0.010711 0.364672 0.018756 0.014336
0 0.010595 0.403200 0.018989 0.038976
0 0.010554 0.387520 0.019070 0.021504
0 0.010521 0.383488 0.019136 0.015680
0 0.010482 0.357504 0.019215 0.037632
0 0.010466 0.379456 0.019246 0.043904
0 0.012084 0.433216 0.020475 0.014336
0 0.012089 0.437696 0.020465 0.011200
0 0.012067 0.471744 0.020509 0.010304
0 0.010564 0.488320 0.019050 0.034496
0 0.010802 0.462336 0.018574 0.038080
0 0.010809 0.457856 0.018562 0.043904
0 0.010818 0.445312 0.018542 0.039424
0 0.010824 0.441280 0.018531 0.038976
0 0.010830 0.436800 0.018519 0.036736
0 0.010693 0.545664 0.018793 0.028224
0 0.010622 0.571648 0.018936 0.032704
0 0.010643 0.604800 0.018892 0.034496
0 0.010673 0.646016 0.018833 0.034048
0 0.010690 0.670656 0.018798 0.031808
0 0.010695 0.678272 0.018789 0.032704
0 0.010707 0.698432 0.018764 0.025536
0 0.010775 0.672448 0.018628 0.037184
0 0.010825 0.678272 0.018528 0.011648
0 0.010891 0.647808 0.018396 0.024640
0 0.010943 0.617344 0.018293 0.021504
0 0.012116 0.472192 0.020411 0.011200
0 0.010625 0.370944 0.018929 0.034496
0 0.010552 0.472192 0.019074 0.035392
0 0.012107 0.461888 0.020429 0.010304
0 0.010411 0.520128 0.019358 0.036288
0 0.010194 0.324800 0.019790 0.033152
0 0.010200 0.333760 0.019778 0.035840
0 0.010205 0.343168 0.019769 0.034048
0 0.010213 0.350784 0.019753 0.034048
0 0.010217 0.360640 0.019744 0.034496
0 0.010223 0.368256 0.019732 0.035840
0 0.010229 0.378112 0.019721 0.034048
0 0.010240 0.394240 0.019698 0.035392
0 0.010234 0.385728 0.019710 0.034496
0 0.010253 0.412160 0.019673 0.034496
0 0.010248 0.402752 0.019683 0.033152
0 0.010259 0.420672 0.019661 0.034048
0 0.010271 0.437248 0.019637 0.034944
0 0.010316 0.407680 0.019546 0.037184
0 0.010324 0.516544 0.019531 0.035392
0 0.010358 0.557312 0.019462 0.027776
0 0.010364 0.565376 0.019451 0.029568
0 0.012111 0.467712 0.020420 0.011200
0 0.012107 0.473984 0.020429 0.014336
0 0.012018 0.506688 0.020607 0.008512
0 0.012069 0.476224 0.020504 0.012096
0 0.012077 0.530432 0.020490 0.012544
0 0.012073 0.525504 0.020496 0.011648
0 0.012071 0.519232 0.020501 0.010752
0 0.012064 0.534464 0.020514 0.014336
0 0.012059 0.524160 0.020524 0.011648
0 0.012054 0.519232 0.020535 0.012992
0 0.012055 0.499968 0.020533 0.011200
0 0.012052 0.495040 0.020540 0.011648
0 0.012048 0.508032 0.020546 0.011648
0 0.012060 0.566272 0.020522 0.009856
0 0.012057 0.560448 0.020530 0.009856
0 0.012052 0.553280 0.020539 0.008064
0 0.012045 0.545216 0.020553 0.013440
0 0.012036 0.532672 0.020571 0.007616
0 0.012030 0.524160 0.020582 0.008512
0 0.012037 0.512960 0.020568 0.012096
0 0.012023 0.515648 0.020597 0.011648
0 0.012081 0.535360 0.020482 0.013440
0 0.012072 0.481600 0.020498 0.012992
0 0.012098 0.452480 0.020447 0.012992
0 0.012075 0.486528 0.020492 0.012992
0 0.012095 0.446656 0.020452 0.011200
0 0.012074 0.461888 0.020495 0.010752
0 0.012077 0.467712 0.020488 0.010752
0 0.012085 0.477568 0.020473 0.011648
0 0.012080 0.473088 0.020482 0.012096
0 0.012088 0.482944 0.020467 0.011200
0 0.012091 0.487424 0.020460 0.012544
0 0.012095 0.493696 0.020453 0.010304
0 0.012120 0.483840 0.020402 0.012544
0 0.011007 0.493696 0.018164 0.012544
0 0.012098 0.499072 0.020447 0.011648
0 0.012109 0.513856 0.020425 0.011648
0 0.012101 0.523264 0.020440 0.012544
0 0.012098 0.516992 0.020447 0.012992
0 0.012094 0.512512 0.020455 0.012096
0 0.012086 0.501760 0.020470 0.013440
0 0.012081 0.491904 0.020482 0.012544
0 0.010139 0.187264 0.019901 0.027776
