0 0.000146 0.881664 0.000292 0.052416
0 0.000706 0.204736 0.001412 0.030464
0 0.010205 0.306432 0.019770 0.003584
0 0.000729 0.288512 0.001458 0.027776
0 0.000756 0.285376 0.001513 0.027328
0 0.000776 0.287168 0.001552 0.021952
0 0.000873 0.242816 0.001747 0.030464
0 0.000879 0.260288 0.001759 0.024640
0 0.000906 0.275520 0.001811 0.024640
0 0.000916 0.293888 0.001832 0.023296
0 0.001010 0.206976 0.002020 0.026880
0 0.010725 0.234304 0.018728 0.007616
0 0.000811 0.319424 0.001622 0.029120
0 0.010696 0.239232 0.018787 0.010304
0 0.010496 0.234304 0.019187 0.005376
0 0.009065 0.182336 0.017585 0.025984
0 0.009057 0.190400 0.017600 0.024640
0 0.010496 0.140224 0.019186 0.009856
0 0.010129 0.137088 0.019921 0.006720
0 0.000623 0.143808 0.001247 0.035392
0 0.000663 0.139328 0.001325 0.026432
0 0.000882 0.088704 0.001763 0.045248
0 0.010559 0.359296 0.019061 0.009408
0 0.000810 0.356608 0.001621 0.016128
0 0.000200 0.893312 0.000401 0.051968
0 0.010631 0.508480 0.018916 0.010752
0 0.000440 0.805504 0.000880 0.064064
0 0.000385 0.812672 0.000770 0.058688
0 0.000259 0.838656 0.000519 0.040320
0 0.000161 0.785792 0.000322 0.060032
0 0.000328 0.758912 0.000655 0.043456
0 0.000561 0.730688 0.001123 0.029120
0 0.000696 0.632128 0.001392 0.038528
0 0.010340 0.583744 0.019498 0.007616
0 0.010700 0.532224 0.018779 0.007616
0 0.000810 0.519232 0.001619 0.018368
0 0.000795 0.371392 0.001590 0.020160
0 0.000665 0.491456 0.001331 0.023296
0 0.010585 0.444416 0.019009 0.011200
0 0.000712 0.390656 0.001424 0.022848
0 0.000733 0.392448 0.001466 0.024640
0 0.000770 0.382592 0.001540 0.027328
0 0.010928 0.412160 0.018322 0.010304
0 0.000907 0.374080 0.001813 0.021952
0 0.000905 0.332416 0.001811 0.021504
0 0.000924 0.312256 0.001849 0.022848
0 0.000716 0.060480 0.001432 0.037632
