0 0.010098 0.028672 0.019983 0.008960
0 0.010419 0.628992 0.019340 0.007616
0 0.012544 0.587776 0.024018 0.009408
0 0.010390 0.571648 0.019398 0.010304
0 0.000406 0.565376 0.000813 0.017920
0 0.000392 0.545664 0.000784 0.017024
0 0.010147 0.384832 0.019885 0.004032
0 0.010147 0.398272 0.019884 0.004032
0 0.010145 0.382144 0.019888 0.003584
0 0.010141 0.360192 0.019896 0.004032
0 0.000718 0.383936 0.001437 0.043456
0 0.000580 0.381248 0.001160 0.037632
0 0.010122 0.367808 0.019935 0.013888
0 0.010114 0.372736 0.019951 0.015680
0 0.000725 0.248192 0.001449 0.042560
0 0.010318 0.212352 0.019542 0.007616
0 0.000715 0.070784 0.001430 0.042560
0 0.000520 0.577024 0.001040 0.026432
0 0.010400 0.629440 0.019378 0.007616
0 0.010313 0.083776 0.019552 0.008512
0 0.000697 0.723520 0.001395 0.023744
0 0.010834 0.937664 0.018510 0.014784
0 0.010847 0.912128 0.018485 0.011648
0 0.010841 0.913024 0.018497 0.012544
0 0.010826 0.913472 0.018527 0.012544
0 0.010818 0.913024 0.018543 0.012096
0 0.010798 0.934976 0.018583 0.015680
0 0.010744 0.914816 0.018691 0.011648
0 0.010619 0.939456 0.018941 0.014336
0 0.010589 0.954240 0.019000 0.004032
0 0.010576 0.940800 0.019027 0.014336
0 0.010512 0.921536 0.019155 0.013888
0 0.010490 0.921536 0.019199 0.012544
0 0.000892 0.814912 0.001784 0.046592
0 0.001015 0.725312 0.002031 0.030464
0 0.000769 0.721280 0.001537 0.025088
0 0.000688 0.039424 0.001376 0.025088
