0 0.012236 0.971264 0.020171 0.018368
0 0.012156 0.323456 0.020331 0.017024
0 0.012017 0.381248 0.020608 0.017024
0 0.012055 0.364224 0.020533 0.017024
0 0.012110 0.342272 0.020423 0.014784
0 0.012119 0.337344 0.020404 0.014784
0 0.012138 0.330176 0.020367 0.016128
0 0.012146 0.327040 0.020351 0.016128
0 0.012164 0.319424 0.020315 0.017024
0 0.012158 0.232064 0.020327 0.015232
0 0.012174 0.315392 0.020295 0.017024
0 0.012175 0.313600 0.020292 0.017472
0 0.012203 0.303744 0.020236 0.017024
0 0.012212 0.301056 0.020219 0.014784
0 0.012212 0.296128 0.020219 0.017024
0 0.012173 0.248640 0.020296 0.016576
0 0.010838 0.340032 0.018503 0.009856
0 0.011971 0.330624 0.020701 0.007616
0 0.011909 0.269248 0.020824 0.014336
0 0.011905 0.257152 0.020833 0.014784
0 0.011893 0.286272 0.020857 0.018816
0 0.011877 0.291648 0.020889 0.017024
0 0.011761 0.236096 0.021121 0.017024
0 0.011768 0.246848 0.021107 0.015680
0 0.011775 0.254464 0.021092 0.013888
0 0.011780 0.262976 0.021083 0.017024
0 0.011786 0.270592 0.021071 0.015680
0 0.011793 0.277312 0.021056 0.013888
0 0.011798 0.285824 0.021048 0.016576
0 0.011802 0.292992 0.021039 0.019712
0 0.011810 0.301504 0.021023 0.015232
0 0.011822 0.318080 0.020998 0.016576
0 0.011818 0.308672 0.021007 0.017024
0 0.012166 0.239232 0.020311 0.012992
0 0.012154 0.224000 0.020334 0.014784
0 0.011833 0.334208 0.020977 0.015680
0 0.012077 0.199360 0.020490 0.016128
0 0.012032 0.058688 0.020579 0.013888
0 0.012022 0.043904 0.020599 0.014336
0 0.012016 0.036736 0.020611 0.012992
0 0.012011 0.030464 0.020621 0.013888
0 0.012007 0.021952 0.020628 0.013440
0 0.012093 0.222656 0.020457 0.015680
0 0.012065 0.186368 0.020514 0.016576
0 0.012152 0.215936 0.020340 0.014336
0 0.012045 0.157696 0.020553 0.017024
0 0.012040 0.149184 0.020562 0.015232
0 0.012034 0.142464 0.020575 0.015232
0 0.012029 0.134848 0.020586 0.014784
0 0.011992 0.084224 0.020659 0.015232
0 0.011983 0.070336 0.020677 0.012992
0 0.012038 0.065856 0.020567 0.012544
0 0.012043 0.071680 0.020557 0.014336
0 0.012052 0.078848 0.020538 0.012544
0 0.012056 0.094976 0.020530 0.015680
0 0.012065 0.102592 0.020514 0.012992
0 0.012070 0.109760 0.020503 0.012992
0 0.012073 0.116928 0.020498 0.014336
0 0.012080 0.123200 0.020483 0.013440
0 0.012083 0.131264 0.020476 0.016576
0 0.012089 0.137984 0.020464 0.014336
0 0.012102 0.152320 0.020439 0.012992
0 0.012106 0.159936 0.020432 0.013440
0 0.012111 0.166208 0.020422 0.014336
0 0.012113 0.182784 0.020417 0.014784
0 0.012129 0.187712 0.020384 0.015232
0 0.012103 0.236544 0.020437 0.015232
0 0.012119 0.258048 0.020404 0.015232
0 0.011828 0.325696 0.020987 0.016576
0 0.011841 0.341376 0.020962 0.017920
0 0.011438 0.739200 0.021766 0.019264
0 0.011382 0.693056 0.021880 0.017024
0 0.011370 0.701120 0.021902 0.017024
0 0.011381 0.716800 0.021882 0.019712
0 0.011390 0.712320 0.021863 0.017472
0 0.011391 0.708736 0.021860 0.017920
0 0.011402 0.704704 0.021838 0.016128
0 0.011393 0.691712 0.021857 0.016128
0 0.011367 0.654080 0.021909 0.017024
0 0.011258 0.560896 0.022127 0.017024
0 0.011353 0.639296 0.021936 0.017920
0 0.011324 0.607040 0.021994 0.018816
0 0.011315 0.611072 0.022013 0.018368
0 0.011314 0.592256 0.022015 0.017472
0 0.011323 0.587776 0.021997 0.019264
0 0.011327 0.603008 0.021988 0.017024
0 0.011370 0.696640 0.021902 0.017472
0 0.011356 0.659008 0.021931 0.015680
0 0.011345 0.662144 0.021953 0.017024
0 0.011336 0.667072 0.021971 0.017472
0 0.011325 0.670656 0.021992 0.015680
0 0.011316 0.676032 0.022010 0.017024
0 0.011316 0.678720 0.022011 0.017024
0 0.011333 0.652288 0.021977 0.015232
0 0.011342 0.646464 0.021959 0.017920
0 0.011352 0.642432 0.021939 0.017024
0 0.011349 0.710080 0.021946 0.017472
0 0.011282 0.620032 0.022079 0.018368
0 0.011295 0.616000 0.022053 0.016576
0 0.011291 0.600768 0.022061 0.017024
0 0.011272 0.604352 0.022099 0.015680
0 0.011272 0.623616 0.022100 0.016128
0 0.011259 0.628992 0.022125 0.016576
0 0.011263 0.551488 0.022118 0.016576
0 0.011249 0.564480 0.022144 0.014784
0 0.011846 0.349888 0.020951 0.018368
0 0.011191 0.530880 0.022262 0.017472
0 0.011214 0.500864 0.022214 0.017920
0 0.011203 0.522816 0.022237 0.017024
0 0.011214 0.518336 0.022214 0.017024
0 0.011202 0.526848 0.022239 0.017472
0 0.011211 0.503104 0.022221 0.017920
0 0.011183 0.537600 0.022277 0.017472
0 0.011189 0.512512 0.022265 0.017472
0 0.011236 0.551488 0.022170 0.017024
0 0.011189 0.456960 0.022266 0.016576
0 0.011200 0.415744 0.022242 0.017024
0 0.011188 0.396928 0.022268 0.019264
0 0.011866 0.382592 0.020910 0.017920
0 0.011860 0.370496 0.020922 0.017024
0 0.011850 0.360192 0.020942 0.017024
0 0.011215 0.435008 0.022213 0.015680
0 0.011236 0.460992 0.022171 0.016128
0 0.011252 0.482496 0.022138 0.016576
0 0.011262 0.501312 0.022119 0.019712
0 0.011271 0.520128 0.022101 0.016576
0 0.011280 0.535808 0.022082 0.017920
0 0.011180 0.577920 0.022283 0.016576
0 0.011190 0.593152 0.022263 0.017024
0 0.011180 0.597184 0.022283 0.017024
0 0.011191 0.573888 0.022262 0.017024
0 0.011209 0.589568 0.022225 0.019264
0 0.011220 0.585536 0.022203 0.018816
0 0.011209 0.570304 0.022225 0.017024
0 0.011210 0.566720 0.022222 0.019712
0 0.011230 0.581056 0.022184 0.017472
0 0.011237 0.555520 0.022168 0.016128
0 0.011239 0.569408 0.022164 0.015232
0 0.011967 0.049280 0.020708 0.015680
0 0.011943 0.019712 0.020757 0.017024
0 0.011877 0.234752 0.020889 0.019264
0 0.010538 0.480256 0.019102 0.056896
0 0.010602 0.534912 0.018974 0.044352
0 0.010578 0.533568 0.019022 0.051072
0 0.010538 0.538048 0.019103 0.057792
0 0.010589 0.407232 0.019001 0.056448
0 0.010556 0.484288 0.019066 0.061824
0 0.010557 0.452032 0.019064 0.055104
0 0.010519 0.426496 0.019140 0.053760
0 0.010344 0.507584 0.019491 0.059584
0 0.010505 0.511616 0.019169 0.053760
0 0.010510 0.464128 0.019159 0.054656
0 0.010493 0.469056 0.019193 0.056000
0 0.010465 0.457856 0.019248 0.053312
0 0.010456 0.412608 0.019267 0.058240
0 0.010423 0.490560 0.019333 0.043456
0 0.010599 0.502656 0.018980 0.051968
0 0.010620 0.500416 0.018939 0.044352
0 0.010634 0.460992 0.018911 0.040768
0 0.010613 0.409024 0.018952 0.056448
0 0.010642 0.420672 0.018894 0.059136
0 0.010642 0.555072 0.018895 0.044800
0 0.010640 0.504896 0.018898 0.057344
0 0.010667 0.505344 0.018844 0.047488
0 0.010653 0.463232 0.018872 0.053760
0 0.010701 0.545216 0.018776 0.041216
0 0.010685 0.471296 0.018809 0.049280
0 0.010696 0.460992 0.018786 0.053760
0 0.010711 0.453824 0.018756 0.053760
0 0.010717 0.521024 0.018744 0.056448
0 0.010734 0.513856 0.018711 0.056448
0 0.010749 0.501760 0.018680 0.049280
0 0.010872 0.671552 0.018434 0.055552
0 0.010364 0.489664 0.019450 0.060032
0 0.010178 0.368256 0.019823 0.045696
0 0.011870 0.224448 0.020902 0.021504
0 0.010631 0.348544 0.018917 0.057792
0 0.010564 0.313152 0.019051 0.048832
0 0.010548 0.350784 0.019083 0.052864
0 0.010569 0.350336 0.019040 0.056448
0 0.010586 0.311360 0.019006 0.042112
0 0.010602 0.366464 0.018974 0.052864
0 0.010624 0.366016 0.018930 0.054656
0 0.010672 0.401856 0.018834 0.053760
0 0.010290 0.385728 0.019598 0.059584
0 0.010488 0.212800 0.019202 0.053760
0 0.010477 0.231168 0.019225 0.059136
0 0.010462 0.235200 0.019254 0.056448
0 0.010452 0.251776 0.019275 0.061824
0 0.010438 0.174272 0.019302 0.054208
0 0.010336 0.131264 0.019506 0.056448
0 0.010533 0.268352 0.019114 0.043008
0 0.010506 0.296576 0.019167 0.055552
0 0.010518 0.338688 0.019143 0.053760
0 0.010506 0.350336 0.019166 0.053760
0 0.010519 0.398720 0.019141 0.055104
0 0.010479 0.346752 0.019221 0.057344
0 0.010482 0.372288 0.019214 0.042560
0 0.010465 0.404544 0.019248 0.057344
0 0.010428 0.343616 0.019323 0.057344
0 0.010441 0.325248 0.019297 0.047040
0 0.010405 0.274624 0.019368 0.060480
0 0.010395 0.280896 0.019388 0.055552
0 0.010418 0.353472 0.019344 0.055104
0 0.010395 0.305088 0.019388 0.046592
0 0.010378 0.304192 0.019423 0.059136
0 0.010395 0.357056 0.019388 0.045696
0 0.010427 0.404992 0.019325 0.056448
0 0.010849 0.669760 0.018480 0.053312
0 0.010826 0.612864 0.018527 0.058240
0 0.010789 0.557312 0.018601 0.053760
0 0.010738 0.720384 0.018703 0.058240
0 0.011675 0.119616 0.021292 0.019712
0 0.011419 0.107520 0.021806 0.021056
0 0.011212 0.230272 0.022219 0.008960
0 0.010675 0.881664 0.018829 0.055104
0 0.010788 0.702912 0.018602 0.051520
0 0.010772 0.710976 0.018635 0.056896
0 0.010704 0.706048 0.018770 0.057792
0 0.010835 0.679168 0.018509 0.059136
0 0.010679 0.750400 0.018821 0.043904
0 0.010669 0.765184 0.018840 0.043456
0 0.010635 0.715456 0.018909 0.059136
0 0.010648 0.763392 0.018884 0.058240
0 0.010622 0.712768 0.018935 0.046144
0 0.010608 0.816704 0.018963 0.056448
0 0.011679 0.131712 0.021284 0.019712
0 0.011689 0.141568 0.021266 0.019712
0 0.011697 0.148288 0.021249 0.019712
0 0.011706 0.152768 0.021231 0.019264
0 0.011713 0.159488 0.021217 0.018368
0 0.011715 0.172032 0.021212 0.019264
0 0.011727 0.192640 0.021189 0.017024
0 0.011733 0.198912 0.021176 0.019712
0 0.011739 0.207872 0.021165 0.017472
0 0.011746 0.213248 0.021150 0.018368
0 0.011752 0.225792 0.021139 0.021056
0 0.011810 0.166208 0.021023 0.016576
0 0.011820 0.195776 0.021002 0.015680
0 0.011827 0.206976 0.020988 0.014784
0 0.011829 0.215936 0.020985 0.014784
0 0.011839 0.223104 0.020966 0.014784
0 0.011844 0.238336 0.020955 0.018816
0 0.010323 0.590912 0.019532 0.059136
0 0.010362 0.636608 0.019455 0.043008
0 0.010393 0.689920 0.019392 0.056896
0 0.010702 0.671552 0.018775 0.049728
0 0.010795 0.624960 0.018588 0.053312
0 0.010776 0.562688 0.018627 0.041664
0 0.010761 0.574336 0.018657 0.044800
0 0.010820 0.684096 0.018539 0.051968
0 0.010776 0.629440 0.018626 0.052864
0 0.010802 0.693952 0.018576 0.059136
0 0.010772 0.644672 0.018635 0.044352
0 0.010731 0.596736 0.018717 0.056448
0 0.010724 0.558208 0.018732 0.058240
0 0.010713 0.601216 0.018753 0.055552
0 0.010733 0.654528 0.018713 0.053760
0 0.010689 0.597184 0.018801 0.055104
0 0.010676 0.606144 0.018827 0.053312
0 0.010671 0.620480 0.018836 0.038976
0 0.010632 0.578368 0.018915 0.051072
0 0.010366 0.572544 0.019447 0.055552
0 0.010644 0.620928 0.018890 0.044800
0 0.010613 0.579264 0.018952 0.041664
0 0.010584 0.583744 0.019011 0.053760
0 0.010573 0.595392 0.019032 0.056448
0 0.010600 0.650048 0.018979 0.051968
0 0.010598 0.670208 0.018983 0.042112
0 0.010570 0.619584 0.019039 0.047040
0 0.010536 0.565824 0.019106 0.059136
0 0.010525 0.648704 0.019128 0.055552
0 0.010472 0.569856 0.019234 0.056000
0 0.010424 0.570304 0.019330 0.058240
0 0.010448 0.677824 0.019283 0.060032
0 0.010408 0.627200 0.019363 0.054656
0 0.010386 0.564480 0.019406 0.059136
0 0.011250 0.633472 0.022142 0.017024
0 0.011247 0.641088 0.022148 0.017024
0 0.011241 0.620032 0.022160 0.021504
0 0.011322 0.870016 0.021998 0.017472
0 0.011389 0.848960 0.021864 0.017920
0 0.011379 0.852096 0.021885 0.016576
0 0.011361 0.857024 0.021921 0.017472
0 0.011349 0.859712 0.021946 0.018368
0 0.011340 0.863744 0.021964 0.017472
0 0.011331 0.865536 0.021981 0.017472
0 0.011320 0.873600 0.022002 0.017472
0 0.011222 0.897792 0.022200 0.017024
0 0.010185 0.879424 0.019808 0.018816
0 0.011290 0.880768 0.022063 0.015232
0 0.011281 0.886592 0.022080 0.017024
0 0.011271 0.891072 0.022101 0.017024
0 0.011260 0.894656 0.022123 0.017024
0 0.011238 0.899136 0.022166 0.014784
0 0.011388 0.842688 0.021868 0.019712
0 0.011409 0.840000 0.021825 0.017472
0 0.011409 0.833280 0.021825 0.016128
0 0.011414 0.828352 0.021815 0.014336
0 0.011436 0.825216 0.021771 0.018816
0 0.011446 0.820736 0.021750 0.017472
0 0.011456 0.812672 0.021731 0.017024
0 0.011466 0.809088 0.021710 0.019712
0 0.011476 0.803712 0.021690 0.017024
0 0.011464 0.789376 0.021715 0.017920
0 0.011464 0.793408 0.021715 0.017472
0 0.011445 0.798784 0.021752 0.017472
0 0.011444 0.801024 0.021754 0.019712
0 0.011435 0.806400 0.021772 0.017024
0 0.011426 0.809984 0.021792 0.016576
0 0.011415 0.814464 0.021813 0.017024
0 0.011397 0.825664 0.021848 0.019712
0 0.011217 0.909888 0.022208 0.014336
0 0.011211 0.900928 0.022220 0.017024
0 0.011369 0.921984 0.021905 0.016576
0 0.011406 0.886144 0.021831 0.017024
0 0.011434 0.874048 0.021775 0.018368
0 0.011426 0.892864 0.021792 0.017920
0 0.011424 0.877184 0.021795 0.018368
0 0.010298 0.880768 0.019582 0.019712
0 0.011417 0.897792 0.021810 0.018816
0 0.011406 0.901824 0.021830 0.017920
0 0.011394 0.890176 0.021855 0.017920
0 0.011201 0.903616 0.022241 0.016128
0 0.011397 0.904960 0.021849 0.017472
0 0.011388 0.908544 0.021868 0.017024
0 0.011386 0.896000 0.021872 0.016576
0 0.011377 0.914368 0.021889 0.017024
0 0.011375 0.898240 0.021893 0.019264
0 0.011367 0.902272 0.021909 0.017024
0 0.011435 0.888384 0.021772 0.017024
0 0.011445 0.884800 0.021752 0.017920
0 0.011457 0.880768 0.021730 0.017472
0 0.011466 0.878528 0.021710 0.017024
0 0.011474 0.873152 0.021694 0.018368
0 0.011485 0.867776 0.021672 0.014336
0 0.011495 0.863744 0.021653 0.017920
0 0.011506 0.859712 0.021631 0.017472
0 0.011516 0.857472 0.021610 0.014336
0 0.011501 0.843584 0.021641 0.017920
0 0.011493 0.848960 0.021657 0.018368
0 0.011483 0.852992 0.021677 0.019264
0 0.011472 0.857024 0.021699 0.017472
0 0.011464 0.860160 0.021716 0.018368
0 0.011455 0.867328 0.021734 0.017024
0 0.010327 0.868672 0.019524 0.021056
0 0.011196 0.917952 0.022251 0.013440
0 0.010289 0.818944 0.019600 0.021056
0 0.011377 0.828352 0.021889 0.017472
0 0.011367 0.831936 0.021909 0.017472
0 0.011429 0.759360 0.021784 0.017024
0 0.011263 0.815360 0.022118 0.017024
0 0.011252 0.818048 0.022138 0.017024
0 0.011232 0.821632 0.022179 0.018816
0 0.011223 0.826112 0.022198 0.018368
0 0.011222 0.829696 0.022200 0.021056
0 0.011440 0.754432 0.021762 0.018368
0 0.011418 0.762496 0.021807 0.017024
0 0.011356 0.834176 0.021930 0.020608
0 0.011409 0.766976 0.021825 0.017024
0 0.011399 0.771008 0.021845 0.017024
0 0.011390 0.774592 0.021863 0.016576
0 0.011380 0.779072 0.021883 0.018368
0 0.011379 0.783552 0.021886 0.017024
0 0.011361 0.792064 0.021921 0.018368
0 0.011272 0.810880 0.022100 0.017920
0 0.011280 0.804608 0.022082 0.019712
0 0.011279 0.801024 0.022084 0.019264
0 0.011300 0.797888 0.022044 0.019712
0 0.011299 0.792064 0.022045 0.019712
0 0.011320 0.792064 0.022003 0.017920
0 0.011319 0.786240 0.022004 0.017472
0 0.011330 0.782208 0.021982 0.017024
0 0.011338 0.775040 0.021967 0.021056
0 0.011359 0.773248 0.021925 0.017472
0 0.011358 0.768320 0.021927 0.017024
0 0.011368 0.762944 0.021906 0.019264
0 0.011389 0.759808 0.021865 0.017472
0 0.011397 0.756672 0.021848 0.016576
0 0.011397 0.751744 0.021849 0.017472
0 0.011416 0.747712 0.021811 0.018816
0 0.011418 0.744128 0.021808 0.017024
0 0.011341 0.796096 0.021962 0.017024
0 0.011330 0.799680 0.021982 0.018368
0 0.011323 0.805952 0.021996 0.017024
0 0.011214 0.853440 0.022214 0.019264
0 0.011230 0.894208 0.022183 0.018368
0 0.011240 0.888832 0.022163 0.018368
0 0.011250 0.884800 0.022142 0.017024
0 0.011260 0.879872 0.022124 0.016576
0 0.011269 0.876288 0.022105 0.018816
0 0.011280 0.871360 0.022083 0.018368
0 0.011288 0.866432 0.022066 0.017920
0 0.011287 0.862400 0.022069 0.019712
0 0.011298 0.857472 0.022048 0.019264
0 0.011310 0.855680 0.022024 0.018816
0 0.011316 0.851200 0.022010 0.021504
0 0.011326 0.847616 0.021990 0.020160
0 0.011339 0.844032 0.021965 0.017024
0 0.011358 0.840896 0.021927 0.019264
0 0.011195 0.844480 0.022254 0.016128
0 0.011321 0.809984 0.022001 0.020608
0 0.011211 0.835520 0.022220 0.019264
0 0.011193 0.839104 0.022257 0.017472
0 0.011196 0.858368 0.022251 0.016128
0 0.011188 0.860608 0.022268 0.014336
0 0.011214 0.849856 0.022214 0.014336
0 0.011234 0.844480 0.022175 0.017472
0 0.011244 0.842240 0.022155 0.021504
0 0.011254 0.839104 0.022135 0.017920
0 0.011263 0.835072 0.022118 0.019712
0 0.011273 0.831488 0.022096 0.020160
0 0.011283 0.827456 0.022076 0.019264
0 0.011280 0.819840 0.022082 0.017024
0 0.011300 0.818048 0.022043 0.021504
0 0.011303 0.813568 0.022038 0.017920
0 0.011367 0.917056 0.021908 0.017024
0 0.011348 0.905856 0.021948 0.017920
0 0.011269 0.609280 0.022106 0.014784
0 0.011215 0.783104 0.022212 0.015232
0 0.011253 0.771904 0.022136 0.017472
0 0.011243 0.755328 0.022156 0.017920
0 0.011235 0.773248 0.022172 0.017472
0 0.011237 0.779968 0.022169 0.019712
0 0.011223 0.763840 0.022197 0.016576
0 0.011214 0.767872 0.022214 0.017024
0 0.011214 0.787584 0.022214 0.017024
0 0.011283 0.672000 0.022076 0.017472
0 0.011197 0.789824 0.022248 0.014336
0 0.011196 0.795648 0.022252 0.020160
0 0.011194 0.771904 0.022255 0.017472
0 0.011185 0.775040 0.022273 0.017920
0 0.011312 0.658112 0.022019 0.020160
0 0.011303 0.663488 0.022038 0.017920
0 0.011251 0.750848 0.022141 0.018816
0 0.011265 0.766976 0.022113 0.017024
0 0.011261 0.748160 0.022121 0.019264
0 0.011273 0.763840 0.022096 0.021952
0 0.011285 0.761152 0.022072 0.016576
0 0.011273 0.744576 0.022096 0.017024
0 0.010154 0.738304 0.019870 0.021056
0 0.011293 0.756224 0.022056 0.018368
0 0.011292 0.736512 0.022058 0.014336
0 0.011303 0.751744 0.022038 0.017920
0 0.011299 0.731136 0.022046 0.020608
0 0.011304 0.745920 0.022036 0.016128
0 0.011311 0.725760 0.022022 0.018368
0 0.011321 0.741440 0.022000 0.017472
0 0.011330 0.739648 0.021982 0.017024
0 0.011319 0.723072 0.022004 0.016576
0 0.011332 0.718592 0.021979 0.015232
0 0.011292 0.667072 0.022058 0.018816
0 0.011274 0.677376 0.022094 0.016128
0 0.011551 0.905408 0.021541 0.017024
0 0.011190 0.666176 0.022264 0.017024
0 0.011207 0.724416 0.022228 0.018368
0 0.011189 0.728000 0.022266 0.017024
0 0.011196 0.710080 0.022251 0.017024
0 0.011229 0.641984 0.022185 0.016128
0 0.011221 0.656320 0.022201 0.017024
0 0.011208 0.658112 0.022227 0.017920
0 0.010081 0.660800 0.020016 0.018368
0 0.011276 0.690816 0.022090 0.018368
0 0.011180 0.645120 0.022283 0.017024
0 0.011188 0.641984 0.022267 0.019712
0 0.011207 0.639296 0.022228 0.017024
0 0.011216 0.628096 0.022210 0.017024
0 0.011227 0.269248 0.022189 0.009856
0 0.010186 0.596288 0.019807 0.020608
0 0.011217 0.719488 0.022209 0.016576
0 0.011206 0.706496 0.022231 0.016128
0 0.011215 0.701120 0.022213 0.017920
0 0.011227 0.717696 0.022189 0.015232
0 0.010119 0.712768 0.019941 0.021056
0 0.011226 0.697088 0.022191 0.015680
0 0.011235 0.692608 0.022173 0.017472
0 0.011247 0.709184 0.022149 0.015680
0 0.011255 0.703808 0.022133 0.021056
0 0.011244 0.688576 0.022155 0.017024
0 0.011252 0.682752 0.022139 0.019264
0 0.011254 0.697984 0.022134 0.017024
0 0.011264 0.680512 0.022115 0.015680
0 0.011265 0.694400 0.022113 0.017024
0 0.011323 0.656320 0.021997 0.017024
0 0.011293 0.683200 0.022056 0.018368
0 0.011285 0.686336 0.022072 0.015232
0 0.011340 0.733824 0.021963 0.017024
0 0.011351 0.729344 0.021940 0.015680
0 0.011360 0.724864 0.021922 0.015680
0 0.011425 0.945280 0.021794 0.018368
0 0.011461 0.928256 0.021721 0.017024
0 0.011455 0.951552 0.021733 0.017024
0 0.011443 0.936768 0.021757 0.019264
0 0.011434 0.942592 0.021775 0.016128
0 0.011445 0.957376 0.021752 0.018816
0 0.011426 0.960512 0.021790 0.018816
0 0.011401 0.950208 0.021840 0.022400
0 0.011371 0.720384 0.021900 0.019712
0 0.011424 0.966336 0.021795 0.020608
0 0.011417 0.971712 0.021810 0.021056
0 0.011404 0.955136 0.021834 0.017024
0 0.011393 0.960064 0.021857 0.017024
0 0.011405 0.974400 0.021833 0.018368
0 0.011360 0.968128 0.021923 0.019712
0 0.011471 0.924224 0.021700 0.016128
0 0.011474 0.939008 0.021694 0.017024
0 0.011482 0.935872 0.021678 0.020608
0 0.011480 0.920192 0.021682 0.017920
0 0.011491 0.916160 0.021661 0.020160
0 0.011493 0.930048 0.021657 0.018368
0 0.011503 0.912576 0.021638 0.017472
0 0.011504 0.925568 0.021635 0.017472
0 0.011521 0.923328 0.021600 0.019264
0 0.011510 0.907200 0.021622 0.017024
0 0.011520 0.903168 0.021603 0.017472
0 0.011533 0.921088 0.021578 0.017024
0 0.011542 0.914368 0.021559 0.017472
0 0.011532 0.900928 0.021580 0.013888
0 0.011529 0.894656 0.021586 0.017024
0 0.010423 0.889728 0.019332 0.020608
0 0.010436 0.912576 0.019307 0.019264
0 0.011308 0.978880 0.022028 0.014784
0 0.011488 0.981568 0.021667 0.017024
0 0.011569 0.946176 0.021505 0.016576
0 0.011642 0.867776 0.021359 0.017024
0 0.011358 0.703360 0.021926 0.019712
0 0.011522 0.778624 0.021599 0.017920
0 0.011471 0.767872 0.021700 0.015680
0 0.011567 0.836864 0.021510 0.021952
0 0.012059 0.734720 0.020525 0.018816
0 0.012070 0.753536 0.020504 0.017472
0 0.012218 0.834176 0.020207 0.011648
0 0.011612 0.865088 0.021420 0.017024
0 0.011621 0.860160 0.021401 0.018368
0 0.011630 0.855680 0.021382 0.018368
0 0.011640 0.851200 0.021362 0.019712
0 0.011652 0.848064 0.021339 0.018368
0 0.011622 0.879872 0.021398 0.019264
0 0.011633 0.870464 0.021376 0.017472
0 0.011653 0.864640 0.021337 0.017472
0 0.011569 0.964096 0.021506 0.017024
0 0.011647 0.915264 0.021350 0.017024
0 0.011658 0.908992 0.021327 0.019264
0 0.011650 0.931392 0.021343 0.017472
0 0.011662 0.926016 0.021318 0.017024
0 0.011674 0.921088 0.021295 0.017024
0 0.011683 0.919744 0.021278 0.017472
0 0.011670 0.901824 0.021303 0.017024
0 0.010587 0.916160 0.019005 0.019712
0 0.011716 0.955584 0.021210 0.014784
0 0.011592 0.956928 0.021459 0.014336
0 0.011587 0.940352 0.021469 0.017920
0 0.011568 0.949312 0.021508 0.016128
0 0.011529 0.967232 0.021585 0.019264
0 0.011560 0.969920 0.021523 0.017024
0 0.010159 0.137536 0.019860 0.048384
