0 0.000499 0.845376 0.000998 0.039424
0 0.000267 0.280896 0.000534 0.034944
0 0.000597 0.494144 0.001195 0.043904
0 0.000401 0.504000 0.000801 0.035392
0 0.000597 0.400960 0.001193 0.056000
0 0.010928 0.417984 0.018323 0.005376
0 0.011026 0.418880 0.018127 0.010304
0 0.011018 0.418880 0.018142 0.009408
0 0.010976 0.388864 0.018226 0.004032
0 0.000551 0.344064 0.001102 0.047936
0 0.000509 0.324352 0.001018 0.064064
0 0.000433 0.308672 0.000867 0.063616
0 0.000319 0.340928 0.000637 0.055104
0 0.010814 0.140672 0.018550 0.011648
0 0.000443 0.849408 0.000886 0.038080
0 0.010633 0.139776 0.018912 0.008512
0 0.000493 0.210560 0.000985 0.035392
0 0.000448 0.206080 0.000896 0.035840
0 0.000404 0.190400 0.000808 0.038976
0 0.000253 0.195776 0.000507 0.032704
0 0.000306 0.159488 0.000612 0.035392
0 0.000356 0.171136 0.000711 0.037632
0 0.010458 0.083776 0.019262 0.011648
0 0.010491 0.115584 0.019196 0.008064
0 0.000453 0.084672 0.000905 0.025984
0 0.000402 0.076160 0.000804 0.022848
0 0.000634 0.473088 0.001268 0.038976
0 0.000672 0.451136 0.001345 0.042560
0 0.000770 0.499520 0.001539 0.025536
0 0.000907 0.482048 0.001814 0.032256
0 0.000392 0.852544 0.000784 0.040768
0 0.000338 0.856128 0.000676 0.039872
0 0.000278 0.854336 0.000557 0.051968
0 0.000257 0.807296 0.000513 0.041664
0 0.000257 0.761600 0.000514 0.047040
0 0.000549 0.719936 0.001098 0.026432
0 0.001035 0.679168 0.002069 0.024640
0 0.000963 0.714112 0.001926 0.025536
0 0.000906 0.681856 0.001813 0.048384
0 0.000868 0.655872 0.001735 0.049280
0 0.000728 0.672896 0.001456 0.049280
0 0.000694 0.693056 0.001388 0.043008
0 0.000659 0.681856 0.001319 0.030912
0 0.000633 0.657664 0.001267 0.035392
0 0.000446 0.672000 0.000892 0.057792
0 0.000659 0.627648 0.001318 0.044352
0 0.000699 0.603008 0.001398 0.046144
0 0.000737 0.574784 0.001474 0.050624
0 0.000398 0.534464 0.000796 0.024640
0 0.000417 0.557760 0.000835 0.032256
0 0.000463 0.568960 0.000925 0.033600
0 0.000797 0.543424 0.001594 0.055104
0 0.001037 0.527744 0.002075 0.047936
0 0.008963 0.046592 0.017788 0.033152
