0 0.001527 0.404992 0.001410 0.022848
0 0.001513 0.398272 0.001437 0.034496
0 0.001986 0.244160 0.000493 0.065408
0 0.001986 0.279552 0.000493 0.084672
0 0.001987 0.275072 0.000491 0.050624
0 0.001729 0.363776 0.001006 0.100352
0 0.001486 0.379008 0.001493 0.047040
0 0.001498 0.391104 0.001468 0.038976
0 0.001395 0.456064 0.001674 0.052864
0 0.001381 0.491456 0.001703 0.064512
0 0.001317 0.515648 0.001830 0.062272
0 0.001453 0.470848 0.001559 0.025536
0 0.001423 0.498624 0.001618 0.026432
0 0.001207 0.608832 0.002051 0.095872
0 0.001247 0.617792 0.001970 0.094080
0 0.001300 0.612864 0.001865 0.091392
0 0.001192 0.747264 0.002080 0.052864
0 0.001310 0.822080 0.001843 0.078848
0 0.001527 0.882112 0.001410 0.065408
0 0.001602 0.853888 0.001260 0.079296
0 0.001538 0.898240 0.001387 0.040320
0 0.001500 0.913920 0.001464 0.024640
0 0.001220 0.745024 0.002024 0.073472
0 0.002051 0.182336 0.000362 0.066304
