0 0.001511 0.191744 0.001441 0.049728
0 0.001525 0.185920 0.001415 0.047936
0 0.002326 0.411712 0.004276 0.027328
0 0.002352 0.435456 0.004225 0.033600
0 0.002392 0.460544 0.004144 0.034944
0 0.008301 0.404096 0.014648 0.092736
0 0.008402 0.557760 0.014447 0.206080
0 0.008599 0.679168 0.014053 0.086464
0 0.008693 0.771008 0.013864 0.117376
0 0.008135 0.252672 0.014979 0.115584
0 0.008033 0.134848 0.015184 0.150976
0 0.001711 0.360192 0.001042 0.110208
0 0.001783 0.465024 0.000898 0.099008
0 0.001804 0.449344 0.000856 0.095872
0 0.001720 0.480704 0.001024 0.058688
0 0.001906 0.429184 0.000651 0.060928
0 0.001894 0.439488 0.000677 0.053760
0 0.001883 0.447552 0.000698 0.054208
0 0.002010 0.832384 0.000445 0.095424
0 0.002048 0.848960 0.000368 0.090048
0 0.002116 0.871360 0.000233 0.040320
0 0.002082 0.818048 0.000301 0.058688
0 0.002117 0.887936 0.000231 0.041216
0 0.002036 0.721728 0.000392 0.047936
0 0.001469 0.078400 0.001526 0.070336
0 0.001498 0.072576 0.001468 0.055552
0 0.001480 0.136640 0.001505 0.044352
0 0.001396 0.081984 0.001672 0.043904
0 0.001388 0.180544 0.001688 0.036736
0 0.002294 0.439040 0.004340 0.024192
