0 0.003191 0.648704 0.002546 0.037184
0 0.003151 0.649152 0.002627 0.035840
0 0.002956 0.569856 0.003016 0.067648
0 0.002954 0.470400 0.003021 0.073024
0 0.002896 0.396480 0.003137 0.027776
0 0.002856 0.571200 0.003216 0.067648
0 0.002856 0.471744 0.003216 0.070336
0 0.002855 0.397824 0.003219 0.027776
0 0.002724 0.538048 0.003481 0.045696
0 0.002727 0.609280 0.003475 0.049728
0 0.002724 0.467712 0.003481 0.048384
0 0.002643 0.609280 0.003643 0.049728
0 0.002642 0.540736 0.003645 0.048384
0 0.002640 0.469504 0.003648 0.049728
0 0.002637 0.396928 0.003654 0.048384
0 0.002723 0.397824 0.003483 0.049728
