0 0.008028 0.400960 0.015194 0.035840
0 0.001384 0.335104 0.001696 0.042560
0 0.001421 0.929600 0.001621 0.032704
0 0.001414 0.924224 0.001636 0.031360
0 0.001404 0.921984 0.001656 0.035392
0 0.001398 0.918848 0.001669 0.031808
0 0.001387 0.915264 0.001689 0.033600
0 0.001445 0.870464 0.001575 0.039424
0 0.001360 0.603456 0.001744 0.043008
0 0.001403 0.640640 0.001658 0.012544
0 0.001400 0.572992 0.001664 0.010304
0 0.001374 0.404544 0.001717 0.040320
0 0.001345 0.380352 0.001773 0.007168
0 0.001343 0.308672 0.001779 0.011200
0 0.001436 0.937664 0.001592 0.030464
0 0.001388 0.270592 0.001689 0.036288
0 0.001350 0.240576 0.001764 0.012544
0 0.001352 0.229824 0.001761 0.013440
0 0.001384 0.203840 0.001696 0.036736
0 0.001383 0.176064 0.001698 0.011200
0 0.001385 0.113792 0.001694 0.038528
0 0.001320 0.012544 0.001823 0.011648
0 0.001367 0.047488 0.001729 0.035392
0 0.001356 0.050176 0.001752 0.041664
0 0.001373 0.115136 0.001719 0.043008
0 0.001342 0.088704 0.001781 0.009408
0 0.001432 0.929600 0.001600 0.031808
0 0.001448 0.935424 0.001569 0.033152
0 0.008036 0.334208 0.015179 0.043456
0 0.001686 0.262528 0.001092 0.046144
0 0.008038 0.266560 0.015175 0.042560
0 0.008000 0.053312 0.015250 0.045248
0 0.008022 0.159488 0.015207 0.133056
0 0.005245 0.588672 0.007366 0.014336
0 0.008025 0.535808 0.015200 0.096768
0 0.002111 0.038976 0.000243 0.021504
0 0.015713 0.590464 0.031075 0.051072
0 0.004509 0.660352 0.008838 0.013888
0 0.001147 0.865536 0.002171 0.039872
0 0.001725 0.181888 0.001015 0.044800
0 0.001713 0.185024 0.001038 0.040320
0 0.001941 0.242368 0.000583 0.023296
0 0.001458 0.942144 0.001549 0.025088
0 0.002026 0.195776 0.000411 0.035392
0 0.001859 0.314496 0.000747 0.024640
0 0.001782 0.338688 0.000900 0.039424
0 0.001768 0.338240 0.000929 0.038976
0 0.008435 0.665280 0.014380 0.020160
0 0.001733 0.606592 0.000998 0.015680
0 0.001724 0.619136 0.001017 0.019712
0 0.001728 0.625856 0.001008 0.015232
0 0.001724 0.632128 0.001016 0.015680
0 0.001721 0.638400 0.001023 0.017920
0 0.011102 0.970368 0.017975 0.009856
0 0.001324 0.076160 0.001816 0.011648
