0 0.001127 0.844928 0.002210 0.041664
0 0.002016 0.283584 0.000433 0.058240
0 0.001556 0.096320 0.001352 0.043904
0 0.001545 0.102144 0.001375 0.036288
0 0.002024 0.516096 0.000416 0.047040
0 0.002020 0.627648 0.000425 0.051520
0 0.001455 0.972608 0.001554 0.051968
0 0.001245 0.863296 0.001974 0.061824
0 0.007838 0.880768 0.015574 0.060928
0 0.002085 0.822976 0.000294 0.073920
0 0.001714 0.860608 0.001036 0.094976
0 0.001749 0.674240 0.000967 0.096320
0 0.002023 0.619136 0.000419 0.081088
0 0.001964 0.297024 0.000537 0.054656
0 0.001141 0.853440 0.002182 0.037632
0 0.001582 0.089152 0.001299 0.060928
0 0.001547 0.298816 0.001370 0.064512
0 0.001169 0.400960 0.002126 0.055552
0 0.001169 0.401408 0.002126 0.082880
0 0.001243 0.384832 0.001978 0.085568
0 0.001253 0.370048 0.001959 0.070336
0 0.001290 0.357952 0.001884 0.072128
0 0.001370 0.347200 0.001725 0.080640
0 0.001404 0.356160 0.001656 0.051968
0 0.001384 0.333312 0.001696 0.074368
0 0.001425 0.322560 0.001615 0.065856
0 0.001571 0.092736 0.001322 0.045248
0 0.001605 0.079296 0.001253 0.039424
0 0.001622 0.078400 0.001220 0.041664
0 0.001636 0.071680 0.001192 0.032704
0 0.001886 0.484736 0.000693 0.055552
0 0.001883 0.492352 0.000698 0.040320
0 0.001960 0.347200 0.000545 0.033152
0 0.001965 0.339136 0.000534 0.035840
0 0.001979 0.331520 0.000506 0.033152
0 0.001986 0.325696 0.000492 0.043008
0 0.002088 0.304640 0.000288 0.039424
0 0.002076 0.308224 0.000312 0.034496
0 0.001908 0.140224 0.000649 0.041664
0 0.002028 0.267904 0.000407 0.042112
0 0.001999 0.280896 0.000467 0.045248
0 0.001985 0.285376 0.000494 0.038976
0 0.001918 0.126784 0.000628 0.038976
0 0.001855 0.081088 0.000754 0.039424
0 0.001836 0.093184 0.000793 0.027328
0 0.001839 0.089600 0.000786 0.043456
0 0.001814 0.098560 0.000837 0.037632
0 0.001805 0.104832 0.000855 0.033600
0 0.001798 0.111552 0.000869 0.032704
0 0.001792 0.124992 0.000880 0.040320
0 0.001594 0.287168 0.001277 0.051520
0 0.001573 0.283584 0.001318 0.038080
0 0.001601 0.025536 0.001263 0.032256
0 0.001266 0.098560 0.001933 0.097216
