0 0.011374 0.424256 0.021894 0.018368
0 0.010934 0.375424 0.018310 0.031360
0 0.011123 0.601216 0.017932 0.021504
0 0.011142 0.610176 0.017894 0.023744
0 0.011004 0.508032 0.018172 0.029568
0 0.011024 0.443072 0.018131 0.018368
0 0.010963 0.448448 0.018253 0.027328
0 0.010961 0.457408 0.018257 0.023744
0 0.010958 0.465920 0.018262 0.021952
0 0.010956 0.477120 0.018267 0.024640
0 0.010959 0.490112 0.018261 0.023744
0 0.010951 0.508928 0.018276 0.025536
0 0.010946 0.541184 0.018286 0.024640
0 0.010941 0.560896 0.018297 0.024640
0 0.010938 0.584640 0.018302 0.028224
0 0.010940 0.597632 0.018299 0.027328
0 0.010932 0.615104 0.018314 0.024640
0 0.010922 0.669312 0.018334 0.024192
0 0.010775 0.521472 0.018628 0.017024
0 0.010772 0.534912 0.018635 0.017024
0 0.010771 0.545664 0.018636 0.018368
0 0.010766 0.579264 0.018647 0.017920
0 0.010763 0.591360 0.018653 0.017024
0 0.010943 0.373632 0.018293 0.023296
0 0.010929 0.374528 0.018321 0.020160
0 0.010787 0.646912 0.018606 0.036736
0 0.010921 0.366912 0.018336 0.029120
0 0.010230 0.262976 0.019719 0.041216
0 0.010239 0.259392 0.019701 0.025088
0 0.010251 0.269696 0.019676 0.042560
0 0.010260 0.270592 0.019659 0.043456
0 0.010295 0.275968 0.019589 0.039424
0 0.010286 0.274624 0.019607 0.038080
0 0.010209 0.118720 0.019761 0.009856
0 0.010207 0.133056 0.019764 0.008960
0 0.010219 0.181888 0.019741 0.008960
0 0.010541 0.155456 0.019097 0.022400
0 0.010638 0.203840 0.018903 0.043904
0 0.010634 0.353472 0.018911 0.044800
0 0.010684 0.303744 0.018810 0.052416
0 0.010755 0.340928 0.018669 0.045696
0 0.010744 0.397376 0.018691 0.053312
0 0.010795 0.383040 0.018588 0.023744
0 0.010801 0.388416 0.018576 0.023744
0 0.010893 0.353920 0.018393 0.029120
0 0.010901 0.357952 0.018377 0.029568
0 0.010908 0.362432 0.018362 0.022400
0 0.010917 0.357952 0.018346 0.024192
0 0.010761 0.614208 0.018657 0.017472
0 0.010795 0.648704 0.018589 0.036736
0 0.011370 0.422464 0.021904 0.015232
0 0.011932 0.100352 0.020779 0.011648
0 0.011944 0.109312 0.020754 0.013440
0 0.011975 0.122304 0.020692 0.013888
0 0.012008 0.101248 0.020627 0.008064
0 0.012110 0.090496 0.020424 0.007616
0 0.012153 0.371392 0.020337 0.013888
0 0.012149 0.388416 0.020344 0.012992
0 0.012147 0.407232 0.020350 0.012992
0 0.012144 0.424704 0.020355 0.014336
0 0.011963 0.357952 0.020717 0.011200
0 0.011961 0.402752 0.020720 0.022400
0 0.010837 0.401408 0.018504 0.021952
0 0.010830 0.399616 0.018519 0.021056
0 0.010823 0.396480 0.018532 0.021504
0 0.010816 0.394240 0.018546 0.022400
0 0.010809 0.394240 0.018561 0.023744
0 0.010817 0.485632 0.018544 0.020160
0 0.010686 0.503552 0.018806 0.015680
0 0.010684 0.515200 0.018811 0.017920
0 0.011353 0.416640 0.021936 0.015680
0 0.011359 0.417984 0.021925 0.015232
0 0.011364 0.421120 0.021915 0.017472
0 0.011939 0.105280 0.020765 0.013440
0 0.011864 0.076608 0.020915 0.013440
0 0.010802 0.650944 0.018575 0.036736
0 0.011836 0.064512 0.020971 0.013440
0 0.010805 0.663488 0.018569 0.058240
0 0.010814 0.662592 0.018551 0.051968
0 0.010662 0.534912 0.018854 0.035840
0 0.010653 0.577920 0.018873 0.038080
0 0.010652 0.591360 0.018875 0.040768
0 0.010644 0.614208 0.018890 0.042560
0 0.010406 0.436800 0.019366 0.022400
0 0.010545 0.768320 0.019089 0.053312
0 0.010553 0.772352 0.019072 0.050176
0 0.010562 0.777728 0.019055 0.051072
0 0.010577 0.780864 0.019024 0.055104
0 0.010593 0.779520 0.018992 0.050176
0 0.010601 0.787136 0.018976 0.052416
0 0.010611 0.792064 0.018956 0.049280
0 0.011334 0.172032 0.021976 0.008064
0 0.011332 0.189504 0.021978 0.008064
0 0.011330 0.206080 0.021982 0.007616
0 0.011330 0.224448 0.021983 0.009408
0 0.011433 0.283136 0.021778 0.010752
0 0.011416 0.159488 0.021812 0.008512
0 0.011416 0.136192 0.021811 0.008064
0 0.010214 0.199808 0.019750 0.012992
