0 0.011888 0.686784 0.020867 0.018368
0 0.010812 0.615552 0.018554 0.060928
0 0.011006 0.767424 0.018167 0.037184
0 0.010885 0.630336 0.018408 0.059136
0 0.010871 0.702464 0.018437 0.014336
0 0.010876 0.629440 0.018426 0.060480
0 0.010869 0.627200 0.018440 0.057792
0 0.010861 0.625408 0.018457 0.060480
0 0.010853 0.624064 0.018472 0.058688
0 0.010846 0.620928 0.018487 0.062272
0 0.010836 0.620928 0.018506 0.062720
0 0.010829 0.617792 0.018521 0.062720
0 0.010820 0.617344 0.018538 0.059584
0 0.010835 0.490560 0.018509 0.039424
0 0.010261 0.669312 0.019657 0.049280
0 0.010828 0.498624 0.018523 0.042112
0 0.010823 0.506240 0.018533 0.039424
0 0.010809 0.518784 0.018561 0.034496
0 0.010799 0.610176 0.018581 0.058240
0 0.010790 0.608832 0.018599 0.059136
0 0.010782 0.604352 0.018615 0.058240
0 0.010775 0.572544 0.018629 0.053312
0 0.010378 0.624064 0.019422 0.053760
0 0.010369 0.628096 0.019441 0.053760
0 0.010338 0.639296 0.019502 0.052864
0 0.010310 0.649600 0.019558 0.053312
0 0.011002 0.679616 0.018175 0.021952
0 0.011003 0.667072 0.018173 0.021952
0 0.011005 0.654528 0.018169 0.021056
0 0.011007 0.642432 0.018165 0.021952
0 0.010222 0.366912 0.019734 0.016576
0 0.010194 0.447104 0.019790 0.031808
0 0.010194 0.480256 0.019791 0.032704
0 0.010201 0.457856 0.019776 0.021056
0 0.010204 0.478912 0.019770 0.023296
0 0.010219 0.466816 0.019740 0.033600
0 0.010209 0.439936 0.019760 0.025984
0 0.010225 0.442624 0.019728 0.038528
0 0.010273 0.439936 0.019633 0.064064
0 0.010303 0.429184 0.019573 0.060480
0 0.010323 0.421120 0.019532 0.061376
0 0.010352 0.409920 0.019474 0.063168
0 0.010362 0.400960 0.019455 0.060480
0 0.010251 0.355264 0.019678 0.024640
0 0.011110 0.051520 0.017959 0.014336
0 0.011109 0.041216 0.017961 0.013888
0 0.011015 0.551488 0.018149 0.022848
0 0.011015 0.565824 0.018149 0.021952
0 0.011014 0.580608 0.018152 0.021504
0 0.011012 0.594048 0.018155 0.020160
0 0.011010 0.605696 0.018158 0.020608
0 0.011008 0.617344 0.018162 0.020160
0 0.011008 0.630336 0.018164 0.021056
0 0.010270 0.663936 0.019639 0.056896
0 0.010252 0.668864 0.019674 0.060032
0 0.011353 0.801920 0.021937 0.021952
0 0.012157 0.429632 0.020329 0.017472
0 0.012051 0.210560 0.020541 0.014336
0 0.011989 0.318528 0.020664 0.019264
0 0.012003 0.307776 0.020637 0.017472
0 0.012008 0.304192 0.020626 0.017472
0 0.012019 0.295680 0.020604 0.017472
0 0.012126 0.365568 0.020391 0.019712
0 0.012140 0.363776 0.020362 0.020160
0 0.012147 0.364672 0.020349 0.017472
0 0.012174 0.374528 0.020295 0.016576
0 0.012163 0.368256 0.020317 0.016128
0 0.012157 0.368256 0.020329 0.018368
0 0.012133 0.420672 0.020376 0.019712
0 0.010243 0.677376 0.019693 0.060480
0 0.012164 0.472640 0.020315 0.017472
0 0.012164 0.411712 0.020314 0.019264
0 0.012173 0.435456 0.020296 0.020608
0 0.011016 0.478912 0.018147 0.015232
0 0.011013 0.490560 0.018152 0.016128
0 0.011028 0.495488 0.018122 0.015680
0 0.011030 0.484288 0.018119 0.016128
0 0.011044 0.500864 0.018091 0.016128
0 0.011045 0.488320 0.018089 0.014784
0 0.012250 0.928256 0.020143 0.015680
0 0.012259 0.947072 0.020126 0.017472
0 0.012004 0.047936 0.020635 0.016128
0 0.011982 0.461440 0.020678 0.021952
0 0.011968 0.493248 0.020706 0.022400
0 0.011996 0.506688 0.020651 0.020608
0 0.010202 0.430528 0.019775 0.034048
0 0.014006 0.677376 0.025560 0.140224
0 0.010375 0.371840 0.019429 0.054656
0 0.012129 0.293440 0.020386 0.012096
0 0.012114 0.316288 0.020415 0.012992
0 0.012045 0.197568 0.020553 0.015232
0 0.012062 0.152768 0.020518 0.017920
0 0.011867 0.658560 0.020909 0.017920
0 0.011803 0.598528 0.021037 0.017024
0 0.012005 0.719040 0.020632 0.011648
0 0.012073 0.740096 0.020497 0.014784
0 0.011482 0.751744 0.021679 0.016128
0 0.011429 0.772800 0.021786 0.016576
0 0.011503 0.745024 0.021637 0.016576
0 0.011513 0.740992 0.021616 0.017920
0 0.011530 0.736512 0.021582 0.020608
0 0.011519 0.739648 0.021605 0.016576
0 0.010364 0.796992 0.019450 0.023296
0 0.010376 0.792960 0.019427 0.022848
0 0.010382 0.792960 0.019414 0.021504
0 0.010408 0.781312 0.019362 0.023296
0 0.010420 0.778176 0.019338 0.017920
0 0.011830 0.935424 0.020983 0.017472
0 0.010181 0.468160 0.019816 0.060928
