0 0.011897 0.965888 0.020848 0.008960
0 0.010632 0.683648 0.018915 0.048384
0 0.011019 0.732480 0.018140 0.031360
0 0.011016 0.702464 0.018148 0.017024
0 0.011003 0.610624 0.018173 0.052416
0 0.010961 0.580160 0.018257 0.053760
0 0.010969 0.580160 0.018240 0.053760
0 0.010895 0.687680 0.018389 0.015680
0 0.010895 0.673344 0.018389 0.012544
0 0.010894 0.660352 0.018390 0.011200
0 0.010832 0.608384 0.018515 0.011200
0 0.010832 0.597632 0.018515 0.010304
0 0.010714 0.770560 0.018751 0.028672
0 0.010668 0.827456 0.018842 0.052864
0 0.010611 0.831936 0.018957 0.039424
0 0.010591 0.832832 0.018996 0.033600
0 0.010496 0.849856 0.019186 0.009856
0 0.010665 0.581504 0.018850 0.022848
0 0.010663 0.509824 0.018852 0.023744
0 0.010663 0.482944 0.018852 0.025984
0 0.010634 0.728448 0.018911 0.045696
0 0.011025 0.730688 0.018128 0.031808
0 0.011015 0.753536 0.018148 0.012992
0 0.011016 0.765184 0.018146 0.011200
0 0.010695 0.219520 0.018788 0.025984
0 0.011909 0.433664 0.020825 0.017024
0 0.011469 0.077504 0.021705 0.016128
0 0.011474 0.036736 0.021695 0.014784
0 0.011061 0.228032 0.018056 0.013440
0 0.010985 0.540736 0.018209 0.012992
0 0.010985 0.529984 0.018208 0.010752
0 0.010984 0.519680 0.018210 0.010304
0 0.010790 0.371392 0.018598 0.054656
0 0.011134 0.878080 0.017911 0.015680
0 0.011016 0.775936 0.018147 0.011200
0 0.011116 0.678720 0.017946 0.013440
0 0.011116 0.664384 0.017947 0.011648
0 0.011115 0.649152 0.017948 0.012992
0 0.011115 0.624064 0.017948 0.011200
0 0.011115 0.613312 0.017948 0.013440
0 0.011114 0.602560 0.017950 0.013440
0 0.011115 0.591360 0.017949 0.009856
0 0.010993 0.564928 0.018192 0.012544
0 0.010631 0.703360 0.018917 0.047040
0 0.010632 0.641088 0.018915 0.048384
0 0.011917 0.537152 0.020809 0.017472
0 0.010630 0.577920 0.018919 0.046144
0 0.010171 0.643328 0.019837 0.020160
0 0.010150 0.643776 0.019878 0.043456
0 0.010475 0.398272 0.019228 0.046144
0 0.010627 0.403648 0.018925 0.047936
0 0.010629 0.380800 0.018920 0.035392
0 0.010629 0.362432 0.018921 0.037184
0 0.010627 0.341824 0.018925 0.046592
0 0.010623 0.312256 0.018933 0.047488
0 0.010625 0.292992 0.018929 0.047488
0 0.010575 0.334656 0.019028 0.046144
0 0.010539 0.353024 0.019100 0.046144
0 0.010575 0.241472 0.019029 0.049728
0 0.010535 0.318080 0.019109 0.047936
0 0.010534 0.273280 0.019111 0.048384
0 0.010533 0.251328 0.019112 0.047040
0 0.010494 0.322112 0.019191 0.046592
0 0.010494 0.275968 0.019191 0.047488
0 0.010490 0.262976 0.019199 0.048384
0 0.010328 0.243264 0.019523 0.050624
0 0.010130 0.705600 0.019918 0.020160
0 0.010491 0.416192 0.019196 0.051520
0 0.010496 0.426944 0.019186 0.045696
0 0.010583 0.539392 0.019013 0.044800
0 0.010629 0.557312 0.018920 0.044800
0 0.010629 0.534464 0.018921 0.046592
0 0.010627 0.509824 0.018925 0.047040
0 0.010626 0.487424 0.018927 0.044352
0 0.010627 0.468608 0.018925 0.046592
0 0.010625 0.445760 0.018929 0.047488
0 0.010589 0.659008 0.019001 0.046592
0 0.010585 0.647360 0.019009 0.047936
0 0.010544 0.693952 0.019090 0.047040
0 0.010496 0.448896 0.019187 0.048832
0 0.010543 0.540288 0.019092 0.047936
0 0.010537 0.376768 0.019105 0.048384
0 0.010501 0.662592 0.019177 0.048832
0 0.010500 0.595840 0.019178 0.047936
0 0.010497 0.579712 0.019185 0.048384
0 0.010498 0.532224 0.019183 0.047488
0 0.010498 0.509824 0.019182 0.047488
0 0.010496 0.491904 0.019187 0.054656
0 0.011914 0.486528 0.020815 0.017024
0 0.011461 0.124992 0.021721 0.015680
0 0.011962 0.978432 0.020718 0.009856
0 0.012020 0.788032 0.020602 0.016576
0 0.010580 0.429184 0.019019 0.066752
0 0.011790 0.603904 0.021063 0.009408
0 0.011815 0.571200 0.021013 0.008064
0 0.011785 0.457408 0.021072 0.008512
0 0.011735 0.246400 0.021173 0.014784
0 0.012147 0.193536 0.020349 0.015680
0 0.012152 0.193536 0.020339 0.018368
0 0.012262 0.586880 0.020119 0.013440
0 0.011814 0.563584 0.021016 0.008960
0 0.011814 0.541632 0.021014 0.008512
0 0.011811 0.454720 0.021021 0.008064
0 0.010669 0.776384 0.018841 0.052416
0 0.011163 0.846272 0.022318 0.013440
0 0.011181 0.787136 0.022282 0.015232
0 0.011184 0.793856 0.022274 0.016576
0 0.011874 0.904064 0.020896 0.017472
0 0.011907 0.762496 0.020828 0.013888
0 0.011931 0.771008 0.020780 0.016576
0 0.012035 0.788480 0.020573 0.013440
0 0.010577 0.457408 0.019024 0.061376
0 0.010541 0.473536 0.019097 0.061376
0 0.010541 0.494592 0.019096 0.060480
0 0.012257 0.970368 0.020128 0.011200
0 0.012009 0.982912 0.020625 0.016128
0 0.012027 0.916608 0.020589 0.015232
0 0.012025 0.979776 0.020592 0.015232
0 0.012006 0.942144 0.020631 0.017472
0 0.012003 0.978880 0.020637 0.021504
0 0.012001 0.882560 0.020641 0.015232
0 0.012130 0.984256 0.020382 0.009856
0 0.012127 0.962752 0.020390 0.009408
0 0.012255 0.963648 0.020132 0.012992
0 0.010542 0.625408 0.019095 0.061376
0 0.012250 0.943488 0.020143 0.013440
0 0.012246 0.936320 0.020150 0.012992
0 0.011985 0.930048 0.020673 0.017024
0 0.011931 0.821632 0.020781 0.008960
0 0.011961 0.904960 0.020721 0.010304
0 0.010624 0.827456 0.018930 0.048832
0 0.010501 0.694400 0.019176 0.061824
0 0.010541 0.604352 0.019097 0.067200
0 0.012014 0.788480 0.020615 0.016128
0 0.012008 0.721728 0.020628 0.008960
0 0.011469 0.131712 0.021705 0.016128
0 0.011979 0.715904 0.020685 0.007616
0 0.011303 0.634816 0.022038 0.016576
0 0.011303 0.613760 0.022037 0.015680
0 0.010190 0.569856 0.019799 0.050624
0 0.011327 0.582848 0.021988 0.017920
0 0.011332 0.554624 0.021979 0.015680
0 0.011353 0.531328 0.021937 0.015680
0 0.011369 0.490560 0.021904 0.021056
0 0.011389 0.438592 0.021864 0.017472
0 0.011342 0.526400 0.021958 0.018368
0 0.011358 0.489216 0.021927 0.018368
0 0.011372 0.454272 0.021898 0.017024
0 0.011384 0.426496 0.021874 0.015232
0 0.011422 0.341376 0.021798 0.016128
0 0.011407 0.361984 0.021830 0.015680
0 0.011420 0.316288 0.021803 0.013440
0 0.011425 0.296576 0.021793 0.017024
0 0.011431 0.261632 0.021780 0.019712
0 0.011460 0.181888 0.021722 0.013440
0 0.011480 0.063616 0.021682 0.013888
0 0.011284 0.667968 0.022075 0.016576
0 0.011262 0.680064 0.022118 0.016128
0 0.011236 0.724416 0.022170 0.013888
0 0.011815 0.601216 0.021013 0.008512
0 0.012000 0.757120 0.020642 0.015232
0 0.012012 0.814016 0.020618 0.009408
0 0.011993 0.756672 0.020658 0.012544
0 0.012022 0.754432 0.020599 0.014336
0 0.012040 0.787136 0.020562 0.014336
0 0.012068 0.746816 0.020507 0.014784
0 0.011905 0.817600 0.020833 0.015680
0 0.011920 0.672000 0.020803 0.014784
0 0.011816 0.579264 0.021010 0.008064
0 0.011248 0.723968 0.022148 0.021504
0 0.011816 0.667968 0.021010 0.009408
0 0.011819 0.709632 0.021006 0.007168
0 0.011706 0.691264 0.021232 0.024192
0 0.011787 0.519680 0.021069 0.008064
0 0.011192 0.779968 0.022259 0.014784
0 0.011186 0.815808 0.022271 0.016128
0 0.011210 0.782656 0.022223 0.016128
0 0.011214 0.751296 0.022214 0.015680
0 0.010324 0.213248 0.019530 0.052864
