0 0.011731 0.820736 0.021180 0.012096
0 0.011290 0.212352 0.022063 0.014784
0 0.011436 0.160384 0.021771 0.008064
0 0.011398 0.236992 0.021848 0.014336
0 0.011371 0.233408 0.021900 0.014336
0 0.011334 0.222656 0.021975 0.017024
0 0.011318 0.219520 0.022007 0.016128
0 0.011309 0.218624 0.022024 0.015680
0 0.011296 0.213248 0.022050 0.013440
0 0.011258 0.206528 0.022126 0.014336
0 0.011281 0.094976 0.022082 0.006720
0 0.011273 0.145152 0.022096 0.009408
0 0.011272 0.136640 0.022098 0.007616
0 0.011279 0.114240 0.022085 0.006720
0 0.010247 0.032704 0.019684 0.019712
0 0.010736 0.760704 0.018707 0.019264
0 0.011780 0.820288 0.021082 0.015680
0 0.011775 0.820288 0.021093 0.014336
0 0.011435 0.150528 0.021772 0.008960
0 0.011288 0.063168 0.022066 0.006720
0 0.011765 0.804160 0.021112 0.015232
0 0.011500 0.271488 0.021643 0.008064
0 0.011928 0.175616 0.020787 0.015680
0 0.011745 0.081536 0.021153 0.008064
0 0.011734 0.094528 0.021174 0.017920
0 0.011492 0.182784 0.021659 0.013440
0 0.011474 0.215040 0.021694 0.016576
0 0.011488 0.219968 0.021667 0.015680
0 0.011505 0.235648 0.021633 0.007616
0 0.011502 0.262080 0.021639 0.008960
0 0.011288 0.051968 0.022068 0.008064
0 0.011504 0.245952 0.021635 0.008064
0 0.011331 0.024640 0.021981 0.007616
0 0.011326 0.044352 0.021992 0.008064
0 0.011318 0.069888 0.022007 0.008960
0 0.011313 0.115136 0.022018 0.007616
0 0.011313 0.123648 0.022018 0.008064
0 0.011314 0.131712 0.022014 0.007616
0 0.011769 0.819392 0.021106 0.015680
0 0.010277 0.393344 0.019624 0.016576
0 0.011873 0.355264 0.020897 0.006720
0 0.010609 0.180544 0.018961 0.017472
0 0.010156 0.155008 0.019867 0.009856
0 0.010160 0.121856 0.019858 0.010304
0 0.010164 0.087360 0.019851 0.010752
0 0.010891 0.889280 0.018396 0.010752
0 0.010865 0.753536 0.018449 0.011648
0 0.010607 0.202496 0.018966 0.014336
0 0.010606 0.189952 0.018966 0.015680
0 0.010606 0.168000 0.018967 0.015232
0 0.010159 0.209216 0.019861 0.017920
0 0.010610 0.156800 0.018959 0.015680
0 0.010542 0.181440 0.019095 0.030464
0 0.010543 0.151424 0.019092 0.029568
0 0.010987 0.885248 0.018205 0.043456
0 0.011003 0.800576 0.018173 0.030464
0 0.011013 0.803712 0.018154 0.030912
0 0.011022 0.805504 0.018135 0.031808
0 0.010147 0.169792 0.019885 0.009408
0 0.010165 0.210560 0.019848 0.019264
0 0.010940 0.307328 0.018298 0.015232
0 0.010200 0.090496 0.019779 0.009408
0 0.010170 0.074816 0.019838 0.008512
0 0.010172 0.043008 0.019835 0.011648
0 0.010190 0.184128 0.019799 0.010752
0 0.010193 0.175168 0.019793 0.008512
0 0.010198 0.159040 0.019783 0.008512
0 0.010197 0.140672 0.019785 0.009408
0 0.010195 0.105280 0.019789 0.008064
0 0.010199 0.079296 0.019781 0.009408
0 0.010186 0.216384 0.019807 0.020160
0 0.010203 0.061376 0.019773 0.009408
0 0.010210 0.034496 0.019758 0.012096
0 0.010267 0.232960 0.019645 0.019712
0 0.010251 0.230720 0.019677 0.016128
0 0.010237 0.226240 0.019705 0.018368
0 0.010230 0.225344 0.019718 0.019712
0 0.010209 0.219968 0.019761 0.018816
0 0.011902 0.247296 0.020838 0.010304
0 0.011949 0.181440 0.020745 0.016128
0 0.011959 0.607040 0.020725 0.008064
0 0.011996 0.856128 0.020651 0.009408
0 0.011046 0.812224 0.018086 0.021056
0 0.012039 0.865984 0.020565 0.009408
0 0.012016 0.845376 0.020612 0.008512
0 0.012001 0.820288 0.020642 0.008960
0 0.011999 0.829248 0.020646 0.009408
0 0.011997 0.838656 0.020649 0.009408
0 0.011994 0.846272 0.020655 0.008960
0 0.011995 0.864192 0.020652 0.009856
0 0.011959 0.615552 0.020725 0.007168
0 0.011981 0.883008 0.020682 0.014784
0 0.011988 0.818048 0.020667 0.009408
0 0.011987 0.827008 0.020668 0.006720
0 0.011978 0.705152 0.020686 0.009408
0 0.011965 0.728448 0.020713 0.009408
0 0.011951 0.723968 0.020741 0.008960
0 0.011930 0.738752 0.020783 0.016576
0 0.011957 0.680064 0.020730 0.011200
0 0.011953 0.647360 0.020736 0.009408
0 0.011979 0.638848 0.020686 0.010304
0 0.011934 0.135296 0.020775 0.012992
0 0.011993 0.736064 0.020656 0.014336
0 0.011872 0.581056 0.020898 0.013888
0 0.012016 0.434112 0.020612 0.014336
0 0.012006 0.472192 0.020632 0.012544
0 0.012151 0.437248 0.020341 0.006720
0 0.012153 0.417536 0.020337 0.007616
0 0.012253 0.469952 0.020136 0.017024
0 0.011512 0.187712 0.021620 0.014336
0 0.011952 0.655872 0.020738 0.009408
0 0.011823 0.645568 0.020997 0.014336
0 0.011817 0.644224 0.021009 0.016128
0 0.011954 0.637504 0.020734 0.006720
0 0.011998 0.757568 0.020647 0.006720
0 0.012004 0.662592 0.020634 0.015232
0 0.010894 0.591808 0.018391 0.007616
0 0.011977 0.649600 0.020688 0.009408
0 0.011721 0.819392 0.021201 0.016576
0 0.011976 0.659456 0.020691 0.012096
0 0.012052 0.236544 0.020538 0.016576
0 0.012225 0.034496 0.020193 0.016128
0 0.012270 0.048832 0.020103 0.013888
0 0.012259 0.044800 0.020125 0.014336
0 0.012254 0.043456 0.020135 0.015680
0 0.012248 0.041664 0.020146 0.015232
0 0.012243 0.039424 0.020157 0.014336
0 0.012237 0.036736 0.020169 0.015232
0 0.012231 0.036288 0.020181 0.014336
0 0.012219 0.033152 0.020204 0.016128
0 0.012063 0.211008 0.020517 0.007616
0 0.012213 0.030016 0.020216 0.017920
0 0.012208 0.025984 0.020226 0.017472
0 0.012197 0.019264 0.020249 0.015232
0 0.012218 0.340480 0.020207 0.009856
0 0.012221 0.318080 0.020201 0.012544
0 0.012146 0.227584 0.020350 0.009408
0 0.012046 0.281792 0.020551 0.014336
0 0.012062 0.219520 0.020519 0.008512
0 0.012058 0.152768 0.020526 0.014336
0 0.011993 0.611968 0.020658 0.016576
0 0.011861 0.606144 0.020922 0.016576
0 0.011994 0.660352 0.020655 0.016128
0 0.011988 0.658112 0.020666 0.015232
0 0.011931 0.667520 0.020781 0.011200
0 0.011954 0.630784 0.020735 0.013440
0 0.011961 0.600320 0.020721 0.010304
0 0.011868 0.723520 0.020907 0.017472
0 0.011857 0.721280 0.020928 0.017472
0 0.011850 0.585088 0.020943 0.010752
0 0.011568 0.562240 0.021507 0.017024
0 0.011851 0.577024 0.020940 0.011200
0 0.011584 0.618688 0.021474 0.007616
0 0.011572 0.721728 0.021500 0.008512
0 0.011579 0.662144 0.021486 0.009408
0 0.011579 0.653632 0.021484 0.008064
0 0.011579 0.646464 0.021484 0.008512
0 0.011583 0.627200 0.021477 0.009408
0 0.010139 0.185024 0.019900 0.015232
