0 0.011238 0.792064 0.022166 0.011200
0 0.010443 0.311360 0.019294 0.031808
0 0.010277 0.315392 0.019625 0.029120
0 0.010542 0.344960 0.019095 0.028672
0 0.010519 0.347200 0.019140 0.029120
0 0.010530 0.316288 0.019118 0.029568
0 0.010507 0.314496 0.019165 0.028224
0 0.010493 0.344960 0.019192 0.029568
0 0.010477 0.342272 0.019224 0.027328
0 0.010418 0.340480 0.019344 0.025984
0 0.010454 0.339136 0.019270 0.030464
0 0.010394 0.336896 0.019391 0.032704
0 0.010075 0.467264 0.020029 0.021056
0 0.010373 0.297920 0.019432 0.045248
0 0.010454 0.207872 0.019270 0.025984
0 0.010819 0.286720 0.018540 0.071232
0 0.010605 0.599872 0.018969 0.030464
0 0.010559 0.597184 0.019060 0.031808
0 0.010548 0.499520 0.019082 0.016576
0 0.010555 0.466368 0.019068 0.016576
0 0.010584 0.343168 0.019010 0.037184
0 0.010563 0.339584 0.019053 0.041216
0 0.010332 0.280000 0.019514 0.025984
0 0.010065 0.493248 0.020050 0.015232
0 0.011355 0.925120 0.021932 0.018816
0 0.010677 0.766976 0.018825 0.022400
0 0.010673 0.441728 0.018834 0.019712
0 0.010344 0.858368 0.019490 0.023296
0 0.011577 0.850304 0.021489 0.018368
0 0.010435 0.829696 0.019309 0.033152
0 0.010477 0.729792 0.019224 0.012992
0 0.010462 0.819392 0.019254 0.026432
0 0.010304 0.870464 0.019570 0.014784
0 0.012072 0.966336 0.020498 0.010304
0 0.010696 0.773248 0.018786 0.021504
0 0.010746 0.782656 0.018687 0.033152
0 0.010057 0.576128 0.020064 0.015680
0 0.010731 0.780416 0.018717 0.024192
0 0.010713 0.773696 0.018753 0.027776
0 0.014129 0.942144 0.025313 0.072576
0 0.010912 0.404544 0.018354 0.013888
0 0.010915 0.394688 0.018349 0.012992
0 0.010917 0.370944 0.018344 0.012096
0 0.010918 0.381696 0.018343 0.013440
0 0.010057 0.600320 0.020064 0.014336
0 0.010056 0.587776 0.020068 0.013440
0 0.010516 0.416192 0.019147 0.024192
0 0.010477 0.414400 0.019224 0.026880
0 0.010394 0.399616 0.019391 0.017920
0 0.010740 0.545216 0.018699 0.029120
0 0.010729 0.721280 0.018721 0.034496
0 0.010716 0.718592 0.018746 0.031808
0 0.010696 0.719936 0.018786 0.034048
0 0.010723 0.676032 0.018732 0.027776
0 0.010729 0.663488 0.018721 0.027776
0 0.010778 0.661248 0.018622 0.031808
0 0.010783 0.554624 0.018613 0.034496
0 0.010762 0.627200 0.018654 0.033600
0 0.010726 0.540736 0.018727 0.028224
0 0.010721 0.499072 0.018736 0.048832
0 0.010334 0.388864 0.019510 0.025088
0 0.010684 0.367360 0.018810 0.020608
0 0.010681 0.392448 0.018816 0.019712
0 0.010225 0.300608 0.019729 0.045696
0 0.010247 0.301056 0.019684 0.051072
0 0.010398 0.160384 0.019382 0.051968
0 0.010371 0.156800 0.019437 0.051072
0 0.010352 0.148736 0.019474 0.052416
0 0.010330 0.142016 0.019518 0.048384
0 0.010234 0.132608 0.019711 0.050176
0 0.010749 0.724416 0.018680 0.030016
0 0.010826 0.660352 0.018527 0.028224
0 0.010825 0.679168 0.018529 0.027776
0 0.010819 0.693504 0.018540 0.027776
0 0.011446 0.310912 0.021751 0.026880
0 0.010303 0.322560 0.019573 0.031360
0 0.010681 0.806848 0.018816 0.017024
0 0.010739 0.841792 0.018702 0.022400
0 0.010709 0.840896 0.018761 0.031360
0 0.010682 0.838656 0.018814 0.027776
0 0.010655 0.840896 0.018869 0.030464
0 0.010640 0.843136 0.018899 0.030464
0 0.010569 0.879424 0.019041 0.020160
0 0.010616 0.847616 0.018946 0.028672
0 0.010602 0.848960 0.018974 0.026880
0 0.010583 0.851200 0.019013 0.025088
0 0.010838 0.864192 0.018503 0.027776
0 0.010853 0.503104 0.018472 0.018816
0 0.010787 0.766528 0.018604 0.029568
0 0.010806 0.759360 0.018567 0.030016
0 0.010801 0.741440 0.018577 0.032704
0 0.010809 0.723968 0.018561 0.028672
0 0.010818 0.707392 0.018543 0.026880
0 0.010703 0.542080 0.018772 0.025088
0 0.010705 0.694848 0.018768 0.016128
0 0.010733 0.646912 0.018712 0.025984
0 0.011636 0.956928 0.021371 0.019264
0 0.011758 0.974400 0.021127 0.017024
0 0.011783 0.980672 0.021076 0.019712
0 0.011746 0.970816 0.021150 0.018368
0 0.011732 0.969024 0.021178 0.019264
0 0.011717 0.967680 0.021208 0.018368
0 0.011703 0.964992 0.021236 0.016576
0 0.011689 0.963648 0.021266 0.019264
0 0.011675 0.962752 0.021292 0.025984
0 0.011665 0.961408 0.021313 0.018368
0 0.011621 0.953792 0.021400 0.019712
0 0.011286 0.964096 0.022072 0.018368
0 0.011594 0.951104 0.021455 0.017920
0 0.011507 0.944384 0.021628 0.016576
0 0.011259 0.962752 0.022125 0.018368
0 0.011273 0.964096 0.022097 0.016576
0 0.011594 0.740992 0.021455 0.012544
0 0.011572 0.791168 0.021499 0.012096
0 0.011655 0.564032 0.021333 0.012096
0 0.010683 0.794304 0.018812 0.016576
0 0.011581 0.949760 0.021481 0.017920
0 0.011798 0.981568 0.021048 0.020160
0 0.011829 0.982912 0.020985 0.016576
0 0.011221 0.691264 0.022201 0.012096
0 0.011222 0.700672 0.022200 0.010304
0 0.010836 0.562240 0.018507 0.013888
0 0.010834 0.578368 0.018511 0.013888
0 0.010828 0.595392 0.018523 0.013888
0 0.010822 0.609728 0.018535 0.013888
0 0.010822 0.628096 0.018534 0.015232
0 0.012157 0.764736 0.020329 0.018816
0 0.012149 0.787136 0.020346 0.018816
0 0.012144 0.808640 0.020355 0.019264
0 0.012139 0.831936 0.020365 0.020160
0 0.010273 0.181888 0.019633 0.019712
0 0.011344 0.027328 0.021955 0.011648
0 0.010687 0.379008 0.018805 0.014784
0 0.010690 0.348992 0.018799 0.017024
0 0.010701 0.333760 0.018776 0.016128
0 0.012237 0.229376 0.020169 0.009408
0 0.012236 0.216832 0.020170 0.010304
0 0.011878 0.657216 0.020886 0.021504
0 0.011249 0.625408 0.022145 0.020608
0 0.011227 0.681408 0.022188 0.010304
0 0.011566 0.948864 0.021510 0.018816
0 0.011298 0.966336 0.022046 0.017920
0 0.010758 0.806400 0.018662 0.016128
0 0.012204 0.356160 0.020235 0.014336
0 0.010551 0.421568 0.019077 0.029568
0 0.011585 0.183232 0.021473 0.021952
0 0.011600 0.183680 0.021444 0.021952
0 0.012235 0.238336 0.020174 0.009408
0 0.012223 0.251776 0.020197 0.012544
0 0.012097 0.723520 0.020448 0.013440
0 0.012095 0.732480 0.020453 0.011200
0 0.012097 0.742336 0.020448 0.012096
0 0.012092 0.750848 0.020458 0.012992
0 0.012173 0.461440 0.020297 0.013440
0 0.011312 0.967680 0.022019 0.019712
0 0.012164 0.499072 0.020315 0.014336
0 0.012161 0.512960 0.020320 0.012992
0 0.012104 0.714560 0.020435 0.012992
0 0.012108 0.694400 0.020428 0.012544
0 0.012110 0.676480 0.020424 0.010752
0 0.012114 0.664832 0.020415 0.013440
0 0.012145 0.564032 0.020353 0.012544
0 0.010093 0.845376 0.019992 0.015232
0 0.010747 0.831488 0.018684 0.019712
0 0.010977 0.380352 0.018225 0.021952
0 0.011669 0.487872 0.021305 0.014336
0 0.012083 0.798336 0.020476 0.012096
0 0.012078 0.817600 0.020487 0.010752
0 0.011326 0.969920 0.021991 0.019712
0 0.011302 0.917952 0.022038 0.025088
0 0.011275 0.912576 0.022093 0.020160
0 0.011295 0.853888 0.022052 0.010752
0 0.011221 0.710976 0.022201 0.012992
0 0.011295 0.718144 0.022054 0.020160
0 0.011461 0.891968 0.021722 0.013440
0 0.011902 0.905856 0.020839 0.012992
0 0.011985 0.976640 0.020674 0.022848
0 0.012026 0.969024 0.020592 0.014784
0 0.012076 0.946624 0.020492 0.016576
0 0.010996 0.969024 0.018186 0.010304
0 0.011038 0.973504 0.018103 0.011648
0 0.012225 0.913920 0.020193 0.021504
0 0.012152 0.903616 0.020338 0.017920
0 0.012137 0.901824 0.020369 0.020160
0 0.012085 0.891520 0.020474 0.017920
0 0.011990 0.879424 0.020662 0.017024
0 0.011994 0.844928 0.020656 0.017920
0 0.010309 0.137088 0.019561 0.050176
