0 0.011701 0.814016 0.021240 0.014784
0 0.010108 0.469952 0.019963 0.020608
0 0.011096 0.722176 0.017987 0.011648
0 0.010295 0.945280 0.019589 0.010304
0 0.010295 0.954688 0.019588 0.011200
0 0.010296 0.964544 0.019586 0.011200
0 0.010301 0.971712 0.019576 0.010752
0 0.010417 0.867328 0.019345 0.017024
0 0.010100 0.473984 0.019979 0.019712
0 0.011734 0.527296 0.021176 0.018816
0 0.011103 0.689920 0.017972 0.021952
0 0.011727 0.531328 0.021189 0.019264
0 0.010941 0.630336 0.018297 0.014784
0 0.010981 0.598976 0.018216 0.012096
0 0.012065 0.154112 0.020512 0.012096
0 0.012064 0.140224 0.020516 0.010752
0 0.012064 0.111552 0.020516 0.008960
0 0.012064 0.100800 0.020515 0.010304
0 0.011096 0.712320 0.017986 0.011648
0 0.011097 0.692160 0.017985 0.021952
0 0.010309 0.535808 0.019561 0.014336
0 0.010805 0.512960 0.018569 0.014336
0 0.010312 0.556864 0.019555 0.017024
0 0.010317 0.578816 0.019545 0.022400
0 0.010319 0.591360 0.019541 0.022848
0 0.010320 0.602112 0.019538 0.023296
0 0.010322 0.614208 0.019534 0.022848
0 0.010806 0.490560 0.018567 0.013888
0 0.010803 0.503104 0.018572 0.015680
0 0.010831 0.499968 0.018517 0.024640
0 0.011095 0.695296 0.017990 0.022400
0 0.010846 0.495936 0.018486 0.024640
0 0.010905 0.557312 0.018369 0.023744
0 0.010898 0.565376 0.018383 0.022400
0 0.010936 0.647360 0.018307 0.017024
0 0.011060 0.734272 0.018058 0.017920
0 0.011080 0.697984 0.018019 0.021056
0 0.011087 0.696640 0.018006 0.022400
0 0.011398 0.171584 0.021846 0.019264
0 0.011415 0.165312 0.021813 0.016128
0 0.011420 0.160384 0.021802 0.014784
0 0.011749 0.532224 0.021145 0.008960
0 0.011654 0.262080 0.021334 0.009856
0 0.011658 0.287168 0.021326 0.011200
0 0.011664 0.320768 0.021315 0.012544
0 0.011197 0.453824 0.022249 0.013888
0 0.011704 0.545664 0.021235 0.010752
0 0.011702 0.538048 0.021238 0.010752
0 0.011755 0.519232 0.021133 0.018816
0 0.011854 0.471744 0.020936 0.016128
0 0.011426 0.158592 0.021791 0.014784
0 0.011850 0.473984 0.020944 0.016576
0 0.011845 0.476224 0.020953 0.017024
0 0.011840 0.478016 0.020964 0.017920
0 0.011834 0.480256 0.020974 0.016576
0 0.011830 0.482496 0.020982 0.018816
0 0.011825 0.484736 0.020993 0.016576
0 0.011820 0.486976 0.021002 0.017920
0 0.011656 0.271936 0.021330 0.009856
0 0.011800 0.163072 0.021042 0.016128
0 0.011823 0.316288 0.020996 0.011200
0 0.011826 0.324352 0.020990 0.011200
0 0.011430 0.154560 0.021783 0.017024
0 0.011552 0.219072 0.021539 0.012992
0 0.011803 0.103488 0.021037 0.008960
0 0.011802 0.201600 0.021038 0.010304
0 0.011810 0.235648 0.021022 0.011648
0 0.011803 0.261184 0.021037 0.011200
0 0.011821 0.292096 0.021001 0.012096
0 0.011819 0.345408 0.021004 0.011648
0 0.011821 0.353920 0.021001 0.012096
0 0.011817 0.337344 0.021009 0.011200
0 0.011816 0.329728 0.021012 0.009408
0 0.011810 0.314048 0.021022 0.010752
0 0.011806 0.289408 0.021030 0.009856
0 0.011830 0.349440 0.020982 0.010304
0 0.011829 0.340928 0.020985 0.009856
0 0.010311 0.545664 0.019557 0.017920
0 0.010292 0.486976 0.019595 0.018368
0 0.011781 0.504448 0.021080 0.018816
0 0.010833 0.213248 0.018512 0.022848
0 0.010853 0.156352 0.018473 0.016576
0 0.010827 0.148736 0.018524 0.017472
0 0.010827 0.135744 0.018524 0.016128
0 0.010831 0.160832 0.018518 0.014336
0 0.010832 0.171584 0.018515 0.012992
0 0.010832 0.183232 0.018514 0.012096
0 0.010834 0.195776 0.018510 0.010304
0 0.010841 0.221312 0.018497 0.010752
0 0.010850 0.133952 0.018479 0.018816
0 0.010854 0.217280 0.018470 0.010304
0 0.010869 0.213696 0.018441 0.012096
0 0.010882 0.209664 0.018414 0.011648
0 0.010919 0.264768 0.018341 0.031360
0 0.010923 0.315392 0.018333 0.027328
0 0.010926 0.341824 0.018326 0.024640
0 0.010928 0.367360 0.018322 0.025536
0 0.010851 0.144256 0.018476 0.018816
0 0.010876 0.101248 0.018427 0.013888
0 0.010290 0.471296 0.019598 0.018368
0 0.010865 0.177856 0.018449 0.024640
0 0.010893 0.119616 0.018393 0.021952
0 0.010894 0.130816 0.018391 0.023744
0 0.010895 0.143808 0.018388 0.021952
0 0.010896 0.157248 0.018386 0.021504
0 0.010898 0.169792 0.018383 0.021056
0 0.010899 0.181440 0.018380 0.021056
0 0.010858 0.179648 0.018463 0.026432
0 0.010873 0.176064 0.018433 0.026432
0 0.010862 0.106624 0.018454 0.012544
0 0.010880 0.172928 0.018419 0.027328
0 0.010886 0.170688 0.018406 0.027328
0 0.010872 0.149632 0.018435 0.010304
0 0.010869 0.138432 0.018440 0.009408
0 0.010869 0.127232 0.018440 0.009856
0 0.010831 0.116928 0.018516 0.014784
0 0.010848 0.112000 0.018483 0.012544
0 0.010930 0.388864 0.018318 0.021056
0 0.010933 0.410816 0.018312 0.024192
0 0.010923 0.428288 0.018332 0.012544
0 0.010874 0.475328 0.018430 0.026880
0 0.010949 0.163072 0.018280 0.010304
0 0.010920 0.471744 0.018338 0.025536
0 0.010914 0.472640 0.018351 0.028224
0 0.010908 0.473984 0.018363 0.021056
0 0.010902 0.474432 0.018375 0.022848
0 0.010893 0.476224 0.018392 0.028224
0 0.010882 0.478016 0.018414 0.027328
0 0.010870 0.489664 0.018439 0.024192
0 0.010909 0.431872 0.018360 0.012544
0 0.010851 0.439936 0.018476 0.018816
0 0.010852 0.428288 0.018475 0.015680
0 0.010849 0.418880 0.018480 0.017472
0 0.010850 0.408576 0.018479 0.014784
0 0.010848 0.399168 0.018483 0.014784
0 0.010847 0.388416 0.018486 0.012992
0 0.010843 0.318976 0.018492 0.021056
0 0.010882 0.450688 0.018414 0.011648
0 0.010881 0.439040 0.018416 0.012096
0 0.010879 0.429632 0.018421 0.016128
0 0.010879 0.419776 0.018420 0.014336
0 0.010899 0.416640 0.018380 0.018368
0 0.010910 0.346304 0.018359 0.030464
0 0.010890 0.333312 0.018399 0.016576
0 0.010889 0.346304 0.018400 0.018368
0 0.010870 0.341376 0.018439 0.013888
0 0.010872 0.351680 0.018435 0.013888
0 0.010872 0.361088 0.018434 0.012544
0 0.010872 0.371840 0.018434 0.012096
0 0.010874 0.381696 0.018431 0.010752
0 0.010876 0.400064 0.018426 0.013888
0 0.010892 0.369600 0.018394 0.019712
0 0.010893 0.382144 0.018392 0.019712
0 0.010894 0.393344 0.018390 0.021056
0 0.010896 0.404544 0.018387 0.020608
0 0.010878 0.411264 0.018423 0.012992
0 0.011810 0.492352 0.021023 0.017024
0 0.011749 0.559104 0.021145 0.019712
0 0.011687 0.449792 0.021269 0.014784
0 0.011769 0.509824 0.021105 0.017472
0 0.011899 0.487424 0.020846 0.018368
0 0.011893 0.489664 0.020856 0.017024
0 0.011896 0.408576 0.020851 0.010752
0 0.011897 0.417088 0.020848 0.011200
0 0.011746 0.521472 0.021150 0.016128
0 0.011757 0.516992 0.021129 0.018816
0 0.011763 0.513408 0.021117 0.015680
0 0.011776 0.508032 0.021091 0.016128
0 0.011908 0.482496 0.020826 0.016576
0 0.011786 0.501760 0.021070 0.017472
0 0.011792 0.499520 0.021059 0.017472
0 0.011797 0.496832 0.021049 0.017472
0 0.011802 0.494592 0.021039 0.017472
0 0.011812 0.490112 0.021019 0.017920
0 0.011855 0.466816 0.020932 0.014784
0 0.011861 0.390208 0.020921 0.011648
0 0.011904 0.484288 0.020836 0.016128
0 0.011913 0.479808 0.020816 0.016576
0 0.011888 0.367808 0.020867 0.011200
0 0.011873 0.392896 0.020896 0.011200
0 0.011892 0.383936 0.020859 0.011648
0 0.011869 0.366912 0.020906 0.012096
0 0.011856 0.364672 0.020931 0.010304
0 0.011858 0.372288 0.020927 0.010752
0 0.011859 0.381248 0.020924 0.012096
0 0.011870 0.375424 0.020902 0.012544
0 0.011873 0.383936 0.020898 0.011648
0 0.011892 0.392000 0.020858 0.011648
0 0.011888 0.418880 0.020866 0.017024
0 0.011893 0.400512 0.020856 0.012096
0 0.011874 0.401408 0.020895 0.011200
0 0.011876 0.409472 0.020891 0.010304
0 0.011876 0.417536 0.020890 0.012096
0 0.011878 0.425152 0.020888 0.010752
0 0.011879 0.433216 0.020884 0.010304
0 0.011881 0.441280 0.020882 0.010304
0 0.011862 0.398720 0.020918 0.010304
0 0.011889 0.491904 0.020866 0.017472
0 0.011883 0.494144 0.020877 0.016128
0 0.011901 0.450240 0.020842 0.018816
0 0.011868 0.430976 0.020907 0.011200
0 0.011869 0.439040 0.020904 0.010304
0 0.011871 0.447104 0.020901 0.011648
0 0.011897 0.425600 0.020848 0.011200
0 0.011899 0.432320 0.020845 0.011648
0 0.011908 0.443968 0.020827 0.017024
0 0.011906 0.448448 0.020830 0.017024
0 0.011896 0.452032 0.020852 0.018368
0 0.011879 0.498176 0.020885 0.013888
0 0.011891 0.455168 0.020861 0.018368
0 0.011885 0.457856 0.020873 0.016576
0 0.011881 0.460544 0.020882 0.017920
0 0.011875 0.462784 0.020893 0.018368
0 0.011196 0.459648 0.022250 0.009856
0 0.011229 0.465472 0.022185 0.016576
0 0.011273 0.420224 0.022096 0.013440
0 0.011866 0.422464 0.020910 0.010752
0 0.011865 0.413952 0.020913 0.010304
0 0.011864 0.406336 0.020916 0.012096
0 0.011788 0.540288 0.021066 0.019712
0 0.011873 0.499520 0.020897 0.017472
0 0.011868 0.501312 0.020906 0.016128
0 0.011864 0.503552 0.020916 0.017024
0 0.011859 0.506240 0.020926 0.017472
0 0.011854 0.509824 0.020935 0.016576
0 0.011848 0.511616 0.020946 0.018368
0 0.011844 0.513856 0.020955 0.017920
0 0.011834 0.518784 0.020975 0.018816
0 0.011829 0.521472 0.020985 0.014784
0 0.011823 0.522368 0.020996 0.017472
0 0.011813 0.529536 0.021016 0.019264
0 0.011799 0.535360 0.021045 0.017024
0 0.011794 0.538496 0.021054 0.017024
0 0.011779 0.545664 0.021085 0.016576
0 0.011784 0.542976 0.021074 0.014336
0 0.011889 0.376320 0.020864 0.011200
0 0.011886 0.359744 0.020870 0.012096
0 0.011754 0.556416 0.021135 0.018368
0 0.011956 0.436800 0.020730 0.011648
0 0.011949 0.378112 0.020744 0.011648
0 0.011950 0.385728 0.020742 0.008960
0 0.011952 0.394688 0.020740 0.010304
0 0.011953 0.402752 0.020738 0.010304
0 0.011953 0.411264 0.020736 0.011200
0 0.011954 0.418880 0.020734 0.011200
0 0.011955 0.428288 0.020733 0.010752
0 0.011957 0.445312 0.020729 0.012544
0 0.011947 0.361088 0.020748 0.010752
0 0.011961 0.458304 0.020721 0.018368
0 0.011928 0.473984 0.020788 0.019712
0 0.011936 0.471744 0.020770 0.019712
0 0.011925 0.437248 0.020792 0.017920
0 0.011930 0.435008 0.020783 0.017024
0 0.011909 0.407680 0.020825 0.017024
0 0.011914 0.405888 0.020815 0.017472
0 0.011949 0.368704 0.020745 0.011200
0 0.011947 0.352576 0.020750 0.010752
0 0.011918 0.477568 0.020808 0.017472
0 0.011848 0.455168 0.020946 0.012544
0 0.011759 0.554176 0.021125 0.020160
0 0.011764 0.551488 0.021114 0.021504
0 0.011774 0.547456 0.021096 0.021056
0 0.011808 0.516096 0.021026 0.011200
0 0.011804 0.533120 0.021035 0.019264
0 0.011809 0.531328 0.021024 0.017920
0 0.011839 0.514752 0.020965 0.017024
0 0.011845 0.437696 0.020952 0.012992
0 0.011946 0.343168 0.020751 0.010752
0 0.011845 0.429632 0.020954 0.013440
0 0.011843 0.421120 0.020957 0.010752
0 0.011843 0.411712 0.020958 0.010304
0 0.011839 0.397376 0.020965 0.010304
0 0.011838 0.387968 0.020968 0.009856
0 0.011836 0.380352 0.020971 0.008960
0 0.011945 0.335104 0.020754 0.008512
0 0.011917 0.422912 0.020809 0.018368
0 0.011921 0.420224 0.020800 0.018368
0 0.011928 0.418432 0.020788 0.020160
0 0.011925 0.363776 0.020793 0.017024
0 0.012040 0.211904 0.020564 0.008512
0 0.012039 0.222208 0.020564 0.008512
0 0.012220 0.199360 0.020203 0.014784
0 0.011926 0.399616 0.020791 0.017024
0 0.011932 0.433664 0.020778 0.017024
0 0.011936 0.429184 0.020770 0.016576
0 0.011915 0.367808 0.020813 0.017472
0 0.011929 0.347200 0.020786 0.011200
0 0.011955 0.461888 0.020733 0.018816
0 0.011897 0.357952 0.020849 0.016576
0 0.011902 0.356608 0.020839 0.018816
0 0.011907 0.353920 0.020829 0.017472
0 0.011912 0.351232 0.020819 0.017024
0 0.011922 0.347200 0.020799 0.017920
0 0.011917 0.349440 0.020810 0.017920
0 0.011927 0.339136 0.020788 0.008960
0 0.012035 0.172928 0.020572 0.011200
0 0.012030 0.138432 0.020582 0.009856
0 0.012030 0.106624 0.020582 0.008512
0 0.011834 0.182336 0.020974 0.012096
0 0.011943 0.465920 0.020756 0.017920
0 0.011948 0.462784 0.020746 0.014784
0 0.011903 0.374976 0.020836 0.016576
0 0.011928 0.416640 0.020786 0.019712
0 0.011932 0.396032 0.020779 0.016576
0 0.011937 0.412608 0.020770 0.017920
0 0.011923 0.474432 0.020797 0.016128
0 0.011913 0.370944 0.020817 0.020160
0 0.011628 0.088256 0.021386 0.017472
0 0.011698 0.060928 0.021247 0.015680
0 0.011712 0.054656 0.021218 0.012992
0 0.011813 0.157696 0.021017 0.017920
0 0.011818 0.156352 0.021007 0.017472
0 0.011823 0.154112 0.020997 0.018368
0 0.011795 0.142016 0.021053 0.010752
0 0.010891 0.104832 0.018397 0.023296
