0 0.007655 0.737856 0.011476 0.090048
0 0.005969 0.415296 0.010383 0.025088
0 0.006040 0.541632 0.010242 0.022848
0 0.006019 0.565376 0.010283 0.023296
0 0.006027 0.518336 0.010267 0.024640
0 0.006019 0.505344 0.010283 0.025536
0 0.006012 0.491904 0.010297 0.025088
0 0.005998 0.465920 0.010326 0.024640
0 0.005990 0.452480 0.010342 0.024192
0 0.005983 0.439488 0.010356 0.025088
0 0.005962 0.402304 0.010398 0.025536
0 0.006054 0.567616 0.010214 0.023744
0 0.005954 0.388416 0.010413 0.025536
0 0.005940 0.364224 0.010441 0.026432
0 0.005933 0.351232 0.010455 0.025088
0 0.014672 0.257152 0.028692 0.063616
0 0.006830 0.255808 0.013126 0.091392
0 0.004644 0.112448 0.008569 0.009856
0 0.004644 0.095872 0.008569 0.009856
0 0.004639 0.070784 0.008579 0.017024
0 0.006047 0.554624 0.010227 0.023296
0 0.014981 0.870464 0.028074 0.061376
0 0.015496 0.737408 0.027043 0.063168
0 0.005886 0.949312 0.010549 0.013888
0 0.004939 0.795200 0.007980 0.013440
0 0.004910 0.800128 0.008038 0.013888
0 0.005967 0.948416 0.010387 0.013888
0 0.005967 0.934080 0.010387 0.012992
0 0.005942 0.948864 0.010438 0.013888
0 0.005942 0.933632 0.010438 0.013440
0 0.005912 0.948864 0.010498 0.013888
0 0.005912 0.934080 0.010498 0.013888
0 0.005886 0.934080 0.010550 0.013888
0 0.007137 0.869568 0.012512 0.093632
0 0.006145 0.947520 0.010031 0.012992
0 0.006145 0.933184 0.010032 0.013888
0 0.006118 0.947968 0.010085 0.013440
0 0.006118 0.933184 0.010085 0.014336
0 0.006093 0.948416 0.010136 0.012096
0 0.006092 0.933632 0.010137 0.013440
0 0.006067 0.948864 0.010188 0.012544
0 0.006067 0.934080 0.010188 0.012992
0 0.004633 0.056448 0.008592 0.016576
