0 0.011837 0.215040 0.020970 0.007616
0 0.011678 0.136192 0.021286 0.004928
0 0.011673 0.089152 0.021296 0.003136
0 0.011673 0.093184 0.021296 0.003136
0 0.011748 0.066752 0.021146 0.006272
0 0.011732 0.046592 0.021179 0.007168
0 0.011753 0.048832 0.021137 0.006720
0 0.011764 0.023296 0.021115 0.006272
0 0.012003 0.170240 0.020637 0.003136
0 0.011584 0.172480 0.021475 0.007168
0 0.011625 0.361536 0.021394 0.004032
0 0.011508 0.139328 0.021627 0.004480
0 0.011427 0.152320 0.021789 0.003584
0 0.011403 0.198464 0.021838 0.007616
0 0.011378 0.197120 0.021886 0.006272
0 0.011360 0.197568 0.021924 0.007616
0 0.011342 0.196672 0.021959 0.007168
0 0.011324 0.195776 0.021995 0.006272
0 0.011649 0.064960 0.021345 0.004480
0 0.011651 0.054208 0.021340 0.004928
0 0.011654 0.051072 0.021335 0.004928
0 0.011510 0.414848 0.021624 0.003136
0 0.010775 0.726656 0.018628 0.013888
0 0.010549 0.739200 0.019081 0.014784
0 0.010543 0.743680 0.019093 0.013888
0 0.010642 0.921984 0.018894 0.014336
0 0.010648 0.926464 0.018883 0.014336
0 0.010656 0.935424 0.018866 0.015232
0 0.010661 0.939904 0.018857 0.014784
0 0.010666 0.944384 0.018846 0.014336
0 0.010676 0.953344 0.018827 0.015232
0 0.010770 0.777280 0.018639 0.018368
0 0.010777 0.779520 0.018624 0.024640
0 0.010784 0.776832 0.018611 0.020160
0 0.010796 0.776384 0.018586 0.023744
0 0.010777 0.200256 0.018625 0.004928
0 0.013708 0.173376 0.026156 0.074816
0 0.011314 0.197568 0.022015 0.006272
0 0.011291 0.198912 0.022060 0.006720
0 0.011267 0.207872 0.022108 0.007168
0 0.011485 0.252224 0.021674 0.003584
0 0.011483 0.261184 0.021677 0.003136
0 0.011483 0.264768 0.021677 0.003136
0 0.011483 0.269248 0.021677 0.003584
0 0.011483 0.273280 0.021676 0.003136
0 0.011483 0.276864 0.021677 0.003136
0 0.011483 0.280896 0.021676 0.003136
0 0.011482 0.284928 0.021678 0.003136
0 0.011841 0.196224 0.020961 0.006720
0 0.011612 0.319424 0.021419 0.004032
0 0.011613 0.323008 0.021417 0.004032
0 0.011614 0.326144 0.021415 0.004480
0 0.011615 0.333312 0.021414 0.004032
0 0.011618 0.339584 0.021408 0.004032
0 0.011621 0.350336 0.021400 0.004032
0 0.011621 0.353920 0.021400 0.003584
0 0.011485 0.257152 0.021673 0.003136
0 0.011485 0.247744 0.021673 0.003584
0 0.011261 0.222208 0.022122 0.007168
0 0.011488 0.240576 0.021668 0.005824
0 0.011261 0.232512 0.022121 0.007168
0 0.011261 0.242816 0.022121 0.007168
0 0.011272 0.285376 0.022099 0.006720
0 0.011408 0.267456 0.021827 0.008512
0 0.011420 0.266112 0.021803 0.005376
0 0.011418 0.275968 0.021808 0.007616
0 0.011424 0.276416 0.021795 0.006720
0 0.011429 0.275520 0.021784 0.006720
0 0.011434 0.274176 0.021775 0.007168
0 0.011440 0.274176 0.021763 0.006720
0 0.011443 0.273728 0.021756 0.006720
0 0.011450 0.270592 0.021743 0.007168
0 0.011450 0.279104 0.021743 0.008064
0 0.011470 0.222656 0.021703 0.007616
0 0.011482 0.235200 0.021680 0.007168
0 0.010806 0.627648 0.018567 0.014336
0 0.010814 0.625408 0.018550 0.013888
0 0.010821 0.624512 0.018537 0.013440
0 0.010724 0.052864 0.018730 0.014336
0 0.010803 0.015680 0.018572 0.016576
0 0.010809 0.018368 0.018561 0.016576
0 0.010815 0.064960 0.018549 0.015232
0 0.010821 0.066304 0.018536 0.014336
0 0.010828 0.066752 0.018522 0.013888
0 0.010834 0.070336 0.018510 0.009856
0 0.010840 0.068544 0.018499 0.013888
0 0.010854 0.070336 0.018470 0.013888
0 0.010846 0.144256 0.018486 0.021952
0 0.010838 0.135744 0.018503 0.008960
0 0.010843 0.136640 0.018492 0.009408
0 0.010957 0.095872 0.018265 0.010304
0 0.010970 0.265664 0.018238 0.025088
0 0.010785 0.242368 0.018609 0.004928
0 0.010782 0.227136 0.018615 0.005376
0 0.010781 0.013440 0.018616 0.016128
0 0.010718 0.051968 0.018742 0.014336
0 0.010777 0.209664 0.018625 0.005824
0 0.010712 0.051520 0.018755 0.012544
0 0.010441 0.024640 0.019297 0.015232
0 0.010430 0.048832 0.019318 0.013440
0 0.010421 0.065856 0.019337 0.015232
0 0.010555 0.143808 0.019068 0.005376
0 0.010561 0.153216 0.019057 0.009856
0 0.010566 0.156352 0.019046 0.009408
0 0.010572 0.158144 0.019034 0.009856
0 0.010634 0.022848 0.018911 0.006272
0 0.010652 0.113344 0.018874 0.016128
0 0.010673 0.115584 0.018834 0.013888
0 0.010704 0.120512 0.018770 0.015680
0 0.010685 0.047488 0.018808 0.014336
0 0.010678 0.046592 0.018823 0.014336
0 0.010696 0.048832 0.018786 0.014784
0 0.010703 0.049728 0.018773 0.014784
0 0.010778 0.214592 0.018622 0.004480
0 0.010777 0.204736 0.018624 0.005376
0 0.010828 0.620032 0.018523 0.015232
0 0.010605 0.604352 0.018968 0.013888
0 0.010624 0.599424 0.018930 0.010752
0 0.010632 0.599424 0.018915 0.012544
0 0.010639 0.598528 0.018900 0.012544
0 0.010646 0.595392 0.018886 0.008960
0 0.010653 0.595392 0.018873 0.011200
0 0.010662 0.594944 0.018855 0.012992
0 0.010676 0.593152 0.018826 0.012096
0 0.010768 0.620928 0.018643 0.006720
0 0.010717 0.694848 0.018745 0.025088
0 0.010351 0.581952 0.019477 0.025088
0 0.010344 0.582848 0.019490 0.025088
0 0.010255 0.605696 0.019669 0.009856
0 0.010787 0.577920 0.018604 0.014784
0 0.010843 0.621376 0.018492 0.014784
0 0.010836 0.621824 0.018507 0.012992
0 0.010616 0.606592 0.018947 0.021952
0 0.010713 0.588672 0.018753 0.014336
0 0.010456 0.189504 0.019266 0.008960
0 0.010727 0.585088 0.018724 0.011648
0 0.010203 0.245504 0.019772 0.008960
0 0.010298 0.204288 0.019583 0.013888
0 0.010284 0.209216 0.019610 0.024640
0 0.010307 0.303296 0.019565 0.008064
0 0.010311 0.318080 0.019557 0.008512
0 0.010312 0.325696 0.019554 0.008064
0 0.010254 0.244160 0.019670 0.025088
0 0.010196 0.428288 0.019786 0.025088
0 0.010231 0.510720 0.019716 0.025984
0 0.010255 0.512960 0.019668 0.010304
0 0.010811 0.574784 0.018556 0.015680
0 0.010820 0.573888 0.018539 0.014336
0 0.010780 0.578816 0.018619 0.012544
0 0.010768 0.579264 0.018643 0.011648
0 0.010736 0.584192 0.018707 0.012544
0 0.011622 0.357504 0.021398 0.004032
0 0.011595 0.344512 0.021453 0.004032
0 0.011853 0.145600 0.020937 0.008960
0 0.011822 0.901376 0.020998 0.005824
0 0.011716 0.770112 0.021211 0.006272
0 0.011699 0.783104 0.021245 0.006272
0 0.011707 0.792512 0.021228 0.005824
0 0.011729 0.782656 0.021185 0.005376
0 0.011738 0.821632 0.021168 0.006272
0 0.011750 0.833280 0.021143 0.005824
0 0.011753 0.836416 0.021137 0.006720
0 0.011819 0.870464 0.021004 0.007168
0 0.011593 0.340928 0.021457 0.005376
0 0.011815 0.864192 0.021014 0.005824
0 0.011812 0.861504 0.021019 0.005376
0 0.011809 0.858368 0.021026 0.005824
0 0.011796 0.847168 0.021050 0.005824
0 0.011797 0.877632 0.021049 0.006272
0 0.011794 0.874496 0.021055 0.005376
0 0.011784 0.865536 0.021074 0.005824
0 0.011682 0.769216 0.021278 0.006720
0 0.011798 0.694848 0.021047 0.006720
0 0.011793 0.695296 0.021056 0.006720
0 0.011765 0.730240 0.021112 0.006720
0 0.011733 0.663488 0.021176 0.006720
0 0.011724 0.663936 0.021195 0.007168
0 0.011719 0.665728 0.021206 0.007168
0 0.011708 0.667072 0.021226 0.007168
0 0.011698 0.667520 0.021247 0.006272
0 0.011717 0.646912 0.021209 0.005824
0 0.011709 0.692160 0.021226 0.006720
0 0.011720 0.694848 0.021202 0.007168
0 0.011724 0.697984 0.021194 0.007168
0 0.011729 0.700224 0.021185 0.006272
0 0.011732 0.702464 0.021178 0.006720
0 0.011747 0.714560 0.021149 0.006720
0 0.011753 0.718144 0.021137 0.005376
0 0.011758 0.723968 0.021126 0.007168
0 0.011762 0.727552 0.021119 0.006720
0 0.011778 0.860160 0.021086 0.006720
0 0.011757 0.839104 0.021129 0.006272
0 0.011759 0.842688 0.021125 0.006272
0 0.011480 0.790720 0.021683 0.005824
0 0.011448 0.777280 0.021747 0.006720
0 0.011435 0.767872 0.021774 0.007616
0 0.011431 0.764288 0.021781 0.007616
0 0.011458 0.807744 0.021726 0.007168
0 0.011455 0.805056 0.021733 0.006720
0 0.011452 0.802816 0.021738 0.007168
0 0.011449 0.800128 0.021745 0.007168
0 0.011446 0.797440 0.021751 0.007168
0 0.011443 0.794752 0.021757 0.007168
0 0.011438 0.792960 0.021767 0.007616
0 0.011417 0.777728 0.021809 0.006720
0 0.011410 0.772800 0.021823 0.006720
0 0.011626 0.111104 0.021390 0.004928
0 0.011620 0.129472 0.021403 0.004928
0 0.011673 0.120512 0.021296 0.007168
0 0.011456 0.772352 0.021732 0.006720
0 0.011490 0.774144 0.021663 0.007616
0 0.011784 0.834624 0.021075 0.005376
0 0.011500 0.782208 0.021643 0.006720
0 0.011780 0.831936 0.021084 0.005824
0 0.011778 0.828800 0.021087 0.005376
0 0.011774 0.826112 0.021094 0.005824
0 0.011768 0.819840 0.021106 0.006272
0 0.011307 0.401856 0.022029 0.007168
0 0.011504 0.397376 0.021635 0.004480
0 0.011508 0.405440 0.021628 0.004480
0 0.011506 0.409920 0.021630 0.004928
0 0.011513 0.756224 0.021616 0.006720
0 0.011529 0.768768 0.021585 0.006720
0 0.011511 0.779520 0.021620 0.007168
0 0.011506 0.774592 0.021631 0.006272
0 0.011501 0.772352 0.021641 0.007168
0 0.011494 0.766976 0.021655 0.006720
0 0.011494 0.777280 0.021655 0.006720
0 0.011736 0.645120 0.021170 0.006720
0 0.011742 0.662144 0.021158 0.005376
0 0.011743 0.643776 0.021157 0.007168
0 0.011496 0.365568 0.021651 0.004032
0 0.011500 0.374080 0.021643 0.004032
0 0.011499 0.377664 0.021644 0.004032
0 0.011502 0.381696 0.021639 0.004032
0 0.011501 0.385728 0.021641 0.004032
0 0.011503 0.389760 0.021637 0.004480
0 0.011276 0.296128 0.022091 0.006720
0 0.011294 0.350336 0.022054 0.006720
0 0.011304 0.378112 0.022036 0.006272
0 0.011491 0.503552 0.021661 0.005376
0 0.011405 0.467712 0.021833 0.005824
0 0.011394 0.469056 0.021854 0.006720
0 0.011389 0.469504 0.021864 0.006272
0 0.011384 0.509824 0.021874 0.006720
0 0.011347 0.527744 0.021949 0.005824
0 0.011366 0.590464 0.021911 0.005376
0 0.011497 0.369600 0.021648 0.004928
0 0.011496 0.361536 0.021650 0.004480
0 0.011393 0.614656 0.021856 0.007168
0 0.011495 0.357952 0.021652 0.004928
0 0.011588 0.320320 0.021467 0.004928
0 0.011581 0.328832 0.021482 0.004032
0 0.011582 0.335552 0.021479 0.004032
0 0.011585 0.345856 0.021473 0.004480
0 0.011549 0.310016 0.021545 0.004480
0 0.011557 0.331968 0.021529 0.004928
0 0.011558 0.335552 0.021528 0.004032
0 0.011560 0.346304 0.021523 0.004032
0 0.011561 0.349888 0.021521 0.004480
0 0.011488 0.333312 0.021666 0.004480
0 0.011490 0.338240 0.021662 0.004032
0 0.011491 0.341376 0.021661 0.004032
0 0.011492 0.345856 0.021659 0.004032
0 0.011491 0.349440 0.021660 0.004480
0 0.011494 0.353472 0.021655 0.004480
0 0.011389 0.615104 0.021865 0.005824
0 0.011410 0.611968 0.021823 0.006720
0 0.011758 0.641536 0.021127 0.006720
0 0.011844 0.646912 0.020954 0.007168
0 0.011831 0.650048 0.020980 0.006272
0 0.011835 0.631680 0.020973 0.006272
0 0.011829 0.632128 0.020985 0.006720
0 0.011821 0.634368 0.021001 0.005376
0 0.011809 0.635264 0.021026 0.006720
0 0.011814 0.651840 0.021015 0.006272
0 0.011809 0.652288 0.021024 0.005376
0 0.011806 0.653632 0.021032 0.006720
0 0.011794 0.655424 0.021055 0.006720
0 0.011790 0.654528 0.021063 0.007168
0 0.011783 0.638848 0.021076 0.007168
0 0.011775 0.639296 0.021093 0.006720
0 0.011775 0.657216 0.021093 0.006720
0 0.011764 0.641088 0.021116 0.007168
0 0.011759 0.659904 0.021125 0.006272
0 0.011835 0.649152 0.020973 0.007616
0 0.011849 0.646912 0.020945 0.007616
0 0.011478 0.564032 0.021686 0.003136
0 0.011857 0.646016 0.020928 0.007616
0 0.011616 0.567616 0.021412 0.004032
0 0.011621 0.589120 0.021401 0.004032
0 0.011623 0.596288 0.021397 0.004032
0 0.011624 0.603008 0.021394 0.004032
0 0.011625 0.607040 0.021392 0.004480
0 0.011627 0.610624 0.021389 0.004928
0 0.011638 0.575680 0.021367 0.004032
0 0.011643 0.582400 0.021357 0.003584
0 0.011644 0.589568 0.021354 0.004032
0 0.011646 0.596736 0.021351 0.004032
0 0.011648 0.604800 0.021347 0.004480
0 0.011877 0.624960 0.020890 0.007168
0 0.011901 0.638848 0.020841 0.006272
0 0.011886 0.641536 0.020871 0.007168
0 0.011861 0.645120 0.020922 0.006720
0 0.010389 0.021056 0.019401 0.007616
