0 0.011032 0.718144 0.018114 0.062720
0 0.010301 0.891072 0.019577 0.051520
0 0.010968 0.877184 0.018242 0.048384
0 0.010983 0.888832 0.018213 0.046592
0 0.011095 0.766528 0.017989 0.062720
0 0.010927 0.835072 0.018325 0.046144
0 0.010940 0.848512 0.018298 0.047488
0 0.010894 0.780416 0.018390 0.044352
0 0.010883 0.766528 0.018412 0.045696
0 0.010390 0.788032 0.019398 0.043008
0 0.010450 0.440384 0.019279 0.042112
0 0.010695 0.334656 0.018788 0.047936
0 0.010638 0.412160 0.018902 0.042112
0 0.010671 0.380352 0.018836 0.047040
0 0.010670 0.360640 0.018839 0.047488
0 0.010611 0.340032 0.018957 0.047040
0 0.010623 0.289856 0.018933 0.055552
0 0.010652 0.285376 0.018875 0.050624
0 0.010467 0.404992 0.019244 0.045696
0 0.010464 0.335104 0.019251 0.042112
0 0.010473 0.322112 0.019233 0.042560
0 0.010472 0.305536 0.019234 0.038976
0 0.010481 0.287616 0.019217 0.041664
0 0.010486 0.237888 0.019207 0.035840
0 0.010500 0.224000 0.019179 0.040320
0 0.010507 0.206080 0.019164 0.034944
0 0.010509 0.187264 0.019160 0.036736
0 0.010510 0.155904 0.019158 0.018816
0 0.010527 0.141568 0.019125 0.014336
0 0.010314 0.880320 0.019550 0.051520
0 0.010289 0.898688 0.019601 0.051520
0 0.012255 0.130816 0.020133 0.010304
0 0.010267 0.918400 0.019644 0.048384
0 0.012234 0.128576 0.020175 0.008512
0 0.012248 0.099904 0.020146 0.008512
0 0.012180 0.094080 0.020283 0.008512
0 0.012190 0.124992 0.020262 0.008512
0 0.012093 0.078848 0.020457 0.009408
0 0.012117 0.059136 0.020410 0.015680
0 0.012133 0.119616 0.020376 0.008512
0 0.011986 0.211904 0.020671 0.017920
0 0.011977 0.229376 0.020690 0.017472
0 0.011980 0.193984 0.020682 0.019712
0 0.012003 0.171136 0.020637 0.018816
0 0.012058 0.113344 0.020526 0.008512
0 0.012039 0.112448 0.020565 0.009408
0 0.011988 0.106176 0.020667 0.008512
0 0.011988 0.061376 0.020668 0.017920
0 0.011966 0.105280 0.020710 0.008512
0 0.011907 0.100800 0.020828 0.010304
0 0.011887 0.098560 0.020869 0.009856
0 0.011865 0.097664 0.020913 0.008960
0 0.011793 0.121856 0.021056 0.008960
0 0.011789 0.132608 0.021064 0.009408
0 0.011787 0.142016 0.021070 0.010304
0 0.011787 0.150976 0.021069 0.008512
0 0.011781 0.169792 0.021080 0.008512
0 0.011779 0.180992 0.021084 0.008064
0 0.011776 0.191296 0.021090 0.009408
0 0.011777 0.205632 0.021089 0.010752
0 0.010516 0.124096 0.019147 0.018368
