0 0.005597 0.878080 0.011128 0.014784
0 0.005663 0.061376 0.010996 0.017920
0 0.006042 0.199360 0.010236 0.021056
0 0.006029 0.199360 0.010264 0.021056
0 0.007134 0.198464 0.012518 0.038080
0 0.014755 0.169344 0.028525 0.070336
0 0.005660 0.133504 0.011001 0.017472
0 0.005661 0.115584 0.010999 0.015680
0 0.005662 0.097664 0.010998 0.017024
0 0.005663 0.079296 0.010996 0.015680
0 0.005634 0.132608 0.011054 0.016576
0 0.005597 0.858816 0.011127 0.015680
0 0.005634 0.114688 0.011054 0.016576
0 0.005634 0.097216 0.011053 0.016128
0 0.005635 0.079744 0.011052 0.016576
0 0.004557 0.161728 0.008742 0.024640
0 0.004545 0.161280 0.008768 0.024640
0 0.004531 0.160832 0.008794 0.023744
0 0.004519 0.160384 0.008819 0.023744
0 0.005637 0.060480 0.011048 0.019264
0 0.006054 0.199360 0.010213 0.021056
0 0.006066 0.199360 0.010189 0.021056
0 0.006079 0.199808 0.010163 0.021952
0 0.015324 0.170688 0.027388 0.038976
0 0.014516 0.920640 0.029003 0.031808
0 0.006626 0.729344 0.009070 0.027328
0 0.007728 0.737856 0.011330 0.072128
0 0.014801 0.598528 0.028433 0.039872
0 0.005866 0.556416 0.010590 0.015680
0 0.005868 0.538496 0.010586 0.014784
0 0.005868 0.518784 0.010586 0.013888
0 0.005868 0.502208 0.010586 0.014784
0 0.005868 0.482048 0.010586 0.014336
0 0.005868 0.465920 0.010585 0.014336
0 0.006813 0.505792 0.013159 0.113792
0 0.014661 0.391104 0.028714 0.070336
0 0.006814 0.392448 0.013157 0.110208
0 0.006586 0.349888 0.009150 0.012992
0 0.006586 0.336000 0.009149 0.013440
0 0.007697 0.337344 0.011391 0.075264
0 0.007503 0.169792 0.011779 0.081088
0 0.006909 0.173824 0.012968 0.122304
