0 0.011896 0.621824 0.020850 0.013888
0 0.010704 0.629888 0.018770 0.022848
0 0.010641 0.848960 0.018897 0.021952
0 0.011268 0.078400 0.022107 0.017920
0 0.011485 0.243264 0.021672 0.017472
0 0.011495 0.250880 0.021652 0.015232
0 0.011504 0.259840 0.021636 0.016128
0 0.011513 0.266560 0.021617 0.013888
0 0.011494 0.283136 0.021656 0.016576
0 0.011484 0.274624 0.021675 0.017472
0 0.011478 0.264768 0.021687 0.016128
0 0.011470 0.256256 0.021703 0.015232
0 0.011476 0.239232 0.021691 0.014784
0 0.011466 0.244608 0.021710 0.016128
0 0.011456 0.251328 0.021731 0.019712
0 0.011445 0.256704 0.021753 0.017920
0 0.011435 0.263872 0.021772 0.017920
0 0.011425 0.270144 0.021793 0.017920
0 0.011413 0.277760 0.021818 0.017024
0 0.011409 0.288512 0.021824 0.016128
0 0.011438 0.275520 0.021767 0.018816
0 0.011426 0.289856 0.021791 0.017024
0 0.011700 0.072576 0.021242 0.021056
0 0.010771 0.231168 0.018636 0.021504
0 0.012146 0.116480 0.020350 0.020608
0 0.012085 0.418432 0.020473 0.016128
0 0.012067 0.422464 0.020510 0.016128
0 0.012058 0.430976 0.020528 0.018368
0 0.012062 0.454720 0.020519 0.018368
0 0.010740 0.651392 0.018699 0.020608
0 0.010755 0.656320 0.018669 0.024192
0 0.012083 0.492800 0.020478 0.018816
0 0.010735 0.634816 0.018709 0.020160
0 0.010532 0.461888 0.019115 0.035840
0 0.010545 0.454720 0.019089 0.034048
0 0.010635 0.424256 0.018908 0.035840
0 0.010652 0.433216 0.018874 0.033152
0 0.010658 0.445312 0.018862 0.034048
0 0.010663 0.457856 0.018853 0.031360
0 0.010674 0.466368 0.018830 0.035392
0 0.010674 0.478464 0.018830 0.036736
0 0.010690 0.487424 0.018799 0.036288
0 0.010688 0.502208 0.018802 0.037632
0 0.010692 0.513408 0.018795 0.044352
0 0.010762 0.518336 0.018654 0.028224
0 0.010752 0.530432 0.018675 0.025984
0 0.010735 0.535808 0.018709 0.028672
0 0.010723 0.542080 0.018732 0.030912
0 0.010709 0.547904 0.018761 0.030016
0 0.010693 0.556416 0.018793 0.030912
0 0.010681 0.565824 0.018816 0.030016
0 0.010668 0.572992 0.018842 0.028224
0 0.010655 0.579712 0.018869 0.030912
0 0.010643 0.588224 0.018893 0.028672
0 0.010629 0.596736 0.018921 0.029120
0 0.010774 0.675584 0.018632 0.018816
0 0.010753 0.696192 0.018673 0.047040
0 0.010791 0.682752 0.018596 0.023744
0 0.010748 0.671552 0.018683 0.023296
0 0.010766 0.690368 0.018647 0.023296
0 0.012072 0.473984 0.020500 0.017920
0 0.012111 0.468160 0.020420 0.012992
0 0.011891 0.616448 0.020861 0.013440
0 0.011745 0.830144 0.021152 0.018816
0 0.010585 0.735616 0.019008 0.022400
0 0.010611 0.767424 0.018957 0.022848
0 0.010629 0.786688 0.018921 0.020160
0 0.011761 0.805056 0.021121 0.016576
0 0.011766 0.774592 0.021111 0.014784
0 0.010683 0.773696 0.018813 0.024192
0 0.010698 0.795648 0.018784 0.023296
0 0.011515 0.444864 0.021614 0.012096
0 0.011217 0.803264 0.022208 0.019264
0 0.010782 0.200704 0.018615 0.032256
0 0.010765 0.172480 0.018649 0.028672
0 0.012199 0.725312 0.020245 0.013888
0 0.012218 0.753984 0.020207 0.012096
0 0.012230 0.773248 0.020184 0.012992
0 0.012237 0.782208 0.020168 0.010304
0 0.012250 0.800128 0.020144 0.010304
0 0.012244 0.791168 0.020155 0.008960
0 0.011601 0.283136 0.021442 0.016576
0 0.010759 0.644224 0.018660 0.020608
0 0.010782 0.641088 0.018615 0.018816
0 0.010729 0.697088 0.018720 0.019264
0 0.010736 0.704256 0.018706 0.017920
0 0.010822 0.643328 0.018534 0.019712
0 0.010833 0.970368 0.018512 0.019264
0 0.010828 0.957824 0.018523 0.019264
0 0.010646 0.745024 0.018887 0.025088
0 0.010630 0.725760 0.018919 0.024192
0 0.010571 0.715008 0.019038 0.020160
0 0.011732 0.813568 0.021179 0.017472
0 0.012121 0.485632 0.020401 0.016128
0 0.011719 0.796096 0.021204 0.019264
0 0.012131 0.503104 0.020380 0.012992
0 0.012136 0.511168 0.020371 0.012992
0 0.012160 0.637952 0.020322 0.014336
0 0.012170 0.380352 0.020302 0.018816
0 0.012191 0.388416 0.020261 0.018816
0 0.012189 0.461888 0.020266 0.013888
0 0.011081 0.483840 0.018017 0.020608
0 0.012223 0.570304 0.020197 0.018368
0 0.011722 0.629440 0.021200 0.017024
0 0.010575 0.661696 0.019029 0.019264
0 0.011585 0.695744 0.021473 0.021056
0 0.011556 0.706496 0.021530 0.021952
0 0.011532 0.723520 0.021579 0.020160
0 0.011486 0.745472 0.021670 0.018368
0 0.011455 0.762496 0.021733 0.020160
0 0.011451 0.743680 0.021740 0.019712
0 0.011462 0.737408 0.021718 0.019712
0 0.011479 0.728000 0.021686 0.021056
0 0.011500 0.715008 0.021642 0.019712
0 0.011451 0.686336 0.021740 0.020160
0 0.011484 0.671552 0.021676 0.020608
0 0.011472 0.601664 0.021699 0.019264
0 0.011632 0.698880 0.021378 0.017024
0 0.011702 0.781760 0.021240 0.016128
0 0.011685 0.883904 0.021273 0.017920
0 0.011693 0.893760 0.021258 0.016128
0 0.011713 0.788928 0.021218 0.017024
0 0.010517 0.467712 0.019144 0.034496
