0 0.000092 0.949760 0.000184 0.092288
0 0.000609 0.913920 0.001217 0.097216
0 0.000660 0.852096 0.001321 0.100800
0 0.001041 0.465472 0.002082 0.100800
0 0.000962 0.546112 0.001925 0.100800
0 0.000809 0.280000 0.001618 0.105728
0 0.000762 0.374976 0.001523 0.100800
0 0.000655 0.437696 0.001309 0.104832
0 0.000501 0.166656 0.001001 0.113344
0 0.000435 0.247296 0.000870 0.102592
0 0.000371 0.310016 0.000742 0.106624
0 0.000270 0.579264 0.000540 0.065856
0 0.000274 0.672000 0.000549 0.080192
0 0.000284 0.759808 0.000569 0.085568
