0 0.000113 0.651392 0.000226 0.031360
0 0.000613 0.518784 0.001226 0.073920
0 0.000511 0.564928 0.001022 0.068096
0 0.000454 0.537152 0.000907 0.066304
0 0.000294 0.461888 0.000588 0.044800
0 0.000255 0.440384 0.000511 0.042112
0 0.000145 0.548800 0.000290 0.037632
0 0.000606 0.334656 0.001212 0.069888
0 0.000897 0.475776 0.001794 0.076608
0 0.000908 0.347648 0.001815 0.067200
0 0.000946 0.827904 0.001893 0.080640
0 0.000978 0.774144 0.001957 0.084672
0 0.000806 0.734272 0.001613 0.074816
0 0.000693 0.671104 0.001386 0.063616
0 0.000760 0.700224 0.001520 0.078400
0 0.000747 0.595392 0.001495 0.077056
