0 0.002891 0.577920 0.003146 0.004928
0 0.007477 0.228928 0.011831 0.023296
0 0.000951 0.448448 0.001902 0.009856
0 0.000859 0.433216 0.001717 0.010304
0 0.000824 0.455168 0.001648 0.010752
0 0.000783 0.433216 0.001566 0.007168
0 0.000759 0.449792 0.001519 0.008064
0 0.000752 0.444864 0.001504 0.009408
0 0.000697 0.382592 0.001395 0.010752
0 0.000685 0.404544 0.001370 0.016128
0 0.000540 0.444416 0.001079 0.013440
0 0.000975 0.605696 0.001950 0.010304
0 0.000822 0.580160 0.001644 0.007616
0 0.004110 0.248640 0.005173 0.012544
0 0.008955 0.090944 0.017804 0.018816
0 0.002884 0.574784 0.003160 0.004928
0 0.008939 0.123200 0.017836 0.025536
0 0.009031 0.272384 0.017653 0.021504
0 0.009197 0.409920 0.017320 0.008960
0 0.009270 0.595840 0.017175 0.006720
0 0.009220 0.952896 0.017274 0.008960
0 0.000921 0.598080 0.001843 0.007168
0 0.000929 0.599424 0.001858 0.005376
0 0.000901 0.596288 0.001802 0.004928
0 0.000796 0.582400 0.001592 0.004032
0 0.000760 0.584192 0.001520 0.004480
0 0.004104 0.226240 0.005184 0.012544
0 0.002878 0.573888 0.003172 0.004480
0 0.001029 0.462336 0.002058 0.010304
