0 0.003918 0.297024 0.005557 0.011648
0 0.003886 0.305536 0.005620 0.015232
0 0.007638 0.124992 0.011509 0.012544
0 0.007332 0.364224 0.012122 0.037184
0 0.009462 0.466368 0.016790 0.007168
0 0.009455 0.500416 0.016804 0.007168
0 0.009279 0.616896 0.017156 0.009408
0 0.009267 0.667520 0.017181 0.012544
0 0.009246 0.686336 0.017222 0.012544
0 0.009229 0.705152 0.017257 0.009856
0 0.009208 0.726656 0.017298 0.010752
0 0.009143 0.764736 0.017427 0.013440
0 0.009125 0.771904 0.017465 0.014784
0 0.009033 0.921088 0.017649 0.011648
0 0.009059 0.830592 0.017596 0.012992
0 0.003954 0.396032 0.005485 0.022848
0 0.003985 0.411264 0.005424 0.013440
0 0.004256 0.139328 0.004881 0.009856
0 0.004269 0.132608 0.004855 0.010304
0 0.004266 0.124544 0.004862 0.010304
0 0.004248 0.131712 0.004897 0.011200
0 0.003915 0.317632 0.005564 0.009856
0 0.003990 0.381696 0.005413 0.013440
0 0.009205 0.086912 0.017304 0.023744
