0 0.000153 0.802816 0.000307 0.011648
0 0.002249 0.725312 0.004430 0.005376
0 0.009168 0.031360 0.017378 0.008512
0 0.009219 0.162176 0.017277 0.008960
0 0.009412 0.239232 0.016890 0.009408
0 0.009786 0.276416 0.016142 0.007168
0 0.009970 0.258944 0.015774 0.004928
0 0.002733 0.510272 0.003462 0.003584
0 0.002733 0.517888 0.003463 0.004928
0 0.002732 0.523712 0.003464 0.004928
0 0.002738 0.518336 0.003453 0.004480
0 0.002738 0.523264 0.003453 0.005376
0 0.000088 0.719040 0.000175 0.013440
0 0.000065 0.796544 0.000130 0.013440
0 0.002240 0.728448 0.004449 0.005824
0 0.000174 0.749504 0.000348 0.015680
0 0.003103 0.984256 0.002723 0.004928
0 0.002740 0.511168 0.003449 0.004480
0 0.000408 0.605696 0.000816 0.020608
0 0.000381 0.602560 0.000761 0.018368
0 0.000363 0.609280 0.000725 0.017920
0 0.000329 0.622720 0.000658 0.017920
0 0.000313 0.631232 0.000626 0.018816
0 0.000294 0.636160 0.000588 0.018368
0 0.000236 0.674688 0.000473 0.017472
0 0.000224 0.685440 0.000448 0.017920
0 0.000208 0.701568 0.000416 0.016576
0 0.000197 0.714112 0.000395 0.017472
0 0.009209 0.224896 0.017297 0.014336
