0 0.000860 0.798336 0.001720 0.005824
0 0.000849 0.796096 0.001698 0.005824
0 0.000852 0.781760 0.001704 0.005376
0 0.000970 0.712768 0.001941 0.006720
0 0.000969 0.718592 0.001937 0.006272
0 0.000958 0.710080 0.001916 0.006720
0 0.000940 0.709184 0.001879 0.006720
0 0.000982 0.693952 0.001964 0.005824
0 0.000586 0.988736 0.001172 0.013888
0 0.000982 0.689472 0.001965 0.004928
0 0.000987 0.673792 0.001974 0.005376
0 0.000990 0.676928 0.001980 0.005824
0 0.000921 0.699328 0.001842 0.004928
0 0.000924 0.702464 0.001848 0.004928
0 0.000924 0.697088 0.001849 0.004032
0 0.000922 0.693952 0.001844 0.003584
0 0.000926 0.692160 0.001851 0.003584
0 0.000866 0.799680 0.001732 0.006272
0 0.000854 0.797440 0.001708 0.005824
0 0.000835 0.782208 0.001671 0.007168
