0 0.002780 0.353472 0.003368 0.008960
0 0.001114 0.232064 0.002227 0.015232
0 0.000473 0.040768 0.000945 0.030016
0 0.000490 0.022848 0.000979 0.011200
0 0.000435 0.093184 0.000871 0.014336
0 0.000490 0.102592 0.000980 0.021056
0 0.000540 0.119168 0.001081 0.018816
0 0.000426 0.138432 0.000851 0.016576
0 0.000441 0.141120 0.000882 0.015680
0 0.000571 0.231168 0.001143 0.017472
0 0.000567 0.260288 0.001133 0.020160
0 0.001105 0.241472 0.002211 0.011648
0 0.002766 0.349440 0.003397 0.008960
0 0.001112 0.245952 0.002224 0.010304
0 0.000408 0.394688 0.000817 0.017472
0 0.000401 0.421120 0.000802 0.017024
0 0.000486 0.008064 0.000972 0.016576
0 0.000447 0.007168 0.000894 0.013440
0 0.014137 0.189056 0.025298 0.011200
0 0.001116 0.238336 0.002232 0.009408
0 0.002777 0.363776 0.003376 0.009408
0 0.002762 0.359744 0.003404 0.009856
0 0.001066 0.037184 0.002133 0.018816
