0 0.000420 0.928256 0.000841 0.016576
0 0.000463 0.673792 0.000925 0.009408
0 0.000535 0.699328 0.001071 0.012992
0 0.000514 0.708288 0.001028 0.009856
0 0.000520 0.714112 0.001039 0.013888
0 0.000549 0.715008 0.001098 0.009856
0 0.000445 0.847616 0.000891 0.016576
0 0.000477 0.702464 0.000954 0.008960
0 0.000450 0.670656 0.000900 0.007168
0 0.000941 0.697088 0.001882 0.027328
0 0.000394 0.657216 0.000789 0.011200
0 0.000344 0.669760 0.000687 0.008960
0 0.000331 0.646912 0.000663 0.008960
0 0.000338 0.638848 0.000676 0.011200
0 0.000596 0.556864 0.001192 0.025536
0 0.009802 0.259840 0.016111 0.017024
0 0.000670 0.852992 0.001339 0.015680
0 0.000949 0.713216 0.001897 0.023744
0 0.000410 0.939904 0.000820 0.017472
0 0.000380 0.992768 0.000759 0.014336
0 0.000369 0.986944 0.000738 0.018816
0 0.000352 0.981120 0.000705 0.017920
0 0.000353 0.960512 0.000706 0.017472
0 0.000358 0.945728 0.000715 0.016576
0 0.000302 0.923328 0.000604 0.013440
0 0.000301 0.887040 0.000602 0.017472
0 0.000489 0.700672 0.000978 0.007616
0 0.000992 0.785344 0.001983 0.028224
0 0.003725 0.385280 0.005942 0.018368
0 0.003709 0.385280 0.005975 0.019712
0 0.004400 0.166656 0.004593 0.018368
0 0.009060 0.231616 0.017594 0.017472
0 0.009050 0.232960 0.017614 0.025536
0 0.000226 0.952448 0.000453 0.016576
0 0.009764 0.254016 0.016186 0.014336
