0 0.009496 0.108416 0.016721 0.004032
0 0.009470 0.143808 0.016773 0.007168
0 0.009966 0.526400 0.015783 0.015232
0 0.003453 0.968128 0.006487 0.017472
0 0.004099 0.560448 0.005195 0.016576
0 0.004067 0.551040 0.005259 0.018816
0 0.004076 0.401408 0.005242 0.026880
0 0.004106 0.396032 0.005182 0.023296
0 0.004127 0.431424 0.005138 0.023296
0 0.004141 0.407232 0.005110 0.020608
0 0.003357 0.398720 0.006678 0.021504
0 0.003354 0.418880 0.006685 0.021056
0 0.003696 0.393792 0.006000 0.018816
0 0.003729 0.387520 0.005936 0.021504
0 0.003743 0.389312 0.005908 0.021504
0 0.003771 0.369600 0.005851 0.018816
