0 0.013919 0.158592 0.025734 0.006720
0 0.002438 0.017920 0.004052 0.004032
0 0.000048 0.209216 0.000095 0.006720
0 0.000040 0.205632 0.000079 0.006720
0 0.000028 0.216384 0.000056 0.006720
0 0.000027 0.228480 0.000053 0.006272
0 0.000033 0.230720 0.000066 0.005376
0 0.000095 0.159488 0.000190 0.007616
0 0.000100 0.171136 0.000201 0.005376
0 0.000097 0.175616 0.000193 0.004928
0 0.000093 0.180544 0.000186 0.005376
0 0.000085 0.191296 0.000170 0.005376
0 0.000082 0.239232 0.000164 0.006720
0 0.000078 0.244608 0.000155 0.006272
0 0.002656 0.241920 0.003616 0.003584
0 0.002661 0.241920 0.003607 0.003584
0 0.009076 0.483840 0.017561 0.008512
0 0.009792 0.681408 0.016131 0.012992
0 0.009333 0.671104 0.017048 0.008512
0 0.013397 0.091392 0.026778 0.007168
0 0.002433 0.025088 0.004063 0.003584
0 0.004383 0.197120 0.004628 0.013888
