0 0.000665 0.765632 0.001330 0.012096
0 0.000652 0.259392 0.001304 0.009408
0 0.003006 0.694848 0.002916 0.002688
0 0.003006 0.698432 0.002916 0.003136
0 0.003015 0.697088 0.002899 0.004928
0 0.002990 0.717248 0.002949 0.003136
0 0.002996 0.716800 0.002936 0.003136
0 0.003006 0.718592 0.002916 0.003584
0 0.000634 0.137984 0.001269 0.007616
0 0.000641 0.192640 0.001281 0.007616
0 0.000645 0.205184 0.001289 0.014336
0 0.000648 0.221312 0.001295 0.014784
0 0.000592 0.240576 0.001185 0.013888
0 0.000571 0.223104 0.001142 0.008512
0 0.000654 0.284928 0.001307 0.008512
0 0.000456 0.660800 0.000913 0.021056
0 0.000657 0.301056 0.001315 0.008512
0 0.000608 0.299712 0.001217 0.011648
0 0.000662 0.339584 0.001325 0.008960
0 0.000665 0.351680 0.001331 0.008960
0 0.000657 0.391104 0.001315 0.009408
0 0.000688 0.392000 0.001376 0.013440
0 0.000696 0.446208 0.001391 0.008512
0 0.000665 0.423808 0.001330 0.008512
0 0.000681 0.472192 0.001362 0.012992
0 0.000706 0.499072 0.001411 0.017472
0 0.000720 0.523712 0.001441 0.009408
0 0.000700 0.524160 0.001400 0.009856
0 0.002997 0.697088 0.002935 0.005824
