0 0.006874 0.573888 0.013039 0.015680
0 0.004011 0.611520 0.005371 0.022848
0 0.009641 0.135296 0.016432 0.014336
0 0.009662 0.166208 0.016390 0.009408
0 0.007314 0.777280 0.012158 0.028224
0 0.007398 0.630784 0.011991 0.055104
0 0.003974 0.717696 0.005445 0.020160
0 0.007568 0.788032 0.011650 0.031360
0 0.007568 0.828352 0.011650 0.026432
0 0.009273 0.473984 0.017167 0.005376
0 0.009300 0.520576 0.017115 0.009856
0 0.009304 0.630784 0.017107 0.006272
0 0.009270 0.861504 0.017175 0.008064
0 0.009288 0.893760 0.017138 0.008960
0 0.009312 0.958720 0.017089 0.004032
0 0.009311 0.990976 0.017092 0.007616
0 0.003680 0.012096 0.006032 0.016128
0 0.009607 0.064512 0.016500 0.006720
