0 0.009464 0.650048 0.016785 0.015680
0 0.007426 0.819392 0.011933 0.061824
0 0.007578 0.090496 0.011629 0.020608
0 0.007624 0.139328 0.011538 0.033152
0 0.009425 0.580608 0.016865 0.051072
0 0.009416 0.752640 0.016883 0.006272
0 0.009477 0.841344 0.016761 0.017920
0 0.009459 0.814464 0.016797 0.014784
0 0.003868 0.767424 0.005657 0.028672
0 0.007360 0.815360 0.012065 0.034048
0 0.007143 0.632576 0.012499 0.032256
0 0.007481 0.636160 0.011825 0.034048
0 0.009427 0.082432 0.016859 0.012992
0 0.009429 0.085120 0.016857 0.013888
0 0.009442 0.156800 0.016830 0.021056
0 0.009441 0.162624 0.016832 0.021056
0 0.009401 0.310912 0.016913 0.009856
0 0.009369 0.417088 0.016976 0.012544
0 0.008989 0.209664 0.017737 0.010752
