0 0.004422 0.942592 0.004549 0.026432
0 0.009385 0.640192 0.016944 0.011648
0 0.009485 0.008512 0.016745 0.016576
0 0.009537 0.068096 0.016640 0.014336
0 0.009471 0.155456 0.016773 0.006720
0 0.007631 0.049728 0.011523 0.030464
0 0.009540 0.409920 0.016634 0.018368
0 0.009570 0.453824 0.016574 0.014336
0 0.009458 0.455616 0.016798 0.047040
0 0.009277 0.546560 0.017160 0.006720
0 0.009211 0.427392 0.017293 0.018816
0 0.009344 0.590912 0.017026 0.016576
0 0.009272 0.290304 0.017170 0.105280
0 0.009424 0.725760 0.016866 0.012992
0 0.009468 0.840448 0.016777 0.007616
0 0.007295 0.805504 0.012196 0.025088
0 0.009596 0.667968 0.016522 0.151872
0 0.009858 0.772352 0.015998 0.136640
0 0.007578 0.890624 0.011631 0.026432
0 0.009488 0.886144 0.016739 0.013888
0 0.009504 0.957824 0.016706 0.010304
0 0.007213 0.972608 0.012360 0.032256
0 0.014556 0.188160 0.028923 0.047936
