0 0.004432 0.959616 0.004530 0.014336
0 0.003588 0.491008 0.006217 0.012992
0 0.003566 0.484736 0.006262 0.012992
0 0.004446 0.221312 0.004502 0.009856
0 0.003763 0.182784 0.005868 0.016128
0 0.003784 0.170688 0.005825 0.011200
0 0.003773 0.098560 0.005847 0.015232
0 0.003765 0.150976 0.005863 0.016576
0 0.003405 0.401856 0.006582 0.009408
0 0.004443 0.180544 0.004507 0.007168
0 0.007762 0.180096 0.011262 0.005824
0 0.004392 0.208768 0.004609 0.007616
0 0.003908 0.216384 0.005576 0.006720
0 0.003919 0.189952 0.005556 0.010304
0 0.007272 0.176064 0.012241 0.037632
