0 0.007070 0.706496 0.012646 0.046592
0 0.003705 0.706944 0.005983 0.014784
0 0.003775 0.171584 0.005843 0.012544
0 0.009875 0.846272 0.015964 0.054208
0 0.003689 0.680064 0.006015 0.012096
0 0.003288 0.120960 0.002353 0.009856
0 0.003275 0.109760 0.002378 0.010304
0 0.003227 0.068992 0.002474 0.013888
0 0.003217 0.047936 0.002494 0.009856
0 0.003203 0.060480 0.002522 0.008960
0 0.003202 0.035840 0.002524 0.009856
0 0.003189 0.047040 0.002551 0.008512
0 0.003183 0.017920 0.002563 0.009856
0 0.003174 0.032704 0.002581 0.008064
0 0.003160 0.020160 0.002608 0.008064
0 0.003148 0.008512 0.002633 0.006272
