0 0.000833 0.953344 0.001667 0.016576
0 0.000850 0.943040 0.001700 0.017472
0 0.002687 0.693056 0.003554 0.010304
0 0.002686 0.703360 0.003556 0.005376
0 0.002682 0.698432 0.003564 0.006272
0 0.002677 0.708736 0.003574 0.005376
0 0.002673 0.703360 0.003582 0.004928
0 0.002641 0.722176 0.003647 0.007168
0 0.000402 0.880320 0.000804 0.017472
0 0.000871 0.919296 0.001742 0.019264
0 0.000856 0.925120 0.001713 0.016128
0 0.000867 0.930496 0.001733 0.019264
0 0.000369 0.821632 0.000738 0.014784
0 0.000866 0.935424 0.001732 0.019712
0 0.000364 0.874048 0.000729 0.016576
0 0.000504 0.942592 0.001008 0.014784
0 0.000783 0.959168 0.001566 0.018368
0 0.000848 0.897344 0.001696 0.017920
0 0.000850 0.904064 0.001701 0.017472
0 0.000857 0.908544 0.001714 0.018816
0 0.000862 0.913920 0.001724 0.018816
0 0.000845 0.921088 0.001691 0.013888
0 0.000852 0.924672 0.001703 0.012096
0 0.002698 0.686336 0.003532 0.009856
