0 0.009799 0.740544 0.016117 0.017472
0 0.009506 0.543424 0.016703 0.011200
0 0.009295 0.717696 0.017125 0.018816
0 0.009300 0.722176 0.017114 0.021056
0 0.009523 0.905408 0.016669 0.012096
0 0.003177 0.811328 0.002575 0.011648
0 0.003190 0.819840 0.002549 0.012096
0 0.009906 0.504000 0.015902 0.017472
0 0.009685 0.458304 0.016345 0.011200
0 0.009635 0.449792 0.016444 0.012096
0 0.009623 0.445312 0.016468 0.009856
0 0.009494 0.538048 0.016726 0.010304
0 0.009500 0.540736 0.016714 0.009856
0 0.009512 0.546560 0.016690 0.010752
0 0.014926 0.988736 0.028184 0.021952
0 0.009523 0.547904 0.016669 0.009408
0 0.009217 0.558208 0.017280 0.009408
0 0.009225 0.538496 0.017265 0.012544
0 0.009585 0.569408 0.016545 0.011648
0 0.009639 0.587328 0.016436 0.012544
0 0.009693 0.623168 0.016329 0.010752
0 0.009762 0.708288 0.016190 0.008960
0 0.009838 0.767872 0.016038 0.008960
0 0.009863 0.789824 0.015988 0.014336
0 0.009670 0.142016 0.016375 0.018816
0 0.015376 0.788032 0.027285 0.025536
0 0.002345 0.904064 0.004239 0.012544
