0 0.004283 0.581056 0.004827 0.012096
0 0.003818 0.865984 0.005757 0.012992
0 0.009616 0.090944 0.016483 0.014336
0 0.004300 0.072128 0.004792 0.008512
0 0.007762 0.519232 0.011262 0.027776
0 0.004428 0.593600 0.004538 0.008512
0 0.003610 0.721728 0.006173 0.011200
0 0.003352 0.751296 0.006689 0.012096
0 0.003455 0.831040 0.006483 0.009408
0 0.006804 0.857920 0.013178 0.032704
0 0.007150 0.933632 0.012487 0.032256
0 0.002725 0.180096 0.003478 0.018816
0 0.002748 0.176064 0.003432 0.018816
0 0.004277 0.599424 0.004839 0.011648
0 0.004442 0.611520 0.004510 0.008512
0 0.004443 0.564032 0.004507 0.008960
0 0.006697 0.736960 0.013391 0.026880
0 0.003399 0.704256 0.006595 0.009856
0 0.003573 0.727552 0.006247 0.012096
0 0.004156 0.939456 0.005080 0.008960
0 0.004153 0.956928 0.005087 0.008960
0 0.002627 0.253120 0.003675 0.008512
