0 0.000213 0.745024 0.000426 0.013888
0 0.000359 0.842688 0.000718 0.012544
0 0.003014 0.934976 0.002900 0.008064
0 0.003018 0.924672 0.002893 0.009856
0 0.003009 0.916160 0.002911 0.008064
0 0.003012 0.906304 0.002906 0.009856
0 0.003022 0.913024 0.002885 0.009856
0 0.000559 0.908544 0.001118 0.011648
0 0.000571 0.941248 0.001141 0.011200
0 0.000579 0.950656 0.001158 0.014336
0 0.000629 0.970816 0.001258 0.018368
0 0.003371 0.272384 0.006650 0.016128
0 0.003361 0.267456 0.006671 0.015680
0 0.003362 0.233408 0.006669 0.019264
0 0.006718 0.199808 0.013351 0.048384
0 0.000858 0.876736 0.001717 0.013888
0 0.000105 0.746816 0.000209 0.010752
0 0.000327 0.810880 0.000653 0.012992
0 0.000337 0.830592 0.000675 0.012096
0 0.003005 0.925568 0.002920 0.008960
0 0.002994 0.917952 0.002941 0.009856
0 0.002998 0.906304 0.002933 0.010304
0 0.000594 0.842240 0.001188 0.013440
0 0.002278 0.826560 0.004372 0.007616
0 0.000270 0.689920 0.000539 0.009408
0 0.000186 0.741888 0.000371 0.020608
0 0.000359 0.791616 0.000717 0.013440
0 0.000258 0.524160 0.000516 0.010752
0 0.000270 0.517888 0.000540 0.006272
0 0.000375 0.828800 0.000750 0.009856
0 0.000588 0.851648 0.001177 0.009408
0 0.000853 0.848512 0.001706 0.010304
0 0.000582 0.860160 0.001164 0.011648
0 0.000537 0.875392 0.001075 0.009408
0 0.000546 0.885696 0.001092 0.009856
0 0.000571 0.888832 0.001143 0.012992
0 0.000654 0.860608 0.001307 0.024640
0 0.000670 0.866432 0.001340 0.022848
0 0.000648 0.902720 0.001297 0.021056
0 0.000352 0.845376 0.000705 0.012992
0 0.000368 0.836864 0.000736 0.012544
0 0.000684 0.654976 0.001368 0.011648
0 0.000396 0.865536 0.000793 0.014336
0 0.000561 0.860160 0.001121 0.010304
0 0.000536 0.852544 0.001071 0.008512
0 0.000613 0.848960 0.001227 0.022848
0 0.000637 0.857024 0.001274 0.021952
0 0.000629 0.870912 0.001259 0.025984
0 0.000617 0.884800 0.001233 0.021056
0 0.000603 0.905856 0.001206 0.022848
0 0.000669 0.826560 0.001337 0.010304
0 0.000733 0.848064 0.001466 0.024192
0 0.000751 0.864640 0.001502 0.010304
0 0.000747 0.892864 0.001493 0.015680
0 0.000830 0.884800 0.001660 0.007616
0 0.000807 0.879872 0.001615 0.011648
0 0.000780 0.872704 0.001561 0.009408
0 0.000590 0.955584 0.001180 0.011648
0 0.000603 0.958720 0.001206 0.012992
0 0.000593 0.928704 0.001185 0.016576
0 0.000570 0.862400 0.001140 0.013440
0 0.000569 0.834176 0.001139 0.014336
0 0.000553 0.831488 0.001105 0.009856
0 0.000442 0.794304 0.000885 0.008960
0 0.000406 0.835968 0.000811 0.012544
0 0.000416 0.774592 0.000831 0.009408
0 0.000403 0.792512 0.000806 0.011648
0 0.000407 0.801472 0.000814 0.012096
0 0.000410 0.810880 0.000821 0.012544
0 0.000416 0.818944 0.000832 0.013440
0 0.000425 0.789824 0.000849 0.009408
0 0.000452 0.796992 0.000904 0.008960
0 0.000541 0.826112 0.001083 0.014784
0 0.000435 0.822976 0.000871 0.012544
0 0.000422 0.857024 0.000845 0.013888
0 0.000432 0.851648 0.000864 0.012992
0 0.000453 0.842688 0.000906 0.014784
0 0.000471 0.812672 0.000941 0.009408
0 0.000517 0.835968 0.001033 0.010304
0 0.000531 0.830144 0.001061 0.017472
0 0.006935 0.094080 0.012915 0.028224
