0 0.009079 0.170240 0.017556 0.012544
0 0.013699 0.630784 0.026173 0.009408
0 0.014490 0.104832 0.024591 0.009856
0 0.014225 0.361984 0.025121 0.006272
0 0.014111 0.358400 0.025349 0.005824
0 0.014105 0.425600 0.025361 0.005824
0 0.002385 0.401856 0.004158 0.008064
0 0.002384 0.410368 0.004160 0.008960
0 0.000112 0.620032 0.000223 0.012544
0 0.013725 0.442624 0.026122 0.011200
0 0.013908 0.316736 0.025756 0.006272
0 0.013880 0.640640 0.025812 0.008064
0 0.013895 0.453824 0.025781 0.010304
0 0.007321 0.763392 0.012143 0.031360
0 0.014354 0.906752 0.024864 0.006720
0 0.014452 0.717696 0.024667 0.007616
0 0.013917 0.200704 0.025738 0.007168
0 0.014504 0.308672 0.024563 0.005376
0 0.013915 0.143360 0.025742 0.005824
