0 0.009952 0.406784 0.015811 0.026880
0 0.002860 0.236992 0.003209 0.006720
0 0.002873 0.259840 0.003182 0.017024
0 0.002886 0.212800 0.003157 0.005824
0 0.002885 0.230720 0.003158 0.012096
0 0.002874 0.235200 0.003181 0.009408
0 0.002869 0.224448 0.003190 0.009408
0 0.002856 0.228032 0.003217 0.010304
0 0.002867 0.235648 0.003195 0.004032
0 0.002741 0.322560 0.003447 0.006720
0 0.002848 0.248640 0.003233 0.008960
0 0.002854 0.265216 0.003222 0.009408
0 0.002840 0.267904 0.003249 0.010304
0 0.002843 0.277760 0.003242 0.009856
0 0.002844 0.239680 0.003241 0.009408
0 0.002824 0.300608 0.003280 0.010304
0 0.014220 0.017920 0.025131 0.008960
0 0.002786 0.326592 0.003357 0.009856
0 0.002806 0.320320 0.003316 0.010304
0 0.002467 0.347200 0.003995 0.004032
0 0.002548 0.380800 0.003833 0.007616
0 0.002483 0.350784 0.003963 0.004928
0 0.002476 0.354368 0.003977 0.006272
0 0.002468 0.353472 0.003993 0.005824
0 0.002477 0.347648 0.003974 0.004928
0 0.002472 0.346752 0.003984 0.003584
0 0.002665 0.373632 0.003599 0.010304
0 0.002769 0.338688 0.003391 0.015680
0 0.002663 0.320320 0.003603 0.006720
0 0.002666 0.330176 0.003597 0.011200
0 0.002673 0.319424 0.003583 0.009856
0 0.002680 0.327488 0.003569 0.004928
0 0.002679 0.335104 0.003571 0.008064
0 0.002790 0.345408 0.003349 0.016128
0 0.002814 0.304640 0.003301 0.009856
0 0.002793 0.281344 0.003343 0.008960
0 0.008443 0.529984 0.014363 0.043456
0 0.008337 0.028672 0.014576 0.055104
0 0.001801 0.515648 0.000862 0.007616
0 0.002977 0.276416 0.002975 0.004480
0 0.002970 0.277312 0.002988 0.004928
0 0.001758 0.521472 0.000948 0.008064
0 0.001559 0.284480 0.001347 0.008064
0 0.008314 0.019264 0.014622 0.035840
0 0.008346 0.008064 0.014558 0.015680
0 0.002615 0.340928 0.003699 0.008960
0 0.008364 0.011648 0.014523 0.021952
0 0.008537 0.058240 0.014177 0.016128
0 0.008544 0.046144 0.014163 0.014336
0 0.008550 0.034944 0.014150 0.013440
0 0.008554 0.023744 0.014141 0.011648
0 0.008561 0.014784 0.014128 0.013888
0 0.001777 0.478464 0.000911 0.009856
0 0.002571 0.470400 0.003786 0.007168
0 0.002782 0.276416 0.003366 0.009856
0 0.002747 0.327936 0.003435 0.009408
0 0.002785 0.285824 0.003359 0.008064
0 0.002781 0.294784 0.003366 0.008064
0 0.002765 0.299264 0.003398 0.008064
0 0.002769 0.307776 0.003391 0.008064
0 0.002752 0.304640 0.003424 0.006720
0 0.002757 0.321216 0.003415 0.008064
0 0.008534 0.025088 0.014181 0.013440
0 0.002578 0.473088 0.003772 0.007168
0 0.008537 0.014784 0.014176 0.013888
0 0.008545 0.006272 0.014161 0.012544
0 0.001750 0.094528 0.000964 0.012992
0 0.001518 0.189504 0.001429 0.016128
0 0.007903 0.297024 0.015444 0.070336
0 0.007847 0.329728 0.015556 0.047488
0 0.002535 0.399168 0.003859 0.010304
