0 0.009059 0.676928 0.017597 0.006272
0 0.002819 0.925120 0.003290 0.004928
0 0.000909 0.612416 0.001818 0.012992
0 0.000848 0.667520 0.001697 0.006272
0 0.000852 0.685440 0.001704 0.006720
0 0.000872 0.677376 0.001745 0.004928
0 0.000865 0.692160 0.001730 0.005376
0 0.000919 0.653184 0.001838 0.006720
0 0.000781 0.241920 0.001562 0.006720
0 0.000864 0.636160 0.001728 0.006720
0 0.000863 0.649152 0.001727 0.004480
0 0.000862 0.645568 0.001724 0.003136
0 0.000848 0.677824 0.001696 0.005824
0 0.000848 0.680960 0.001696 0.003584
0 0.000878 0.683200 0.001755 0.003584
0 0.000878 0.686336 0.001756 0.003584
0 0.000878 0.689024 0.001757 0.003136
0 0.000874 0.693056 0.001748 0.003136
0 0.000869 0.692608 0.001738 0.003584
0 0.000843 0.650048 0.001686 0.004032
0 0.000867 0.673344 0.001734 0.003584
0 0.000869 0.684096 0.001738 0.003136
0 0.000877 0.692160 0.001754 0.004928
0 0.000872 0.673344 0.001743 0.003584
0 0.000861 0.641536 0.001722 0.003584
0 0.000818 0.552832 0.001637 0.007616
0 0.000867 0.681408 0.001734 0.003136
0 0.000873 0.680960 0.001746 0.003136
0 0.000876 0.680512 0.001753 0.002688
0 0.000948 0.627648 0.001896 0.013440
