0 0.003226 0.805056 0.002477 0.007168
0 0.013539 0.220416 0.026494 0.009408
0 0.014173 0.068096 0.025225 0.008064
0 0.014140 0.222656 0.025291 0.008064
0 0.014150 0.265664 0.025271 0.012544
0 0.013588 0.206528 0.026395 0.012096
0 0.013618 0.312256 0.026335 0.010304
0 0.013568 0.331520 0.026436 0.013888
0 0.013481 0.193536 0.026609 0.016576
0 0.014470 0.122304 0.024632 0.006720
0 0.013717 0.133952 0.026138 0.018816
0 0.001013 0.548800 0.002025 0.008960
0 0.014486 0.189056 0.024600 0.012544
0 0.014473 0.139328 0.024625 0.008512
0 0.014209 0.202496 0.025154 0.011200
0 0.014021 0.801472 0.025529 0.005376
0 0.014176 0.034944 0.025219 0.007616
0 0.014355 0.077504 0.024861 0.008960
0 0.003231 0.818944 0.002467 0.008064
0 0.014252 0.709184 0.025068 0.008512
0 0.003241 0.849856 0.002447 0.004032
0 0.003238 0.847168 0.002453 0.004032
0 0.003251 0.844032 0.002426 0.007616
0 0.003218 0.806848 0.002493 0.007168
0 0.003211 0.809536 0.002506 0.007616
0 0.003232 0.851200 0.002464 0.007616
0 0.014305 0.687680 0.024960 0.009856
0 0.014067 0.783552 0.025437 0.009408
0 0.013990 0.577024 0.025592 0.010304
0 0.013913 0.366912 0.025745 0.008064
0 0.013822 0.351680 0.025928 0.013440
0 0.013837 0.387968 0.025898 0.014336
0 0.013708 0.440832 0.026155 0.016576
0 0.013679 0.401856 0.026213 0.016128
0 0.014003 0.808640 0.025565 0.003584
