0 0.010474 0.214592 0.019230 0.046592
0 0.010883 0.577472 0.018412 0.030912
0 0.010594 0.187712 0.018990 0.043904
0 0.010598 0.237440 0.018982 0.048384
0 0.010598 0.286720 0.018982 0.050176
0 0.010831 0.437248 0.018516 0.066752
0 0.010847 0.449792 0.018484 0.060480
0 0.010824 0.496384 0.018531 0.032704
0 0.010829 0.529536 0.018520 0.036736
0 0.010881 0.528192 0.018417 0.035840
0 0.010836 0.598976 0.018507 0.036736
0 0.010836 0.579712 0.018507 0.034048
0 0.010833 0.555968 0.018513 0.032704
0 0.010879 0.555968 0.018420 0.034944
0 0.012204 0.854784 0.020234 0.037632
0 0.010903 0.426048 0.018372 0.073024
0 0.010919 0.418432 0.018340 0.071232
0 0.010939 0.412160 0.018300 0.067648
0 0.010954 0.408576 0.018271 0.071232
0 0.010969 0.400064 0.018240 0.071232
0 0.010986 0.392448 0.018206 0.070336
0 0.011001 0.392000 0.018177 0.069440
0 0.011025 0.418880 0.018128 0.063168
0 0.011040 0.420672 0.018098 0.043904
0 0.011051 0.479808 0.018076 0.071232
0 0.011046 0.682752 0.018086 0.046592
0 0.010273 0.409472 0.019633 0.081536
0 0.010290 0.413504 0.019598 0.086016
0 0.010309 0.409472 0.019560 0.090496
0 0.010329 0.406336 0.019520 0.084224
0 0.010249 0.260288 0.019681 0.048384
0 0.010290 0.247744 0.019599 0.059584
0 0.010313 0.242816 0.019553 0.051968
0 0.010327 0.239232 0.019525 0.055104
0 0.010343 0.237440 0.019493 0.055104
0 0.010360 0.234752 0.019459 0.044800
0 0.010374 0.230720 0.019431 0.054656
0 0.010389 0.228928 0.019401 0.050176
0 0.010407 0.230720 0.019364 0.052864
0 0.010422 0.222208 0.019334 0.054656
0 0.010438 0.220864 0.019303 0.053760
0 0.010454 0.220864 0.019271 0.044800
0 0.010489 0.217728 0.019201 0.052864
0 0.010503 0.215936 0.019173 0.059584
0 0.010521 0.210560 0.019136 0.057792
0 0.010516 0.362880 0.019147 0.076160
0 0.010484 0.365568 0.019211 0.083328
0 0.010469 0.373184 0.019241 0.049280
0 0.010444 0.370048 0.019290 0.064064
0 0.010407 0.382144 0.019366 0.085120
0 0.010388 0.401408 0.019402 0.063168
0 0.010369 0.402752 0.019441 0.067648
0 0.010351 0.412608 0.019476 0.052864
0 0.011021 0.599872 0.018136 0.070336
0 0.011006 0.606592 0.018166 0.073920
0 0.010992 0.610176 0.018194 0.072128
0 0.010992 0.733376 0.018195 0.034048
0 0.010886 0.873600 0.018406 0.068544
0 0.010903 0.868224 0.018372 0.072128
0 0.010922 0.864640 0.018334 0.070336
0 0.010951 0.865984 0.018277 0.051968
0 0.010957 0.853440 0.018265 0.070336
0 0.010973 0.848512 0.018232 0.055104
0 0.011852 0.187712 0.020938 0.028224
0 0.011979 0.140224 0.020685 0.035840
0 0.011926 0.034944 0.020791 0.030016
0 0.012040 0.018368 0.020564 0.031808
0 0.011821 0.084224 0.021002 0.030016
0 0.012203 0.855232 0.020236 0.038528
0 0.012177 0.837312 0.020289 0.035840
0 0.012156 0.835968 0.020330 0.036736
0 0.012148 0.843136 0.020347 0.035840
0 0.012112 0.844928 0.020419 0.039424
0 0.010872 0.874496 0.018434 0.063168
0 0.010928 0.782208 0.018323 0.034944
0 0.010977 0.614656 0.018225 0.072128
0 0.010931 0.804608 0.018316 0.032704
0 0.010962 0.619584 0.018255 0.073024
0 0.010947 0.622272 0.018284 0.073920
0 0.010932 0.630784 0.018315 0.073024
0 0.010918 0.638400 0.018342 0.072128
0 0.010905 0.643328 0.018368 0.073920
0 0.010891 0.651392 0.018396 0.073920
0 0.010877 0.656320 0.018425 0.073024
0 0.010862 0.655872 0.018454 0.064960
0 0.010848 0.659456 0.018482 0.054656
0 0.010892 0.727104 0.018395 0.068544
0 0.010906 0.724416 0.018366 0.063168
0 0.010920 0.721728 0.018338 0.070336
0 0.010934 0.713664 0.018310 0.070336
0 0.010949 0.704704 0.018280 0.069440
0 0.010966 0.698432 0.018246 0.067648
0 0.010980 0.696192 0.018218 0.070336
0 0.010998 0.692608 0.018182 0.068544
0 0.011013 0.682752 0.018153 0.064064
0 0.011029 0.682304 0.018120 0.064960
0 0.010872 0.775488 0.018434 0.029120
0 0.010930 0.758912 0.018319 0.037632
0 0.010868 0.799680 0.018443 0.034944
0 0.010876 0.821632 0.018426 0.036736
0 0.010218 0.072576 0.019743 0.043008
