0 0.012195 0.936768 0.020254 0.010752
0 0.011513 0.849408 0.021616 0.009856
0 0.011501 0.679616 0.021640 0.008960
0 0.011489 0.688128 0.021665 0.012992
0 0.011476 0.681856 0.021690 0.009856
0 0.011468 0.676032 0.021706 0.008512
0 0.011477 0.662144 0.021689 0.009408
0 0.011461 0.651840 0.021722 0.008512
0 0.011452 0.665280 0.021740 0.009856
0 0.011445 0.659456 0.021752 0.007616
0 0.011437 0.654080 0.021768 0.007616
0 0.011426 0.646464 0.021791 0.007616
0 0.011404 0.633024 0.021835 0.009408
0 0.011413 0.639296 0.021817 0.008960
0 0.011421 0.626752 0.021800 0.008512
0 0.011412 0.621376 0.021818 0.008512
0 0.011394 0.627200 0.021855 0.008512
0 0.011404 0.616000 0.021835 0.008512
0 0.011385 0.603456 0.021873 0.007616
0 0.011431 0.632576 0.021781 0.008512
0 0.011414 0.797888 0.021815 0.007616
0 0.011431 0.809984 0.021781 0.009408
0 0.011441 0.816256 0.021761 0.008064
0 0.011466 0.833280 0.021711 0.008512
0 0.011480 0.841344 0.021683 0.008512
0 0.011514 0.699328 0.021616 0.008960
0 0.011600 0.742784 0.021442 0.008960
0 0.011601 0.757568 0.021441 0.009408
0 0.011539 0.717696 0.021564 0.009408
0 0.011591 0.097216 0.021461 0.007616
0 0.014749 0.500864 0.028538 0.239680
0 0.011610 0.277760 0.021422 0.008512
0 0.011602 0.271936 0.021439 0.008512
0 0.014845 0.572544 0.028346 0.249984
0 0.011383 0.619584 0.021877 0.007616
0 0.011446 0.642432 0.021751 0.007616
0 0.011491 0.672000 0.021660 0.007616
0 0.011525 0.693504 0.021593 0.009856
0 0.011521 0.705600 0.021600 0.009856
0 0.011552 0.727104 0.021540 0.008512
0 0.011448 0.806400 0.021748 0.008512
0 0.011560 0.732928 0.021523 0.007616
0 0.011567 0.738752 0.021509 0.009408
0 0.011585 0.748160 0.021473 0.008512
0 0.011392 0.784448 0.021859 0.008512
0 0.011386 0.764736 0.021871 0.008512
0 0.011399 0.774592 0.021844 0.008512
0 0.011410 0.780864 0.021822 0.008512
0 0.011425 0.790272 0.021793 0.007616
0 0.011414 0.797888 0.021815 0.007616
0 0.011401 0.790272 0.021840 0.008512
0 0.011488 0.847616 0.021667 0.008064
0 0.011526 0.896448 0.021590 0.007168
0 0.011746 0.373184 0.021151 0.008064
0 0.011393 0.937664 0.021856 0.009408
0 0.011677 0.121856 0.021289 0.008960
0 0.011685 0.146944 0.021273 0.008512
0 0.011723 0.156800 0.021197 0.008512
0 0.011741 0.187712 0.021160 0.008512
0 0.011832 0.233856 0.020980 0.007616
0 0.011825 0.041216 0.020994 0.009856
0 0.011798 0.033152 0.021048 0.008512
0 0.011744 0.029120 0.021155 0.007168
0 0.011727 0.036288 0.021189 0.008064
0 0.011717 0.040768 0.021209 0.007616
0 0.011715 0.056896 0.021212 0.006272
0 0.011695 0.051072 0.021254 0.007168
0 0.011652 0.306432 0.021339 0.009408
0 0.011664 0.314944 0.021316 0.008960
0 0.011691 0.333312 0.021260 0.007616
0 0.011732 0.381248 0.021178 0.008512
0 0.011721 0.373632 0.021201 0.009408
0 0.011738 0.376768 0.021166 0.008960
0 0.011763 0.403648 0.021116 0.010752
0 0.011785 0.400960 0.021074 0.009408
0 0.011827 0.427840 0.020990 0.008512
0 0.011793 0.406784 0.021056 0.008512
0 0.011779 0.394688 0.021085 0.008512
0 0.011602 0.081088 0.021439 0.008960
0 0.011664 0.130368 0.021316 0.008512
0 0.011773 0.226240 0.021097 0.009408
0 0.011504 0.858816 0.021634 0.008512
0 0.011402 0.944384 0.021839 0.008960
0 0.011422 0.958272 0.021798 0.008960
0 0.011420 0.974848 0.021802 0.009408
0 0.011442 0.970816 0.021759 0.009408
0 0.011471 0.955584 0.021701 0.009856
0 0.011497 0.954688 0.021648 0.010752
0 0.011515 0.917504 0.021613 0.010752
0 0.011540 0.868224 0.021562 0.008960
0 0.011574 0.905408 0.021496 0.009856
0 0.011606 0.873600 0.021430 0.009856
0 0.011497 0.853440 0.021649 0.007616
0 0.011811 0.235648 0.021021 0.009408
0 0.011449 0.822080 0.021745 0.007616
0 0.011447 0.806400 0.021748 0.008512
0 0.011657 0.068544 0.021330 0.006720
0 0.011668 0.063168 0.021307 0.007616
0 0.011679 0.057792 0.021284 0.006720
0 0.011765 0.018816 0.021113 0.007616
0 0.011762 0.035392 0.021118 0.008512
0 0.011715 0.151424 0.021214 0.009408
0 0.011706 0.144704 0.021231 0.008512
0 0.011754 0.178752 0.021135 0.008064
0 0.011602 0.081088 0.021439 0.009408
0 0.011585 0.116480 0.021472 0.006272
0 0.011573 0.121856 0.021496 0.006720
0 0.011562 0.127232 0.021519 0.007616
0 0.011349 0.596288 0.021946 0.009408
0 0.011360 0.603904 0.021922 0.007616
0 0.011375 0.613760 0.021893 0.009408
0 0.011376 0.598080 0.021891 0.009408
0 0.011385 0.603456 0.021873 0.008512
0 0.011350 0.581056 0.021943 0.008512
0 0.011358 0.585984 0.021928 0.009856
0 0.011257 0.536256 0.022129 0.009408
0 0.011334 0.586880 0.021976 0.007168
0 0.011383 0.619584 0.021876 0.007616
0 0.011392 0.784000 0.021859 0.007616
0 0.011375 0.772352 0.021892 0.008512
0 0.011386 0.764288 0.021872 0.008512
0 0.011367 0.766528 0.021908 0.008512
0 0.011358 0.761600 0.021927 0.009408
0 0.011344 0.751296 0.021955 0.008512
0 0.011325 0.739200 0.021992 0.007616
0 0.011340 0.735616 0.021963 0.008960
0 0.011327 0.728448 0.021989 0.009408
0 0.011313 0.719040 0.022017 0.009408
0 0.011296 0.705152 0.022050 0.008512
0 0.011282 0.711872 0.022078 0.008960
0 0.011266 0.700672 0.022111 0.008064
0 0.011340 0.572544 0.021963 0.008512
0 0.011316 0.556864 0.022011 0.009408
0 0.011312 0.571648 0.022018 0.009408
0 0.011233 0.500864 0.022176 0.008064
0 0.011383 0.101696 0.021877 0.010752
0 0.011389 0.122752 0.021866 0.008960
0 0.011166 0.189952 0.022311 0.009408
0 0.011169 0.476224 0.022305 0.008512
0 0.011171 0.460544 0.022300 0.008064
0 0.011206 0.484288 0.022231 0.007616
0 0.011177 0.465920 0.022288 0.008512
0 0.011230 0.519232 0.022183 0.008512
0 0.011257 0.536704 0.022129 0.009408
0 0.011253 0.514752 0.022136 0.007616
0 0.011215 0.488768 0.022213 0.008064
0 0.011304 0.565824 0.022035 0.007616
0 0.011217 0.509824 0.022210 0.008512
0 0.011204 0.492800 0.022235 0.009408
0 0.011196 0.496384 0.022251 0.008512
0 0.011188 0.490112 0.022268 0.008960
0 0.011196 0.477120 0.022252 0.008960
0 0.011188 0.471744 0.022267 0.008960
0 0.011273 0.547008 0.022098 0.009408
0 0.011286 0.554176 0.022070 0.008064
0 0.011295 0.559552 0.022053 0.009856
0 0.011308 0.551488 0.022028 0.008512
0 0.011277 0.693056 0.022088 0.009408
0 0.011178 0.626752 0.022286 0.007168
0 0.011165 0.619584 0.022314 0.009408
0 0.011567 0.262528 0.021509 0.008512
0 0.011286 0.863296 0.022072 0.008512
0 0.011317 0.885696 0.022010 0.008064
0 0.011367 0.949312 0.021908 0.007168
0 0.011344 0.934080 0.021954 0.010752
0 0.005824 0.200256 0.010673 0.051520
0 0.004672 0.234304 0.008514 0.045248
0 0.011389 0.123200 0.021866 0.008960
0 0.011383 0.102144 0.021877 0.010752
0 0.011412 0.147392 0.021819 0.011648
0 0.011510 0.134400 0.021623 0.007616
0 0.011586 0.261184 0.021471 0.009408
0 0.011267 0.851648 0.022108 0.009856
0 0.011576 0.251776 0.021491 0.007616
0 0.011611 0.277760 0.021421 0.008064
0 0.011605 0.271936 0.021434 0.007616
0 0.011555 0.239232 0.021533 0.007616
0 0.011538 0.225792 0.021566 0.007616
0 0.011515 0.220864 0.021613 0.009408
0 0.011468 0.142912 0.021708 0.011648
0 0.011460 0.142912 0.021722 0.009856
0 0.011500 0.138880 0.021643 0.007168
0 0.011519 0.146496 0.021606 0.007616
0 0.011277 0.857472 0.022090 0.008512
0 0.011242 0.853888 0.022160 0.009408
0 0.011176 0.641088 0.022291 0.009408
0 0.011217 0.818496 0.022208 0.009408
0 0.011205 0.659008 0.022232 0.008064
0 0.011214 0.665728 0.022214 0.009408
0 0.011224 0.672000 0.022195 0.007616
0 0.011236 0.680064 0.022170 0.008960
0 0.011248 0.688128 0.022148 0.008512
0 0.011258 0.694400 0.022127 0.009408
0 0.011288 0.699776 0.022066 0.008512
0 0.011274 0.706048 0.022095 0.008512
0 0.011162 0.812224 0.022319 0.008960
0 0.011205 0.809088 0.022232 0.008960
0 0.011236 0.831040 0.022171 0.008064
0 0.011227 0.841792 0.022190 0.010752
0 0.011254 0.844032 0.022135 0.008512
0 0.011247 0.836864 0.022149 0.008960
0 0.011306 0.878976 0.022031 0.008512
0 0.011359 0.933632 0.021924 0.009408
0 0.011327 0.922432 0.021989 0.012096
0 0.011379 0.960064 0.021884 0.010752
0 0.011288 0.896896 0.022066 0.009856
0 0.011292 0.900480 0.022058 0.009856
0 0.011191 0.801024 0.022260 0.007616
0 0.011229 0.825216 0.022184 0.007616
0 0.011769 0.387968 0.021106 0.008064
0 0.011610 0.278208 0.021422 0.008960
0 0.012234 0.874496 0.020175 0.011648
0 0.012144 0.143808 0.020354 0.008512
0 0.011853 0.913024 0.020938 0.008512
0 0.011847 0.918400 0.020949 0.008512
0 0.011840 0.913920 0.020962 0.007168
0 0.012041 0.056448 0.020561 0.008512
0 0.012050 0.062720 0.020543 0.009408
0 0.012070 0.091392 0.020503 0.008064
0 0.012079 0.082432 0.020485 0.007616
0 0.012095 0.109312 0.020452 0.008512
0 0.012113 0.121856 0.020417 0.008064
0 0.012100 0.106624 0.020443 0.010752
0 0.012148 0.132160 0.020348 0.009408
0 0.012154 0.150976 0.020335 0.008960
0 0.012149 0.198464 0.020344 0.009408
0 0.012198 0.166656 0.020246 0.008512
0 0.012234 0.207872 0.020175 0.008512
0 0.012242 0.198464 0.020159 0.008512
0 0.012260 0.211008 0.020122 0.008512
0 0.012252 0.236096 0.020139 0.009408
0 0.012242 0.226240 0.020160 0.008064
0 0.012231 0.190848 0.020181 0.009408
0 0.012221 0.184128 0.020201 0.009408
0 0.012215 0.177408 0.020214 0.007616
0 0.012187 0.159040 0.020269 0.009408
0 0.011844 0.901824 0.020954 0.009408
0 0.011864 0.931392 0.020916 0.008512
0 0.011882 0.926464 0.020880 0.008064
0 0.011821 0.901376 0.021001 0.007616
0 0.011985 0.540288 0.020673 0.009408
0 0.012008 0.555968 0.020628 0.008960
0 0.012036 0.594496 0.020571 0.008512
0 0.012039 0.564480 0.020564 0.008064
0 0.012025 0.550144 0.020594 0.010304
0 0.005200 0.798784 0.007456 0.050176
0 0.005186 0.828800 0.007485 0.051072
0 0.005172 0.858816 0.007513 0.051072
0 0.005158 0.889728 0.007542 0.051520
0 0.015268 0.838208 0.027500 0.267904
0 0.011860 0.912128 0.020922 0.008960
0 0.011887 0.947072 0.020869 0.008512
0 0.011880 0.942144 0.020883 0.007616
0 0.011924 0.968576 0.020795 0.008512
0 0.011938 0.962752 0.020767 0.008512
0 0.011933 0.974400 0.020777 0.009408
0 0.011943 0.981120 0.020757 0.008960
0 0.011983 0.991424 0.020676 0.008512
0 0.011953 0.986496 0.020737 0.007616
0 0.011917 0.962752 0.020809 0.007616
0 0.011906 0.956928 0.020830 0.008960
0 0.011897 0.951104 0.020848 0.008064
0 0.012141 0.125888 0.020361 0.008960
0 0.012135 0.136192 0.020373 0.008960
0 0.011611 0.764288 0.021420 0.008512
0 0.012121 0.112896 0.020401 0.008512
0 0.012206 0.426496 0.020231 0.009856
0 0.012191 0.413504 0.020260 0.010304
0 0.012180 0.353472 0.020282 0.011200
0 0.012176 0.340032 0.020291 0.010752
0 0.012170 0.320320 0.020304 0.009408
0 0.012083 0.548800 0.020477 0.010752
0 0.012113 0.612864 0.020417 0.012096
0 0.012118 0.624960 0.020408 0.011648
0 0.012168 0.670208 0.020306 0.008064
0 0.012255 0.736960 0.020133 0.008064
0 0.012087 0.561792 0.020468 0.010752
0 0.012111 0.599872 0.020421 0.012544
0 0.012100 0.571200 0.020444 0.012096
0 0.012100 0.638400 0.020442 0.009408
0 0.012194 0.697088 0.020254 0.009408
0 0.012155 0.769216 0.020332 0.010752
0 0.012167 0.775936 0.020309 0.011648
0 0.012174 0.709632 0.020295 0.009856
0 0.012178 0.710976 0.020288 0.009856
0 0.012262 0.555968 0.020119 0.008512
0 0.012269 0.590016 0.020105 0.009856
0 0.012232 0.537600 0.020180 0.009856
0 0.012251 0.844480 0.020141 0.009408
0 0.012219 0.432768 0.020205 0.007616
0 0.012237 0.435456 0.020168 0.010752
0 0.012200 0.463232 0.020242 0.007168
0 0.012149 0.301952 0.020345 0.010304
0 0.012085 0.102144 0.020473 0.008512
0 0.012088 0.088704 0.020467 0.008512
0 0.012062 0.085568 0.020519 0.008512
0 0.012072 0.077056 0.020499 0.008512
0 0.012060 0.068992 0.020522 0.008512
0 0.012043 0.066752 0.020557 0.009856
0 0.012041 0.071680 0.020561 0.009856
0 0.012152 0.220416 0.020338 0.012096
0 0.012133 0.245056 0.020378 0.009856
0 0.012135 0.227584 0.020373 0.009856
0 0.012156 0.320320 0.020332 0.010752
0 0.012203 0.507136 0.020237 0.008064
0 0.012167 0.341824 0.020309 0.009856
0 0.012183 0.390208 0.020277 0.009856
0 0.012198 0.397376 0.020247 0.012096
0 0.012231 0.537152 0.020181 0.010304
0 0.012056 0.470848 0.020530 0.011200
0 0.010927 0.412160 0.018324 0.014336
0 0.012049 0.449344 0.020544 0.009856
0 0.012071 0.478016 0.020500 0.010752
0 0.012065 0.494144 0.020513 0.008960
0 0.012072 0.528640 0.020498 0.009856
0 0.005215 0.768320 0.007427 0.050624
0 0.011839 0.438592 0.020965 0.009408
0 0.011826 0.428288 0.020990 0.008512
0 0.011712 0.986496 0.021219 0.008512
0 0.011680 0.961856 0.021282 0.008064
0 0.011633 0.932736 0.021378 0.008064
0 0.011641 0.939008 0.021360 0.008960
0 0.011655 0.947968 0.021334 0.008960
0 0.011665 0.950656 0.021313 0.007616
0 0.011673 0.956480 0.021296 0.007616
0 0.011673 0.975744 0.021297 0.008064
0 0.011684 0.982912 0.021275 0.008512
0 0.011722 0.991872 0.021200 0.008512
0 0.011855 0.046144 0.020934 0.008960
0 0.011875 0.060480 0.020892 0.008512
0 0.011884 0.068096 0.020875 0.008512
0 0.011911 0.068544 0.020822 0.008064
0 0.011919 0.074368 0.020805 0.008512
0 0.012006 0.045696 0.020631 0.008512
0 0.012041 0.071680 0.020560 0.009408
0 0.012041 0.056896 0.020561 0.008064
0 0.012043 0.066752 0.020556 0.009856
0 0.012022 0.042560 0.020600 0.007616
0 0.012014 0.052416 0.020616 0.009856
0 0.012011 0.035392 0.020622 0.008512
0 0.011692 0.973952 0.021259 0.009856
0 0.011629 0.961856 0.021384 0.008512
0 0.011614 0.922880 0.021414 0.010304
0 0.011786 0.862400 0.021072 0.008064
0 0.011645 0.806400 0.021353 0.006720
0 0.011653 0.803264 0.021337 0.006720
0 0.011630 0.761600 0.021383 0.008064
0 0.011645 0.806400 0.021353 0.006272
0 0.011652 0.803264 0.021338 0.007168
0 0.011687 0.816704 0.021268 0.009408
0 0.011725 0.838656 0.021193 0.009408
0 0.011734 0.829696 0.021176 0.008512
0 0.011776 0.856128 0.021090 0.007616
0 0.011779 0.876736 0.021084 0.007616
0 0.011821 0.901376 0.021001 0.007616
0 0.011607 0.873152 0.021429 0.009408
0 0.011810 0.893312 0.021024 0.008512
0 0.011800 0.887488 0.021043 0.008960
0 0.011791 0.882112 0.021061 0.009408
0 0.011771 0.871360 0.021102 0.008512
0 0.011756 0.861952 0.021131 0.008512
0 0.011748 0.856576 0.021147 0.008512
0 0.011702 0.825664 0.021239 0.008512
0 0.011679 0.810880 0.021284 0.008064
0 0.011669 0.802816 0.021305 0.008512
0 0.011631 0.818048 0.021380 0.015680
0 0.012003 0.028672 0.020636 0.008512
0 0.011975 0.008064 0.020692 0.007168
0 0.011984 0.015680 0.020674 0.008064
0 0.011957 0.322112 0.020730 0.007168
0 0.010927 0.413056 0.018325 0.014784
0 0.012049 0.449792 0.020544 0.009856
0 0.012036 0.391552 0.020571 0.010304
0 0.012031 0.379008 0.020580 0.010752
0 0.012023 0.345408 0.020597 0.009856
0 0.012017 0.328384 0.020609 0.008960
0 0.012020 0.305536 0.020604 0.009408
0 0.011992 0.293440 0.020659 0.010304
0 0.011966 0.328384 0.020712 0.008960
0 0.011972 0.350784 0.020698 0.008512
0 0.011943 0.313152 0.020757 0.008064
0 0.012037 0.425152 0.020568 0.009856
0 0.011952 0.336448 0.020739 0.010752
0 0.011907 0.304192 0.020829 0.009408
0 0.011909 0.288960 0.020824 0.008960
0 0.011886 0.290304 0.020870 0.008960
0 0.011897 0.280448 0.020848 0.008960
0 0.011889 0.275520 0.020864 0.008512
0 0.011883 0.269248 0.020876 0.008512
0 0.011985 0.540736 0.020673 0.009856
0 0.011958 0.529536 0.020726 0.010304
0 0.011867 0.458304 0.020909 0.007616
0 0.012053 0.470848 0.020537 0.010752
0 0.012040 0.401856 0.020564 0.009408
0 0.011959 0.155008 0.020726 0.008512
0 0.011843 0.240576 0.020958 0.008960
0 0.011946 0.161280 0.020750 0.009856
0 0.011966 0.209664 0.020710 0.010304
0 0.011957 0.185024 0.020728 0.011648
0 0.011972 0.228480 0.020698 0.009856
0 0.011969 0.196224 0.020704 0.011200
0 0.011959 0.200704 0.020724 0.009856
0 0.011945 0.149184 0.020753 0.009408
0 0.011941 0.137536 0.020761 0.012544
0 0.011954 0.142016 0.020734 0.010304
0 0.011831 0.234304 0.020980 0.007616
0 0.011883 0.269248 0.020876 0.008512
0 0.012026 0.356608 0.020591 0.009856
0 0.011890 0.275520 0.020863 0.008512
0 0.011898 0.280448 0.020847 0.008512
0 0.011874 0.262528 0.020896 0.007616
0 0.011860 0.253568 0.020922 0.008512
0 0.011855 0.267904 0.020932 0.008512
0 0.011866 0.274624 0.020910 0.008064
0 0.011990 0.282240 0.020663 0.010752
0 0.011942 0.329280 0.020760 0.008064
0 0.011962 0.344064 0.020718 0.008512
0 0.012030 0.367360 0.020582 0.011648
