0 0.012237 0.897792 0.020169 0.038976
0 0.011494 0.781760 0.021654 0.030016
0 0.010632 0.769664 0.018915 0.039872
0 0.010610 0.685888 0.018958 0.048384
0 0.010530 0.646016 0.019118 0.052416
0 0.010510 0.662144 0.019158 0.051520
0 0.010580 0.696640 0.019018 0.052416
0 0.010549 0.707840 0.019081 0.052416
0 0.010484 0.703360 0.019211 0.053760
0 0.010559 0.737408 0.019060 0.044352
0 0.010547 0.756224 0.019085 0.046144
0 0.010494 0.754880 0.019191 0.055552
0 0.010540 0.787584 0.019098 0.050176
0 0.010460 0.137088 0.019259 0.070784
0 0.010506 0.348992 0.019166 0.049280
0 0.010535 0.290752 0.019108 0.043456
0 0.010274 0.519232 0.019630 0.031808
0 0.010278 0.535808 0.019622 0.031808
0 0.010245 0.598080 0.019688 0.032704
0 0.010785 0.802816 0.018609 0.025984
0 0.011460 0.767424 0.021723 0.031808
0 0.010617 0.745472 0.018945 0.056448
0 0.010644 0.730688 0.018890 0.047040
0 0.010668 0.714112 0.018843 0.047040
0 0.010441 0.516544 0.019296 0.043008
0 0.010330 0.390656 0.019519 0.042112
0 0.010340 0.334208 0.019499 0.063616
0 0.010366 0.554624 0.019447 0.057344
0 0.010341 0.654976 0.019497 0.085568
0 0.010418 0.411712 0.019342 0.121408
0 0.010811 0.744576 0.018556 0.055552
0 0.010801 0.764736 0.018576 0.056448
0 0.010835 0.715904 0.018509 0.047488
0 0.010436 0.534016 0.019308 0.041216
0 0.010663 0.689024 0.018853 0.050624
0 0.010426 0.548352 0.019327 0.039872
0 0.010414 0.565376 0.019351 0.038976
0 0.010404 0.584192 0.019371 0.046144
0 0.010397 0.604800 0.019384 0.038080
0 0.010611 0.635712 0.018957 0.050624
0 0.010644 0.623616 0.018890 0.046144
0 0.010661 0.601664 0.018857 0.047488
0 0.010675 0.666624 0.018829 0.049280
0 0.011476 0.771008 0.021691 0.032704
0 0.011512 0.790272 0.021620 0.030912
0 0.010851 0.902720 0.018476 0.123200
0 0.011575 0.809088 0.021493 0.035840
0 0.011597 0.818496 0.021448 0.037184
0 0.011621 0.832384 0.021400 0.036288
0 0.011666 0.851648 0.021310 0.033152
0 0.011547 0.969472 0.021550 0.037184
0 0.011567 0.976640 0.021510 0.040320
0 0.011730 0.981568 0.021184 0.021504
0 0.011739 0.963200 0.021165 0.018368
0 0.011743 0.947520 0.021157 0.017472
0 0.011799 0.931392 0.021046 0.025984
0 0.011432 0.799680 0.021779 0.030912
0 0.010984 0.538048 0.018210 0.085568
0 0.010873 0.819840 0.018433 0.084224
0 0.011505 0.949760 0.021633 0.037184
0 0.011451 0.921088 0.021741 0.047040
0 0.011429 0.912128 0.021784 0.043456
0 0.010736 0.845376 0.018707 0.050624
0 0.011640 0.495936 0.021363 0.031808
0 0.011671 0.512512 0.021302 0.030912
0 0.011685 0.523712 0.021274 0.036288
0 0.011705 0.219072 0.021234 0.039872
0 0.010067 0.887488 0.020044 0.039872
0 0.010292 0.901376 0.019595 0.053312
0 0.010726 0.864192 0.018727 0.050624
0 0.011313 0.922880 0.022017 0.030016
0 0.010604 0.818048 0.018970 0.038976
0 0.010632 0.832832 0.018915 0.042112
0 0.010316 0.437248 0.019547 0.064960
