0 0.011557 0.079744 0.021528 0.038976
0 0.010647 0.729792 0.018884 0.072128
0 0.010795 0.702016 0.018588 0.077056
0 0.010817 0.720384 0.018544 0.081088
0 0.010840 0.735168 0.018499 0.079296
0 0.010596 0.568960 0.018986 0.097216
0 0.010582 0.640192 0.019014 0.071232
0 0.010580 0.678720 0.019018 0.073920
0 0.010548 0.692160 0.019082 0.077056
0 0.010672 0.631232 0.018835 0.067200
0 0.010658 0.655872 0.018863 0.077952
0 0.010651 0.688128 0.018877 0.075264
0 0.010632 0.753536 0.018915 0.076160
0 0.010749 0.678272 0.018680 0.082880
0 0.010714 0.733824 0.018750 0.072128
0 0.010721 0.779072 0.018737 0.075264
0 0.010696 0.801024 0.018786 0.076160
0 0.010787 0.782208 0.018605 0.077056
0 0.010765 0.845376 0.018649 0.073024
0 0.010789 0.827008 0.018600 0.072128
0 0.010862 0.751744 0.018454 0.081984
0 0.010888 0.767424 0.018403 0.077056
0 0.010859 0.829248 0.018461 0.075264
0 0.010861 0.878976 0.018457 0.051968
0 0.010774 0.688128 0.018630 0.079296
0 0.010725 0.660352 0.018729 0.081088
0 0.011438 0.347648 0.021766 0.033152
0 0.010622 0.307776 0.018934 0.093184
0 0.011482 0.277760 0.021679 0.034944
0 0.011490 0.242368 0.021662 0.034048
0 0.011516 0.192640 0.021612 0.037184
0 0.010744 0.151872 0.018690 0.090944
0 0.010713 0.145600 0.018753 0.093184
0 0.010676 0.142464 0.018826 0.093184
0 0.010725 0.254912 0.018729 0.093184
0 0.010704 0.235200 0.018771 0.088256
0 0.010668 0.225792 0.018842 0.093184
0 0.010638 0.217280 0.018903 0.084224
0 0.010593 0.293440 0.018993 0.094080
0 0.010468 0.636608 0.019242 0.076160
0 0.010621 0.391104 0.018936 0.090944
0 0.010580 0.387968 0.019019 0.093184
0 0.010550 0.372288 0.019078 0.090048
0 0.010539 0.469952 0.019101 0.090944
0 0.010574 0.472640 0.019031 0.094080
0 0.010507 0.457408 0.019165 0.094080
0 0.010595 0.497280 0.018988 0.092288
0 0.010527 0.542976 0.019125 0.063168
0 0.010514 0.593600 0.019152 0.072128
0 0.010487 0.586880 0.019205 0.086912
0 0.010834 0.894208 0.018511 0.073024
