0 0.015218 0.792064 0.027599 0.284032
0 0.011503 0.373632 0.021638 0.008960
0 0.011402 0.342272 0.021838 0.012096
0 0.011416 0.321216 0.021812 0.010304
0 0.011470 0.348096 0.021703 0.007616
0 0.011467 0.342272 0.021708 0.008512
0 0.011477 0.365120 0.021689 0.009408
0 0.011471 0.408128 0.021700 0.012544
0 0.011489 0.413952 0.021665 0.008064
0 0.011512 0.403200 0.021620 0.008960
0 0.011531 0.439936 0.021581 0.012544
0 0.011508 0.350784 0.021626 0.009408
0 0.011508 0.391552 0.021628 0.009856
0 0.011536 0.435008 0.021571 0.014784
0 0.011528 0.333312 0.021587 0.009856
0 0.011537 0.363776 0.021568 0.007168
0 0.011541 0.374528 0.021560 0.007616
0 0.011546 0.392896 0.021551 0.008960
0 0.011546 0.400064 0.021550 0.009408
0 0.011549 0.404992 0.021544 0.008960
0 0.011471 0.354368 0.021701 0.008512
0 0.011505 0.504896 0.021633 0.012544
0 0.011634 0.366464 0.021376 0.009856
0 0.011644 0.358848 0.021354 0.010304
0 0.011531 0.435904 0.021582 0.012544
0 0.011542 0.380800 0.021559 0.008512
0 0.011630 0.425152 0.021384 0.012544
0 0.011416 0.321216 0.021811 0.009856
0 0.011203 0.126784 0.022237 0.008064
0 0.011204 0.106176 0.022234 0.012096
0 0.011218 0.094080 0.022206 0.011648
0 0.011398 0.066304 0.021847 0.012544
0 0.011377 0.064512 0.021889 0.010304
0 0.011354 0.067648 0.021934 0.010304
0 0.011383 0.209664 0.021877 0.011648
0 0.011388 0.208768 0.021866 0.011200
0 0.011402 0.342272 0.021838 0.011648
0 0.011410 0.331072 0.021823 0.010752
0 0.011426 0.315392 0.021790 0.011200
0 0.011536 0.357056 0.021571 0.008512
0 0.004933 0.539840 0.007990 0.068096
0 0.011410 0.331072 0.021823 0.010304
0 0.011425 0.315840 0.021792 0.011648
0 0.011481 0.389760 0.021681 0.009408
0 0.011484 0.396032 0.021675 0.008064
0 0.011487 0.407680 0.021669 0.007168
0 0.011476 0.408128 0.021691 0.012544
0 0.011517 0.386624 0.021608 0.009408
0 0.011513 0.368256 0.021618 0.008512
0 0.011527 0.326592 0.021588 0.008512
0 0.011648 0.401408 0.021346 0.012096
0 0.011601 0.437248 0.021441 0.012096
0 0.005304 0.894208 0.007249 0.058688
0 0.015299 0.630784 0.027438 0.286720
0 0.011665 0.378112 0.021312 0.011648
0 0.011673 0.368704 0.021297 0.010752
0 0.011677 0.364672 0.021290 0.010304
0 0.011687 0.348992 0.021268 0.010752
0 0.011642 0.410816 0.021358 0.011648
0 0.005128 0.602560 0.007601 0.068992
0 0.005082 0.680512 0.007694 0.068096
0 0.005055 0.655872 0.007747 0.068096
0 0.005030 0.631680 0.007798 0.068544
0 0.007283 0.285824 0.012220 0.541632
0 0.005182 0.795648 0.007494 0.059136
0 0.011648 0.400960 0.021346 0.012096
0 0.005200 0.760704 0.007458 0.060032
0 0.005216 0.726208 0.007425 0.059584
0 0.005234 0.691264 0.007389 0.059584
0 0.005295 0.741440 0.007267 0.059136
0 0.005278 0.775488 0.007301 0.060032
0 0.005260 0.810432 0.007337 0.060032
0 0.005243 0.845376 0.007371 0.059136
0 0.005357 0.789824 0.007144 0.059136
0 0.005339 0.824320 0.007178 0.059584
0 0.005321 0.859264 0.007214 0.059136
0 0.011653 0.397376 0.021338 0.010304
0 0.011655 0.392000 0.021332 0.012544
0 0.011596 0.432768 0.021450 0.012096
0 0.011592 0.427392 0.021458 0.014784
0 0.011596 0.400512 0.021450 0.011200
0 0.011622 0.438592 0.021399 0.012096
0 0.011626 0.434560 0.021390 0.010304
0 0.011629 0.429184 0.021385 0.012544
0 0.011635 0.420224 0.021372 0.011648
0 0.011642 0.410816 0.021358 0.011648
0 0.014857 0.747264 0.028321 0.308672
0 0.011744 0.116480 0.021155 0.013888
0 0.011770 0.142464 0.021103 0.012096
0 0.005102 0.578368 0.007652 0.068544
0 0.011694 0.339584 0.021255 0.012544
0 0.005076 0.553728 0.007704 0.068544
0 0.005031 0.510720 0.007794 0.069440
0 0.005006 0.485632 0.007846 0.068096
0 0.004980 0.461440 0.007897 0.068096
0 0.004985 0.589120 0.007887 0.068544
0 0.004959 0.564480 0.007939 0.068096
0 0.011644 0.359296 0.021354 0.010752
0 0.011659 0.381248 0.021325 0.011648
0 0.011680 0.354816 0.021283 0.011648
0 0.011175 0.084672 0.022293 0.009856
