0 0.012178 0.406336 0.020287 0.012992
0 0.011779 0.174720 0.021085 0.010752
0 0.011778 0.216384 0.021086 0.012544
0 0.011771 0.213696 0.021100 0.013440
0 0.011763 0.212352 0.021117 0.013440
0 0.011756 0.209664 0.021131 0.012992
0 0.011748 0.206080 0.021147 0.013888
0 0.011740 0.202944 0.021162 0.013888
0 0.011765 0.138880 0.021112 0.010752
0 0.011748 0.139328 0.021147 0.006720
0 0.011744 0.161728 0.021154 0.010752
0 0.011735 0.233408 0.021173 0.012544
0 0.011727 0.199360 0.021189 0.013888
0 0.011720 0.196672 0.021203 0.013440
0 0.011727 0.229824 0.021188 0.013888
0 0.011719 0.228032 0.021204 0.014336
0 0.011711 0.225792 0.021220 0.014336
0 0.011713 0.193984 0.021217 0.012992
0 0.011698 0.189952 0.021247 0.014784
0 0.011698 0.219520 0.021246 0.012992
0 0.011690 0.218176 0.021263 0.014336
0 0.011683 0.215936 0.021276 0.013888
0 0.011677 0.212800 0.021290 0.012992
0 0.011669 0.209216 0.021305 0.013888
0 0.011670 0.224448 0.021303 0.013888
0 0.011663 0.220416 0.021317 0.012096
0 0.011650 0.215040 0.021343 0.012992
0 0.011803 0.221760 0.021038 0.012096
0 0.011787 0.218176 0.021070 0.011648
0 0.012169 0.251776 0.020304 0.008512
0 0.011833 0.189504 0.020976 0.008512
0 0.011736 0.962752 0.021172 0.009408
0 0.011754 0.966784 0.021135 0.008064
0 0.011763 0.947520 0.021117 0.008960
0 0.011789 0.953792 0.021065 0.008512
0 0.011809 0.957824 0.021025 0.008512
0 0.011842 0.985152 0.020958 0.007168
0 0.011827 0.960960 0.020988 0.007616
0 0.011842 0.963648 0.020958 0.008064
0 0.006819 0.624512 0.013147 0.346752
0 0.014873 0.640192 0.028290 0.329728
0 0.010733 0.285376 0.018714 0.016128
0 0.011742 0.260736 0.021159 0.010304
0 0.011766 0.265216 0.021112 0.011648
0 0.011741 0.236544 0.021160 0.012992
0 0.011748 0.237888 0.021147 0.014784
0 0.011756 0.240128 0.021131 0.013440
0 0.011763 0.242816 0.021116 0.012096
0 0.011771 0.244160 0.021101 0.013440
0 0.011778 0.245952 0.021086 0.012992
0 0.011850 0.231168 0.020944 0.012544
0 0.011841 0.231616 0.020960 0.013888
0 0.011833 0.228928 0.020977 0.013888
0 0.011823 0.226240 0.020996 0.013888
0 0.011849 0.159040 0.020945 0.012096
0 0.011642 0.211008 0.021360 0.013888
0 0.011629 0.015680 0.021385 0.012544
0 0.011626 0.029120 0.021392 0.011648
0 0.011641 0.051072 0.021362 0.010752
0 0.011170 0.443520 0.022303 0.008512
0 0.011171 0.436800 0.022301 0.008064
0 0.011172 0.424256 0.022299 0.009856
0 0.011173 0.417984 0.022296 0.008512
0 0.011184 0.367360 0.022275 0.008512
0 0.011187 0.353024 0.022269 0.008512
0 0.011190 0.334656 0.022264 0.011648
0 0.011246 0.298816 0.022150 0.014784
0 0.011195 0.308224 0.022252 0.013440
0 0.011192 0.285376 0.022259 0.007616
0 0.014617 0.460544 0.028802 0.193536
0 0.011259 0.256704 0.022126 0.012992
0 0.011202 0.265664 0.022238 0.012544
0 0.011212 0.241920 0.022219 0.012992
0 0.011213 0.227136 0.022217 0.012544
0 0.011227 0.188608 0.022189 0.010752
0 0.011228 0.175168 0.022187 0.014336
0 0.011233 0.127680 0.022178 0.007616
0 0.011232 0.114688 0.022180 0.007616
0 0.011222 0.151872 0.022200 0.008512
0 0.011215 0.017024 0.022213 0.008960
0 0.011198 0.020160 0.022247 0.008960
0 0.011175 0.039872 0.022293 0.009856
0 0.011169 0.023296 0.022305 0.008064
0 0.011164 0.467264 0.022316 0.008512
0 0.011162 0.475776 0.022319 0.006720
0 0.011170 0.357056 0.022304 0.008064
0 0.011250 0.900032 0.022143 0.007168
0 0.011592 0.032704 0.021459 0.012096
0 0.011573 0.060928 0.021497 0.013888
0 0.011581 0.065856 0.021480 0.015232
0 0.011561 0.095872 0.021520 0.011648
0 0.011161 0.883904 0.022321 0.009408
0 0.011176 0.888384 0.022290 0.009856
0 0.010187 0.991872 0.019805 0.016576
0 0.011284 0.986048 0.022074 0.017472
0 0.011196 0.982016 0.022252 0.009408
0 0.011203 0.975744 0.022237 0.009856
0 0.011200 0.912576 0.022242 0.007168
0 0.011326 0.917056 0.021990 0.008064
0 0.014576 0.676480 0.028883 0.187264
0 0.011343 0.914816 0.021957 0.008512
0 0.011363 0.911680 0.021917 0.008512
0 0.011440 0.993216 0.021763 0.012992
0 0.011446 0.981120 0.021750 0.012992
0 0.011452 0.968128 0.021738 0.013440
0 0.011467 0.964096 0.021709 0.012544
0 0.010325 0.904960 0.019529 0.009856
0 0.010342 0.892416 0.019494 0.008512
0 0.011493 0.896448 0.021657 0.008512
0 0.011161 0.614656 0.022321 0.012544
0 0.011173 0.610176 0.022297 0.014784
0 0.011715 0.939904 0.021212 0.008512
0 0.011708 0.947520 0.021228 0.008960
0 0.011707 0.957824 0.021229 0.008512
0 0.012180 0.181888 0.020284 0.014784
0 0.011859 0.966784 0.020924 0.007616
0 0.011881 0.967232 0.020881 0.008512
0 0.011897 0.969472 0.020849 0.008512
0 0.011931 0.980224 0.020782 0.005824
0 0.012000 0.991872 0.020642 0.008512
0 0.012033 0.996800 0.020577 0.006720
0 0.012016 0.995008 0.020611 0.008512
0 0.015102 0.693504 0.027831 0.283584
0 0.012147 0.465024 0.020348 0.017920
0 0.012139 0.462336 0.020366 0.016576
0 0.012129 0.462784 0.020386 0.015680
0 0.011906 0.279552 0.020830 0.013888
0 0.011922 0.281792 0.020800 0.012096
0 0.011927 0.283584 0.020790 0.014336
0 0.012152 0.248640 0.020338 0.008512
0 0.012170 0.220864 0.020304 0.013888
0 0.012173 0.208768 0.020297 0.012992
0 0.011858 0.986944 0.020926 0.008064
0 0.011891 0.993216 0.020862 0.009856
0 0.012168 0.193984 0.020306 0.012544
0 0.011098 0.259392 0.017982 0.009408
0 0.012262 0.241920 0.020118 0.014784
0 0.012253 0.240576 0.020136 0.012992
0 0.012247 0.239680 0.020149 0.011648
0 0.012238 0.239232 0.020167 0.012544
0 0.012176 0.196224 0.020291 0.014784
0 0.012183 0.169344 0.020276 0.012992
0 0.012165 0.204288 0.020312 0.009856
0 0.012171 0.181888 0.020302 0.015232
0 0.011059 0.111104 0.018060 0.013440
0 0.012175 0.168000 0.020293 0.014784
0 0.012262 0.117824 0.020119 0.012992
0 0.012256 0.145152 0.020130 0.013440
0 0.012228 0.140672 0.020188 0.013440
0 0.012221 0.140224 0.020202 0.012992
0 0.012254 0.116032 0.020135 0.011200
0 0.012242 0.112896 0.020158 0.012096
0 0.012235 0.112896 0.020173 0.012544
0 0.012182 0.089152 0.020280 0.008512
0 0.012179 0.095872 0.020285 0.008960
0 0.012195 0.045696 0.020252 0.011200
0 0.011691 0.954688 0.021261 0.009408
0 0.012161 0.228928 0.020320 0.014336
0 0.012162 0.099008 0.020319 0.017920
0 0.011999 0.220864 0.020646 0.008960
0 0.012011 0.242368 0.020621 0.008512
0 0.011986 0.237888 0.020671 0.009856
0 0.011968 0.234304 0.020707 0.008512
0 0.011949 0.231168 0.020744 0.008960
0 0.011988 0.192192 0.020668 0.013440
0 0.011939 0.180544 0.020765 0.007616
0 0.011916 0.208320 0.020812 0.007616
0 0.011887 0.202496 0.020869 0.008064
0 0.011858 0.232064 0.020928 0.013888
0 0.011858 0.159936 0.020927 0.013440
0 0.011008 0.244608 0.018163 0.012544
0 0.011571 0.912128 0.021501 0.009856
0 0.011631 0.923328 0.021380 0.009856
0 0.011666 0.949760 0.021311 0.008960
0 0.012128 0.153216 0.020387 0.015680
0 0.012151 0.159936 0.020340 0.012544
0 0.012140 0.171136 0.020363 0.012992
0 0.012148 0.211904 0.020347 0.012992
0 0.012163 0.215936 0.020317 0.014336
0 0.012151 0.228032 0.020341 0.012096
0 0.012154 0.215488 0.020336 0.014784
0 0.012157 0.202496 0.020329 0.014784
0 0.012160 0.190400 0.020324 0.012992
0 0.012164 0.177856 0.020316 0.013888
0 0.012145 0.223552 0.020353 0.012096
0 0.012150 0.198464 0.020342 0.012544
0 0.012137 0.184128 0.020368 0.012992
0 0.012152 0.186368 0.020339 0.012992
0 0.012155 0.174272 0.020334 0.012992
0 0.012161 0.163520 0.020322 0.011648
0 0.012136 0.221760 0.020371 0.013888
0 0.012141 0.207872 0.020361 0.013440
0 0.012144 0.194880 0.020356 0.012544
0 0.012145 0.182336 0.020352 0.012992
0 0.012149 0.170688 0.020346 0.011648
0 0.012127 0.221312 0.020389 0.012992
0 0.012130 0.207424 0.020383 0.012544
0 0.012134 0.196224 0.020376 0.012992
0 0.010136 0.164864 0.019906 0.028224
