0 0.010534 0.929152 0.019111 0.058688
0 0.010318 0.245952 0.019542 0.031360
0 0.010170 0.333312 0.019839 0.066752
0 0.010200 0.322560 0.019778 0.068992
0 0.010236 0.314944 0.019706 0.067648
0 0.010272 0.305984 0.019635 0.066304
0 0.010309 0.297920 0.019561 0.069888
0 0.010349 0.299264 0.019481 0.068992
0 0.010352 0.293440 0.019475 0.067648
0 0.010232 0.258048 0.019715 0.034496
0 0.010929 0.045248 0.018320 0.054208
0 0.011577 0.234752 0.021488 0.028672
0 0.011567 0.217280 0.021509 0.026880
0 0.010152 0.279104 0.019875 0.031360
0 0.010689 0.858368 0.018800 0.043008
0 0.010264 0.446656 0.019650 0.049728
0 0.010383 0.470400 0.019412 0.055104
0 0.010193 0.594496 0.019793 0.056448
0 0.010235 0.712768 0.019708 0.051072
0 0.011329 0.663488 0.021985 0.036736
0 0.012073 0.095424 0.020497 0.038976
0 0.012087 0.136192 0.020468 0.033152
0 0.010399 0.839552 0.019380 0.032256
0 0.010404 0.859712 0.019370 0.034048
0 0.010412 0.882112 0.019355 0.035392
0 0.010681 0.836864 0.018816 0.040768
0 0.010170 0.369600 0.019839 0.044352
