0 0.011133 0.672896 0.017913 0.036736
0 0.010371 0.854336 0.019437 0.023296
0 0.011504 0.800128 0.021636 0.025984
0 0.011532 0.800576 0.021579 0.026432
0 0.011560 0.816704 0.021523 0.027776
0 0.011565 0.835072 0.021513 0.023744
0 0.011537 0.818496 0.021569 0.026432
0 0.011525 0.826112 0.021593 0.024640
0 0.011506 0.784896 0.021630 0.023296
0 0.011531 0.883904 0.021580 0.024640
0 0.011523 0.875840 0.021597 0.024640
0 0.010396 0.867328 0.019387 0.021952
0 0.010383 0.863296 0.019414 0.021952
0 0.011478 0.847168 0.021687 0.020608
0 0.011641 0.974848 0.021361 0.027328
0 0.011468 0.837312 0.021707 0.022400
0 0.011525 0.904960 0.021592 0.022848
0 0.010397 0.894208 0.019385 0.026432
0 0.010385 0.890176 0.019408 0.028224
0 0.010361 0.872704 0.019456 0.035840
0 0.010345 0.858816 0.019489 0.036288
0 0.010332 0.830144 0.019514 0.019712
0 0.010314 0.814464 0.019552 0.016576
0 0.010316 0.844928 0.019547 0.037184
0 0.010355 0.899584 0.019468 0.027776
0 0.010353 0.913024 0.019473 0.027328
0 0.011629 0.967680 0.021384 0.026432
0 0.011653 0.980672 0.021336 0.025088
0 0.010287 0.874048 0.019605 0.025536
0 0.010788 0.274624 0.018603 0.043456
0 0.010929 0.379904 0.018321 0.079744
0 0.010915 0.370048 0.018348 0.081088
0 0.010899 0.355264 0.018380 0.088704
0 0.010895 0.336896 0.018389 0.054208
0 0.010845 0.182336 0.018488 0.046144
0 0.010841 0.196672 0.018497 0.040768
0 0.010838 0.209216 0.018502 0.036736
0 0.010827 0.221312 0.018525 0.041664
0 0.010814 0.233856 0.018551 0.044352
0 0.010807 0.246848 0.018564 0.040768
0 0.010798 0.260288 0.018583 0.044352
0 0.010781 0.285376 0.018618 0.040320
0 0.010671 0.247296 0.018836 0.038976
0 0.010772 0.299712 0.018634 0.043008
0 0.010759 0.313152 0.018661 0.044800
0 0.010749 0.327936 0.018681 0.045696
0 0.010738 0.345856 0.018702 0.044800
0 0.010755 0.116032 0.018669 0.041664
0 0.010745 0.132160 0.018688 0.043008
0 0.010737 0.145600 0.018704 0.036736
0 0.010729 0.159488 0.018720 0.037184
0 0.010721 0.173376 0.018737 0.040768
0 0.010719 0.189056 0.018740 0.033152
0 0.010696 0.201600 0.018787 0.042560
0 0.010321 0.894208 0.019536 0.027328
0 0.011387 0.897792 0.021868 0.030912
0 0.010803 0.449792 0.018572 0.044352
0 0.010484 0.617792 0.019210 0.034944
0 0.010396 0.721728 0.019386 0.039424
0 0.010403 0.705600 0.019372 0.039872
0 0.010401 0.685888 0.019376 0.041664
0 0.010417 0.668864 0.019344 0.048384
0 0.010552 0.665728 0.019074 0.032256
0 0.010561 0.653632 0.019056 0.030912
0 0.010566 0.640640 0.019046 0.027776
0 0.010575 0.630784 0.019029 0.028672
0 0.010582 0.620032 0.019015 0.030016
0 0.010591 0.592704 0.018996 0.028672
0 0.010498 0.648256 0.019183 0.030016
0 0.010492 0.604800 0.019195 0.036288
0 0.010343 0.788032 0.019493 0.031360
0 0.010444 0.597632 0.019291 0.034944
0 0.010455 0.585088 0.019268 0.034496
0 0.010462 0.572544 0.019254 0.038528
0 0.010472 0.561792 0.019234 0.033600
0 0.010482 0.548352 0.019214 0.037184
0 0.010486 0.534016 0.019206 0.039424
0 0.010495 0.520576 0.019189 0.039872
0 0.010517 0.515200 0.019145 0.033152
0 0.010365 0.818496 0.019448 0.033152
0 0.010375 0.806848 0.019429 0.031808
0 0.011422 0.912128 0.021799 0.022400
0 0.011416 0.941248 0.021810 0.025984
0 0.011437 0.916608 0.021769 0.019264
0 0.011446 0.922432 0.021751 0.022400
0 0.011455 0.930944 0.021732 0.022400
0 0.011501 0.929152 0.021641 0.023744
0 0.011477 0.942144 0.021689 0.023296
0 0.011490 0.948864 0.021662 0.019712
0 0.011481 0.969024 0.021680 0.025536
0 0.011469 0.965440 0.021705 0.025536
0 0.011457 0.961856 0.021729 0.023744
0 0.011443 0.952000 0.021757 0.027776
0 0.011431 0.944832 0.021781 0.028224
0 0.011405 0.934976 0.021833 0.028224
0 0.010403 0.843584 0.019373 0.029120
0 0.011395 0.929600 0.021854 0.024640
0 0.011384 0.923776 0.021874 0.023296
0 0.011374 0.919296 0.021894 0.022400
0 0.010296 0.834176 0.019586 0.039872
0 0.010471 0.765632 0.019237 0.056448
0 0.010362 0.770560 0.019455 0.030912
0 0.010328 0.857024 0.019523 0.031360
0 0.010285 0.860160 0.019608 0.025536
0 0.010258 0.890176 0.019662 0.030016
0 0.010286 0.905856 0.019607 0.032256
0 0.010321 0.878976 0.019537 0.029120
0 0.010789 0.464128 0.018601 0.042560
0 0.010811 0.437248 0.018557 0.044800
0 0.011101 0.764288 0.017977 0.031808
0 0.012147 0.708736 0.020349 0.019712
0 0.011953 0.776384 0.020737 0.021952
0 0.011956 0.762496 0.020731 0.022400
0 0.011994 0.745472 0.020655 0.023744
0 0.011863 0.855232 0.020916 0.033152
0 0.011857 0.910784 0.020930 0.022848
0 0.011873 0.920640 0.020896 0.021952
0 0.011884 0.926464 0.020875 0.023744
0 0.011917 0.947968 0.020810 0.021504
0 0.011924 0.953344 0.020795 0.023296
0 0.012204 0.762944 0.020234 0.022848
0 0.012201 0.747264 0.020242 0.022400
0 0.012138 0.700224 0.020366 0.020608
0 0.011971 0.980224 0.020700 0.021504
0 0.012055 0.554176 0.020532 0.020160
0 0.012030 0.547456 0.020584 0.023296
0 0.012003 0.524160 0.020636 0.021952
0 0.011860 0.544768 0.020922 0.022848
0 0.011847 0.542080 0.020949 0.020608
0 0.010841 0.832832 0.018497 0.044352
0 0.010875 0.719936 0.018429 0.026432
0 0.010618 0.591360 0.018943 0.026432
0 0.010618 0.575680 0.018943 0.032256
0 0.010598 0.691712 0.018983 0.030016
0 0.011776 0.893312 0.021091 0.020608
0 0.011983 0.984704 0.020676 0.024640
0 0.010604 0.663488 0.018970 0.031808
0 0.012242 0.115136 0.020158 0.025984
0 0.012212 0.094528 0.020218 0.020608
0 0.012229 0.137984 0.020184 0.025536
0 0.012213 0.038528 0.020216 0.019712
0 0.012222 0.028224 0.020200 0.020160
0 0.012230 0.059584 0.020183 0.020160
0 0.012230 0.072576 0.020183 0.020160
0 0.012253 0.060032 0.020137 0.025984
0 0.012233 0.104832 0.020177 0.023296
0 0.012252 0.092736 0.020139 0.024640
0 0.012253 0.122752 0.020137 0.026432
0 0.012244 0.082880 0.020155 0.025088
0 0.012218 0.081088 0.020206 0.018816
0 0.012043 0.549696 0.020557 0.022400
0 0.012238 0.047936 0.020166 0.020160
0 0.012244 0.037632 0.020155 0.020160
0 0.012248 0.026432 0.020146 0.020160
0 0.012228 0.016576 0.020186 0.019264
0 0.011767 0.592256 0.021108 0.034048
0 0.011795 0.917952 0.021053 0.026432
0 0.011863 0.885696 0.020916 0.021504
0 0.011884 0.848512 0.020874 0.025088
0 0.011932 0.798784 0.020778 0.021504
0 0.011963 0.689024 0.020716 0.017920
0 0.012027 0.568064 0.020588 0.023744
0 0.010600 0.676480 0.018979 0.032256
0 0.010609 0.650944 0.018960 0.030016
0 0.010826 0.427840 0.018527 0.031808
0 0.011802 0.481152 0.021039 0.021952
0 0.012176 0.105728 0.020291 0.021952
0 0.012182 0.054208 0.020279 0.023744
0 0.012228 0.016128 0.020187 0.019712
0 0.012212 0.094528 0.020218 0.018816
0 0.012218 0.081088 0.020207 0.018816
0 0.012207 0.106176 0.020228 0.020608
0 0.012203 0.116928 0.020236 0.019712
0 0.012197 0.127680 0.020250 0.020160
0 0.012167 0.398272 0.020309 0.033600
0 0.012003 0.524608 0.020636 0.021952
0 0.011908 0.487872 0.020826 0.020160
0 0.011826 0.507136 0.020991 0.010752
0 0.012159 0.102592 0.020324 0.025984
0 0.011810 0.313600 0.021022 0.024640
0 0.011927 0.499072 0.020790 0.033152
0 0.011796 0.493248 0.021051 0.019712
0 0.011762 0.359296 0.021118 0.019264
0 0.011743 0.391104 0.021157 0.021952
0 0.010711 0.441280 0.018757 0.025984
0 0.010614 0.541184 0.018952 0.047488
0 0.010634 0.528192 0.018911 0.045248
0 0.010658 0.516096 0.018864 0.039872
0 0.010832 0.389312 0.018514 0.073024
0 0.010846 0.396928 0.018486 0.081536
0 0.012168 0.077056 0.020307 0.025536
0 0.012147 0.096768 0.020349 0.025984
0 0.010618 0.643328 0.018943 0.031360
0 0.010626 0.632128 0.018926 0.029120
0 0.010840 0.961408 0.018500 0.034496
0 0.010791 0.818048 0.018596 0.037632
0 0.010848 0.752192 0.018482 0.028224
0 0.012182 0.092736 0.020280 0.019264
0 0.012231 0.060032 0.020181 0.018816
0 0.012225 0.071680 0.020193 0.020608
0 0.012186 0.081536 0.020271 0.021504
0 0.012193 0.071232 0.020257 0.021504
0 0.012199 0.060032 0.020244 0.021504
0 0.012207 0.049728 0.020228 0.020608
0 0.012213 0.038528 0.020217 0.020608
0 0.012221 0.027776 0.020202 0.019712
0 0.012218 0.130816 0.020206 0.024640
0 0.012229 0.138432 0.020184 0.024640
0 0.012232 0.104832 0.020178 0.024640
0 0.010517 0.500416 0.019145 0.041664
