0 0.011790 0.684096 0.021062 0.038080
0 0.011835 0.089152 0.020974 0.034496
0 0.011324 0.212800 0.021995 0.029120
0 0.011320 0.134400 0.022003 0.032256
0 0.011336 0.222656 0.021971 0.028224
0 0.011345 0.146944 0.021952 0.026880
0 0.011331 0.021056 0.021982 0.030912
0 0.011451 0.515648 0.021742 0.043456
0 0.011487 0.459200 0.021669 0.029120
0 0.011483 0.349888 0.021677 0.032256
0 0.011512 0.351232 0.021619 0.028224
0 0.011711 0.243264 0.021220 0.044352
0 0.011702 0.309568 0.021239 0.037184
0 0.011810 0.256256 0.021022 0.038528
0 0.011818 0.606592 0.021007 0.038080
0 0.011783 0.736064 0.021076 0.037184
0 0.011729 0.611072 0.021185 0.044352
0 0.011661 0.675584 0.021321 0.025536
0 0.011632 0.641984 0.021379 0.026880
0 0.011301 0.690816 0.022041 0.034496
0 0.011257 0.630336 0.022129 0.028224
0 0.010615 0.674688 0.018948 0.039872
0 0.010635 0.682304 0.018909 0.043008
0 0.010654 0.681408 0.018871 0.038528
0 0.010710 0.688576 0.018759 0.038528
0 0.010703 0.743680 0.018772 0.039872
0 0.011800 0.861952 0.021042 0.034496
0 0.011299 0.200256 0.022045 0.030464
0 0.011179 0.506240 0.022285 0.027776
0 0.011197 0.250880 0.022249 0.030912
0 0.010311 0.516992 0.019557 0.035392
0 0.010390 0.524608 0.019398 0.035392
0 0.010359 0.414400 0.019460 0.035840
0 0.010469 0.227136 0.019241 0.041216
0 0.010487 0.228032 0.019204 0.043008
0 0.010507 0.232512 0.019165 0.039872
0 0.010546 0.237888 0.019086 0.032256
0 0.010564 0.238784 0.019051 0.043456
0 0.010629 0.246400 0.018921 0.040768
0 0.010512 0.177856 0.019154 0.042112
0 0.010546 0.180544 0.019086 0.042112
0 0.010677 0.254912 0.018824 0.034496
0 0.010717 0.254464 0.018745 0.034048
0 0.010708 0.327040 0.018763 0.035392
0 0.010669 0.314048 0.018840 0.034048
0 0.010624 0.316288 0.018930 0.035840
0 0.010607 0.316288 0.018965 0.035840
0 0.010537 0.302848 0.019105 0.042112
0 0.010492 0.300608 0.019194 0.020160
0 0.010677 0.611520 0.018824 0.039424
0 0.010645 0.605696 0.018888 0.045696
0 0.010689 0.684096 0.018801 0.039424
0 0.011804 0.737408 0.021036 0.035392
0 0.010963 0.651840 0.018253 0.064960
0 0.010835 0.478464 0.018510 0.026880
0 0.010839 0.436800 0.018500 0.024192
0 0.010736 0.698432 0.018706 0.050624
0 0.010758 0.690816 0.018662 0.040768
0 0.010872 0.152768 0.018434 0.043008
0 0.011938 0.163072 0.020767 0.030464
0 0.011927 0.069440 0.020789 0.025536
0 0.012174 0.339584 0.020294 0.034496
0 0.010942 0.660352 0.018294 0.069888
0 0.010923 0.678720 0.018333 0.075264
0 0.010909 0.699776 0.018361 0.064960
0 0.010785 0.797888 0.018608 0.105728
0 0.010764 0.825664 0.018650 0.071232
0 0.010750 0.750848 0.018679 0.043456
0 0.011843 0.745920 0.020956 0.038528
0 0.011382 0.801024 0.021878 0.033152
0 0.011364 0.740544 0.021916 0.035840
0 0.011225 0.826112 0.022192 0.029120
0 0.011219 0.815360 0.022206 0.026880
0 0.011209 0.805056 0.022226 0.028224
0 0.011200 0.792064 0.022242 0.027776
0 0.011170 0.858816 0.022303 0.028224
0 0.011182 0.869568 0.022280 0.026432
0 0.011225 0.922880 0.022192 0.025536
0 0.011270 0.975744 0.022103 0.026432
0 0.011281 0.987392 0.022082 0.025536
0 0.011356 0.978880 0.021931 0.024192
0 0.010726 0.211904 0.018727 0.056448
0 0.010811 0.279104 0.018557 0.055104
0 0.010756 0.336896 0.018666 0.024640
0 0.011097 0.593152 0.017985 0.024640
0 0.011064 0.611968 0.018050 0.030464
0 0.010941 0.403648 0.018297 0.081984
0 0.010978 0.579712 0.018222 0.065408
0 0.010990 0.620928 0.018198 0.064960
0 0.010979 0.636608 0.018220 0.054656
0 0.010289 0.448000 0.019600 0.017920
