0 0.011844 0.779520 0.020954 0.018816
0 0.010434 0.636160 0.019311 0.030464
0 0.010368 0.456512 0.019442 0.031808
0 0.010309 0.442176 0.019560 0.027776
0 0.010615 0.874944 0.018949 0.048384
0 0.010578 0.831936 0.019022 0.062272
0 0.010515 0.653184 0.019149 0.064512
0 0.010441 0.695296 0.019297 0.060928
0 0.010421 0.692608 0.019337 0.065408
0 0.010434 0.653632 0.019310 0.030464
0 0.010454 0.594496 0.019270 0.025536
0 0.010551 0.391104 0.019076 0.039424
0 0.010451 0.577024 0.019277 0.032704
0 0.010453 0.547008 0.019272 0.031360
0 0.010455 0.525952 0.019268 0.026432
0 0.010509 0.574784 0.019160 0.057792
0 0.010574 0.677376 0.019031 0.064064
0 0.010640 0.412608 0.018899 0.040768
0 0.010564 0.297920 0.019050 0.026880
0 0.010566 0.352576 0.019046 0.041664
0 0.010371 0.478016 0.019437 0.031808
0 0.010364 0.495040 0.019452 0.032704
0 0.010349 0.528192 0.019480 0.036288
0 0.010347 0.547008 0.019484 0.030464
0 0.010293 0.496384 0.019592 0.029120
0 0.010292 0.512512 0.019595 0.032704
0 0.010286 0.531328 0.019607 0.031360
0 0.010283 0.550144 0.019612 0.029120
0 0.010267 0.600768 0.019645 0.034048
0 0.010281 0.623168 0.019616 0.031808
0 0.010272 0.638848 0.019634 0.035392
0 0.010270 0.658112 0.019639 0.032704
0 0.010265 0.676032 0.019649 0.031808
0 0.010322 0.691712 0.019535 0.031360
0 0.010328 0.674688 0.019523 0.033152
0 0.010335 0.658560 0.019508 0.031808
0 0.010343 0.641088 0.019493 0.031808
0 0.010334 0.621824 0.019510 0.036288
0 0.010335 0.600768 0.019508 0.030016
0 0.010335 0.582400 0.019508 0.033152
0 0.010347 0.564480 0.019484 0.030016
0 0.010561 0.372736 0.019057 0.043008
0 0.010547 0.412160 0.019085 0.040320
0 0.011848 0.765632 0.020946 0.017920
0 0.010588 0.218624 0.019003 0.056896
0 0.010349 0.282240 0.019480 0.031808
0 0.010354 0.263872 0.019470 0.029120
0 0.010361 0.246400 0.019457 0.030464
0 0.010364 0.227136 0.019450 0.032704
0 0.010656 0.240576 0.018866 0.057792
0 0.010639 0.236992 0.018900 0.057792
0 0.010624 0.231168 0.018931 0.054208
0 0.010607 0.223552 0.018964 0.056896
0 0.010570 0.213248 0.019038 0.054208
0 0.010539 0.433216 0.019100 0.045696
0 0.010555 0.207424 0.019068 0.052864
0 0.010517 0.201600 0.019145 0.057792
0 0.010536 0.202944 0.019106 0.051968
0 0.010503 0.198912 0.019172 0.056000
0 0.010484 0.197568 0.019210 0.063168
0 0.010468 0.189952 0.019243 0.063168
0 0.010453 0.182784 0.019273 0.061824
0 0.010418 0.175168 0.019343 0.059136
0 0.010343 0.317184 0.019493 0.031808
0 0.010337 0.334656 0.019504 0.030464
0 0.010331 0.351680 0.019516 0.029120
0 0.010342 0.401408 0.019495 0.053312
0 0.010530 0.453376 0.019118 0.047936
0 0.010526 0.474432 0.019127 0.046592
0 0.010507 0.282688 0.019165 0.030016
0 0.010509 0.304640 0.019160 0.030464
0 0.010504 0.319872 0.019170 0.026432
0 0.010492 0.357056 0.019195 0.034048
0 0.010481 0.374528 0.019216 0.034048
0 0.010481 0.393344 0.019216 0.036288
0 0.010495 0.440384 0.019189 0.060480
0 0.010476 0.435008 0.019226 0.062272
0 0.010461 0.427392 0.019257 0.059584
0 0.010447 0.420672 0.019285 0.047936
0 0.010428 0.418880 0.019323 0.049280
0 0.010411 0.410368 0.019356 0.046592
0 0.010394 0.408576 0.019391 0.040768
0 0.010378 0.404992 0.019422 0.039424
0 0.010361 0.398272 0.019456 0.058240
0 0.010295 0.477568 0.019589 0.033152
0 0.010259 0.714112 0.019661 0.060928
0 0.010277 0.716800 0.019624 0.060928
0 0.011416 0.856128 0.021811 0.022848
0 0.011386 0.797888 0.021870 0.024192
0 0.011399 0.798784 0.021844 0.029120
0 0.011443 0.893312 0.021757 0.027776
0 0.011470 0.816704 0.021703 0.029120
0 0.011559 0.847168 0.021524 0.033152
0 0.011737 0.890176 0.021169 0.022848
0 0.011453 0.817600 0.021736 0.030464
0 0.011469 0.904960 0.021705 0.034496
0 0.011376 0.791616 0.021890 0.025536
0 0.010292 0.722624 0.019595 0.061824
0 0.011334 0.800576 0.021976 0.020160
0 0.011330 0.816256 0.021984 0.017920
0 0.011329 0.831040 0.021985 0.018816
0 0.011325 0.844032 0.021993 0.017920
0 0.011319 0.857920 0.022005 0.019264
0 0.011222 0.870912 0.022200 0.027776
0 0.011252 0.913472 0.022139 0.031808
0 0.011314 0.690816 0.022015 0.030016
0 0.011377 0.871808 0.021889 0.025536
0 0.011461 0.116032 0.021720 0.031360
0 0.011409 0.325696 0.021824 0.028672
0 0.011404 0.215936 0.021835 0.020608
0 0.011853 0.750848 0.020938 0.017920
0 0.011856 0.736512 0.020931 0.016128
0 0.011857 0.719936 0.020930 0.018816
0 0.011432 0.918400 0.021778 0.025536
0 0.011422 0.944384 0.021799 0.033152
0 0.011280 0.990976 0.022084 0.015232
0 0.011441 0.810432 0.021761 0.029120
0 0.011412 0.870464 0.021819 0.018816
0 0.011407 0.884352 0.021828 0.021504
0 0.011392 0.923776 0.021858 0.020608
0 0.011388 0.934976 0.021866 0.022848
0 0.011381 0.949760 0.021881 0.024192
0 0.011377 0.964992 0.021889 0.024192
0 0.011372 0.979328 0.021899 0.022848
0 0.011345 0.945280 0.021953 0.026432
0 0.011357 0.914368 0.021928 0.024192
0 0.011862 0.702464 0.020919 0.016128
0 0.011330 0.630336 0.021984 0.029120
0 0.011857 0.815808 0.020930 0.028672
0 0.011875 0.821184 0.020892 0.034048
0 0.011077 0.382592 0.018025 0.050624
0 0.011056 0.490112 0.018067 0.052864
0 0.011040 0.542080 0.018098 0.051520
0 0.011028 0.591808 0.018123 0.051968
0 0.011011 0.644224 0.018156 0.046592
0 0.011000 0.689472 0.018179 0.045248
0 0.010983 0.738304 0.018213 0.043008
0 0.010863 0.861056 0.018452 0.043008
0 0.010807 0.843584 0.018564 0.047936
0 0.010898 0.745024 0.018383 0.030016
0 0.010909 0.727104 0.018360 0.029120
0 0.010860 0.714560 0.018458 0.025088
0 0.010897 0.766080 0.018384 0.027776
0 0.010851 0.749952 0.018477 0.027776
0 0.010799 0.737408 0.018580 0.032704
0 0.010361 0.748160 0.019457 0.047040
0 0.010328 0.734272 0.019523 0.060928
0 0.010307 0.728896 0.019564 0.061824
0 0.011067 0.434560 0.018045 0.053312
0 0.010999 0.383488 0.018180 0.054656
0 0.012015 0.799232 0.020612 0.018816
0 0.011011 0.417088 0.018157 0.043008
0 0.011928 0.715456 0.020788 0.016576
0 0.011934 0.680960 0.020776 0.016576
0 0.011921 0.658112 0.020800 0.030016
0 0.011903 0.650944 0.020836 0.029120
0 0.011892 0.665280 0.020858 0.028672
0 0.011954 0.763840 0.020735 0.022848
0 0.012073 0.667520 0.020497 0.031808
0 0.012096 0.570752 0.020451 0.030016
0 0.011860 0.301056 0.020923 0.031360
0 0.011513 0.320320 0.021617 0.035392
0 0.011371 0.473088 0.021900 0.026432
0 0.011305 0.552832 0.022034 0.026880
0 0.011294 0.584640 0.022054 0.031360
0 0.014323 0.808640 0.024925 0.079744
0 0.010686 0.906304 0.018807 0.031808
0 0.010963 0.378112 0.018252 0.044352
0 0.010982 0.380352 0.018214 0.052864
0 0.010377 0.163968 0.019425 0.058240
