0 0.011715 0.942592 0.021213 0.037632
0 0.011752 0.944384 0.021139 0.035392
0 0.010515 0.711872 0.019150 0.022400
0 0.010454 0.703360 0.019271 0.022848
0 0.010581 0.719488 0.019017 0.022400
0 0.011706 0.835072 0.021232 0.018816
0 0.011677 0.921984 0.021288 0.016576
0 0.011622 0.927808 0.021399 0.031808
0 0.011585 0.825216 0.021472 0.017920
0 0.011521 0.821184 0.021601 0.016576
0 0.011465 0.798784 0.021712 0.017920
0 0.011409 0.803712 0.021825 0.016576
0 0.011338 0.792512 0.021966 0.013888
0 0.011374 0.981120 0.021895 0.030912
0 0.011344 0.959168 0.021956 0.032256
0 0.011352 0.980224 0.021938 0.029568
0 0.011270 0.764736 0.022103 0.017472
0 0.011236 0.758464 0.022170 0.016576
0 0.011225 0.775040 0.022193 0.017920
0 0.011209 0.751296 0.022225 0.016576
0 0.011327 0.880768 0.021990 0.026432
0 0.011309 0.928704 0.022025 0.014336
0 0.011300 0.875840 0.022043 0.030912
0 0.011276 0.874496 0.022092 0.029568
0 0.011261 0.870912 0.022121 0.030016
0 0.010508 0.764736 0.019162 0.024640
0 0.010439 0.752640 0.019301 0.022400
0 0.010383 0.792064 0.019413 0.022848
0 0.011186 0.060032 0.022271 0.032256
0 0.010289 0.217728 0.019601 0.056896
0 0.010296 0.249984 0.019587 0.057792
0 0.010237 0.678720 0.019705 0.030912
0 0.010233 0.702912 0.019713 0.026432
0 0.010352 0.070336 0.019475 0.034496
0 0.011170 0.259840 0.022304 0.043008
0 0.010045 0.252224 0.020088 0.039424
0 0.011172 0.220864 0.022299 0.030912
0 0.011345 0.389312 0.021952 0.030912
0 0.010358 0.861952 0.019462 0.032256
0 0.011356 0.390656 0.021930 0.030912
0 0.011389 0.154560 0.021866 0.032256
0 0.011472 0.051968 0.021699 0.031808
0 0.011477 0.038976 0.021689 0.033152
0 0.011481 0.021952 0.021682 0.032256
0 0.011464 0.017920 0.021714 0.034496
0 0.011445 0.012544 0.021753 0.023744
0 0.011508 0.070336 0.021628 0.030912
0 0.011616 0.041664 0.021411 0.021504
0 0.011615 0.028672 0.021413 0.022848
0 0.011237 0.940800 0.022168 0.030912
0 0.011208 0.869120 0.022227 0.022848
0 0.011202 0.881664 0.022239 0.021056
0 0.012212 0.809088 0.020218 0.028672
0 0.010810 0.682752 0.018559 0.029568
0 0.011000 0.687680 0.018179 0.024640
0 0.011001 0.714112 0.018177 0.025984
0 0.010745 0.915264 0.018689 0.034048
0 0.010858 0.929600 0.018463 0.031808
0 0.012199 0.801472 0.020244 0.033152
0 0.012187 0.779520 0.020269 0.014336
0 0.012134 0.836864 0.020375 0.016576
0 0.012174 0.843136 0.020296 0.030016
0 0.012206 0.845824 0.020231 0.030016
0 0.012258 0.816256 0.020127 0.027328
0 0.012259 0.846720 0.020124 0.030016
0 0.010766 0.788480 0.018646 0.024640
0 0.012247 0.845376 0.020149 0.032256
0 0.012262 0.801472 0.020120 0.028672
0 0.012222 0.966336 0.020199 0.019264
0 0.012124 0.949312 0.020394 0.021056
0 0.012042 0.859264 0.020558 0.019264
0 0.012017 0.854784 0.020610 0.019264
0 0.011994 0.849408 0.020654 0.017472
0 0.011966 0.846272 0.020711 0.017920
0 0.011878 0.868224 0.020886 0.018816
0 0.011829 0.857920 0.020986 0.019264
0 0.010805 0.722624 0.018568 0.028224
0 0.011198 0.895552 0.022248 0.021504
0 0.010959 0.550144 0.018261 0.064960
0 0.011196 0.908992 0.022251 0.019264
0 0.011196 0.924672 0.022251 0.021056
0 0.011162 0.747712 0.022319 0.019264
0 0.011167 0.762944 0.022309 0.014336
0 0.010816 0.635712 0.018546 0.031808
0 0.010838 0.506688 0.018502 0.034496
0 0.010901 0.534464 0.018377 0.065408
0 0.010927 0.538944 0.018325 0.062720
0 0.010943 0.550592 0.018293 0.062720
0 0.010976 0.549248 0.018226 0.064960
0 0.012035 0.288064 0.020573 0.031808
0 0.010991 0.551040 0.018197 0.064064
0 0.011003 0.551040 0.018172 0.064064
0 0.011038 0.634368 0.018103 0.022848
0 0.011844 0.139328 0.020955 0.029568
0 0.011946 0.245056 0.020750 0.029568
0 0.011958 0.253120 0.020727 0.032256
0 0.011970 0.259392 0.020702 0.029568
0 0.012022 0.225344 0.020599 0.021504
0 0.012020 0.284480 0.020604 0.038976
0 0.010274 0.215040 0.019631 0.056896
