0 0.010789 0.562688 0.018601 0.069888
0 0.010469 0.160384 0.019241 0.037184
0 0.010556 0.295232 0.019067 0.034944
0 0.010537 0.261184 0.019104 0.033152
0 0.010511 0.229824 0.019158 0.035840
0 0.010471 0.203392 0.019238 0.052864
0 0.010511 0.191744 0.019158 0.029568
0 0.010478 0.177408 0.019223 0.038080
0 0.010597 0.381248 0.018985 0.043456
0 0.010621 0.667072 0.018936 0.054656
0 0.010577 0.394240 0.019024 0.047040
0 0.010499 0.551040 0.019181 0.046144
0 0.010743 0.917952 0.018693 0.060928
0 0.010769 0.909440 0.018640 0.060928
0 0.010677 0.765184 0.018825 0.052864
0 0.010555 0.312704 0.019068 0.034496
0 0.010504 0.276416 0.019170 0.073472
0 0.010525 0.396480 0.019129 0.054656
0 0.010549 0.519680 0.019081 0.038976
0 0.010529 0.516992 0.019120 0.033152
0 0.010570 0.480256 0.019038 0.046592
0 0.010579 0.535808 0.019021 0.052864
0 0.010552 0.339136 0.019074 0.066752
0 0.010603 0.400064 0.018972 0.043456
0 0.010614 0.415296 0.018950 0.043456
0 0.010645 0.450688 0.018888 0.029120
0 0.010642 0.466816 0.018896 0.043456
0 0.010653 0.548800 0.018872 0.055552
0 0.010665 0.505792 0.018849 0.040320
0 0.010683 0.523264 0.018812 0.041664
0 0.010690 0.541184 0.018798 0.043456
0 0.010702 0.556864 0.018775 0.040320
0 0.010650 0.715456 0.018878 0.053760
0 0.010765 0.670208 0.018648 0.039424
0 0.010755 0.633920 0.018668 0.042112
0 0.011839 0.820736 0.020965 0.022400
0 0.011686 0.571648 0.021270 0.029120
0 0.011725 0.633472 0.021194 0.025984
0 0.011896 0.733376 0.020852 0.015680
0 0.011840 0.860608 0.020963 0.019264
0 0.011877 0.970816 0.020889 0.019264
0 0.011881 0.985152 0.020880 0.017472
0 0.011839 0.842240 0.020965 0.011648
0 0.010764 0.649600 0.018651 0.041664
0 0.012081 0.079744 0.020481 0.024640
0 0.012056 0.226240 0.020532 0.019712
0 0.012111 0.172928 0.020422 0.029568
0 0.011685 0.551040 0.021274 0.027328
0 0.010661 0.639296 0.018856 0.054656
0 0.010689 0.704256 0.018800 0.092288
0 0.010596 0.747712 0.018987 0.067648
0 0.010556 0.670208 0.019067 0.067648
0 0.010522 0.598528 0.019136 0.055104
0 0.010713 0.572096 0.018753 0.037632
0 0.010721 0.587328 0.018737 0.037184
0 0.010730 0.603904 0.018718 0.039872
0 0.010744 0.619584 0.018690 0.038080
