0 0.012210 0.816256 0.020223 0.064512
0 0.010735 0.387520 0.018709 0.113344
0 0.010684 0.804160 0.018811 0.133952
0 0.010652 0.772800 0.018874 0.130816
0 0.010623 0.748160 0.018932 0.130816
0 0.010599 0.717696 0.018980 0.132608
0 0.010576 0.686336 0.019027 0.135744
0 0.010551 0.664832 0.019078 0.133952
0 0.010525 0.629888 0.019128 0.137536
0 0.010486 0.610624 0.019206 0.133952
0 0.010418 0.534016 0.019342 0.137536
0 0.010387 0.522816 0.019405 0.139328
0 0.010359 0.483392 0.019461 0.137536
0 0.010329 0.461888 0.019522 0.135744
0 0.010299 0.432768 0.019580 0.133952
0 0.010310 0.251776 0.019558 0.113344
0 0.010290 0.292544 0.019599 0.115136
0 0.010130 0.530432 0.019919 0.133952
0 0.010046 0.593152 0.020087 0.141120
0 0.010722 0.818944 0.018735 0.132608
0 0.010650 0.477568 0.018879 0.129024
0 0.012177 0.455616 0.020288 0.071232
0 0.010621 0.446656 0.018937 0.137536
0 0.012118 0.450240 0.020407 0.064512
0 0.012103 0.234304 0.020436 0.064512
0 0.011287 0.454720 0.022069 0.069888
0 0.011957 0.770112 0.020730 0.062720
0 0.011794 0.534016 0.021055 0.092288
0 0.011594 0.585536 0.021455 0.076608
0 0.010616 0.249088 0.018947 0.086912
0 0.011652 0.318080 0.021339 0.064512
0 0.011651 0.272832 0.021341 0.068096
0 0.011504 0.084672 0.021635 0.057344
0 0.011493 0.123648 0.021657 0.069888
0 0.011476 0.156800 0.021691 0.069888
0 0.011452 0.199360 0.021739 0.068096
0 0.011162 0.729792 0.022319 0.069888
0 0.010593 0.352128 0.018993 0.097664
0 0.010478 0.273728 0.019223 0.135744
0 0.010594 0.413952 0.018990 0.133952
0 0.010054 0.236096 0.020070 0.137536
