0 0.012118 0.912128 0.020407 0.017472
0 0.012051 0.911232 0.020541 0.019264
0 0.010298 0.578816 0.019582 0.024640
0 0.010321 0.578368 0.019536 0.019712
0 0.010329 0.567616 0.019521 0.019264
0 0.010329 0.556864 0.019520 0.018368
0 0.010310 0.547904 0.019559 0.021056
0 0.010297 0.563584 0.019585 0.021056
0 0.010277 0.551936 0.019624 0.020160
0 0.010480 0.138432 0.019218 0.017472
0 0.010396 0.163072 0.019386 0.020160
0 0.010494 0.144704 0.019191 0.029120
0 0.010439 0.159936 0.019300 0.032256
0 0.010683 0.149184 0.018813 0.023744
0 0.010714 0.163520 0.018750 0.023296
0 0.010737 0.164864 0.018705 0.031360
0 0.010747 0.170240 0.018684 0.032704
0 0.010759 0.178304 0.018660 0.035392
0 0.010771 0.185024 0.018636 0.035392
0 0.010865 0.257600 0.018449 0.024192
0 0.010872 0.233856 0.018434 0.034944
0 0.010895 0.260736 0.018388 0.033600
0 0.010845 0.371840 0.018488 0.035840
0 0.010856 0.341376 0.018467 0.032704
0 0.010894 0.318080 0.018391 0.030912
0 0.010881 0.351680 0.018416 0.027328
0 0.010884 0.384384 0.018411 0.039424
0 0.010900 0.370048 0.018378 0.039872
0 0.010911 0.380352 0.018356 0.028672
0 0.010298 0.586880 0.019582 0.021504
0 0.010307 0.606144 0.019565 0.022400
0 0.010349 0.625856 0.019480 0.020160
0 0.010245 0.473088 0.019688 0.024640
0 0.010187 0.279104 0.019804 0.021952
0 0.010187 0.269248 0.019805 0.021504
0 0.010139 0.482496 0.019900 0.031360
0 0.010146 0.453824 0.019887 0.021504
0 0.010278 0.541184 0.019623 0.022400
0 0.010454 0.174272 0.019271 0.018816
0 0.010498 0.179200 0.019183 0.021952
0 0.010494 0.163072 0.019191 0.021056
0 0.010521 0.155904 0.019136 0.018816
0 0.010163 0.438144 0.019853 0.032704
0 0.010180 0.448448 0.019818 0.023744
0 0.010186 0.453824 0.019806 0.031360
0 0.010259 0.484288 0.019661 0.023744
0 0.010359 0.599424 0.019460 0.019264
0 0.010265 0.492352 0.019648 0.028672
0 0.010276 0.491008 0.019626 0.025088
0 0.010286 0.493696 0.019607 0.024192
0 0.010294 0.496832 0.019591 0.024192
0 0.010298 0.504896 0.019582 0.031808
0 0.010314 0.512512 0.019550 0.031360
0 0.010326 0.514304 0.019527 0.024640
0 0.010347 0.530880 0.019485 0.028672
0 0.010373 0.542528 0.019433 0.023744
0 0.010374 0.561344 0.019430 0.019264
0 0.010369 0.572096 0.019441 0.021056
0 0.010361 0.590016 0.019456 0.018816
0 0.010922 0.380800 0.018334 0.029120
0 0.010938 0.465472 0.018302 0.040768
0 0.010951 0.469056 0.018276 0.043008
0 0.012227 0.802816 0.020189 0.013888
0 0.011248 0.506240 0.022147 0.017024
0 0.012256 0.040768 0.020131 0.013440
0 0.012258 0.029120 0.020126 0.014336
0 0.012156 0.276416 0.020330 0.015680
0 0.012088 0.215936 0.020466 0.014784
0 0.012061 0.013440 0.020522 0.017472
0 0.011587 0.121856 0.021469 0.010304
0 0.012185 0.804160 0.020273 0.012544
0 0.012189 0.784448 0.020266 0.012544
0 0.012179 0.842688 0.020286 0.012992
0 0.012171 0.903616 0.020301 0.010304
0 0.012213 0.891968 0.020216 0.012992
0 0.010534 0.771008 0.019112 0.026432
0 0.010095 0.851648 0.019988 0.027776
0 0.010553 0.727104 0.019073 0.017920
0 0.011670 0.717248 0.021302 0.013888
0 0.011638 0.990976 0.021366 0.012096
0 0.010476 0.986048 0.019227 0.021056
0 0.010467 0.984256 0.019245 0.018816
0 0.010459 0.981120 0.019260 0.019712
0 0.010450 0.980224 0.019278 0.021504
0 0.010770 0.969024 0.018640 0.024640
0 0.011870 0.974400 0.020904 0.018816
0 0.011902 0.966336 0.020839 0.017920
0 0.012067 0.918400 0.020509 0.017920
0 0.011917 0.960960 0.020809 0.019264
0 0.010330 0.451136 0.019518 0.022848
0 0.010713 0.700672 0.018752 0.024192
0 0.010963 0.476224 0.018253 0.042112
0 0.010910 0.809536 0.018359 0.026880
0 0.010998 0.500416 0.018183 0.033600
0 0.011009 0.487872 0.018160 0.037632
0 0.010979 0.400960 0.018220 0.019712
0 0.010965 0.273280 0.018248 0.038528
0 0.011028 0.246848 0.018123 0.021952
0 0.011045 0.199360 0.018088 0.017024
0 0.011051 0.189504 0.018077 0.015680
0 0.011062 0.142464 0.018054 0.016576
0 0.011143 0.376768 0.017893 0.029120
0 0.010980 0.862400 0.018219 0.028224
0 0.010987 0.851648 0.018205 0.024640
0 0.010948 0.831488 0.018282 0.025088
0 0.010909 0.823872 0.018360 0.027328
0 0.010773 0.699328 0.018633 0.019264
0 0.010885 0.793856 0.018409 0.024192
0 0.010875 0.803712 0.018429 0.028224
0 0.010893 0.784000 0.018393 0.027776
0 0.010918 0.784896 0.018343 0.024192
0 0.010950 0.769664 0.018278 0.027328
0 0.010962 0.730688 0.018254 0.033600
0 0.010923 0.732928 0.018333 0.023744
0 0.010849 0.787136 0.018480 0.022848
0 0.010837 0.718144 0.018506 0.017024
0 0.010843 0.687232 0.018492 0.021056
0 0.010848 0.655872 0.018483 0.022848
0 0.010831 0.657216 0.018516 0.025088
0 0.010142 0.379456 0.019894 0.021056
