0 0.011815 0.331072 0.021013 0.018816
0 0.010699 0.599424 0.018781 0.028672
0 0.010543 0.603904 0.019093 0.081984
0 0.010640 0.690816 0.018899 0.061376
0 0.010726 0.790272 0.018726 0.028672
0 0.010741 0.766528 0.018696 0.025984
0 0.010708 0.715008 0.018763 0.025088
0 0.010644 0.620480 0.018890 0.065856
0 0.010694 0.567168 0.018790 0.027776
0 0.010722 0.546112 0.018735 0.025984
0 0.010653 0.489664 0.018872 0.061376
0 0.010708 0.475328 0.018763 0.027776
0 0.010708 0.450688 0.018763 0.026880
0 0.010709 0.502208 0.018760 0.029568
0 0.010711 0.623616 0.018757 0.025088
0 0.011800 0.308224 0.021043 0.018368
0 0.010699 0.646464 0.018781 0.024192
0 0.010712 0.670656 0.018754 0.025984
0 0.010709 0.695296 0.018760 0.025088
0 0.010560 0.257600 0.019060 0.088256
0 0.010541 0.695296 0.019096 0.080192
0 0.010455 0.791168 0.019269 0.026880
0 0.010288 0.794752 0.019602 0.028672
0 0.010605 0.211008 0.018969 0.117376
0 0.010591 0.107968 0.018996 0.091840
0 0.010647 0.421568 0.018884 0.032704
0 0.010675 0.741888 0.018829 0.031808
0 0.012030 0.776384 0.020583 0.038976
0 0.010546 0.513856 0.019087 0.081984
