0 0.011671 0.030464 0.021300 0.020160
0 0.010493 0.232064 0.019193 0.038976
0 0.010522 0.156352 0.019134 0.046144
0 0.010513 0.198912 0.019153 0.040320
0 0.010506 0.235200 0.019167 0.038976
0 0.010518 0.114688 0.019142 0.039872
0 0.010510 0.155456 0.019159 0.042112
0 0.010501 0.194432 0.019177 0.045696
0 0.010507 0.111104 0.019165 0.039872
0 0.010442 0.087360 0.019295 0.038976
0 0.010499 0.149184 0.019181 0.038976
0 0.010489 0.186368 0.019201 0.038528
0 0.010482 0.224896 0.019214 0.038976
0 0.010486 0.145600 0.019207 0.042560
0 0.010495 0.106176 0.019189 0.045696
0 0.010483 0.103040 0.019213 0.047040
0 0.010519 0.232960 0.019141 0.040320
0 0.010526 0.198016 0.019127 0.038528
0 0.010533 0.160832 0.019113 0.040320
0 0.010531 0.116032 0.019116 0.036736
0 0.010542 0.122752 0.019094 0.039872
0 0.010532 0.236096 0.019115 0.037632
0 0.010539 0.199808 0.019101 0.038976
0 0.010546 0.160832 0.019086 0.039872
0 0.010555 0.124096 0.019068 0.038528
0 0.010542 0.241472 0.019094 0.038528
0 0.010550 0.203840 0.019078 0.038976
0 0.010558 0.170240 0.019062 0.038976
0 0.010566 0.131264 0.019047 0.044352
0 0.010555 0.244160 0.019069 0.039872
0 0.010562 0.208768 0.019054 0.039872
0 0.010569 0.172928 0.019041 0.038976
0 0.010577 0.134400 0.019024 0.048384
0 0.010469 0.099456 0.019241 0.047040
0 0.010434 0.126336 0.019311 0.035392
0 0.010582 0.178752 0.019015 0.038976
0 0.010140 0.556416 0.019898 0.021504
0 0.010195 0.624960 0.019788 0.019712
0 0.010176 0.603456 0.019826 0.020160
0 0.010140 0.659904 0.019899 0.020160
0 0.010139 0.640640 0.019900 0.021056
0 0.010139 0.623168 0.019900 0.017472
0 0.010116 0.603904 0.019947 0.022400
0 0.010144 0.523264 0.019891 0.025984
0 0.010412 0.162624 0.019355 0.039872
0 0.010104 0.753088 0.019971 0.021056
0 0.010103 0.733376 0.019973 0.021056
0 0.010104 0.713664 0.019971 0.021504
0 0.010104 0.695296 0.019970 0.020160
0 0.010107 0.676928 0.019965 0.021056
0 0.010106 0.657664 0.019966 0.017472
0 0.010195 0.641984 0.019788 0.017472
0 0.010221 0.608384 0.019736 0.018816
0 0.010226 0.662144 0.019727 0.017472
0 0.010229 0.643776 0.019720 0.017472
0 0.010229 0.627200 0.019721 0.021056
0 0.010303 0.631680 0.019573 0.020160
0 0.010303 0.650496 0.019572 0.020160
0 0.010303 0.669312 0.019573 0.020160
0 0.010337 0.628992 0.019505 0.021056
0 0.010337 0.646912 0.019504 0.020160
0 0.010339 0.664832 0.019500 0.018816
0 0.010363 0.326144 0.019452 0.038528
0 0.010362 0.305536 0.019454 0.036736
0 0.010362 0.286272 0.019454 0.035392
0 0.010366 0.267456 0.019447 0.039872
0 0.010490 0.269248 0.019199 0.037632
0 0.010405 0.203840 0.019369 0.038528
0 0.010572 0.219520 0.019034 0.038528
0 0.010589 0.138880 0.019001 0.044800
0 0.012062 0.725760 0.020519 0.030464
0 0.011404 0.172480 0.021834 0.028224
0 0.012013 0.585536 0.020617 0.027328
0 0.011988 0.513408 0.020667 0.028224
0 0.011980 0.492352 0.020683 0.026880
0 0.012242 0.572096 0.020160 0.034048
0 0.011426 0.175616 0.021791 0.025984
0 0.011391 0.172480 0.021860 0.029568
0 0.011415 0.174720 0.021813 0.028224
0 0.010364 0.386624 0.019451 0.025536
0 0.011396 0.236096 0.021851 0.020160
0 0.011401 0.534912 0.021840 0.014336
0 0.011400 0.550144 0.021843 0.012096
0 0.011399 0.564480 0.021845 0.016128
0 0.010307 0.541184 0.019565 0.044800
0 0.010348 0.229824 0.019483 0.019712
0 0.012044 0.676032 0.020554 0.028224
0 0.012051 0.689472 0.020541 0.027328
0 0.012036 0.659904 0.020570 0.033152
0 0.010961 0.809536 0.018256 0.036288
0 0.010972 0.853440 0.018234 0.035392
0 0.010477 0.424256 0.019224 0.047040
0 0.010510 0.409024 0.019159 0.046144
0 0.010541 0.390208 0.019096 0.047936
0 0.010575 0.371840 0.019030 0.049280
0 0.010593 0.363776 0.018993 0.046144
0 0.010609 0.356608 0.018961 0.044800
0 0.010641 0.339136 0.018897 0.045696
0 0.012145 0.929600 0.020352 0.030464
0 0.010834 0.955584 0.018511 0.019712
0 0.012019 0.603008 0.020606 0.032704
0 0.011222 0.779520 0.022198 0.014336
0 0.011897 0.967232 0.020850 0.020160
0 0.010484 0.338688 0.019210 0.047936
0 0.010406 0.458304 0.019368 0.039872
0 0.010584 0.223552 0.019011 0.040320
0 0.010773 0.501760 0.018632 0.104832
0 0.010955 0.939008 0.018268 0.112896
0 0.010972 0.930496 0.018234 0.101248
0 0.010833 0.267456 0.018513 0.026880
0 0.010829 0.248640 0.018520 0.032704
0 0.010794 0.262976 0.018591 0.028224
0 0.010797 0.276416 0.018584 0.027328
0 0.010583 0.313152 0.019012 0.056448
0 0.010492 0.900480 0.019194 0.042560
0 0.010615 0.178752 0.018949 0.110208
0 0.010611 0.142464 0.018956 0.042112
0 0.010606 0.183232 0.018967 0.039872
0 0.010597 0.224896 0.018985 0.038976
0 0.010601 0.140672 0.018977 0.045696
0 0.010594 0.179648 0.018991 0.039872
0 0.010941 0.948416 0.018296 0.104832
0 0.010932 0.830144 0.018315 0.038976
0 0.010932 0.952000 0.018315 0.039872
0 0.010870 0.946176 0.018439 0.103488
0 0.010785 0.915712 0.018608 0.051520
0 0.010771 0.882112 0.018638 0.051968
0 0.010628 0.964096 0.018923 0.042560
0 0.010693 0.907648 0.018792 0.057344
0 0.010675 0.891968 0.018829 0.054208
0 0.002949 0.825664 0.003031 0.029120
0 0.002942 0.852096 0.003044 0.023744
0 0.002985 0.801472 0.002959 0.029568
0 0.002994 0.831936 0.002940 0.029568
0 0.003010 0.788032 0.002908 0.030464
0 0.003020 0.818944 0.002889 0.030912
0 0.002936 0.833280 0.003057 0.021056
0 0.010455 0.886144 0.019269 0.047040
0 0.010107 0.640192 0.019965 0.017920
