0 0.011761 0.754880 0.021120 0.019712
0 0.010512 0.458304 0.019154 0.019264
0 0.010601 0.355712 0.018976 0.044352
0 0.010621 0.368704 0.018937 0.062720
0 0.010644 0.369152 0.018891 0.056448
0 0.010662 0.369600 0.018855 0.061376
0 0.010684 0.361088 0.018811 0.056448
0 0.010600 0.468608 0.018979 0.021056
0 0.010640 0.412608 0.018898 0.015680
0 0.010740 0.417536 0.018699 0.030016
0 0.010510 0.426944 0.019158 0.017024
0 0.010473 0.440832 0.019232 0.037632
0 0.010717 0.601216 0.018744 0.067200
0 0.010407 0.508480 0.019365 0.043008
0 0.010427 0.511168 0.019324 0.047488
0 0.010453 0.512512 0.019272 0.048384
0 0.010482 0.513856 0.019214 0.047040
0 0.010515 0.516992 0.019149 0.047040
0 0.010536 0.516992 0.019107 0.033152
0 0.010560 0.519680 0.019058 0.045696
0 0.010583 0.516096 0.019014 0.045248
0 0.010606 0.502656 0.018966 0.030016
0 0.010502 0.348544 0.019175 0.047488
0 0.010478 0.357952 0.019223 0.051072
0 0.010432 0.366016 0.019314 0.081984
0 0.010410 0.362432 0.019358 0.079744
0 0.010449 0.150080 0.019281 0.018368
0 0.010460 0.107968 0.019258 0.020608
0 0.010459 0.121408 0.019260 0.017472
0 0.010481 0.193536 0.019216 0.056448
0 0.010502 0.184576 0.019175 0.036736
0 0.010497 0.280000 0.019184 0.013888
0 0.010431 0.263424 0.019317 0.030464
0 0.010531 0.132608 0.019116 0.039424
0 0.010526 0.177408 0.019127 0.038976
0 0.010543 0.195776 0.019093 0.038080
0 0.010563 0.206528 0.019053 0.035840
0 0.010571 0.159040 0.019037 0.034496
0 0.010590 0.163968 0.018999 0.047040
0 0.010604 0.198912 0.018970 0.055552
0 0.010624 0.212352 0.018930 0.058240
0 0.010556 0.127232 0.019067 0.030464
0 0.010297 0.516992 0.019584 0.086912
0 0.010365 0.367808 0.019448 0.081536
0 0.010389 0.362432 0.019400 0.081536
0 0.010630 0.501312 0.018919 0.030016
0 0.010754 0.621376 0.018671 0.069440
0 0.011797 0.456960 0.021049 0.011200
0 0.012221 0.289408 0.020201 0.015680
0 0.010790 0.599872 0.018599 0.015680
0 0.011680 0.488768 0.021283 0.010304
0 0.011590 0.560000 0.021463 0.018816
0 0.011524 0.572992 0.021595 0.019264
0 0.011498 0.422464 0.021646 0.020608
0 0.012171 0.313152 0.020300 0.021056
0 0.012215 0.327040 0.020212 0.021504
0 0.012190 0.317184 0.020263 0.020608
0 0.012167 0.262976 0.020309 0.015680
0 0.012194 0.363328 0.020256 0.018368
0 0.010648 0.596736 0.018882 0.066752
0 0.012215 0.197120 0.020212 0.021056
0 0.012168 0.215488 0.020307 0.019712
0 0.012051 0.861952 0.020541 0.008960
0 0.011866 0.858816 0.020912 0.010752
0 0.011403 0.940352 0.021837 0.016128
0 0.012075 0.887040 0.020492 0.013440
0 0.012139 0.861056 0.020364 0.011200
0 0.012131 0.070784 0.020381 0.018816
0 0.012070 0.230272 0.020502 0.020608
0 0.010663 0.479808 0.018852 0.013888
0 0.011734 0.576576 0.021175 0.022400
0 0.011709 0.570752 0.021224 0.019712
0 0.011037 0.306432 0.018104 0.028672
0 0.010560 0.593152 0.019060 0.085568
0 0.010536 0.590912 0.019107 0.084672
0 0.010513 0.589120 0.019152 0.083776
0 0.010487 0.595840 0.019204 0.084672
0 0.010313 0.614656 0.019552 0.044800
0 0.010304 0.676480 0.019571 0.048384
0 0.010288 0.727104 0.019602 0.044352
0 0.010302 0.733376 0.019575 0.047936
0 0.010572 0.714560 0.019035 0.042560
0 0.010657 0.752192 0.018864 0.094528
0 0.010577 0.841344 0.019025 0.013440
0 0.010504 0.844032 0.019171 0.017024
0 0.014007 0.948416 0.025558 0.037632
0 0.014071 0.948864 0.025429 0.039424
0 0.010950 0.909888 0.018279 0.018816
0 0.011108 0.961856 0.017963 0.013888
0 0.005302 0.379008 0.007253 0.045696
0 0.005270 0.439936 0.007318 0.044800
0 0.011000 0.296128 0.018179 0.037632
0 0.010460 0.195328 0.019259 0.037184
