0 0.010211 0.959616 0.019756 0.024640
0 0.010554 0.534464 0.019070 0.033600
0 0.010478 0.481152 0.019223 0.036736
0 0.010519 0.460544 0.019140 0.035840
0 0.010505 0.492800 0.019169 0.036288
0 0.010537 0.474432 0.019104 0.036736
0 0.010528 0.516992 0.019123 0.035840
0 0.010568 0.491904 0.019043 0.034496
0 0.010576 0.498176 0.019026 0.034496
0 0.010592 0.530880 0.018994 0.044800
0 0.011921 0.387072 0.020801 0.015232
0 0.010604 0.538496 0.018970 0.045248
0 0.010632 0.541184 0.018914 0.034048
0 0.010649 0.565376 0.018881 0.039872
0 0.010674 0.580160 0.018831 0.038976
0 0.010738 0.616896 0.018703 0.028672
0 0.010730 0.623168 0.018719 0.028224
0 0.010724 0.630784 0.018731 0.029120
0 0.010504 0.448000 0.019170 0.034944
0 0.010495 0.441280 0.019188 0.036736
0 0.010426 0.490560 0.019327 0.036736
0 0.010386 0.469952 0.019406 0.037184
0 0.011904 0.375424 0.020834 0.017472
0 0.011919 0.335104 0.020806 0.015680
0 0.011885 0.300160 0.020873 0.023296
0 0.011835 0.371392 0.020973 0.016576
0 0.011856 0.275520 0.020930 0.017472
0 0.011826 0.305984 0.020990 0.017024
0 0.011671 0.344960 0.021302 0.017472
0 0.011658 0.334656 0.021326 0.016128
0 0.010253 0.326592 0.019672 0.030464
0 0.011405 0.478016 0.021832 0.017472
0 0.011350 0.536256 0.021944 0.018368
0 0.010356 0.425600 0.019467 0.035840
0 0.010422 0.385280 0.019335 0.035840
0 0.010438 0.398272 0.019303 0.036288
0 0.010447 0.404992 0.019285 0.034944
0 0.010699 0.650496 0.018781 0.030016
0 0.010683 0.670208 0.018812 0.029568
0 0.010675 0.679168 0.018829 0.030464
0 0.011697 0.634816 0.021249 0.015680
0 0.011691 0.640192 0.021260 0.014336
0 0.011686 0.646464 0.021271 0.014784
0 0.011705 0.656320 0.021232 0.015232
0 0.011680 0.652288 0.021282 0.014336
0 0.011699 0.661696 0.021245 0.015680
0 0.011674 0.658560 0.021294 0.014336
0 0.011691 0.667520 0.021260 0.016576
0 0.011686 0.674240 0.021271 0.015680
0 0.011668 0.664384 0.021307 0.015232
0 0.011664 0.671552 0.021315 0.014784
0 0.011681 0.680960 0.021280 0.014784
0 0.011657 0.675584 0.021329 0.015232
0 0.011671 0.684992 0.021302 0.013888
0 0.011651 0.681408 0.021341 0.015680
0 0.011664 0.690816 0.021314 0.015232
0 0.011712 0.645120 0.021219 0.015232
0 0.011722 0.638848 0.021200 0.015680
0 0.010540 0.573888 0.019099 0.032704
0 0.011704 0.629440 0.021234 0.012992
0 0.010481 0.679168 0.019216 0.033600
0 0.011516 0.538048 0.021611 0.016576
0 0.011389 0.535808 0.021865 0.017472
0 0.011332 0.599424 0.021979 0.017920
0 0.011178 0.644672 0.022287 0.015680
0 0.010279 0.651392 0.019620 0.036288
0 0.010296 0.693952 0.019588 0.016128
0 0.010305 0.659904 0.019568 0.033600
0 0.011409 0.666176 0.021825 0.017472
0 0.011446 0.657216 0.021750 0.018816
0 0.010322 0.670656 0.019535 0.030912
0 0.010387 0.695744 0.019405 0.030464
0 0.011740 0.636160 0.021162 0.017472
0 0.011751 0.654976 0.021140 0.015680
0 0.011710 0.623168 0.021223 0.014336
0 0.011942 0.410816 0.020759 0.015680
0 0.012241 0.093184 0.020160 0.009856
0 0.011664 0.697984 0.021314 0.015680
0 0.010553 0.089600 0.019072 0.044800
0 0.011627 0.029568 0.021388 0.016128
0 0.010497 0.084672 0.019185 0.035392
0 0.010489 0.118272 0.019200 0.025088
0 0.011506 0.210112 0.021630 0.019264
0 0.011695 0.123648 0.021252 0.015680
0 0.010538 0.215488 0.019103 0.030464
0 0.011658 0.190848 0.021327 0.014784
0 0.010598 0.116032 0.018983 0.018368
0 0.012254 0.109312 0.020134 0.009408
0 0.011700 0.062720 0.021242 0.014336
0 0.011721 0.026432 0.021201 0.010304
0 0.011717 0.009408 0.021209 0.010752
0 0.011734 0.012992 0.021175 0.010304
0 0.011751 0.016576 0.021140 0.009856
0 0.011768 0.021056 0.021107 0.010752
0 0.011786 0.023744 0.021072 0.010304
0 0.011609 0.028224 0.021424 0.019712
0 0.002622 0.113792 0.003685 0.024192
0 0.002615 0.126784 0.003699 0.025536
0 0.002607 0.139776 0.003715 0.027328
0 0.011205 0.192192 0.022233 0.017472
0 0.010292 0.101248 0.019595 0.033152
0 0.010307 0.096768 0.019564 0.032256
0 0.010312 0.063616 0.019554 0.016576
0 0.010315 0.053312 0.019548 0.017472
0 0.011435 0.037632 0.021773 0.017024
0 0.011456 0.040320 0.021730 0.013888
0 0.010316 0.216832 0.019546 0.033600
0 0.010337 0.177856 0.019504 0.031360
0 0.010355 0.148288 0.019468 0.031360
0 0.010375 0.116928 0.019429 0.031360
0 0.010393 0.085120 0.019393 0.032256
0 0.010408 0.054208 0.019362 0.030912
0 0.010355 0.269696 0.019469 0.019712
0 0.010391 0.133952 0.019397 0.031360
0 0.011801 0.042560 0.021041 0.011648
0 0.011833 0.034944 0.020977 0.009856
0 0.011873 0.058688 0.020896 0.010752
0 0.011017 0.230272 0.018144 0.012544
0 0.011007 0.277312 0.018166 0.033152
0 0.010905 0.228480 0.018368 0.032256
0 0.010874 0.261632 0.018431 0.030464
0 0.010869 0.272384 0.018440 0.029120
0 0.010887 0.330624 0.018405 0.021504
0 0.011997 0.347648 0.020649 0.012992
0 0.010954 0.337344 0.018270 0.028224
0 0.010964 0.327488 0.018251 0.028224
0 0.010971 0.319424 0.018236 0.029120
0 0.010984 0.312704 0.018210 0.022848
0 0.010981 0.301504 0.018216 0.032704
0 0.010989 0.293440 0.018200 0.033600
0 0.011006 0.288064 0.018167 0.025984
0 0.011128 0.179648 0.017923 0.024640
0 0.012231 0.113792 0.020181 0.012096
0 0.011017 0.241472 0.018144 0.014784
0 0.011017 0.219072 0.018144 0.012992
0 0.011890 0.031360 0.020864 0.010304
0 0.011023 0.197568 0.018132 0.011648
0 0.011923 0.071680 0.020797 0.010752
0 0.010809 0.116480 0.018560 0.019264
0 0.011914 0.026432 0.020815 0.010304
0 0.011949 0.018816 0.020745 0.010304
0 0.011968 0.103936 0.020707 0.016128
0 0.011977 0.107072 0.020688 0.017472
0 0.011997 0.110656 0.020650 0.015680
0 0.012041 0.122752 0.020561 0.015680
0 0.012067 0.109312 0.020509 0.012096
0 0.012061 0.137088 0.020520 0.017920
0 0.010969 0.154560 0.018241 0.018368
0 0.010971 0.236992 0.018237 0.014336
0 0.012165 0.110208 0.020313 0.010304
0 0.011087 0.100800 0.018004 0.012096
0 0.012202 0.119616 0.020239 0.012096
0 0.011645 0.687680 0.021352 0.015232
0 0.011640 0.693056 0.021364 0.014336
0 0.010200 0.938560 0.019778 0.027776
0 0.011656 0.837760 0.021332 0.014784
0 0.011683 0.807296 0.021276 0.016576
0 0.011678 0.812224 0.021288 0.014336
0 0.011670 0.818496 0.021302 0.016128
0 0.011664 0.824768 0.021315 0.017472
0 0.011649 0.822976 0.021345 0.017472
0 0.011660 0.831488 0.021324 0.015680
0 0.011639 0.837312 0.021365 0.016576
0 0.011649 0.843136 0.021344 0.014784
0 0.011617 0.826112 0.021409 0.014784
0 0.011645 0.848512 0.021352 0.013888
0 0.010626 0.774144 0.018927 0.023744
0 0.010398 0.743232 0.019382 0.032256
0 0.010391 0.784000 0.019396 0.030912
0 0.010062 0.716352 0.020054 0.030912
0 0.011117 0.731136 0.017944 0.015232
0 0.011128 0.844480 0.017922 0.013888
0 0.011688 0.800576 0.021267 0.015232
0 0.011694 0.795200 0.021254 0.016128
0 0.011700 0.789824 0.021244 0.016128
0 0.011706 0.783552 0.021231 0.013888
0 0.011790 0.694848 0.021063 0.015680
0 0.011782 0.700672 0.021078 0.017024
0 0.011777 0.706496 0.021088 0.016128
0 0.011771 0.711424 0.021100 0.017024
0 0.011766 0.717248 0.021112 0.015680
0 0.011762 0.725312 0.021118 0.016576
0 0.011757 0.730688 0.021129 0.015680
0 0.011749 0.736064 0.021144 0.017472
0 0.011746 0.742336 0.021152 0.015680
0 0.011736 0.746368 0.021170 0.018368
0 0.011731 0.753088 0.021182 0.017024
0 0.011727 0.758912 0.021189 0.015680
0 0.011722 0.765184 0.021200 0.015680
0 0.011714 0.770560 0.021214 0.016128
0 0.011711 0.777728 0.021220 0.015232
0 0.011071 0.904064 0.018037 0.015232
0 0.011060 0.909440 0.018059 0.015232
0 0.011053 0.921536 0.018073 0.016128
0 0.011423 0.856128 0.021797 0.021504
0 0.011414 0.844928 0.021816 0.014784
0 0.011405 0.841344 0.021833 0.017472
0 0.011396 0.835072 0.021851 0.023296
0 0.011391 0.830144 0.021861 0.019712
0 0.011386 0.823872 0.021871 0.018368
0 0.011376 0.821184 0.021891 0.021056
0 0.011274 0.786240 0.022095 0.012992
0 0.011233 0.838208 0.022177 0.017920
0 0.011239 0.842688 0.022164 0.017920
0 0.011249 0.846272 0.022144 0.015232
0 0.011255 0.850752 0.022133 0.016128
0 0.011261 0.856128 0.022120 0.019264
0 0.010176 0.897344 0.019827 0.024640
0 0.010194 0.926464 0.019790 0.023296
0 0.010206 0.949312 0.019766 0.025984
0 0.011417 0.851200 0.021809 0.019712
0 0.011430 0.861952 0.021783 0.021952
0 0.011046 0.926464 0.018086 0.013440
0 0.011439 0.867328 0.021764 0.017920
0 0.010518 0.857920 0.019142 0.031360
0 0.010510 0.865984 0.019158 0.030912
0 0.010502 0.873600 0.019175 0.033600
0 0.010422 0.861952 0.019335 0.032704
0 0.010414 0.867776 0.019351 0.030912
0 0.010404 0.875392 0.019370 0.034496
0 0.010410 0.908096 0.019359 0.036288
0 0.011500 0.865984 0.021643 0.013888
0 0.011496 0.858816 0.021652 0.014784
0 0.011512 0.849856 0.021618 0.015680
0 0.011485 0.852096 0.021672 0.020608
0 0.011477 0.896448 0.021688 0.019712
0 0.011463 0.886592 0.021718 0.021056
0 0.011458 0.881664 0.021727 0.016576
0 0.011444 0.872256 0.021755 0.021952
0 0.011795 0.689920 0.021052 0.015680
0 0.011623 0.820288 0.021397 0.015680
0 0.011658 0.703360 0.021328 0.016128
0 0.011733 0.672448 0.021176 0.014336
0 0.011585 0.754880 0.021474 0.014336
0 0.011579 0.759808 0.021485 0.013440
0 0.011596 0.768768 0.021452 0.015680
0 0.011765 0.671104 0.021112 0.014336
0 0.011746 0.660352 0.021150 0.014336
0 0.011739 0.665728 0.021165 0.016576
0 0.011759 0.676480 0.021125 0.016576
0 0.011752 0.682752 0.021138 0.015680
0 0.011598 0.822976 0.021448 0.017472
0 0.011729 0.678720 0.021184 0.014336
0 0.011746 0.688576 0.021151 0.016128
0 0.011723 0.684096 0.021197 0.015680
0 0.011740 0.696192 0.021162 0.016128
0 0.011717 0.689472 0.021209 0.013888
0 0.011710 0.694848 0.021223 0.015680
0 0.011729 0.705600 0.021185 0.015680
0 0.011602 0.763840 0.021438 0.015680
0 0.011608 0.757120 0.021427 0.015232
0 0.011589 0.746816 0.021465 0.014336
0 0.011612 0.750400 0.021418 0.015680
0 0.011633 0.699328 0.021376 0.017024
0 0.011652 0.709184 0.021338 0.015680
0 0.011629 0.705600 0.021386 0.015232
0 0.011647 0.715008 0.021348 0.015232
0 0.011622 0.711424 0.021398 0.016576
0 0.011642 0.721280 0.021359 0.014784
0 0.011617 0.716800 0.021409 0.015680
0 0.011636 0.727104 0.021370 0.015680
0 0.011611 0.723072 0.021421 0.016128
0 0.011631 0.733376 0.021381 0.016128
0 0.011605 0.728896 0.021433 0.016576
0 0.011625 0.739648 0.021392 0.014784
0 0.011599 0.735168 0.021445 0.016576
0 0.011614 0.745024 0.021415 0.014784
0 0.011596 0.740992 0.021452 0.014336
0 0.011704 0.701120 0.021235 0.016128
0 0.011724 0.712320 0.021195 0.016576
0 0.011700 0.707392 0.021244 0.014336
0 0.011669 0.772352 0.021306 0.016128
0 0.011664 0.777280 0.021315 0.013888
0 0.011639 0.773696 0.021365 0.015680
0 0.011657 0.783552 0.021329 0.015232
0 0.011632 0.780416 0.021379 0.015680
0 0.011625 0.784448 0.021394 0.015232
0 0.011651 0.789824 0.021340 0.015680
0 0.011647 0.796096 0.021350 0.015680
0 0.011619 0.790720 0.021404 0.015680
0 0.011640 0.801472 0.021364 0.015232
0 0.011614 0.796992 0.021415 0.014784
0 0.011634 0.807744 0.021375 0.015680
0 0.011611 0.803712 0.021422 0.013888
0 0.011630 0.813120 0.021383 0.012544
0 0.011604 0.807744 0.021435 0.012096
0 0.011599 0.815360 0.021445 0.015680
0 0.011647 0.768768 0.021349 0.013888
0 0.011651 0.762048 0.021340 0.014784
0 0.011719 0.717696 0.021205 0.014784
0 0.011674 0.765632 0.021294 0.014784
0 0.011693 0.712768 0.021256 0.016128
0 0.011713 0.723520 0.021218 0.014336
0 0.011688 0.719040 0.021267 0.014784
0 0.011707 0.728896 0.021229 0.015680
0 0.011683 0.726208 0.021277 0.016128
0 0.011703 0.736512 0.021236 0.015680
0 0.011678 0.732032 0.021286 0.016576
0 0.011697 0.743232 0.021249 0.015232
0 0.011673 0.737856 0.021297 0.015680
0 0.011686 0.748608 0.021271 0.016128
0 0.011666 0.744128 0.021311 0.016576
0 0.011686 0.754432 0.021271 0.013888
0 0.011661 0.750400 0.021321 0.014784
0 0.011680 0.759360 0.021282 0.015232
0 0.011657 0.756224 0.021329 0.013440
0 0.011190 0.186816 0.022262 0.018368
