0 0.012129 0.821632 0.020385 0.006272
0 0.010558 0.396928 0.019063 0.010752
0 0.010584 0.307776 0.019010 0.010752
0 0.010582 0.314048 0.019015 0.010304
0 0.010580 0.320768 0.019019 0.009856
0 0.010578 0.327488 0.019022 0.010304
0 0.010576 0.333312 0.019026 0.011200
0 0.010574 0.339584 0.019030 0.010304
0 0.010572 0.346304 0.019034 0.010304
0 0.010570 0.352128 0.019038 0.010752
0 0.010569 0.358848 0.019041 0.010304
0 0.010567 0.365568 0.019045 0.010752
0 0.010564 0.371840 0.019050 0.010304
0 0.010563 0.378112 0.019053 0.010304
0 0.010561 0.384384 0.019056 0.010752
0 0.010555 0.410368 0.019070 0.010752
0 0.010574 0.288512 0.019030 0.015680
0 0.010553 0.416192 0.019073 0.011200
0 0.010549 0.459200 0.019080 0.019264
0 0.010573 0.463680 0.019032 0.018368
0 0.010581 0.465024 0.019017 0.017920
0 0.010595 0.468160 0.018989 0.018816
0 0.010604 0.469504 0.018971 0.017920
0 0.010573 0.433216 0.019033 0.008960
0 0.010577 0.419776 0.019025 0.008512
0 0.010582 0.400512 0.019015 0.008512
0 0.010586 0.387520 0.019007 0.009408
0 0.010590 0.374976 0.018999 0.008960
0 0.010592 0.368704 0.018995 0.008512
0 0.010594 0.362432 0.018991 0.008512
0 0.010559 0.335104 0.019060 0.016128
0 0.010587 0.297472 0.019005 0.010304
0 0.010458 0.813568 0.019264 0.012992
0 0.011682 0.137984 0.021279 0.006272
0 0.011634 0.114688 0.021375 0.006272
0 0.011630 0.120512 0.021384 0.006720
0 0.011611 0.077952 0.021421 0.007616
0 0.011594 0.084672 0.021455 0.010304
0 0.011588 0.070336 0.021467 0.010752
0 0.011575 0.089600 0.021494 0.010752
0 0.011592 0.103488 0.021460 0.008064
0 0.011588 0.127232 0.021466 0.007616
0 0.011564 0.124096 0.021515 0.008512
0 0.011563 0.134400 0.021517 0.006272
0 0.011617 0.154112 0.021409 0.012096
0 0.011705 0.099008 0.021233 0.011200
0 0.011684 0.125888 0.021275 0.008064
0 0.011688 0.114240 0.021268 0.007616
0 0.010587 0.291648 0.019004 0.010752
0 0.011714 0.100352 0.021215 0.012096
0 0.011723 0.102144 0.021197 0.009856
0 0.011731 0.103040 0.021181 0.010752
0 0.011743 0.064960 0.021158 0.010752
0 0.011739 0.075712 0.021165 0.010752
0 0.011745 0.078400 0.021152 0.010304
0 0.010601 0.247296 0.018977 0.010304
0 0.010598 0.253120 0.018982 0.010752
0 0.010597 0.259840 0.018985 0.012096
0 0.010595 0.265664 0.018989 0.011648
0 0.010594 0.272832 0.018991 0.010752
0 0.010591 0.279104 0.018996 0.011200
0 0.010589 0.284928 0.019000 0.011200
0 0.010596 0.356608 0.018986 0.008512
0 0.010605 0.406336 0.018968 0.011648
0 0.010599 0.344064 0.018981 0.008064
0 0.010498 0.719040 0.019183 0.013440
0 0.010566 0.684992 0.019047 0.022848
0 0.010564 0.694848 0.019050 0.023296
0 0.010559 0.703360 0.019061 0.025088
0 0.010558 0.712768 0.019063 0.024192
0 0.010555 0.721280 0.019070 0.024640
0 0.010544 0.658560 0.019091 0.026880
0 0.010511 0.589120 0.019157 0.011648
0 0.010507 0.600768 0.019164 0.014336
0 0.010505 0.610624 0.019168 0.013888
0 0.010499 0.632128 0.019180 0.018816
0 0.010493 0.641088 0.019192 0.018816
0 0.010487 0.662144 0.019205 0.017920
0 0.010494 0.708736 0.019191 0.014784
0 0.010495 0.729344 0.019188 0.013440
0 0.010601 0.337344 0.018976 0.008064
0 0.010503 0.496384 0.019173 0.017024
0 0.010475 0.533120 0.019229 0.025536
0 0.010463 0.534912 0.019252 0.028224
0 0.010453 0.531328 0.019272 0.027328
0 0.010433 0.529088 0.019313 0.027776
0 0.010426 0.522816 0.019328 0.024640
0 0.010415 0.523712 0.019349 0.024640
0 0.010382 0.520576 0.019415 0.024640
0 0.010372 0.518784 0.019434 0.024640
0 0.010362 0.516544 0.019456 0.025536
0 0.010470 0.771008 0.019239 0.019264
0 0.010466 0.780416 0.019246 0.019264
0 0.010569 0.678272 0.019040 0.025536
0 0.010572 0.668416 0.019034 0.022400
0 0.010571 0.656768 0.019036 0.023296
0 0.010576 0.649152 0.019026 0.020608
0 0.010600 0.331072 0.018979 0.010304
0 0.010605 0.324352 0.018969 0.008064
0 0.010607 0.318080 0.018965 0.007616
0 0.010606 0.310912 0.018966 0.010752
0 0.010612 0.301504 0.018955 0.008512
0 0.010614 0.295232 0.018951 0.008960
0 0.010616 0.288960 0.018947 0.008960
0 0.010618 0.282688 0.018943 0.009408
0 0.010619 0.275968 0.018941 0.008512
0 0.010623 0.263424 0.018933 0.008512
0 0.010634 0.379008 0.018911 0.018368
0 0.010639 0.360192 0.018901 0.018816
0 0.010662 0.426496 0.018854 0.018816
0 0.010653 0.308224 0.018873 0.010752
0 0.010659 0.283584 0.018860 0.010752
0 0.010661 0.276864 0.018857 0.010304
0 0.010663 0.269696 0.018853 0.009856
0 0.010493 0.473088 0.019192 0.013888
0 0.010370 0.455168 0.019438 0.015680
0 0.010353 0.462336 0.019472 0.017472
0 0.010594 0.598528 0.018991 0.023296
0 0.010593 0.608384 0.018993 0.022400
0 0.010588 0.616448 0.019003 0.024640
0 0.010586 0.625408 0.019007 0.022400
0 0.010582 0.634816 0.019015 0.024640
0 0.010578 0.641536 0.019023 0.024640
0 0.011649 0.123648 0.021345 0.007168
0 0.011652 0.117376 0.021339 0.008064
0 0.011636 0.099904 0.021371 0.007616
0 0.011600 0.064064 0.021444 0.011200
0 0.010612 0.207872 0.018955 0.010304
0 0.010610 0.214592 0.018959 0.009856
0 0.010608 0.220864 0.018963 0.010304
0 0.010606 0.227136 0.018966 0.010304
0 0.010604 0.233856 0.018970 0.010304
0 0.010602 0.240128 0.018975 0.010752
0 0.010634 0.224000 0.018911 0.009856
0 0.010650 0.246848 0.018878 0.018816
0 0.011582 0.072576 0.021478 0.009856
0 0.011593 0.067200 0.021457 0.012096
0 0.011605 0.085568 0.021432 0.008512
0 0.011644 0.070784 0.021355 0.006272
0 0.011602 0.092288 0.021439 0.007168
0 0.011575 0.075712 0.021493 0.009408
0 0.011571 0.101248 0.021501 0.011200
0 0.011584 0.110208 0.021475 0.011648
0 0.011590 0.122304 0.021464 0.006720
0 0.011597 0.097664 0.021448 0.007168
0 0.011592 0.114240 0.021458 0.007168
0 0.011620 0.054208 0.021402 0.009856
0 0.011627 0.050624 0.021389 0.009856
0 0.011644 0.043008 0.021355 0.010304
0 0.011652 0.058240 0.021338 0.007168
0 0.011667 0.059584 0.021309 0.006720
0 0.011664 0.065408 0.021315 0.006720
0 0.010614 0.202048 0.018951 0.009856
0 0.010616 0.195776 0.018947 0.009856
0 0.010620 0.188160 0.018938 0.009408
0 0.010620 0.182784 0.018938 0.009856
0 0.010271 0.497728 0.019637 0.024640
0 0.010284 0.466368 0.019610 0.017472
0 0.010315 0.447104 0.019549 0.016128
0 0.010222 0.476224 0.019735 0.041216
0 0.010209 0.478912 0.019760 0.035392
0 0.010333 0.510272 0.019512 0.027776
0 0.010324 0.508480 0.019531 0.027776
0 0.010313 0.507136 0.019552 0.027776
0 0.010304 0.504896 0.019571 0.027328
0 0.010293 0.502656 0.019592 0.027776
0 0.010284 0.499072 0.019610 0.024192
0 0.013448 0.921088 0.026676 0.022400
0 0.013474 0.925568 0.026624 0.023296
0 0.010585 0.159936 0.019008 0.009856
0 0.010587 0.153664 0.019004 0.009856
0 0.010589 0.146944 0.019000 0.010304
0 0.010592 0.134848 0.018995 0.009408
0 0.010612 0.125440 0.018954 0.017920
0 0.010621 0.127680 0.018936 0.017024
0 0.010629 0.129024 0.018920 0.017024
0 0.010636 0.130816 0.018906 0.017024
0 0.010645 0.132608 0.018889 0.016576
0 0.010652 0.134400 0.018875 0.016128
0 0.010660 0.135744 0.018858 0.016128
0 0.010607 0.176960 0.018965 0.009408
0 0.011664 0.071232 0.021314 0.006720
0 0.011659 0.034944 0.021324 0.011648
0 0.011655 0.103488 0.021332 0.006720
0 0.011722 0.060480 0.021199 0.009856
0 0.011707 0.032704 0.021229 0.011648
0 0.011700 0.031360 0.021243 0.010752
0 0.011693 0.030016 0.021257 0.008960
0 0.010646 0.185472 0.018886 0.008512
0 0.011756 0.107520 0.021131 0.010752
0 0.011767 0.080192 0.021110 0.011200
0 0.011763 0.068544 0.021117 0.009856
0 0.011756 0.066752 0.021131 0.011200
0 0.011774 0.045248 0.021094 0.010752
0 0.011769 0.043904 0.021105 0.010304
0 0.011735 0.037184 0.021174 0.010304
0 0.011713 0.033600 0.021216 0.010752
0 0.011714 0.060032 0.021214 0.009856
0 0.011711 0.070784 0.021220 0.010304
0 0.011660 0.031360 0.021323 0.011200
0 0.011704 0.068096 0.021236 0.010752
0 0.011697 0.067200 0.021249 0.010752
0 0.011680 0.027328 0.021282 0.009856
0 0.011652 0.038080 0.021338 0.010752
0 0.011633 0.047488 0.021376 0.010752
0 0.011663 0.076608 0.021317 0.006720
0 0.011658 0.090496 0.021326 0.006272
0 0.011648 0.063616 0.021346 0.005824
0 0.011644 0.076608 0.021355 0.006720
0 0.011644 0.082880 0.021355 0.006720
0 0.011640 0.088704 0.021363 0.007616
0 0.011640 0.094528 0.021362 0.006720
0 0.011658 0.096320 0.021326 0.007168
0 0.011721 0.035392 0.021201 0.010304
0 0.011728 0.035840 0.021187 0.010752
0 0.011741 0.038976 0.021160 0.011648
0 0.011728 0.062272 0.021186 0.010752
0 0.011673 0.027328 0.021297 0.012096
0 0.011659 0.085568 0.021324 0.006720
0 0.011634 0.107968 0.021374 0.006720
0 0.011654 0.110208 0.021334 0.008064
0 0.011568 0.112448 0.021508 0.011200
0 0.011663 0.144704 0.021317 0.008512
0 0.011680 0.144256 0.021284 0.007616
0 0.011683 0.132608 0.021277 0.006720
0 0.011687 0.120512 0.021270 0.007168
0 0.011689 0.108864 0.021265 0.008064
0 0.011692 0.095424 0.021258 0.011200
0 0.011698 0.097216 0.021247 0.012544
0 0.011740 0.105280 0.021163 0.011648
0 0.011725 0.073920 0.021193 0.011200
0 0.011719 0.072576 0.021206 0.010304
0 0.011753 0.079296 0.021137 0.009856
0 0.011760 0.079744 0.021122 0.011648
0 0.011774 0.082880 0.021095 0.009408
0 0.011781 0.085568 0.021081 0.010752
0 0.011772 0.111104 0.021098 0.012096
0 0.011780 0.112896 0.021082 0.009856
0 0.011762 0.110208 0.021119 0.011648
0 0.011762 0.042560 0.021118 0.011200
0 0.011750 0.066304 0.021144 0.011200
0 0.011756 0.041664 0.021131 0.010304
0 0.011749 0.040320 0.021145 0.010752
0 0.011736 0.063616 0.021170 0.009856
0 0.010460 0.805504 0.019258 0.016128
0 0.010447 0.826560 0.019285 0.012544
0 0.012173 0.813120 0.020297 0.006272
0 0.011812 0.572544 0.021019 0.010752
0 0.010717 0.455616 0.018744 0.012992
0 0.010714 0.462784 0.018750 0.013440
0 0.010713 0.469056 0.018753 0.010752
0 0.010712 0.477120 0.018755 0.013440
0 0.010954 0.539840 0.018271 0.039424
0 0.010804 0.515648 0.018571 0.014336
0 0.010719 0.683200 0.018741 0.016128
0 0.010713 0.696192 0.018752 0.017024
0 0.010709 0.711424 0.018761 0.015680
0 0.011850 0.525056 0.020943 0.010752
0 0.011860 0.581056 0.020923 0.009856
0 0.011846 0.607040 0.020950 0.012096
0 0.011834 0.576576 0.020975 0.010752
0 0.011861 0.610176 0.020920 0.009856
0 0.010737 0.396032 0.018704 0.014336
0 0.011844 0.644224 0.020955 0.012992
0 0.011824 0.614656 0.020996 0.011648
0 0.011826 0.575232 0.020990 0.009408
0 0.011851 0.579712 0.020940 0.010752
0 0.011853 0.607936 0.020937 0.011200
0 0.011867 0.622272 0.020908 0.012992
0 0.011878 0.624064 0.020886 0.010304
0 0.011853 0.646016 0.020937 0.010304
0 0.010649 0.793856 0.018881 0.039872
0 0.011768 0.830592 0.021107 0.011648
0 0.011834 0.841344 0.020974 0.009856
0 0.011855 0.844928 0.020934 0.009856
0 0.011845 0.843136 0.020952 0.009856
0 0.010729 0.423360 0.018721 0.013888
0 0.010744 0.372288 0.018690 0.013888
0 0.010440 0.836416 0.019299 0.013888
0 0.011787 0.084224 0.021068 0.010304
0 0.011766 0.080640 0.021110 0.010304
0 0.011786 0.114240 0.021071 0.011648
0 0.011802 0.116032 0.021038 0.012096
0 0.011810 0.118720 0.021023 0.012096
0 0.011819 0.120512 0.021005 0.010304
0 0.011838 0.123200 0.020967 0.012096
0 0.010730 0.244608 0.018719 0.015232
0 0.010681 0.409920 0.018816 0.019264
0 0.010667 0.347648 0.018845 0.008960
0 0.010675 0.318080 0.018828 0.009408
0 0.010745 0.358400 0.018689 0.013440
0 0.010667 0.257600 0.018844 0.010752
0 0.010668 0.251328 0.018842 0.010304
0 0.010671 0.244608 0.018837 0.010752
0 0.010694 0.255360 0.018790 0.009408
0 0.010690 0.267904 0.018798 0.009408
0 0.010689 0.274176 0.018801 0.008512
0 0.010761 0.321664 0.018656 0.013440
0 0.010756 0.328832 0.018666 0.012096
0 0.010756 0.336000 0.018666 0.010752
0 0.010754 0.344064 0.018670 0.012992
0 0.010750 0.351232 0.018678 0.012992
0 0.011941 0.863744 0.020761 0.010752
0 0.010907 0.990976 0.018364 0.014784
0 0.010954 0.095872 0.018271 0.012096
0 0.012174 0.818944 0.020295 0.006272
0 0.012164 0.006720 0.020314 0.012096
0 0.011012 0.247744 0.018155 0.040320
0 0.011001 0.252224 0.018177 0.039424
0 0.011007 0.357504 0.018165 0.041664
0 0.010997 0.392000 0.018184 0.023296
0 0.010968 0.488320 0.018243 0.043008
0 0.012124 0.288064 0.020395 0.012544
0 0.002148 0.336896 0.000169 0.036288
0 0.002127 0.506688 0.000210 0.026880
0 0.002121 0.531328 0.000222 0.023296
0 0.002111 0.564928 0.000243 0.019264
0 0.012129 0.827904 0.020384 0.006272
0 0.010964 0.109312 0.018251 0.012992
0 0.012123 0.855232 0.020398 0.010752
0 0.012160 0.820736 0.020322 0.005824
0 0.012195 0.767872 0.020253 0.006720
0 0.012197 0.773696 0.020249 0.006720
0 0.012198 0.780416 0.020247 0.007616
0 0.012201 0.791616 0.020242 0.007168
0 0.012208 0.809536 0.020226 0.005824
0 0.012194 0.803712 0.020254 0.012096
0 0.012207 0.815360 0.020229 0.005824
0 0.012167 0.786240 0.020309 0.005824
0 0.012168 0.792512 0.020308 0.006272
0 0.012170 0.798784 0.020304 0.007168
0 0.012171 0.804160 0.020301 0.006272
0 0.012182 0.053760 0.020279 0.007616
0 0.012178 0.064512 0.020286 0.007616
0 0.012177 0.069888 0.020289 0.008064
0 0.012166 0.076608 0.020311 0.012544
0 0.010955 0.117824 0.018269 0.013440
0 0.011000 0.095872 0.018179 0.012544
0 0.010990 0.102144 0.018198 0.012544
0 0.010997 0.115136 0.018184 0.012544
0 0.010990 0.124096 0.018198 0.012544
0 0.011023 0.108416 0.018132 0.013440
0 0.011024 0.120960 0.018131 0.013440
0 0.011028 0.164416 0.018123 0.040320
0 0.011039 0.159040 0.018101 0.044800
0 0.011028 0.232960 0.018123 0.042560
0 0.012109 0.031360 0.020425 0.007168
0 0.012139 0.031808 0.020365 0.008512
0 0.012155 0.034496 0.020332 0.007616
0 0.012154 0.039872 0.020334 0.006272
0 0.012160 0.074368 0.020323 0.010752
0 0.012182 0.059136 0.020278 0.006272
0 0.012189 0.037632 0.020264 0.007168
0 0.012179 0.008512 0.020284 0.010752
0 0.012102 0.055552 0.020439 0.007616
0 0.012108 0.038976 0.020426 0.007616
0 0.012111 0.022400 0.020420 0.007168
0 0.012138 0.036736 0.020367 0.007616
0 0.012129 0.069888 0.020385 0.010752
0 0.012143 0.072576 0.020356 0.012544
0 0.012151 0.073920 0.020341 0.011648
0 0.011800 0.087360 0.021043 0.011200
0 0.011821 0.091840 0.021001 0.010304
0 0.011813 0.090944 0.021017 0.011648
0 0.011576 0.980224 0.021491 0.007616
0 0.011558 0.988736 0.021526 0.007616
0 0.011557 0.994560 0.021530 0.005824
0 0.011570 0.995904 0.021502 0.006272
0 0.011606 0.991872 0.021432 0.007616
0 0.010669 0.137088 0.018840 0.016128
0 0.010677 0.137536 0.018824 0.017024
0 0.010688 0.138432 0.018803 0.017920
0 0.010894 0.076160 0.018390 0.012544
0 0.010678 0.219072 0.018822 0.010304
0 0.010680 0.212352 0.018819 0.010752
0 0.010687 0.181888 0.018804 0.016576
0 0.010696 0.183680 0.018787 0.016576
0 0.010704 0.185472 0.018771 0.017024
0 0.010712 0.186816 0.018755 0.017024
0 0.010719 0.188608 0.018740 0.017920
0 0.010727 0.189952 0.018725 0.017024
0 0.010735 0.191296 0.018709 0.017472
0 0.010705 0.215936 0.018769 0.009856
0 0.010824 0.092288 0.018531 0.008960
0 0.010866 0.090048 0.018446 0.009856
0 0.011528 0.977088 0.021586 0.007616
0 0.011532 0.971264 0.021580 0.007616
0 0.011717 0.934528 0.021209 0.010304
0 0.011699 0.898240 0.021245 0.008064
0 0.010431 0.866432 0.019317 0.014336
0 0.010428 0.878080 0.019323 0.017920
0 0.010425 0.887936 0.019329 0.017472
0 0.010422 0.897792 0.019335 0.017920
0 0.010461 0.918848 0.019256 0.022848
0 0.010472 0.921088 0.019235 0.023296
0 0.010480 0.922880 0.019218 0.022848
0 0.010543 0.827456 0.019093 0.035840
0 0.010527 0.883904 0.019125 0.027776
0 0.010486 0.957376 0.019207 0.026432
0 0.010470 0.956032 0.019239 0.027776
0 0.010436 0.935872 0.019306 0.013440
0 0.010435 0.944384 0.019308 0.011648
0 0.010432 0.951552 0.019314 0.012096
0 0.010436 0.960960 0.019306 0.013888
0 0.010405 0.955584 0.019368 0.013440
0 0.010403 0.946624 0.019373 0.012544
0 0.010403 0.938112 0.019372 0.014336
0 0.010407 0.929600 0.019365 0.013440
0 0.011768 0.830592 0.021106 0.012096
0 0.011756 0.857920 0.021131 0.007168
0 0.011757 0.864192 0.021129 0.005376
0 0.011753 0.870912 0.021138 0.010304
0 0.011740 0.874048 0.021163 0.007616
0 0.011735 0.885696 0.021173 0.008960
0 0.011693 0.910336 0.021257 0.006720
0 0.010872 0.079744 0.018434 0.010752
0 0.010893 0.095424 0.018393 0.011648
0 0.011811 0.078400 0.021021 0.010304
0 0.011769 0.043456 0.021104 0.010304
0 0.011845 0.058688 0.020953 0.011648
0 0.011856 0.100352 0.020931 0.010304
0 0.011887 0.074368 0.020869 0.006272
0 0.011886 0.080192 0.020870 0.006720
0 0.011883 0.086016 0.020877 0.006720
0 0.011877 0.130816 0.020889 0.013888
0 0.011867 0.128128 0.020908 0.009856
0 0.011860 0.127232 0.020923 0.010752
0 0.011853 0.126336 0.020937 0.009856
0 0.011825 0.122304 0.020992 0.014336
0 0.011772 0.111104 0.021099 0.012544
0 0.011781 0.112448 0.021081 0.010304
0 0.011965 0.040768 0.020712 0.009856
0 0.011775 0.045248 0.021092 0.011648
0 0.010893 0.105280 0.018393 0.014336
0 0.011797 0.049280 0.021049 0.010752
0 0.011810 0.051968 0.021023 0.010304
0 0.011824 0.053760 0.020995 0.010304
0 0.011831 0.055552 0.020981 0.010304
0 0.011837 0.056448 0.020969 0.010752
0 0.011852 0.059584 0.020939 0.010752
0 0.011858 0.060928 0.020926 0.009856
0 0.011865 0.062272 0.020912 0.010752
0 0.011872 0.064512 0.020899 0.009856
0 0.011879 0.064512 0.020886 0.010752
0 0.011857 0.088256 0.020928 0.011648
0 0.011845 0.084672 0.020953 0.009856
0 0.011839 0.082432 0.020965 0.010752
0 0.011834 0.094528 0.020974 0.012096
0 0.011832 0.081088 0.020979 0.009856
0 0.011817 0.053312 0.021008 0.010752
0 0.011798 0.074368 0.021046 0.010752
0 0.010914 0.088256 0.018351 0.012992
0 0.010933 0.084224 0.018313 0.012992
0 0.010925 0.112000 0.018330 0.012096
0 0.010927 0.102144 0.018325 0.013440
0 0.010835 0.099904 0.018509 0.011200
0 0.010825 0.106624 0.018529 0.013440
0 0.010820 0.113792 0.018540 0.013888
0 0.010822 0.120512 0.018535 0.010752
0 0.010815 0.127680 0.018548 0.014336
0 0.010815 0.135744 0.018548 0.012544
0 0.010812 0.142912 0.018554 0.013440
0 0.010813 0.150976 0.018552 0.012544
0 0.010806 0.170240 0.018566 0.012096
0 0.010804 0.177408 0.018571 0.012096
0 0.010796 0.190400 0.018586 0.009856
0 0.010794 0.206528 0.018591 0.014336
0 0.010790 0.220864 0.018599 0.014336
0 0.010783 0.227584 0.018613 0.013440
0 0.010780 0.235648 0.018618 0.013440
0 0.011783 0.046592 0.021078 0.012544
0 0.011790 0.047936 0.021063 0.011648
0 0.011791 0.073920 0.021062 0.011648
0 0.011774 0.082880 0.021095 0.010304
0 0.011781 0.085568 0.021081 0.011648
0 0.011804 0.050624 0.021035 0.009408
