0 0.011629 0.945728 0.021385 0.041664
0 0.010539 0.758016 0.019100 0.035840
0 0.010459 0.907648 0.019260 0.113344
0 0.010474 0.796544 0.019231 0.102144
0 0.010425 0.786240 0.019329 0.115584
0 0.010406 0.906752 0.019366 0.123200
0 0.010331 0.216832 0.019516 0.039424
0 0.010328 0.249536 0.019523 0.034944
0 0.010304 0.353920 0.019570 0.037184
0 0.010303 0.422464 0.019573 0.044800
0 0.010273 0.389760 0.019632 0.050624
0 0.010281 0.457856 0.019617 0.039424
0 0.010275 0.491456 0.019629 0.039424
0 0.010270 0.558208 0.019638 0.044800
0 0.010289 0.591360 0.019601 0.041664
0 0.010248 0.625408 0.019682 0.033600
0 0.010245 0.659008 0.019689 0.042560
0 0.010218 0.692160 0.019742 0.037184
0 0.010217 0.724864 0.019745 0.050624
0 0.010243 0.758912 0.019692 0.033600
0 0.010225 0.789376 0.019729 0.044800
0 0.010209 0.820736 0.019761 0.042560
0 0.010204 0.853888 0.019770 0.048384
0 0.010484 0.689024 0.019210 0.111104
0 0.010531 0.723520 0.019116 0.039424
0 0.011638 0.903616 0.021367 0.033600
0 0.010538 0.687232 0.019103 0.035840
0 0.011641 0.876288 0.021360 0.028224
0 0.011648 0.848512 0.021348 0.026880
0 0.011666 0.822976 0.021310 0.026880
0 0.011779 0.931392 0.021085 0.064960
0 0.012076 0.917056 0.020490 0.058240
0 0.011815 0.746816 0.021013 0.053760
0 0.012178 0.409920 0.020287 0.057344
0 0.012167 0.298368 0.020308 0.026880
0 0.010940 0.401408 0.018299 0.062720
0 0.010902 0.314496 0.018374 0.032704
0 0.010744 0.415744 0.018690 0.085120
0 0.010644 0.247296 0.018890 0.099904
0 0.010517 0.267008 0.019144 0.132160
0 0.010505 0.383488 0.019169 0.080640
0 0.010495 0.472192 0.019188 0.087360
0 0.010564 0.357504 0.019050 0.087360
0 0.010597 0.396480 0.018984 0.129024
0 0.010629 0.458304 0.018922 0.132160
0 0.010582 0.492352 0.019015 0.073920
0 0.010536 0.455168 0.019106 0.114240
0 0.010549 0.651840 0.019081 0.037184
0 0.010217 0.884352 0.019745 0.042560
