0 0.011290 0.659904 0.022063 0.024640
0 0.011492 0.464128 0.021660 0.012544
0 0.011492 0.436800 0.021659 0.011200
0 0.011506 0.602112 0.021631 0.013888
0 0.011506 0.587328 0.021631 0.012544
0 0.011510 0.573440 0.021623 0.012544
0 0.011508 0.559552 0.021627 0.012544
0 0.011507 0.545664 0.021629 0.012544
0 0.011508 0.534016 0.021627 0.013440
0 0.011510 0.520128 0.021622 0.014336
0 0.011509 0.507136 0.021625 0.012096
0 0.011511 0.491904 0.021621 0.014336
0 0.011511 0.478912 0.021621 0.014336
0 0.011509 0.465920 0.021624 0.013440
0 0.011512 0.452032 0.021619 0.016576
0 0.011516 0.424704 0.021610 0.015232
0 0.011494 0.408576 0.021656 0.014336
0 0.011515 0.411264 0.021612 0.015232
0 0.011514 0.396928 0.021615 0.012544
0 0.011493 0.382592 0.021658 0.015680
0 0.011515 0.384384 0.021612 0.013888
0 0.011513 0.371840 0.021617 0.014336
0 0.011519 0.359296 0.021604 0.013888
0 0.011492 0.448896 0.021660 0.013888
0 0.011491 0.477568 0.021662 0.010752
0 0.011279 0.655872 0.022085 0.024640
0 0.011489 0.491904 0.021665 0.014336
0 0.011446 0.474432 0.021751 0.013440
0 0.011448 0.487872 0.021746 0.015232
0 0.011445 0.501760 0.021754 0.013888
0 0.011444 0.515648 0.021756 0.012096
0 0.011443 0.529088 0.021757 0.012544
0 0.011441 0.557312 0.021762 0.017024
0 0.011440 0.569856 0.021763 0.014336
0 0.011439 0.583296 0.021765 0.013440
0 0.011439 0.598080 0.021765 0.013888
0 0.011439 0.613312 0.021766 0.015232
0 0.011460 0.560448 0.021722 0.027328
0 0.011468 0.591360 0.021706 0.027328
0 0.011483 0.614656 0.021676 0.012544
0 0.011485 0.601664 0.021673 0.013440
0 0.011482 0.586432 0.021679 0.013440
0 0.011484 0.572992 0.021675 0.013440
0 0.011486 0.559552 0.021671 0.011200
0 0.011488 0.545216 0.021668 0.012096
0 0.011488 0.531328 0.021668 0.014336
0 0.011488 0.518336 0.021667 0.015232
0 0.011488 0.505792 0.021668 0.015232
0 0.011497 0.341824 0.021649 0.013888
0 0.011548 0.618688 0.021548 0.013440
0 0.011548 0.599872 0.021548 0.014336
0 0.011550 0.581952 0.021544 0.014336
0 0.011615 0.586432 0.021414 0.014336
0 0.011620 0.547456 0.021404 0.012544
0 0.011620 0.529536 0.021403 0.013888
0 0.011620 0.511168 0.021403 0.014336
0 0.011625 0.431872 0.021393 0.014336
0 0.011626 0.376768 0.021391 0.013888
0 0.011480 0.128128 0.021682 0.027328
0 0.011495 0.109312 0.021653 0.027328
0 0.011519 0.344064 0.021605 0.012096
0 0.011524 0.286720 0.021595 0.012544
0 0.011523 0.200704 0.021596 0.013888
0 0.011526 0.185920 0.021591 0.013888
0 0.011507 0.146048 0.021629 0.013440
0 0.011554 0.182784 0.021535 0.027776
0 0.011572 0.163968 0.021498 0.012544
0 0.011564 0.227584 0.021515 0.014336
0 0.011565 0.245952 0.021513 0.012096
0 0.011563 0.264768 0.021517 0.013440
0 0.011569 0.284032 0.021505 0.013440
0 0.011565 0.301952 0.021513 0.012544
0 0.011588 0.298816 0.021467 0.011200
0 0.011603 0.504448 0.021437 0.026432
0 0.011583 0.356160 0.021477 0.013888
0 0.011562 0.362880 0.021520 0.012544
0 0.011579 0.504448 0.021484 0.011200
0 0.011551 0.563136 0.021541 0.013888
0 0.011554 0.545216 0.021535 0.012096
0 0.011552 0.526400 0.021539 0.011200
0 0.011574 0.522816 0.021495 0.012544
0 0.011570 0.584640 0.021502 0.015232
0 0.011572 0.566720 0.021498 0.010752
0 0.011574 0.543424 0.021494 0.010752
0 0.011554 0.507584 0.021535 0.013888
0 0.011553 0.487872 0.021537 0.011200
0 0.011576 0.484288 0.021491 0.012544
0 0.011581 0.375872 0.021480 0.012544
0 0.011554 0.452032 0.021535 0.012096
0 0.011577 0.451584 0.021489 0.012096
0 0.011557 0.435904 0.021530 0.014336
0 0.011579 0.431424 0.021485 0.012096
0 0.011557 0.418432 0.021529 0.015232
0 0.011578 0.414400 0.021487 0.012544
0 0.011557 0.399168 0.021530 0.013888
0 0.011582 0.395136 0.021479 0.013440
0 0.011558 0.380800 0.021528 0.013440
0 0.011413 0.610176 0.021816 0.015232
0 0.011417 0.594496 0.021809 0.012096
0 0.011421 0.566720 0.021800 0.013440
0 0.011458 0.205184 0.021726 0.014336
0 0.011313 0.493248 0.022017 0.015232
0 0.011312 0.478912 0.022019 0.015232
0 0.011293 0.462784 0.022057 0.018368
0 0.011296 0.435008 0.022050 0.014336
0 0.011316 0.438144 0.022012 0.015232
0 0.011293 0.407680 0.022056 0.016576
0 0.011301 0.370048 0.022041 0.013440
0 0.011325 0.258496 0.021993 0.014336
0 0.011308 0.232512 0.022027 0.014336
0 0.011328 0.183232 0.021988 0.013440
0 0.011310 0.144704 0.022023 0.014336
0 0.011324 0.046144 0.021995 0.025536
0 0.011355 0.048832 0.021933 0.029120
0 0.011374 0.175168 0.021895 0.014336
0 0.011378 0.136192 0.021888 0.013888
0 0.011372 0.236096 0.021899 0.012544
0 0.011392 0.289408 0.021859 0.015232
0 0.011438 0.179200 0.021768 0.015232
0 0.011463 0.042560 0.021716 0.024640
0 0.011484 0.043008 0.021674 0.024192
0 0.011461 0.142016 0.021720 0.014336
0 0.011312 0.518784 0.022019 0.015232
0 0.011312 0.533568 0.022020 0.015232
0 0.011310 0.560896 0.022022 0.017024
0 0.011239 0.526400 0.022164 0.015232
0 0.011285 0.157248 0.022073 0.024640
0 0.011306 0.043456 0.022031 0.021952
0 0.011251 0.347648 0.022140 0.015232
0 0.011249 0.371392 0.022144 0.014336
0 0.011247 0.397824 0.022149 0.013440
0 0.011246 0.425152 0.022150 0.014336
0 0.011244 0.450688 0.022155 0.012544
0 0.011243 0.462784 0.022157 0.013440
0 0.011241 0.513408 0.022161 0.013440
0 0.011239 0.538944 0.022164 0.013440
0 0.011310 0.574784 0.022022 0.015680
0 0.011239 0.579264 0.022164 0.011200
0 0.011270 0.439936 0.022104 0.025536
0 0.011288 0.599872 0.022067 0.014336
0 0.011288 0.585536 0.022067 0.013440
0 0.011288 0.571648 0.022066 0.015680
0 0.011291 0.544768 0.022061 0.014336
0 0.011294 0.517440 0.022055 0.013440
0 0.011294 0.504448 0.022055 0.012544
0 0.011309 0.603904 0.022025 0.014336
0 0.011460 0.169792 0.021722 0.014336
0 0.011435 0.291648 0.021773 0.013888
0 0.011421 0.552384 0.021800 0.013888
0 0.011457 0.269248 0.021728 0.014336
0 0.011358 0.522368 0.021927 0.013440
0 0.011379 0.523264 0.021885 0.012544
0 0.011358 0.535808 0.021927 0.012096
0 0.011359 0.550592 0.021925 0.012544
0 0.011358 0.564032 0.021927 0.013888
0 0.011356 0.577472 0.021931 0.013440
0 0.011356 0.590912 0.021930 0.014336
0 0.011354 0.606144 0.021934 0.014336
0 0.011380 0.537152 0.021883 0.011200
0 0.011380 0.551488 0.021884 0.013888
0 0.011376 0.579264 0.021891 0.014336
0 0.011376 0.592256 0.021892 0.013440
0 0.011375 0.605248 0.021893 0.014336
0 0.011392 0.565376 0.021859 0.020160
0 0.011355 0.656768 0.021933 0.015232
0 0.011426 0.472640 0.021791 0.012544
0 0.011426 0.486528 0.021791 0.015680
0 0.011424 0.499968 0.021794 0.015232
0 0.011423 0.513856 0.021797 0.013888
0 0.011424 0.527296 0.021794 0.012544
0 0.011420 0.540288 0.021802 0.013440
0 0.011380 0.497280 0.021883 0.012544
0 0.011359 0.495040 0.021924 0.013440
0 0.011380 0.470400 0.021884 0.015232
0 0.011448 0.432768 0.021748 0.013440
0 0.011479 0.288512 0.021685 0.022848
0 0.011459 0.312704 0.021724 0.012544
0 0.011456 0.294336 0.021730 0.013888
0 0.011435 0.267456 0.021774 0.012096
0 0.011431 0.377664 0.021782 0.012096
0 0.011425 0.391552 0.021793 0.017024
0 0.011449 0.379008 0.021745 0.012544
0 0.011447 0.392448 0.021749 0.013888
0 0.011447 0.419776 0.021749 0.012096
0 0.011426 0.417536 0.021791 0.014336
0 0.011382 0.456512 0.021880 0.013440
0 0.011428 0.445312 0.021788 0.013440
0 0.011309 0.658112 0.022024 0.030464
0 0.011367 0.346304 0.021909 0.013888
0 0.011364 0.386624 0.021914 0.015232
0 0.011383 0.402752 0.021877 0.013888
0 0.011362 0.400064 0.021918 0.015232
0 0.011362 0.414400 0.021918 0.013888
0 0.011361 0.440384 0.021921 0.013440
0 0.011383 0.441280 0.021878 0.011200
0 0.011586 0.279552 0.021470 0.013440
0 0.011588 0.260288 0.021466 0.016576
0 0.011588 0.241920 0.021467 0.013888
0 0.012061 0.831488 0.020520 0.026432
0 0.011904 0.734272 0.020835 0.021952
0 0.011926 0.709632 0.020791 0.023296
0 0.011935 0.710528 0.020772 0.023296
0 0.011985 0.742336 0.020672 0.022848
0 0.011774 0.797440 0.021095 0.016576
0 0.011780 0.809536 0.021083 0.016576
0 0.011780 0.826112 0.021083 0.022848
0 0.011788 0.836864 0.021067 0.025536
0 0.011796 0.846272 0.021051 0.025536
0 0.011800 0.859712 0.021043 0.025984
0 0.011812 0.780416 0.021018 0.012544
0 0.011837 0.785344 0.020970 0.023296
0 0.011866 0.789376 0.020911 0.027776
0 0.011885 0.792064 0.020872 0.027328
0 0.011820 0.872704 0.021002 0.027776
0 0.011833 0.879872 0.020977 0.024192
0 0.011844 0.885248 0.020956 0.025536
0 0.011859 0.885248 0.020925 0.024192
0 0.011947 0.796096 0.020749 0.024192
0 0.011966 0.794752 0.020711 0.027328
0 0.011995 0.796096 0.020652 0.024192
0 0.011893 0.732480 0.020857 0.024192
0 0.011895 0.706496 0.020854 0.029120
0 0.011863 0.733376 0.020916 0.025984
0 0.011788 0.726208 0.021068 0.021952
0 0.011743 0.797888 0.021157 0.027328
0 0.011752 0.811328 0.021138 0.025536
0 0.011762 0.854336 0.021118 0.026432
0 0.011795 0.898240 0.021053 0.021504
0 0.011767 0.697536 0.021109 0.022848
0 0.011765 0.724416 0.021112 0.024640
0 0.011776 0.697536 0.021090 0.024192
0 0.011774 0.723968 0.021094 0.026432
0 0.011787 0.701120 0.021070 0.027328
0 0.011798 0.702464 0.021046 0.024192
0 0.011866 0.706944 0.020910 0.024192
0 0.011798 0.727552 0.021046 0.023296
0 0.011808 0.728896 0.021026 0.028672
0 0.011810 0.702016 0.021022 0.022848
0 0.011819 0.728896 0.021004 0.025536
0 0.011832 0.728896 0.020979 0.021952
0 0.011833 0.706496 0.020977 0.023296
0 0.011843 0.706944 0.020958 0.024192
0 0.011842 0.728896 0.020959 0.021952
0 0.011851 0.729792 0.020941 0.024192
0 0.012014 0.861504 0.020616 0.025536
0 0.012102 0.868224 0.020438 0.020160
0 0.012048 0.641088 0.020546 0.026432
0 0.012131 0.847168 0.020382 0.023296
0 0.010945 0.236096 0.018289 0.067200
0 0.012074 0.489664 0.020495 0.025536
0 0.011864 0.965888 0.020915 0.021504
0 0.011802 0.977984 0.021038 0.027328
0 0.011815 0.981568 0.021012 0.025536
0 0.011825 0.985600 0.020992 0.025984
0 0.011729 0.943936 0.021185 0.014336
0 0.011729 0.957824 0.021185 0.014336
0 0.011728 0.971712 0.021188 0.011200
0 0.011730 0.984704 0.021184 0.011200
0 0.011731 0.996352 0.021182 0.008960
0 0.011382 0.659456 0.021880 0.013888
0 0.011171 0.617344 0.022301 0.030912
0 0.011182 0.705152 0.022278 0.025536
0 0.011190 0.202496 0.022263 0.026432
0 0.011207 0.202944 0.022230 0.029120
0 0.011193 0.096768 0.022256 0.026432
0 0.011416 0.029568 0.021811 0.026432
0 0.011908 0.216384 0.020827 0.029120
0 0.012238 0.110208 0.020167 0.017920
0 0.012262 0.166656 0.020119 0.022848
0 0.010973 0.250880 0.018232 0.051072
0 0.010986 0.254912 0.018206 0.055552
0 0.010997 0.274176 0.018185 0.053312
0 0.012175 0.544768 0.020292 0.021504
0 0.012191 0.797440 0.020261 0.026432
0 0.012188 0.839104 0.020267 0.021952
0 0.012227 0.763392 0.020188 0.018816
0 0.012225 0.721280 0.020192 0.027328
0 0.012199 0.713216 0.020246 0.024192
0 0.012237 0.672896 0.020169 0.021056
0 0.012235 0.592256 0.020173 0.027776
0 0.012218 0.575232 0.020207 0.021504
0 0.012194 0.556864 0.020255 0.022848
0 0.012246 0.579264 0.020152 0.029568
0 0.011030 0.314048 0.018118 0.027328
0 0.012229 0.561344 0.020184 0.022848
0 0.012208 0.542528 0.020226 0.021952
0 0.012159 0.513408 0.020324 0.021056
0 0.012181 0.500416 0.020281 0.021504
0 0.012217 0.514752 0.020209 0.014336
0 0.011009 0.387520 0.018161 0.021504
0 0.011011 0.358848 0.018156 0.026432
0 0.011016 0.344512 0.018146 0.025536
0 0.011028 0.329728 0.018123 0.025536
0 0.011745 0.730240 0.021153 0.024640
0 0.011977 0.497280 0.020689 0.031808
0 0.011668 0.060032 0.021308 0.025536
0 0.011803 0.400512 0.021037 0.024192
0 0.011709 0.400064 0.021224 0.013888
0 0.011713 0.386176 0.021217 0.013888
0 0.011712 0.371840 0.021218 0.015680
0 0.011715 0.358400 0.021212 0.012544
0 0.011722 0.592704 0.021200 0.015680
0 0.011724 0.578368 0.021195 0.015680
0 0.011725 0.564480 0.021194 0.012544
0 0.011727 0.549248 0.021190 0.013440
0 0.011728 0.537152 0.021187 0.013440
0 0.011728 0.523712 0.021188 0.014336
0 0.011728 0.511168 0.021187 0.014336
0 0.011730 0.496384 0.021184 0.016576
0 0.011729 0.469504 0.021185 0.014336
0 0.011731 0.455168 0.021182 0.013888
0 0.011730 0.441280 0.021183 0.014336
0 0.011731 0.428288 0.021182 0.015232
0 0.011732 0.415744 0.021179 0.012544
0 0.011733 0.389312 0.021177 0.013888
0 0.011733 0.374528 0.021177 0.014336
0 0.011786 0.315840 0.021071 0.026432
0 0.011783 0.376768 0.021078 0.027776
0 0.011709 0.413952 0.021224 0.012544
0 0.011711 0.426496 0.021220 0.013888
0 0.011711 0.440384 0.021221 0.013440
0 0.011663 0.456064 0.021318 0.013440
0 0.011706 0.100800 0.021230 0.027776
0 0.011717 0.287168 0.021209 0.013888
0 0.011719 0.260288 0.021205 0.014336
0 0.011736 0.314048 0.021171 0.016576
0 0.011659 0.582848 0.021324 0.012544
0 0.011662 0.544768 0.021320 0.013440
0 0.011661 0.525504 0.021322 0.015232
0 0.011662 0.510272 0.021319 0.015232
0 0.011662 0.473984 0.021319 0.012544
0 0.011667 0.436352 0.021310 0.014336
0 0.011708 0.453376 0.021226 0.013888
0 0.011666 0.417088 0.021311 0.013888
0 0.011701 0.590912 0.021241 0.013440
0 0.011703 0.576128 0.021237 0.013440
0 0.011705 0.563136 0.021233 0.013440
0 0.011705 0.548800 0.021232 0.013888
0 0.011707 0.535360 0.021229 0.012544
0 0.011709 0.508032 0.021225 0.016576
0 0.011709 0.495488 0.021224 0.011200
0 0.011709 0.482496 0.021224 0.016576
0 0.011793 0.378560 0.021057 0.025536
0 0.011813 0.401856 0.021017 0.022848
0 0.011960 0.633024 0.020724 0.026432
0 0.011779 0.453824 0.021085 0.027776
0 0.011902 0.572992 0.020840 0.025984
0 0.011901 0.522816 0.020842 0.012544
0 0.011943 0.470848 0.020757 0.025536
0 0.011770 0.618240 0.021102 0.026432
0 0.011769 0.646016 0.021104 0.021504
0 0.011780 0.643776 0.021083 0.025536
0 0.011793 0.620480 0.021058 0.027328
0 0.011793 0.644224 0.021058 0.024192
0 0.011804 0.646016 0.021035 0.027776
0 0.011814 0.646464 0.021015 0.028672
0 0.011813 0.620032 0.021016 0.028672
0 0.011835 0.598976 0.020973 0.013440
0 0.011857 0.649152 0.020929 0.023296
0 0.011857 0.624960 0.020928 0.025984
0 0.011869 0.623616 0.020905 0.027328
0 0.011881 0.650496 0.020880 0.021952
0 0.011889 0.626752 0.020865 0.025984
0 0.011898 0.654528 0.020848 0.025984
0 0.011925 0.656768 0.020793 0.028672
0 0.011939 0.630784 0.020764 0.024640
0 0.011948 0.654528 0.020747 0.025536
0 0.011903 0.547008 0.020837 0.025984
0 0.011871 0.568512 0.020900 0.021952
0 0.011850 0.542080 0.020943 0.025984
0 0.011866 0.363776 0.020910 0.021952
0 0.011790 0.454720 0.021063 0.023296
0 0.011800 0.456512 0.021043 0.027328
0 0.011812 0.460096 0.021019 0.022848
0 0.011822 0.459648 0.020999 0.024640
0 0.011788 0.483392 0.021067 0.025984
0 0.011778 0.482944 0.021087 0.025536
0 0.011778 0.505792 0.021088 0.013440
0 0.011775 0.534912 0.021093 0.021504
0 0.011859 0.341376 0.020924 0.019712
0 0.011897 0.417984 0.020849 0.021952
0 0.011835 0.567616 0.020973 0.025536
0 0.011833 0.477120 0.020976 0.026432
0 0.011864 0.487872 0.020915 0.026432
0 0.011875 0.499520 0.020893 0.024640
0 0.011886 0.487424 0.020871 0.026432
0 0.011774 0.560448 0.021094 0.023296
0 0.011785 0.564032 0.021073 0.027328
0 0.011796 0.538048 0.021051 0.026432
0 0.011806 0.564032 0.021030 0.024640
0 0.011818 0.538496 0.021006 0.021952
0 0.011264 0.090496 0.022115 0.011200
