0 0.012235 0.540288 0.020172 0.028672
0 0.011754 0.401408 0.021136 0.025984
0 0.011675 0.340480 0.021292 0.013440
0 0.011674 0.367360 0.021295 0.012544
0 0.011678 0.380352 0.021287 0.013888
0 0.011671 0.429184 0.021301 0.013888
0 0.011672 0.447552 0.021299 0.013888
0 0.011673 0.466816 0.021297 0.012544
0 0.011655 0.491008 0.021333 0.025536
0 0.011672 0.492800 0.021299 0.026880
0 0.011686 0.492800 0.021270 0.024640
0 0.011701 0.405440 0.021242 0.023744
0 0.011723 0.344064 0.021197 0.022400
0 0.011725 0.369600 0.021193 0.012544
0 0.011732 0.304640 0.021178 0.025984
0 0.011744 0.304640 0.021155 0.028224
0 0.011734 0.344064 0.021174 0.022400
0 0.011744 0.343616 0.021155 0.023744
0 0.011755 0.345408 0.021133 0.024640
0 0.011765 0.342720 0.021113 0.022848
0 0.011754 0.304192 0.021135 0.028672
0 0.011764 0.306880 0.021114 0.021504
0 0.011773 0.305088 0.021096 0.026880
0 0.011794 0.342272 0.021055 0.023744
0 0.011724 0.400064 0.021195 0.025536
0 0.011734 0.400960 0.021175 0.023744
0 0.011744 0.400512 0.021155 0.021504
0 0.011723 0.427840 0.021196 0.024640
0 0.011734 0.426944 0.021175 0.024640
0 0.011723 0.008512 0.021197 0.013440
0 0.011698 0.012096 0.021247 0.011648
0 0.011586 0.979328 0.021470 0.028672
0 0.011467 0.805952 0.021709 0.012544
0 0.011656 0.753536 0.021332 0.013888
0 0.011650 0.819840 0.021344 0.026880
0 0.011638 0.820736 0.021366 0.028672
0 0.011628 0.821632 0.021387 0.025536
0 0.011617 0.821184 0.021408 0.023744
0 0.011607 0.824320 0.021430 0.024192
0 0.011597 0.822080 0.021449 0.025536
0 0.011586 0.824320 0.021470 0.023744
0 0.011577 0.822080 0.021489 0.024192
0 0.011555 0.820288 0.021533 0.028224
0 0.011523 0.796544 0.021596 0.016128
0 0.011492 0.801024 0.021659 0.014784
0 0.011424 0.806848 0.021794 0.012544
0 0.011572 0.926016 0.021498 0.015232
0 0.011389 0.807744 0.021864 0.012544
0 0.011421 0.927360 0.021801 0.011648
0 0.011431 0.980224 0.021781 0.028224
0 0.011472 0.926016 0.021698 0.013440
0 0.011466 0.973504 0.021711 0.024640
0 0.011475 0.981120 0.021692 0.028672
0 0.011497 0.926016 0.021649 0.012544
0 0.011498 0.977984 0.021648 0.025984
0 0.011531 0.926016 0.021580 0.013888
0 0.011514 0.980224 0.021615 0.028224
0 0.011543 0.981568 0.021557 0.026880
0 0.011532 0.982912 0.021579 0.026880
0 0.011745 0.426048 0.021153 0.021504
0 0.011764 0.400512 0.021115 0.021504
0 0.011659 0.728448 0.021326 0.012544
0 0.011753 0.427840 0.021137 0.023744
0 0.011906 0.392896 0.020832 0.028224
0 0.011917 0.401408 0.020809 0.024192
0 0.011924 0.409472 0.020794 0.028224
0 0.011940 0.424704 0.020763 0.030016
0 0.011950 0.432768 0.020744 0.025984
0 0.011959 0.438592 0.020726 0.028672
0 0.011975 0.451136 0.020692 0.024640
0 0.012007 0.481152 0.020629 0.027328
0 0.012022 0.505792 0.020598 0.017920
0 0.012029 0.536704 0.020585 0.009408
0 0.011723 0.484288 0.021196 0.025536
0 0.011725 0.509824 0.021193 0.025984
0 0.011734 0.483392 0.021175 0.024192
0 0.011734 0.510720 0.021175 0.025536
0 0.011745 0.481600 0.021153 0.022848
0 0.011746 0.510720 0.021151 0.025984
0 0.011756 0.482496 0.021132 0.023744
0 0.011755 0.508928 0.021133 0.022848
0 0.011766 0.481152 0.021111 0.024640
0 0.011765 0.508480 0.021113 0.022848
0 0.011775 0.479808 0.021092 0.024192
0 0.011776 0.505344 0.021091 0.025984
0 0.011785 0.480704 0.021072 0.024192
0 0.011796 0.482048 0.021051 0.027328
0 0.011807 0.485184 0.021030 0.024640
0 0.011797 0.511616 0.021049 0.024192
0 0.011807 0.509376 0.021030 0.023744
0 0.011898 0.382144 0.020848 0.025536
0 0.011891 0.371840 0.020861 0.025984
0 0.011885 0.358848 0.020873 0.023744
0 0.011792 0.425600 0.021058 0.023744
0 0.011765 0.427392 0.021112 0.026880
0 0.011795 0.305984 0.021053 0.023744
0 0.011806 0.305536 0.021032 0.024640
0 0.011825 0.304640 0.020993 0.022848
0 0.011787 0.240576 0.021068 0.028224
0 0.011803 0.242368 0.021037 0.022400
0 0.011816 0.240128 0.021010 0.022848
0 0.011833 0.240128 0.020976 0.026880
0 0.011815 0.344064 0.021012 0.023744
0 0.011833 0.344064 0.020977 0.028224
0 0.011781 0.426496 0.021081 0.024640
0 0.011795 0.400960 0.021054 0.022400
0 0.011805 0.426496 0.021033 0.022400
0 0.011877 0.344960 0.020888 0.019712
0 0.011815 0.400512 0.021013 0.022400
0 0.011816 0.427392 0.021010 0.024192
0 0.011825 0.400512 0.020993 0.025984
0 0.011825 0.424704 0.020993 0.020160
0 0.011835 0.400064 0.020972 0.025536
0 0.011836 0.426944 0.020970 0.024640
0 0.011845 0.400064 0.020953 0.025536
0 0.011855 0.425152 0.020934 0.023744
0 0.011867 0.422016 0.020908 0.023744
0 0.011865 0.264768 0.020912 0.015232
0 0.011867 0.278656 0.020908 0.013440
0 0.011872 0.304192 0.020899 0.014784
0 0.011657 0.741888 0.021329 0.012096
0 0.011656 0.702016 0.021331 0.013440
0 0.011817 0.509376 0.021008 0.025984
0 0.011464 0.622720 0.021715 0.025536
0 0.011603 0.509376 0.021437 0.013440
0 0.011544 0.565824 0.021555 0.012544
0 0.011545 0.578816 0.021554 0.016128
0 0.011545 0.593600 0.021553 0.012544
0 0.011546 0.608384 0.021551 0.012096
0 0.011589 0.563584 0.021464 0.012544
0 0.011611 0.551488 0.021422 0.012096
0 0.011588 0.577024 0.021466 0.011648
0 0.011611 0.565824 0.021422 0.012096
0 0.011612 0.579264 0.021418 0.012096
0 0.011589 0.590912 0.021465 0.012096
0 0.011611 0.590912 0.021422 0.013440
0 0.011590 0.603008 0.021462 0.012544
0 0.011612 0.602112 0.021419 0.012096
0 0.011592 0.615104 0.021459 0.012544
0 0.011613 0.617344 0.021417 0.013440
0 0.011621 0.015680 0.021400 0.016128
0 0.011373 0.627200 0.021896 0.021056
0 0.011383 0.626304 0.021877 0.024640
0 0.011394 0.626304 0.021855 0.025984
0 0.011403 0.626304 0.021837 0.026880
0 0.011413 0.624512 0.021816 0.023744
0 0.011424 0.624960 0.021795 0.030016
0 0.011433 0.625856 0.021776 0.024640
0 0.011444 0.620480 0.021755 0.024640
0 0.011556 0.549248 0.021532 0.017024
0 0.011514 0.599424 0.021615 0.011648
0 0.011512 0.585984 0.021619 0.011648
0 0.011405 0.496832 0.021834 0.024192
0 0.010047 0.292544 0.020084 0.060032
0 0.011177 0.048384 0.022289 0.030464
0 0.011209 0.544768 0.022225 0.011648
0 0.011249 0.550144 0.022146 0.018368
0 0.011207 0.562240 0.022229 0.012096
0 0.011227 0.564032 0.022188 0.017024
0 0.011253 0.575680 0.022137 0.022400
0 0.011275 0.597632 0.022093 0.026880
0 0.011336 0.560000 0.021971 0.012544
0 0.011335 0.577920 0.021972 0.011648
0 0.011363 0.496832 0.021916 0.028224
0 0.011390 0.496384 0.021863 0.022400
0 0.011419 0.496832 0.021804 0.022848
0 0.011513 0.569856 0.021617 0.012544
0 0.011450 0.495936 0.021744 0.024640
0 0.011382 0.577920 0.021879 0.029120
0 0.011389 0.558656 0.021865 0.022848
0 0.011399 0.556864 0.021846 0.024192
0 0.011409 0.557760 0.021825 0.022848
0 0.011419 0.559104 0.021805 0.022400
0 0.011429 0.557760 0.021784 0.023744
0 0.011439 0.557760 0.021765 0.025536
0 0.011449 0.557760 0.021745 0.026880
0 0.011459 0.559104 0.021725 0.023744
0 0.011469 0.559552 0.021704 0.028672
0 0.011480 0.531328 0.021683 0.013440
0 0.011454 0.621824 0.021736 0.026880
0 0.011475 0.621376 0.021693 0.025984
0 0.011656 0.689472 0.021332 0.012096
0 0.011489 0.622272 0.021664 0.025536
0 0.011500 0.620480 0.021644 0.030016
0 0.011546 0.624064 0.021551 0.013440
0 0.011547 0.638848 0.021550 0.012544
0 0.011546 0.653632 0.021551 0.012096
0 0.011546 0.668416 0.021551 0.012096
0 0.011546 0.682752 0.021552 0.012544
0 0.011547 0.698432 0.021549 0.012096
0 0.011547 0.712320 0.021550 0.012544
0 0.011546 0.728448 0.021551 0.012096
0 0.011590 0.627200 0.021462 0.013440
0 0.011590 0.653632 0.021462 0.013440
0 0.011590 0.667520 0.021463 0.013888
0 0.011588 0.680064 0.021467 0.012544
0 0.011591 0.692160 0.021461 0.012096
0 0.011614 0.628544 0.021414 0.012096
0 0.011612 0.640640 0.021419 0.012544
0 0.011612 0.652736 0.021418 0.013440
0 0.011612 0.664832 0.021418 0.012544
0 0.011610 0.679168 0.021423 0.013440
0 0.011612 0.691712 0.021418 0.013888
0 0.011566 0.753088 0.021510 0.022400
0 0.011577 0.751744 0.021489 0.026880
0 0.011587 0.751744 0.021468 0.024192
0 0.011607 0.746816 0.021430 0.022400
0 0.011618 0.748608 0.021406 0.027328
0 0.011655 0.653184 0.021334 0.013440
0 0.011656 0.676928 0.021332 0.012096
0 0.011657 0.640192 0.021330 0.011648
0 0.011656 0.550592 0.021331 0.013440
0 0.011659 0.576576 0.021326 0.013440
0 0.011658 0.588672 0.021327 0.010752
0 0.011657 0.600768 0.021329 0.012096
0 0.011656 0.614208 0.021331 0.012544
0 0.011658 0.627200 0.021328 0.013440
0 0.011814 0.481152 0.021015 0.025984
0 0.011826 0.507136 0.020991 0.022400
0 0.012227 0.545216 0.020189 0.026880
0 0.012025 0.652736 0.020593 0.013888
0 0.011850 0.624512 0.020944 0.013440
0 0.011851 0.676480 0.020942 0.015232
0 0.011853 0.738304 0.020937 0.012544
0 0.011872 0.611968 0.020898 0.013888
0 0.011872 0.661696 0.020899 0.016576
0 0.011874 0.687680 0.020895 0.014784
0 0.011871 0.712768 0.020900 0.015232
0 0.011874 0.751744 0.020895 0.013440
0 0.011918 0.611072 0.020806 0.014784
0 0.011920 0.739200 0.020802 0.012096
0 0.011920 0.750848 0.020803 0.012096
0 0.011940 0.624512 0.020763 0.014784
0 0.011938 0.648256 0.020766 0.013440
0 0.011937 0.661248 0.020768 0.013440
0 0.011938 0.674688 0.020766 0.012544
0 0.011941 0.686784 0.020761 0.013440
0 0.011941 0.722624 0.020761 0.013440
0 0.011938 0.749952 0.020766 0.013440
0 0.011982 0.610176 0.020679 0.011648
0 0.011981 0.623616 0.020680 0.012544
0 0.011983 0.639296 0.020677 0.013440
0 0.011983 0.654976 0.020677 0.013888
0 0.011984 0.670208 0.020675 0.011648
0 0.011981 0.684544 0.020680 0.010752
0 0.011983 0.699776 0.020677 0.013888
0 0.011980 0.714112 0.020682 0.012544
0 0.011981 0.730240 0.020681 0.013440
0 0.011840 0.603904 0.020963 0.021504
0 0.011822 0.769664 0.020999 0.024640
0 0.011809 0.713664 0.021026 0.012096
0 0.011782 0.613312 0.021078 0.012544
0 0.011722 0.626304 0.021199 0.012544
0 0.011720 0.613312 0.021202 0.013888
0 0.011742 0.651840 0.021159 0.012096
0 0.011741 0.664832 0.021161 0.012544
0 0.011740 0.676928 0.021162 0.012544
0 0.011742 0.689024 0.021158 0.012096
0 0.011741 0.701120 0.021160 0.012544
0 0.011742 0.714112 0.021158 0.013440
0 0.011743 0.727552 0.021157 0.012096
0 0.011742 0.739648 0.021159 0.012544
0 0.011741 0.751744 0.021161 0.013440
0 0.011768 0.631232 0.021106 0.022848
0 0.011787 0.639296 0.021068 0.011648
0 0.011805 0.699776 0.021033 0.013888
0 0.011785 0.651392 0.021072 0.011648
0 0.011786 0.663488 0.021070 0.011648
0 0.011784 0.676480 0.021074 0.011648
0 0.011783 0.687680 0.021076 0.011648
0 0.011788 0.728448 0.021067 0.011648
0 0.011788 0.740992 0.021067 0.013440
0 0.011786 0.753984 0.021071 0.012544
0 0.011806 0.624960 0.021031 0.013888
0 0.011808 0.637056 0.021027 0.011648
0 0.011806 0.649600 0.021031 0.012544
0 0.011806 0.675136 0.021032 0.012544
0 0.011806 0.688128 0.021032 0.012096
0 0.012030 0.612416 0.020583 0.012096
0 0.011999 0.811328 0.020646 0.028224
0 0.011719 0.664832 0.021205 0.012544
0 0.011982 0.815360 0.020678 0.028224
0 0.012006 0.972160 0.020631 0.023744
0 0.012016 0.975296 0.020611 0.024192
0 0.012026 0.976192 0.020590 0.021056
0 0.012038 0.974848 0.020567 0.023744
0 0.012047 0.974400 0.020550 0.026880
0 0.012025 0.918848 0.020593 0.012096
0 0.012025 0.668416 0.020593 0.012096
0 0.012022 0.700224 0.020598 0.014784
0 0.010973 0.848512 0.018232 0.033152
0 0.012098 0.758016 0.020448 0.026880
0 0.012016 0.789376 0.020611 0.013440
0 0.012020 0.772800 0.020602 0.012096
0 0.012124 0.172928 0.020395 0.023744
0 0.012116 0.206976 0.020410 0.025536
0 0.012126 0.196672 0.020390 0.019264
0 0.012128 0.113792 0.020386 0.020160
0 0.012122 0.128576 0.020399 0.021504
0 0.012126 0.076608 0.020391 0.013440
0 0.012154 0.093184 0.020336 0.022848
0 0.012146 0.048384 0.020351 0.024192
0 0.012111 0.034496 0.020422 0.016128
0 0.012114 0.022400 0.020416 0.016128
0 0.012153 0.588224 0.020337 0.021056
0 0.012162 0.582400 0.020319 0.025984
0 0.012179 0.576128 0.020284 0.027328
0 0.012191 0.561792 0.020261 0.022848
0 0.012216 0.552384 0.020211 0.027328
0 0.011998 0.971712 0.020648 0.025984
0 0.011981 0.972160 0.020681 0.024640
0 0.011970 0.972160 0.020703 0.024192
0 0.011967 0.816704 0.020709 0.033152
0 0.011953 0.816256 0.020737 0.034944
0 0.011929 0.814464 0.020784 0.033600
0 0.011909 0.814464 0.020826 0.034944
0 0.011880 0.817152 0.020883 0.021504
0 0.011868 0.813120 0.020907 0.031360
0 0.011848 0.818944 0.020948 0.025536
0 0.011829 0.813568 0.020985 0.036736
0 0.011773 0.792064 0.021096 0.012096
0 0.011778 0.817152 0.021087 0.028224
0 0.011728 0.818048 0.021186 0.028224
0 0.011697 0.819392 0.021250 0.027328
0 0.011971 0.921088 0.020701 0.011648
0 0.011699 0.922880 0.021245 0.013888
0 0.011749 0.976192 0.021145 0.023744
0 0.011728 0.922880 0.021186 0.011648
0 0.011751 0.922432 0.021141 0.012544
0 0.011770 0.977088 0.021102 0.026880
0 0.011785 0.921536 0.021072 0.012544
0 0.011807 0.976192 0.021029 0.025984
0 0.011859 0.974848 0.020926 0.024640
0 0.011881 0.974400 0.020881 0.027328
0 0.011900 0.974400 0.020844 0.025536
0 0.011908 0.921088 0.020827 0.013888
0 0.011946 0.919744 0.020751 0.013888
0 0.011723 0.652736 0.021197 0.012096
0 0.011718 0.677376 0.021207 0.014784
0 0.011837 0.507584 0.020969 0.026880
0 0.011676 0.562240 0.021291 0.013888
0 0.011677 0.575680 0.021289 0.012544
0 0.011678 0.588672 0.021287 0.013440
0 0.011677 0.601664 0.021289 0.013440
0 0.011677 0.615104 0.021289 0.014784
0 0.011679 0.628096 0.021285 0.012544
0 0.011677 0.639296 0.021289 0.013888
0 0.011741 0.560000 0.021160 0.011648
0 0.011751 0.534464 0.021142 0.012544
0 0.011739 0.573888 0.021164 0.012544
0 0.011741 0.587776 0.021160 0.012544
0 0.011741 0.600768 0.021161 0.012096
0 0.011741 0.613760 0.021160 0.013440
0 0.011741 0.638400 0.021160 0.012544
0 0.011722 0.599872 0.021199 0.013888
0 0.011782 0.560448 0.021079 0.011648
0 0.011781 0.573440 0.021080 0.012544
0 0.011784 0.588224 0.021075 0.013440
0 0.011781 0.600320 0.021080 0.013440
0 0.011958 0.012544 0.020728 0.016128
0 0.011964 0.050176 0.020714 0.019712
0 0.011947 0.503552 0.020749 0.021056
0 0.011846 0.507584 0.020951 0.028224
0 0.011856 0.507136 0.020932 0.020160
0 0.011865 0.509376 0.020912 0.025984
0 0.011876 0.507136 0.020890 0.025984
0 0.011856 0.480704 0.020931 0.025984
0 0.011866 0.480704 0.020910 0.023744
0 0.011886 0.481600 0.020871 0.025536
0 0.011897 0.480256 0.020850 0.024192
0 0.011894 0.509376 0.020854 0.024640
0 0.011906 0.508480 0.020832 0.027328
0 0.011926 0.510272 0.020791 0.028224
0 0.011956 0.506240 0.020732 0.028672
0 0.012078 0.275520 0.020486 0.019712
0 0.011967 0.086464 0.020709 0.016576
0 0.012096 0.261632 0.020450 0.019712
0 0.011965 0.178752 0.020712 0.017024
0 0.011963 0.129024 0.020717 0.017024
0 0.011719 0.700672 0.021204 0.013888
0 0.011804 0.561792 0.021036 0.012544
0 0.011677 0.652736 0.021289 0.013440
0 0.011678 0.664832 0.021287 0.011648
0 0.011677 0.677824 0.021288 0.012096
0 0.011679 0.690368 0.021284 0.012544
0 0.011678 0.702912 0.021286 0.013440
0 0.011677 0.714560 0.021288 0.011648
0 0.011677 0.728448 0.021288 0.012544
0 0.011680 0.741888 0.021283 0.010752
0 0.011722 0.727552 0.021198 0.012544
0 0.011721 0.713664 0.021200 0.012096
0 0.012026 0.598528 0.020591 0.013888
0 0.012028 0.585536 0.020586 0.012096
0 0.012027 0.561792 0.020589 0.012544
0 0.011872 0.587328 0.020898 0.012544
0 0.011805 0.573888 0.021033 0.016576
0 0.011804 0.587328 0.021035 0.012544
0 0.011805 0.600320 0.021034 0.013440
0 0.011849 0.588672 0.020945 0.015232
0 0.011850 0.573888 0.020943 0.012544
0 0.011849 0.559552 0.020946 0.013440
0 0.011871 0.559552 0.020900 0.013440
0 0.011918 0.561344 0.020807 0.013888
0 0.011916 0.585984 0.020811 0.012544
0 0.011938 0.573440 0.020766 0.012544
0 0.011939 0.598528 0.020765 0.013888
0 0.011981 0.558208 0.020681 0.014784
0 0.011979 0.574784 0.020684 0.012096
0 0.011980 0.596736 0.020682 0.011648
0 0.010045 0.366464 0.020088 0.060032
