0 0.011380 0.541632 0.021882 0.032704
0 0.010861 0.468160 0.018457 0.068544
0 0.010370 0.487872 0.019438 0.060032
0 0.010382 0.558656 0.019414 0.021952
0 0.010535 0.312256 0.019108 0.037632
0 0.010774 0.429632 0.018630 0.052864
0 0.010832 0.452032 0.018515 0.053760
0 0.010856 0.456064 0.018467 0.045696
0 0.010858 0.502208 0.018462 0.059136
0 0.011247 0.861952 0.022149 0.030016
0 0.010975 0.415296 0.018228 0.045696
0 0.011028 0.424256 0.018122 0.038528
0 0.011040 0.373184 0.018098 0.054656
0 0.011037 0.348544 0.018105 0.056448
0 0.010450 0.470848 0.019278 0.042112
0 0.010169 0.897344 0.019841 0.039424
0 0.010234 0.527296 0.019711 0.047488
