0 0.011109 0.731136 0.017961 0.026880
0 0.011489 0.547456 0.021665 0.017920
0 0.011505 0.555072 0.021633 0.016128
0 0.011498 0.543424 0.021647 0.017024
0 0.011505 0.536704 0.021632 0.018368
0 0.011519 0.550144 0.021605 0.017472
0 0.011526 0.542528 0.021592 0.015680
0 0.011511 0.530432 0.021620 0.016576
0 0.011535 0.529984 0.021573 0.015232
0 0.011528 0.518784 0.021586 0.016576
0 0.011542 0.526400 0.021558 0.017920
0 0.011537 0.513856 0.021569 0.015680
0 0.011552 0.519680 0.021540 0.018368
0 0.011544 0.508032 0.021555 0.017024
0 0.011552 0.501760 0.021539 0.017920
0 0.011558 0.514304 0.021526 0.015680
0 0.011517 0.602112 0.021608 0.018368
0 0.011528 0.594496 0.021586 0.017920
0 0.011541 0.583296 0.021560 0.017024
0 0.011571 0.612416 0.021501 0.016576
0 0.011559 0.620032 0.021524 0.017920
0 0.011548 0.629888 0.021547 0.015680
0 0.011559 0.688576 0.021524 0.021952
0 0.011573 0.710528 0.021497 0.017472
0 0.011594 0.726208 0.021454 0.015232
0 0.011497 0.560896 0.021650 0.017920
0 0.011490 0.567616 0.021663 0.015232
0 0.011617 0.758016 0.021408 0.017472
0 0.011482 0.555520 0.021678 0.018368
0 0.011464 0.443072 0.021715 0.016128
0 0.011354 0.518336 0.021934 0.017920
0 0.011373 0.540288 0.021897 0.015680
0 0.011381 0.549248 0.021881 0.015680
0 0.011394 0.560448 0.021855 0.012544
0 0.011429 0.520576 0.021785 0.017472
0 0.011438 0.515648 0.021767 0.012992
0 0.011452 0.527744 0.021738 0.017024
0 0.011438 0.508928 0.021768 0.017920
0 0.011451 0.502656 0.021740 0.016576
0 0.011460 0.515648 0.021723 0.017024
0 0.011467 0.509376 0.021709 0.019712
0 0.011462 0.490112 0.021718 0.016576
0 0.011475 0.502208 0.021692 0.015680
0 0.011491 0.496832 0.021661 0.017920
0 0.011477 0.483840 0.021689 0.019264
0 0.011491 0.471296 0.021661 0.018368
0 0.011492 0.490560 0.021660 0.017024
0 0.011499 0.484288 0.021645 0.017472
0 0.011508 0.478016 0.021627 0.018368
0 0.011492 0.465024 0.021660 0.020608
0 0.011468 0.560448 0.021706 0.015680
0 0.011487 0.574336 0.021669 0.018816
0 0.011606 0.738752 0.021430 0.018368
0 0.011596 0.672448 0.021451 0.017472
0 0.011761 0.415296 0.021120 0.018816
0 0.011844 0.483392 0.020956 0.017920
0 0.011827 0.495936 0.020989 0.018368
0 0.011819 0.501760 0.021006 0.018816
0 0.011808 0.488320 0.021028 0.017920
0 0.011813 0.509824 0.021017 0.014784
0 0.011805 0.514752 0.021033 0.015232
0 0.011784 0.507136 0.021074 0.013440
0 0.011784 0.525504 0.021075 0.017920
0 0.011792 0.445760 0.021059 0.015232
0 0.011768 0.463680 0.021106 0.015232
0 0.011761 0.469504 0.021122 0.016128
0 0.011754 0.474880 0.021135 0.015232
0 0.011745 0.480704 0.021152 0.015680
0 0.011767 0.518336 0.021108 0.017024
0 0.011723 0.496384 0.021197 0.016576
0 0.011766 0.545216 0.021112 0.018368
0 0.011750 0.555520 0.021143 0.018816
0 0.011744 0.537152 0.021155 0.017472
0 0.011736 0.542080 0.021172 0.015680
0 0.011728 0.547904 0.021187 0.016576
0 0.011727 0.566272 0.021189 0.018368
0 0.011713 0.578816 0.021216 0.016576
0 0.011706 0.558208 0.021231 0.015680
0 0.011707 0.566272 0.021230 0.017920
0 0.011837 0.490112 0.020970 0.018816
0 0.011874 0.583296 0.020896 0.017024
0 0.011582 0.659008 0.021479 0.018368
0 0.011879 0.560448 0.020885 0.016128
0 0.011597 0.666176 0.021449 0.018816
0 0.011583 0.652736 0.021476 0.017024
0 0.011606 0.661696 0.021430 0.015680
0 0.011599 0.641536 0.021446 0.019712
0 0.011612 0.655424 0.021418 0.017472
0 0.011608 0.636608 0.021427 0.016576
0 0.011619 0.649152 0.021404 0.015232
0 0.011624 0.632128 0.021395 0.017472
0 0.011617 0.700224 0.021410 0.016576
0 0.011592 0.323456 0.021459 0.017920
0 0.011647 0.255808 0.021350 0.015232
0 0.011728 0.379904 0.021186 0.023744
0 0.011683 0.342720 0.021277 0.016576
0 0.011676 0.349440 0.021291 0.016576
0 0.011660 0.366464 0.021322 0.015232
0 0.011632 0.359296 0.021379 0.015232
0 0.011622 0.391104 0.021399 0.017024
0 0.011958 0.068544 0.020726 0.016128
0 0.011946 0.081536 0.020752 0.016576
0 0.011805 0.200256 0.021032 0.015232
0 0.011778 0.169344 0.021087 0.016128
0 0.010761 0.408576 0.018656 0.029568
0 0.011422 0.469504 0.021799 0.017472
0 0.011492 0.416640 0.021660 0.016576
0 0.011468 0.418432 0.021708 0.025088
0 0.011383 0.207872 0.021877 0.018816
0 0.011412 0.177408 0.021819 0.018368
0 0.011421 0.172032 0.021801 0.016576
0 0.011432 0.169344 0.021778 0.017920
0 0.011427 0.114240 0.021788 0.013440
0 0.011343 0.281344 0.021957 0.008512
0 0.011386 0.250880 0.021871 0.015232
0 0.011394 0.245056 0.021855 0.015680
0 0.011416 0.232960 0.021811 0.017024
0 0.011426 0.222656 0.021792 0.016576
0 0.011393 0.268800 0.021856 0.016576
0 0.011402 0.262528 0.021840 0.015680
0 0.011414 0.253568 0.021814 0.019712
0 0.011423 0.247296 0.021796 0.018368
0 0.011426 0.236544 0.021791 0.018368
0 0.011431 0.298368 0.021781 0.024192
0 0.011435 0.285376 0.021772 0.018368
0 0.011450 0.299264 0.021743 0.017024
0 0.011507 0.232064 0.021628 0.016128
0 0.011514 0.225792 0.021616 0.017472
0 0.011518 0.218624 0.021607 0.019264
0 0.011530 0.213248 0.021583 0.018368
0 0.011555 0.246848 0.021532 0.015232
0 0.011573 0.193088 0.021497 0.019264
0 0.011396 0.197568 0.021851 0.018368
0 0.010224 0.054656 0.019730 0.021056
0 0.011457 0.424256 0.021728 0.018368
0 0.011313 0.054656 0.022017 0.018368
0 0.011181 0.168000 0.022282 0.019264
0 0.011183 0.184128 0.022277 0.012544
0 0.011192 0.088256 0.022260 0.019712
0 0.011168 0.010304 0.022307 0.017472
0 0.011205 0.021056 0.022233 0.009856
0 0.011255 0.228032 0.022132 0.018368
0 0.011174 0.262080 0.022296 0.009856
0 0.011173 0.271936 0.022297 0.008512
0 0.011220 0.258944 0.022203 0.010752
0 0.011217 0.269696 0.022210 0.009856
0 0.011181 0.305088 0.022282 0.011648
0 0.011216 0.279104 0.022211 0.008960
0 0.011183 0.314944 0.022276 0.008960
0 0.011218 0.289856 0.022207 0.008064
0 0.011182 0.323008 0.022278 0.008960
0 0.011184 0.331968 0.022275 0.009856
0 0.011188 0.341376 0.022267 0.010752
0 0.011218 0.298816 0.022206 0.009856
0 0.011222 0.310016 0.022199 0.011200
0 0.011229 0.325696 0.022184 0.008960
0 0.011228 0.335104 0.022187 0.008960
0 0.010088 0.387072 0.020003 0.018368
0 0.011307 0.063616 0.022028 0.016576
0 0.011595 0.391552 0.021453 0.018368
0 0.011528 0.390656 0.021586 0.017920
0 0.011561 0.443520 0.021521 0.017024
0 0.011546 0.449344 0.021551 0.016576
0 0.011539 0.436352 0.021565 0.017024
0 0.011554 0.374080 0.021535 0.018368
0 0.011556 0.369152 0.021532 0.017024
0 0.011259 0.434112 0.022126 0.018368
0 0.011234 0.511616 0.022175 0.017472
0 0.011187 0.588672 0.022268 0.018368
0 0.011355 0.376768 0.021932 0.008960
0 0.011355 0.415744 0.021932 0.011648
0 0.011356 0.428736 0.021931 0.009856
0 0.011354 0.440384 0.021936 0.010304
0 0.011354 0.452928 0.021934 0.008960
0 0.011352 0.464128 0.021939 0.008960
0 0.011349 0.478016 0.021944 0.009856
0 0.011347 0.491456 0.021950 0.008960
0 0.011346 0.502656 0.021951 0.009856
0 0.011427 0.393344 0.021788 0.016128
0 0.011418 0.397824 0.021807 0.019264
0 0.011421 0.455168 0.021801 0.014784
0 0.011428 0.442176 0.021787 0.016576
0 0.011444 0.435904 0.021755 0.015680
0 0.011554 0.419776 0.021535 0.018816
0 0.011580 0.403200 0.021483 0.017920
0 0.011585 0.422016 0.021473 0.016128
0 0.011451 0.351680 0.021741 0.018368
0 0.011569 0.362432 0.021504 0.019264
0 0.011276 0.327936 0.022091 0.015232
0 0.011344 0.292096 0.021955 0.010304
0 0.011346 0.305088 0.021951 0.010304
0 0.011354 0.328384 0.021936 0.009856
0 0.011354 0.352128 0.021935 0.009408
0 0.011354 0.364672 0.021935 0.010752
0 0.011588 0.438592 0.021467 0.017920
0 0.010086 0.452480 0.020007 0.012992
0 0.010067 0.496384 0.020045 0.017472
0 0.011630 0.443520 0.021383 0.016128
0 0.011622 0.450240 0.021400 0.019264
0 0.011611 0.473984 0.021422 0.018368
0 0.011606 0.459648 0.021430 0.017472
0 0.011602 0.478912 0.021438 0.018368
0 0.011597 0.465472 0.021449 0.016128
0 0.011749 0.426944 0.021145 0.017024
0 0.012149 0.739648 0.020346 0.017472
0 0.011728 0.771008 0.021186 0.018368
0 0.011708 0.784000 0.021227 0.017472
0 0.011715 0.731584 0.021212 0.016576
0 0.011700 0.737408 0.021243 0.017024
0 0.011686 0.730240 0.021271 0.018368
0 0.011670 0.741888 0.021304 0.018816
0 0.011689 0.747712 0.021265 0.015680
0 0.011677 0.754880 0.021290 0.016576
0 0.011747 0.990528 0.021149 0.017024
0 0.011870 0.891520 0.020902 0.017024
0 0.011863 0.897792 0.020916 0.017024
0 0.011857 0.911680 0.020929 0.018368
0 0.011986 0.979328 0.020672 0.016128
0 0.012012 0.941248 0.020619 0.017472
0 0.012015 0.958272 0.020612 0.018816
0 0.012005 0.895104 0.020633 0.027328
0 0.012002 0.876736 0.020639 0.019712
0 0.012030 0.938112 0.020583 0.016128
0 0.012028 0.914816 0.020588 0.017920
0 0.012060 0.939456 0.020523 0.018368
0 0.012043 0.917056 0.020556 0.018816
0 0.012046 0.889280 0.020551 0.018368
0 0.012056 0.899136 0.020530 0.017472
0 0.012254 0.134848 0.020134 0.020160
0 0.011715 0.776384 0.021213 0.017920
0 0.011737 0.765184 0.021170 0.017024
0 0.012250 0.311360 0.020143 0.020160
0 0.011728 0.802368 0.021186 0.017472
0 0.011834 0.853888 0.020974 0.017472
0 0.011820 0.858816 0.021004 0.015680
0 0.011811 0.864192 0.021021 0.017920
0 0.011804 0.870912 0.021035 0.017472
0 0.011796 0.877632 0.021050 0.017024
0 0.011863 0.777280 0.020917 0.021504
0 0.011856 0.785344 0.020932 0.018368
0 0.011842 0.790720 0.020959 0.015232
0 0.011833 0.803264 0.020977 0.016128
0 0.011810 0.813120 0.021023 0.016128
0 0.011803 0.824768 0.021037 0.016128
0 0.011781 0.837312 0.021081 0.018368
0 0.011774 0.843136 0.021095 0.017472
0 0.011775 0.849856 0.021092 0.014784
0 0.011767 0.830144 0.021109 0.019264
0 0.011753 0.836864 0.021138 0.018368
0 0.011804 0.795200 0.021035 0.016128
0 0.011773 0.734720 0.021097 0.017920
0 0.011782 0.761152 0.021079 0.016128
0 0.011766 0.777280 0.021111 0.017920
0 0.011751 0.784896 0.021140 0.020160
0 0.011744 0.789824 0.021155 0.017472
0 0.011743 0.796992 0.021156 0.015232
0 0.011099 0.267904 0.017980 0.026432
0 0.012259 0.336448 0.020125 0.019264
0 0.011733 0.439040 0.021176 0.019264
0 0.012073 0.896000 0.020496 0.018816
0 0.012087 0.904960 0.020469 0.015680
0 0.012071 0.875392 0.020500 0.018816
0 0.012097 0.872256 0.020449 0.018368
0 0.012064 0.861504 0.020516 0.017024
0 0.012072 0.839104 0.020499 0.017024
0 0.012087 0.844928 0.020469 0.018368
0 0.012089 0.801472 0.020466 0.025984
0 0.012096 0.823424 0.020450 0.017472
0 0.012119 0.823424 0.020406 0.017472
0 0.012108 0.804160 0.020427 0.019264
0 0.012131 0.782208 0.020380 0.017472
0 0.012076 0.731136 0.020491 0.018368
0 0.012127 0.757568 0.020389 0.019264
0 0.012171 0.783104 0.020302 0.012992
0 0.012177 0.763392 0.020289 0.013888
0 0.012185 0.749952 0.020272 0.012544
0 0.012210 0.722176 0.020223 0.018816
0 0.012182 0.539840 0.020279 0.017024
0 0.012236 0.364672 0.020171 0.020608
0 0.012173 0.625856 0.020297 0.016128
0 0.012199 0.383488 0.020245 0.019264
0 0.012165 0.394240 0.020314 0.017024
0 0.014409 0.022848 0.024753 0.016576
0 0.012228 0.447552 0.020187 0.018368
0 0.012208 0.460544 0.020227 0.016576
0 0.012210 0.497728 0.020222 0.017920
0 0.012223 0.508032 0.020196 0.017024
0 0.012173 0.420672 0.020296 0.017920
0 0.012172 0.472640 0.020299 0.017472
0 0.012146 0.466368 0.020351 0.015680
0 0.012143 0.528192 0.020357 0.016128
0 0.012071 0.701568 0.020502 0.018368
0 0.012127 0.712320 0.020388 0.019264
0 0.011046 0.702464 0.018086 0.029120
0 0.012151 0.691712 0.020341 0.019712
0 0.012148 0.653632 0.020347 0.018816
0 0.011069 0.628992 0.018040 0.037184
0 0.011844 0.842240 0.020956 0.017920
0 0.011888 0.875392 0.020866 0.013440
0 0.011893 0.857472 0.020857 0.013440
0 0.011629 0.645120 0.021384 0.015680
0 0.011630 0.625856 0.021383 0.018368
0 0.011644 0.638400 0.021354 0.016576
0 0.011643 0.632128 0.021357 0.017472
0 0.011635 0.618240 0.021372 0.018368
0 0.011661 0.628096 0.021320 0.016128
0 0.011643 0.612416 0.021357 0.018368
0 0.011645 0.607040 0.021353 0.018368
0 0.011677 0.616896 0.021290 0.018368
0 0.011660 0.602560 0.021322 0.019264
0 0.011661 0.594944 0.021321 0.017920
0 0.011684 0.608832 0.021274 0.014784
0 0.011677 0.589120 0.021288 0.015680
0 0.011632 0.713664 0.021378 0.017024
0 0.011634 0.695744 0.021375 0.018368
0 0.011647 0.708288 0.021348 0.016128
0 0.011635 0.689920 0.021373 0.015680
0 0.011910 0.826560 0.020824 0.014784
0 0.011648 0.553728 0.021346 0.015680
0 0.011724 0.443968 0.021196 0.019264
0 0.011713 0.456512 0.021217 0.017024
0 0.011704 0.461440 0.021235 0.015680
0 0.011696 0.468160 0.021251 0.018368
0 0.011701 0.400512 0.021240 0.018368
0 0.011697 0.414400 0.021249 0.017920
0 0.011674 0.425152 0.021294 0.017472
0 0.011653 0.419328 0.021336 0.019712
0 0.011651 0.443072 0.021341 0.018368
0 0.011644 0.430080 0.021355 0.017920
0 0.011643 0.448448 0.021357 0.017920
0 0.011636 0.455168 0.021370 0.015680
0 0.011802 0.583744 0.021038 0.017472
0 0.011641 0.681408 0.021360 0.013888
0 0.011656 0.676032 0.021331 0.017024
0 0.011649 0.701568 0.021345 0.016576
0 0.011665 0.688576 0.021314 0.016576
0 0.011754 0.672448 0.021136 0.016576
0 0.011767 0.691712 0.021110 0.016128
0 0.011754 0.696640 0.021135 0.016128
0 0.011730 0.715008 0.021183 0.017920
0 0.014192 0.554624 0.025188 0.018816
0 0.010894 0.653184 0.018391 0.035392
0 0.011635 0.773696 0.021372 0.017472
0 0.011660 0.789824 0.021322 0.017024
0 0.011897 0.732480 0.020849 0.016128
0 0.011951 0.739200 0.020741 0.012096
0 0.011948 0.747712 0.020747 0.011648
0 0.011939 0.762944 0.020765 0.013440
0 0.011924 0.795200 0.020794 0.012096
0 0.011919 0.809984 0.020804 0.013440
0 0.011787 0.724416 0.021068 0.016576
0 0.011836 0.612416 0.020971 0.018368
0 0.011668 0.668864 0.021307 0.018368
0 0.011680 0.660352 0.021283 0.017472
0 0.011696 0.647360 0.021250 0.018368
0 0.011710 0.657664 0.021223 0.018368
0 0.011795 0.595840 0.021054 0.017472
0 0.011773 0.588672 0.021097 0.017472
0 0.011779 0.600320 0.021085 0.015232
0 0.011772 0.612416 0.021100 0.016576
0 0.011737 0.611968 0.021170 0.015232
0 0.011741 0.630784 0.021162 0.017472
0 0.011825 0.615104 0.020993 0.015232
0 0.011963 0.706944 0.020717 0.011648
0 0.011803 0.636160 0.021036 0.021056
0 0.011810 0.654976 0.021022 0.020160
0 0.011788 0.646464 0.021067 0.017920
0 0.011808 0.687680 0.021028 0.017920
0 0.011854 0.670208 0.020935 0.017024
0 0.011896 0.660352 0.020851 0.018368
0 0.011836 0.720384 0.020971 0.016128
0 0.011957 0.687680 0.020730 0.017920
0 0.010812 0.671552 0.018554 0.031360
0 0.011169 0.150528 0.022306 0.017024
