0 0.011820 0.702016 0.021002 0.040320
0 0.011276 0.587328 0.022090 0.019264
0 0.010618 0.448448 0.018942 0.061376
0 0.010599 0.440384 0.018981 0.062720
0 0.010516 0.431424 0.019146 0.044352
0 0.010524 0.409472 0.019131 0.042560
0 0.010531 0.388416 0.019117 0.043008
0 0.010467 0.362880 0.019244 0.045248
0 0.011496 0.112448 0.021650 0.022848
0 0.011526 0.041216 0.021591 0.023744
0 0.011494 0.282240 0.021654 0.034944
0 0.011500 0.097664 0.021642 0.024192
0 0.011513 0.078400 0.021617 0.019264
0 0.011271 0.599872 0.022101 0.021504
0 0.011410 0.553728 0.021822 0.034048
0 0.010593 0.660800 0.018994 0.051520
0 0.011425 0.558656 0.021794 0.037632
0 0.011439 0.568512 0.021764 0.027776
0 0.011466 0.578816 0.021710 0.025088
0 0.011480 0.580160 0.021683 0.031808
0 0.011496 0.587776 0.021652 0.028672
0 0.011509 0.593600 0.021625 0.026880
0 0.011534 0.605248 0.021575 0.030464
0 0.011548 0.610176 0.021548 0.030464
0 0.011578 0.623168 0.021487 0.029120
0 0.011698 0.623168 0.021247 0.021504
0 0.011810 0.684992 0.021023 0.031360
0 0.011423 0.486528 0.021797 0.022400
0 0.010639 0.456960 0.018900 0.056448
0 0.010657 0.478016 0.018864 0.055552
0 0.010677 0.482496 0.018824 0.061376
0 0.010699 0.484736 0.018780 0.060480
0 0.010271 0.127680 0.019637 0.043008
0 0.010226 0.457408 0.019727 0.037632
0 0.010298 0.430080 0.019583 0.055552
0 0.010347 0.446208 0.019485 0.064064
0 0.010373 0.455168 0.019433 0.051520
0 0.010264 0.549696 0.019651 0.034944
0 0.010498 0.626304 0.019183 0.055552
0 0.010517 0.633920 0.019145 0.051520
0 0.010536 0.639744 0.019107 0.050624
0 0.010557 0.648704 0.019065 0.051968
0 0.010575 0.655872 0.019029 0.051968
0 0.010616 0.667968 0.018948 0.051968
0 0.010631 0.672448 0.018916 0.056448
0 0.010653 0.676032 0.018873 0.046592
0 0.010668 0.684992 0.018843 0.059136
0 0.010567 0.506688 0.019045 0.055552
0 0.010600 0.538048 0.018979 0.051968
0 0.010588 0.511168 0.019003 0.056448
0 0.010621 0.533568 0.018937 0.051968
0 0.010645 0.539840 0.018889 0.058240
0 0.010662 0.561344 0.018856 0.053312
0 0.010685 0.562688 0.018810 0.060480
0 0.010695 0.617344 0.018789 0.032704
0 0.010705 0.572992 0.018769 0.055104
0 0.011862 0.718592 0.020919 0.038976
0 0.012137 0.290304 0.020368 0.028672
0 0.010772 0.518784 0.018635 0.051968
0 0.010751 0.518336 0.018676 0.052864
0 0.010749 0.445760 0.018680 0.039424
0 0.010949 0.253120 0.018281 0.048832
0 0.010976 0.287616 0.018226 0.051520
0 0.011042 0.333760 0.018095 0.051520
0 0.011084 0.335104 0.018010 0.048832
0 0.010894 0.708736 0.018392 0.038976
0 0.012222 0.256256 0.020199 0.026432
0 0.012233 0.262528 0.020177 0.024192
0 0.012152 0.226240 0.020340 0.030016
0 0.012077 0.181888 0.020488 0.030016
0 0.012022 0.174272 0.020599 0.033152
0 0.011970 0.096320 0.020703 0.024192
0 0.011939 0.081984 0.020764 0.025088
0 0.011914 0.070336 0.020814 0.020160
0 0.011869 0.049728 0.020905 0.022848
0 0.010883 0.731584 0.018413 0.036736
0 0.010871 0.752640 0.018437 0.038976
0 0.010865 0.779520 0.018448 0.046592
0 0.010800 0.868672 0.018578 0.034944
0 0.010793 0.520576 0.018593 0.054208
0 0.010812 0.534912 0.018554 0.053312
0 0.010838 0.531328 0.018502 0.053312
0 0.010857 0.598528 0.018465 0.051968
0 0.011207 0.747264 0.022229 0.020160
0 0.011200 0.761152 0.022243 0.020160
0 0.011264 0.806400 0.022114 0.021504
0 0.011257 0.834176 0.022128 0.020160
0 0.011274 0.777280 0.022094 0.020160
0 0.011278 0.762944 0.022086 0.019264
0 0.011211 0.731584 0.022220 0.021504
0 0.011223 0.933632 0.022197 0.030016
0 0.011333 0.985152 0.021976 0.031360
0 0.011514 0.975296 0.021615 0.025536
0 0.010726 0.579264 0.018726 0.055104
0 0.010745 0.585984 0.018688 0.062720
0 0.010767 0.585536 0.018644 0.063168
0 0.010787 0.590912 0.018605 0.056896
0 0.010791 0.639744 0.018596 0.057792
0 0.010812 0.643328 0.018555 0.053312
0 0.010829 0.649152 0.018521 0.058240
0 0.010820 0.582848 0.018539 0.055552
0 0.010837 0.595392 0.018505 0.049280
0 0.010219 0.288960 0.019740 0.045248
