0 0.002696 0.251328 0.003537 0.004928
0 0.000793 0.475776 0.001585 0.005824
0 0.000713 0.505792 0.001427 0.008064
0 0.000704 0.486528 0.001407 0.012992
0 0.000704 0.516992 0.001409 0.017920
0 0.000663 0.495040 0.001326 0.010752
0 0.000646 0.494592 0.001293 0.009408
0 0.000639 0.469952 0.001277 0.009856
0 0.000599 0.492800 0.001199 0.009856
0 0.000615 0.471296 0.001231 0.016128
0 0.000565 0.469952 0.001130 0.009856
0 0.000312 0.469952 0.000624 0.008960
0 0.000277 0.460992 0.000554 0.009408
0 0.000251 0.460992 0.000502 0.007168
0 0.000232 0.460096 0.000465 0.010304
0 0.000211 0.461440 0.000422 0.009856
0 0.000137 0.455168 0.000273 0.009408
0 0.000212 0.482048 0.000424 0.008064
0 0.000202 0.492352 0.000405 0.011200
0 0.000228 0.492800 0.000455 0.008512
0 0.000243 0.494592 0.000487 0.009856
0 0.000270 0.492352 0.000540 0.009408
0 0.000224 0.520128 0.000447 0.010752
0 0.000247 0.520128 0.000493 0.009856
0 0.000270 0.521472 0.000540 0.008512
0 0.000292 0.550592 0.000584 0.010304
0 0.000119 0.557760 0.000239 0.008960
0 0.000202 0.575232 0.000404 0.010304
0 0.000187 0.597184 0.000375 0.010752
0 0.000206 0.596736 0.000411 0.007616
0 0.000245 0.577024 0.000490 0.007616
0 0.000786 0.518336 0.001572 0.008064
0 0.000818 0.441280 0.001637 0.006720
0 0.000281 0.574336 0.000562 0.007616
0 0.000692 0.439488 0.001385 0.014784
0 0.000399 0.103040 0.000799 0.008512
0 0.000284 0.100352 0.000567 0.014336
0 0.000706 0.035840 0.001411 0.016576
0 0.000758 0.044800 0.001517 0.016128
0 0.000807 0.050176 0.001614 0.015680
0 0.000694 0.084224 0.001388 0.015232
0 0.000696 0.108416 0.001393 0.018368
0 0.000453 0.126336 0.000906 0.008512
0 0.000772 0.190848 0.001545 0.014336
0 0.000855 0.224896 0.001709 0.008960
0 0.000817 0.231168 0.001633 0.016576
0 0.000341 0.186368 0.000681 0.015680
0 0.000804 0.288960 0.001609 0.015680
0 0.000825 0.390208 0.001651 0.016576
0 0.000609 0.338688 0.001218 0.010304
0 0.000607 0.374976 0.001213 0.017472
0 0.000480 0.389312 0.000960 0.013440
0 0.000349 0.385728 0.000698 0.015232
0 0.000285 0.366912 0.000570 0.013440
0 0.000238 0.434112 0.000476 0.018816
0 0.000329 0.404096 0.000658 0.017024
0 0.000318 0.430976 0.000636 0.016128
0 0.000360 0.432320 0.000720 0.016128
0 0.000562 0.409472 0.001124 0.016128
0 0.000573 0.437248 0.001147 0.013888
0 0.000616 0.439040 0.001233 0.015680
0 0.000658 0.413952 0.001315 0.013888
0 0.000659 0.439488 0.001317 0.012992
0 0.000716 0.413504 0.001431 0.015680
0 0.000231 0.600320 0.000463 0.008064
0 0.000276 0.605248 0.000552 0.007616
0 0.002676 0.250880 0.003576 0.005376
0 0.000500 0.715008 0.001000 0.007616
0 0.000682 0.767872 0.001365 0.014336
0 0.000525 0.939008 0.001050 0.008064
0 0.000541 0.905856 0.001082 0.003136
0 0.000571 0.878528 0.001142 0.008064
0 0.000652 0.875392 0.001303 0.010304
0 0.000689 0.904064 0.001379 0.009856
0 0.000688 0.938560 0.001376 0.011200
0 0.000751 0.911680 0.001503 0.010304
0 0.000656 0.842688 0.001312 0.007616
0 0.000987 0.917952 0.001973 0.015232
0 0.001056 0.831488 0.002113 0.012992
0 0.001099 0.866880 0.002199 0.015232
0 0.001092 0.799232 0.002184 0.009408
0 0.001107 0.909888 0.002214 0.018368
0 0.002520 0.223104 0.003889 0.005824
0 0.002520 0.230720 0.003889 0.005824
0 0.002542 0.224000 0.003845 0.004928
0 0.002540 0.231168 0.003849 0.005376
0 0.002568 0.228480 0.003792 0.004032
0 0.002568 0.232960 0.003793 0.004032
0 0.002588 0.242816 0.003752 0.004032
0 0.002603 0.243264 0.003723 0.003584
0 0.002638 0.233856 0.003652 0.004928
0 0.002631 0.241920 0.003668 0.003584
0 0.002632 0.248640 0.003665 0.001792
0 0.002658 0.234304 0.003613 0.005376
0 0.002678 0.242816 0.003572 0.005376
0 0.002696 0.243264 0.003537 0.004928
0 0.002649 0.249536 0.003630 0.003136
0 0.000482 0.742336 0.000965 0.006272
0 0.000531 0.715456 0.001063 0.008064
0 0.000305 0.567616 0.000610 0.009408
0 0.000564 0.715008 0.001127 0.008512
0 0.000540 0.554624 0.001081 0.009408
0 0.000576 0.544768 0.001151 0.012544
0 0.000635 0.546560 0.001271 0.007168
0 0.000635 0.513856 0.001269 0.008960
0 0.000656 0.513856 0.001312 0.007168
0 0.000677 0.536256 0.001354 0.011200
0 0.000667 0.537152 0.001333 0.011200
0 0.000687 0.559104 0.001373 0.010752
0 0.000666 0.578368 0.001332 0.012544
0 0.000649 0.577472 0.001299 0.009408
0 0.000638 0.589120 0.001277 0.008512
0 0.000686 0.603008 0.001371 0.016128
0 0.000663 0.617792 0.001325 0.008960
0 0.000643 0.599424 0.001286 0.009408
0 0.000613 0.598080 0.001225 0.009408
0 0.000609 0.619136 0.001218 0.013440
0 0.000529 0.575232 0.001058 0.008064
0 0.000514 0.619136 0.001029 0.010304
0 0.000565 0.641984 0.001131 0.008960
0 0.000605 0.643328 0.001210 0.008512
0 0.000650 0.642880 0.001300 0.007168
0 0.000666 0.642880 0.001331 0.007168
0 0.001072 0.671104 0.002143 0.004480
0 0.001071 0.676032 0.002143 0.004928
0 0.001069 0.681408 0.002139 0.005376
0 0.001068 0.686336 0.002135 0.004480
0 0.000684 0.725760 0.001368 0.010304
0 0.000623 0.704256 0.001247 0.006272
0 0.000601 0.728448 0.001202 0.007616
0 0.000289 0.075264 0.000577 0.013440
