0 0.001048 0.678272 0.002095 0.015232
0 0.000403 0.222208 0.000806 0.013440
0 0.000989 0.261632 0.001977 0.013888
0 0.000675 0.218624 0.001349 0.013440
0 0.000630 0.219072 0.001261 0.013440
0 0.000589 0.220864 0.001178 0.010752
0 0.000488 0.221312 0.000976 0.011648
0 0.000444 0.221312 0.000888 0.012096
0 0.000359 0.222208 0.000718 0.011648
0 0.000899 0.275520 0.001799 0.013440
0 0.000317 0.223104 0.000634 0.013888
0 0.000273 0.222656 0.000546 0.014336
0 0.000351 0.190400 0.000702 0.013888
0 0.000437 0.189504 0.000873 0.013888
0 0.000520 0.189056 0.001040 0.012544
0 0.000595 0.171136 0.001190 0.010304
0 0.000832 0.254016 0.001664 0.012992
0 0.000817 0.271936 0.001634 0.010752
0 0.000712 0.187712 0.001424 0.013440
0 0.000154 0.281344 0.000309 0.012992
0 0.000502 0.307776 0.001004 0.013888
0 0.000470 0.307328 0.000941 0.012992
0 0.000395 0.307776 0.000790 0.012096
0 0.000266 0.326592 0.000532 0.014336
0 0.000317 0.310464 0.000635 0.011200
0 0.000160 0.322560 0.000319 0.013440
0 0.000283 0.275968 0.000565 0.011200
0 0.000776 0.271936 0.001552 0.010752
0 0.000318 0.276864 0.000637 0.010304
0 0.000512 0.273728 0.001024 0.012992
0 0.000575 0.273728 0.001151 0.012096
0 0.000618 0.273728 0.001235 0.012992
0 0.000696 0.273728 0.001392 0.012096
0 0.000736 0.272384 0.001473 0.010304
0 0.000680 0.170240 0.001360 0.011648
0 0.000760 0.217728 0.001520 0.013888
0 0.001039 0.632576 0.002078 0.012544
0 0.000883 0.048832 0.001766 0.011648
0 0.000563 0.087360 0.001125 0.016128
0 0.000621 0.106176 0.001243 0.014784
0 0.000675 0.103488 0.001349 0.013888
0 0.000679 0.068544 0.001359 0.012096
0 0.000829 0.101696 0.001658 0.014784
0 0.000879 0.102144 0.001757 0.015232
0 0.000832 0.046592 0.001664 0.010752
0 0.000390 0.070336 0.000779 0.014784
0 0.000691 0.050624 0.001382 0.012992
0 0.000649 0.050176 0.001297 0.013440
0 0.000482 0.052864 0.000965 0.011200
0 0.000458 0.053760 0.000915 0.014336
0 0.000411 0.052416 0.000822 0.009408
0 0.000331 0.051520 0.000662 0.009856
0 0.000495 0.070336 0.000990 0.013440
0 0.000276 0.102592 0.000551 0.012096
0 0.000804 0.188160 0.001609 0.015232
0 0.000441 0.136192 0.000883 0.013440
0 0.000858 0.151424 0.001716 0.012096
0 0.000970 0.124096 0.001939 0.014336
0 0.000788 0.133504 0.001576 0.014784
0 0.000607 0.134400 0.001214 0.014784
0 0.000562 0.137088 0.001124 0.013888
0 0.000489 0.135744 0.000979 0.014336
0 0.000388 0.137088 0.000775 0.013440
0 0.000312 0.107072 0.000624 0.013440
0 0.000304 0.136640 0.000607 0.013440
0 0.000259 0.137536 0.000519 0.010304
0 0.000223 0.138432 0.000447 0.013440
0 0.000449 0.107072 0.000897 0.013888
0 0.000402 0.107520 0.000805 0.014336
0 0.000355 0.105728 0.000711 0.013440
0 0.000617 0.304192 0.001233 0.011200
0 0.000658 0.303744 0.001315 0.011648
0 0.000697 0.303296 0.001395 0.012096
0 0.000722 0.480704 0.001444 0.015680
0 0.000833 0.598976 0.001667 0.019264
0 0.000573 0.599872 0.001146 0.009408
0 0.000100 0.597184 0.000200 0.009856
0 0.000146 0.570752 0.000292 0.014336
0 0.000286 0.527296 0.000571 0.006720
0 0.000652 0.512512 0.001304 0.010752
0 0.000781 0.480256 0.001561 0.011648
0 0.000944 0.629888 0.001888 0.012096
0 0.000835 0.481152 0.001671 0.013440
0 0.000945 0.478912 0.001890 0.014336
0 0.000942 0.447104 0.001884 0.011200
0 0.000885 0.450240 0.001770 0.009856
0 0.000803 0.423808 0.001606 0.015232
0 0.000457 0.483392 0.000914 0.011648
0 0.000883 0.600320 0.001767 0.012992
0 0.000803 0.634816 0.001606 0.028224
0 0.000739 0.302848 0.001478 0.012096
0 0.000434 0.903168 0.000869 0.015232
0 0.000965 0.599872 0.001931 0.018816
0 0.000220 0.839104 0.000441 0.015680
0 0.000229 0.903616 0.000458 0.010752
0 0.000236 0.917056 0.000471 0.015232
0 0.000257 0.952896 0.000514 0.023296
0 0.000139 0.917056 0.000277 0.015232
0 0.000366 0.950656 0.000732 0.009856
0 0.000124 0.751744 0.000248 0.015680
0 0.000229 0.878080 0.000458 0.010304
0 0.000226 0.864192 0.000451 0.014784
0 0.000221 0.800576 0.000442 0.010304
0 0.000219 0.788032 0.000438 0.012544
0 0.000215 0.775488 0.000430 0.008960
0 0.000124 0.806848 0.000248 0.012544
0 0.000397 0.483392 0.000793 0.010304
0 0.000349 0.482944 0.000698 0.011200
0 0.000346 0.454272 0.000693 0.013440
0 0.000718 0.387968 0.001436 0.015680
0 0.000525 0.388864 0.001050 0.012096
0 0.000573 0.389312 0.001146 0.009408
0 0.000641 0.390208 0.001283 0.012992
0 0.000679 0.358848 0.001359 0.015232
0 0.000705 0.358400 0.001410 0.008512
0 0.000748 0.356608 0.001496 0.011648
0 0.000761 0.387072 0.001522 0.012992
0 0.000235 0.484288 0.000469 0.011200
0 0.000793 0.386624 0.001587 0.012544
0 0.001004 0.397824 0.002008 0.013888
0 0.000870 0.357056 0.001740 0.011200
0 0.000823 0.345856 0.001646 0.008512
0 0.000816 0.302400 0.001632 0.012992
0 0.000780 0.303296 0.001560 0.012096
0 0.000482 0.388864 0.000965 0.011200
0 0.000486 0.361088 0.000972 0.008064
0 0.000454 0.360192 0.000907 0.010752
0 0.000413 0.390656 0.000826 0.013440
0 0.000422 0.359296 0.000844 0.008512
0 0.000396 0.360640 0.000793 0.011200
0 0.000367 0.359744 0.000734 0.008512
0 0.000337 0.360192 0.000675 0.008064
0 0.000332 0.390656 0.000664 0.009856
0 0.000309 0.360192 0.000618 0.008512
0 0.000286 0.360192 0.000572 0.009856
0 0.000300 0.390656 0.000601 0.010304
0 0.000168 0.381696 0.000335 0.013888
0 0.000169 0.421120 0.000338 0.012096
0 0.000093 0.508032 0.000185 0.011200
0 0.000173 0.519232 0.000347 0.012096
0 0.000237 0.452480 0.000474 0.013440
0 0.000242 0.054208 0.000485 0.012096
