0 0.000185 0.953344 0.000370 0.018368
0 0.001058 0.568512 0.002117 0.023744
0 0.000937 0.476224 0.001875 0.012544
0 0.000950 0.482496 0.001899 0.009856
0 0.000933 0.489664 0.001866 0.008512
0 0.000933 0.495488 0.001866 0.007616
0 0.000939 0.500864 0.001878 0.007168
0 0.000948 0.497280 0.001896 0.009408
0 0.001072 0.511616 0.002144 0.025984
0 0.000941 0.512064 0.001881 0.006720
0 0.000948 0.517888 0.001896 0.008960
0 0.000940 0.525952 0.001880 0.006272
0 0.000947 0.530432 0.001894 0.007168
0 0.000943 0.538048 0.001885 0.005824
0 0.000993 0.509376 0.001987 0.020160
0 0.000996 0.529536 0.001993 0.020608
0 0.000993 0.547904 0.001987 0.020160
0 0.000944 0.468160 0.001887 0.007168
0 0.000906 0.543424 0.001812 0.004480
0 0.000945 0.461888 0.001890 0.006272
0 0.000714 0.345856 0.001427 0.015232
0 0.000624 0.245056 0.001248 0.011648
0 0.000715 0.286720 0.001430 0.013440
0 0.000556 0.400960 0.001113 0.017472
0 0.000611 0.426048 0.001221 0.017024
0 0.000654 0.402304 0.001308 0.016576
0 0.000634 0.359744 0.001268 0.015680
0 0.000928 0.392448 0.001856 0.006720
0 0.000951 0.454272 0.001902 0.008512
0 0.000952 0.373632 0.001903 0.006720
0 0.000942 0.385728 0.001884 0.007168
0 0.000952 0.386176 0.001903 0.008960
0 0.000951 0.394240 0.001902 0.006272
0 0.000956 0.424704 0.001913 0.013440
0 0.000945 0.432768 0.001890 0.008064
0 0.001037 0.517888 0.002075 0.023744
0 0.001018 0.601664 0.002036 0.025536
0 0.000021 0.909440 0.000042 0.015232
0 0.000821 0.573888 0.001642 0.015680
0 0.000364 0.716352 0.000729 0.018368
0 0.000424 0.766976 0.000848 0.026880
0 0.000354 0.805952 0.000708 0.026880
0 0.000688 0.881216 0.001375 0.014784
0 0.000685 0.981568 0.001371 0.013440
0 0.000740 0.996352 0.001481 0.006272
0 0.000358 0.959168 0.000716 0.010752
0 0.000407 0.888384 0.000813 0.013440
0 0.000364 0.898688 0.000729 0.016576
0 0.000331 0.907648 0.000662 0.014784
0 0.000296 0.891072 0.000592 0.015680
0 0.000268 0.872704 0.000536 0.017024
0 0.000203 0.858816 0.000405 0.013888
0 0.000144 0.871808 0.000288 0.016576
0 0.000117 0.886144 0.000233 0.014336
0 0.000290 0.747712 0.000580 0.018368
0 0.000258 0.750848 0.000516 0.017024
0 0.000240 0.728000 0.000480 0.017024
0 0.000503 0.687680 0.001007 0.030464
0 0.000699 0.681408 0.001398 0.013888
0 0.000696 0.784448 0.001392 0.015680
0 0.000897 0.725312 0.001795 0.009856
0 0.000566 0.645568 0.001132 0.022400
0 0.000512 0.616448 0.001025 0.031808
0 0.000450 0.673344 0.000900 0.014336
0 0.000516 0.704256 0.001033 0.027328
0 0.000450 0.870912 0.000900 0.026432
0 0.000507 0.724416 0.001014 0.019712
0 0.000496 0.744576 0.000993 0.015680
0 0.000573 0.763840 0.001146 0.018816
0 0.000536 0.813120 0.001073 0.013888
0 0.000559 0.839104 0.001118 0.030912
0 0.000518 0.818048 0.001036 0.026432
0 0.000624 0.221312 0.001249 0.011200
