0 0.000487 0.788928 0.000975 0.021056
0 0.000546 0.379456 0.001093 0.021952
0 0.000323 0.410816 0.000646 0.023296
0 0.000328 0.437696 0.000656 0.030016
0 0.000324 0.459648 0.000647 0.020160
0 0.000327 0.483392 0.000655 0.022848
0 0.000340 0.506240 0.000681 0.021504
0 0.000345 0.562688 0.000690 0.030464
0 0.000328 0.611072 0.000657 0.014784
0 0.000332 0.635712 0.000664 0.021504
0 0.000331 0.668416 0.000662 0.020160
0 0.000536 0.255808 0.001071 0.022848
0 0.000538 0.276864 0.001076 0.021504
0 0.000543 0.307328 0.001086 0.021504
0 0.000540 0.332416 0.001080 0.021056
0 0.000544 0.355264 0.001088 0.022400
0 0.000546 0.403200 0.001093 0.022400
0 0.000317 0.361984 0.000635 0.018368
0 0.000546 0.432768 0.001092 0.021952
0 0.000548 0.456064 0.001096 0.022400
0 0.000553 0.585536 0.001107 0.021952
0 0.000558 0.609728 0.001115 0.023296
0 0.000557 0.639744 0.001115 0.022400
0 0.000559 0.664832 0.001118 0.022848
0 0.000558 0.688576 0.001117 0.021056
0 0.000560 0.723520 0.001119 0.017024
0 0.000560 0.745472 0.001121 0.021504
0 0.000555 0.764736 0.001109 0.013888
0 0.000556 0.781312 0.001112 0.012992
0 0.000523 0.814464 0.001045 0.014784
0 0.000521 0.830592 0.001042 0.013888
0 0.000522 0.848512 0.001045 0.012544
0 0.000319 0.384832 0.000638 0.020160
0 0.000319 0.337344 0.000637 0.021056
0 0.000416 0.687680 0.000831 0.021056
0 0.000126 0.775488 0.000251 0.021504
0 0.000097 0.331072 0.000193 0.017024
0 0.000098 0.353920 0.000197 0.018368
0 0.000139 0.468160 0.000277 0.023744
0 0.000102 0.443968 0.000204 0.019264
0 0.000159 0.405888 0.000319 0.022848
0 0.000203 0.417088 0.000407 0.032256
0 0.000200 0.495040 0.000400 0.021504
0 0.000111 0.631680 0.000222 0.018816
0 0.000113 0.655424 0.000226 0.013888
0 0.000111 0.685440 0.000223 0.014336
0 0.000114 0.708288 0.000228 0.012992
0 0.000116 0.731584 0.000232 0.018368
0 0.000111 0.753984 0.000223 0.020608
0 0.000216 0.676032 0.000433 0.027328
0 0.000217 0.957376 0.000433 0.017920
0 0.000261 0.633024 0.000522 0.033152
0 0.000254 0.954240 0.000508 0.020608
0 0.000282 0.952000 0.000564 0.019264
0 0.000317 0.952000 0.000634 0.021056
0 0.000403 0.048832 0.000807 0.021952
0 0.000242 0.316736 0.000483 0.022400
0 0.000241 0.339584 0.000482 0.021504
0 0.000243 0.362880 0.000485 0.021504
0 0.000242 0.387072 0.000483 0.020160
0 0.000246 0.440384 0.000493 0.021504
0 0.000245 0.464576 0.000489 0.019712
0 0.000256 0.509824 0.000511 0.036736
0 0.000252 0.564928 0.000505 0.024640
0 0.000252 0.588224 0.000505 0.021504
0 0.000256 0.610176 0.000513 0.028224
0 0.000560 0.866880 0.001121 0.018368
0 0.000561 0.886144 0.001123 0.017920
0 0.000562 0.904512 0.001125 0.017920
0 0.000959 0.933632 0.001919 0.021952
0 0.000641 0.296576 0.001282 0.021504
0 0.000642 0.247296 0.001284 0.027776
0 0.000975 0.314496 0.001949 0.030464
0 0.000985 0.357504 0.001970 0.028672
0 0.000987 0.428736 0.001974 0.030912
0 0.000984 0.450240 0.001968 0.021504
0 0.000995 0.546112 0.001989 0.032256
0 0.000988 0.572544 0.001977 0.020608
0 0.000989 0.595392 0.001979 0.020608
0 0.001000 0.644224 0.002001 0.030016
0 0.000987 0.690816 0.001974 0.019264
0 0.000996 0.667072 0.001992 0.020160
0 0.000911 0.686336 0.001822 0.030464
0 0.000934 0.930496 0.001867 0.029120
0 0.000999 0.789824 0.001998 0.011648
0 0.000583 0.915264 0.001167 0.017024
0 0.000982 0.790720 0.001965 0.012096
0 0.000907 0.844928 0.001813 0.020160
0 0.000965 0.791168 0.001931 0.011648
0 0.000950 0.791616 0.001899 0.011648
0 0.000932 0.792512 0.001863 0.011648
0 0.000915 0.792960 0.001830 0.012544
0 0.000899 0.793856 0.001797 0.012992
0 0.000883 0.794304 0.001766 0.012992
0 0.000867 0.752192 0.001733 0.016576
0 0.000883 0.751296 0.001766 0.016576
0 0.000899 0.750400 0.001798 0.014784
0 0.000918 0.765184 0.001836 0.016576
0 0.000916 0.750400 0.001831 0.014784
0 0.000934 0.764736 0.001868 0.015680
0 0.000641 0.322560 0.001283 0.021056
0 0.000642 0.353920 0.001284 0.022400
0 0.000644 0.380352 0.001288 0.020160
0 0.000648 0.405888 0.001297 0.022848
0 0.000604 0.903616 0.001207 0.015680
0 0.000607 0.931840 0.001214 0.021952
0 0.000624 0.908544 0.001249 0.017024
0 0.000629 0.841792 0.001257 0.017024
0 0.000651 0.889728 0.001302 0.015680
0 0.000655 0.904064 0.001310 0.020160
0 0.000654 0.918848 0.001308 0.021056
0 0.000666 0.918400 0.001332 0.018368
0 0.000676 0.919744 0.001352 0.021504
0 0.000688 0.908544 0.001376 0.016576
0 0.000695 0.894208 0.001389 0.013440
0 0.000694 0.877632 0.001387 0.013440
0 0.000692 0.846272 0.001383 0.013440
0 0.000687 0.830144 0.001374 0.012096
0 0.000724 0.806400 0.001447 0.020160
0 0.000661 0.797888 0.001322 0.013440
0 0.000661 0.779968 0.001323 0.016576
0 0.000658 0.761600 0.001317 0.015232
0 0.000657 0.742336 0.001315 0.015680
0 0.000748 0.722624 0.001496 0.024192
0 0.000654 0.703360 0.001307 0.014784
0 0.000653 0.684992 0.001305 0.014784
0 0.000660 0.662592 0.001320 0.021504
0 0.000659 0.632576 0.001317 0.021952
0 0.000707 0.602112 0.001414 0.023296
0 0.000750 0.653184 0.001500 0.022400
0 0.000746 0.594496 0.001491 0.019264
0 0.000794 0.551936 0.001588 0.009856
0 0.000655 0.481600 0.001311 0.038528
0 0.000096 0.307328 0.000192 0.018816
