0 0.002846 0.425152 0.003236 0.008960
0 0.000600 0.481600 0.001199 0.019712
0 0.000818 0.382144 0.001636 0.017472
0 0.000866 0.390208 0.001733 0.013440
0 0.000838 0.433216 0.001676 0.020608
0 0.000765 0.386176 0.001530 0.020608
0 0.000735 0.406784 0.001469 0.012544
0 0.000713 0.426944 0.001426 0.012096
0 0.000692 0.448000 0.001385 0.011648
0 0.000739 0.457408 0.001478 0.010304
0 0.000734 0.466816 0.001468 0.011200
0 0.000759 0.500416 0.001519 0.011200
0 0.000667 0.484736 0.001335 0.022400
0 0.000632 0.520576 0.001263 0.010304
0 0.000387 0.506240 0.000775 0.021504
0 0.000371 0.522816 0.000743 0.022400
0 0.000358 0.539840 0.000716 0.020608
0 0.000335 0.556416 0.000670 0.019264
0 0.000412 0.554176 0.000824 0.022400
0 0.000539 0.539392 0.001077 0.009856
0 0.000662 0.609728 0.001323 0.017920
0 0.000584 0.566720 0.001168 0.019264
0 0.000504 0.577472 0.001008 0.011648
0 0.000494 0.585984 0.000987 0.010304
0 0.000453 0.600320 0.000906 0.010304
0 0.000359 0.617792 0.000718 0.011200
0 0.000298 0.628096 0.000597 0.010752
0 0.000637 0.447552 0.001274 0.020608
0 0.000601 0.434560 0.001203 0.012992
0 0.000314 0.646464 0.000629 0.012544
0 0.000589 0.395136 0.001177 0.019264
0 0.000956 0.017472 0.001913 0.018368
0 0.000937 0.035840 0.001873 0.017920
0 0.000969 0.064960 0.001937 0.020160
0 0.000918 0.123648 0.001837 0.023744
0 0.001072 0.142912 0.002143 0.021056
0 0.001021 0.175616 0.002042 0.010752
0 0.000813 0.233856 0.001627 0.012544
0 0.000775 0.267904 0.001550 0.021056
0 0.000785 0.298816 0.001571 0.017472
0 0.000972 0.223104 0.001944 0.008960
0 0.000951 0.275968 0.001903 0.020608
0 0.001032 0.264320 0.002064 0.010752
0 0.001084 0.289408 0.002168 0.012544
0 0.000893 0.302848 0.001786 0.016576
0 0.000878 0.318976 0.001757 0.017472
0 0.000816 0.320768 0.001632 0.011200
0 0.000850 0.346752 0.001700 0.017472
0 0.000749 0.331520 0.001498 0.015232
0 0.000721 0.366464 0.001442 0.019264
0 0.000682 0.362432 0.001364 0.016576
0 0.000510 0.363328 0.001019 0.019712
0 0.000527 0.346304 0.001054 0.020160
0 0.000322 0.440384 0.000644 0.008960
0 0.000347 0.431872 0.000694 0.018816
0 0.000365 0.412160 0.000730 0.018816
0 0.000216 0.675584 0.000433 0.009856
0 0.000349 0.641088 0.000699 0.021952
0 0.002823 0.421568 0.003283 0.008960
0 0.000347 0.828800 0.000694 0.017472
0 0.001068 0.930496 0.002135 0.017920
0 0.001102 0.922880 0.002205 0.014784
0 0.001082 0.894208 0.002164 0.018368
0 0.001114 0.886592 0.002229 0.020160
0 0.001113 0.957824 0.002226 0.007616
0 0.000225 0.939456 0.000451 0.011200
0 0.000261 0.945280 0.000523 0.010752
0 0.000483 0.594496 0.000966 0.009408
0 0.000467 0.386624 0.000935 0.007616
0 0.000200 0.856128 0.000401 0.022400
0 0.000176 0.876288 0.000352 0.014336
0 0.000655 0.552832 0.001311 0.017024
0 0.000398 0.611520 0.000796 0.016576
0 0.000408 0.631680 0.000816 0.018816
0 0.000446 0.625408 0.000893 0.020608
0 0.000433 0.605248 0.000865 0.017024
0 0.002843 0.381248 0.003242 0.008512
0 0.002867 0.383936 0.003194 0.007616
0 0.002888 0.386624 0.003153 0.007616
0 0.002830 0.385280 0.003268 0.004928
0 0.002828 0.394240 0.003272 0.010304
0 0.002857 0.398720 0.003215 0.009408
0 0.002816 0.404992 0.003297 0.010304
0 0.002842 0.408128 0.003244 0.011200
0 0.002800 0.418880 0.003329 0.008960
0 0.000294 0.835968 0.000589 0.022400
0 0.000329 0.844032 0.000659 0.017024
0 0.000625 0.650048 0.001250 0.022400
0 0.000311 0.864192 0.000621 0.018816
0 0.000431 0.669760 0.000863 0.019712
0 0.000387 0.670208 0.000775 0.014784
0 0.000353 0.675584 0.000706 0.011200
0 0.000329 0.681856 0.000659 0.017920
0 0.000291 0.689024 0.000581 0.017472
0 0.000170 0.726656 0.000340 0.011648
0 0.000175 0.752192 0.000349 0.010304
0 0.000197 0.763392 0.000394 0.015680
0 0.000240 0.758464 0.000479 0.018368
0 0.000264 0.741440 0.000527 0.015680
0 0.000336 0.730240 0.000671 0.018368
0 0.000353 0.707392 0.000706 0.019264
0 0.000382 0.702912 0.000765 0.022400
0 0.000350 0.755328 0.000700 0.012544
0 0.000325 0.776832 0.000650 0.017920
0 0.000301 0.768320 0.000602 0.024640
0 0.000226 0.792512 0.000452 0.011648
0 0.000259 0.807744 0.000518 0.018816
0 0.000160 0.891968 0.000321 0.016128
0 0.000119 0.922432 0.000238 0.009856
0 0.000117 0.939008 0.000234 0.019264
0 0.000081 0.971264 0.000163 0.016128
0 0.000240 0.966784 0.000480 0.009856
0 0.000214 0.950208 0.000428 0.011648
0 0.000283 0.885248 0.000566 0.015232
0 0.000652 0.021056 0.001304 0.012544
