0 0.003807 0.731136 0.005780 0.094080
0 0.004009 0.695744 0.005374 0.120960
0 0.004728 0.933632 0.008400 0.036288
0 0.004726 0.883456 0.008406 0.036288
0 0.004722 0.818496 0.008413 0.036736
0 0.004719 0.767872 0.008418 0.036736
0 0.004717 0.710976 0.008424 0.035392
0 0.004714 0.661248 0.008428 0.035392
0 0.004593 0.826112 0.008671 0.034496
0 0.004591 0.776384 0.008676 0.035392
0 0.004560 0.718144 0.008737 0.034496
0 0.004557 0.667968 0.008743 0.035392
0 0.006906 0.228032 0.012974 0.250432
0 0.015292 0.250880 0.027451 0.193088
0 0.014807 0.227584 0.028422 0.149632
