0 0.011326 0.587776 0.021991 0.024640
0 0.011175 0.027776 0.022292 0.014336
0 0.010663 0.730688 0.018852 0.046592
0 0.010580 0.730688 0.019019 0.044352
0 0.010780 0.856576 0.018618 0.047488
0 0.010546 0.731584 0.019086 0.045248
0 0.010465 0.737408 0.019249 0.043456
0 0.010435 0.739648 0.019308 0.045248
0 0.010404 0.730688 0.019370 0.040320
0 0.010350 0.736512 0.019479 0.043456
0 0.010233 0.733376 0.019713 0.043456
0 0.010203 0.737408 0.019772 0.041216
0 0.010176 0.734720 0.019826 0.047488
0 0.011290 0.239680 0.022062 0.018816
0 0.011556 0.237440 0.021531 0.020608
0 0.011324 0.239680 0.021995 0.018816
0 0.011317 0.261184 0.022008 0.016576
0 0.011280 0.263424 0.022083 0.018816
0 0.011236 0.263424 0.022171 0.016576
0 0.011255 0.263424 0.022133 0.016576
0 0.011340 0.264320 0.021962 0.024640
0 0.011363 0.262528 0.021916 0.018816
0 0.011435 0.239232 0.021774 0.019712
0 0.011443 0.265664 0.021757 0.020608
0 0.011485 0.263872 0.021674 0.021504
0 0.011491 0.238784 0.021661 0.018816
0 0.010722 0.731584 0.018735 0.045248
0 0.010749 0.728448 0.018681 0.034944
0 0.010346 0.669760 0.019487 0.042560
0 0.010375 0.670656 0.019429 0.039424
0 0.010249 0.156352 0.019680 0.011200
0 0.010450 0.135744 0.019278 0.019712
0 0.010444 0.155008 0.019291 0.010304
0 0.010546 0.116928 0.019086 0.016576
0 0.010354 0.333312 0.019471 0.034048
0 0.010567 0.340480 0.019044 0.013440
0 0.010703 0.382144 0.018773 0.041216
0 0.010728 0.392448 0.018722 0.037184
0 0.010726 0.412608 0.018727 0.036288
0 0.010724 0.435456 0.018731 0.038080
0 0.010724 0.471744 0.018731 0.038080
0 0.010745 0.667520 0.018689 0.041216
0 0.010720 0.665728 0.018739 0.031808
0 0.010667 0.670656 0.018844 0.041216
0 0.010634 0.667520 0.018911 0.043456
0 0.010576 0.667968 0.019028 0.042560
0 0.010546 0.668416 0.019086 0.039424
0 0.010515 0.667968 0.019149 0.040320
0 0.010490 0.671104 0.019199 0.040320
0 0.010463 0.669760 0.019253 0.042560
0 0.010479 0.551040 0.019220 0.042560
0 0.010440 0.551040 0.019299 0.042560
0 0.010404 0.671552 0.019370 0.041216
0 0.011520 0.238784 0.021602 0.020608
0 0.011614 0.238336 0.021414 0.021504
0 0.011322 0.670656 0.022000 0.020608
0 0.012216 0.980224 0.020211 0.020608
0 0.011729 0.485632 0.021184 0.020608
0 0.011746 0.499968 0.021151 0.020608
0 0.011729 0.529536 0.021184 0.023744
0 0.011725 0.545664 0.021193 0.024640
0 0.011708 0.557312 0.021226 0.027776
0 0.011658 0.809088 0.021327 0.012544
0 0.011633 0.732032 0.021377 0.025984
0 0.011729 0.810432 0.021184 0.011200
0 0.012126 0.937664 0.020390 0.009408
0 0.012124 0.949760 0.020394 0.009408
0 0.012124 0.968128 0.020394 0.010304
0 0.011405 0.824768 0.021832 0.021504
0 0.011274 0.299712 0.022096 0.008064
0 0.011368 0.826112 0.021908 0.019712
0 0.011336 0.824768 0.021970 0.021504
0 0.011320 0.828352 0.022004 0.020608
0 0.011299 0.829248 0.022046 0.021504
0 0.011460 0.620032 0.021724 0.014336
0 0.011432 0.667968 0.021778 0.021504
0 0.011432 0.730688 0.021778 0.023744
0 0.011399 0.729344 0.021845 0.020608
0 0.011401 0.667968 0.021841 0.023744
0 0.011374 0.671552 0.021895 0.026880
0 0.011347 0.673344 0.021949 0.026880
0 0.011733 0.474880 0.021176 0.021504
0 0.011848 0.350336 0.020946 0.018816
0 0.011798 0.363328 0.021047 0.023744
0 0.011169 0.435456 0.022305 0.009408
0 0.011274 0.310016 0.022096 0.008064
0 0.011284 0.321216 0.022075 0.008064
0 0.011280 0.333760 0.022083 0.010304
0 0.011650 0.238336 0.021343 0.019712
0 0.011675 0.240128 0.021293 0.019712
0 0.011712 0.239232 0.021218 0.019712
0 0.011740 0.241024 0.021164 0.017472
0 0.011673 0.265664 0.021297 0.022848
0 0.011715 0.264320 0.021214 0.020608
0 0.011733 0.263872 0.021176 0.021504
0 0.011792 0.177856 0.021059 0.012544
0 0.011884 0.094528 0.020875 0.013440
0 0.011888 0.081984 0.020867 0.011200
0 0.011773 0.236992 0.021097 0.021504
0 0.011512 0.297024 0.021619 0.009408
0 0.011167 0.362432 0.022309 0.010304
0 0.011165 0.350784 0.022313 0.009408
0 0.011169 0.372288 0.022305 0.009408
0 0.011169 0.383488 0.022305 0.010304
0 0.011167 0.392448 0.022309 0.010304
0 0.011167 0.403200 0.022309 0.009408
0 0.011167 0.413056 0.022309 0.010304
0 0.011167 0.425600 0.022309 0.010304
0 0.010316 0.128128 0.019546 0.016576
