0 0.005062 0.923776 0.007734 0.078848
0 0.005020 0.431872 0.007817 0.078848
0 0.004613 0.314496 0.008631 0.077952
0 0.004814 0.314496 0.008229 0.077952
0 0.004786 0.366912 0.008285 0.077952
0 0.004576 0.391104 0.008706 0.077952
0 0.004548 0.443520 0.008761 0.077952
0 0.004508 0.520128 0.008840 0.078848
0 0.004481 0.572096 0.008896 0.077952
0 0.004746 0.442624 0.008364 0.077952
0 0.004719 0.495936 0.008419 0.078848
0 0.004682 0.572544 0.008494 0.076608
0 0.004654 0.624064 0.008549 0.078848
0 0.004990 0.483840 0.007877 0.079744
0 0.005090 0.871360 0.007676 0.076608
0 0.004953 0.560448 0.007951 0.077952
0 0.004924 0.612864 0.008009 0.077952
0 0.004896 0.665728 0.008064 0.077952
0 0.005097 0.665280 0.007662 0.076608
0 0.005130 0.594496 0.007596 0.076608
0 0.004616 0.699776 0.008626 0.078848
0 0.004587 0.753088 0.008684 0.077952
0 0.004550 0.829248 0.008758 0.078848
0 0.004522 0.881216 0.008813 0.077952
0 0.005068 0.717248 0.007720 0.077952
0 0.005117 0.818496 0.007624 0.076608
0 0.004642 0.262528 0.008574 0.076608
