0 0.010901 0.702016 0.018378 0.038976
0 0.010675 0.439040 0.018829 0.038976
0 0.010590 0.537600 0.018999 0.038080
0 0.010679 0.535808 0.018821 0.038976
0 0.010680 0.517440 0.018818 0.041216
0 0.010584 0.495040 0.019010 0.040320
0 0.010686 0.501760 0.018808 0.038080
0 0.010577 0.454272 0.019024 0.036736
0 0.010577 0.434560 0.019024 0.038976
0 0.010677 0.458752 0.018824 0.041216
0 0.010673 0.418880 0.018832 0.042560
0 0.010590 0.573440 0.018999 0.038080
0 0.010666 0.359744 0.018846 0.038976
0 0.010664 0.338240 0.018851 0.038976
0 0.010668 0.319424 0.018843 0.038976
0 0.010661 0.295680 0.018857 0.038976
0 0.010654 0.233856 0.018871 0.038976
0 0.010639 0.187712 0.018901 0.040320
0 0.010640 0.169344 0.018898 0.038976
0 0.010644 0.152320 0.018890 0.038976
0 0.010587 0.553728 0.019005 0.040320
0 0.010740 0.095872 0.018698 0.034944
0 0.010572 0.372288 0.019035 0.040320
0 0.010844 0.143360 0.018490 0.034944
0 0.010777 0.409024 0.018624 0.033600
0 0.010770 0.385280 0.018638 0.040320
0 0.010851 0.362432 0.018476 0.038080
0 0.010870 0.331072 0.018438 0.035840
0 0.010847 0.280000 0.018484 0.035840
0 0.010847 0.202496 0.018484 0.033600
0 0.010844 0.182784 0.018490 0.032704
0 0.010844 0.162176 0.018490 0.034944
0 0.010848 0.124544 0.018482 0.035840
0 0.010747 0.120064 0.018684 0.035840
0 0.010846 0.104384 0.018487 0.032704
0 0.010848 0.086016 0.018482 0.034944
0 0.010848 0.068096 0.018482 0.035840
0 0.010753 0.237440 0.018673 0.040320
0 0.010764 0.222208 0.018651 0.038080
0 0.010751 0.180096 0.018676 0.035840
0 0.010751 0.160384 0.018676 0.035840
0 0.010751 0.141120 0.018676 0.034944
0 0.010568 0.389312 0.019043 0.038976
0 0.010576 0.357056 0.019027 0.040320
0 0.010987 0.677376 0.018205 0.038976
0 0.010380 0.472640 0.019418 0.038976
0 0.010449 0.236544 0.019281 0.038080
0 0.010455 0.219968 0.019268 0.038080
0 0.010451 0.198464 0.019276 0.038080
0 0.010394 0.597632 0.019391 0.034944
0 0.010390 0.576576 0.019399 0.035840
0 0.010399 0.562688 0.019380 0.033600
0 0.010390 0.517888 0.019399 0.038080
0 0.010384 0.496384 0.019410 0.038080
0 0.010391 0.460992 0.019396 0.036736
0 0.010464 0.300160 0.019251 0.038976
0 0.010386 0.437696 0.019407 0.038080
0 0.010380 0.417984 0.019418 0.035840
0 0.010377 0.375872 0.019424 0.032704
0 0.010375 0.354368 0.019429 0.030464
0 0.010371 0.314496 0.019437 0.040320
0 0.011484 0.287616 0.021675 0.022848
0 0.011484 0.269696 0.021675 0.023744
0 0.011487 0.251776 0.021670 0.020608
0 0.010454 0.257600 0.019270 0.038976
0 0.010461 0.318080 0.019257 0.038080
0 0.010561 0.326144 0.019057 0.038976
0 0.010495 0.570752 0.019188 0.041216
0 0.010561 0.308672 0.019057 0.038976
0 0.010566 0.291648 0.019046 0.040320
0 0.010561 0.270144 0.019057 0.042560
0 0.010560 0.252224 0.019059 0.041216
0 0.010555 0.229824 0.019068 0.040320
0 0.010536 0.179200 0.019106 0.038976
0 0.010538 0.159040 0.019103 0.040320
0 0.010484 0.584192 0.019210 0.040320
0 0.010499 0.554176 0.019180 0.041216
0 0.010473 0.362880 0.019232 0.038976
0 0.010494 0.528640 0.019191 0.040320
0 0.010483 0.504896 0.019213 0.040320
0 0.010484 0.487872 0.019210 0.038976
0 0.010486 0.467712 0.019207 0.040320
0 0.010484 0.446656 0.019210 0.038976
0 0.010486 0.429184 0.019207 0.038976
0 0.010477 0.404992 0.019224 0.040320
0 0.010476 0.383488 0.019227 0.038976
0 0.010775 0.448448 0.018629 0.038080
0 0.010775 0.464576 0.018629 0.038080
0 0.010780 0.508480 0.018619 0.038976
0 0.010427 0.833280 0.019325 0.035840
0 0.010939 0.164864 0.018301 0.035840
0 0.010939 0.143808 0.018301 0.033600
0 0.010946 0.129472 0.018287 0.034944
0 0.010947 0.110656 0.018284 0.036736
0 0.010948 0.092736 0.018282 0.035840
0 0.010421 0.895552 0.019336 0.038976
0 0.010435 0.876736 0.019309 0.035840
0 0.010434 0.858368 0.019311 0.035840
0 0.010425 0.811776 0.019328 0.034944
0 0.010940 0.203392 0.018298 0.032704
0 0.010425 0.792512 0.019328 0.034944
0 0.010423 0.771904 0.019333 0.036736
0 0.010424 0.751744 0.019331 0.035840
0 0.010409 0.725760 0.019361 0.035840
0 0.010410 0.707392 0.019358 0.036736
0 0.010417 0.691264 0.019344 0.036736
0 0.010423 0.675136 0.019333 0.034944
0 0.010539 0.965888 0.019101 0.038080
0 0.010939 0.184128 0.018301 0.033600
0 0.010942 0.223552 0.018295 0.033600
0 0.010787 0.550144 0.018605 0.038976
0 0.010974 0.420224 0.018230 0.031360
0 0.010988 0.643328 0.018202 0.038976
0 0.010992 0.623168 0.018194 0.040320
0 0.010888 0.614208 0.018402 0.038976
0 0.010877 0.532672 0.018424 0.038976
0 0.010979 0.523712 0.018221 0.038976
0 0.010977 0.500416 0.018224 0.033600
0 0.010979 0.484288 0.018221 0.038080
0 0.010977 0.461440 0.018224 0.033600
0 0.010966 0.375872 0.018246 0.030464
0 0.010944 0.243264 0.018290 0.034944
0 0.010968 0.356160 0.018243 0.027328
0 0.010847 0.243264 0.018484 0.034944
0 0.010847 0.225344 0.018484 0.033600
0 0.010854 0.265664 0.018471 0.033600
0 0.010974 0.339136 0.018230 0.030464
0 0.010947 0.303744 0.018284 0.033600
0 0.010944 0.285376 0.018290 0.031360
0 0.010944 0.263424 0.018290 0.033600
0 0.010538 0.946176 0.019103 0.038080
0 0.010539 0.929152 0.019101 0.038976
0 0.010534 0.904512 0.019112 0.038976
0 0.010706 0.649600 0.018766 0.042560
0 0.010725 0.853888 0.018728 0.040320
0 0.010729 0.838208 0.018720 0.038976
0 0.010712 0.770112 0.018755 0.040320
0 0.010709 0.748160 0.018761 0.040320
0 0.010709 0.729792 0.018761 0.040320
0 0.010710 0.711424 0.018758 0.040320
0 0.010707 0.691712 0.018764 0.038080
0 0.010703 0.667968 0.018772 0.040320
0 0.010818 0.842240 0.018542 0.038976
0 0.010535 0.882560 0.019109 0.041216
0 0.010814 0.798784 0.018550 0.038976
0 0.010820 0.782656 0.018539 0.041216
0 0.010825 0.749952 0.018528 0.041216
0 0.010809 0.701568 0.018561 0.040320
0 0.010803 0.675584 0.018572 0.038080
0 0.010795 0.651840 0.018588 0.038080
0 0.010794 0.629440 0.018591 0.038976
0 0.010796 0.611520 0.018586 0.040320
0 0.010725 0.874048 0.018728 0.038976
0 0.010724 0.893312 0.018731 0.038976
0 0.010609 0.663936 0.018961 0.036736
0 0.010603 0.680064 0.018972 0.038080
0 0.010539 0.866432 0.019101 0.041216
0 0.010521 0.818496 0.019136 0.041216
0 0.010527 0.801024 0.019125 0.038976
0 0.010527 0.783104 0.019125 0.040320
0 0.010523 0.762048 0.019133 0.038976
0 0.010525 0.745024 0.019128 0.040320
0 0.010516 0.718592 0.019147 0.041216
0 0.010510 0.695296 0.019158 0.040320
0 0.010505 0.671104 0.019169 0.040320
0 0.010505 0.651840 0.019169 0.040320
0 0.010633 0.869120 0.018912 0.042560
0 0.010633 0.849856 0.018912 0.041216
0 0.010624 0.826112 0.018931 0.038976
0 0.010627 0.791168 0.018925 0.038976
0 0.010624 0.769664 0.018931 0.038976
0 0.010624 0.746368 0.018931 0.038080
0 0.010603 0.698432 0.018972 0.035840
0 0.010262 0.334656 0.019654 0.038976
