0 0.011562 0.534016 0.021519 0.040768
0 0.010613 0.354816 0.018953 0.079296
0 0.010652 0.533568 0.018875 0.086016
0 0.010544 0.547008 0.019091 0.088256
0 0.010468 0.540288 0.019243 0.026432
0 0.010816 0.331968 0.018546 0.064064
0 0.010803 0.294336 0.018573 0.079296
0 0.010793 0.200256 0.018593 0.069440
0 0.010791 0.160832 0.018597 0.079296
0 0.010751 0.177408 0.018676 0.101248
0 0.010729 0.165312 0.018720 0.094976
0 0.010694 0.169792 0.018791 0.088256
0 0.010671 0.154560 0.018836 0.070784
0 0.010647 0.140672 0.018884 0.064960
0 0.010618 0.164864 0.018943 0.069440
0 0.010634 0.346304 0.018911 0.083776
0 0.010588 0.350784 0.019002 0.050624
0 0.012099 0.884800 0.020446 0.054208
0 0.010570 0.179648 0.019039 0.077056
0 0.010541 0.167104 0.019096 0.071680
0 0.010548 0.353920 0.019083 0.094976
0 0.010522 0.183232 0.019135 0.072576
0 0.010489 0.174272 0.019201 0.083776
0 0.010518 0.377664 0.019142 0.095872
0 0.010471 0.379904 0.019237 0.076160
0 0.010446 0.384384 0.019287 0.073920
0 0.010454 0.169792 0.019270 0.064064
0 0.010430 0.172480 0.019318 0.062720
0 0.010405 0.167552 0.019368 0.079296
0 0.010386 0.383488 0.019407 0.092736
0 0.010363 0.390208 0.019453 0.086016
0 0.010348 0.176960 0.019483 0.086912
0 0.010706 0.537152 0.018767 0.088256
0 0.010737 0.526848 0.018705 0.092736
0 0.010821 0.695296 0.018536 0.089152
0 0.010844 0.689024 0.018490 0.099008
0 0.012060 0.885696 0.020523 0.049728
0 0.012037 0.884352 0.020569 0.050624
0 0.012023 0.887936 0.020598 0.049728
0 0.012004 0.885696 0.020635 0.043008
0 0.011987 0.887936 0.020668 0.040768
0 0.011956 0.952000 0.020731 0.056448
0 0.011947 0.896448 0.020749 0.037632
0 0.011934 0.892416 0.020775 0.040768
0 0.011915 0.892416 0.020812 0.043008
0 0.011914 0.944384 0.020815 0.045248
0 0.011897 0.896896 0.020849 0.036288
0 0.011608 0.923776 0.021427 0.050624
0 0.011479 0.971712 0.021685 0.047488
0 0.011463 0.887040 0.021717 0.047488
0 0.011516 0.532672 0.021611 0.048384
0 0.011946 0.617792 0.020751 0.021056
0 0.012197 0.189504 0.020248 0.039872
0 0.011267 0.392448 0.022109 0.030912
0 0.011270 0.362880 0.022104 0.021952
0 0.010163 0.454272 0.019853 0.030912
0 0.010996 0.635712 0.018186 0.067200
0 0.010976 0.642880 0.018227 0.061824
0 0.010978 0.741888 0.018224 0.097216
0 0.010953 0.648256 0.018273 0.074816
0 0.010934 0.668864 0.018311 0.049728
0 0.010929 0.743232 0.018321 0.072576
0 0.010908 0.742336 0.018362 0.064960
0 0.010910 0.657216 0.018359 0.083776
0 0.010885 0.686336 0.018408 0.086912
0 0.010283 0.202944 0.019613 0.081536
