0 0.012171 0.137088 0.020301 0.072128
0 0.010400 0.147840 0.019378 0.199360
0 0.010084 0.599872 0.020011 0.199360
0 0.010125 0.631232 0.019928 0.199360
0 0.010165 0.669312 0.019850 0.199360
0 0.010208 0.704256 0.019763 0.202048
0 0.010251 0.733376 0.019677 0.202048
0 0.010363 0.633472 0.019453 0.156352
0 0.010298 0.762048 0.019582 0.202048
0 0.010335 0.799232 0.019508 0.204288
0 0.010379 0.824320 0.019421 0.202048
0 0.010420 0.848512 0.019339 0.197120
0 0.010357 0.121408 0.019464 0.204288
0 0.010432 0.205632 0.019315 0.199360
0 0.012179 0.086464 0.020286 0.067200
0 0.010477 0.237888 0.019225 0.197120
0 0.010520 0.267904 0.019138 0.199360
0 0.010557 0.301504 0.019064 0.194880
0 0.010603 0.336448 0.018973 0.197120
0 0.010642 0.372736 0.018895 0.197120
0 0.010681 0.413504 0.018816 0.197120
0 0.010738 0.419328 0.018702 0.204288
0 0.010783 0.452032 0.018612 0.197120
0 0.010821 0.487872 0.018537 0.202048
0 0.010874 0.516992 0.018431 0.192192
0 0.011621 0.909888 0.021402 0.089152
0 0.010333 0.290752 0.019512 0.158592
