0 0.011414 0.332864 0.021814 0.101248
0 0.010924 0.448896 0.018331 0.139776
0 0.010535 0.645568 0.019108 0.132160
0 0.010582 0.627200 0.019015 0.118720
0 0.010610 0.595840 0.018958 0.136640
0 0.010650 0.578816 0.018879 0.137984
0 0.010685 0.555520 0.018808 0.139776
0 0.010723 0.190848 0.018733 0.155904
0 0.010732 0.539392 0.018714 0.133952
0 0.010770 0.522368 0.018639 0.132160
0 0.010807 0.503104 0.018564 0.135296
0 0.010845 0.486528 0.018488 0.135296
0 0.010885 0.466368 0.018410 0.133952
0 0.010965 0.427840 0.018248 0.136640
0 0.011163 0.463680 0.022318 0.065408
0 0.010950 0.135744 0.018278 0.120512
0 0.011170 0.287616 0.022303 0.051968
0 0.011270 0.299264 0.022103 0.046144
0 0.011501 0.257152 0.021641 0.068544
0 0.011685 0.024640 0.021273 0.048832
0 0.011495 0.765184 0.021653 0.092288
0 0.011422 0.794304 0.021799 0.090496
0 0.011213 0.612864 0.022216 0.073024
0 0.011204 0.571200 0.022235 0.066752
0 0.011185 0.537152 0.022273 0.069888
0 0.011178 0.499968 0.022288 0.064064
0 0.010415 0.700672 0.019349 0.132160
