0 0.012260 0.524160 0.020124 0.047040
0 0.010553 0.465920 0.019073 0.103488
0 0.010492 0.202048 0.019194 0.078848
0 0.010470 0.209664 0.019238 0.076160
0 0.010447 0.219072 0.019285 0.081088
0 0.010416 0.223552 0.019347 0.082432
0 0.010531 0.365568 0.019117 0.102144
0 0.010510 0.372288 0.019159 0.099456
0 0.010553 0.636160 0.019072 0.079744
0 0.010539 0.180992 0.019101 0.078848
0 0.010530 0.643328 0.019119 0.076160
0 0.010509 0.653184 0.019160 0.074816
0 0.010531 0.473984 0.019116 0.103488
0 0.010511 0.480256 0.019157 0.103488
0 0.010491 0.491008 0.019196 0.103488
0 0.010491 0.380800 0.019197 0.100800
0 0.010513 0.189952 0.019152 0.081088
0 0.010550 0.356608 0.019079 0.102144
0 0.010448 0.400512 0.019283 0.103488
0 0.010590 0.343168 0.018998 0.102144
0 0.010633 0.145600 0.018913 0.083776
0 0.010606 0.151424 0.018966 0.082432
0 0.010583 0.163968 0.019013 0.078848
0 0.010557 0.168896 0.019064 0.083776
0 0.010629 0.330176 0.018921 0.104832
0 0.010612 0.332864 0.018955 0.102144
0 0.010630 0.434560 0.018918 0.103488
0 0.010570 0.349888 0.019038 0.102144
0 0.010612 0.442176 0.018955 0.103488
0 0.010592 0.448896 0.018994 0.100800
0 0.010623 0.604800 0.018932 0.077504
0 0.010599 0.616000 0.018980 0.081088
0 0.010575 0.624064 0.019028 0.073472
0 0.010572 0.456960 0.019035 0.100800
0 0.010470 0.389760 0.019238 0.106176
0 0.010429 0.403200 0.019321 0.100800
0 0.012245 0.523712 0.020154 0.043456
0 0.010279 0.719488 0.019621 0.110208
0 0.010368 0.430080 0.019443 0.102144
0 0.010346 0.439040 0.019487 0.102144
0 0.010348 0.356608 0.019483 0.060480
0 0.010332 0.263872 0.019515 0.077504
0 0.010307 0.270592 0.019565 0.079744
0 0.010262 0.297024 0.019655 0.074816
0 0.010279 0.664384 0.019621 0.089152
0 0.010389 0.421568 0.019402 0.103488
0 0.010271 0.622720 0.019636 0.094528
0 0.010268 0.573888 0.019642 0.096768
0 0.010259 0.536704 0.019660 0.103488
0 0.010257 0.484288 0.019665 0.106176
0 0.010236 0.405440 0.019706 0.045696
0 0.010229 0.379456 0.019721 0.043456
0 0.010370 0.537152 0.019439 0.102144
0 0.010353 0.250880 0.019473 0.090496
0 0.010472 0.498176 0.019234 0.102144
0 0.010396 0.699776 0.019386 0.086464
0 0.010453 0.504000 0.019272 0.100800
0 0.010430 0.512512 0.019318 0.102144
0 0.010484 0.660352 0.019211 0.076160
0 0.010461 0.668864 0.019256 0.079744
0 0.010435 0.673792 0.019308 0.073472
0 0.010416 0.685440 0.019347 0.076160
0 0.010374 0.711872 0.019430 0.096768
0 0.010373 0.243264 0.019433 0.087808
0 0.010357 0.715008 0.019465 0.098112
0 0.010338 0.726208 0.019502 0.091840
0 0.010410 0.523712 0.019358 0.103488
0 0.010391 0.527744 0.019397 0.100800
0 0.010408 0.416192 0.019362 0.100800
0 0.010399 0.237440 0.019381 0.078848
0 0.010652 0.320320 0.018874 0.103488
0 0.010651 0.425152 0.018877 0.103488
0 0.010669 0.585984 0.018841 0.078848
0 0.011923 0.658560 0.020798 0.045696
0 0.012001 0.629888 0.020641 0.056448
0 0.011987 0.640192 0.020669 0.040768
0 0.011973 0.643328 0.020696 0.044352
0 0.011956 0.639744 0.020730 0.047040
0 0.011945 0.649600 0.020754 0.048384
0 0.011929 0.658112 0.020785 0.055104
0 0.011903 0.667968 0.020837 0.053760
0 0.012030 0.611520 0.020582 0.069440
0 0.011890 0.673792 0.020864 0.052416
0 0.011873 0.682752 0.020896 0.049728
0 0.011800 0.709184 0.021042 0.047040
0 0.010975 0.396480 0.018229 0.048384
0 0.010971 0.359296 0.018236 0.049728
0 0.010959 0.334208 0.018261 0.057792
0 0.012017 0.616448 0.020608 0.051072
0 0.012048 0.606592 0.020546 0.049728
0 0.010691 0.575232 0.018797 0.073472
0 0.012179 0.471296 0.020284 0.066752
0 0.012225 0.529536 0.020192 0.049728
0 0.012228 0.461888 0.020187 0.059136
0 0.012210 0.535360 0.020222 0.053760
0 0.012198 0.466368 0.020247 0.065408
0 0.012197 0.538048 0.020249 0.051072
0 0.012185 0.547008 0.020272 0.051072
0 0.012165 0.399168 0.020313 0.032704
0 0.012058 0.599424 0.020527 0.056448
0 0.012166 0.483840 0.020312 0.055104
0 0.012173 0.552384 0.020297 0.053760
0 0.012159 0.554176 0.020325 0.049728
0 0.012153 0.490112 0.020336 0.057792
0 0.012141 0.494592 0.020361 0.056448
0 0.012021 0.536704 0.020600 0.035392
0 0.010948 0.201152 0.018283 0.048384
0 0.010938 0.068992 0.018302 0.100800
0 0.010912 0.142912 0.018355 0.060480
0 0.010672 0.308672 0.018835 0.103488
0 0.010730 0.113344 0.018718 0.085120
0 0.010677 0.123200 0.018825 0.076160
0 0.010656 0.134848 0.018868 0.089152
0 0.010695 0.184128 0.018789 0.045696
0 0.010713 0.293440 0.018754 0.102144
0 0.010693 0.302848 0.018793 0.104832
0 0.010691 0.410816 0.018797 0.100800
0 0.010920 0.076160 0.018338 0.102144
0 0.010670 0.420672 0.018839 0.102144
0 0.010842 0.536256 0.018495 0.057792
0 0.010787 0.553280 0.018604 0.055104
0 0.010757 0.566720 0.018664 0.053760
0 0.010737 0.513856 0.018706 0.047040
0 0.010718 0.570304 0.018743 0.076160
0 0.010737 0.287616 0.018704 0.100800
0 0.010732 0.395136 0.018714 0.108864
0 0.010710 0.400512 0.018758 0.106176
0 0.010750 0.386176 0.018678 0.106176
0 0.010772 0.375424 0.018634 0.106176
0 0.010791 0.368256 0.018597 0.104832
0 0.010802 0.386624 0.018575 0.115136
0 0.010751 0.144256 0.018677 0.060480
0 0.010793 0.270144 0.018593 0.039424
0 0.010824 0.307776 0.018530 0.036736
0 0.010845 0.344064 0.018489 0.030016
0 0.010863 0.373632 0.018453 0.028672
0 0.010835 0.405440 0.018509 0.077504
0 0.010839 0.116480 0.018500 0.104832
0 0.010856 0.107968 0.018467 0.103488
0 0.010890 0.094976 0.018399 0.103488
0 0.010903 0.079744 0.018372 0.117824
0 0.010244 0.307776 0.019691 0.078848
