0 0.001517 0.956032 0.001431 0.038080
0 0.002192 0.146496 0.000081 0.012096
0 0.002133 0.475328 0.000199 0.012544
0 0.002136 0.492352 0.000192 0.012544
0 0.002137 0.506688 0.000191 0.015680
0 0.002135 0.522368 0.000194 0.011200
0 0.002139 0.537600 0.000187 0.018816
0 0.002143 0.556416 0.000177 0.016576
0 0.002195 0.173824 0.000075 0.011200
0 0.002195 0.158144 0.000074 0.016576
0 0.002107 0.022400 0.000250 0.034496
0 0.002220 0.120960 0.000024 0.021952
0 0.002218 0.143360 0.000029 0.017920
0 0.002220 0.152320 0.000025 0.010304
0 0.002218 0.161728 0.000029 0.011200
0 0.002213 0.182784 0.000037 0.015680
0 0.002212 0.190848 0.000040 0.012544
0 0.002211 0.206080 0.000042 0.013440
0 0.002130 0.462336 0.000205 0.017920
0 0.002130 0.444864 0.000205 0.017920
0 0.002131 0.430976 0.000203 0.014336
0 0.002128 0.413952 0.000208 0.017920
0 0.002072 0.467712 0.000320 0.014336
0 0.002074 0.479808 0.000316 0.014336
0 0.002076 0.490112 0.000312 0.015680
0 0.002078 0.501312 0.000309 0.014784
0 0.002081 0.511616 0.000302 0.014784
0 0.002082 0.522368 0.000300 0.014336
0 0.002084 0.534016 0.000296 0.014784
0 0.002086 0.543872 0.000292 0.014784
0 0.002088 0.554624 0.000288 0.015680
0 0.002089 0.565376 0.000285 0.014336
0 0.002092 0.577472 0.000280 0.013440
0 0.002116 0.333760 0.000233 0.021056
0 0.002124 0.349888 0.000216 0.012544
0 0.002125 0.365568 0.000215 0.011200
0 0.002126 0.381248 0.000213 0.020160
0 0.002208 0.199360 0.000048 0.012544
0 0.002094 0.012096 0.000277 0.019712
0 0.002069 0.446208 0.000327 0.014336
0 0.002060 0.017472 0.000345 0.031360
0 0.002013 0.268800 0.000438 0.012544
0 0.002011 0.260288 0.000442 0.014784
0 0.002011 0.249984 0.000442 0.012544
0 0.002014 0.238784 0.000437 0.011200
0 0.002005 0.221760 0.000455 0.017472
0 0.002080 0.017920 0.000303 0.033152
0 0.002071 0.017472 0.000323 0.033600
0 0.002049 0.017472 0.000366 0.033600
0 0.002111 0.299712 0.000243 0.015680
0 0.002036 0.019264 0.000392 0.036736
0 0.002026 0.019712 0.000412 0.036736
0 0.002004 0.018368 0.000457 0.035392
0 0.001967 0.320320 0.000529 0.016576
0 0.001964 0.308672 0.000535 0.015680
0 0.001962 0.297024 0.000539 0.017920
0 0.001960 0.285376 0.000543 0.014336
0 0.002019 0.288512 0.000426 0.011200
0 0.002018 0.299264 0.000427 0.014784
0 0.002024 0.317184 0.000415 0.013440
0 0.002024 0.326592 0.000415 0.009856
0 0.002141 0.247744 0.000181 0.020160
0 0.002137 0.221312 0.000191 0.017920
0 0.002123 0.210560 0.000219 0.017472
0 0.002046 0.318528 0.000373 0.014336
0 0.002045 0.310016 0.000375 0.012096
0 0.002041 0.299264 0.000382 0.016576
0 0.002038 0.280000 0.000388 0.016576
0 0.002036 0.271488 0.000392 0.012096
0 0.002037 0.260288 0.000391 0.013440
0 0.002033 0.252224 0.000398 0.011200
0 0.002031 0.242368 0.000403 0.014784
0 0.002029 0.232064 0.000406 0.014336
0 0.002027 0.222208 0.000409 0.015680
0 0.002028 0.213696 0.000408 0.012096
0 0.002025 0.202496 0.000414 0.014784
0 0.002070 0.457856 0.000325 0.011200
0 0.002066 0.435008 0.000333 0.014784
0 0.001940 0.617344 0.000584 0.014784
0 0.001983 0.402752 0.000498 0.013440
0 0.001993 0.587328 0.000479 0.021056
0 0.001995 0.598080 0.000474 0.018816
0 0.001972 0.331520 0.000521 0.013440
0 0.001972 0.342720 0.000520 0.016576
0 0.001974 0.355264 0.000516 0.017472
0 0.001980 0.379456 0.000504 0.013440
0 0.001980 0.390656 0.000504 0.016576
0 0.001985 0.413952 0.000495 0.016576
0 0.002007 0.531328 0.000451 0.017920
0 0.001986 0.426496 0.000492 0.014336
0 0.001989 0.437696 0.000487 0.017472
0 0.001991 0.449344 0.000483 0.016576
0 0.001996 0.473536 0.000473 0.013440
0 0.001996 0.485184 0.000472 0.015680
0 0.001998 0.495936 0.000468 0.016576
0 0.002004 0.507584 0.000457 0.014336
0 0.001990 0.576128 0.000484 0.017920
0 0.001990 0.563584 0.000484 0.012544
0 0.001987 0.551936 0.000490 0.017472
0 0.001985 0.540288 0.000494 0.013440
0 0.001947 0.341824 0.000570 0.015680
0 0.001949 0.353472 0.000567 0.014784
0 0.001952 0.376768 0.000560 0.017472
0 0.001955 0.388416 0.000555 0.014784
0 0.001957 0.399616 0.000550 0.014336
0 0.001960 0.411264 0.000543 0.017920
0 0.001961 0.423360 0.000541 0.014336
0 0.001963 0.436800 0.000538 0.019712
0 0.001965 0.447552 0.000533 0.015680
0 0.001969 0.458752 0.000526 0.017472
0 0.001970 0.470848 0.000524 0.015680
0 0.001973 0.482048 0.000519 0.017472
0 0.001976 0.494592 0.000513 0.013440
0 0.001978 0.505792 0.000509 0.015680
0 0.001983 0.527744 0.000498 0.015680
0 0.002004 0.518336 0.000456 0.014784
0 0.002009 0.542976 0.000447 0.017472
0 0.002064 0.424256 0.000337 0.014336
0 0.002069 0.573888 0.000326 0.016576
0 0.002056 0.498176 0.000353 0.013440
0 0.002058 0.508032 0.000348 0.011200
0 0.002061 0.518784 0.000342 0.009856
0 0.002063 0.530432 0.000339 0.014784
0 0.002063 0.542080 0.000339 0.011200
0 0.002067 0.551936 0.000331 0.014336
0 0.002068 0.563584 0.000329 0.012544
0 0.002071 0.584192 0.000322 0.013440
0 0.002012 0.554176 0.000441 0.017920
0 0.002048 0.329728 0.000368 0.011200
0 0.002048 0.339136 0.000368 0.010304
0 0.002052 0.358848 0.000361 0.015680
0 0.002054 0.370944 0.000356 0.012544
0 0.002056 0.380800 0.000352 0.011200
0 0.002058 0.392000 0.000349 0.015680
0 0.002061 0.402752 0.000342 0.016576
0 0.002054 0.487872 0.000357 0.012544
0 0.002051 0.475776 0.000362 0.010304
0 0.002051 0.464576 0.000362 0.014336
0 0.002047 0.454272 0.000371 0.011200
0 0.002013 0.566272 0.000439 0.013440
0 0.002015 0.577472 0.000434 0.017920
0 0.002017 0.590016 0.000429 0.012544
0 0.002019 0.600320 0.000426 0.014336
0 0.002025 0.337792 0.000413 0.011200
0 0.002029 0.345408 0.000405 0.011200
0 0.002031 0.356160 0.000402 0.012544
0 0.002033 0.366912 0.000399 0.014784
0 0.002035 0.377664 0.000394 0.014336
0 0.002036 0.388864 0.000393 0.014336
0 0.002039 0.400064 0.000387 0.017472
0 0.002041 0.411712 0.000383 0.012096
0 0.002040 0.422912 0.000385 0.016576
0 0.002045 0.432768 0.000374 0.010304
0 0.002047 0.442624 0.000371 0.010304
0 0.001958 0.274176 0.000548 0.015680
0 0.001956 0.261632 0.000552 0.015680
0 0.001953 0.250880 0.000559 0.017472
0 0.001579 0.280000 0.001307 0.031360
0 0.001737 0.181888 0.000991 0.020160
0 0.001733 0.166208 0.000999 0.018816
0 0.001729 0.152768 0.001007 0.024640
0 0.001728 0.134400 0.001008 0.021056
0 0.001597 0.244608 0.001270 0.033152
0 0.001587 0.258048 0.001289 0.026880
0 0.001581 0.268352 0.001303 0.028672
0 0.001568 0.289856 0.001328 0.029120
0 0.001532 0.295680 0.001400 0.028672
0 0.001567 0.300160 0.001331 0.030016
0 0.001556 0.311808 0.001353 0.026432
0 0.001576 0.221760 0.001313 0.026432
0 0.001566 0.243264 0.001332 0.030016
0 0.001557 0.253120 0.001351 0.027776
0 0.001554 0.262528 0.001356 0.033152
0 0.001546 0.273280 0.001373 0.024640
0 0.001737 0.196224 0.000990 0.023296
0 0.001743 0.211456 0.000979 0.021056
0 0.001745 0.241472 0.000974 0.024192
0 0.001750 0.256256 0.000964 0.018816
0 0.001790 0.303296 0.000885 0.021056
0 0.001787 0.288064 0.000890 0.017920
0 0.001782 0.273280 0.000900 0.018816
0 0.001782 0.259840 0.000900 0.014336
0 0.001777 0.245504 0.000909 0.021952
0 0.001777 0.229824 0.000910 0.020160
0 0.001769 0.199808 0.000927 0.017472
0 0.001767 0.185472 0.000930 0.020160
0 0.001765 0.169792 0.000935 0.017472
0 0.001761 0.156800 0.000943 0.016576
0 0.001759 0.140672 0.000946 0.020160
0 0.001758 0.126784 0.000949 0.017920
0 0.001759 0.314944 0.000947 0.021056
0 0.001758 0.300160 0.000948 0.019712
0 0.001753 0.271488 0.000959 0.022400
0 0.001541 0.285376 0.001382 0.030912
0 0.001525 0.309120 0.001414 0.033152
0 0.001951 0.238336 0.000563 0.016576
0 0.008145 0.707392 0.014961 0.373632
0 0.008794 0.435008 0.013661 0.263872
0 0.008697 0.395136 0.013856 0.395136
0 0.008584 0.321664 0.014081 0.591808
0 0.008514 0.360192 0.014222 0.576128
0 0.008422 0.337344 0.014406 0.443520
0 0.008384 0.513408 0.014483 0.158144
0 0.008210 0.817152 0.014831 0.320320
0 0.008075 0.561792 0.015100 0.495040
0 0.001457 0.208768 0.001551 0.030912
0 0.008008 0.457408 0.015235 0.519232
0 0.007966 0.544768 0.015317 0.172480
0 0.008022 0.303744 0.015207 0.270144
0 0.007926 0.436800 0.015398 0.018816
0 0.007927 0.413056 0.015396 0.038080
0 0.007935 0.388416 0.015380 0.044800
0 0.007951 0.356160 0.015348 0.054208
0 0.008700 0.021952 0.013851 0.038080
0 0.001232 0.212352 0.002000 0.017920
0 0.001203 0.259392 0.002058 0.026432
0 0.001191 0.323904 0.002082 0.013440
0 0.001446 0.224896 0.001573 0.031360
0 0.001444 0.238336 0.001577 0.034496
0 0.001422 0.211904 0.001621 0.027776
0 0.001414 0.223104 0.001635 0.032256
0 0.001436 0.250432 0.001593 0.030016
0 0.001426 0.263872 0.001612 0.029120
0 0.001420 0.276864 0.001624 0.031360
0 0.001418 0.289408 0.001629 0.030016
0 0.001401 0.316736 0.001663 0.029120
0 0.001411 0.302848 0.001641 0.030912
0 0.001407 0.238336 0.001649 0.032256
0 0.001394 0.266112 0.001677 0.029120
0 0.001390 0.277312 0.001685 0.030912
0 0.001380 0.289408 0.001704 0.034496
0 0.001371 0.300608 0.001722 0.037632
0 0.001793 0.316736 0.000879 0.014336
0 0.001820 0.086464 0.000825 0.023296
0 0.001823 0.103040 0.000819 0.017472
0 0.001923 0.211456 0.000619 0.010304
0 0.001938 0.296128 0.000589 0.017472
0 0.001935 0.282240 0.000594 0.014336
0 0.001933 0.271936 0.000598 0.015680
0 0.001930 0.259392 0.000604 0.014784
0 0.001929 0.247744 0.000607 0.016576
0 0.001927 0.234752 0.000610 0.012096
0 0.001924 0.225344 0.000616 0.014336
0 0.001921 0.201152 0.000622 0.012096
0 0.001822 0.116480 0.000820 0.017920
0 0.001919 0.187712 0.000626 0.011200
0 0.001916 0.176512 0.000632 0.015680
0 0.001915 0.165760 0.000635 0.012096
0 0.001912 0.153216 0.000640 0.017472
0 0.001909 0.142016 0.000646 0.011200
0 0.001909 0.130368 0.000647 0.012544
0 0.001906 0.118720 0.000651 0.012096
0 0.001941 0.306432 0.000583 0.015680
0 0.001942 0.318080 0.000581 0.016576
0 0.001914 0.038528 0.000636 0.017472
0 0.001918 0.050624 0.000629 0.014336
0 0.001949 0.225792 0.000567 0.017920
0 0.001948 0.215936 0.000569 0.013440
0 0.001945 0.203840 0.000575 0.015680
0 0.001944 0.192640 0.000577 0.015680
0 0.001941 0.179648 0.000582 0.017472
0 0.001939 0.167552 0.000587 0.017472
0 0.001936 0.156800 0.000592 0.017920
0 0.001934 0.146048 0.000597 0.015680
0 0.001932 0.133504 0.000601 0.016576
0 0.001931 0.122304 0.000603 0.014784
0 0.001928 0.110656 0.000609 0.015680
0 0.001927 0.096768 0.000610 0.014784
0 0.001924 0.086016 0.000616 0.017472
0 0.001920 0.074816 0.000625 0.014336
0 0.001919 0.063168 0.000626 0.014784
0 0.001903 0.106624 0.000658 0.013440
0 0.001900 0.094976 0.000664 0.014336
0 0.001899 0.083328 0.000665 0.017920
0 0.001848 0.092736 0.000768 0.018816
0 0.001859 0.314496 0.000746 0.014784
0 0.001859 0.304192 0.000747 0.017472
0 0.001858 0.290752 0.000749 0.011200
0 0.001851 0.266112 0.000763 0.014784
0 0.001848 0.254464 0.000769 0.017920
0 0.001847 0.241920 0.000771 0.015680
0 0.001843 0.229376 0.000778 0.019712
0 0.001843 0.216832 0.000777 0.016576
0 0.001840 0.202496 0.000783 0.014784
0 0.001838 0.191296 0.000788 0.014784
0 0.001835 0.178752 0.000794 0.017920
0 0.001833 0.166208 0.000797 0.014336
0 0.001831 0.153664 0.000802 0.017920
0 0.001829 0.141568 0.000807 0.014336
0 0.001827 0.129472 0.000811 0.018816
0 0.001844 0.079296 0.000776 0.014784
0 0.001850 0.106176 0.000765 0.018816
0 0.001898 0.071680 0.000668 0.011200
0 0.001852 0.119168 0.000761 0.019712
0 0.001894 0.060480 0.000675 0.012544
0 0.001891 0.043008 0.000683 0.027776
0 0.001887 0.319424 0.000690 0.016576
0 0.001886 0.306880 0.000693 0.017920
0 0.001883 0.294336 0.000699 0.018816
0 0.001880 0.283136 0.000705 0.018816
0 0.001878 0.268800 0.000708 0.018816
0 0.001876 0.257152 0.000712 0.017920
0 0.001874 0.244608 0.000717 0.016576
0 0.001872 0.230720 0.000721 0.018816
0 0.001870 0.219968 0.000725 0.014784
0 0.001868 0.206080 0.000729 0.017472
0 0.001862 0.169344 0.000740 0.017472
0 0.001859 0.156352 0.000747 0.017472
0 0.001854 0.132608 0.000757 0.017472
0 0.001945 0.330176 0.000575 0.014784
0 0.001938 0.605248 0.000589 0.021056
0 0.001539 0.916608 0.001386 0.031360
0 0.001336 0.641984 0.001793 0.026880
0 0.001373 0.635712 0.001719 0.027776
0 0.001366 0.646464 0.001732 0.034496
0 0.001357 0.657664 0.001751 0.026432
0 0.001351 0.668416 0.001761 0.028672
0 0.001341 0.683200 0.001781 0.029120
0 0.001320 0.667072 0.001825 0.023296
0 0.001327 0.656320 0.001810 0.026880
0 0.001342 0.632576 0.001779 0.028672
0 0.001251 0.504448 0.001963 0.026432
0 0.001287 0.337792 0.001890 0.030016
0 0.001260 0.353920 0.001944 0.026432
0 0.001240 0.383936 0.001984 0.019712
0 0.001237 0.431424 0.001990 0.019712
0 0.001245 0.559104 0.001975 0.018816
0 0.001239 0.567168 0.001986 0.017920
0 0.001226 0.531328 0.002012 0.024640
0 0.001375 0.624960 0.001714 0.030016
0 0.001386 0.760256 0.001693 0.026432
0 0.001408 0.782656 0.001648 0.026432
0 0.001413 0.774144 0.001638 0.028672
0 0.001438 0.677824 0.001588 0.023296
0 0.001432 0.689472 0.001600 0.025536
0 0.001458 0.690368 0.001548 0.025536
0 0.001453 0.701120 0.001558 0.027776
0 0.001446 0.711872 0.001573 0.026880
0 0.001442 0.720832 0.001581 0.022400
0 0.001423 0.697088 0.001619 0.027776
0 0.001415 0.709632 0.001634 0.025536
0 0.001414 0.718592 0.001636 0.025536
0 0.001435 0.733376 0.001594 0.024640
0 0.001429 0.743232 0.001607 0.027776
0 0.001422 0.753536 0.001620 0.023296
0 0.001403 0.731136 0.001657 0.023296
0 0.001420 0.762944 0.001624 0.028672
0 0.001401 0.737856 0.001663 0.026432
0 0.001245 0.499520 0.001974 0.026880
0 0.001256 0.483392 0.001953 0.024640
0 0.001450 0.657216 0.001565 0.022400
0 0.001373 0.380352 0.001719 0.030016
0 0.001388 0.603904 0.001688 0.026880
0 0.001397 0.593600 0.001671 0.030016
0 0.001335 0.382592 0.001794 0.033152
0 0.001342 0.370048 0.001779 0.031360
0 0.001362 0.328384 0.001741 0.029120
0 0.001356 0.408576 0.001752 0.029120
0 0.001362 0.396928 0.001741 0.030016
0 0.001375 0.370048 0.001714 0.032256
0 0.001272 0.449344 0.001920 0.034496
0 0.001389 0.343616 0.001687 0.028672
0 0.001396 0.330176 0.001673 0.030016
0 0.001385 0.556416 0.001694 0.026880
0 0.001391 0.547008 0.001683 0.028672
0 0.001397 0.535808 0.001671 0.025536
0 0.001403 0.525952 0.001658 0.025536
0 0.001406 0.514304 0.001651 0.026432
0 0.001378 0.568064 0.001708 0.026880
0 0.001372 0.579264 0.001720 0.025536
0 0.001381 0.615104 0.001702 0.028672
0 0.001361 0.589568 0.001743 0.026880
0 0.001277 0.456960 0.001910 0.033152
0 0.001278 0.605248 0.001909 0.024640
0 0.001288 0.592704 0.001888 0.031360
0 0.001290 0.579712 0.001883 0.030912
0 0.001298 0.565824 0.001869 0.030912
0 0.001304 0.554176 0.001856 0.027776
0 0.001310 0.539840 0.001845 0.032256
0 0.001315 0.528192 0.001834 0.030016
0 0.001323 0.516096 0.001819 0.031360
0 0.001328 0.503552 0.001808 0.030016
0 0.001336 0.490560 0.001793 0.030016
0 0.001339 0.475328 0.001786 0.033600
0 0.001348 0.620480 0.001768 0.025536
0 0.001355 0.611968 0.001755 0.025536
0 0.001362 0.600320 0.001741 0.024640
0 0.001443 0.667520 0.001578 0.026880
0 0.001451 0.647808 0.001563 0.024640
0 0.001936 0.594496 0.000592 0.014336
0 0.001588 0.675584 0.001287 0.018816
0 0.001620 0.623168 0.001224 0.023296
0 0.001609 0.641088 0.001246 0.026432
0 0.001592 0.629440 0.001279 0.025536
0 0.001586 0.637504 0.001293 0.021056
0 0.001581 0.648704 0.001302 0.026432
0 0.001598 0.659904 0.001268 0.024640
0 0.001593 0.669312 0.001278 0.022400
0 0.001604 0.819392 0.001257 0.037632
0 0.001566 0.713216 0.001333 0.023296
0 0.001595 0.828800 0.001273 0.029120
0 0.001588 0.842240 0.001288 0.039872
0 0.001581 0.855232 0.001303 0.035840
0 0.001587 0.686336 0.001290 0.024192
0 0.001569 0.664832 0.001326 0.025536
0 0.001566 0.672896 0.001332 0.021056
0 0.001560 0.681856 0.001345 0.025536
0 0.001612 0.807296 0.001240 0.040320
0 0.001622 0.795648 0.001221 0.035392
0 0.001635 0.770112 0.001195 0.029120
0 0.001642 0.757120 0.001180 0.036736
0 0.001545 0.904512 0.001374 0.036736
0 0.001555 0.894656 0.001355 0.038080
0 0.001567 0.882112 0.001330 0.037632
0 0.001943 0.630336 0.000578 0.016576
0 0.001919 0.637952 0.000627 0.018816
0 0.001774 0.877632 0.000916 0.010304
0 0.001786 0.744576 0.000893 0.014336
0 0.001711 0.632576 0.001042 0.025536
0 0.001693 0.675584 0.001078 0.035392
0 0.001683 0.686784 0.001099 0.036736
0 0.001679 0.699328 0.001107 0.030912
0 0.001668 0.710528 0.001129 0.037632
0 0.001665 0.721728 0.001135 0.035840
0 0.001658 0.734272 0.001147 0.035392
0 0.001645 0.748160 0.001175 0.038080
0 0.001572 0.704704 0.001321 0.020160
0 0.001556 0.692608 0.001353 0.019712
0 0.001465 0.680512 0.001534 0.026880
0 0.001458 0.853888 0.001548 0.023296
0 0.001473 0.826560 0.001518 0.022400
0 0.001468 0.835968 0.001528 0.021952
0 0.001462 0.844928 0.001540 0.023296
0 0.001491 0.849408 0.001483 0.023296
0 0.001481 0.857920 0.001503 0.021952
0 0.001476 0.865536 0.001512 0.019712
0 0.001469 0.874496 0.001525 0.022400
0 0.001461 0.636160 0.001543 0.024192
0 0.001537 0.719040 0.001389 0.024640
0 0.001466 0.627648 0.001531 0.026432
0 0.001499 0.620928 0.001467 0.024640
0 0.001494 0.632576 0.001476 0.024192
0 0.001488 0.641984 0.001489 0.026432
0 0.001481 0.651392 0.001503 0.026432
0 0.001474 0.661248 0.001515 0.027776
0 0.001470 0.670656 0.001524 0.022400
0 0.001475 0.817600 0.001513 0.024192
0 0.001483 0.809536 0.001498 0.021056
0 0.001487 0.800576 0.001491 0.021056
0 0.001495 0.791168 0.001474 0.027776
0 0.001534 0.729344 0.001396 0.023296
0 0.001528 0.736960 0.001408 0.024640
0 0.001556 0.732480 0.001352 0.023296
0 0.001550 0.741888 0.001364 0.025536
0 0.001546 0.750400 0.001372 0.023296
0 0.001540 0.758464 0.001385 0.021056
0 0.001535 0.769216 0.001394 0.026432
0 0.001522 0.745024 0.001421 0.022400
0 0.001516 0.753536 0.001432 0.027776
0 0.001510 0.764288 0.001444 0.023296
0 0.001506 0.773248 0.001452 0.023296
0 0.001503 0.782208 0.001458 0.017472
0 0.001518 0.796544 0.001429 0.021952
0 0.001507 0.813120 0.001451 0.022400
0 0.001503 0.824320 0.001459 0.024192
0 0.001416 0.503552 0.001633 0.030016
0 0.001420 0.491456 0.001625 0.026880
0 0.001402 0.582848 0.001660 0.026880
0 0.001790 0.473536 0.000884 0.024640
0 0.001802 0.374976 0.000861 0.016576
0 0.001806 0.388416 0.000853 0.020160
0 0.001808 0.403200 0.000848 0.021952
0 0.001780 0.414400 0.000903 0.020160
0 0.001782 0.430080 0.000900 0.017472
0 0.001811 0.418880 0.000843 0.020160
0 0.001789 0.458752 0.000887 0.018816
0 0.001795 0.501312 0.000874 0.024640
0 0.001865 0.355264 0.000735 0.021952
0 0.001799 0.517888 0.000867 0.021952
0 0.001805 0.530880 0.000855 0.015680
0 0.001802 0.547008 0.000860 0.024192
0 0.001828 0.507584 0.000809 0.017472
0 0.001830 0.520128 0.000805 0.020160
0 0.001832 0.534912 0.000799 0.022400
0 0.001862 0.329280 0.000740 0.017920
0 0.001799 0.359296 0.000866 0.022400
0 0.001798 0.344512 0.000869 0.021056
0 0.001795 0.330624 0.000874 0.019712
0 0.001773 0.385728 0.000918 0.026880
0 0.001615 0.582848 0.001234 0.021056
0 0.001625 0.574336 0.001215 0.024640
0 0.001634 0.603904 0.001196 0.022400
0 0.001635 0.595840 0.001194 0.022400
0 0.001629 0.563584 0.001206 0.021952
0 0.001641 0.585088 0.001182 0.022400
0 0.001632 0.554176 0.001200 0.028672
0 0.001646 0.536256 0.001173 0.028672
0 0.001646 0.577472 0.001173 0.023296
0 0.001652 0.566272 0.001159 0.022400
0 0.001659 0.558656 0.001145 0.030912
0 0.001699 0.511168 0.001067 0.038080
0 0.001733 0.547904 0.000999 0.032256
0 0.001770 0.357056 0.000924 0.021056
0 0.001768 0.371840 0.000928 0.018816
0 0.001862 0.342272 0.000740 0.014784
0 0.001870 0.366912 0.000724 0.013440
0 0.001410 0.570752 0.001644 0.028672
0 0.001918 0.481600 0.000628 0.017920
0 0.001899 0.394688 0.000665 0.017920
0 0.001902 0.406784 0.000660 0.019712
0 0.001905 0.418432 0.000654 0.017920
0 0.001906 0.430080 0.000652 0.020160
0 0.001910 0.445312 0.000645 0.015680
0 0.001913 0.456512 0.000639 0.018816
0 0.001915 0.469056 0.000635 0.017920
0 0.001919 0.495040 0.000626 0.017920
0 0.001870 0.379904 0.000724 0.018816
0 0.001920 0.506240 0.000624 0.019712
0 0.001923 0.518784 0.000619 0.017472
0 0.001925 0.531328 0.000614 0.019712
0 0.001927 0.543424 0.000611 0.018816
0 0.001930 0.554176 0.000604 0.021056
0 0.001932 0.569856 0.000601 0.017472
0 0.001934 0.581952 0.000596 0.017920
0 0.001897 0.381248 0.000670 0.019712
0 0.001893 0.355264 0.000678 0.017472
0 0.001891 0.344512 0.000683 0.017472
0 0.001891 0.331520 0.000683 0.014784
0 0.001873 0.392000 0.000718 0.017472
0 0.001875 0.404096 0.000714 0.020160
0 0.001878 0.416640 0.000708 0.015680
0 0.001880 0.429632 0.000705 0.020160
0 0.001885 0.454272 0.000695 0.018816
0 0.001885 0.466816 0.000694 0.016576
0 0.001890 0.491456 0.000685 0.017920
0 0.001893 0.505792 0.000678 0.017920
0 0.001895 0.515648 0.000674 0.018816
0 0.001897 0.528192 0.000669 0.014784
0 0.001900 0.540736 0.000664 0.016576
0 0.001902 0.566272 0.000660 0.017920
0 0.001909 0.590464 0.000647 0.014784
0 0.001911 0.604352 0.000643 0.020160
0 0.001913 0.615552 0.000639 0.014336
0 0.001654 0.355264 0.001155 0.033600
0 0.001648 0.367360 0.001167 0.026432
0 0.001641 0.379904 0.001182 0.024640
0 0.001506 0.557760 0.001453 0.026432
0 0.001464 0.407680 0.001536 0.032256
0 0.001480 0.444864 0.001505 0.026880
0 0.001488 0.434112 0.001489 0.029120
0 0.001472 0.394688 0.001520 0.033152
0 0.001485 0.370496 0.001494 0.033152
0 0.001496 0.358400 0.001472 0.033152
0 0.001493 0.420672 0.001479 0.029120
0 0.001513 0.548352 0.001439 0.026880
0 0.001636 0.389312 0.001192 0.026880
0 0.001517 0.536256 0.001431 0.026880
0 0.001519 0.591360 0.001426 0.029120
0 0.001521 0.583296 0.001423 0.026432
0 0.001527 0.573888 0.001409 0.025536
0 0.001540 0.554176 0.001384 0.027776
0 0.001528 0.513408 0.001407 0.030912
0 0.001504 0.409920 0.001457 0.033600
0 0.001463 0.418432 0.001537 0.033152
0 0.001472 0.459648 0.001520 0.029120
0 0.001468 0.469504 0.001527 0.030016
0 0.001457 0.482944 0.001551 0.025536
0 0.001413 0.561344 0.001637 0.027776
0 0.001417 0.550592 0.001630 0.028672
0 0.001424 0.540288 0.001617 0.027776
0 0.001430 0.528640 0.001605 0.029120
0 0.001436 0.518784 0.001592 0.029120
0 0.001442 0.508928 0.001581 0.029120
0 0.001433 0.466368 0.001598 0.027776
0 0.001441 0.457856 0.001583 0.030912
0 0.001446 0.443520 0.001573 0.026432
0 0.001467 0.617792 0.001530 0.029120
0 0.001479 0.609728 0.001507 0.024640
0 0.001484 0.598528 0.001496 0.024192
0 0.001505 0.611968 0.001455 0.021952
0 0.001495 0.578368 0.001474 0.026880
0 0.001502 0.568960 0.001460 0.027776
0 0.001508 0.396928 0.001448 0.028672
0 0.001515 0.386176 0.001435 0.026880
0 0.001501 0.342720 0.001462 0.030016
0 0.001587 0.476224 0.001289 0.026880
0 0.001589 0.417984 0.001286 0.030016
0 0.001591 0.465024 0.001281 0.026880
0 0.001603 0.454720 0.001259 0.030016
0 0.001604 0.445312 0.001256 0.032256
0 0.001596 0.407680 0.001271 0.027776
0 0.001600 0.395136 0.001264 0.030016
0 0.001607 0.384832 0.001250 0.024192
0 0.001613 0.375424 0.001239 0.027776
0 0.001620 0.365120 0.001224 0.024640
0 0.001627 0.354816 0.001210 0.026880
0 0.001628 0.343616 0.001209 0.025536
0 0.001631 0.331968 0.001202 0.030912
0 0.001618 0.422464 0.001229 0.025536
0 0.001623 0.411264 0.001219 0.030016
0 0.001629 0.401856 0.001206 0.026432
0 0.001577 0.438592 0.001310 0.032256
0 0.001579 0.486528 0.001306 0.030912
0 0.001511 0.334656 0.001443 0.030016
0 0.001573 0.499072 0.001319 0.028672
0 0.001513 0.320768 0.001438 0.032256
0 0.001523 0.370944 0.001418 0.026432
0 0.001528 0.361536 0.001407 0.022400
0 0.001536 0.347200 0.001392 0.031360
0 0.001543 0.337792 0.001379 0.027776
0 0.001551 0.323904 0.001363 0.029120
0 0.001545 0.491008 0.001374 0.024640
0 0.001552 0.482944 0.001361 0.032256
0 0.001554 0.529088 0.001356 0.032256
0 0.001562 0.517888 0.001341 0.029120
0 0.001558 0.470400 0.001349 0.026880
0 0.001565 0.460096 0.001335 0.032256
0 0.001604 0.609728 0.001257 0.024192
0 0.001610 0.601664 0.001245 0.017920
0 0.001613 0.593152 0.001239 0.020160
0 0.007975 0.324800 0.015300 0.064512
