0 0.004045 0.192192 0.005303 0.125888
0 0.005011 0.927808 0.007834 0.044800
0 0.005748 0.597184 0.010826 0.098112
0 0.014863 0.612864 0.028310 0.364672
0 0.015065 0.635712 0.027906 0.254464
0 0.004917 0.890176 0.008023 0.047040
0 0.004921 0.939008 0.008016 0.047040
0 0.005009 0.879424 0.007840 0.047040
0 0.005098 0.866880 0.007661 0.045696
0 0.005389 0.878528 0.007079 0.047040
0 0.005102 0.914816 0.007654 0.047936
0 0.005188 0.855680 0.007481 0.043904
0 0.005192 0.904064 0.007474 0.044800
0 0.005279 0.844928 0.007299 0.043904
0 0.005281 0.892416 0.007295 0.045696
0 0.005386 0.830592 0.007086 0.047040
0 0.005781 0.530880 0.010759 0.099008
