0 0.011051 0.852992 0.018077 0.051072
0 0.010416 0.389760 0.019347 0.034496
0 0.010450 0.396928 0.019278 0.032256
0 0.010532 0.371840 0.019115 0.033600
0 0.010485 0.404096 0.019208 0.032704
0 0.010520 0.412608 0.019138 0.033600
0 0.010552 0.419776 0.019075 0.034048
0 0.010587 0.426496 0.019005 0.032704
0 0.010635 0.322560 0.018909 0.051520
0 0.010686 0.392896 0.018806 0.051968
0 0.010666 0.312704 0.018848 0.050624
0 0.010684 0.302400 0.018810 0.051968
0 0.010708 0.293440 0.018762 0.052416
0 0.010764 0.404992 0.018650 0.052416
0 0.010787 0.398720 0.018605 0.051968
0 0.010811 0.393792 0.018557 0.051968
0 0.010732 0.448896 0.018714 0.051520
0 0.010863 0.332864 0.018453 0.053312
0 0.010879 0.318528 0.018421 0.050624
0 0.010897 0.310016 0.018385 0.051968
0 0.010924 0.379904 0.018330 0.052864
0 0.010936 0.361088 0.018306 0.051520
0 0.010180 0.430528 0.019818 0.033600
0 0.010173 0.471744 0.019833 0.035392
0 0.010202 0.481600 0.019774 0.036288
0 0.010211 0.438144 0.019756 0.032256
0 0.010247 0.445760 0.019684 0.032704
0 0.010496 0.363328 0.019187 0.032256
0 0.010462 0.357056 0.019254 0.034496
0 0.010971 0.788480 0.018236 0.051520
0 0.010385 0.381696 0.019409 0.032256
0 0.010247 0.215040 0.019685 0.033600
0 0.010275 0.222656 0.019628 0.035392
0 0.010308 0.230720 0.019563 0.034048
0 0.010388 0.202048 0.019403 0.034048
0 0.010376 0.244608 0.019427 0.034944
0 0.010410 0.253568 0.019358 0.033600
0 0.010525 0.152320 0.019129 0.050624
0 0.010563 0.201600 0.019053 0.051072
0 0.010599 0.251776 0.018981 0.052416
0 0.010706 0.095424 0.018767 0.049728
0 0.010722 0.089600 0.018734 0.048384
0 0.010737 0.081536 0.018705 0.048384
0 0.010749 0.265664 0.018680 0.050176
0 0.010221 0.301952 0.019736 0.035392
0 0.010214 0.345408 0.019751 0.035840
0 0.010259 0.310016 0.019661 0.031808
0 0.010244 0.352576 0.019690 0.034496
0 0.010294 0.316736 0.019591 0.033600
0 0.010277 0.361536 0.019626 0.034496
0 0.010325 0.327040 0.019528 0.032704
0 0.010318 0.367360 0.019543 0.034496
0 0.010361 0.332416 0.019456 0.032704
0 0.010395 0.341824 0.019388 0.034496
0 0.010351 0.374528 0.019477 0.034496
0 0.010427 0.346752 0.019325 0.033600
0 0.010235 0.489216 0.019708 0.034944
0 0.010279 0.452928 0.019621 0.035840
0 0.010267 0.495040 0.019645 0.034048
0 0.010312 0.461888 0.019554 0.031360
0 0.010504 0.547904 0.019171 0.032704
0 0.010545 0.513856 0.019088 0.033600
0 0.010532 0.555520 0.019114 0.031808
0 0.010444 0.625856 0.019290 0.032256
0 0.010399 0.660800 0.019380 0.031808
0 0.010433 0.666624 0.019313 0.034944
0 0.010464 0.676928 0.019251 0.033600
0 0.010511 0.640640 0.019156 0.033600
0 0.010548 0.649152 0.019082 0.031808
0 0.010574 0.563136 0.019032 0.032256
0 0.010585 0.521024 0.019009 0.034944
0 0.010603 0.571648 0.018973 0.034048
0 0.010653 0.535360 0.018873 0.034944
0 0.010638 0.577472 0.018903 0.032704
0 0.010671 0.584192 0.018837 0.034496
0 0.010707 0.593152 0.018765 0.032256
0 0.010787 0.500864 0.018605 0.051968
0 0.010867 0.557760 0.018445 0.052864
0 0.010889 0.548352 0.018400 0.051072
0 0.010914 0.541184 0.018351 0.051520
0 0.010935 0.529536 0.018309 0.050624
0 0.010952 0.521024 0.018275 0.049728
0 0.010956 0.729344 0.018266 0.050176
0 0.010295 0.637504 0.019588 0.032256
0 0.010998 0.784000 0.018182 0.051520
0 0.010467 0.538944 0.019245 0.035392
0 0.010519 0.505344 0.019141 0.034496
0 0.010437 0.532672 0.019305 0.033600
0 0.010150 0.744576 0.019878 0.034496
0 0.010348 0.466816 0.019483 0.032704
0 0.010379 0.477120 0.019421 0.034944
0 0.010412 0.483392 0.019355 0.033600
0 0.010447 0.491456 0.019284 0.034048
0 0.010139 0.559104 0.019901 0.034048
0 0.010161 0.608832 0.019857 0.033600
0 0.010204 0.575680 0.019771 0.034496
0 0.010196 0.616000 0.019786 0.034048
0 0.010128 0.692608 0.019922 0.034944
0 0.010116 0.735616 0.019946 0.034048
0 0.010161 0.703808 0.019857 0.033600
0 0.010196 0.708736 0.019786 0.032256
0 0.010413 0.619584 0.019353 0.034496
0 0.010183 0.750848 0.019813 0.032256
0 0.010214 0.760256 0.019751 0.032704
0 0.010227 0.718592 0.019724 0.034496
0 0.010261 0.631232 0.019657 0.034048
0 0.010305 0.596288 0.019569 0.034048
0 0.010300 0.503104 0.019578 0.035392
0 0.010336 0.510720 0.019507 0.034496
0 0.010366 0.517888 0.019447 0.031808
0 0.010402 0.524160 0.019374 0.034496
0 0.010374 0.611968 0.019431 0.035392
0 0.010366 0.653632 0.019446 0.034944
0 0.010278 0.181440 0.019623 0.034944
