0 0.012205 0.676480 0.020232 0.049280
0 0.012151 0.652736 0.020340 0.045248
0 0.011255 0.148288 0.022133 0.021504
0 0.011260 0.129920 0.022122 0.023744
0 0.011259 0.112896 0.022125 0.019264
0 0.011256 0.088256 0.022130 0.021504
0 0.011256 0.068992 0.022130 0.021504
0 0.011229 0.150528 0.022184 0.043008
0 0.011236 0.289408 0.022170 0.023744
0 0.011186 0.274176 0.022270 0.027776
0 0.011198 0.172032 0.022246 0.025984
0 0.011200 0.138880 0.022243 0.019264
0 0.011193 0.116032 0.022257 0.021504
0 0.011192 0.096768 0.022259 0.021504
0 0.011190 0.072128 0.022262 0.023744
0 0.004945 0.446208 0.007966 0.113792
0 0.005280 0.621376 0.007298 0.094528
0 0.005281 0.507584 0.007295 0.090496
0 0.005281 0.397824 0.007295 0.090496
0 0.005285 0.284032 0.007287 0.090496
0 0.016287 0.443072 0.029926 0.193536
0 0.004970 0.695744 0.007918 0.113792
0 0.004960 0.585088 0.007937 0.107520
0 0.011259 0.172032 0.022125 0.025984
0 0.011259 0.194432 0.022125 0.023744
0 0.011258 0.219520 0.022127 0.030016
0 0.011575 0.226688 0.021494 0.036736
0 0.012165 0.516096 0.020313 0.038528
0 0.012220 0.519232 0.020203 0.053760
0 0.012234 0.414848 0.020176 0.043008
0 0.012238 0.365568 0.020167 0.038528
0 0.011990 0.074368 0.020663 0.027776
0 0.011814 0.165760 0.021014 0.025984
0 0.011775 0.122752 0.021092 0.030016
0 0.011740 0.132160 0.021162 0.027776
0 0.011709 0.140672 0.021224 0.023744
0 0.011645 0.153664 0.021354 0.032256
0 0.011236 0.405440 0.022170 0.023744
0 0.010453 0.177408 0.019272 0.062272
0 0.011527 0.294784 0.021588 0.025984
0 0.011496 0.193536 0.021650 0.025984
0 0.011465 0.201152 0.021712 0.032256
0 0.011467 0.230272 0.021709 0.025984
0 0.011393 0.218176 0.021858 0.027776
0 0.011359 0.228032 0.021925 0.034496
0 0.011349 0.377216 0.021944 0.023744
0 0.011329 0.234304 0.021984 0.025984
0 0.004940 0.338688 0.007977 0.113792
