0 0.011854 0.288512 0.020934 0.012544
0 0.010447 0.483840 0.019284 0.053312
0 0.010449 0.592256 0.019281 0.054656
0 0.010437 0.594496 0.019304 0.052416
0 0.010426 0.592256 0.019327 0.054656
0 0.010414 0.595840 0.019351 0.053312
0 0.010403 0.598080 0.019373 0.051520
0 0.010393 0.596288 0.019392 0.054208
0 0.010383 0.595392 0.019412 0.051520
0 0.010377 0.489216 0.019424 0.049280
0 0.010389 0.483392 0.019400 0.050176
0 0.010401 0.482496 0.019376 0.052864
0 0.010412 0.484288 0.019354 0.053312
0 0.010424 0.485184 0.019331 0.051520
0 0.010435 0.485632 0.019308 0.053312
0 0.010457 0.487424 0.019265 0.052864
0 0.011862 0.287168 0.020919 0.017920
0 0.010469 0.486976 0.019241 0.053312
0 0.010480 0.481600 0.019219 0.051520
0 0.010502 0.482496 0.019174 0.055552
0 0.010516 0.483392 0.019147 0.053312
0 0.010525 0.484288 0.019128 0.052864
0 0.010536 0.485184 0.019107 0.053312
0 0.010547 0.485184 0.019085 0.052416
0 0.010558 0.481600 0.019063 0.052864
0 0.010569 0.482496 0.019041 0.053312
0 0.010580 0.479360 0.019018 0.054208
0 0.010590 0.480704 0.018998 0.052416
0 0.010640 0.483840 0.018898 0.043456
0 0.010662 0.532224 0.018855 0.007616
0 0.010459 0.597184 0.019260 0.045248
0 0.010472 0.594048 0.019235 0.054208
0 0.010482 0.594048 0.019214 0.049280
0 0.010505 0.594048 0.019168 0.053312
0 0.010536 0.825216 0.019106 0.059584
0 0.010548 0.826112 0.019082 0.054208
0 0.010559 0.827456 0.019060 0.052864
0 0.010571 0.820736 0.019038 0.052416
0 0.010761 0.799232 0.018656 0.006272
0 0.010802 0.757568 0.018575 0.008512
0 0.010822 0.704256 0.018536 0.017920
0 0.010900 0.686336 0.018378 0.021952
0 0.010889 0.684544 0.018400 0.027776
0 0.010879 0.684096 0.018421 0.027328
0 0.010867 0.683648 0.018445 0.021952
0 0.010427 0.649152 0.019325 0.053312
0 0.010451 0.650048 0.019277 0.052416
0 0.010462 0.649152 0.019255 0.052864
0 0.010471 0.648256 0.019236 0.049280
0 0.010484 0.650496 0.019211 0.052416
0 0.010505 0.650496 0.019168 0.052416
0 0.010517 0.650048 0.019144 0.052416
0 0.010529 0.649152 0.019120 0.052416
0 0.010538 0.650944 0.019103 0.051520
0 0.010579 0.732928 0.019020 0.052864
0 0.010578 0.673792 0.019022 0.052864
0 0.010579 0.607936 0.019020 0.051520
0 0.010549 0.604800 0.019080 0.052864
0 0.010539 0.594496 0.019101 0.053312
0 0.010528 0.594048 0.019123 0.052864
0 0.010516 0.595392 0.019146 0.054208
0 0.010702 0.524160 0.018774 0.007616
0 0.010706 0.514752 0.018766 0.008064
0 0.010699 0.505792 0.018780 0.008064
0 0.010618 0.268800 0.018942 0.053312
0 0.010582 0.197120 0.019015 0.051072
0 0.010563 0.201600 0.019052 0.051072
0 0.010532 0.210112 0.019114 0.051072
0 0.010514 0.215936 0.019150 0.054656
0 0.010504 0.223104 0.019171 0.055552
0 0.010482 0.156352 0.019215 0.051520
0 0.010459 0.336000 0.019260 0.015680
0 0.010441 0.316288 0.019297 0.054208
0 0.010430 0.318528 0.019319 0.053312
0 0.010420 0.319872 0.019339 0.052416
0 0.010410 0.322560 0.019358 0.044800
0 0.010399 0.317632 0.019381 0.056000
0 0.010451 0.257152 0.019276 0.054208
0 0.010440 0.258048 0.019298 0.053312
0 0.010429 0.258496 0.019320 0.054656
0 0.010417 0.255808 0.019344 0.052416
0 0.010406 0.263872 0.019366 0.051520
0 0.010396 0.260288 0.019387 0.054208
0 0.010384 0.258496 0.019411 0.045248
0 0.010336 0.308224 0.019506 0.047936
0 0.010335 0.243712 0.019509 0.054656
0 0.010331 0.175168 0.019516 0.009408
0 0.010346 0.165760 0.019486 0.010752
0 0.010335 0.156800 0.019509 0.009856
0 0.010339 0.148288 0.019500 0.010752
0 0.010353 0.138880 0.019473 0.010752
0 0.010385 0.128128 0.019408 0.007616
0 0.010599 0.258496 0.018980 0.053312
0 0.010524 0.289856 0.019130 0.049728
0 0.010701 0.480256 0.018777 0.008064
0 0.010628 0.254016 0.018922 0.055552
0 0.010701 0.462336 0.018777 0.008064
0 0.010930 0.350336 0.018318 0.007616
0 0.010912 0.211904 0.018354 0.014336
0 0.010839 0.117824 0.018501 0.008064
0 0.010875 0.215040 0.018429 0.014784
0 0.010378 0.436800 0.019422 0.054208
0 0.010388 0.428288 0.019403 0.049728
0 0.010399 0.424256 0.019381 0.052416
0 0.010412 0.427840 0.019354 0.053312
0 0.010423 0.427392 0.019333 0.052864
0 0.010434 0.428288 0.019311 0.052416
0 0.010446 0.426944 0.019287 0.052864
0 0.010455 0.428288 0.019268 0.056000
0 0.010467 0.428288 0.019244 0.054656
0 0.010478 0.427392 0.019223 0.052864
0 0.010501 0.425152 0.019177 0.046592
0 0.010524 0.426496 0.019131 0.051520
0 0.010536 0.426496 0.019107 0.053312
0 0.010547 0.428736 0.019085 0.049280
0 0.010566 0.426048 0.019047 0.052416
0 0.010590 0.427392 0.018999 0.051520
0 0.010613 0.426496 0.018953 0.051520
0 0.010633 0.448448 0.018912 0.053312
0 0.010654 0.325248 0.018871 0.054656
0 0.010621 0.321664 0.018936 0.053312
0 0.010592 0.331968 0.018995 0.051520
0 0.010493 0.330624 0.019192 0.051072
0 0.010526 0.824768 0.019127 0.053312
0 0.010513 0.823872 0.019154 0.051520
0 0.010451 0.807744 0.019277 0.038080
0 0.012037 0.325248 0.020569 0.006272
0 0.012037 0.331968 0.020569 0.005376
0 0.012054 0.331968 0.020534 0.005376
0 0.012038 0.339136 0.020566 0.005376
0 0.012038 0.344960 0.020567 0.005376
0 0.012038 0.358400 0.020567 0.005376
0 0.012038 0.364224 0.020566 0.005376
0 0.012037 0.370944 0.020569 0.006720
0 0.012038 0.391104 0.020567 0.006272
0 0.012039 0.384384 0.020564 0.006272
0 0.012054 0.376768 0.020534 0.006272
0 0.012056 0.390656 0.020531 0.006272
0 0.012057 0.403648 0.020529 0.008512
0 0.012027 0.424256 0.020590 0.011648
0 0.012026 0.456960 0.020591 0.013888
0 0.012042 0.455168 0.020560 0.013888
0 0.012068 0.455616 0.020507 0.015680
0 0.012077 0.456064 0.020488 0.013888
0 0.012087 0.455616 0.020469 0.017920
0 0.012097 0.416640 0.020448 0.008512
0 0.012095 0.396928 0.020453 0.007616
0 0.012095 0.389760 0.020453 0.008064
0 0.012092 0.368256 0.020458 0.006720
0 0.012096 0.363328 0.020452 0.006272
0 0.012096 0.349440 0.020452 0.007616
0 0.012093 0.330176 0.020456 0.007616
0 0.012097 0.317632 0.020448 0.006272
0 0.012095 0.304640 0.020453 0.004928
0 0.012052 0.325696 0.020539 0.006720
0 0.012052 0.318080 0.020539 0.005376
0 0.012092 0.292096 0.020459 0.007616
0 0.012037 0.318528 0.020569 0.005376
0 0.011872 0.288512 0.020900 0.013888
0 0.011879 0.287168 0.020885 0.015680
0 0.011895 0.286272 0.020852 0.014784
0 0.011904 0.275072 0.020834 0.011648
0 0.011934 0.286720 0.020774 0.013888
0 0.011950 0.286272 0.020742 0.014336
0 0.011969 0.286272 0.020706 0.012992
0 0.011986 0.287616 0.020671 0.012992
0 0.011993 0.295680 0.020656 0.006720
0 0.011993 0.303296 0.020656 0.006272
0 0.011995 0.310464 0.020653 0.005376
0 0.011992 0.322560 0.020660 0.006720
0 0.011993 0.340928 0.020656 0.005376
0 0.011994 0.348096 0.020655 0.006272
0 0.011992 0.354816 0.020660 0.005376
0 0.011994 0.361984 0.020655 0.007616
0 0.011992 0.374528 0.020660 0.007616
0 0.011992 0.387968 0.020658 0.007616
0 0.011996 0.400064 0.020652 0.005376
0 0.011996 0.432320 0.020650 0.005376
0 0.011995 0.444416 0.020653 0.006720
0 0.012037 0.287168 0.020569 0.005376
0 0.012035 0.294336 0.020574 0.007616
0 0.012033 0.299712 0.020577 0.006272
0 0.012049 0.293440 0.020545 0.005376
0 0.012033 0.305984 0.020577 0.006272
0 0.012035 0.312256 0.020572 0.006272
0 0.012096 0.298816 0.020452 0.006720
0 0.012096 0.285376 0.020452 0.007616
0 0.010445 0.800576 0.019289 0.033600
0 0.010266 0.508928 0.019646 0.009408
0 0.010273 0.534464 0.019632 0.008064
0 0.010273 0.543424 0.019633 0.007616
0 0.010269 0.552384 0.019640 0.007616
0 0.010273 0.560896 0.019633 0.007616
0 0.010267 0.577920 0.019644 0.008064
0 0.010273 0.595840 0.019633 0.007616
0 0.010265 0.604800 0.019649 0.006720
0 0.010272 0.621376 0.019635 0.006720
0 0.010273 0.628992 0.019632 0.009408
0 0.010273 0.639744 0.019633 0.008512
0 0.010308 0.672448 0.019562 0.037184
0 0.010358 0.668416 0.019463 0.030464
0 0.010329 0.693952 0.019521 0.037184
0 0.010336 0.700672 0.019506 0.038528
0 0.010349 0.713664 0.019481 0.036736
0 0.010358 0.719936 0.019462 0.036736
0 0.010363 0.727552 0.019452 0.037184
0 0.010375 0.732928 0.019428 0.036736
0 0.010381 0.740992 0.019417 0.035392
0 0.010383 0.749504 0.019412 0.036288
0 0.010391 0.755776 0.019397 0.037184
0 0.010402 0.759808 0.019374 0.038080
0 0.010404 0.769664 0.019370 0.038080
0 0.010413 0.775488 0.019352 0.038528
0 0.010423 0.782656 0.019333 0.035392
0 0.010431 0.787584 0.019317 0.036736
0 0.010438 0.794304 0.019303 0.036288
0 0.010269 0.525056 0.019640 0.008064
0 0.010263 0.491456 0.019652 0.008512
0 0.012095 0.278656 0.020453 0.006272
0 0.010266 0.465024 0.019646 0.006272
0 0.012092 0.271936 0.020459 0.006720
0 0.012141 0.064512 0.020361 0.007616
0 0.012093 0.251776 0.020456 0.007616
0 0.012089 0.219072 0.020464 0.008064
0 0.011880 0.101248 0.020884 0.015680
0 0.011871 0.154112 0.020901 0.013888
0 0.011809 0.194880 0.021025 0.015680
0 0.011818 0.134848 0.021008 0.014336
0 0.011446 0.185024 0.021751 0.008064
0 0.011445 0.194880 0.021753 0.008064
0 0.010654 0.856128 0.018871 0.006720
0 0.010656 0.937664 0.018866 0.039872
0 0.010721 0.938560 0.018736 0.041216
0 0.010868 0.947968 0.018443 0.044352
0 0.010885 0.957824 0.018408 0.043456
0 0.010917 0.953792 0.018345 0.043008
0 0.010919 0.906752 0.018340 0.022400
0 0.010924 0.899584 0.018331 0.022848
0 0.010934 0.881664 0.018310 0.024192
0 0.010285 0.369600 0.019609 0.007616
0 0.010265 0.358848 0.019649 0.007616
0 0.010266 0.377664 0.019646 0.008064
0 0.010268 0.394688 0.019643 0.007616
0 0.010277 0.404992 0.019624 0.007616
0 0.010257 0.413056 0.019665 0.008064
0 0.010298 0.422464 0.019582 0.007616
0 0.010292 0.456512 0.019595 0.007616
0 0.010281 0.065408 0.019616 0.008064
