0 0.011471 0.962304 0.021700 0.021056
0 0.010505 0.499072 0.019168 0.060928
0 0.010522 0.464576 0.019135 0.059584
0 0.010533 0.449792 0.019112 0.052416
0 0.010537 0.430080 0.019104 0.055104
0 0.010546 0.416640 0.019086 0.053760
0 0.010556 0.396032 0.019066 0.055104
0 0.010569 0.380352 0.019041 0.055104
0 0.010578 0.356160 0.019023 0.049728
0 0.010395 0.827904 0.019389 0.043904
0 0.010420 0.845824 0.019338 0.042560
0 0.010447 0.862400 0.019285 0.047936
0 0.010512 0.907200 0.019155 0.043904
0 0.010526 0.913472 0.019127 0.045248
0 0.010588 0.341376 0.019002 0.051072
0 0.010386 0.592704 0.019407 0.041216
0 0.010458 0.458304 0.019262 0.041216
0 0.010489 0.391104 0.019201 0.042560
0 0.010505 0.365568 0.019168 0.039872
0 0.010521 0.335104 0.019137 0.043904
0 0.010510 0.348992 0.019158 0.038080
0 0.010516 0.485632 0.019148 0.059584
0 0.010496 0.514752 0.019186 0.060928
0 0.011527 0.904960 0.021588 0.042560
0 0.010488 0.534912 0.019204 0.052416
0 0.010843 0.245056 0.018493 0.039872
0 0.010849 0.230272 0.018481 0.038080
0 0.010849 0.213696 0.018481 0.039872
0 0.010640 0.635264 0.018898 0.035392
0 0.010647 0.618240 0.018885 0.035392
0 0.010639 0.536704 0.018901 0.056448
0 0.010622 0.531776 0.018934 0.049728
0 0.010530 0.822976 0.019120 0.036736
0 0.010554 0.781312 0.019071 0.052416
0 0.010535 0.774144 0.019109 0.052416
0 0.010554 0.650048 0.019071 0.056448
0 0.010655 0.289856 0.018868 0.043904
0 0.010681 0.245952 0.018817 0.041216
0 0.010692 0.233856 0.018794 0.039872
0 0.010708 0.202048 0.018763 0.043904
0 0.010731 0.158144 0.018717 0.043904
0 0.010736 0.135296 0.018707 0.038080
0 0.010753 0.125440 0.018672 0.035392
0 0.010479 0.553280 0.019221 0.052416
0 0.010527 0.316736 0.019125 0.043904
0 0.010538 0.302400 0.019102 0.041216
0 0.010545 0.288960 0.019089 0.045248
0 0.010498 0.894656 0.019183 0.052416
0 0.010285 0.500864 0.019608 0.041216
0 0.010294 0.487424 0.019590 0.042560
0 0.010300 0.472192 0.019578 0.041216
0 0.010308 0.458752 0.019562 0.042560
0 0.010321 0.443968 0.019537 0.043904
0 0.010327 0.430080 0.019524 0.043904
0 0.010334 0.415744 0.019512 0.043904
0 0.010340 0.399616 0.019499 0.045248
0 0.010348 0.386176 0.019484 0.043904
0 0.010358 0.372736 0.019463 0.042560
0 0.010362 0.354816 0.019456 0.043904
0 0.010369 0.338688 0.019440 0.045248
0 0.010378 0.323456 0.019422 0.041216
0 0.010387 0.310912 0.019405 0.041216
0 0.010393 0.296128 0.019392 0.042560
0 0.010402 0.280448 0.019374 0.039872
0 0.010409 0.265664 0.019361 0.043904
0 0.010425 0.237440 0.019328 0.043904
0 0.010418 0.249088 0.019344 0.036736
0 0.010502 0.171584 0.019176 0.059584
0 0.010493 0.152320 0.019193 0.060928
0 0.010470 0.282688 0.019239 0.058240
0 0.010252 0.735168 0.019674 0.056448
0 0.010485 0.890176 0.019209 0.046592
0 0.010472 0.879424 0.019234 0.051072
0 0.010457 0.870912 0.019265 0.045248
0 0.010432 0.853440 0.019316 0.046592
0 0.010405 0.834176 0.019369 0.053760
0 0.010353 0.796544 0.019473 0.055104
0 0.010337 0.788928 0.019504 0.053760
0 0.010272 0.743680 0.019634 0.045248
0 0.010241 0.725312 0.019697 0.051072
0 0.010419 0.386624 0.019341 0.056448
0 0.010228 0.717248 0.019723 0.052416
0 0.010215 0.704704 0.019748 0.055104
0 0.010204 0.703808 0.019771 0.042560
0 0.010191 0.697088 0.019797 0.042560
0 0.010177 0.687680 0.019825 0.043904
0 0.010162 0.681408 0.019855 0.045248
0 0.010349 0.511168 0.019481 0.056448
0 0.010404 0.425152 0.019372 0.059584
0 0.010830 0.274624 0.018519 0.034048
0 0.010815 0.286272 0.018549 0.039872
0 0.010809 0.303296 0.018560 0.039872
0 0.010597 0.327040 0.018985 0.056448
0 0.011311 0.773248 0.022021 0.034048
0 0.011299 0.764736 0.022044 0.034048
0 0.011280 0.881216 0.022082 0.039872
0 0.011264 0.870464 0.022115 0.043904
0 0.011254 0.861952 0.022136 0.038080
0 0.011240 0.851200 0.022164 0.042560
0 0.011289 0.744128 0.022064 0.035392
0 0.010214 0.611072 0.019751 0.038080
0 0.010222 0.598528 0.019736 0.041216
0 0.010229 0.581952 0.019720 0.042560
0 0.010237 0.568064 0.019705 0.039872
0 0.010246 0.555072 0.019687 0.042560
0 0.010261 0.546560 0.019657 0.042560
0 0.010808 0.319424 0.018562 0.035392
0 0.010834 0.259392 0.018511 0.039872
0 0.010662 0.273280 0.018855 0.045248
0 0.010671 0.257152 0.018837 0.043904
0 0.010697 0.213696 0.018784 0.036736
0 0.010713 0.185472 0.018753 0.045248
0 0.011324 0.781760 0.021996 0.036736
0 0.011335 0.791616 0.021973 0.034048
0 0.011352 0.798784 0.021940 0.031360
0 0.011394 0.824320 0.021856 0.031360
0 0.011516 0.893760 0.021611 0.031360
0 0.011502 0.890176 0.021639 0.035392
0 0.011488 0.885248 0.021667 0.039872
0 0.011476 0.871808 0.021690 0.035392
0 0.011462 0.869120 0.021718 0.032704
0 0.011433 0.860608 0.021777 0.038080
0 0.011420 0.848512 0.021802 0.036736
0 0.011404 0.836416 0.021835 0.032704
0 0.011382 0.814464 0.021879 0.025536
0 0.011359 0.808192 0.021924 0.038080
0 0.011401 0.959616 0.021840 0.032704
0 0.011387 0.953792 0.021868 0.035392
0 0.011359 0.937664 0.021924 0.036736
0 0.011345 0.921536 0.021952 0.035392
0 0.011329 0.914368 0.021985 0.032704
0 0.011311 0.900928 0.022021 0.034048
0 0.011299 0.891072 0.022044 0.036736
0 0.011326 0.869568 0.021991 0.034048
0 0.010720 0.170688 0.018738 0.043904
0 0.010537 0.644672 0.019104 0.051072
0 0.010799 0.335552 0.018580 0.034048
0 0.010617 0.659904 0.018944 0.039872
0 0.010430 0.499072 0.019318 0.038080
0 0.010437 0.487424 0.019305 0.042560
0 0.010447 0.472192 0.019285 0.043904
0 0.010463 0.441280 0.019252 0.041216
0 0.010468 0.424256 0.019242 0.041216
0 0.010439 0.599872 0.019300 0.058240
0 0.010569 0.792512 0.019041 0.052416
0 0.010858 0.196224 0.018463 0.038080
0 0.010729 0.398720 0.018720 0.043904
0 0.010390 0.445312 0.019400 0.052416
0 0.010432 0.357504 0.019316 0.052416
0 0.010444 0.330176 0.019290 0.053760
0 0.010460 0.303296 0.019260 0.059584
0 0.010477 0.257600 0.019224 0.059584
0 0.010372 0.483840 0.019435 0.058240
0 0.010738 0.383936 0.018702 0.039872
0 0.010771 0.380352 0.018636 0.038080
0 0.010780 0.364224 0.018618 0.039872
0 0.010785 0.349888 0.018608 0.039872
0 0.010416 0.531328 0.019346 0.042560
0 0.010409 0.546112 0.019361 0.043904
0 0.010400 0.557312 0.019379 0.035392
0 0.010574 0.655872 0.019030 0.047936
0 0.010630 0.648704 0.018918 0.039872
0 0.010666 0.592256 0.018847 0.031360
0 0.010655 0.603456 0.018868 0.031360
0 0.010669 0.576576 0.018840 0.031360
0 0.010686 0.566720 0.018807 0.028224
0 0.010616 0.680064 0.018946 0.031360
0 0.010367 0.806848 0.019445 0.055104
0 0.010379 0.815360 0.019420 0.055104
0 0.010510 0.617344 0.019158 0.056448
0 0.010392 0.573440 0.019394 0.036736
0 0.010494 0.616896 0.019191 0.049728
0 0.010524 0.631232 0.019130 0.055104
0 0.010606 0.510720 0.018967 0.055104
0 0.010465 0.573440 0.019249 0.059584
0 0.010452 0.592704 0.019275 0.063616
0 0.010425 0.640192 0.019328 0.051072
0 0.010370 0.622720 0.019438 0.032704
0 0.010374 0.602560 0.019430 0.035392
0 0.010433 0.219520 0.019313 0.039872
