0 0.011429 0.546112 0.021785 0.012992
0 0.010793 0.493248 0.018594 0.050624
0 0.010702 0.227584 0.018775 0.030464
0 0.010702 0.242368 0.018775 0.030464
0 0.010698 0.257600 0.018782 0.030464
0 0.010698 0.273280 0.018782 0.030464
0 0.010696 0.287616 0.018787 0.031360
0 0.010694 0.317184 0.018791 0.031360
0 0.010692 0.332864 0.018794 0.029568
0 0.010696 0.347648 0.018787 0.031360
0 0.010688 0.378112 0.018803 0.032256
0 0.010687 0.394688 0.018805 0.030464
0 0.010614 0.219072 0.018950 0.028672
0 0.010615 0.278208 0.018948 0.030464
0 0.010613 0.292096 0.018953 0.029568
0 0.010600 0.320320 0.018978 0.030464
0 0.010596 0.379456 0.018987 0.029568
0 0.010589 0.483392 0.019001 0.029568
0 0.010587 0.498176 0.019005 0.031360
0 0.010590 0.514304 0.018999 0.026432
0 0.010588 0.559104 0.019003 0.030464
0 0.010585 0.573440 0.019008 0.031360
0 0.010184 0.462336 0.019811 0.034944
0 0.010182 0.478464 0.019815 0.034048
0 0.010180 0.511168 0.019818 0.036736
0 0.010177 0.529088 0.019825 0.037632
0 0.010177 0.547008 0.019825 0.036736
0 0.010790 0.529984 0.018598 0.052416
0 0.010796 0.473088 0.018587 0.048832
0 0.010175 0.617344 0.019829 0.037632
0 0.010797 0.455616 0.018584 0.047040
0 0.010537 0.129024 0.019104 0.047040
0 0.010550 0.065856 0.019079 0.050624
0 0.010566 0.065856 0.019047 0.047040
0 0.010585 0.071680 0.019008 0.047936
0 0.010605 0.071232 0.018969 0.050624
0 0.010626 0.071232 0.018927 0.050624
0 0.010650 0.072576 0.018879 0.046144
0 0.010672 0.072128 0.018835 0.050624
0 0.010766 0.116928 0.018646 0.047936
0 0.010784 0.107072 0.018610 0.070784
0 0.010803 0.107520 0.018573 0.069888
0 0.010821 0.108416 0.018536 0.069888
0 0.010840 0.119616 0.018499 0.047936
0 0.010857 0.109312 0.018465 0.071680
0 0.010895 0.121856 0.018389 0.048832
0 0.010819 0.273280 0.018541 0.048832
0 0.010817 0.291200 0.018545 0.047936
0 0.010814 0.308672 0.018550 0.047936
0 0.010813 0.327040 0.018552 0.047936
0 0.010809 0.346752 0.018561 0.047040
0 0.010807 0.364672 0.018564 0.047936
0 0.010805 0.381248 0.018568 0.051520
0 0.010804 0.400064 0.018571 0.050624
0 0.010802 0.418880 0.018575 0.050624
0 0.010799 0.435904 0.018580 0.048832
0 0.010176 0.598080 0.019827 0.039424
0 0.010175 0.635264 0.019829 0.036736
0 0.011435 0.517888 0.021774 0.008064
0 0.011405 0.329280 0.021834 0.017472
0 0.011401 0.356608 0.021840 0.018368
0 0.011389 0.353920 0.021866 0.018368
0 0.011391 0.331968 0.021861 0.016576
0 0.011379 0.328832 0.021884 0.020160
0 0.011364 0.327040 0.021914 0.018368
0 0.011339 0.353024 0.021965 0.016576
0 0.011305 0.295680 0.022034 0.010304
0 0.011303 0.305088 0.022036 0.011200
0 0.011303 0.314944 0.022036 0.010304
0 0.011305 0.395584 0.022034 0.019264
0 0.011303 0.417088 0.022036 0.018368
0 0.011321 0.394688 0.022002 0.019264
0 0.011334 0.394688 0.021974 0.019264
0 0.011332 0.417984 0.021979 0.020160
0 0.011347 0.398720 0.021949 0.021952
0 0.011356 0.421120 0.021930 0.020160
0 0.011372 0.399616 0.021898 0.016576
0 0.011384 0.400064 0.021875 0.019264
0 0.011383 0.420224 0.021877 0.016576
0 0.011394 0.424256 0.021854 0.017472
0 0.011399 0.400512 0.021845 0.020160
0 0.011408 0.421120 0.021827 0.014784
0 0.011422 0.404544 0.021799 0.021952
0 0.011430 0.423360 0.021783 0.019264
0 0.011431 0.486976 0.021781 0.011200
0 0.011412 0.356608 0.021820 0.020160
0 0.011416 0.329280 0.021811 0.017472
0 0.010175 0.652288 0.019829 0.039424
0 0.011429 0.330624 0.021785 0.017472
0 0.010172 0.669760 0.019834 0.037632
0 0.010174 0.705600 0.019832 0.041216
0 0.010172 0.726656 0.019834 0.041216
0 0.010171 0.743232 0.019836 0.041216
0 0.010170 0.761152 0.019838 0.040320
0 0.010170 0.800576 0.019838 0.042112
0 0.011307 0.177408 0.022029 0.018368
0 0.011308 0.191744 0.022027 0.015680
0 0.011308 0.204288 0.022027 0.017472
0 0.011306 0.216832 0.022031 0.021952
0 0.011455 0.228480 0.021732 0.013888
0 0.011455 0.239232 0.021732 0.012096
0 0.011455 0.250432 0.021732 0.010304
0 0.011454 0.261184 0.021735 0.009408
0 0.011454 0.270144 0.021735 0.011200
0 0.011443 0.284928 0.021758 0.020160
0 0.011416 0.283584 0.021811 0.021056
0 0.011819 0.089600 0.021005 0.019264
0 0.011819 0.101248 0.021005 0.016576
0 0.011814 0.111552 0.021014 0.017472
0 0.011814 0.122752 0.021014 0.013888
0 0.011815 0.133952 0.021012 0.012096
0 0.011450 0.357504 0.021744 0.018368
0 0.011447 0.399616 0.021748 0.018368
0 0.011438 0.356160 0.021767 0.017472
0 0.010481 0.129472 0.019217 0.046144
