0 0.010393 0.767872 0.019393 0.129920
0 0.010417 0.748160 0.019345 0.131264
0 0.010515 0.621376 0.019149 0.127680
0 0.010465 0.679168 0.019248 0.126336
0 0.010491 0.650944 0.019198 0.129024
0 0.010473 0.518336 0.019233 0.105728
0 0.010488 0.447104 0.019203 0.103488
0 0.010418 0.413056 0.019343 0.033152
0 0.010395 0.447104 0.019389 0.039424
0 0.010398 0.614208 0.019382 0.111104
0 0.010373 0.477568 0.019432 0.047040
0 0.010403 0.555520 0.019373 0.105728
0 0.010345 0.507584 0.019488 0.038080
0 0.010329 0.538048 0.019520 0.038080
0 0.010329 0.709632 0.019521 0.103488
0 0.010315 0.684992 0.019549 0.104384
0 0.010299 0.570304 0.019581 0.035840
0 0.010539 0.590016 0.019101 0.126336
0 0.010561 0.554624 0.019056 0.127680
0 0.010585 0.524160 0.019010 0.129920
0 0.010652 0.436800 0.018875 0.129024
0 0.010439 0.709184 0.019300 0.124992
0 0.010907 0.146048 0.018365 0.108416
0 0.010829 0.251328 0.018520 0.107072
0 0.010733 0.370048 0.018714 0.099456
0 0.010665 0.157696 0.018849 0.116032
0 0.010676 0.418880 0.018827 0.129024
0 0.010630 0.469504 0.018918 0.132608
0 0.010554 0.361536 0.019071 0.105728
0 0.010606 0.499968 0.018967 0.135296
0 0.010537 0.258944 0.019104 0.033152
0 0.010513 0.290304 0.019153 0.034496
0 0.010491 0.321216 0.019196 0.038080
0 0.010464 0.353472 0.019250 0.030464
0 0.010439 0.386624 0.019300 0.028224
0 0.010285 0.600320 0.019609 0.039424
