0 0.010379 0.628992 0.019421 0.040768
0 0.010492 0.410368 0.019194 0.049280
0 0.010736 0.318528 0.018707 0.050624
0 0.010721 0.335104 0.018736 0.050624
0 0.010703 0.348544 0.018773 0.049280
0 0.010672 0.379456 0.018835 0.051968
0 0.010659 0.396928 0.018860 0.050624
0 0.010643 0.411712 0.018893 0.049280
0 0.010626 0.426496 0.018926 0.050624
0 0.010595 0.459200 0.018988 0.049280
0 0.010519 0.392896 0.019140 0.044800
0 0.010389 0.376768 0.019400 0.046144
0 0.010527 0.378112 0.019124 0.049280
0 0.010548 0.363328 0.019083 0.050624
0 0.010562 0.348544 0.019054 0.049280
0 0.010579 0.329728 0.019021 0.047488
0 0.010593 0.316288 0.018992 0.051968
0 0.010610 0.301056 0.018959 0.051968
0 0.010626 0.288064 0.018926 0.051968
0 0.010645 0.271936 0.018889 0.050624
0 0.010756 0.302848 0.018666 0.050624
0 0.010785 0.596736 0.018608 0.060480
0 0.010857 0.532224 0.018464 0.049280
0 0.010715 0.472640 0.018748 0.050624
0 0.010954 0.190848 0.018270 0.050624
0 0.010874 0.198464 0.018431 0.049280
0 0.010880 0.152320 0.018418 0.046144
0 0.010860 0.113792 0.018460 0.050624
0 0.010777 0.150080 0.018625 0.050624
0 0.010798 0.110656 0.018583 0.050624
0 0.010789 0.131264 0.018600 0.046144
0 0.010723 0.071680 0.018732 0.044800
0 0.010705 0.090496 0.018769 0.051968
0 0.010688 0.101696 0.018802 0.043456
0 0.010851 0.352128 0.018476 0.050624
0 0.010833 0.366912 0.018513 0.049280
0 0.010814 0.382144 0.018550 0.049280
0 0.010800 0.396032 0.018579 0.049280
0 0.010771 0.430080 0.018637 0.049280
0 0.010752 0.443968 0.018674 0.049280
0 0.010738 0.458752 0.018703 0.044800
0 0.010668 0.257152 0.018843 0.051968
0 0.010404 0.362432 0.019371 0.046144
0 0.010406 0.620032 0.019367 0.042112
0 0.010843 0.670208 0.018493 0.050624
0 0.010323 0.555520 0.019532 0.044800
0 0.010307 0.571648 0.019565 0.043456
0 0.010290 0.586432 0.019598 0.042112
0 0.010515 0.508928 0.019149 0.042112
0 0.010501 0.525056 0.019177 0.046144
0 0.010486 0.542080 0.019206 0.043456
0 0.010579 0.564480 0.019021 0.043456
0 0.010589 0.547904 0.019000 0.043456
0 0.010775 0.736512 0.018629 0.050624
0 0.010420 0.344512 0.019338 0.046144
0 0.010715 0.659008 0.018748 0.058688
0 0.010651 0.718592 0.018876 0.060480
0 0.010631 0.706944 0.018918 0.061824
0 0.010523 0.631680 0.019132 0.040768
0 0.010511 0.647808 0.019157 0.042112
0 0.010490 0.663488 0.019198 0.039424
0 0.010439 0.588224 0.019301 0.043456
0 0.010420 0.603008 0.019338 0.042112
0 0.010346 0.542976 0.019487 0.044800
0 0.010397 0.497280 0.019384 0.043456
0 0.010416 0.482496 0.019347 0.044800
0 0.010428 0.467712 0.019322 0.046144
0 0.010439 0.331520 0.019301 0.046144
0 0.010453 0.314048 0.019272 0.047488
0 0.010472 0.300160 0.019235 0.050624
0 0.010486 0.285376 0.019206 0.049280
0 0.010503 0.269248 0.019173 0.050624
0 0.010525 0.255360 0.019128 0.050624
0 0.010538 0.241024 0.019103 0.050624
0 0.010556 0.224896 0.019066 0.051968
0 0.010573 0.209664 0.019033 0.049280
0 0.010342 0.421568 0.019495 0.043456
0 0.010325 0.436352 0.019528 0.042112
0 0.010311 0.454272 0.019557 0.042112
0 0.010286 0.465024 0.019607 0.040768
0 0.010255 0.498624 0.019668 0.043456
0 0.010241 0.511168 0.019697 0.040768
0 0.010226 0.528640 0.019726 0.042112
0 0.010210 0.543424 0.019759 0.043456
0 0.010967 0.167552 0.018245 0.051968
