0 0.011621 0.895104 0.021402 0.043904
0 0.010400 0.694400 0.019379 0.103488
0 0.010687 0.430080 0.018804 0.059584
0 0.010698 0.446656 0.018783 0.061824
0 0.010310 0.462784 0.019559 0.078848
0 0.010319 0.522368 0.019541 0.076608
0 0.010420 0.479808 0.019339 0.104832
0 0.010415 0.513408 0.019349 0.105728
0 0.010411 0.589568 0.019357 0.104832
0 0.010409 0.626304 0.019361 0.107520
0 0.010404 0.661696 0.019370 0.105728
0 0.010482 0.615552 0.019215 0.104832
0 0.010721 0.481152 0.018737 0.059584
0 0.010483 0.578368 0.019212 0.103936
0 0.010504 0.568064 0.019171 0.102592
0 0.010480 0.653184 0.019218 0.104832
0 0.010479 0.692160 0.019221 0.104832
0 0.010528 0.504896 0.019122 0.104832
0 0.010571 0.537152 0.019036 0.103936
0 0.010591 0.603008 0.018996 0.105728
0 0.010638 0.638848 0.018903 0.102592
0 0.010661 0.708736 0.018856 0.105728
0 0.010676 0.413952 0.018827 0.060032
0 0.010665 0.395136 0.018849 0.062720
0 0.010654 0.379456 0.018871 0.060928
0 0.010642 0.361984 0.018894 0.060032
0 0.010443 0.336000 0.019293 0.103936
0 0.010459 0.320768 0.019261 0.105728
0 0.010454 0.092288 0.019270 0.060928
0 0.010477 0.126336 0.019225 0.059584
0 0.010488 0.144704 0.019202 0.060032
0 0.010500 0.161728 0.019178 0.061824
0 0.010521 0.169792 0.019137 0.060928
0 0.010531 0.189056 0.019116 0.059584
0 0.010543 0.206080 0.019092 0.060928
0 0.010554 0.222656 0.019071 0.060928
0 0.010565 0.240128 0.019048 0.061824
0 0.010575 0.258048 0.019028 0.060032
0 0.010586 0.275072 0.019006 0.061824
0 0.010597 0.292096 0.018985 0.061824
0 0.010609 0.309568 0.018960 0.060928
0 0.010621 0.326144 0.018937 0.060032
0 0.010631 0.344064 0.018917 0.060032
0 0.010462 0.404096 0.019255 0.106624
0 0.010507 0.434560 0.019164 0.105728
0 0.010710 0.464128 0.018758 0.059584
0 0.010733 0.499520 0.018712 0.060032
0 0.011613 0.874944 0.021417 0.036736
0 0.011539 0.109312 0.021565 0.031808
0 0.011202 0.201600 0.022238 0.030912
0 0.011214 0.193088 0.022214 0.033152
0 0.011224 0.180544 0.022194 0.032704
0 0.011237 0.171136 0.022168 0.033152
0 0.011433 0.149632 0.021777 0.032704
0 0.011447 0.190848 0.021750 0.034944
0 0.011516 0.065408 0.021611 0.030016
0 0.011520 0.081536 0.021602 0.030912
0 0.011532 0.095872 0.021578 0.027776
0 0.011494 0.694400 0.021655 0.036736
0 0.010742 0.515648 0.018694 0.061824
0 0.011504 0.707392 0.021635 0.034944
0 0.011515 0.725760 0.021612 0.035840
0 0.011522 0.742336 0.021598 0.038080
0 0.011538 0.758912 0.021568 0.034944
0 0.011553 0.771456 0.021538 0.032704
0 0.011558 0.791616 0.021528 0.035840
0 0.011571 0.807744 0.021500 0.033152
0 0.011591 0.839104 0.021462 0.033152
0 0.011603 0.853888 0.021436 0.038080
0 0.011179 0.218624 0.022286 0.030016
0 0.011194 0.119168 0.022256 0.033152
0 0.011204 0.107968 0.022234 0.028672
0 0.011213 0.094976 0.022217 0.029120
0 0.010753 0.534464 0.018672 0.061824
0 0.010764 0.551040 0.018651 0.060928
0 0.010775 0.568512 0.018628 0.060928
0 0.010787 0.584640 0.018605 0.060928
0 0.010798 0.604352 0.018584 0.060032
0 0.010809 0.620480 0.018561 0.059584
0 0.010820 0.637952 0.018538 0.061824
0 0.010831 0.654976 0.018516 0.063616
0 0.010843 0.671104 0.018492 0.060032
0 0.010855 0.689472 0.018469 0.059584
0 0.010473 0.726656 0.019233 0.105728
0 0.010468 0.760704 0.019243 0.103936
0 0.010468 0.798336 0.019243 0.103936
0 0.010545 0.751744 0.019089 0.108864
0 0.010540 0.790272 0.019098 0.104832
0 0.010536 0.823872 0.019106 0.101696
0 0.010535 0.859264 0.019108 0.103936
0 0.010676 0.779520 0.018827 0.073024
0 0.011224 0.086912 0.022195 0.035840
0 0.010348 0.263424 0.019482 0.079744
