0 0.000867 0.951552 0.001734 0.026880
0 0.000340 0.437696 0.000680 0.017472
0 0.000361 0.237888 0.000722 0.015680
0 0.000353 0.258048 0.000706 0.013888
0 0.000376 0.322560 0.000753 0.017920
0 0.000393 0.338240 0.000787 0.021056
0 0.000895 0.442176 0.001791 0.017920
0 0.000902 0.490112 0.001804 0.024192
0 0.000892 0.516992 0.001784 0.025088
0 0.000385 0.442624 0.000770 0.015232
0 0.000299 0.435904 0.000599 0.014336
0 0.000870 0.623616 0.001740 0.024192
0 0.000261 0.431424 0.000522 0.017472
0 0.000197 0.444864 0.000395 0.016128
0 0.000180 0.471744 0.000359 0.017920
0 0.000183 0.491904 0.000365 0.018368
0 0.000213 0.503552 0.000427 0.018816
0 0.000251 0.506240 0.000501 0.017024
0 0.000877 0.543872 0.001754 0.024192
0 0.000882 0.570752 0.001763 0.025536
0 0.000365 0.221760 0.000730 0.013440
0 0.000183 0.307328 0.000365 0.013440
0 0.000197 0.261184 0.000394 0.015232
0 0.000191 0.231168 0.000383 0.013440
0 0.000758 0.021504 0.001516 0.026432
0 0.000837 0.030464 0.001675 0.031360
0 0.000869 0.050176 0.001737 0.028224
0 0.000924 0.079296 0.001849 0.012992
0 0.000229 0.092736 0.000459 0.013888
0 0.000223 0.107968 0.000446 0.013888
0 0.000410 0.086912 0.000820 0.016576
0 0.000834 0.109760 0.001669 0.021952
0 0.001034 0.093632 0.002069 0.030016
0 0.000219 0.122752 0.000438 0.014336
0 0.000222 0.138432 0.000444 0.014784
0 0.000406 0.146496 0.000812 0.026880
0 0.000407 0.180096 0.000814 0.033152
0 0.000402 0.210560 0.000805 0.018816
0 0.000818 0.173824 0.001636 0.018816
0 0.000800 0.197568 0.001599 0.032256
0 0.001009 0.167104 0.002017 0.023744
0 0.000865 0.597184 0.001729 0.023744
0 0.000719 0.608384 0.001438 0.018816
0 0.000779 0.950208 0.001558 0.030016
0 0.000222 0.873152 0.000444 0.026880
0 0.001004 0.702912 0.002007 0.018368
0 0.000157 0.773696 0.000313 0.029120
0 0.000240 0.776384 0.000479 0.030912
0 0.000312 0.777728 0.000625 0.030016
0 0.000386 0.779520 0.000771 0.025088
0 0.000713 0.785792 0.001425 0.024192
0 0.000809 0.790272 0.001618 0.029120
0 0.000137 0.873152 0.000274 0.021952
0 0.000299 0.875840 0.000598 0.028224
0 0.000285 0.553728 0.000570 0.014336
0 0.000374 0.878080 0.000748 0.029568
0 0.000660 0.885248 0.001319 0.025536
0 0.000744 0.887488 0.001488 0.029568
0 0.000894 0.891072 0.001787 0.025984
0 0.000136 0.931392 0.000273 0.029568
0 0.000238 0.934976 0.000476 0.030912
0 0.000595 0.945728 0.001190 0.030016
0 0.000687 0.947968 0.001374 0.029120
0 0.000928 0.733376 0.001857 0.014336
0 0.000869 0.674688 0.001739 0.021952
0 0.000865 0.649600 0.001730 0.024192
0 0.000837 0.731136 0.001675 0.014784
0 0.000341 0.626304 0.000682 0.016128
0 0.000303 0.628992 0.000607 0.017024
0 0.000225 0.626752 0.000449 0.018816
0 0.000187 0.621376 0.000375 0.017920
0 0.000161 0.611072 0.000322 0.020160
0 0.000151 0.596736 0.000303 0.013888
0 0.000154 0.577024 0.000307 0.015680
0 0.000198 0.551936 0.000396 0.022400
0 0.000176 0.711872 0.000352 0.030464
0 0.000261 0.714112 0.000523 0.030464
0 0.000355 0.716800 0.000711 0.030464
0 0.000713 0.642880 0.001426 0.017024
0 0.000656 0.707392 0.001313 0.013440
0 0.000647 0.725312 0.001294 0.013440
0 0.000692 0.726208 0.001383 0.013888
0 0.000736 0.728000 0.001472 0.015232
0 0.000795 0.729792 0.001589 0.013440
0 0.000128 0.041664 0.000256 0.018368
