0 0.005237 0.383040 0.007383 0.051968
0 0.005004 0.679616 0.007849 0.049728
0 0.004746 0.371840 0.008366 0.051072
0 0.004750 0.447104 0.008358 0.051968
0 0.004751 0.522816 0.008355 0.051968
0 0.004756 0.598080 0.008344 0.051072
0 0.004988 0.242368 0.007881 0.051968
0 0.004999 0.546112 0.007860 0.051072
0 0.005003 0.605696 0.007852 0.051072
0 0.005007 0.739200 0.007843 0.051968
0 0.005232 0.306432 0.007394 0.051968
0 0.005183 0.541184 0.007491 0.051968
0 0.005187 0.600320 0.007483 0.052864
0 0.005190 0.674688 0.007477 0.051072
0 0.005191 0.733824 0.007475 0.049728
0 0.005220 0.081536 0.007418 0.051072
0 0.005224 0.156352 0.007410 0.052864
0 0.005228 0.233408 0.007402 0.051072
0 0.004742 0.296128 0.008374 0.051072
