0 0.011330 0.686336 0.021983 0.033152
0 0.011331 0.516544 0.021981 0.025984
0 0.010961 0.535808 0.018257 0.097216
0 0.011327 0.348992 0.021989 0.028672
0 0.011335 0.425152 0.021972 0.023744
0 0.011330 0.448896 0.021983 0.023744
0 0.011328 0.471296 0.021986 0.021504
0 0.011331 0.494144 0.021981 0.023744
0 0.011333 0.541632 0.021978 0.028672
0 0.010941 0.047488 0.018296 0.090048
0 0.011331 0.565376 0.021981 0.028672
0 0.011333 0.592704 0.021978 0.025984
0 0.011411 0.397824 0.021821 0.045248
0 0.011411 0.451136 0.021821 0.052416
0 0.011409 0.514304 0.021824 0.045248
0 0.011485 0.484736 0.021673 0.047488
0 0.010964 0.058240 0.018251 0.107072
0 0.010812 0.469056 0.018556 0.107072
0 0.011328 0.660352 0.021986 0.023744
0 0.010588 0.463232 0.019003 0.109312
0 0.010366 0.735168 0.019447 0.182784
0 0.010443 0.452480 0.019293 0.107072
0 0.010469 0.450240 0.019240 0.111552
0 0.010515 0.458304 0.019148 0.113792
0 0.010534 0.633024 0.019112 0.040320
0 0.010559 0.458304 0.019061 0.109312
0 0.010608 0.465472 0.018963 0.109312
0 0.010791 0.472640 0.018597 0.109312
0 0.010629 0.465472 0.018922 0.113792
0 0.010654 0.465472 0.018871 0.113792
0 0.010673 0.465472 0.018832 0.109312
0 0.010696 0.463232 0.018787 0.109312
0 0.010718 0.466816 0.018743 0.111552
0 0.010770 0.482048 0.018639 0.109312
0 0.011502 0.486976 0.021640 0.042560
0 0.011517 0.496384 0.021609 0.042560
0 0.011510 0.255360 0.021623 0.025984
0 0.012108 0.882560 0.020427 0.049728
0 0.012152 0.623616 0.020338 0.049728
0 0.012122 0.716352 0.020399 0.040320
0 0.012136 0.577024 0.020371 0.056896
0 0.012108 0.725760 0.020427 0.045248
0 0.012109 0.771904 0.020425 0.042560
0 0.012123 0.872704 0.020397 0.040320
0 0.012119 0.921536 0.020405 0.042560
0 0.011807 0.266112 0.021028 0.023744
0 0.012094 0.872704 0.020455 0.049728
0 0.012080 0.925120 0.020483 0.045248
0 0.012078 0.872704 0.020486 0.045248
0 0.012080 0.725760 0.020483 0.040320
0 0.011330 0.617792 0.021983 0.023744
0 0.011330 0.640192 0.021983 0.025984
0 0.012145 0.777728 0.020352 0.049728
0 0.012161 0.773248 0.020321 0.045248
0 0.012136 0.923776 0.020371 0.042560
0 0.012150 0.927360 0.020344 0.059584
0 0.012162 0.928704 0.020318 0.052416
0 0.012175 0.928704 0.020293 0.047488
0 0.012189 0.926464 0.020265 0.047488
0 0.012204 0.774144 0.020235 0.042560
0 0.012218 0.774144 0.020207 0.042560
0 0.012203 0.928704 0.020237 0.047488
0 0.012231 0.927360 0.020181 0.045248
0 0.012254 0.928704 0.020134 0.047488
0 0.012259 0.584192 0.020126 0.056896
0 0.012190 0.577024 0.020262 0.047488
0 0.012206 0.460992 0.020232 0.042560
0 0.012189 0.287616 0.020265 0.047488
0 0.011842 0.267008 0.020958 0.025984
0 0.010420 0.450240 0.019338 0.097216
