0 0.011886 0.402304 0.020871 0.036288
0 0.011897 0.465472 0.020848 0.032704
0 0.010366 0.467264 0.019447 0.161280
0 0.010457 0.418432 0.019264 0.165312
0 0.010489 0.408128 0.019200 0.162624
0 0.010520 0.388864 0.019139 0.162624
0 0.010553 0.377664 0.019072 0.161280
0 0.010587 0.361536 0.019005 0.165312
0 0.010617 0.345856 0.018944 0.162624
0 0.010651 0.330624 0.018877 0.161280
0 0.010350 0.830144 0.019479 0.159936
0 0.010427 0.829248 0.019325 0.161280
0 0.010460 0.820288 0.019258 0.172032
0 0.010501 0.827456 0.019177 0.157696
0 0.010531 0.814912 0.019116 0.161280
0 0.010569 0.816256 0.019040 0.172032
0 0.010604 0.818496 0.018970 0.162624
0 0.010642 0.813120 0.018895 0.159936
0 0.010672 0.805504 0.018834 0.159936
0 0.010704 0.788480 0.018770 0.173376
0 0.010735 0.762944 0.018709 0.150976
0 0.010776 0.757120 0.018627 0.157696
0 0.011616 0.942144 0.021412 0.032704
0 0.012009 0.564480 0.020624 0.032704
0 0.012015 0.530432 0.020612 0.027328
0 0.012028 0.495936 0.020586 0.028672
0 0.012028 0.461440 0.020586 0.027328
0 0.012024 0.427840 0.020595 0.027328
0 0.011897 0.498176 0.020848 0.032704
0 0.010238 0.500864 0.019703 0.157696
