0 0.011243 0.113344 0.022156 0.020608
0 0.010960 0.874944 0.018259 0.019264
0 0.010924 0.606144 0.018331 0.013888
0 0.010920 0.620480 0.018339 0.019264
0 0.010926 0.635712 0.018327 0.017024
0 0.010925 0.663040 0.018328 0.018368
0 0.010928 0.676928 0.018323 0.017920
0 0.010933 0.703360 0.018313 0.020608
0 0.010939 0.717248 0.018300 0.017024
0 0.010943 0.743232 0.018293 0.020160
0 0.010939 0.758464 0.018301 0.018816
0 0.010946 0.773248 0.018287 0.019264
0 0.010944 0.786688 0.018291 0.018368
0 0.010946 0.803264 0.018287 0.018368
0 0.010949 0.818048 0.018281 0.020160
0 0.010947 0.844480 0.018285 0.020160
0 0.010875 0.868224 0.018428 0.020608
0 0.010923 0.580160 0.018332 0.016128
0 0.010865 0.883904 0.018449 0.018368
0 0.010168 0.811776 0.019843 0.017920
0 0.010176 0.751296 0.019827 0.017024
0 0.011080 0.432320 0.018018 0.040768
0 0.011486 0.012544 0.021671 0.017920
0 0.011529 0.289856 0.021584 0.012544
0 0.011498 0.288064 0.021647 0.010304
0 0.011923 0.097216 0.020796 0.012096
0 0.011933 0.119168 0.020777 0.009408
0 0.011932 0.131264 0.020779 0.010752
0 0.011936 0.152320 0.020771 0.009408
0 0.011937 0.173376 0.020768 0.011648
0 0.011939 0.184576 0.020765 0.012096
0 0.011934 0.217728 0.020775 0.010304
0 0.010924 0.593152 0.018331 0.015680
0 0.010923 0.564928 0.018332 0.014784
0 0.011935 0.239680 0.020773 0.010304
0 0.010528 0.306880 0.019123 0.053312
0 0.010247 0.191744 0.019684 0.038976
0 0.010247 0.208320 0.019685 0.036736
0 0.010247 0.239232 0.019684 0.038080
0 0.010245 0.272832 0.019689 0.036736
0 0.010245 0.288960 0.019688 0.038528
0 0.010245 0.306432 0.019688 0.038976
0 0.010246 0.337792 0.019687 0.038976
0 0.010243 0.354368 0.019693 0.037184
0 0.010244 0.371392 0.019691 0.038976
0 0.010387 0.313152 0.019405 0.012992
0 0.010385 0.330176 0.019408 0.014784
0 0.010438 0.136192 0.019303 0.014784
0 0.010463 0.254016 0.019253 0.058688
0 0.010525 0.232064 0.019128 0.056000
0 0.010242 0.387072 0.019695 0.038528
0 0.010479 0.439936 0.019220 0.043904
0 0.010242 0.405440 0.019695 0.038528
0 0.010242 0.420672 0.019695 0.038976
0 0.010246 0.450688 0.019687 0.040320
0 0.010242 0.468608 0.019695 0.039424
0 0.010241 0.501312 0.019697 0.039872
0 0.010238 0.534912 0.019703 0.040320
0 0.010306 0.567616 0.019567 0.057344
0 0.010327 0.568512 0.019524 0.058240
0 0.010347 0.567616 0.019484 0.056896
0 0.010389 0.568512 0.019401 0.057792
0 0.010408 0.568512 0.019363 0.056896
0 0.010430 0.568512 0.019319 0.057792
0 0.010450 0.569408 0.019279 0.057344
0 0.010463 0.374976 0.019252 0.056896
0 0.011934 0.229376 0.020775 0.010304
0 0.011937 0.249984 0.020769 0.010304
0 0.011276 0.086912 0.022091 0.025536
0 0.011871 0.746368 0.020900 0.021504
0 0.011187 0.822080 0.022268 0.010752
0 0.011190 0.855232 0.022263 0.013888
0 0.011852 0.626304 0.020939 0.020608
0 0.011861 0.634368 0.020921 0.022848
0 0.011871 0.643328 0.020900 0.019264
0 0.011873 0.674688 0.020897 0.020160
0 0.011890 0.675584 0.020863 0.019264
0 0.011888 0.702016 0.020867 0.020608
0 0.011903 0.702912 0.020837 0.020160
0 0.011905 0.680960 0.020833 0.022400
0 0.011918 0.703360 0.020807 0.022400
0 0.011917 0.678720 0.020808 0.020160
0 0.011933 0.700672 0.020777 0.018368
0 0.011887 0.744576 0.020868 0.018368
0 0.011898 0.770560 0.020847 0.018816
0 0.011923 0.572992 0.020796 0.024640
0 0.011917 0.745472 0.020809 0.021056
0 0.011931 0.748160 0.020780 0.022848
0 0.011946 0.770112 0.020751 0.021952
0 0.011933 0.813120 0.020777 0.021504
0 0.011943 0.834624 0.020757 0.018816
0 0.011946 0.813120 0.020751 0.017472
0 0.011869 0.835520 0.020905 0.021504
0 0.011961 0.877632 0.020721 0.018816
0 0.011941 0.878080 0.020760 0.022400
0 0.011925 0.882560 0.020793 0.021504
0 0.011788 0.908544 0.021067 0.020160
0 0.011185 0.925120 0.022272 0.010752
0 0.011181 0.083328 0.022281 0.022400
0 0.011225 0.199360 0.022192 0.025088
0 0.011205 0.339584 0.022233 0.038976
0 0.011966 0.549696 0.020711 0.025984
0 0.011935 0.262528 0.020773 0.010304
0 0.012003 0.260736 0.020636 0.011648
0 0.011933 0.272384 0.020776 0.009408
0 0.011934 0.283584 0.020775 0.008512
0 0.011932 0.294784 0.020779 0.009856
0 0.011995 0.075712 0.020653 0.014336
0 0.011999 0.086464 0.020645 0.009856
0 0.012003 0.097664 0.020637 0.009856
0 0.012006 0.119616 0.020631 0.013440
0 0.012003 0.130816 0.020636 0.012096
0 0.012003 0.141120 0.020636 0.013440
0 0.012005 0.152320 0.020633 0.010752
0 0.012003 0.164864 0.020636 0.010752
0 0.012005 0.185024 0.020632 0.009856
0 0.012007 0.195776 0.020629 0.011648
0 0.012004 0.230272 0.020635 0.011648
0 0.012007 0.273280 0.020629 0.011648
0 0.011931 0.348992 0.020781 0.011648
0 0.012005 0.284032 0.020633 0.011648
0 0.012009 0.294784 0.020625 0.009856
0 0.012007 0.305088 0.020628 0.011648
0 0.012006 0.316288 0.020631 0.010752
0 0.012123 0.166208 0.020396 0.022848
0 0.012162 0.185024 0.020319 0.012992
0 0.012195 0.235648 0.020252 0.023296
0 0.012149 0.276864 0.020344 0.022400
0 0.012005 0.327488 0.020632 0.010304
0 0.012011 0.339136 0.020620 0.012992
0 0.012009 0.350336 0.020625 0.010752
0 0.011937 0.393792 0.020769 0.010304
0 0.011906 0.382144 0.020831 0.011648
0 0.011934 0.360192 0.020775 0.014336
0 0.010248 0.140224 0.019683 0.039872
