0 0.010374 0.827456 0.019431 0.025984
0 0.010362 0.818048 0.019454 0.024640
0 0.010887 0.441280 0.018404 0.031808
0 0.010904 0.410816 0.018370 0.034048
0 0.010946 0.348992 0.018287 0.033152
0 0.010843 0.344512 0.018492 0.042112
0 0.010711 0.392000 0.018757 0.039872
0 0.010719 0.376768 0.018740 0.039872
0 0.010618 0.389312 0.018943 0.063616
0 0.010595 0.381248 0.018988 0.064512
0 0.010573 0.375424 0.019033 0.063168
0 0.010489 0.432768 0.019200 0.023744
0 0.010530 0.361984 0.019119 0.064512
0 0.010443 0.334208 0.019292 0.063616
0 0.010421 0.327936 0.019337 0.064512
0 0.010400 0.404992 0.019379 0.022848
0 0.010377 0.396032 0.019424 0.024640
0 0.010354 0.389760 0.019471 0.025088
0 0.010356 0.307776 0.019467 0.063616
0 0.010311 0.289408 0.019557 0.063168
0 0.010293 0.285376 0.019593 0.062272
0 0.010220 0.348992 0.019739 0.024640
0 0.010046 0.459200 0.020087 0.027328
0 0.010125 0.488320 0.019929 0.034048
0 0.010980 0.265664 0.018218 0.025984
0 0.010534 0.276864 0.019110 0.031808
0 0.010427 0.241472 0.019324 0.032704
0 0.010408 0.234304 0.019362 0.032704
0 0.010394 0.224896 0.019390 0.033152
0 0.010319 0.205184 0.019540 0.034048
0 0.010267 0.176960 0.019645 0.032704
0 0.010881 0.498176 0.018417 0.022400
0 0.010829 0.498624 0.018520 0.025984
0 0.010285 0.452032 0.019608 0.042112
0 0.010357 0.718144 0.019465 0.031808
0 0.010305 0.881216 0.019568 0.058688
0 0.010272 0.786688 0.019634 0.030912
0 0.010202 0.765632 0.019775 0.030912
0 0.010238 0.859712 0.019702 0.059136
0 0.010216 0.853440 0.019747 0.058688
0 0.010195 0.848064 0.019788 0.059136
0 0.010171 0.838208 0.019837 0.058688
0 0.010149 0.833728 0.019880 0.059136
0 0.010054 0.752192 0.020070 0.023744
0 0.010822 0.589120 0.018535 0.023744
0 0.010851 0.544320 0.018477 0.023744
0 0.010626 0.687232 0.018926 0.023744
0 0.010405 0.732480 0.019369 0.034048
0 0.010336 0.711424 0.019506 0.031808
0 0.010301 0.456960 0.019576 0.042112
0 0.010454 0.653632 0.019270 0.033152
0 0.010436 0.645120 0.019307 0.032704
0 0.010402 0.640192 0.019375 0.033152
0 0.010395 0.628096 0.019388 0.033152
0 0.010313 0.704704 0.019553 0.033152
0 0.010351 0.613312 0.019476 0.033152
0 0.010270 0.689024 0.019638 0.031808
0 0.010226 0.666176 0.019726 0.022848
0 0.010311 0.597632 0.019557 0.031808
0 0.010292 0.591360 0.019595 0.033152
0 0.010272 0.582400 0.019634 0.031808
0 0.010283 0.570752 0.019612 0.023744
0 0.010316 0.461888 0.019546 0.043008
0 0.010224 0.118272 0.019730 0.042112
