0 0.011378 0.885248 0.021886 0.018368
0 0.010523 0.736960 0.019133 0.038976
0 0.010701 0.792064 0.018776 0.034944
0 0.010683 0.637056 0.018813 0.037632
0 0.010655 0.647360 0.018869 0.038976
0 0.010641 0.584192 0.018897 0.034048
0 0.010619 0.597184 0.018941 0.030464
0 0.010604 0.611968 0.018971 0.034048
0 0.010566 0.633920 0.019047 0.043456
0 0.010612 0.671552 0.018955 0.038976
0 0.010571 0.695744 0.019036 0.034048
0 0.010554 0.647360 0.019070 0.034048
0 0.010523 0.661248 0.019133 0.039872
0 0.010508 0.672896 0.019163 0.036288
0 0.010485 0.684992 0.019209 0.034048
0 0.010546 0.707840 0.019087 0.041216
0 0.010544 0.721728 0.019091 0.037632
0 0.010617 0.774592 0.018945 0.038976
0 0.010618 0.796992 0.018943 0.032704
0 0.010694 0.771904 0.018790 0.036288
0 0.010693 0.752192 0.018793 0.034944
0 0.010686 0.735168 0.018806 0.034944
0 0.010622 0.193984 0.018934 0.065408
0 0.010334 0.328384 0.019510 0.051072
0 0.010321 0.465472 0.019536 0.048384
0 0.010376 0.353920 0.019427 0.053312
0 0.010464 0.216832 0.019251 0.055552
0 0.010488 0.319424 0.019202 0.054656
0 0.010519 0.333760 0.019140 0.054656
0 0.010454 0.390208 0.019270 0.060480
0 0.010874 0.696192 0.018431 0.027776
0 0.010720 0.692160 0.018739 0.017024
0 0.010878 0.715008 0.018422 0.029120
0 0.010882 0.733376 0.018415 0.029120
0 0.010878 0.755776 0.018422 0.022848
0 0.010886 0.784896 0.018406 0.018368
0 0.010802 0.566272 0.018575 0.080192
0 0.010777 0.551936 0.018624 0.081088
0 0.010753 0.518784 0.018672 0.080192
0 0.010617 0.815360 0.018945 0.032704
0 0.010509 0.751296 0.019161 0.038976
0 0.011375 0.870912 0.021893 0.018368
0 0.010474 0.699328 0.019230 0.034048
0 0.011301 0.812224 0.022041 0.019264
0 0.011307 0.822976 0.022030 0.019264
0 0.011309 0.835968 0.022025 0.018368
0 0.011312 0.849856 0.022018 0.017024
0 0.011317 0.860608 0.022009 0.017024
0 0.011292 0.869568 0.022060 0.018368
0 0.011297 0.881216 0.022048 0.017024
0 0.011302 0.892864 0.022039 0.015680
0 0.011303 0.905408 0.022037 0.019264
0 0.011308 0.918400 0.022027 0.020608
0 0.011329 0.897792 0.021986 0.018368
0 0.011325 0.884352 0.021993 0.015680
0 0.011322 0.874048 0.022000 0.014336
0 0.011347 0.748608 0.021949 0.018368
0 0.011347 0.762496 0.021949 0.017024
0 0.011342 0.733824 0.021958 0.018368
0 0.011370 0.848960 0.021902 0.015680
0 0.011290 0.775936 0.022062 0.017024
0 0.011293 0.786688 0.022057 0.021952
0 0.011285 0.845376 0.022074 0.020608
0 0.010413 0.790720 0.019353 0.078848
0 0.010461 0.713216 0.019256 0.037632
0 0.010451 0.726208 0.019277 0.034048
0 0.010437 0.740992 0.019304 0.032704
0 0.010495 0.764288 0.019189 0.034944
0 0.010463 0.773248 0.019253 0.034048
0 0.010444 0.786240 0.019290 0.034944
0 0.010408 0.628096 0.019362 0.048384
0 0.010395 0.789824 0.019388 0.064064
0 0.011283 0.833728 0.022076 0.017024
0 0.011208 0.803712 0.022226 0.019264
0 0.011201 0.928704 0.022240 0.024192
0 0.011210 0.933184 0.022222 0.026880
0 0.011231 0.948416 0.022180 0.027776
0 0.011257 0.961856 0.022129 0.025536
0 0.011276 0.971712 0.022090 0.027776
0 0.011274 0.819392 0.022095 0.019264
0 0.010362 0.410816 0.019455 0.041216
