0 0.010446 0.809984 0.019287 0.068992
0 0.010565 0.385728 0.019048 0.106176
0 0.010394 0.161280 0.019390 0.072576
0 0.010431 0.165312 0.019317 0.070336
0 0.010463 0.170240 0.019254 0.072128
0 0.010499 0.175616 0.019180 0.070336
0 0.010663 0.207872 0.018852 0.071680
0 0.010697 0.212352 0.018785 0.071680
0 0.010730 0.218176 0.018718 0.070784
0 0.010265 0.335104 0.019648 0.107072
0 0.010363 0.353024 0.019453 0.107072
0 0.010398 0.358400 0.019382 0.104384
0 0.010429 0.364224 0.019321 0.105280
0 0.010467 0.366912 0.019245 0.108416
0 0.010497 0.375424 0.019184 0.105728
0 0.010530 0.379456 0.019119 0.105280
0 0.010597 0.393792 0.018985 0.107072
0 0.010367 0.801920 0.019445 0.070336
0 0.010160 0.544320 0.019858 0.105280
0 0.010196 0.550592 0.019787 0.108416
0 0.010224 0.555520 0.019730 0.105728
0 0.010257 0.561344 0.019665 0.105280
0 0.010290 0.567168 0.019598 0.105728
0 0.010324 0.573440 0.019531 0.105728
0 0.010360 0.579712 0.019459 0.105280
0 0.010392 0.585984 0.019394 0.104384
0 0.010424 0.594048 0.019331 0.107072
0 0.010456 0.597632 0.019266 0.104384
0 0.010199 0.760704 0.019781 0.070336
0 0.010228 0.768768 0.019722 0.070784
0 0.010311 0.780416 0.019556 0.070784
0 0.010341 0.785344 0.019497 0.069440
0 0.010361 0.154112 0.019457 0.072576
