0 0.010838 0.523712 0.018503 0.055104
0 0.010591 0.788928 0.018996 0.095424
0 0.010980 0.377664 0.018218 0.050624
0 0.010905 0.380800 0.018368 0.083328
0 0.010428 0.446656 0.019322 0.090944
0 0.010385 0.484288 0.019409 0.098112
0 0.010354 0.441280 0.019471 0.097664
0 0.010340 0.420224 0.019500 0.096768
0 0.010325 0.395136 0.019528 0.096320
0 0.010311 0.375424 0.019556 0.094080
0 0.011052 0.141120 0.018074 0.102144
0 0.010560 0.340480 0.019059 0.060480
0 0.010251 0.288512 0.019677 0.095424
0 0.010258 0.197568 0.019662 0.094080
0 0.010235 0.266112 0.019708 0.096320
0 0.010191 0.200256 0.019796 0.096768
0 0.010174 0.178752 0.019830 0.096768
0 0.010967 0.391552 0.018244 0.054656
0 0.010954 0.404992 0.018271 0.055104
0 0.010941 0.422016 0.018296 0.057344
0 0.010461 0.593600 0.019257 0.097664
0 0.010575 0.766528 0.019028 0.096320
0 0.010603 0.574784 0.018972 0.093632
0 0.010549 0.724416 0.019080 0.096768
0 0.010516 0.680960 0.019147 0.097664
0 0.010502 0.659904 0.019175 0.096320
0 0.010473 0.615552 0.019233 0.098112
0 0.010443 0.570752 0.019294 0.097664
0 0.010929 0.436800 0.018321 0.053312
0 0.010427 0.549696 0.019325 0.097664
0 0.010852 0.508928 0.018474 0.057792
0 0.010866 0.493248 0.018447 0.056000
0 0.010883 0.478912 0.018413 0.056448
0 0.010898 0.466368 0.018382 0.053312
0 0.010914 0.452032 0.018351 0.053312
0 0.010160 0.156352 0.019858 0.099008
