0 0.011896 0.960064 0.020851 0.017472
0 0.011335 0.037184 0.021973 0.012096
0 0.011339 0.056896 0.021965 0.016128
0 0.011345 0.075712 0.021953 0.013440
0 0.011349 0.096768 0.021944 0.015680
0 0.011448 0.201600 0.021748 0.021056
0 0.011439 0.206528 0.021764 0.022400
0 0.011480 0.190400 0.021683 0.022400
0 0.011497 0.181888 0.021649 0.021056
0 0.011506 0.180544 0.021631 0.020608
0 0.011515 0.177856 0.021614 0.023744
0 0.011530 0.173376 0.021584 0.020608
0 0.011525 0.122304 0.021593 0.015232
0 0.011520 0.102592 0.021603 0.012096
0 0.011517 0.086016 0.021609 0.009856
0 0.011494 0.008512 0.021655 0.015232
0 0.011562 0.080640 0.021520 0.014336
0 0.011573 0.109312 0.021496 0.015680
0 0.011577 0.117824 0.021490 0.015232
0 0.011578 0.130816 0.021486 0.014336
0 0.011580 0.139776 0.021482 0.014336
0 0.011582 0.151424 0.021479 0.017920
0 0.011615 0.056000 0.021414 0.022400
0 0.011337 0.046592 0.021968 0.011648
0 0.011328 0.017472 0.021986 0.012096
0 0.011619 0.034048 0.021404 0.021056
0 0.011327 0.008064 0.021990 0.013888
0 0.011201 0.166208 0.022240 0.014336
0 0.011177 0.166656 0.022290 0.016128
0 0.011175 0.154112 0.022293 0.020160
0 0.011190 0.199360 0.022262 0.013440
0 0.011193 0.211904 0.022256 0.013440
0 0.011245 0.094528 0.022153 0.025536
0 0.011257 0.140672 0.022128 0.030464
0 0.011259 0.090048 0.022126 0.025088
0 0.011268 0.083776 0.022108 0.021056
0 0.011277 0.080192 0.022090 0.025984
0 0.011263 0.022400 0.022117 0.012992
0 0.011261 0.012992 0.022121 0.014336
0 0.011303 0.017024 0.022037 0.015232
0 0.011301 0.007168 0.022041 0.013440
0 0.011314 0.051520 0.022015 0.009856
0 0.011317 0.062720 0.022009 0.010752
0 0.011318 0.074368 0.022006 0.013888
0 0.011321 0.084672 0.022002 0.012992
0 0.011324 0.095872 0.021996 0.012096
0 0.011328 0.107072 0.021987 0.013440
0 0.011330 0.118272 0.021982 0.016128
0 0.011612 0.034048 0.021420 0.020160
0 0.011629 0.032256 0.021384 0.020608
0 0.011173 0.135744 0.022297 0.012096
0 0.011805 0.012096 0.021032 0.020160
0 0.011815 0.010752 0.021013 0.016128
0 0.011823 0.010752 0.020996 0.020608
0 0.011164 0.268352 0.022315 0.016576
0 0.011168 0.278656 0.022307 0.015232
0 0.011232 0.370944 0.022179 0.023296
0 0.011240 0.364672 0.022162 0.024640
0 0.011250 0.361984 0.022144 0.024640
0 0.011271 0.357056 0.022100 0.020160
0 0.011276 0.327936 0.022091 0.013888
0 0.011289 0.350336 0.022064 0.021056
0 0.011294 0.310464 0.022056 0.013888
0 0.011300 0.323008 0.022043 0.013888
0 0.011332 0.283136 0.021979 0.015232
0 0.011336 0.293440 0.021972 0.017472
0 0.011337 0.326144 0.021968 0.021504
0 0.011351 0.234304 0.021941 0.016576
0 0.011361 0.316736 0.021921 0.024192
0 0.011369 0.310464 0.021905 0.027776
0 0.011398 0.262080 0.021847 0.015232
0 0.011391 0.242368 0.021861 0.015680
0 0.011430 0.211008 0.021783 0.024640
0 0.011814 0.030464 0.021015 0.020160
0 0.011792 0.010752 0.021060 0.018368
0 0.011638 0.030912 0.021367 0.023744
0 0.011783 0.014336 0.021078 0.020160
0 0.011648 0.028224 0.021346 0.020160
0 0.011659 0.027776 0.021325 0.018368
0 0.011668 0.054656 0.021308 0.023296
0 0.011677 0.031808 0.021289 0.023296
0 0.011680 0.054208 0.021282 0.020160
0 0.011667 0.165760 0.021308 0.027328
0 0.011678 0.163968 0.021286 0.020608
0 0.011688 0.156800 0.021266 0.023744
0 0.011692 0.051968 0.021260 0.021504
0 0.011691 0.029120 0.021261 0.020160
0 0.011701 0.026432 0.021241 0.020608
0 0.011713 0.047040 0.021216 0.021952
0 0.011711 0.025536 0.021221 0.021504
0 0.011722 0.025536 0.021200 0.021504
0 0.011698 0.153664 0.021246 0.020160
0 0.011707 0.150528 0.021228 0.026432
0 0.011728 0.143360 0.021187 0.021952
0 0.011761 0.019712 0.021120 0.018368
0 0.011775 0.043904 0.021094 0.021504
0 0.011771 0.017920 0.021101 0.023744
0 0.011786 0.036736 0.021072 0.020160
0 0.011195 0.133504 0.022253 0.017024
0 0.011172 0.125440 0.022299 0.013440
0 0.011446 0.229376 0.021750 0.022400
0 0.010644 0.291200 0.018891 0.047488
0 0.010675 0.276416 0.018829 0.048832
0 0.010685 0.215040 0.018809 0.045248
0 0.010662 0.176960 0.018855 0.037632
0 0.010685 0.270592 0.018808 0.047040
0 0.010695 0.262976 0.018788 0.048832
0 0.010706 0.256704 0.018767 0.050176
0 0.010706 0.293440 0.018767 0.030464
0 0.010716 0.250880 0.018747 0.049280
0 0.010726 0.244160 0.018726 0.050176
0 0.010735 0.235200 0.018709 0.049728
0 0.010737 0.302400 0.018705 0.048832
0 0.010739 0.362432 0.018700 0.046144
0 0.010745 0.229824 0.018689 0.048832
0 0.010754 0.223552 0.018670 0.047488
0 0.010765 0.218176 0.018649 0.049280
0 0.010775 0.211008 0.018629 0.047488
0 0.010785 0.205184 0.018608 0.048832
0 0.010812 0.323456 0.018555 0.048832
0 0.010806 0.195328 0.018566 0.048832
0 0.010843 0.122304 0.018493 0.047040
0 0.010868 0.111104 0.018443 0.049728
0 0.010655 0.287616 0.018868 0.049280
0 0.010635 0.297472 0.018909 0.048384
0 0.010864 0.087808 0.018451 0.036288
0 0.010625 0.305536 0.018928 0.049728
0 0.010296 0.318976 0.019586 0.035840
0 0.010358 0.294336 0.019463 0.034496
0 0.010419 0.269248 0.019341 0.034496
0 0.010421 0.281344 0.019337 0.033600
0 0.010480 0.255808 0.019218 0.037184
0 0.010478 0.242816 0.019222 0.034944
0 0.010538 0.217280 0.019102 0.034496
0 0.010541 0.229824 0.019096 0.035840
0 0.010602 0.203392 0.018975 0.036288
0 0.010598 0.190848 0.018982 0.035840
0 0.010564 0.271040 0.019050 0.045696
0 0.010571 0.283584 0.019037 0.044352
0 0.010628 0.249536 0.018923 0.044800
0 0.010564 0.340032 0.019050 0.047040
0 0.010532 0.388416 0.019115 0.026432
0 0.010573 0.332864 0.019033 0.047040
0 0.010591 0.365568 0.018996 0.030912
0 0.010585 0.328832 0.019010 0.048384
0 0.010595 0.322112 0.018989 0.047488
0 0.010605 0.315840 0.018969 0.046592
0 0.010613 0.310016 0.018952 0.047488
0 0.010874 0.096320 0.018430 0.035840
0 0.010891 0.115136 0.018396 0.035840
0 0.011189 0.120064 0.022264 0.015232
0 0.010450 0.409024 0.019278 0.047488
0 0.010461 0.404096 0.019256 0.048384
0 0.010470 0.398720 0.019238 0.047488
0 0.010481 0.396032 0.019216 0.050176
0 0.010492 0.391104 0.019194 0.047488
0 0.010479 0.427840 0.019222 0.030016
0 0.010535 0.419328 0.019109 0.030464
0 0.011132 0.611072 0.017915 0.039872
0 0.011120 0.625408 0.017938 0.047040
0 0.011112 0.633472 0.017954 0.047488
0 0.011102 0.639744 0.017974 0.048832
0 0.011022 0.592704 0.018134 0.053312
0 0.010970 0.636160 0.018238 0.052416
0 0.010653 0.891520 0.018872 0.057344
0 0.010705 0.847168 0.018768 0.053760
0 0.010759 0.805952 0.018660 0.052864
0 0.010811 0.762944 0.018556 0.053312
0 0.010864 0.721280 0.018450 0.053760
0 0.010918 0.677824 0.018343 0.051520
0 0.011126 0.681856 0.017926 0.047040
0 0.011189 0.048384 0.022264 0.017920
0 0.011187 0.107520 0.022268 0.017472
0 0.010444 0.357504 0.019291 0.048832
0 0.010434 0.362880 0.019310 0.050624
0 0.010880 0.131712 0.018419 0.049728
0 0.010431 0.403200 0.019316 0.071680
0 0.010894 0.154560 0.018391 0.049728
0 0.010906 0.174272 0.018366 0.051072
0 0.010949 0.199360 0.018280 0.019712
0 0.010972 0.267456 0.018235 0.048384
0 0.010457 0.350784 0.019264 0.050624
0 0.010181 0.500864 0.019816 0.027776
0 0.010187 0.512512 0.019805 0.025984
0 0.010196 0.536256 0.019788 0.026432
0 0.010224 0.482496 0.019730 0.026432
0 0.010232 0.507136 0.019715 0.027776
0 0.010236 0.518784 0.019707 0.027328
0 0.010239 0.531328 0.019701 0.028672
0 0.010279 0.516096 0.019621 0.027328
0 0.010277 0.502208 0.019625 0.027776
0 0.010272 0.490560 0.019634 0.026432
0 0.010319 0.498624 0.019540 0.026432
0 0.010355 0.572992 0.019469 0.065856
0 0.010377 0.570752 0.019425 0.045696
0 0.010387 0.563136 0.019405 0.045248
0 0.010397 0.431872 0.019384 0.047488
0 0.010408 0.427392 0.019363 0.047488
0 0.011433 0.211456 0.021778 0.017920
0 0.011432 0.286272 0.021779 0.021504
0 0.011906 0.969024 0.020830 0.024192
0 0.011199 0.723072 0.022244 0.017472
0 0.011222 0.676928 0.022198 0.015232
0 0.011229 0.650944 0.022185 0.017472
0 0.011227 0.639744 0.022190 0.015680
0 0.011210 0.650048 0.022223 0.013440
0 0.011217 0.667520 0.022209 0.014336
0 0.011222 0.623616 0.022198 0.015680
0 0.011209 0.639744 0.022224 0.012544
0 0.011222 0.613760 0.022198 0.013888
0 0.011205 0.621376 0.022233 0.012992
0 0.011206 0.631232 0.022230 0.011200
0 0.011183 0.696192 0.022277 0.015680
0 0.011186 0.705152 0.022270 0.014336
0 0.011181 0.686336 0.022281 0.013888
0 0.011178 0.676928 0.022286 0.013440
0 0.011176 0.667968 0.022291 0.012992
0 0.011173 0.659456 0.022297 0.015680
0 0.011169 0.650496 0.022305 0.015232
0 0.011165 0.639744 0.022313 0.019264
0 0.011201 0.915264 0.022240 0.020160
0 0.011233 0.936768 0.022178 0.020160
0 0.011247 0.951104 0.022148 0.021056
0 0.011227 0.686336 0.022189 0.013888
0 0.011203 0.729792 0.022237 0.024640
0 0.011828 0.967232 0.020987 0.016576
0 0.011210 0.737408 0.022222 0.019712
0 0.011268 0.739200 0.022106 0.018368
0 0.011265 0.731136 0.022114 0.017920
0 0.011277 0.717696 0.022090 0.019712
0 0.011273 0.710976 0.022097 0.017024
0 0.011259 0.723968 0.022126 0.017472
0 0.011265 0.703360 0.022114 0.017920
0 0.011252 0.717248 0.022139 0.019712
0 0.011262 0.798784 0.022119 0.019264
0 0.011251 0.788480 0.022140 0.017920
0 0.011242 0.779520 0.022158 0.025088
0 0.011237 0.773696 0.022169 0.021056
0 0.011246 0.710528 0.022151 0.017024
0 0.011259 0.695296 0.022124 0.017024
0 0.011255 0.688128 0.022133 0.017024
0 0.011241 0.702464 0.022162 0.017920
0 0.011248 0.680064 0.022147 0.018368
0 0.011236 0.694848 0.022170 0.017472
0 0.011232 0.766528 0.022179 0.018368
0 0.011227 0.758464 0.022189 0.019264
0 0.011221 0.750848 0.022201 0.017920
0 0.011215 0.744576 0.022213 0.019264
0 0.011234 0.965440 0.022174 0.019264
0 0.012052 0.822976 0.020538 0.017024
0 0.011274 0.747264 0.022095 0.019712
0 0.011972 0.889728 0.020698 0.017472
0 0.011961 0.869568 0.020721 0.021504
0 0.011955 0.902272 0.020733 0.021952
0 0.011959 0.913472 0.020724 0.016128
0 0.011953 0.948416 0.020737 0.023296
0 0.011953 0.890176 0.020737 0.015680
0 0.011946 0.883456 0.020750 0.017472
0 0.011941 0.874048 0.020761 0.018368
0 0.011957 0.860608 0.020728 0.017472
0 0.011952 0.852544 0.020738 0.017920
0 0.011935 0.863296 0.020772 0.019264
0 0.011947 0.843584 0.020748 0.016128
0 0.011942 0.832384 0.020760 0.019712
0 0.011924 0.846272 0.020795 0.022400
0 0.011932 0.853440 0.020779 0.016128
0 0.011925 0.928256 0.020793 0.017024
0 0.011921 0.917504 0.020801 0.019712
0 0.011915 0.907200 0.020813 0.018368
0 0.011910 0.899136 0.020822 0.019264
0 0.011905 0.890176 0.020833 0.017472
0 0.011898 0.880320 0.020847 0.017472
0 0.011893 0.869568 0.020858 0.017472
0 0.011968 0.879424 0.020707 0.017920
0 0.011980 0.931840 0.020683 0.022400
0 0.012059 0.833728 0.020525 0.016128
0 0.011975 0.817600 0.020694 0.022400
0 0.012063 0.843584 0.020518 0.017024
0 0.012068 0.858368 0.020506 0.016128
0 0.012060 0.904960 0.020523 0.029568
0 0.012105 0.881664 0.020432 0.019264
0 0.012084 0.840448 0.020474 0.017920
0 0.012090 0.848960 0.020463 0.017472
0 0.012036 0.908096 0.020571 0.024640
0 0.012036 0.965888 0.020571 0.016128
0 0.012032 0.870912 0.020579 0.019712
0 0.012017 0.881664 0.020609 0.017472
0 0.012012 0.920640 0.020619 0.021504
0 0.012010 0.873600 0.020623 0.017024
0 0.012019 0.851648 0.020604 0.017472
0 0.012014 0.842688 0.020615 0.018368
0 0.012001 0.853888 0.020641 0.017472
0 0.012005 0.862848 0.020632 0.017472
0 0.011994 0.845824 0.020655 0.016576
0 0.011989 0.835968 0.020665 0.020160
0 0.012006 0.822080 0.020631 0.017472
0 0.012000 0.813120 0.020642 0.018368
0 0.011983 0.827008 0.020677 0.017472
0 0.011283 0.724864 0.022077 0.017472
0 0.011287 0.733376 0.022068 0.017920
0 0.011402 0.280896 0.021839 0.012544
0 0.011212 0.584192 0.022219 0.017024
0 0.011198 0.602112 0.022247 0.015680
0 0.011202 0.610624 0.022239 0.013440
0 0.011214 0.596288 0.022215 0.016576
0 0.011220 0.605248 0.022203 0.014336
0 0.011238 0.534464 0.022168 0.014336
0 0.011241 0.542976 0.022161 0.017024
0 0.011242 0.553280 0.022158 0.016128
0 0.011247 0.563584 0.022149 0.017472
0 0.011252 0.580608 0.022138 0.017024
0 0.011258 0.598528 0.022127 0.019712
0 0.011265 0.608832 0.022112 0.014336
0 0.011557 0.511168 0.021528 0.017472
0 0.011562 0.521024 0.021519 0.017024
0 0.011572 0.538496 0.021498 0.019264
0 0.011567 0.490112 0.021508 0.017920
0 0.011573 0.498624 0.021497 0.015680
0 0.011581 0.517888 0.021480 0.016576
0 0.011654 0.566720 0.021334 0.025536
0 0.012191 0.444416 0.020260 0.009856
0 0.012178 0.419328 0.020286 0.009408
0 0.012237 0.744576 0.020170 0.017920
0 0.011197 0.592704 0.022250 0.012992
0 0.011222 0.530432 0.022199 0.023744
0 0.012238 0.788928 0.020166 0.015680
0 0.011206 0.533568 0.022230 0.019264
0 0.011449 0.282240 0.021744 0.023296
0 0.011465 0.274176 0.021713 0.022400
0 0.011468 0.215488 0.021706 0.023296
0 0.011474 0.270144 0.021695 0.023296
0 0.011484 0.268800 0.021674 0.020608
0 0.011492 0.262976 0.021659 0.024192
0 0.011507 0.258944 0.021629 0.022400
0 0.011508 0.256704 0.021626 0.021952
0 0.011530 0.241920 0.021582 0.024192
0 0.011540 0.240128 0.021563 0.021952
0 0.011571 0.228032 0.021500 0.024640
0 0.011587 0.221760 0.021468 0.021952
0 0.011595 0.208768 0.021452 0.024640
0 0.012121 0.323456 0.020401 0.011648
0 0.012131 0.336448 0.020382 0.010752
0 0.012240 0.240576 0.020162 0.020608
0 0.012250 0.244160 0.020143 0.021504
0 0.012259 0.241024 0.020124 0.016576
0 0.011174 0.547008 0.022295 0.021952
0 0.011183 0.543872 0.022276 0.021952
0 0.011199 0.538048 0.022245 0.025088
0 0.012242 0.753984 0.020159 0.016128
0 0.012204 0.688576 0.020235 0.019264
0 0.011294 0.740096 0.022056 0.017024
0 0.012037 0.796992 0.020570 0.017024
0 0.011988 0.793856 0.020666 0.017472
0 0.011971 0.807296 0.020701 0.021952
0 0.011993 0.804160 0.020656 0.019712
0 0.011345 0.737856 0.021952 0.021952
0 0.011353 0.745024 0.021938 0.017920
0 0.011333 0.723072 0.021976 0.017920
0 0.011330 0.714560 0.021983 0.018368
0 0.011310 0.692160 0.022022 0.019712
0 0.011308 0.684544 0.022027 0.015232
0 0.011300 0.678272 0.022044 0.019264
0 0.011295 0.670208 0.022054 0.017472
0 0.011291 0.661248 0.022061 0.014336
0 0.011318 0.770112 0.022008 0.016576
0 0.011313 0.760704 0.022017 0.016576
0 0.011304 0.784000 0.022034 0.018368
0 0.011306 0.753984 0.022032 0.017920
0 0.011300 0.773696 0.022044 0.018368
0 0.011294 0.767424 0.022056 0.018368
0 0.011287 0.762048 0.022068 0.017920
0 0.011299 0.747712 0.022045 0.018368
0 0.011280 0.753088 0.022082 0.017920
0 0.012037 0.807744 0.020568 0.021952
0 0.012031 0.789376 0.020581 0.017024
0 0.012188 0.663488 0.020267 0.017472
0 0.012022 0.780416 0.020599 0.017024
0 0.012183 0.653184 0.020277 0.017024
0 0.012179 0.641536 0.020284 0.019264
0 0.012173 0.673792 0.020296 0.019264
0 0.012175 0.808192 0.020292 0.023296
0 0.012143 0.738752 0.020358 0.020608
0 0.012125 0.712320 0.020392 0.017024
0 0.012131 0.679616 0.020380 0.015680
0 0.012136 0.812672 0.020371 0.019264
0 0.012122 0.784000 0.020400 0.019712
0 0.012116 0.773696 0.020411 0.018368
0 0.012089 0.767872 0.020465 0.020160
0 0.012085 0.758464 0.020473 0.016576
0 0.012081 0.750400 0.020481 0.015232
0 0.012089 0.727552 0.020465 0.016128
0 0.012085 0.718592 0.020473 0.017920
0 0.012068 0.730240 0.020506 0.018368
0 0.012052 0.786240 0.020539 0.018368
0 0.012047 0.775936 0.020549 0.020608
0 0.012040 0.767872 0.020564 0.017472
0 0.012036 0.754432 0.020571 0.017024
0 0.012015 0.767872 0.020612 0.020608
0 0.010235 0.344960 0.019708 0.034048
