0 0.011411 0.971712 0.021820 0.017920
0 0.011570 0.465024 0.021503 0.023744
0 0.011672 0.523264 0.021299 0.027776
0 0.011655 0.519680 0.021332 0.030464
0 0.011662 0.469504 0.021319 0.024192
0 0.011643 0.469056 0.021357 0.030464
0 0.011665 0.442176 0.021313 0.025536
0 0.011645 0.440384 0.021353 0.027776
0 0.011622 0.470848 0.021399 0.028672
0 0.011630 0.439040 0.021382 0.024192
0 0.011610 0.436352 0.021422 0.026432
0 0.011607 0.466816 0.021428 0.029120
0 0.011587 0.467712 0.021469 0.026432
0 0.011593 0.437248 0.021457 0.025536
0 0.011574 0.436800 0.021495 0.022848
0 0.011654 0.388864 0.021334 0.024192
0 0.011601 0.515648 0.021442 0.022400
0 0.011637 0.388416 0.021369 0.027776
0 0.011617 0.387520 0.021409 0.031360
0 0.011599 0.386624 0.021445 0.026880
0 0.011579 0.387072 0.021486 0.027776
0 0.011563 0.383936 0.021517 0.028672
0 0.011657 0.361536 0.021328 0.025536
0 0.011628 0.307328 0.021388 0.027776
0 0.011609 0.305984 0.021424 0.028672
0 0.011556 0.301952 0.021530 0.026880
0 0.011637 0.519232 0.021369 0.029120
0 0.011634 0.550592 0.021374 0.026432
0 0.011615 0.546112 0.021413 0.029120
0 0.011620 0.517888 0.021403 0.026880
0 0.011653 0.548800 0.021336 0.023744
0 0.011670 0.551040 0.021303 0.026432
0 0.011688 0.552832 0.021267 0.025536
0 0.011694 0.525504 0.021255 0.021504
0 0.011701 0.443520 0.021240 0.025088
0 0.011679 0.473536 0.021284 0.028672
0 0.011684 0.442624 0.021275 0.029120
0 0.011744 0.397376 0.021155 0.026432
0 0.011749 0.368256 0.021144 0.026432
0 0.011728 0.396032 0.021186 0.026432
0 0.011729 0.366016 0.021184 0.026432
0 0.011708 0.394240 0.021226 0.025088
0 0.011712 0.365568 0.021219 0.029120
0 0.011694 0.392896 0.021255 0.022848
0 0.011673 0.391104 0.021298 0.026432
0 0.011676 0.364224 0.021292 0.027776
0 0.011760 0.317632 0.021123 0.021056
0 0.011739 0.316736 0.021165 0.025088
0 0.011719 0.315392 0.021205 0.022400
0 0.011701 0.312256 0.021240 0.025536
0 0.011681 0.313600 0.021280 0.027776
0 0.011664 0.312704 0.021315 0.026432
0 0.011765 0.529088 0.021113 0.024192
0 0.011781 0.557760 0.021080 0.021504
0 0.011759 0.556864 0.021125 0.026880
0 0.011748 0.525952 0.021148 0.023744
0 0.011742 0.557760 0.021159 0.025536
0 0.011725 0.553280 0.021194 0.027776
0 0.011729 0.524160 0.021184 0.024192
0 0.011706 0.553728 0.021230 0.026432
0 0.011710 0.525504 0.021223 0.022400
0 0.011596 0.544768 0.021451 0.029120
0 0.011579 0.543872 0.021486 0.028672
0 0.011720 0.446208 0.021203 0.025088
0 0.011356 0.442176 0.021931 0.011200
0 0.011473 0.508928 0.021697 0.025536
0 0.011454 0.533568 0.021736 0.023744
0 0.011458 0.507584 0.021728 0.022848
0 0.011434 0.505792 0.021774 0.029120
0 0.011433 0.534912 0.021776 0.026432
0 0.011376 0.307328 0.021891 0.015232
0 0.011370 0.330624 0.021903 0.015232
0 0.011361 0.348096 0.021920 0.011200
0 0.011361 0.361536 0.021920 0.011648
0 0.011358 0.387968 0.021928 0.009856
0 0.011357 0.400960 0.021930 0.013888
0 0.011355 0.413952 0.021933 0.012992
0 0.011350 0.426944 0.021943 0.012992
0 0.011352 0.454272 0.021939 0.012544
0 0.011581 0.516992 0.021480 0.027776
0 0.011348 0.465472 0.021947 0.014784
0 0.011349 0.480704 0.021945 0.015232
0 0.011344 0.495488 0.021955 0.013888
0 0.011340 0.508032 0.021962 0.013888
0 0.011341 0.521024 0.021960 0.010304
0 0.011341 0.534464 0.021960 0.012544
0 0.011337 0.546112 0.021968 0.012544
0 0.011336 0.560000 0.021970 0.012544
0 0.011337 0.573440 0.021968 0.011648
0 0.011332 0.586880 0.021980 0.014784
0 0.011330 0.597632 0.021983 0.012544
0 0.011335 0.609280 0.021974 0.011648
0 0.011328 0.624512 0.021987 0.012992
0 0.011470 0.536704 0.021703 0.026432
0 0.011493 0.510272 0.021657 0.025088
0 0.011489 0.536704 0.021664 0.024192
0 0.011529 0.511616 0.021586 0.024192
0 0.011565 0.513856 0.021513 0.028672
0 0.011560 0.540288 0.021522 0.024192
0 0.011555 0.464128 0.021534 0.025088
0 0.011555 0.433216 0.021532 0.028672
0 0.011534 0.460544 0.021574 0.029120
0 0.011518 0.460992 0.021607 0.024192
0 0.011519 0.431424 0.021605 0.025088
0 0.011537 0.433664 0.021568 0.023744
0 0.011546 0.383936 0.021551 0.022848
0 0.011527 0.383488 0.021590 0.029120
0 0.011510 0.381696 0.021622 0.021504
0 0.011520 0.299712 0.021603 0.026880
0 0.011494 0.350784 0.021655 0.027776
0 0.011490 0.379008 0.021663 0.028672
0 0.011503 0.430528 0.021638 0.025536
0 0.011500 0.459200 0.021643 0.023744
0 0.011482 0.457408 0.021680 0.021504
0 0.011462 0.455616 0.021718 0.026880
0 0.011465 0.426496 0.021712 0.025536
0 0.011483 0.430528 0.021676 0.022848
0 0.011452 0.377664 0.021739 0.024192
0 0.011463 0.299264 0.021716 0.028672
0 0.011548 0.514752 0.021547 0.025536
0 0.011543 0.541184 0.021557 0.025536
0 0.011526 0.539840 0.021591 0.023744
0 0.011506 0.539840 0.021630 0.026432
0 0.011511 0.511168 0.021620 0.025536
0 0.011698 0.478016 0.021248 0.027776
0 0.011719 0.475328 0.021205 0.029120
0 0.011431 0.974848 0.021782 0.024192
0 0.012048 0.466816 0.020546 0.014784
0 0.012060 0.288960 0.020523 0.012992
0 0.012061 0.303296 0.020522 0.014784
0 0.012060 0.314496 0.020523 0.014784
0 0.012059 0.328384 0.020525 0.016128
0 0.012059 0.341376 0.020525 0.012544
0 0.012060 0.355712 0.020523 0.013888
0 0.012057 0.369152 0.020529 0.015232
0 0.012058 0.383040 0.020527 0.012992
0 0.012058 0.395584 0.020527 0.016128
0 0.012063 0.411264 0.020518 0.011200
0 0.012057 0.422464 0.020529 0.012544
0 0.012059 0.436800 0.020525 0.010304
0 0.012056 0.449792 0.020531 0.011648
0 0.011995 0.303744 0.020652 0.027776
0 0.011926 0.410368 0.020790 0.024192
0 0.011992 0.333760 0.020658 0.028672
0 0.011987 0.384832 0.020669 0.028672
0 0.011983 0.412608 0.020677 0.029120
0 0.011963 0.413056 0.020717 0.028672
0 0.011968 0.383488 0.020708 0.023744
0 0.011944 0.411264 0.020756 0.026432
0 0.011948 0.381696 0.020746 0.028672
0 0.011975 0.333760 0.020692 0.025088
0 0.011978 0.304192 0.020687 0.026432
0 0.011956 0.331520 0.020731 0.025088
0 0.011959 0.304192 0.020725 0.030016
0 0.011940 0.302400 0.020764 0.029120
0 0.011938 0.331520 0.020767 0.025088
0 0.012060 0.275968 0.020523 0.013888
0 0.012059 0.262528 0.020525 0.013888
0 0.012058 0.249536 0.020527 0.012544
0 0.012053 0.231168 0.020537 0.024192
0 0.011003 0.888832 0.018172 0.058240
0 0.011297 0.284032 0.022049 0.029120
0 0.011410 0.188160 0.021822 0.014784
0 0.011389 0.240128 0.021864 0.018816
0 0.011384 0.279552 0.021876 0.016128
0 0.011507 0.132608 0.021628 0.025088
0 0.011493 0.217728 0.021657 0.026432
0 0.011465 0.269696 0.021712 0.029120
0 0.011679 0.145152 0.021284 0.029120
0 0.011783 0.240576 0.021077 0.027776
0 0.011821 0.241920 0.021002 0.019264
0 0.011842 0.212352 0.020959 0.025536
0 0.011830 0.155456 0.020983 0.026432
0 0.011864 0.159040 0.020915 0.030464
0 0.011875 0.244608 0.020892 0.029120
0 0.011934 0.220416 0.020775 0.029120
0 0.011929 0.251776 0.020785 0.026432
0 0.011949 0.250880 0.020744 0.023744
0 0.011967 0.254912 0.020710 0.030016
0 0.011985 0.253568 0.020673 0.030464
0 0.011970 0.223552 0.020702 0.027776
0 0.011976 0.167104 0.020691 0.028672
0 0.011995 0.168896 0.020652 0.026432
0 0.012012 0.182784 0.020619 0.026432
0 0.012028 0.192192 0.020587 0.021504
0 0.012040 0.205184 0.020564 0.021504
0 0.012046 0.218624 0.020550 0.022848
0 0.011930 0.381696 0.020783 0.026880
0 0.011909 0.408128 0.020825 0.023744
0 0.011738 0.444416 0.021167 0.028672
0 0.011825 0.480704 0.020992 0.026880
0 0.011842 0.374528 0.020959 0.029120
0 0.011819 0.401408 0.021006 0.028672
0 0.011821 0.374080 0.021002 0.030016
0 0.011801 0.400064 0.021040 0.028672
0 0.011804 0.372288 0.021034 0.024192
0 0.011783 0.399616 0.021077 0.023744
0 0.011783 0.372288 0.021077 0.029120
0 0.011767 0.367360 0.021109 0.026880
0 0.011760 0.400064 0.021123 0.026432
0 0.011863 0.483392 0.020917 0.021504
0 0.011864 0.457856 0.020915 0.026432
0 0.011845 0.485184 0.020954 0.030016
0 0.011848 0.455616 0.020946 0.022848
0 0.011829 0.452928 0.020984 0.023744
0 0.011913 0.379456 0.020817 0.023744
0 0.011811 0.450688 0.021021 0.028672
0 0.011806 0.480256 0.021031 0.029120
0 0.011856 0.536704 0.020931 0.025088
0 0.011839 0.533120 0.020965 0.027776
0 0.011818 0.534016 0.021008 0.025536
0 0.011801 0.530880 0.021040 0.027776
0 0.011793 0.450688 0.021057 0.022848
0 0.011791 0.480704 0.021061 0.022848
0 0.011774 0.448896 0.021094 0.029120
0 0.011773 0.478016 0.021098 0.030464
0 0.011755 0.477120 0.021132 0.026880
0 0.011735 0.475776 0.021173 0.025536
0 0.011756 0.447104 0.021130 0.030016
0 0.011836 0.403200 0.020971 0.027776
0 0.011857 0.403200 0.020929 0.023744
0 0.011857 0.376768 0.020929 0.026432
0 0.011775 0.317632 0.021092 0.023744
0 0.011919 0.329728 0.020806 0.024192
0 0.011923 0.300160 0.020796 0.026432
0 0.011902 0.327040 0.020838 0.024192
0 0.011901 0.298816 0.020840 0.027776
0 0.011885 0.326592 0.020873 0.029120
0 0.011896 0.378560 0.020850 0.025536
0 0.011890 0.407680 0.020863 0.025536
0 0.011919 0.457856 0.020804 0.026432
0 0.011919 0.489664 0.020806 0.025536
0 0.011911 0.538048 0.020821 0.026880
0 0.011893 0.537152 0.020858 0.021056
0 0.011897 0.487872 0.020848 0.023744
0 0.011902 0.459200 0.020838 0.022400
0 0.011882 0.455616 0.020879 0.026880
0 0.011878 0.486976 0.020886 0.030464
0 0.011873 0.534464 0.020896 0.029120
0 0.011873 0.405440 0.020896 0.025536
0 0.011872 0.378112 0.020898 0.025088
0 0.011886 0.298368 0.020871 0.026880
0 0.011866 0.324800 0.020911 0.026880
0 0.011848 0.295680 0.020946 0.026880
0 0.011869 0.296576 0.020906 0.025088
0 0.011848 0.324352 0.020946 0.025536
0 0.011830 0.321216 0.020983 0.025536
0 0.011832 0.293440 0.020979 0.030464
0 0.011810 0.323008 0.021023 0.027776
0 0.011793 0.321216 0.021057 0.021504
0 0.011326 0.636608 0.021991 0.013888
0 0.011325 0.649600 0.021993 0.013888
0 0.011323 0.663488 0.021997 0.012544
0 0.011880 0.616448 0.020883 0.027776
0 0.011865 0.736512 0.020913 0.027776
0 0.011884 0.736960 0.020875 0.028672
0 0.011888 0.707392 0.020867 0.030464
0 0.011907 0.713216 0.020829 0.027776
0 0.011902 0.740096 0.020838 0.023744
0 0.011896 0.788928 0.020850 0.022848
0 0.011892 0.824768 0.020860 0.030464
0 0.011872 0.824320 0.020898 0.025536
0 0.011878 0.787136 0.020886 0.028672
0 0.011860 0.785792 0.020923 0.027776
0 0.011894 0.657216 0.020856 0.028672
0 0.011913 0.660352 0.020817 0.026880
0 0.011903 0.617344 0.020837 0.030016
0 0.011907 0.566720 0.020829 0.026880
0 0.011992 0.790720 0.020660 0.012544
0 0.011885 0.565824 0.020873 0.029120
0 0.011871 0.564480 0.020902 0.025536
0 0.011852 0.562688 0.020938 0.022848
0 0.011831 0.560448 0.020981 0.030016
0 0.011815 0.562688 0.021013 0.026880
0 0.011797 0.560000 0.021050 0.027776
0 0.011814 0.703360 0.021015 0.025088
0 0.011998 0.690816 0.020646 0.013888
0 0.011997 0.706944 0.020648 0.012544
0 0.011992 0.720832 0.020658 0.012992
0 0.011990 0.736064 0.020664 0.013888
0 0.011992 0.749056 0.020658 0.016576
0 0.011990 0.762944 0.020664 0.013888
0 0.011869 0.706944 0.020906 0.028672
0 0.011876 0.655424 0.020890 0.026432
0 0.011858 0.657216 0.020927 0.026880
0 0.011864 0.615552 0.020915 0.020160
0 0.011784 0.650944 0.021075 0.025088
0 0.011791 0.609280 0.021061 0.026880
0 0.011807 0.611968 0.021029 0.026880
0 0.011802 0.650496 0.021038 0.027776
0 0.011826 0.612416 0.020990 0.030016
0 0.011819 0.651840 0.021006 0.027776
0 0.011796 0.703808 0.021052 0.029120
0 0.011795 0.731584 0.021054 0.019264
0 0.011833 0.703360 0.020977 0.025088
0 0.011811 0.731136 0.021021 0.025088
0 0.011751 0.776832 0.021140 0.025088
0 0.011768 0.779520 0.021107 0.023744
0 0.011765 0.817600 0.021113 0.026880
0 0.011785 0.778624 0.021073 0.026880
0 0.011780 0.819840 0.021082 0.029120
0 0.011798 0.818944 0.021046 0.025536
0 0.011804 0.780864 0.021034 0.030016
0 0.011815 0.822080 0.021013 0.026432
0 0.011823 0.781760 0.020996 0.026432
0 0.011835 0.822080 0.020973 0.027776
0 0.011840 0.786240 0.020963 0.025536
0 0.011855 0.823872 0.020933 0.024192
0 0.011853 0.706944 0.020936 0.023744
0 0.011828 0.734272 0.020986 0.026880
0 0.011847 0.734272 0.020948 0.026880
0 0.011841 0.654976 0.020961 0.024192
0 0.011846 0.615552 0.020952 0.021504
0 0.011992 0.777728 0.020658 0.013888
0 0.011989 0.805952 0.020666 0.013888
0 0.011327 0.677376 0.021989 0.011200
0 0.011517 0.881216 0.021609 0.025088
0 0.011646 0.862400 0.021351 0.025088
0 0.011643 0.888384 0.021357 0.024192
0 0.011625 0.889728 0.021394 0.023744
0 0.011629 0.858368 0.021384 0.022848
0 0.011608 0.859264 0.021426 0.024192
0 0.011587 0.887040 0.021469 0.025536
0 0.011590 0.855232 0.021463 0.027776
0 0.011570 0.884800 0.021503 0.023744
0 0.011574 0.855232 0.021495 0.022400
0 0.011553 0.883456 0.021538 0.026432
0 0.011554 0.855680 0.021536 0.026880
0 0.011532 0.883008 0.021578 0.026880
0 0.011536 0.851200 0.021570 0.027776
0 0.011520 0.852096 0.021603 0.025088
0 0.011980 0.825216 0.020683 0.012992
0 0.011498 0.878528 0.021647 0.026880
0 0.011630 0.986944 0.021382 0.017920
0 0.011648 0.986944 0.021348 0.022848
0 0.011612 0.987840 0.021419 0.020160
0 0.011595 0.984704 0.021453 0.025088
0 0.011575 0.983360 0.021493 0.025088
0 0.011555 0.983808 0.021532 0.025536
0 0.011539 0.980672 0.021565 0.019264
0 0.011522 0.979328 0.021599 0.025088
0 0.011503 0.977088 0.021638 0.025088
0 0.011484 0.976640 0.021674 0.020160
0 0.011465 0.975296 0.021712 0.025536
0 0.011449 0.975744 0.021745 0.026432
0 0.011661 0.889728 0.021321 0.022848
0 0.011667 0.862400 0.021309 0.021056
0 0.011685 0.861952 0.021273 0.025536
0 0.011680 0.892416 0.021282 0.022848
0 0.011981 0.843136 0.020681 0.012992
0 0.011975 0.863744 0.020692 0.012544
0 0.011973 0.883456 0.020696 0.012544
0 0.011970 0.902272 0.020702 0.011648
0 0.011970 0.920640 0.020702 0.011200
0 0.011884 0.879872 0.020875 0.023744
0 0.011882 0.905408 0.020879 0.027776
0 0.011861 0.904064 0.020921 0.027776
0 0.011864 0.877184 0.020915 0.025536
0 0.011844 0.905408 0.020956 0.022400
0 0.011848 0.872704 0.020946 0.026880
0 0.011827 0.900480 0.020988 0.021056
0 0.011826 0.873152 0.020990 0.028672
0 0.011809 0.900480 0.021025 0.020160
0 0.011809 0.872704 0.021025 0.024192
0 0.011790 0.900928 0.021063 0.022848
0 0.011790 0.871360 0.021063 0.027776
0 0.011771 0.898688 0.021102 0.023744
0 0.011774 0.869120 0.021094 0.026880
0 0.011752 0.898688 0.021138 0.025088
0 0.011757 0.869568 0.021129 0.023744
0 0.011740 0.866432 0.021163 0.027776
0 0.011736 0.895104 0.021171 0.026432
0 0.011718 0.893312 0.021207 0.026880
0 0.011699 0.892416 0.021246 0.025536
0 0.011720 0.865088 0.021203 0.027776
0 0.011700 0.866432 0.021244 0.025088
0 0.011768 0.648256 0.021107 0.025088
0 0.011774 0.607936 0.021094 0.027776
0 0.011779 0.701568 0.021084 0.026880
0 0.011591 0.595840 0.021461 0.026880
0 0.011506 0.681856 0.021632 0.025536
0 0.011502 0.710528 0.021639 0.028672
0 0.011403 0.755328 0.021837 0.023744
0 0.011423 0.757120 0.021797 0.026880
0 0.011440 0.756672 0.021762 0.026432
0 0.011460 0.758016 0.021722 0.021504
0 0.011479 0.760256 0.021686 0.027776
0 0.011496 0.760704 0.021651 0.031360
0 0.011506 0.798336 0.021630 0.030016
0 0.011501 0.850752 0.021641 0.022848
0 0.011533 0.593152 0.021576 0.031360
0 0.011554 0.595392 0.021536 0.027776
0 0.011571 0.595392 0.021501 0.025536
0 0.011606 0.599872 0.021430 0.031360
0 0.011776 0.729344 0.021090 0.021504
0 0.011532 0.632128 0.021578 0.026880
0 0.011549 0.633920 0.021545 0.026432
0 0.011567 0.634368 0.021509 0.025088
0 0.011587 0.635264 0.021469 0.026432
0 0.011604 0.637952 0.021434 0.027776
0 0.011623 0.640640 0.021397 0.022400
0 0.011524 0.682752 0.021595 0.020160
0 0.011521 0.711424 0.021601 0.028672
0 0.011539 0.711872 0.021565 0.024192
0 0.011541 0.683648 0.021561 0.026432
0 0.011559 0.687680 0.021524 0.028672
0 0.011558 0.713216 0.021526 0.022848
0 0.011578 0.688128 0.021488 0.026432
0 0.011482 0.709184 0.021678 0.024192
0 0.011487 0.681856 0.021668 0.026880
0 0.011466 0.706944 0.021711 0.028672
0 0.011448 0.706944 0.021747 0.026880
0 0.011320 0.691264 0.022003 0.011648
0 0.011316 0.703808 0.022010 0.011648
0 0.011315 0.719936 0.022012 0.012544
0 0.011318 0.731584 0.022006 0.010304
0 0.011312 0.742784 0.022018 0.011200
0 0.011312 0.756224 0.022018 0.012992
0 0.011426 0.585984 0.021791 0.027776
0 0.011444 0.585536 0.021755 0.028672
0 0.011402 0.624960 0.021839 0.026880
0 0.011423 0.628096 0.021797 0.029120
0 0.011440 0.626304 0.021762 0.026432
0 0.011458 0.627648 0.021726 0.023744
0 0.011459 0.589120 0.021724 0.030016
0 0.011482 0.589568 0.021680 0.024192
0 0.011476 0.628096 0.021691 0.027776
0 0.011499 0.590912 0.021645 0.023744
0 0.011494 0.629888 0.021655 0.026880
0 0.011518 0.590912 0.021607 0.022400
0 0.011514 0.629888 0.021615 0.026880
0 0.011393 0.676032 0.021857 0.028672
0 0.011388 0.705152 0.021866 0.025088
0 0.011413 0.676928 0.021816 0.030464
0 0.011409 0.706944 0.021826 0.025088
0 0.011434 0.675584 0.021774 0.023744
0 0.011450 0.677376 0.021743 0.030464
0 0.011469 0.679616 0.021705 0.022400
0 0.011429 0.704704 0.021785 0.023744
0 0.011574 0.715904 0.021495 0.022848
0 0.011596 0.688128 0.021451 0.026432
0 0.011593 0.716352 0.021457 0.025088
0 0.011670 0.693056 0.021303 0.028672
0 0.011682 0.723968 0.021278 0.029120
0 0.011687 0.694848 0.021269 0.030464
0 0.011701 0.724416 0.021242 0.028672
0 0.011703 0.694848 0.021236 0.033152
0 0.011725 0.697536 0.021194 0.030016
0 0.011719 0.727104 0.021205 0.030464
0 0.011641 0.771008 0.021361 0.026880
0 0.011660 0.771904 0.021323 0.025088
0 0.011676 0.773696 0.021290 0.025536
0 0.011695 0.775040 0.021253 0.028672
0 0.011713 0.776832 0.021217 0.027776
0 0.011637 0.809088 0.021369 0.028672
0 0.011656 0.809088 0.021330 0.022848
0 0.011672 0.812224 0.021299 0.025536
0 0.011692 0.812672 0.021259 0.021504
0 0.011709 0.814464 0.021225 0.022400
0 0.011725 0.813120 0.021194 0.029120
0 0.011735 0.606592 0.021173 0.030464
0 0.011730 0.646016 0.021182 0.026880
0 0.011745 0.697536 0.021153 0.027776
0 0.011738 0.727552 0.021167 0.030464
0 0.011732 0.778176 0.021178 0.031360
0 0.011744 0.816704 0.021155 0.027776
0 0.011753 0.608384 0.021136 0.031360
0 0.011751 0.647808 0.021140 0.026880
0 0.011761 0.698880 0.021121 0.024192
0 0.011757 0.729344 0.021129 0.021504
0 0.011664 0.723968 0.021315 0.026432
0 0.011648 0.720832 0.021348 0.029120
0 0.011616 0.689024 0.021411 0.024192
0 0.011652 0.690816 0.021340 0.030464
0 0.011608 0.719936 0.021426 0.027776
0 0.011514 0.761600 0.021615 0.023744
0 0.011530 0.763840 0.021582 0.025088
0 0.011549 0.765632 0.021545 0.024192
0 0.011567 0.766976 0.021509 0.024192
0 0.011586 0.766976 0.021470 0.030016
0 0.011603 0.768768 0.021436 0.025088
0 0.011621 0.770112 0.021401 0.028672
0 0.011526 0.801024 0.021591 0.028672
0 0.011547 0.802816 0.021549 0.025536
0 0.011562 0.802816 0.021518 0.026880
0 0.011581 0.803712 0.021480 0.022848
0 0.011597 0.805952 0.021449 0.026880
0 0.011617 0.806400 0.021409 0.030016
0 0.011627 0.598528 0.021390 0.020160
0 0.011644 0.600768 0.021355 0.026880
0 0.011641 0.640640 0.021361 0.019264
0 0.011658 0.640192 0.021326 0.026880
0 0.011662 0.601664 0.021319 0.023744
0 0.011680 0.603456 0.021282 0.022848
0 0.011676 0.643776 0.021290 0.028672
0 0.011697 0.643776 0.021250 0.026880
0 0.011699 0.604800 0.021246 0.026880
0 0.011712 0.645120 0.021219 0.026880
0 0.011717 0.607040 0.021209 0.028672
0 0.011631 0.692160 0.021380 0.029120
0 0.011629 0.720384 0.021384 0.022848
0 0.011453 0.140224 0.021737 0.029120
