0 0.012140 0.312256 0.020364 0.015680
0 0.010540 0.885696 0.019098 0.032256
0 0.010320 0.892864 0.019538 0.028224
0 0.010367 0.890624 0.019445 0.028224
0 0.010388 0.890624 0.019403 0.028224
0 0.010406 0.891072 0.019366 0.029120
0 0.010432 0.888384 0.019315 0.028224
0 0.010453 0.889280 0.019272 0.028224
0 0.010473 0.888832 0.019233 0.029120
0 0.010495 0.887488 0.019188 0.028224
0 0.010518 0.887936 0.019142 0.030464
0 0.010574 0.883904 0.019030 0.029120
0 0.010470 0.943040 0.019238 0.049728
0 0.010596 0.885248 0.018986 0.028224
0 0.010718 0.686336 0.018744 0.040768
0 0.010184 0.802368 0.019810 0.010304
0 0.010182 0.790272 0.019815 0.011200
0 0.010833 0.708736 0.018513 0.017920
0 0.010823 0.736064 0.018532 0.013440
0 0.010775 0.733376 0.018628 0.012544
0 0.010779 0.719936 0.018620 0.013440
0 0.010771 0.694848 0.018637 0.012544
0 0.010298 0.892416 0.019583 0.026880
0 0.010464 0.947968 0.019250 0.033152
0 0.010783 0.672000 0.018613 0.017920
0 0.010234 0.949760 0.019711 0.033152
0 0.011921 0.911232 0.020801 0.015680
0 0.011888 0.904064 0.020867 0.014336
0 0.011745 0.928256 0.021154 0.017920
0 0.011737 0.960064 0.021169 0.017472
0 0.011728 0.960960 0.021186 0.014784
0 0.011727 0.942144 0.021189 0.017920
0 0.010345 0.891072 0.019488 0.029120
0 0.010188 0.977984 0.019803 0.039424
0 0.010223 0.950656 0.019732 0.033152
0 0.010248 0.974400 0.019683 0.039872
0 0.010413 0.944832 0.019352 0.047040
0 0.010256 0.948864 0.019667 0.055104
0 0.010284 0.960512 0.019611 0.036288
0 0.010305 0.958720 0.019569 0.035392
0 0.010304 0.958272 0.019571 0.050176
0 0.010315 0.954240 0.019549 0.048832
0 0.010324 0.947968 0.019530 0.048832
0 0.010341 0.947520 0.019496 0.048832
0 0.010360 0.947520 0.019459 0.046592
0 0.010394 0.944384 0.019391 0.047936
0 0.010779 0.683200 0.018620 0.020608
0 0.010786 0.662144 0.018606 0.017920
0 0.012166 0.280448 0.020311 0.018816
0 0.010970 0.130816 0.018238 0.008512
0 0.010845 0.315840 0.018489 0.040768
0 0.010806 0.250432 0.018567 0.027328
0 0.010967 0.225792 0.018244 0.030016
0 0.010964 0.215040 0.018250 0.030464
0 0.010967 0.198464 0.018244 0.025984
0 0.010970 0.183680 0.018238 0.025984
0 0.010970 0.170688 0.018238 0.023744
0 0.010970 0.159488 0.018238 0.021952
0 0.010969 0.147392 0.018240 0.021056
0 0.010971 0.120064 0.018237 0.009408
0 0.010877 0.315392 0.018425 0.042560
0 0.010972 0.108864 0.018235 0.010304
0 0.010972 0.096768 0.018235 0.011200
0 0.010971 0.086912 0.018237 0.010304
0 0.010854 0.239680 0.018471 0.020608
0 0.010854 0.227584 0.018471 0.019712
0 0.010855 0.215040 0.018469 0.017920
0 0.010884 0.184576 0.018411 0.025088
0 0.010895 0.171136 0.018389 0.019712
0 0.010895 0.157248 0.018388 0.023744
0 0.010857 0.315840 0.018464 0.039424
0 0.010888 0.313600 0.018403 0.039424
0 0.010790 0.652288 0.018599 0.017920
0 0.010636 0.651392 0.018906 0.030464
0 0.010792 0.641984 0.018594 0.019712
0 0.010796 0.631232 0.018586 0.018816
0 0.010805 0.621824 0.018569 0.020608
0 0.010682 0.520576 0.018815 0.009408
0 0.010682 0.530880 0.018815 0.010304
0 0.010684 0.542528 0.018810 0.009408
0 0.010682 0.554176 0.018815 0.009408
0 0.010677 0.650048 0.018825 0.031360
0 0.010657 0.650496 0.018864 0.030464
0 0.010601 0.652288 0.018977 0.030464
0 0.010900 0.314496 0.018379 0.040768
0 0.010583 0.652736 0.019013 0.030464
0 0.010440 0.578368 0.019298 0.010304
0 0.010165 0.702016 0.019849 0.030016
0 0.010973 0.309120 0.018232 0.040768
0 0.010962 0.307776 0.018255 0.039872
0 0.010949 0.310912 0.018281 0.039872
0 0.010938 0.311808 0.018303 0.039872
0 0.010924 0.313152 0.018330 0.041664
0 0.010912 0.314944 0.018355 0.039872
0 0.011940 0.885248 0.020762 0.012544
0 0.011973 0.962304 0.020698 0.017472
0 0.011957 0.964992 0.020728 0.013440
0 0.012076 0.694848 0.020491 0.014336
0 0.012106 0.574336 0.020430 0.017920
0 0.012109 0.591360 0.020425 0.015680
0 0.012109 0.601664 0.020425 0.014784
0 0.012109 0.610624 0.020425 0.010304
0 0.012111 0.626752 0.020421 0.009408
0 0.012066 0.727104 0.020511 0.014336
0 0.012067 0.719488 0.020508 0.015680
0 0.012072 0.710976 0.020499 0.011648
0 0.012074 0.701568 0.020494 0.014784
0 0.012090 0.671104 0.020462 0.016576
0 0.012104 0.552384 0.020435 0.014784
0 0.012109 0.666176 0.020425 0.017920
0 0.012110 0.675136 0.020423 0.015680
0 0.012111 0.687232 0.020421 0.012544
0 0.012112 0.712320 0.020420 0.012544
0 0.012104 0.708736 0.020435 0.014784
0 0.012092 0.723520 0.020459 0.017920
0 0.012104 0.723968 0.020435 0.014336
0 0.012106 0.732928 0.020430 0.011200
0 0.012094 0.736064 0.020455 0.013440
0 0.012107 0.559552 0.020428 0.014784
0 0.012106 0.541184 0.020430 0.010304
0 0.012031 0.853888 0.020581 0.018816
0 0.012170 0.059136 0.020303 0.015680
0 0.012254 0.244608 0.020135 0.018816
0 0.012197 0.010752 0.020249 0.017920
0 0.012191 0.081984 0.020260 0.014784
0 0.012145 0.248640 0.020352 0.015680
0 0.012178 0.181440 0.020288 0.017472
0 0.012164 0.183680 0.020315 0.017920
0 0.012156 0.178304 0.020332 0.017472
0 0.012156 0.147840 0.020330 0.017472
0 0.012167 0.080640 0.020310 0.016576
0 0.012173 0.039872 0.020298 0.016576
0 0.012105 0.534016 0.020433 0.011200
0 0.012097 0.495040 0.020449 0.016576
0 0.012108 0.495488 0.020427 0.017472
0 0.012098 0.510272 0.020447 0.012544
0 0.012106 0.510272 0.020430 0.014336
0 0.012101 0.524160 0.020442 0.014784
0 0.012133 0.444416 0.020377 0.016576
0 0.012170 0.486976 0.020303 0.014784
0 0.012206 0.459648 0.020232 0.017920
0 0.012245 0.465920 0.020154 0.017920
0 0.012184 0.537152 0.020274 0.008064
0 0.012186 0.543424 0.020271 0.007168
0 0.012186 0.550144 0.020271 0.008064
0 0.012109 0.973952 0.020425 0.006272
0 0.012064 0.770560 0.020515 0.008064
0 0.012101 0.804160 0.020440 0.009408
0 0.012121 0.812672 0.020401 0.014784
0 0.012138 0.850304 0.020367 0.017920
0 0.012140 0.868224 0.020362 0.016576
0 0.012140 0.886144 0.020362 0.017472
0 0.012143 0.989184 0.020357 0.017920
0 0.012141 0.904960 0.020360 0.014336
0 0.012110 0.992320 0.020423 0.008064
0 0.012108 0.964096 0.020427 0.008512
0 0.012185 0.584640 0.020272 0.008512
0 0.012110 0.908992 0.020423 0.017472
0 0.012082 0.914368 0.020479 0.018816
0 0.012073 0.913472 0.020498 0.015680
0 0.012066 0.947968 0.020511 0.009408
0 0.012068 0.966336 0.020506 0.009408
0 0.012070 0.983360 0.020503 0.008064
0 0.012056 0.974848 0.020530 0.015680
0 0.012048 0.978432 0.020547 0.016576
0 0.012041 0.851200 0.020560 0.017472
0 0.012065 0.761600 0.020513 0.008064
0 0.012063 0.753536 0.020516 0.008512
0 0.012232 0.916160 0.020179 0.013440
0 0.012260 0.940800 0.020123 0.014784
0 0.012189 0.594496 0.020266 0.008064
0 0.012189 0.603456 0.020266 0.008512
0 0.012189 0.621376 0.020266 0.008512
0 0.012190 0.630784 0.020264 0.005376
0 0.012190 0.638848 0.020262 0.008512
0 0.012193 0.647808 0.020257 0.009408
0 0.012190 0.658560 0.020262 0.008512
0 0.012222 0.585088 0.020199 0.009408
0 0.012222 0.600768 0.020199 0.009408
0 0.012224 0.612864 0.020194 0.008512
0 0.012225 0.622720 0.020193 0.008064
0 0.012225 0.630784 0.020193 0.008512
0 0.012224 0.639296 0.020194 0.009408
0 0.012263 0.659008 0.020116 0.018816
0 0.012264 0.681856 0.020115 0.016576
0 0.012249 0.780864 0.020145 0.011200
0 0.012228 0.864192 0.020186 0.013440
0 0.012228 0.873600 0.020186 0.012544
0 0.012228 0.906752 0.020186 0.014784
0 0.010931 0.076608 0.018316 0.011648
