0 0.011810 0.900928 0.021023 0.008064
0 0.010527 0.660352 0.019124 0.012992
0 0.010558 0.625408 0.019062 0.011648
0 0.010552 0.634816 0.019075 0.011200
0 0.010541 0.634816 0.019096 0.011200
0 0.010546 0.626752 0.019086 0.011648
0 0.010530 0.635264 0.019118 0.011200
0 0.010535 0.626752 0.019108 0.011648
0 0.010525 0.627648 0.019128 0.011200
0 0.010519 0.636608 0.019140 0.011200
0 0.010508 0.636608 0.019163 0.011200
0 0.010513 0.628544 0.019152 0.010752
0 0.010497 0.637504 0.019184 0.011648
0 0.010502 0.628992 0.019175 0.011200
0 0.010486 0.637952 0.019206 0.010752
0 0.010492 0.628992 0.019194 0.011200
0 0.010480 0.630784 0.019219 0.010752
0 0.010479 0.662592 0.019221 0.013888
0 0.010491 0.674240 0.019197 0.013888
0 0.010488 0.663936 0.019203 0.010304
0 0.010498 0.673792 0.019183 0.012544
0 0.010493 0.663488 0.019192 0.013888
0 0.010506 0.674240 0.019167 0.012544
0 0.010502 0.663040 0.019175 0.010304
0 0.010512 0.673344 0.019154 0.012992
0 0.010506 0.662144 0.019166 0.012992
0 0.010519 0.672896 0.019141 0.013888
0 0.010514 0.660800 0.019150 0.013440
0 0.010527 0.672448 0.019124 0.012544
0 0.010566 0.659008 0.019046 0.012544
0 0.010573 0.658112 0.019033 0.012992
0 0.010580 0.669760 0.019020 0.012992
0 0.010618 0.629888 0.018944 0.011200
0 0.010680 0.659456 0.018819 0.013888
0 0.010663 0.653184 0.018852 0.012544
0 0.010657 0.665280 0.018864 0.012992
0 0.010676 0.641984 0.018827 0.004480
0 0.010677 0.637504 0.018825 0.004032
0 0.010657 0.643776 0.018865 0.004480
0 0.010658 0.638400 0.018862 0.004480
0 0.010638 0.645120 0.018903 0.004928
0 0.010642 0.639296 0.018894 0.004032
0 0.010644 0.620928 0.018891 0.011648
0 0.010636 0.665280 0.018907 0.013440
0 0.010630 0.666624 0.018918 0.012544
0 0.010622 0.621824 0.018934 0.011200
0 0.010568 0.624960 0.019043 0.012096
0 0.010607 0.631232 0.018965 0.011200
0 0.010597 0.631680 0.018984 0.010752
0 0.010616 0.667520 0.018947 0.012992
0 0.010609 0.667968 0.018961 0.012544
0 0.010602 0.656768 0.018975 0.012992
0 0.010601 0.668864 0.018976 0.012992
0 0.010593 0.668416 0.018992 0.012096
0 0.010586 0.668416 0.019006 0.012544
0 0.010601 0.623168 0.018977 0.011200
0 0.010589 0.624512 0.019001 0.011200
0 0.010579 0.624960 0.019021 0.011200
0 0.010563 0.633920 0.019052 0.011200
0 0.010520 0.659904 0.019138 0.012992
0 0.010533 0.671552 0.019113 0.013888
0 0.010306 0.446656 0.019567 0.011200
0 0.010540 0.671552 0.019099 0.012992
0 0.010772 0.777280 0.018635 0.012544
0 0.010766 0.778624 0.018646 0.012544
0 0.010775 0.790720 0.018629 0.012544
0 0.010760 0.779968 0.018658 0.012096
0 0.010767 0.790720 0.018645 0.012544
0 0.010752 0.779968 0.018674 0.012544
0 0.010759 0.790272 0.018661 0.012992
0 0.010752 0.791168 0.018675 0.012544
0 0.010745 0.779520 0.018690 0.012544
0 0.010737 0.779968 0.018704 0.012992
0 0.010746 0.791616 0.018686 0.012096
0 0.010732 0.780864 0.018715 0.012992
0 0.010738 0.792064 0.018702 0.013440
0 0.010724 0.779968 0.018731 0.013888
0 0.010718 0.780864 0.018743 0.013440
0 0.010732 0.792512 0.018715 0.012544
0 0.010724 0.792960 0.018730 0.013888
0 0.010711 0.780416 0.018757 0.013440
0 0.010705 0.781312 0.018769 0.013440
0 0.010718 0.793408 0.018742 0.013440
0 0.010711 0.793856 0.018756 0.013440
0 0.010705 0.794304 0.018768 0.012992
0 0.010703 0.798336 0.018772 0.011648
0 0.010781 0.701568 0.018617 0.010752
0 0.010782 0.695296 0.018615 0.011200
0 0.010766 0.704704 0.018646 0.011648
0 0.010771 0.696192 0.018636 0.010752
0 0.010781 0.790272 0.018618 0.012992
0 0.010786 0.788928 0.018606 0.012992
0 0.010781 0.777280 0.018618 0.011200
0 0.010805 0.760704 0.018569 0.012544
0 0.010534 0.659904 0.019110 0.012992
0 0.010547 0.671552 0.019084 0.013440
0 0.010541 0.659456 0.019097 0.014336
0 0.010553 0.671104 0.019072 0.013440
0 0.010547 0.659456 0.019084 0.013440
0 0.010560 0.670656 0.019059 0.012992
0 0.010553 0.659008 0.019072 0.012544
0 0.010566 0.670208 0.019046 0.012992
0 0.010573 0.670208 0.019033 0.012992
0 0.010818 0.753088 0.018543 0.012992
0 0.010805 0.749056 0.018569 0.012544
0 0.010803 0.753536 0.018572 0.012992
0 0.010819 0.759360 0.018540 0.011200
0 0.010792 0.788480 0.018594 0.012544
0 0.010818 0.764736 0.018542 0.012096
0 0.010820 0.771008 0.018538 0.011648
0 0.010822 0.779072 0.018534 0.011200
0 0.010807 0.768320 0.018564 0.012544
0 0.010803 0.771456 0.018572 0.013440
0 0.010818 0.783104 0.018542 0.012992
0 0.010817 0.788032 0.018544 0.011200
0 0.010803 0.777280 0.018573 0.012544
0 0.010808 0.787584 0.018562 0.012992
0 0.010794 0.776384 0.018591 0.012544
0 0.010802 0.788480 0.018575 0.012096
0 0.010788 0.777728 0.018603 0.012544
0 0.010698 0.663488 0.018782 0.013440
0 0.010710 0.661696 0.018759 0.013440
0 0.010704 0.649600 0.018771 0.013440
0 0.010717 0.661248 0.018745 0.013440
0 0.010356 0.429184 0.019467 0.012096
0 0.010356 0.435904 0.019467 0.012096
0 0.010354 0.439936 0.019471 0.011200
0 0.010353 0.445312 0.019472 0.011200
0 0.010354 0.451136 0.019470 0.011648
0 0.010353 0.456064 0.019473 0.011200
0 0.010393 0.429184 0.019393 0.014336
0 0.010415 0.399616 0.019349 0.004480
0 0.010401 0.439040 0.019377 0.004480
0 0.010401 0.443520 0.019377 0.004032
0 0.010401 0.455616 0.019377 0.004480
0 0.010477 0.399168 0.019224 0.005376
0 0.010474 0.425152 0.019230 0.015232
0 0.010484 0.424256 0.019210 0.014784
0 0.010489 0.423808 0.019200 0.015232
0 0.010495 0.422464 0.019189 0.014336
0 0.010505 0.423808 0.019169 0.014784
0 0.010509 0.422912 0.019160 0.016128
0 0.010483 0.403648 0.019213 0.004480
0 0.010466 0.457856 0.019246 0.015680
0 0.010493 0.471744 0.019192 0.014336
0 0.010655 0.514304 0.018868 0.004032
0 0.010655 0.519232 0.018868 0.004480
0 0.010565 0.515200 0.019049 0.007616
0 0.010565 0.521472 0.019048 0.011200
0 0.010557 0.523264 0.019065 0.010304
0 0.010561 0.530432 0.019057 0.007616
0 0.010355 0.423808 0.019468 0.010752
0 0.010358 0.420224 0.019463 0.010752
0 0.010356 0.412160 0.019467 0.011200
0 0.010377 0.352128 0.019425 0.011648
0 0.010363 0.316288 0.019452 0.011648
0 0.010362 0.321216 0.019454 0.011648
0 0.010362 0.326592 0.019454 0.011648
0 0.010361 0.331520 0.019456 0.012096
0 0.010362 0.338240 0.019454 0.012096
0 0.010361 0.348992 0.019457 0.011200
0 0.010382 0.320768 0.019415 0.011648
0 0.010380 0.325696 0.019418 0.012096
0 0.010379 0.331072 0.019420 0.012096
0 0.010379 0.336448 0.019421 0.011200
0 0.010377 0.340928 0.019425 0.011648
0 0.010378 0.347648 0.019423 0.012096
0 0.010377 0.357952 0.019425 0.012096
0 0.010357 0.408128 0.019465 0.010752
0 0.010377 0.363328 0.019425 0.010752
0 0.010375 0.367808 0.019428 0.010752
0 0.010374 0.373184 0.019430 0.011648
0 0.010360 0.353472 0.019459 0.011648
0 0.010359 0.358400 0.019460 0.012096
0 0.010359 0.363776 0.019461 0.011200
0 0.010362 0.370048 0.019454 0.011648
0 0.010358 0.374080 0.019463 0.011200
0 0.010359 0.385728 0.019461 0.011200
0 0.010358 0.391552 0.019463 0.011200
0 0.010357 0.396032 0.019465 0.011200
0 0.010356 0.401856 0.019466 0.011200
0 0.010550 0.531776 0.019079 0.009856
0 0.010544 0.523264 0.019091 0.009856
0 0.010533 0.524160 0.019113 0.010752
0 0.010783 0.643328 0.018613 0.015680
0 0.010814 0.709184 0.018551 0.012096
0 0.010814 0.714560 0.018551 0.012096
0 0.010816 0.721728 0.018547 0.012096
0 0.010817 0.727552 0.018545 0.012096
0 0.010815 0.732928 0.018548 0.012544
0 0.010816 0.738752 0.018547 0.012544
0 0.010816 0.745024 0.018546 0.012544
0 0.010798 0.641088 0.018582 0.015680
0 0.010794 0.641984 0.018591 0.015232
0 0.010792 0.625408 0.018595 0.014784
0 0.010788 0.641536 0.018602 0.014784
0 0.010787 0.625408 0.018605 0.015232
0 0.010781 0.626752 0.018616 0.016128
0 0.010812 0.697984 0.018554 0.011648
0 0.010778 0.643776 0.018623 0.015680
0 0.010777 0.628096 0.018625 0.012992
0 0.010773 0.644224 0.018633 0.016576
0 0.010771 0.628096 0.018637 0.013440
0 0.010767 0.647360 0.018644 0.015680
0 0.010765 0.628544 0.018649 0.015232
0 0.010752 0.646016 0.018675 0.015680
0 0.010733 0.644672 0.018712 0.004032
0 0.010730 0.626752 0.018718 0.014784
0 0.010731 0.660352 0.018717 0.013888
0 0.010724 0.661248 0.018731 0.013888
0 0.010712 0.649152 0.018754 0.012992
0 0.010814 0.703360 0.018551 0.011200
0 0.010811 0.691712 0.018556 0.011648
0 0.010538 0.531776 0.019103 0.009856
0 0.010352 0.486080 0.019474 0.015680
0 0.010528 0.532224 0.019122 0.009856
0 0.010526 0.524608 0.019127 0.008064
0 0.010511 0.516544 0.019156 0.011200
0 0.010516 0.525056 0.019146 0.008512
0 0.010514 0.531328 0.019150 0.010304
0 0.010509 0.533120 0.019161 0.011200
0 0.010321 0.478016 0.019537 0.015680
0 0.010325 0.477568 0.019528 0.015680
0 0.010331 0.478912 0.019516 0.016128
0 0.010337 0.481600 0.019505 0.015232
0 0.010342 0.482944 0.019495 0.015232
0 0.010347 0.484736 0.019485 0.015232
0 0.010358 0.486976 0.019463 0.015232
0 0.010811 0.686336 0.018556 0.012544
0 0.010364 0.488320 0.019452 0.016128
0 0.010371 0.489664 0.019436 0.016128
0 0.010380 0.491008 0.019419 0.016576
0 0.010386 0.494592 0.019407 0.014336
0 0.010391 0.494592 0.019396 0.015232
0 0.010396 0.495936 0.019387 0.015232
0 0.010400 0.496832 0.019378 0.014336
0 0.010407 0.499520 0.019364 0.013888
0 0.010411 0.499520 0.019356 0.015680
0 0.010812 0.667072 0.018554 0.013888
0 0.010813 0.674240 0.018553 0.013888
0 0.010811 0.680512 0.018557 0.012544
0 0.010757 0.705152 0.018665 0.010304
0 0.010776 0.687680 0.018627 0.010752
0 0.010761 0.696640 0.018656 0.010752
0 0.010394 0.648704 0.019390 0.005824
0 0.010288 0.635712 0.019603 0.004928
0 0.010288 0.631680 0.019602 0.005376
0 0.010291 0.626752 0.019597 0.006272
0 0.010277 0.699328 0.019625 0.004480
0 0.010276 0.690368 0.019626 0.004928
0 0.010257 0.700224 0.019664 0.004480
0 0.010266 0.687680 0.019647 0.011648
0 0.010260 0.686784 0.019659 0.011200
0 0.010250 0.685888 0.019678 0.011200
0 0.010235 0.694400 0.019709 0.010752
0 0.010237 0.702016 0.019704 0.004480
0 0.010252 0.509376 0.019675 0.005824
0 0.010248 0.513408 0.019683 0.007168
0 0.010256 0.520128 0.019667 0.006720
0 0.010241 0.516992 0.019696 0.006272
0 0.010232 0.509824 0.019715 0.007168
0 0.010235 0.505344 0.019708 0.006720
0 0.010220 0.501312 0.019739 0.006272
0 0.010216 0.506240 0.019746 0.006272
0 0.010225 0.513408 0.019728 0.005824
0 0.010210 0.509824 0.019759 0.005824
0 0.010201 0.503104 0.019776 0.006720
0 0.010202 0.498176 0.019774 0.006272
0 0.010193 0.506688 0.019792 0.007168
0 0.010190 0.510720 0.019799 0.007616
0 0.010208 0.515200 0.019762 0.006720
0 0.010227 0.518784 0.019725 0.007168
0 0.010285 0.640192 0.019608 0.005376
0 0.010285 0.644672 0.019608 0.004480
0 0.010301 0.650496 0.019576 0.004480
0 0.010314 0.680064 0.019550 0.005376
0 0.010375 0.651392 0.019429 0.004480
0 0.010389 0.681408 0.019400 0.003136
0 0.010369 0.680960 0.019440 0.004480
0 0.010371 0.676928 0.019436 0.004032
0 0.010350 0.680512 0.019478 0.004032
0 0.010342 0.689920 0.019495 0.003584
0 0.010335 0.681408 0.019509 0.004032
0 0.010323 0.689920 0.019532 0.004480
0 0.010314 0.696640 0.019550 0.004480
0 0.010314 0.701120 0.019551 0.004480
0 0.010303 0.689024 0.019572 0.004480
0 0.010295 0.697984 0.019588 0.004480
0 0.010295 0.677376 0.019588 0.007168
0 0.010304 0.646016 0.019571 0.004480
0 0.010339 0.635712 0.019501 0.015680
0 0.010333 0.651392 0.019512 0.014784
0 0.010344 0.620928 0.019490 0.012544
0 0.010334 0.620032 0.019511 0.013888
0 0.010329 0.635264 0.019520 0.015232
0 0.010322 0.651392 0.019535 0.016128
0 0.010309 0.664832 0.019562 0.012992
0 0.010311 0.625856 0.019558 0.005824
0 0.010309 0.629440 0.019561 0.005824
0 0.010308 0.633472 0.019563 0.005824
0 0.010307 0.637504 0.019564 0.006272
0 0.010306 0.641536 0.019567 0.005376
0 0.010246 0.523264 0.019686 0.007616
0 0.010248 0.532672 0.019683 0.007616
0 0.010236 0.525504 0.019707 0.007168
0 0.010171 0.553728 0.019836 0.007168
0 0.010227 0.575680 0.019724 0.006720
0 0.010242 0.588672 0.019694 0.007616
0 0.010225 0.584640 0.019728 0.007168
0 0.010227 0.580160 0.019725 0.007168
0 0.010208 0.581056 0.019763 0.006720
0 0.010212 0.577472 0.019754 0.006720
0 0.010209 0.571648 0.019761 0.007168
0 0.010195 0.573440 0.019789 0.006720
0 0.010190 0.577472 0.019798 0.007616
0 0.010192 0.567616 0.019795 0.007168
0 0.010188 0.557760 0.019803 0.007168
0 0.010184 0.561344 0.019812 0.007168
0 0.010174 0.564480 0.019831 0.007168
0 0.010228 0.571200 0.019722 0.007168
0 0.010174 0.568512 0.019830 0.007168
0 0.010172 0.573888 0.019835 0.006272
0 0.010172 0.578368 0.019835 0.007168
0 0.010160 0.588672 0.019859 0.014336
0 0.010169 0.582400 0.019840 0.007168
0 0.010189 0.581504 0.019800 0.006720
0 0.010188 0.586432 0.019802 0.007168
0 0.010208 0.585536 0.019763 0.007168
0 0.010205 0.590016 0.019769 0.007168
0 0.010226 0.589568 0.019727 0.007168
0 0.010222 0.593600 0.019735 0.007168
0 0.010239 0.602560 0.019702 0.007616
0 0.010207 0.562240 0.019765 0.007168
0 0.010236 0.568064 0.019706 0.006720
0 0.010220 0.526400 0.019740 0.007168
0 0.010232 0.542976 0.019715 0.006272
0 0.010221 0.521920 0.019736 0.006272
0 0.010210 0.519232 0.019759 0.005824
0 0.010201 0.522816 0.019776 0.007168
0 0.010191 0.516096 0.019797 0.007168
0 0.010187 0.524608 0.019804 0.006720
0 0.010186 0.529088 0.019807 0.007168
0 0.010206 0.528640 0.019766 0.006720
0 0.010204 0.532672 0.019770 0.007168
0 0.010223 0.532224 0.019732 0.007168
0 0.010223 0.536704 0.019733 0.007168
0 0.010240 0.539840 0.019698 0.007168
0 0.010243 0.550592 0.019692 0.007168
0 0.010226 0.547008 0.019727 0.006720
0 0.010248 0.565376 0.019683 0.007168
0 0.010214 0.539840 0.019751 0.006720
0 0.010208 0.542976 0.019763 0.006272
0 0.010196 0.535808 0.019786 0.007168
0 0.010182 0.542080 0.019814 0.005824
0 0.010182 0.547008 0.019814 0.007168
0 0.010180 0.551488 0.019819 0.007168
0 0.010198 0.545216 0.019783 0.007168
0 0.010199 0.550592 0.019780 0.007168
0 0.010197 0.555072 0.019785 0.007168
0 0.010216 0.549248 0.019747 0.007168
0 0.010215 0.554176 0.019748 0.005824
0 0.010234 0.553280 0.019711 0.007616
0 0.010374 0.646464 0.019430 0.005376
0 0.010272 0.501760 0.019635 0.009408
0 0.010745 0.706048 0.018688 0.011648
0 0.010273 0.495040 0.019632 0.009856
0 0.010662 0.702912 0.018855 0.011200
0 0.010683 0.684992 0.018812 0.009856
0 0.010667 0.693952 0.018845 0.011200
0 0.010651 0.703360 0.018876 0.011200
0 0.010636 0.711872 0.018906 0.011200
0 0.010624 0.712768 0.018930 0.011200
0 0.010639 0.703808 0.018900 0.011648
0 0.010655 0.694848 0.018868 0.010304
0 0.010671 0.686336 0.018838 0.011200
0 0.010662 0.685440 0.018854 0.010752
0 0.010644 0.694848 0.018890 0.011648
0 0.010629 0.704256 0.018920 0.011648
0 0.010615 0.713216 0.018949 0.010752
0 0.010618 0.705152 0.018942 0.011200
0 0.010603 0.714112 0.018972 0.010752
0 0.010647 0.688128 0.018884 0.010752
0 0.010638 0.688128 0.018902 0.009856
0 0.010622 0.696640 0.018934 0.010752
0 0.010608 0.706048 0.018963 0.011200
0 0.010592 0.714560 0.018995 0.010752
0 0.010611 0.697088 0.018957 0.011200
0 0.010597 0.706496 0.018985 0.011200
0 0.010580 0.715008 0.019018 0.011200
0 0.010571 0.715904 0.019037 0.010752
0 0.010585 0.707392 0.019008 0.011648
0 0.010601 0.697984 0.018978 0.011200
0 0.010606 0.689472 0.018967 0.011200
0 0.010678 0.693504 0.018823 0.011200
0 0.010693 0.684992 0.018792 0.009856
0 0.010657 0.710976 0.018864 0.011200
0 0.010732 0.690368 0.018715 0.011200
0 0.010765 0.688576 0.018649 0.010304
0 0.010750 0.697536 0.018678 0.010304
0 0.010736 0.705600 0.018707 0.010752
0 0.010738 0.699328 0.018703 0.010304
0 0.010753 0.689472 0.018672 0.010304
0 0.010768 0.681408 0.018643 0.009408
0 0.010724 0.707392 0.018731 0.009856
0 0.010757 0.681856 0.018665 0.011200
0 0.010742 0.690816 0.018694 0.010752
0 0.010726 0.699328 0.018727 0.011648
0 0.010710 0.708736 0.018759 0.011200
0 0.010748 0.681408 0.018683 0.010304
0 0.010718 0.699328 0.018743 0.010752
0 0.010673 0.702016 0.018832 0.011200
0 0.010701 0.707392 0.018776 0.011648
0 0.010737 0.681856 0.018705 0.010752
0 0.010721 0.691264 0.018737 0.011200
0 0.010705 0.700224 0.018768 0.011648
0 0.010726 0.682752 0.018727 0.011200
0 0.010711 0.691264 0.018757 0.009856
0 0.010695 0.700672 0.018788 0.011200
0 0.010715 0.684096 0.018749 0.009856
0 0.010699 0.692160 0.018780 0.011200
0 0.010683 0.701568 0.018812 0.011648
0 0.010703 0.684096 0.018773 0.010752
0 0.010688 0.693056 0.018803 0.010752
0 0.010591 0.698432 0.018997 0.011200
0 0.010576 0.707392 0.019027 0.010752
0 0.010560 0.716352 0.019059 0.011648
0 0.010345 0.694400 0.019490 0.003584
0 0.010439 0.689920 0.019300 0.003136
0 0.010437 0.685440 0.019304 0.004032
0 0.010421 0.694400 0.019337 0.003584
0 0.010419 0.689920 0.019340 0.003584
0 0.010418 0.685888 0.019343 0.003584
0 0.010401 0.694848 0.019376 0.004032
0 0.010399 0.690368 0.019381 0.003136
0 0.010398 0.685888 0.019383 0.003584
0 0.010383 0.694848 0.019414 0.004032
0 0.010380 0.689920 0.019419 0.003584
0 0.010364 0.694400 0.019451 0.003136
0 0.010362 0.689920 0.019455 0.003584
0 0.010432 0.586432 0.019315 0.005824
0 0.010460 0.719488 0.019258 0.015232
0 0.010431 0.581504 0.019317 0.006272
0 0.010430 0.576128 0.019318 0.007168
0 0.010430 0.571648 0.019318 0.007168
0 0.010430 0.567168 0.019319 0.007168
0 0.010430 0.562688 0.019318 0.006720
0 0.010409 0.605248 0.019360 0.003584
0 0.010409 0.609280 0.019361 0.004032
0 0.010408 0.614208 0.019363 0.004480
0 0.010406 0.618688 0.019367 0.004480
0 0.010405 0.622272 0.019368 0.005376
0 0.010404 0.626752 0.019371 0.005824
0 0.010402 0.630784 0.019374 0.006720
0 0.010458 0.703808 0.019262 0.015232
0 0.010495 0.696640 0.019189 0.011200
0 0.010595 0.690368 0.018988 0.010752
0 0.010549 0.693952 0.019080 0.010304
0 0.010580 0.698880 0.019020 0.011200
0 0.010563 0.708288 0.019053 0.012096
0 0.010547 0.717248 0.019085 0.011200
0 0.010583 0.690816 0.019012 0.012096
0 0.010568 0.700224 0.019043 0.011200
0 0.010551 0.709184 0.019076 0.012096
0 0.010572 0.692608 0.019035 0.011200
0 0.010557 0.700672 0.019065 0.010752
0 0.010542 0.710080 0.019095 0.011648
0 0.010527 0.718144 0.019125 0.010752
0 0.010514 0.719488 0.019150 0.012544
0 0.010530 0.710976 0.019118 0.011648
0 0.010534 0.702912 0.019111 0.010752
0 0.010507 0.695296 0.019165 0.011200
0 0.010518 0.711872 0.019143 0.011200
0 0.010503 0.720832 0.019173 0.011200
0 0.010494 0.720384 0.019190 0.011200
0 0.010510 0.711424 0.019160 0.011200
0 0.010524 0.702464 0.019130 0.009856
0 0.010539 0.693952 0.019100 0.010304
0 0.010513 0.703360 0.019152 0.011200
0 0.010497 0.712320 0.019184 0.011648
0 0.010518 0.694848 0.019143 0.010752
0 0.010503 0.703360 0.019172 0.011200
0 0.010490 0.711872 0.019198 0.009856
0 0.010491 0.705152 0.019196 0.008512
0 0.010365 0.311808 0.019448 0.011200
0 0.010315 0.445760 0.019548 0.010304
0 0.010223 0.603456 0.019733 0.007168
0 0.010731 0.263424 0.018716 0.012096
0 0.010807 0.214592 0.018565 0.004032
0 0.010805 0.218624 0.018568 0.003584
0 0.010804 0.209664 0.018570 0.005376
0 0.010805 0.206080 0.018569 0.004480
0 0.010803 0.201600 0.018573 0.004032
0 0.010799 0.194432 0.018581 0.011648
0 0.010794 0.193088 0.018591 0.014336
0 0.010780 0.206080 0.018619 0.004480
0 0.010777 0.211904 0.018624 0.003136
0 0.010779 0.218624 0.018620 0.009408
0 0.010784 0.226240 0.018610 0.011200
0 0.010784 0.234304 0.018610 0.012544
0 0.010779 0.236096 0.018620 0.011200
0 0.010793 0.284032 0.018593 0.014336
0 0.010798 0.284032 0.018584 0.015232
0 0.010780 0.283584 0.018618 0.015680
0 0.010774 0.277312 0.018630 0.015232
0 0.010763 0.234304 0.018653 0.004032
0 0.010764 0.217280 0.018651 0.004032
0 0.010760 0.212800 0.018658 0.004480
0 0.010762 0.206976 0.018655 0.004480
0 0.010790 0.191296 0.018599 0.012992
0 0.010784 0.189952 0.018610 0.012544
0 0.010779 0.189952 0.018621 0.012992
0 0.010762 0.267008 0.018656 0.012544
0 0.010747 0.264768 0.018685 0.012544
0 0.010741 0.265216 0.018696 0.013888
0 0.010804 0.223552 0.018570 0.003136
0 0.010805 0.228032 0.018568 0.003584
0 0.010811 0.232512 0.018557 0.003584
0 0.011038 0.174272 0.018102 0.012544
0 0.011027 0.137088 0.018125 0.015680
0 0.011022 0.153664 0.018135 0.016128
0 0.011017 0.169792 0.018144 0.016128
0 0.011032 0.139776 0.018114 0.015680
0 0.011027 0.155456 0.018124 0.015680
0 0.011023 0.171136 0.018133 0.016128
0 0.011038 0.139776 0.018103 0.015680
0 0.011033 0.156352 0.018114 0.016128
0 0.011028 0.172480 0.018123 0.016128
0 0.011042 0.142016 0.018094 0.016128
0 0.011047 0.146496 0.018084 0.012544
0 0.011043 0.160384 0.018092 0.012544
0 0.011053 0.144704 0.018072 0.015232
0 0.010815 0.237440 0.018548 0.003136
0 0.011048 0.161728 0.018083 0.014784
0 0.011044 0.176960 0.018091 0.015232
0 0.011060 0.144256 0.018058 0.015232
0 0.011054 0.161280 0.018071 0.014336
0 0.011049 0.177856 0.018080 0.015232
0 0.011054 0.177408 0.018070 0.015232
0 0.010815 0.263424 0.018549 0.003584
0 0.010817 0.258496 0.018544 0.003584
0 0.010812 0.253120 0.018555 0.003136
0 0.010810 0.248640 0.018558 0.003136
0 0.010811 0.244608 0.018557 0.003136
0 0.010812 0.241024 0.018554 0.003584
0 0.010736 0.263424 0.018706 0.015232
0 0.010727 0.265216 0.018725 0.012544
0 0.010306 0.429632 0.019567 0.010752
0 0.010722 0.265664 0.018735 0.012544
0 0.010603 0.236096 0.018973 0.016576
0 0.010602 0.219072 0.018974 0.014336
0 0.010606 0.218176 0.018966 0.014784
0 0.010599 0.201152 0.018980 0.015232
0 0.010605 0.202944 0.018969 0.014336
0 0.010604 0.188160 0.018971 0.014784
0 0.010593 0.193984 0.018993 0.015680
0 0.010598 0.185472 0.018982 0.015680
0 0.010592 0.175616 0.018994 0.015232
0 0.010587 0.177856 0.019004 0.016128
0 0.010602 0.172032 0.018974 0.014784
0 0.010585 0.161728 0.019008 0.015680
0 0.010589 0.159488 0.019000 0.014784
0 0.010596 0.158144 0.018986 0.013888
0 0.010589 0.144704 0.019001 0.010752
0 0.010583 0.267008 0.019012 0.009408
0 0.010577 0.269248 0.019024 0.010304
0 0.010576 0.273728 0.019027 0.009856
0 0.010583 0.282240 0.019012 0.008960
0 0.010590 0.290304 0.018999 0.008960
0 0.010582 0.292096 0.019015 0.009408
0 0.010585 0.298368 0.019009 0.009856
0 0.010591 0.305536 0.018996 0.008064
0 0.010574 0.283584 0.019031 0.008960
0 0.010567 0.275520 0.019045 0.009856
0 0.010577 0.299712 0.019025 0.008064
0 0.010568 0.291200 0.019043 0.009408
0 0.010608 0.237440 0.018962 0.015680
0 0.010599 0.298816 0.018980 0.008960
0 0.010599 0.288960 0.018980 0.009856
0 0.010616 0.295680 0.018946 0.008512
0 0.010717 0.266560 0.018744 0.012544
0 0.010712 0.269248 0.018754 0.012544
0 0.010707 0.271936 0.018764 0.012992
0 0.010702 0.271488 0.018774 0.015232
0 0.010647 0.277760 0.018884 0.009856
0 0.010642 0.281344 0.018894 0.009856
0 0.010640 0.290304 0.018898 0.009856
0 0.010633 0.292544 0.018912 0.009856
0 0.010631 0.297024 0.018917 0.009856
0 0.010633 0.302400 0.018913 0.009856
0 0.010623 0.303744 0.018932 0.009856
0 0.010616 0.305536 0.018946 0.009408
0 0.010629 0.280896 0.018920 0.009856
0 0.010596 0.281792 0.018987 0.009408
0 0.010628 0.274624 0.018922 0.008960
0 0.010631 0.271040 0.018916 0.009856
0 0.010627 0.262528 0.018924 0.009856
0 0.010625 0.283584 0.018929 0.008512
0 0.010615 0.284928 0.018949 0.009856
0 0.010613 0.289856 0.018952 0.009408
0 0.010613 0.263872 0.018953 0.009408
0 0.010610 0.267456 0.018959 0.009856
0 0.010608 0.271488 0.018963 0.009856
0 0.010606 0.275968 0.018966 0.009856
0 0.010606 0.297024 0.018966 0.008960
0 0.010597 0.277760 0.018984 0.009856
0 0.011012 0.167104 0.018154 0.013888
0 0.011017 0.152768 0.018145 0.015680
0 0.011022 0.136640 0.018135 0.016128
0 0.011006 0.167552 0.018166 0.016128
0 0.010546 0.055552 0.019086 0.005824
0 0.010546 0.060032 0.019087 0.005376
0 0.010536 0.032256 0.019107 0.006720
0 0.010537 0.027776 0.019105 0.006272
0 0.010556 0.031360 0.019067 0.007168
0 0.010496 0.127232 0.019186 0.004480
0 0.010496 0.136640 0.019186 0.005376
0 0.010512 0.114688 0.019154 0.004480
0 0.010511 0.124096 0.019156 0.005376
0 0.010512 0.128576 0.019155 0.004480
0 0.010508 0.133056 0.019162 0.004480
0 0.010515 0.138432 0.019149 0.004480
0 0.010529 0.111552 0.019121 0.004480
0 0.010528 0.115584 0.019122 0.004480
0 0.010528 0.120512 0.019122 0.004480
0 0.010528 0.125440 0.019122 0.004480
0 0.010530 0.129472 0.019118 0.004480
0 0.010527 0.133952 0.019125 0.004480
0 0.010547 0.112000 0.019084 0.004032
0 0.010547 0.116480 0.019084 0.004928
0 0.010548 0.121408 0.019082 0.004032
0 0.010547 0.125888 0.019084 0.004480
0 0.010549 0.129920 0.019080 0.004032
0 0.010545 0.134400 0.019089 0.004032
0 0.010544 0.139328 0.019090 0.004032
0 0.010580 0.078848 0.019020 0.015232
0 0.010581 0.095424 0.019017 0.015232
0 0.010528 0.052864 0.019123 0.006272
0 0.010528 0.056896 0.019122 0.006720
0 0.010528 0.061376 0.019122 0.006720
0 0.010497 0.024192 0.019184 0.006720
0 0.010103 0.025088 0.019972 0.013888
0 0.010110 0.114240 0.019958 0.009856
0 0.010109 0.122304 0.019960 0.008960
0 0.010110 0.127680 0.019960 0.008512
0 0.010111 0.132608 0.019956 0.007168
0 0.010138 0.089600 0.019903 0.014336
0 0.010142 0.093184 0.019895 0.014784
0 0.010153 0.110656 0.019873 0.003136
0 0.010151 0.116032 0.019877 0.003584
0 0.010150 0.121408 0.019878 0.003584
0 0.010155 0.105728 0.019869 0.003584
0 0.010480 0.021952 0.019218 0.005376
0 0.010516 0.028224 0.019147 0.006720
0 0.010521 0.071232 0.019136 0.003584
0 0.010519 0.024640 0.019141 0.006272
0 0.010511 0.049728 0.019156 0.006272
0 0.010502 0.070336 0.019175 0.004032
0 0.010501 0.074368 0.019177 0.004480
0 0.010501 0.084672 0.019176 0.004480
0 0.010498 0.092288 0.019182 0.004032
0 0.010518 0.093632 0.019143 0.004480
0 0.010521 0.089152 0.019136 0.004032
0 0.010535 0.094528 0.019108 0.003136
0 0.010540 0.089600 0.019099 0.003584
0 0.010520 0.075264 0.019138 0.004480
0 0.010539 0.076608 0.019100 0.004480
0 0.010586 0.080192 0.019007 0.016128
0 0.010585 0.096320 0.019008 0.015680
0 0.010581 0.111104 0.019016 0.015680
0 0.010980 0.161280 0.018218 0.015680
0 0.010935 0.126784 0.018308 0.007168
0 0.010934 0.131264 0.018311 0.006720
0 0.010931 0.135744 0.018316 0.007616
0 0.010932 0.140672 0.018314 0.006720
0 0.010927 0.144256 0.018325 0.007616
0 0.010926 0.149184 0.018327 0.008064
0 0.010928 0.153664 0.018323 0.007168
0 0.010979 0.127680 0.018220 0.016576
0 0.010985 0.128576 0.018208 0.016128
0 0.010969 0.161280 0.018240 0.015680
0 0.010991 0.128576 0.018197 0.015680
0 0.010985 0.144704 0.018208 0.015232
0 0.010985 0.161728 0.018208 0.015680
0 0.010937 0.117824 0.018305 0.006720
0 0.010991 0.144704 0.018197 0.015232
0 0.010997 0.128576 0.018186 0.015232
0 0.011000 0.131264 0.018178 0.016576
0 0.010995 0.146944 0.018188 0.015232
0 0.010991 0.163072 0.018197 0.014784
0 0.011006 0.132608 0.018167 0.015232
0 0.011000 0.150528 0.018178 0.014784
0 0.010996 0.166208 0.018186 0.015680
0 0.011012 0.133504 0.018155 0.015232
0 0.011007 0.150080 0.018165 0.015232
0 0.011001 0.167552 0.018177 0.015680
0 0.011012 0.150528 0.018155 0.015680
0 0.010936 0.121856 0.018307 0.006720
0 0.010938 0.113792 0.018302 0.006720
0 0.010582 0.127232 0.019016 0.015232
0 0.010597 0.064960 0.018985 0.012096
0 0.010586 0.112896 0.019006 0.014784
0 0.010588 0.130816 0.019002 0.015232
0 0.010583 0.144704 0.019012 0.015232
0 0.010591 0.073920 0.018996 0.015232
0 0.010591 0.090048 0.018997 0.015680
0 0.010591 0.106176 0.018997 0.016128
0 0.010592 0.123648 0.018995 0.014336
0 0.010594 0.141568 0.018991 0.014336
0 0.010599 0.135744 0.018982 0.015232
0 0.010597 0.118272 0.018985 0.015232
0 0.010596 0.102144 0.018986 0.015232
0 0.010596 0.084672 0.018987 0.015680
0 0.010598 0.060032 0.018982 0.012096
0 0.010933 0.107968 0.018313 0.006720
0 0.010600 0.056896 0.018978 0.012544
0 0.010616 0.067200 0.018947 0.012992
0 0.010616 0.071680 0.018947 0.012992
0 0.010614 0.078400 0.018951 0.012096
0 0.010609 0.081088 0.018961 0.011200
0 0.010606 0.087360 0.018966 0.013888
0 0.010602 0.094528 0.018974 0.012992
0 0.010602 0.099904 0.018974 0.011648
0 0.010953 0.090496 0.018272 0.007168
0 0.010975 0.094528 0.018229 0.007168
0 0.010937 0.100800 0.018304 0.005824
0 0.010937 0.104832 0.018305 0.005824
0 0.010565 0.284928 0.019050 0.009856
0 0.010563 0.299712 0.019052 0.009856
0 0.010559 0.292992 0.019060 0.009408
0 0.010485 0.293440 0.019209 0.009856
0 0.010400 0.284928 0.019379 0.005376
0 0.010396 0.274176 0.019386 0.011200
0 0.010399 0.269696 0.019380 0.009856
0 0.010402 0.266560 0.019374 0.010304
0 0.010409 0.254912 0.019360 0.011200
0 0.010412 0.250880 0.019354 0.011648
0 0.010415 0.245952 0.019348 0.009856
0 0.010418 0.243264 0.019343 0.010752
0 0.010440 0.274176 0.019299 0.004928
0 0.010386 0.227136 0.019406 0.012992
0 0.010379 0.241024 0.019421 0.013440
0 0.010373 0.261632 0.019433 0.014336
0 0.010360 0.274624 0.019458 0.014336
0 0.010348 0.288064 0.019483 0.014336
0 0.010345 0.283136 0.019489 0.014784
0 0.010357 0.269696 0.019465 0.013888
0 0.010340 0.280000 0.019498 0.014336
0 0.010342 0.271040 0.019495 0.012544
0 0.010353 0.267008 0.019472 0.014784
0 0.010365 0.253568 0.019448 0.013888
0 0.010370 0.228928 0.019439 0.010752
0 0.010364 0.223104 0.019452 0.012992
0 0.010358 0.219072 0.019463 0.013440
0 0.010308 0.267904 0.019563 0.012992
0 0.010280 0.282240 0.019619 0.004480
0 0.010284 0.286720 0.019610 0.004480
0 0.010249 0.269696 0.019681 0.004928
0 0.010414 0.282240 0.019351 0.010752
0 0.010415 0.278208 0.019349 0.010304
0 0.010419 0.275520 0.019342 0.012096
0 0.010450 0.304640 0.019279 0.009856
0 0.010474 0.299712 0.019230 0.010304
0 0.010472 0.303744 0.019234 0.009408
0 0.010467 0.305984 0.019244 0.010304
0 0.010466 0.311808 0.019246 0.010752
0 0.010467 0.342720 0.019244 0.016576
0 0.010475 0.279104 0.019228 0.008512
0 0.010470 0.282688 0.019239 0.008960
0 0.010467 0.286272 0.019244 0.009856
0 0.010462 0.288960 0.019254 0.010304
0 0.010458 0.292096 0.019263 0.009856
0 0.010456 0.296576 0.019266 0.011200
0 0.010453 0.300160 0.019273 0.009408
0 0.010448 0.309120 0.019283 0.010304
0 0.010422 0.272384 0.019334 0.012544
0 0.010447 0.314048 0.019285 0.011200
0 0.010445 0.262528 0.019289 0.011200
0 0.010444 0.267008 0.019290 0.011200
0 0.010430 0.281792 0.019318 0.011200
0 0.010460 0.343616 0.019258 0.015232
0 0.010417 0.349440 0.019346 0.004032
0 0.010407 0.326592 0.019364 0.014784
0 0.010412 0.315392 0.019355 0.003584
0 0.010411 0.306432 0.019357 0.003584
0 0.010429 0.259392 0.019320 0.009856
0 0.010428 0.254016 0.019323 0.011200
0 0.010424 0.267456 0.019331 0.011648
0 0.010252 0.261632 0.019674 0.009856
0 0.010276 0.236544 0.019627 0.012544
0 0.010268 0.231616 0.019643 0.013440
0 0.010324 0.400960 0.019530 0.011200
0 0.010311 0.353472 0.019558 0.012544
0 0.010311 0.359744 0.019558 0.011200
0 0.010311 0.364224 0.019558 0.011200
0 0.010309 0.370048 0.019560 0.011200
0 0.010326 0.379456 0.019526 0.012096
0 0.010310 0.375424 0.019559 0.011200
0 0.010309 0.380352 0.019561 0.012544
0 0.010325 0.389312 0.019529 0.011200
0 0.010325 0.384384 0.019529 0.012544
0 0.010309 0.387072 0.019560 0.011200
0 0.010326 0.396032 0.019527 0.011200
0 0.010325 0.406336 0.019529 0.011648
0 0.010309 0.391552 0.019561 0.011200
0 0.010326 0.368256 0.019526 0.011200
0 0.010309 0.397824 0.019560 0.011200
0 0.010308 0.403200 0.019562 0.011200
0 0.010325 0.411712 0.019529 0.011200
0 0.010307 0.407232 0.019565 0.011648
0 0.010323 0.416192 0.019533 0.011200
0 0.010322 0.421568 0.019535 0.011200
0 0.010308 0.412608 0.019562 0.010304
0 0.010307 0.417984 0.019565 0.011200
0 0.010307 0.423808 0.019564 0.011648
0 0.010323 0.427392 0.019533 0.011200
0 0.010324 0.434112 0.019531 0.011648
0 0.010322 0.437696 0.019535 0.011200
0 0.010326 0.373184 0.019527 0.010752
0 0.010326 0.362880 0.019526 0.011200
0 0.010264 0.228480 0.019650 0.012544
0 0.010275 0.447104 0.019630 0.013888
0 0.010244 0.164864 0.019691 0.014336
0 0.010076 0.277312 0.020026 0.005824
0 0.010282 0.365120 0.019614 0.016128
0 0.010280 0.381696 0.019618 0.016576
0 0.010288 0.356160 0.019602 0.015232
0 0.010287 0.371392 0.019605 0.012544
0 0.010293 0.354816 0.019592 0.014336
0 0.010292 0.379008 0.019596 0.010304
0 0.010277 0.408576 0.019624 0.012992
0 0.010276 0.416640 0.019626 0.014336
0 0.010276 0.424704 0.019627 0.014336
0 0.010276 0.431872 0.019627 0.013888
0 0.010274 0.460096 0.019630 0.011200
0 0.010329 0.353024 0.019521 0.010752
0 0.010273 0.473088 0.019632 0.011200
0 0.010272 0.479808 0.019635 0.009856
0 0.010273 0.484288 0.019632 0.008960
0 0.010314 0.321216 0.019550 0.003584
0 0.010315 0.332864 0.019548 0.004032
0 0.010332 0.321216 0.019515 0.003584
0 0.010329 0.324800 0.019520 0.003136
0 0.010328 0.329280 0.019522 0.004480
0 0.010328 0.337792 0.019523 0.004480
0 0.010327 0.342720 0.019525 0.004480
0 0.010312 0.344064 0.019554 0.011200
0 0.010312 0.348992 0.019554 0.011200
0 0.010479 0.296576 0.019220 0.010304
0 0.010490 0.289856 0.019198 0.009408
0 0.010559 0.276864 0.019061 0.008512
0 0.010490 0.285376 0.019198 0.009408
0 0.010509 0.314048 0.019161 0.009856
0 0.010507 0.317184 0.019164 0.009856
0 0.010544 0.179200 0.019090 0.004032
0 0.010525 0.178752 0.019128 0.004032
0 0.010526 0.183232 0.019127 0.004032
0 0.010532 0.188608 0.019114 0.004480
0 0.010513 0.188160 0.019152 0.004480
0 0.010514 0.193088 0.019151 0.005376
0 0.010507 0.182784 0.019165 0.003584
0 0.010506 0.178304 0.019167 0.003584
0 0.010538 0.159936 0.019103 0.004032
0 0.010533 0.164416 0.019112 0.004928
0 0.010519 0.159040 0.019141 0.003584
0 0.010517 0.162624 0.019145 0.004928
0 0.010515 0.167104 0.019149 0.004928
0 0.010502 0.161728 0.019175 0.004480
0 0.010497 0.165760 0.019184 0.004032
0 0.010501 0.187264 0.019177 0.003136
0 0.010496 0.191296 0.019186 0.004480
0 0.010495 0.195776 0.019189 0.003584
0 0.010537 0.242368 0.019105 0.014784
0 0.010517 0.219072 0.019144 0.007616
0 0.010511 0.225792 0.019156 0.008064
0 0.010513 0.215040 0.019152 0.007168
0 0.010500 0.220864 0.019179 0.004480
0 0.010502 0.232512 0.019175 0.004480
0 0.010517 0.244608 0.019144 0.014336
0 0.010514 0.310912 0.019151 0.009856
0 0.010521 0.307776 0.019137 0.009856
0 0.010523 0.303296 0.019133 0.010304
0 0.010542 0.296128 0.019095 0.009408
0 0.010559 0.267456 0.019061 0.008960
0 0.010559 0.302400 0.019060 0.008064
0 0.010578 0.230272 0.019023 0.014784
0 0.010580 0.219968 0.019020 0.012544
0 0.010565 0.226688 0.019048 0.015232
0 0.010534 0.212352 0.019110 0.004480
0 0.010551 0.284032 0.019077 0.009856
0 0.010547 0.278208 0.019084 0.009856
0 0.010542 0.270592 0.019094 0.008960
0 0.010549 0.268352 0.019081 0.009856
0 0.010549 0.292992 0.019080 0.008512
0 0.010542 0.285824 0.019094 0.009408
0 0.010532 0.286720 0.019114 0.009408
0 0.010525 0.298816 0.019129 0.009856
0 0.010530 0.271040 0.019119 0.009856
0 0.010602 0.305536 0.018974 0.009856
0 0.010578 0.309568 0.019023 0.008960
0 0.010582 0.307328 0.019016 0.009856
0 0.010567 0.311360 0.019044 0.009856
0 0.010559 0.313152 0.019060 0.009856
0 0.010549 0.304192 0.019080 0.009856
0 0.010554 0.316288 0.019070 0.008512
0 0.010542 0.306880 0.019095 0.009408
0 0.010540 0.310016 0.019099 0.008512
0 0.010538 0.314496 0.019103 0.009856
0 0.010534 0.297472 0.019110 0.008512
0 0.010501 0.245504 0.019176 0.011648
0 0.010487 0.177856 0.019205 0.003136
0 0.010477 0.167552 0.019225 0.005824
0 0.010505 0.296128 0.019168 0.009408
0 0.010658 0.318080 0.018863 0.005824
0 0.010657 0.322560 0.018864 0.005824
0 0.010651 0.332416 0.018876 0.011200
0 0.010639 0.332864 0.018900 0.010304
0 0.010603 0.336000 0.018973 0.009856
0 0.010596 0.338240 0.018987 0.010752
0 0.010529 0.341824 0.019121 0.010752
0 0.010499 0.344960 0.019181 0.008512
0 0.010530 0.290304 0.019119 0.008512
0 0.010517 0.290752 0.019145 0.009856
0 0.010511 0.283584 0.019156 0.009856
0 0.010508 0.292096 0.019163 0.008512
0 0.010513 0.279104 0.019152 0.011200
0 0.010443 0.236096 0.019293 0.009408
0 0.010516 0.270144 0.019147 0.010304
0 0.010533 0.277312 0.019113 0.010304
0 0.010510 0.271936 0.019160 0.008512
0 0.010495 0.271936 0.019188 0.009856
0 0.010500 0.284032 0.019179 0.009856
0 0.010502 0.300608 0.019175 0.009856
0 0.010497 0.304192 0.019185 0.009408
0 0.010491 0.306432 0.019197 0.009856
0 0.010489 0.310016 0.019201 0.009856
0 0.010485 0.313152 0.019209 0.008512
0 0.010488 0.274176 0.019202 0.009856
0 0.010482 0.276864 0.019214 0.010752
0 0.010441 0.240576 0.019297 0.011200
0 0.010424 0.232064 0.019330 0.011200
0 0.010496 0.169344 0.019186 0.004480
0 0.010481 0.218176 0.019217 0.007168
0 0.010488 0.182336 0.019203 0.004480
0 0.010468 0.176960 0.019243 0.003584
0 0.010468 0.180992 0.019242 0.004480
0 0.010481 0.186368 0.019216 0.004480
0 0.010477 0.190848 0.019224 0.004480
0 0.010475 0.194880 0.019228 0.004480
0 0.010461 0.185472 0.019256 0.004032
0 0.010458 0.189504 0.019263 0.004480
0 0.010456 0.193984 0.019266 0.004480
0 0.010492 0.226240 0.019194 0.007168
0 0.010482 0.230272 0.019214 0.008512
0 0.010481 0.235200 0.019216 0.009856
0 0.010470 0.249984 0.019238 0.010752
0 0.010427 0.228032 0.019324 0.009408
0 0.010464 0.257600 0.019251 0.011200
0 0.010457 0.248640 0.019264 0.010752
0 0.010457 0.242816 0.019265 0.008960
0 0.010464 0.225344 0.019251 0.007616
0 0.010456 0.217280 0.019267 0.008064
0 0.010474 0.222208 0.019230 0.006272
0 0.010462 0.214592 0.019255 0.007616
0 0.010455 0.206080 0.019270 0.008512
0 0.010439 0.210560 0.019301 0.009856
0 0.010450 0.199360 0.019278 0.005376
0 0.010443 0.155008 0.019292 0.016128
0 0.010424 0.184128 0.019330 0.015232
0 0.010238 0.611520 0.019703 0.007616
0 0.010221 0.598528 0.019736 0.007168
0 0.011743 0.909888 0.021157 0.008064
0 0.011762 0.899136 0.021119 0.007168
0 0.011734 0.878080 0.021174 0.007168
0 0.011724 0.877632 0.021194 0.007616
0 0.011741 0.863296 0.021161 0.006720
0 0.011740 0.857920 0.021164 0.007616
0 0.011737 0.852992 0.021169 0.008064
0 0.011731 0.867776 0.021180 0.007168
0 0.011723 0.873600 0.021198 0.007616
0 0.011730 0.863296 0.021182 0.008512
0 0.011728 0.858816 0.021187 0.007616
0 0.011727 0.853888 0.021189 0.008064
0 0.011721 0.868224 0.021201 0.007616
0 0.011719 0.863744 0.021205 0.008512
0 0.011718 0.859264 0.021207 0.007616
0 0.011716 0.854784 0.021211 0.007616
0 0.011711 0.873600 0.021222 0.007616
0 0.011821 0.899136 0.021000 0.008064
0 0.011818 0.895552 0.021007 0.007168
0 0.011810 0.894208 0.021024 0.008512
0 0.011809 0.889280 0.021025 0.007616
0 0.011799 0.893760 0.021044 0.008064
0 0.011801 0.899584 0.021040 0.008064
0 0.011791 0.899584 0.021062 0.007168
0 0.011789 0.894208 0.021064 0.007616
0 0.011787 0.890176 0.021069 0.008064
0 0.011781 0.898688 0.021081 0.007616
0 0.011778 0.895104 0.021088 0.008064
0 0.011771 0.893760 0.021101 0.008512
0 0.011734 0.872256 0.021174 0.007168
0 0.011741 0.867776 0.021160 0.008064
0 0.011748 0.852992 0.021146 0.008064
0 0.011774 0.860608 0.021096 0.008512
0 0.011795 0.865088 0.021053 0.008064
0 0.011787 0.870016 0.021069 0.006720
0 0.011796 0.859712 0.021051 0.008064
0 0.011794 0.854336 0.021055 0.008064
0 0.011792 0.849856 0.021059 0.007616
0 0.011784 0.860160 0.021074 0.007616
0 0.011783 0.855232 0.021078 0.007616
0 0.011780 0.851200 0.021082 0.008064
0 0.011788 0.874944 0.021066 0.008064
0 0.011778 0.874944 0.021086 0.007616
0 0.011776 0.870912 0.021092 0.008512
0 0.011785 0.865536 0.021073 0.008512
0 0.011771 0.856128 0.021101 0.008512
0 0.011752 0.862400 0.021139 0.007616
0 0.011763 0.861504 0.021117 0.007616
0 0.011763 0.866432 0.021117 0.008064
0 0.011764 0.871808 0.021116 0.007168
0 0.011767 0.875840 0.021109 0.008064
0 0.011753 0.878080 0.021138 0.009408
0 0.011754 0.872256 0.021135 0.008064
0 0.011743 0.877632 0.021157 0.008512
0 0.011742 0.872704 0.021158 0.007616
0 0.011752 0.866880 0.021138 0.007616
0 0.011760 0.857472 0.021123 0.008064
0 0.011759 0.852544 0.021126 0.008512
0 0.011749 0.858368 0.021144 0.008512
0 0.011768 0.900480 0.021106 0.007616
0 0.011755 0.897344 0.021134 0.007616
0 0.011410 0.329280 0.021823 0.009408
0 0.011744 0.897792 0.021154 0.008064
0 0.011674 0.899136 0.021295 0.009856
0 0.011667 0.900032 0.021309 0.008064
0 0.011662 0.898688 0.021319 0.009408
0 0.011658 0.897344 0.021327 0.008512
0 0.011666 0.877184 0.021310 0.008512
0 0.011657 0.882560 0.021328 0.008512
0 0.011664 0.872256 0.021314 0.008512
0 0.011656 0.878528 0.021332 0.008512
0 0.011655 0.872704 0.021333 0.008064
0 0.011645 0.878080 0.021353 0.008512
0 0.011665 0.866880 0.021313 0.007616
0 0.011664 0.862400 0.021316 0.008064
0 0.011659 0.858816 0.021324 0.008512
0 0.011654 0.867328 0.021336 0.008512
0 0.011651 0.863744 0.021342 0.008064
0 0.011650 0.858816 0.021343 0.008512
0 0.011641 0.863744 0.021360 0.008512
0 0.011641 0.869120 0.021360 0.008064
0 0.011645 0.872704 0.021354 0.008064
0 0.011635 0.878080 0.021372 0.008064
0 0.011633 0.874496 0.021377 0.008512
0 0.011632 0.868224 0.021379 0.008512
0 0.011635 0.861952 0.021374 0.008064
0 0.011644 0.856128 0.021355 0.008512
0 0.011633 0.856576 0.021376 0.009408
0 0.011622 0.857472 0.021398 0.008512
0 0.011624 0.861952 0.021394 0.008512
0 0.011692 0.896000 0.021259 0.008512
0 0.011699 0.896896 0.021245 0.008512
0 0.011707 0.896448 0.021229 0.008512
0 0.011697 0.865088 0.021248 0.008512
0 0.011739 0.896448 0.021165 0.007168
0 0.011734 0.893312 0.021176 0.008512
0 0.011725 0.899584 0.021193 0.008512
0 0.011724 0.894656 0.021195 0.008512
0 0.011718 0.893760 0.021207 0.008960
0 0.011709 0.869568 0.021225 0.008512
0 0.011703 0.878976 0.021237 0.008512
0 0.011701 0.874496 0.021241 0.007616
0 0.011708 0.864640 0.021227 0.008512
0 0.011707 0.859712 0.021229 0.008512
0 0.011698 0.870464 0.021247 0.008512
0 0.011704 0.856128 0.021236 0.007616
0 0.011695 0.860608 0.021253 0.008064
0 0.011709 0.900032 0.021225 0.008512
0 0.011694 0.855680 0.021255 0.007168
0 0.011688 0.875840 0.021266 0.008512
0 0.011679 0.881664 0.021286 0.008512
0 0.011678 0.876288 0.021286 0.008960
0 0.011688 0.870912 0.021267 0.008512
0 0.011686 0.865984 0.021271 0.008512
0 0.011685 0.861504 0.021274 0.007616
0 0.011683 0.856576 0.021278 0.008512
0 0.011675 0.866880 0.021293 0.009408
0 0.011674 0.861504 0.021295 0.007616
0 0.011672 0.857472 0.021298 0.008064
0 0.011717 0.900480 0.021209 0.008064
0 0.011797 0.869568 0.021048 0.008064
0 0.011795 0.876736 0.021053 0.007616
0 0.011805 0.875392 0.021032 0.008512
0 0.011803 0.871808 0.021036 0.008064
0 0.011357 0.559104 0.021930 0.005824
0 0.011353 0.529984 0.021936 0.006720
0 0.011321 0.565824 0.022000 0.006720
0 0.011334 0.568064 0.021976 0.005824
0 0.011365 0.546112 0.021913 0.006272
0 0.011368 0.555968 0.021906 0.005376
0 0.011369 0.560896 0.021905 0.005824
0 0.011399 0.534464 0.021844 0.004928
0 0.011398 0.538944 0.021846 0.004480
0 0.011397 0.542976 0.021850 0.005824
0 0.011393 0.555072 0.021858 0.005824
0 0.011390 0.560448 0.021863 0.006720
0 0.011437 0.453376 0.021769 0.009408
0 0.011552 0.540736 0.021539 0.005824
0 0.011552 0.544768 0.021540 0.004480
0 0.011551 0.549696 0.021541 0.004928
0 0.011540 0.548352 0.021563 0.004480
0 0.011948 0.421568 0.020746 0.003584
0 0.011950 0.428736 0.020742 0.004032
0 0.011949 0.432768 0.020745 0.004032
0 0.012208 0.478464 0.020228 0.006720
0 0.012199 0.478464 0.020244 0.006720
0 0.012201 0.485632 0.020241 0.006272
0 0.012204 0.485184 0.020235 0.005824
0 0.011385 0.586880 0.021874 0.005824
0 0.011362 0.573888 0.021919 0.005824
0 0.011359 0.593152 0.021925 0.006720
0 0.011353 0.562688 0.021937 0.004928
0 0.011340 0.564928 0.021962 0.005824
0 0.011342 0.560896 0.021960 0.006272
0 0.011563 0.345856 0.021518 0.012992
0 0.011432 0.328384 0.021779 0.004480
0 0.011431 0.337344 0.021781 0.004032
0 0.011491 0.303296 0.021661 0.008960
0 0.011489 0.308224 0.021665 0.007168
0 0.011498 0.313152 0.021646 0.008064
0 0.011501 0.308672 0.021641 0.008064
0 0.011506 0.307328 0.021631 0.007616
0 0.011511 0.314496 0.021621 0.007616
0 0.011505 0.290304 0.021634 0.004032
0 0.011521 0.290304 0.021601 0.004032
0 0.011533 0.290304 0.021578 0.004032
0 0.011543 0.290304 0.021556 0.004480
0 0.011570 0.344960 0.021503 0.012544
0 0.011347 0.556864 0.021948 0.004928
0 0.011977 0.320768 0.020689 0.004032
0 0.011975 0.314048 0.020692 0.003584
0 0.011975 0.307328 0.020693 0.003136
0 0.011941 0.305536 0.020762 0.003136
0 0.011947 0.411264 0.020748 0.003584
0 0.012137 0.371840 0.020369 0.004032
0 0.012139 0.409920 0.020365 0.003136
0 0.011221 0.501760 0.022200 0.006720
0 0.011301 0.532672 0.022041 0.005824
0 0.011300 0.537600 0.022042 0.006272
0 0.011311 0.539840 0.022020 0.005824
0 0.011331 0.558208 0.021981 0.006272
0 0.011355 0.606592 0.021933 0.006720
0 0.011352 0.630336 0.021938 0.007168
0 0.011347 0.633920 0.021948 0.007168
0 0.011343 0.688576 0.021957 0.008512
0 0.011304 0.688128 0.022034 0.008512
0 0.011316 0.682304 0.022011 0.007616
0 0.011317 0.687232 0.022010 0.007616
0 0.011327 0.686784 0.021988 0.008512
0 0.011321 0.695744 0.022000 0.008512
0 0.011327 0.681856 0.021988 0.007616
0 0.011324 0.677376 0.021995 0.008064
0 0.011320 0.673792 0.022003 0.008064
0 0.011337 0.676032 0.021969 0.007168
0 0.011337 0.680064 0.021969 0.009408
0 0.011340 0.684992 0.021962 0.007616
0 0.011332 0.690368 0.021980 0.008064
0 0.011335 0.693504 0.021973 0.007616
0 0.011296 0.688128 0.022051 0.008512
0 0.011349 0.679616 0.021944 0.008512
0 0.011354 0.682752 0.021935 0.007168
0 0.011363 0.678272 0.021917 0.007168
0 0.011359 0.674688 0.021925 0.008512
0 0.011496 0.671104 0.021650 0.004480
0 0.011508 0.672000 0.021627 0.005824
0 0.011530 0.672896 0.021583 0.004480
0 0.011542 0.672896 0.021558 0.004480
0 0.011554 0.672896 0.021535 0.004480
0 0.011805 0.854336 0.021033 0.007168
0 0.011806 0.858368 0.021031 0.008064
0 0.011807 0.863744 0.021029 0.008512
0 0.011297 0.693504 0.022048 0.008064
0 0.011294 0.683648 0.022056 0.007616
0 0.011328 0.637504 0.021987 0.004480
0 0.011253 0.695744 0.022138 0.008512
0 0.011279 0.608832 0.022086 0.005824
0 0.011240 0.685440 0.022163 0.009408
0 0.011243 0.678720 0.022157 0.007168
0 0.011252 0.673792 0.022139 0.008064
0 0.011251 0.685440 0.022142 0.008064
0 0.011251 0.679168 0.022142 0.010752
0 0.011263 0.672896 0.022117 0.008512
0 0.011271 0.674240 0.022100 0.008512
0 0.011261 0.680512 0.022121 0.008512
0 0.011261 0.684992 0.022121 0.007168
0 0.011270 0.680064 0.022103 0.008064
0 0.011280 0.674688 0.022083 0.008512
0 0.011256 0.700224 0.022132 0.008064
0 0.011292 0.650048 0.022060 0.016576
0 0.011264 0.694848 0.022114 0.007616
0 0.011262 0.690368 0.022119 0.008512
0 0.011265 0.699776 0.022113 0.008512
0 0.011273 0.689920 0.022097 0.008512
0 0.011275 0.694848 0.022092 0.008064
0 0.011276 0.698880 0.022090 0.008512
0 0.011283 0.684096 0.022078 0.007616
0 0.011284 0.689472 0.022075 0.008064
0 0.011287 0.693504 0.022070 0.008064
0 0.011287 0.698880 0.022069 0.008512
0 0.011292 0.678720 0.022059 0.008512
0 0.011287 0.676032 0.022069 0.010752
0 0.011625 0.866880 0.021392 0.008512
0 0.011622 0.873600 0.021399 0.008512
0 0.011617 0.871808 0.021409 0.008512
0 0.011428 0.840000 0.021787 0.009408
0 0.011352 0.838208 0.021938 0.008512
0 0.011353 0.856128 0.021937 0.009856
0 0.011345 0.855232 0.021953 0.008960
0 0.011350 0.833728 0.021943 0.008960
0 0.011342 0.838656 0.021959 0.008064
0 0.011339 0.853440 0.021965 0.009856
0 0.011333 0.852096 0.021976 0.009856
0 0.011340 0.834176 0.021964 0.008512
0 0.011329 0.834624 0.021985 0.007168
0 0.011366 0.809536 0.021910 0.008064
0 0.011359 0.814016 0.021926 0.007168
0 0.011350 0.819840 0.021943 0.008512
0 0.011349 0.814016 0.021945 0.007616
0 0.011349 0.808640 0.021944 0.008512
0 0.011339 0.814016 0.021965 0.008512
0 0.011329 0.819392 0.021984 0.008960
0 0.011339 0.808640 0.021965 0.008512
0 0.011329 0.814016 0.021984 0.009408
0 0.011319 0.835520 0.022006 0.008512
0 0.011326 0.854784 0.021991 0.008960
0 0.011319 0.853888 0.022005 0.008960
0 0.011313 0.852096 0.022016 0.009408
0 0.011309 0.850304 0.022025 0.008512
0 0.011319 0.814016 0.022004 0.008512
0 0.011310 0.819392 0.022022 0.007168
0 0.011302 0.824768 0.022038 0.007168
0 0.011316 0.809984 0.022010 0.008960
0 0.011362 0.832832 0.021919 0.008512
0 0.011359 0.856576 0.021925 0.009856
0 0.011365 0.857024 0.021913 0.008512
0 0.011382 0.858368 0.021878 0.009856
0 0.011412 0.861504 0.021818 0.009856
0 0.011426 0.835072 0.021791 0.008064
0 0.011417 0.840448 0.021809 0.008064
0 0.011419 0.834176 0.021806 0.008064
0 0.011420 0.827904 0.021803 0.008512
0 0.011409 0.838656 0.021825 0.008064
0 0.011407 0.846720 0.021829 0.008064
0 0.011401 0.861056 0.021840 0.008512
0 0.011407 0.861952 0.021828 0.008960
0 0.011395 0.846720 0.021853 0.008960
0 0.011395 0.860608 0.021852 0.009408
0 0.011389 0.860160 0.021865 0.009856
0 0.011398 0.839552 0.021846 0.008512
0 0.011370 0.857472 0.021902 0.008512
0 0.011390 0.844480 0.021863 0.008512
0 0.011405 0.830592 0.021832 0.008064
0 0.011395 0.835968 0.021852 0.008512
0 0.011385 0.841344 0.021872 0.008512
0 0.011395 0.831040 0.021853 0.007168
0 0.011385 0.835968 0.021872 0.008064
0 0.011377 0.840896 0.021889 0.007168
0 0.011376 0.858816 0.021890 0.009856
0 0.011384 0.831488 0.021875 0.008064
0 0.011374 0.837312 0.021894 0.008960
0 0.011374 0.832384 0.021896 0.008512
0 0.011365 0.837312 0.021912 0.007168
0 0.011307 0.815808 0.022028 0.008512
0 0.011298 0.820288 0.022046 0.006720
0 0.011303 0.849408 0.022037 0.007616
0 0.011701 0.906304 0.021241 0.008960
0 0.011644 0.901824 0.021355 0.009856
0 0.011649 0.903168 0.021346 0.010752
0 0.011653 0.905408 0.021336 0.009408
0 0.011658 0.906304 0.021327 0.010304
0 0.011667 0.906304 0.021309 0.009408
0 0.011672 0.907200 0.021299 0.009856
0 0.011677 0.908544 0.021288 0.008512
0 0.011685 0.901824 0.021274 0.008512
0 0.011685 0.908544 0.021274 0.008064
0 0.011691 0.902720 0.021260 0.008512
0 0.011690 0.909440 0.021263 0.008512
0 0.011700 0.903168 0.021244 0.008064
0 0.011709 0.905856 0.021225 0.008512
0 0.011223 0.817600 0.022197 0.010304
0 0.011716 0.905856 0.021211 0.008512
0 0.011722 0.907200 0.021199 0.008064
0 0.011730 0.901376 0.021182 0.008064
0 0.011727 0.908992 0.021188 0.008960
0 0.011736 0.903168 0.021170 0.008064
0 0.011736 0.908544 0.021170 0.008064
0 0.011746 0.902272 0.021150 0.008064
0 0.011753 0.904512 0.021137 0.007616
0 0.011758 0.907648 0.021127 0.007616
0 0.011771 0.904512 0.021101 0.008512
0 0.011744 0.923328 0.021154 0.005824
0 0.011744 0.913920 0.021155 0.008512
0 0.011639 0.900480 0.021364 0.008960
0 0.011229 0.818496 0.022185 0.008960
0 0.011297 0.847616 0.022049 0.008064
0 0.011269 0.815360 0.022105 0.008064
0 0.011295 0.844032 0.022053 0.008064
0 0.011304 0.811776 0.022035 0.008512
0 0.011294 0.817600 0.022054 0.008512
0 0.011296 0.810432 0.022052 0.008512
0 0.011288 0.816256 0.022067 0.008064
0 0.011283 0.812672 0.022077 0.008960
0 0.011272 0.818496 0.022099 0.008512
0 0.011282 0.848512 0.022079 0.007616
0 0.011280 0.844928 0.022083 0.007616
0 0.011275 0.842688 0.022092 0.007168
0 0.011288 0.804608 0.022067 0.008512
0 0.011278 0.809984 0.022087 0.008064
0 0.011274 0.806848 0.022095 0.007616
0 0.011234 0.820288 0.022176 0.008960
0 0.011270 0.841344 0.022104 0.006720
0 0.011265 0.839104 0.022113 0.007616
0 0.011259 0.837760 0.022124 0.008512
0 0.011254 0.836864 0.022135 0.008512
0 0.011250 0.834176 0.022143 0.008960
0 0.011247 0.831040 0.022150 0.008512
0 0.011265 0.805504 0.022113 0.008512
0 0.011257 0.811776 0.022128 0.008064
0 0.011251 0.808640 0.022141 0.009856
0 0.011238 0.825664 0.022167 0.008512
0 0.011251 0.803264 0.022142 0.008960
0 0.011243 0.827456 0.022157 0.009856
0 0.011419 0.845376 0.021805 0.008512
0 0.011423 0.848512 0.021797 0.008960
0 0.011614 0.867776 0.021415 0.008512
0 0.011419 0.861952 0.021806 0.009856
0 0.011560 0.848512 0.021522 0.007616
0 0.011568 0.843584 0.021506 0.008064
0 0.011564 0.840448 0.021515 0.008512
0 0.011572 0.830144 0.021499 0.008512
0 0.011567 0.822080 0.021509 0.007616
0 0.011563 0.835520 0.021518 0.008064
0 0.011563 0.830144 0.021517 0.008064
0 0.011557 0.827008 0.021529 0.008960
0 0.011554 0.840448 0.021535 0.008512
0 0.011552 0.835072 0.021538 0.009408
0 0.011543 0.845824 0.021556 0.009408
0 0.011542 0.840896 0.021558 0.008512
0 0.011548 0.833280 0.021547 0.008512
0 0.011548 0.827008 0.021547 0.007616
0 0.011546 0.822976 0.021552 0.008064
0 0.011538 0.838656 0.021567 0.008512
0 0.011539 0.832384 0.021566 0.008512
0 0.011537 0.827904 0.021568 0.007168
0 0.011535 0.823424 0.021573 0.008064
0 0.011531 0.862848 0.021582 0.008960
0 0.011530 0.869568 0.021583 0.008512
0 0.011529 0.875840 0.021585 0.009408
0 0.011522 0.874944 0.021600 0.008512
0 0.011521 0.868224 0.021601 0.008512
0 0.011523 0.861952 0.021597 0.007616
0 0.011514 0.867328 0.021614 0.008512
0 0.011506 0.872704 0.021631 0.009408
0 0.011539 0.864192 0.021564 0.007168
0 0.011539 0.870016 0.021566 0.008512
0 0.011548 0.864192 0.021547 0.008512
0 0.011601 0.891968 0.021442 0.009856
0 0.011612 0.862848 0.021419 0.008960
0 0.011575 0.834624 0.021494 0.008064
0 0.011577 0.838656 0.021488 0.008960
0 0.011578 0.844032 0.021486 0.008960
0 0.011569 0.848960 0.021505 0.008064
0 0.011590 0.878080 0.021462 0.008512
0 0.011595 0.880768 0.021453 0.007168
0 0.011634 0.898688 0.021375 0.009856
0 0.011629 0.897344 0.021385 0.010752
0 0.011622 0.896448 0.021398 0.010752
0 0.011612 0.893312 0.021419 0.011200
0 0.011607 0.893312 0.021430 0.009856
0 0.011596 0.889728 0.021450 0.009408
0 0.011541 0.874496 0.021562 0.008512
0 0.011591 0.887936 0.021461 0.008960
0 0.011586 0.886592 0.021471 0.008512
0 0.011582 0.883904 0.021478 0.008512
0 0.011585 0.871808 0.021473 0.007616
0 0.011571 0.873600 0.021500 0.007616
0 0.011572 0.867776 0.021499 0.008064
0 0.011569 0.863744 0.021506 0.007168
0 0.011563 0.873600 0.021518 0.008512
0 0.011560 0.869120 0.021523 0.007168
0 0.011559 0.863744 0.021525 0.007616
0 0.011546 0.875840 0.021551 0.011200
0 0.011549 0.869120 0.021544 0.008064
0 0.011527 0.844480 0.021589 0.008512
0 0.011518 0.844928 0.021608 0.008512
0 0.011527 0.839104 0.021588 0.007616
0 0.011448 0.864192 0.021746 0.010304
0 0.011473 0.841792 0.021696 0.008512
0 0.011463 0.847616 0.021716 0.008960
0 0.011471 0.837312 0.021700 0.008512
0 0.011471 0.832832 0.021700 0.008512
0 0.011461 0.843136 0.021721 0.008512
0 0.011454 0.848064 0.021735 0.007168
0 0.011470 0.827456 0.021703 0.007616
0 0.011461 0.832832 0.021722 0.008064
0 0.011461 0.827008 0.021721 0.008064
0 0.011450 0.837760 0.021742 0.009408
0 0.011452 0.842688 0.021739 0.008512
0 0.011444 0.847616 0.021755 0.008064
0 0.011453 0.866432 0.021736 0.009408
0 0.011467 0.851648 0.021710 0.008064
0 0.011459 0.866880 0.021725 0.008512
0 0.011464 0.867328 0.021715 0.008512
0 0.011452 0.831936 0.021739 0.008512
0 0.011448 0.828352 0.021748 0.008512
0 0.011441 0.838208 0.021761 0.008960
0 0.011440 0.833728 0.021764 0.007616
0 0.011434 0.830592 0.021774 0.007168
0 0.011432 0.843136 0.021779 0.008512
0 0.011438 0.863744 0.021766 0.009856
0 0.011434 0.863744 0.021775 0.008512
0 0.011429 0.861952 0.021784 0.008960
0 0.011424 0.861952 0.021795 0.008960
0 0.011470 0.867776 0.021703 0.008960
0 0.011476 0.846272 0.021692 0.008064
0 0.011528 0.833280 0.021587 0.008512
0 0.011495 0.840448 0.021653 0.008512
0 0.011525 0.829248 0.021593 0.008064
0 0.011524 0.824768 0.021596 0.008064
0 0.011519 0.839104 0.021605 0.007616
0 0.011509 0.849856 0.021624 0.007168
0 0.011508 0.843584 0.021626 0.008512
0 0.011501 0.848960 0.021642 0.007616
0 0.011516 0.835072 0.021612 0.007616
0 0.011514 0.829696 0.021616 0.008064
0 0.011511 0.826112 0.021620 0.007616
0 0.011505 0.835072 0.021632 0.007616
0 0.011505 0.840448 0.021633 0.008512
0 0.011496 0.845824 0.021651 0.007616
0 0.011499 0.864640 0.021646 0.008512
0 0.011480 0.827008 0.021683 0.008064
0 0.011500 0.868224 0.021643 0.012544
0 0.011491 0.870016 0.021661 0.007168
0 0.011491 0.863744 0.021661 0.008512
0 0.011482 0.869568 0.021679 0.008960
0 0.011501 0.831488 0.021640 0.007616
0 0.011501 0.826112 0.021641 0.008512
0 0.011493 0.836416 0.021657 0.008512
0 0.011491 0.831040 0.021660 0.008512
0 0.011489 0.826560 0.021664 0.008064
0 0.011484 0.841344 0.021674 0.008512
0 0.011483 0.836416 0.021677 0.007168
0 0.011480 0.832384 0.021682 0.007616
0 0.011433 0.317184 0.021778 0.004480
0 0.011400 0.297024 0.021844 0.004928
0 0.010220 0.607488 0.019739 0.007168
0 0.010563 0.782656 0.019052 0.009856
0 0.010621 0.794752 0.018937 0.011200
0 0.010637 0.785792 0.018904 0.010752
0 0.010650 0.777728 0.018879 0.010752
0 0.010665 0.769216 0.018849 0.010304
0 0.010656 0.768768 0.018867 0.011200
0 0.010640 0.777728 0.018899 0.010752
0 0.010625 0.786688 0.018929 0.011200
0 0.010609 0.795648 0.018960 0.012096
0 0.010614 0.787584 0.018951 0.011200
0 0.010628 0.779072 0.018922 0.011200
0 0.010633 0.771456 0.018913 0.009408
0 0.010619 0.779072 0.018941 0.009856
0 0.010605 0.787136 0.018968 0.010304
0 0.010622 0.771008 0.018935 0.011200
0 0.010606 0.780416 0.018966 0.010752
0 0.010609 0.772352 0.018960 0.011200
0 0.010597 0.781312 0.018985 0.008960
0 0.010591 0.789824 0.018997 0.010752
0 0.010596 0.774592 0.018986 0.010304
0 0.010585 0.782208 0.019009 0.008064
0 0.010582 0.788480 0.019014 0.010304
0 0.010577 0.798336 0.019025 0.010304
0 0.010570 0.789824 0.019038 0.010752
0 0.010556 0.798784 0.019067 0.011200
0 0.010589 0.773696 0.019000 0.010304
0 0.010574 0.781760 0.019031 0.010752
0 0.010559 0.791168 0.019061 0.011648
0 0.010635 0.792960 0.018910 0.010304
0 0.010648 0.784896 0.018882 0.009408
0 0.010661 0.776832 0.018856 0.011200
0 0.010500 0.760256 0.019179 0.009408
0 0.010541 0.758464 0.019096 0.011200
0 0.010574 0.732928 0.019030 0.010752
0 0.010560 0.741888 0.019058 0.010752
0 0.010546 0.749952 0.019088 0.010752
0 0.010530 0.759360 0.019118 0.011200
0 0.010549 0.741888 0.019080 0.011200
0 0.010555 0.733824 0.019069 0.010304
0 0.010536 0.750400 0.019107 0.009856
0 0.010519 0.758912 0.019140 0.011200
0 0.010538 0.742784 0.019102 0.011200
0 0.010523 0.751744 0.019133 0.011648
0 0.010507 0.760704 0.019164 0.011200
0 0.010512 0.752640 0.019155 0.010752
0 0.010641 0.795200 0.018896 0.009856
0 0.010528 0.743680 0.019123 0.009856
0 0.010542 0.735168 0.019095 0.011200
0 0.010516 0.744576 0.019146 0.010304
0 0.010522 0.735616 0.019135 0.009856
0 0.010506 0.745024 0.019167 0.010752
0 0.010491 0.753536 0.019197 0.012096
0 0.010509 0.736960 0.019160 0.009856
0 0.010494 0.745472 0.019190 0.010304
0 0.010487 0.745920 0.019205 0.008960
0 0.010498 0.738304 0.019183 0.010304
0 0.010677 0.767872 0.018825 0.011200
0 0.010653 0.787136 0.018872 0.010752
0 0.010578 0.773696 0.019023 0.011200
0 0.010565 0.775936 0.019048 0.011200
0 0.011187 0.303296 0.022268 0.007616
0 0.010549 0.791168 0.019080 0.010752
0 0.010452 0.809536 0.019274 0.008960
0 0.010453 0.793856 0.019273 0.011200
0 0.010456 0.780864 0.019266 0.009856
0 0.010441 0.789376 0.019296 0.011200
0 0.010434 0.798784 0.019311 0.011200
0 0.010413 0.799232 0.019352 0.011648
0 0.010398 0.808192 0.019383 0.011648
0 0.010418 0.791616 0.019343 0.009856
0 0.010402 0.799680 0.019374 0.011200
0 0.010387 0.808640 0.019405 0.011200
0 0.010421 0.783104 0.019337 0.012096
0 0.010407 0.791616 0.019364 0.010304
0 0.010392 0.800128 0.019395 0.010752
0 0.010377 0.809536 0.019425 0.011200
0 0.010413 0.782656 0.019353 0.011200
0 0.010398 0.791616 0.019383 0.011200
0 0.010402 0.783552 0.019376 0.011200
0 0.010385 0.792960 0.019409 0.011200
0 0.010372 0.801472 0.019435 0.009856
0 0.010356 0.809536 0.019467 0.011200
0 0.010375 0.792960 0.019429 0.011200
0 0.010359 0.802368 0.019460 0.011200
0 0.010344 0.811328 0.019491 0.011200
0 0.010364 0.793408 0.019451 0.011200
0 0.010380 0.784896 0.019419 0.011200
0 0.010348 0.802816 0.019483 0.011200
0 0.010332 0.812224 0.019514 0.011648
0 0.010473 0.842240 0.019232 0.016576
0 0.010479 0.841792 0.019221 0.015680
0 0.010484 0.841344 0.019211 0.015232
0 0.010524 0.777728 0.019130 0.008512
0 0.010543 0.800128 0.019093 0.011200
0 0.010533 0.799680 0.019113 0.011200
0 0.010552 0.784000 0.019074 0.009408
0 0.010538 0.791616 0.019103 0.011200
0 0.010524 0.800128 0.019130 0.010304
0 0.010527 0.792512 0.019125 0.010752
0 0.010542 0.784000 0.019095 0.010304
0 0.010531 0.784448 0.019117 0.009856
0 0.010516 0.792960 0.019147 0.010752
0 0.010502 0.801024 0.019175 0.011200
0 0.010504 0.792960 0.019170 0.011648
0 0.010535 0.776832 0.019109 0.009408
0 0.010508 0.785792 0.019162 0.011200
0 0.010472 0.825664 0.019236 0.015232
0 0.010494 0.801472 0.019191 0.008512
0 0.010494 0.794304 0.019191 0.011200
0 0.010497 0.786688 0.019184 0.010752
0 0.010498 0.780416 0.019183 0.011200
0 0.010513 0.778624 0.019153 0.008512
0 0.010497 0.776832 0.019185 0.008960
0 0.010479 0.780416 0.019221 0.016128
0 0.010474 0.780416 0.019232 0.015232
0 0.010470 0.799232 0.019238 0.015680
0 0.010475 0.800128 0.019228 0.015680
0 0.010482 0.825216 0.019215 0.015232
0 0.010477 0.826112 0.019224 0.015232
0 0.010557 0.749504 0.019065 0.011200
0 0.010572 0.740992 0.019035 0.009856
0 0.010552 0.757568 0.019075 0.011200
0 0.010568 0.749056 0.019043 0.010752
0 0.010197 0.626304 0.019785 0.007168
0 0.010177 0.633024 0.019825 0.007616
0 0.010175 0.627200 0.019828 0.006720
0 0.010179 0.623168 0.019820 0.006720
0 0.010164 0.647808 0.019851 0.015232
0 0.010157 0.647360 0.019865 0.015232
0 0.010151 0.646016 0.019877 0.015232
0 0.010144 0.644672 0.019890 0.015232
0 0.010132 0.642432 0.019914 0.015680
0 0.010128 0.641088 0.019922 0.014336
0 0.010086 0.671104 0.020006 0.004928
0 0.010086 0.679616 0.020007 0.005376
0 0.010085 0.694848 0.020009 0.004480
0 0.010085 0.698880 0.020009 0.005376
0 0.010080 0.706496 0.020018 0.004928
0 0.010080 0.710976 0.020018 0.004480
0 0.010127 0.672000 0.019925 0.009856
0 0.010187 0.676928 0.019804 0.010304
0 0.010218 0.670656 0.019743 0.010752
0 0.010231 0.667968 0.019716 0.011648
0 0.010232 0.672896 0.019714 0.011200
0 0.010227 0.693056 0.019725 0.011200
0 0.010217 0.703360 0.019744 0.003584
0 0.010779 0.728448 0.018622 0.010752
0 0.010775 0.736064 0.018629 0.011200
0 0.010760 0.745472 0.018659 0.011200
0 0.010764 0.737856 0.018652 0.010752
0 0.010195 0.631232 0.019789 0.008064
0 0.010193 0.637952 0.019792 0.008064
0 0.010201 0.650944 0.019776 0.004480
0 0.010194 0.611520 0.019791 0.007168
0 0.010202 0.603456 0.019774 0.007168
0 0.010205 0.599872 0.019769 0.006720
0 0.010202 0.594496 0.019774 0.007168
0 0.010185 0.599872 0.019808 0.006720
0 0.010186 0.595840 0.019806 0.007168
0 0.010185 0.590464 0.019808 0.007168
0 0.010168 0.591808 0.019842 0.007168
0 0.010236 0.616000 0.019706 0.007616
0 0.010230 0.618688 0.019719 0.007168
0 0.010219 0.611968 0.019740 0.007168
0 0.010213 0.615104 0.019753 0.006720
0 0.010201 0.608384 0.019777 0.007168
0 0.010193 0.616000 0.019793 0.007616
0 0.010210 0.643328 0.019758 0.008512
0 0.010211 0.619584 0.019757 0.006720
0 0.010183 0.604352 0.019812 0.007168
0 0.010176 0.612416 0.019827 0.006272
0 0.010164 0.605696 0.019851 0.006272
0 0.010165 0.600768 0.019850 0.006272
0 0.010159 0.613760 0.019860 0.007168
0 0.010161 0.618688 0.019857 0.007168
0 0.010177 0.617792 0.019824 0.006720
0 0.010195 0.621376 0.019788 0.007168
0 0.010214 0.625856 0.019751 0.007168
0 0.010214 0.629888 0.019751 0.007168
0 0.010223 0.640640 0.019733 0.006720
0 0.010748 0.746816 0.018682 0.010752
0 0.010737 0.746816 0.018704 0.011200
0 0.010756 0.736960 0.018667 0.009856
0 0.010621 0.746368 0.018936 0.011200
0 0.010684 0.726656 0.018811 0.010752
0 0.010670 0.735616 0.018839 0.010304
0 0.010655 0.744128 0.018869 0.010752
0 0.010638 0.752640 0.018902 0.011200
0 0.010659 0.736064 0.018861 0.011200
0 0.010644 0.745024 0.018891 0.011200
0 0.010665 0.727104 0.018849 0.010304
0 0.010648 0.735616 0.018882 0.011200
0 0.010652 0.728000 0.018875 0.010304
0 0.010632 0.745472 0.018914 0.011200
0 0.010616 0.754880 0.018946 0.011200
0 0.010640 0.729792 0.018899 0.011648
0 0.010606 0.754880 0.018967 0.011200
0 0.010666 0.742784 0.018846 0.011200
0 0.010611 0.746368 0.018957 0.011200
0 0.010629 0.730240 0.018920 0.010752
0 0.010614 0.739200 0.018951 0.010752
0 0.010597 0.748608 0.018985 0.011200
0 0.010619 0.729792 0.018941 0.011200
0 0.010604 0.739200 0.018971 0.010752
0 0.010589 0.747712 0.019001 0.011200
0 0.010608 0.730688 0.018963 0.011200
0 0.010593 0.739648 0.018992 0.010304
0 0.010599 0.731584 0.018982 0.009856
0 0.010578 0.748160 0.019022 0.010752
0 0.010582 0.740096 0.019014 0.010752
0 0.010651 0.751744 0.018877 0.011200
0 0.010681 0.734272 0.018816 0.010304
0 0.010770 0.728000 0.018639 0.010752
0 0.010724 0.731584 0.018731 0.010752
0 0.010757 0.729792 0.018664 0.010304
0 0.010773 0.721280 0.018633 0.010752
0 0.010743 0.738752 0.018694 0.010752
0 0.010729 0.746816 0.018720 0.009856
0 0.010731 0.739648 0.018717 0.011648
0 0.010746 0.730240 0.018686 0.011200
0 0.010762 0.721728 0.018655 0.010752
0 0.010752 0.721728 0.018675 0.010304
0 0.010736 0.731136 0.018707 0.011200
0 0.010721 0.739648 0.018737 0.010752
0 0.010705 0.748160 0.018768 0.011200
0 0.010740 0.722624 0.018699 0.011200
0 0.010708 0.740992 0.018762 0.012096
0 0.010696 0.725312 0.018787 0.011200
0 0.010691 0.750400 0.018796 0.011200
0 0.010714 0.732032 0.018750 0.011200
0 0.010699 0.740992 0.018781 0.011200
0 0.010730 0.723072 0.018719 0.011200
0 0.010682 0.750400 0.018814 0.011200
0 0.010717 0.724416 0.018745 0.011200
0 0.010702 0.733376 0.018774 0.010752
0 0.010687 0.741888 0.018804 0.011200
0 0.010707 0.724864 0.018766 0.010752
0 0.010691 0.733376 0.018796 0.010752
0 0.010676 0.742784 0.018826 0.011200
0 0.010661 0.751744 0.018857 0.011200
0 0.010368 0.785792 0.019443 0.011200
0 0.010352 0.794752 0.019474 0.011200
0 0.010337 0.803712 0.019505 0.011200
0 0.011613 0.102144 0.021417 0.005376
0 0.011872 0.093632 0.020899 0.004480
0 0.011890 0.067200 0.020863 0.006272
0 0.011890 0.071232 0.020863 0.004928
0 0.011890 0.075264 0.020863 0.004928
0 0.011888 0.079296 0.020867 0.004928
0 0.011886 0.083328 0.020871 0.004928
0 0.011885 0.086912 0.020873 0.005376
0 0.011884 0.090944 0.020875 0.004928
0 0.011882 0.094528 0.020879 0.004480
0 0.011878 0.097664 0.020887 0.004480
0 0.011936 0.055104 0.020771 0.008512
0 0.011939 0.056000 0.020764 0.009408
0 0.011943 0.063616 0.020756 0.007168
0 0.011948 0.065856 0.020748 0.007168
0 0.011953 0.066752 0.020737 0.008512
0 0.011959 0.068544 0.020724 0.008512
0 0.011965 0.069888 0.020712 0.008512
0 0.011972 0.070336 0.020699 0.008960
0 0.011977 0.072576 0.020690 0.008512
0 0.011983 0.073024 0.020677 0.009408
0 0.011988 0.073920 0.020666 0.008960
0 0.011993 0.075264 0.020657 0.009856
0 0.011999 0.076160 0.020644 0.008960
0 0.012003 0.077504 0.020636 0.009856
0 0.012010 0.078400 0.020623 0.009408
0 0.012016 0.079296 0.020612 0.008960
0 0.012022 0.080640 0.020600 0.008960
0 0.011872 0.089600 0.020899 0.004928
0 0.011873 0.085568 0.020897 0.005376
0 0.011875 0.081536 0.020893 0.004928
0 0.011878 0.043904 0.020888 0.009408
0 0.011626 0.098112 0.021392 0.005376
0 0.011635 0.103040 0.021374 0.003584
0 0.011636 0.098560 0.021371 0.004480
0 0.011646 0.103488 0.021351 0.004928
0 0.011646 0.098560 0.021351 0.004480
0 0.011657 0.103488 0.021329 0.004480
0 0.011656 0.099456 0.021331 0.004032
0 0.011785 0.053312 0.021074 0.005824
0 0.011783 0.057344 0.021076 0.006720
0 0.011812 0.059584 0.021018 0.007168
0 0.011867 0.041664 0.020908 0.009856
0 0.011872 0.043008 0.020898 0.009856
0 0.011883 0.044800 0.020877 0.009856
0 0.011877 0.077504 0.020889 0.004480
0 0.011888 0.046592 0.020867 0.009408
0 0.011893 0.047488 0.020858 0.009856
0 0.011899 0.047936 0.020846 0.008512
0 0.011903 0.048832 0.020836 0.009856
0 0.011909 0.050176 0.020825 0.008512
0 0.011915 0.051072 0.020813 0.008960
0 0.011920 0.051520 0.020803 0.008512
0 0.011924 0.053312 0.020794 0.009856
0 0.011930 0.055104 0.020782 0.009856
0 0.011880 0.065408 0.020882 0.005376
0 0.011878 0.069440 0.020887 0.004928
0 0.011878 0.073920 0.020886 0.004928
0 0.012028 0.081984 0.020588 0.008512
0 0.012032 0.082432 0.020578 0.008512
0 0.012037 0.084224 0.020569 0.009856
0 0.011577 0.232960 0.021488 0.007168
0 0.011641 0.232512 0.021360 0.009856
0 0.011639 0.236992 0.021364 0.010752
0 0.011645 0.245504 0.021352 0.009856
0 0.011609 0.244160 0.021425 0.008512
0 0.011605 0.246400 0.021433 0.008064
0 0.011601 0.249984 0.021441 0.008512
0 0.011599 0.238784 0.021446 0.007616
0 0.011593 0.245056 0.021457 0.007616
0 0.011590 0.234304 0.021463 0.007616
0 0.011586 0.237440 0.021470 0.007168
0 0.011584 0.240128 0.021476 0.007168
0 0.011580 0.229376 0.021483 0.007168
0 0.011574 0.235648 0.021495 0.006272
0 0.011652 0.230272 0.021339 0.009856
0 0.011567 0.228928 0.021510 0.007168
0 0.011562 0.231616 0.021518 0.007168
0 0.011559 0.206528 0.021525 0.008960
0 0.011567 0.155904 0.021508 0.009408
0 0.011489 0.233856 0.021665 0.010304
0 0.011493 0.236992 0.021658 0.010304
0 0.011499 0.225344 0.021646 0.010304
0 0.011487 0.273280 0.021669 0.010304
0 0.011369 0.254016 0.021905 0.006720
0 0.011236 0.291200 0.022171 0.004480
0 0.011191 0.298368 0.022261 0.007616
0 0.011185 0.294784 0.022272 0.008064
0 0.011647 0.230720 0.021349 0.009408
0 0.011659 0.230272 0.021324 0.010752
0 0.012049 0.085568 0.020546 0.006720
0 0.011662 0.219072 0.021318 0.009408
0 0.012119 0.102592 0.020406 0.005824
0 0.012152 0.067200 0.020339 0.004480
0 0.012225 0.081536 0.020194 0.005824
0 0.012039 0.157248 0.020566 0.007168
0 0.012090 0.163072 0.020463 0.010304
0 0.011692 0.204736 0.021259 0.009856
0 0.011687 0.206976 0.021268 0.008960
0 0.011683 0.207872 0.021277 0.008960
0 0.011676 0.208320 0.021290 0.010304
0 0.011683 0.216832 0.021277 0.008512
0 0.011674 0.215488 0.021294 0.009856
0 0.011670 0.221760 0.021302 0.009856
0 0.011670 0.227136 0.021303 0.009408
0 0.011658 0.238784 0.021326 0.009856
0 0.011677 0.229824 0.021289 0.010304
0 0.011675 0.235648 0.021292 0.008960
0 0.011681 0.244160 0.021280 0.010304
0 0.011677 0.245952 0.021290 0.009856
0 0.011684 0.240128 0.021275 0.010304
0 0.011689 0.237888 0.021265 0.009408
0 0.011693 0.234304 0.021257 0.010752
0 0.011687 0.225792 0.021268 0.009408
0 0.011670 0.238336 0.021302 0.009856
0 0.011664 0.228928 0.021314 0.008064
0 0.011666 0.240128 0.021311 0.008960
0 0.011665 0.246848 0.021313 0.009856
0 0.011624 0.103040 0.021394 0.004480
0 0.011614 0.097664 0.021415 0.004480
0 0.010322 0.812672 0.019535 0.011200
0 0.010359 0.867328 0.019461 0.011200
0 0.010233 0.801472 0.019713 0.010752
0 0.010221 0.802816 0.019737 0.011200
0 0.010236 0.794304 0.019706 0.011648
0 0.010226 0.793856 0.019727 0.012096
0 0.010211 0.802816 0.019756 0.011200
0 0.010213 0.795648 0.019753 0.011200
0 0.010200 0.804160 0.019779 0.009408
0 0.010204 0.795648 0.019771 0.010752
0 0.010193 0.796544 0.019793 0.011200
0 0.010182 0.797440 0.019815 0.010752
0 0.010170 0.798784 0.019838 0.011200
0 0.010160 0.798784 0.019859 0.010752
0 0.010145 0.796096 0.019888 0.011200
0 0.010091 0.750400 0.019996 0.013440
0 0.010087 0.765184 0.020004 0.013888
0 0.010090 0.770560 0.019999 0.013888
0 0.010094 0.775936 0.019991 0.013888
0 0.010095 0.785344 0.019989 0.015232
0 0.010093 0.795200 0.019992 0.013888
0 0.010093 0.802368 0.019993 0.012992
0 0.010078 0.814016 0.020023 0.012544
0 0.010100 0.804608 0.019979 0.012992
0 0.010101 0.809984 0.019976 0.013440
0 0.010682 0.824768 0.018814 0.010752
0 0.010667 0.833280 0.018844 0.011200
0 0.010657 0.833728 0.018865 0.010752
0 0.010673 0.824768 0.018834 0.011200
0 0.010242 0.801024 0.019694 0.011200
0 0.010259 0.792512 0.019661 0.011200
0 0.010254 0.801024 0.019671 0.009856
0 0.010309 0.796992 0.019560 0.010752
0 0.010358 0.786240 0.019463 0.011200
0 0.010342 0.795200 0.019494 0.011200
0 0.010316 0.809984 0.019547 0.011200
0 0.010346 0.787136 0.019486 0.011200
0 0.010330 0.796096 0.019518 0.011200
0 0.010315 0.805056 0.019549 0.011200
0 0.010299 0.814016 0.019580 0.011200
0 0.010335 0.787584 0.019509 0.011648
0 0.010319 0.796992 0.019540 0.011200
0 0.010303 0.805504 0.019572 0.011200
0 0.010288 0.814016 0.019603 0.011200
0 0.010324 0.787584 0.019530 0.011648
0 0.010293 0.805952 0.019592 0.011648
0 0.010268 0.792512 0.019642 0.011200
0 0.010278 0.814912 0.019623 0.011200
0 0.010313 0.788928 0.019553 0.011200
0 0.010297 0.797888 0.019584 0.011200
0 0.010282 0.806848 0.019615 0.011200
0 0.010266 0.816256 0.019646 0.010752
0 0.010271 0.807296 0.019637 0.011200
0 0.010256 0.816704 0.019668 0.011200
0 0.010276 0.799232 0.019627 0.011200
0 0.010260 0.808192 0.019658 0.011200
0 0.010244 0.817152 0.019690 0.011200
0 0.010280 0.791168 0.019619 0.011200
0 0.010264 0.800128 0.019650 0.011200
0 0.010662 0.825216 0.018855 0.011200
0 0.010666 0.817600 0.018847 0.010752
0 0.010650 0.826112 0.018878 0.011200
0 0.010534 0.825216 0.019110 0.010752
0 0.010578 0.822528 0.019023 0.011200
0 0.010563 0.831488 0.019054 0.011200
0 0.010547 0.839552 0.019084 0.011200
0 0.010566 0.823424 0.019046 0.011200
0 0.010551 0.831936 0.019076 0.011200
0 0.010572 0.814912 0.019035 0.010752
0 0.010556 0.823872 0.019067 0.011200
0 0.010540 0.832832 0.019098 0.011648
0 0.010562 0.815360 0.019055 0.011200
0 0.010536 0.841344 0.019107 0.011200
0 0.010526 0.841792 0.019126 0.010304
0 0.010550 0.816256 0.019079 0.011200
0 0.010518 0.834176 0.019142 0.011648
0 0.010557 0.839552 0.019065 0.011200
0 0.010539 0.817152 0.019101 0.010752
0 0.010523 0.825664 0.019133 0.011200
0 0.010507 0.834624 0.019164 0.011200
0 0.010530 0.816704 0.019118 0.009856
0 0.010516 0.818944 0.019146 0.011200
0 0.010513 0.825664 0.019152 0.011200
0 0.010497 0.835072 0.019185 0.011200
0 0.010501 0.827456 0.019177 0.011200
0 0.010505 0.818944 0.019169 0.011200
0 0.010496 0.818944 0.019186 0.011200
0 0.010401 0.181440 0.019377 0.012992
0 0.010322 0.508480 0.019535 0.006720
0 0.010593 0.813568 0.018992 0.011200
0 0.010573 0.831488 0.019033 0.011200
0 0.010635 0.834624 0.018908 0.010752
0 0.010602 0.837312 0.018974 0.011200
0 0.010669 0.809088 0.018840 0.011200
0 0.010654 0.818048 0.018870 0.010752
0 0.010638 0.827456 0.018902 0.011200
0 0.010623 0.835968 0.018932 0.011200
0 0.010659 0.809536 0.018860 0.011200
0 0.010644 0.818496 0.018891 0.011200
0 0.010628 0.827904 0.018923 0.011200
0 0.010612 0.836864 0.018955 0.011200
0 0.010648 0.810432 0.018883 0.011200
0 0.010633 0.819392 0.018913 0.010304
0 0.010667 0.778624 0.018845 0.011200
0 0.010618 0.828352 0.018944 0.011200
0 0.010637 0.810880 0.018904 0.010752
0 0.010588 0.822528 0.019002 0.010752
0 0.010622 0.819840 0.018935 0.011200
0 0.010606 0.829248 0.018966 0.011200
0 0.010591 0.837760 0.018996 0.011200
0 0.010627 0.811328 0.018925 0.011200
0 0.010611 0.820736 0.018956 0.011200
0 0.010595 0.829696 0.018988 0.011200
0 0.010580 0.838656 0.019019 0.011200
0 0.010616 0.812224 0.018947 0.011200
0 0.010600 0.820736 0.018978 0.011200
0 0.010585 0.829696 0.019009 0.011200
0 0.010569 0.838656 0.019041 0.011200
0 0.010604 0.813568 0.018971 0.011200
0 0.010059 0.068992 0.020061 0.003584
