0 0.010725 0.921088 0.018728 0.162624
0 0.010642 0.625408 0.018894 0.113792
0 0.010700 0.517888 0.018780 0.111104
0 0.010500 0.515648 0.019178 0.100800
0 0.010450 0.426496 0.019278 0.103488
0 0.010489 0.401856 0.019200 0.105728
0 0.010532 0.517888 0.019115 0.095424
0 0.010550 0.497280 0.019078 0.100800
0 0.010563 0.467712 0.019053 0.098112
0 0.010572 0.421120 0.019034 0.077504
0 0.010541 0.336000 0.019097 0.098112
0 0.010565 0.311360 0.019049 0.100800
0 0.010661 0.353920 0.018857 0.103488
0 0.010681 0.330624 0.018816 0.103488
0 0.010724 0.286720 0.018732 0.098112
0 0.010648 0.201600 0.018883 0.087808
