0 0.001291 0.862848 0.001883 0.013888
0 0.001337 0.427840 0.001791 0.021952
0 0.007971 0.582848 0.015308 0.663488
0 0.008016 0.557760 0.015218 0.659008
0 0.008063 0.521472 0.015123 0.616448
0 0.008118 0.523712 0.015013 0.632576
0 0.008194 0.543424 0.014862 0.625408
0 0.008242 0.550144 0.014766 0.618688
0 0.008300 0.509824 0.014650 0.388416
0 0.008344 0.625408 0.014561 0.490560
0 0.008422 0.659008 0.014406 0.447104
0 0.008483 0.693952 0.014285 0.441280
0 0.008541 0.723968 0.014169 0.441280
0 0.008596 0.729792 0.014059 0.406784
0 0.008653 0.748160 0.013943 0.337344
0 0.008702 0.781760 0.013845 0.277760
0 0.008756 0.849856 0.013739 0.213248
0 0.008814 0.942592 0.013621 0.073920
0 0.001442 0.567616 0.001579 0.026432
0 0.007925 0.616448 0.015400 0.636160
