0 0.011261 0.990528 0.022121 0.012096
0 0.011248 0.967680 0.022147 0.023744
0 0.010255 0.413504 0.019669 0.042560
0 0.010232 0.418432 0.019714 0.043456
0 0.010210 0.422016 0.019759 0.043904
0 0.010195 0.431424 0.019788 0.042560
0 0.010173 0.436352 0.019833 0.042560
0 0.010155 0.444416 0.019868 0.042560
0 0.010180 0.636160 0.019820 0.018368
0 0.010177 0.651392 0.019825 0.018816
0 0.010179 0.667072 0.019821 0.018816
0 0.010180 0.682304 0.019818 0.018368
0 0.010181 0.697536 0.019816 0.020160
0 0.010249 0.677824 0.019681 0.020160
0 0.010248 0.693504 0.019683 0.020160
0 0.010357 0.475328 0.019465 0.056896
0 0.010375 0.650496 0.019429 0.052864
0 0.010393 0.654976 0.019392 0.053312
0 0.010454 0.552832 0.019271 0.031808
0 0.010460 0.567168 0.019259 0.031360
0 0.010430 0.652288 0.019318 0.053312
0 0.010411 0.708288 0.019356 0.039424
0 0.010396 0.720384 0.019387 0.038080
0 0.010454 0.707392 0.019271 0.038528
0 0.010475 0.697536 0.019228 0.033152
0 0.010496 0.690816 0.019187 0.033152
0 0.010473 0.644224 0.019233 0.051968
0 0.010494 0.646016 0.019190 0.052864
0 0.010519 0.682304 0.019140 0.031808
0 0.010536 0.670656 0.019107 0.027776
0 0.010536 0.654528 0.019107 0.030464
0 0.010275 0.405888 0.019629 0.042560
0 0.010861 0.374528 0.018457 0.051968
0 0.010843 0.200256 0.018492 0.052864
0 0.010512 0.225792 0.019154 0.050624
0 0.010301 0.288960 0.019576 0.057344
0 0.010319 0.281792 0.019541 0.056000
0 0.010336 0.277760 0.019507 0.055552
0 0.010353 0.271040 0.019472 0.054656
0 0.010370 0.268800 0.019439 0.055552
0 0.010406 0.257152 0.019367 0.055552
0 0.010433 0.370944 0.019313 0.039424
0 0.010395 0.380800 0.019389 0.042560
0 0.010448 0.366464 0.019284 0.041216
0 0.010468 0.361088 0.019242 0.041216
0 0.010429 0.251776 0.019320 0.055552
0 0.010448 0.247296 0.019284 0.055552
0 0.010497 0.237888 0.019185 0.050624
0 0.010530 0.219520 0.019118 0.051520
0 0.010813 0.142912 0.018552 0.052864
0 0.010577 0.239680 0.019024 0.052864
0 0.010601 0.233408 0.018976 0.052864
0 0.010620 0.229824 0.018939 0.051968
0 0.010636 0.224896 0.018907 0.052864
0 0.010652 0.220864 0.018876 0.054208
0 0.010607 0.265216 0.018964 0.025088
0 0.010670 0.214592 0.018839 0.052864
0 0.010686 0.210112 0.018806 0.053312
0 0.010731 0.215040 0.018716 0.051968
0 0.010749 0.211456 0.018680 0.052864
0 0.010774 0.206080 0.018630 0.051968
0 0.010793 0.201600 0.018592 0.051968
0 0.010811 0.190400 0.018556 0.051520
0 0.010551 0.644224 0.019076 0.034496
0 0.010561 0.631680 0.019057 0.034048
0 0.010569 0.618688 0.019040 0.031808
0 0.011305 0.804160 0.022033 0.017472
0 0.011624 0.129024 0.021395 0.025088
0 0.011693 0.112896 0.021256 0.017472
0 0.011722 0.106176 0.021199 0.015680
0 0.010560 0.083776 0.019059 0.030464
0 0.010648 0.088704 0.018882 0.031360
0 0.010706 0.068992 0.018767 0.035392
0 0.011930 0.016128 0.020783 0.018368
0 0.011981 0.031808 0.020681 0.014784
0 0.012051 0.085568 0.020541 0.023744
0 0.012085 0.042112 0.020473 0.025088
0 0.011215 0.409920 0.022213 0.015680
0 0.011295 0.781760 0.022053 0.015680
0 0.011297 0.792960 0.022048 0.018368
0 0.011309 0.814464 0.022024 0.017472
0 0.011558 0.110208 0.021526 0.018816
0 0.011301 0.841344 0.022041 0.025088
0 0.011315 0.829248 0.022014 0.014784
0 0.011322 0.840000 0.022000 0.017024
0 0.011327 0.852544 0.021989 0.014784
0 0.011332 0.862400 0.021979 0.011648
0 0.011262 0.904960 0.022119 0.012992
0 0.011351 0.782656 0.021941 0.013440
0 0.011353 0.794304 0.021936 0.013440
0 0.011360 0.805952 0.021922 0.010304
0 0.011379 0.852544 0.021886 0.013440
0 0.011392 0.864640 0.021858 0.010752
0 0.011393 0.876736 0.021856 0.010752
0 0.011264 0.920640 0.022114 0.020160
0 0.011571 0.116032 0.021500 0.017024
0 0.011538 0.125888 0.021568 0.018816
0 0.010613 0.616896 0.018952 0.040768
0 0.011062 0.554624 0.018054 0.034048
0 0.010645 0.466368 0.018889 0.058240
0 0.010740 0.566720 0.018699 0.031360
0 0.010755 0.596288 0.018668 0.034048
0 0.010766 0.610176 0.018647 0.030464
0 0.010826 0.577024 0.018526 0.032704
0 0.010884 0.427392 0.018410 0.054208
0 0.010974 0.435904 0.018231 0.031808
0 0.010984 0.482944 0.018210 0.031360
0 0.010995 0.495936 0.018189 0.030464
0 0.010986 0.542080 0.018206 0.050624
0 0.011016 0.593600 0.018146 0.050624
0 0.011030 0.509376 0.018118 0.031808
0 0.011037 0.524608 0.018104 0.031360
0 0.011080 0.581952 0.018018 0.030464
0 0.011479 0.132608 0.021685 0.025536
0 0.010262 0.795648 0.019655 0.052864
0 0.010288 0.847168 0.019603 0.051968
0 0.010301 0.782656 0.019576 0.054208
0 0.010307 0.842688 0.019565 0.053312
0 0.010322 0.837312 0.019534 0.053312
0 0.010327 0.782208 0.019524 0.052864
0 0.010348 0.772800 0.019482 0.051968
0 0.010360 0.827008 0.019458 0.051968
0 0.010382 0.813120 0.019415 0.051520
0 0.010771 0.623168 0.018637 0.031808
0 0.010087 0.616896 0.020005 0.051520
0 0.010096 0.701568 0.019987 0.051968
0 0.010109 0.817152 0.019960 0.064960
0 0.010277 0.291200 0.019624 0.052864
