0 0.010742 0.367808 0.018694 0.043008
0 0.010751 0.296576 0.018677 0.038080
0 0.010820 0.295232 0.018539 0.036736
0 0.010844 0.293440 0.018491 0.042112
0 0.010864 0.295232 0.018450 0.040768
0 0.010887 0.294784 0.018405 0.039872
0 0.010911 0.292992 0.018357 0.040768
0 0.010932 0.295232 0.018315 0.038976
0 0.010954 0.293440 0.018271 0.038080
0 0.010973 0.293440 0.018233 0.038080
0 0.010994 0.292992 0.018191 0.038976
0 0.011018 0.293888 0.018143 0.040768
0 0.011038 0.293440 0.018102 0.038080
0 0.011038 0.411712 0.018102 0.047040
0 0.011001 0.395136 0.018177 0.038080
0 0.010937 0.439936 0.018305 0.011200
0 0.010944 0.461440 0.018291 0.013440
0 0.010982 0.365120 0.018215 0.042112
0 0.010961 0.365568 0.018257 0.040768
0 0.010940 0.364672 0.018298 0.043008
0 0.010918 0.366464 0.018343 0.042112
0 0.010894 0.366464 0.018391 0.042112
0 0.010871 0.365568 0.018436 0.040768
0 0.010796 0.294784 0.018587 0.038080
0 0.010730 0.296576 0.018718 0.038080
0 0.010665 0.297024 0.018849 0.038976
0 0.010474 0.395136 0.019232 0.013440
0 0.010468 0.279104 0.019242 0.013440
0 0.010465 0.292992 0.019249 0.014336
0 0.010468 0.304640 0.019242 0.011200
0 0.010468 0.316288 0.019242 0.011200
0 0.010468 0.329280 0.019242 0.011200
0 0.010472 0.342720 0.019235 0.011200
0 0.010470 0.354816 0.019238 0.011200
0 0.010468 0.368256 0.019242 0.013440
0 0.010472 0.381248 0.019235 0.012096
0 0.010470 0.408128 0.019238 0.011200
0 0.010646 0.297472 0.018887 0.038080
0 0.010530 0.749056 0.019118 0.014336
0 0.010537 0.763392 0.019104 0.014336
0 0.010529 0.793856 0.019121 0.014336
0 0.010537 0.809984 0.019104 0.013440
0 0.010532 0.824768 0.019114 0.012096
0 0.010534 0.840000 0.019111 0.012096
0 0.010532 0.853888 0.019114 0.011200
0 0.010601 0.298816 0.018977 0.038080
0 0.010620 0.297472 0.018939 0.038080
0 0.010851 0.366464 0.018477 0.042112
0 0.010828 0.365568 0.018522 0.040768
0 0.010808 0.366912 0.018563 0.040768
0 0.010716 0.502656 0.018746 0.042112
0 0.010975 0.500416 0.018229 0.043904
0 0.010951 0.499072 0.018277 0.040768
0 0.010930 0.500416 0.018319 0.043904
0 0.010906 0.501760 0.018367 0.042112
0 0.010882 0.501760 0.018415 0.042112
0 0.010811 0.502208 0.018556 0.040768
0 0.010789 0.503552 0.018601 0.042112
0 0.010763 0.502656 0.018653 0.042112
0 0.010740 0.501760 0.018698 0.042112
0 0.010696 0.504000 0.018787 0.040768
0 0.010978 0.407680 0.018222 0.038976
0 0.010673 0.503104 0.018832 0.043008
0 0.010651 0.503552 0.018877 0.042112
0 0.010625 0.504000 0.018928 0.040768
0 0.010601 0.503104 0.018977 0.043008
0 0.010501 0.874048 0.019176 0.014336
0 0.010207 0.416640 0.019765 0.085120
0 0.010689 0.297472 0.018801 0.038080
0 0.010709 0.297472 0.018760 0.038080
0 0.010777 0.296128 0.018625 0.038976
0 0.010995 0.498624 0.018188 0.042112
0 0.010957 0.407232 0.018264 0.038080
0 0.010785 0.367808 0.018608 0.040768
0 0.010697 0.411712 0.018784 0.038976
0 0.010763 0.368256 0.018653 0.042112
0 0.010720 0.368256 0.018739 0.042112
0 0.010699 0.368704 0.018780 0.043008
0 0.010677 0.368704 0.018825 0.040768
0 0.010656 0.369152 0.018866 0.042112
0 0.010635 0.369152 0.018908 0.043904
0 0.010635 0.410816 0.018908 0.038976
0 0.010654 0.410816 0.018870 0.038976
0 0.010677 0.410816 0.018825 0.038976
0 0.010720 0.411712 0.018739 0.040768
0 0.010935 0.406336 0.018308 0.038080
0 0.010739 0.410368 0.018701 0.039872
0 0.010759 0.409920 0.018660 0.040768
0 0.010785 0.409472 0.018608 0.038080
0 0.010806 0.409920 0.018567 0.040768
0 0.010825 0.409024 0.018529 0.038976
0 0.010849 0.409472 0.018481 0.035840
0 0.010870 0.407680 0.018439 0.038976
0 0.010892 0.407232 0.018395 0.035840
0 0.010918 0.406784 0.018343 0.036736
0 0.010475 0.265216 0.019228 0.012096
