0 0.010782 0.238784 0.018614 0.108416
0 0.010520 0.760256 0.019138 0.054208
0 0.010398 0.258944 0.019382 0.115136
0 0.010465 0.260288 0.019248 0.056896
0 0.010554 0.231168 0.019070 0.087360
0 0.010622 0.242368 0.018934 0.104384
0 0.010658 0.245952 0.018863 0.108416
0 0.010680 0.247744 0.018819 0.112448
0 0.010694 0.256256 0.018790 0.112448
0 0.010709 0.219520 0.018761 0.083328
0 0.010727 0.241472 0.018724 0.094528
0 0.010743 0.236096 0.018693 0.108416
0 0.010764 0.240128 0.018651 0.105728
0 0.010798 0.243712 0.018583 0.104384
0 0.010833 0.208320 0.018512 0.050176
0 0.010907 0.240128 0.018365 0.111104
0 0.011011 0.240128 0.018156 0.111104
0 0.010891 0.469504 0.018397 0.019264
0 0.010649 0.446656 0.018882 0.079296
0 0.010611 0.456960 0.018957 0.091840
0 0.010538 0.461888 0.019102 0.112448
0 0.010523 0.445312 0.019133 0.115136
0 0.010646 0.540288 0.018887 0.083328
0 0.010594 0.555520 0.018992 0.111104
0 0.010576 0.555520 0.019026 0.108416
0 0.010558 0.556864 0.019062 0.111104
0 0.010401 0.436800 0.019377 0.115136
0 0.010349 0.343168 0.019481 0.033152
0 0.010453 0.558208 0.019272 0.108416
0 0.010574 0.757120 0.019031 0.055552
0 0.010540 0.758464 0.019099 0.058240
0 0.010324 0.247744 0.019531 0.109760
