0 0.011975 0.645120 0.020693 0.019264
0 0.010216 0.543872 0.019746 0.065408
0 0.010348 0.557312 0.019483 0.044352
0 0.010359 0.618688 0.019461 0.063168
0 0.010343 0.607488 0.019492 0.065856
0 0.010327 0.599424 0.019525 0.064512
0 0.010313 0.585088 0.019553 0.064512
0 0.010297 0.582400 0.019585 0.062720
0 0.010277 0.576576 0.019625 0.065408
0 0.010267 0.565824 0.019644 0.061376
0 0.010251 0.561344 0.019677 0.061376
0 0.010235 0.553280 0.019709 0.062720
0 0.010203 0.531776 0.019772 0.059584
0 0.011981 0.634816 0.020681 0.021504
0 0.010183 0.526848 0.019812 0.061376
0 0.010167 0.520128 0.019845 0.065408
0 0.010150 0.510272 0.019878 0.064512
0 0.010833 0.854336 0.018513 0.040320
0 0.010811 0.870016 0.018556 0.039424
0 0.010783 0.878080 0.018613 0.034944
0 0.010641 0.870016 0.018897 0.064064
0 0.010592 0.852096 0.018995 0.059584
0 0.010566 0.832384 0.019047 0.064064
0 0.010543 0.830592 0.019092 0.064064
0 0.010369 0.537152 0.019441 0.043904
0 0.010480 0.660800 0.019219 0.040320
0 0.010487 0.647360 0.019204 0.045248
0 0.010521 0.642880 0.019137 0.034944
0 0.010418 0.106176 0.019342 0.045696
0 0.010379 0.155008 0.019421 0.051520
0 0.010374 0.172032 0.019430 0.051520
0 0.010260 0.334208 0.019659 0.064512
0 0.010278 0.342720 0.019622 0.062720
0 0.010579 0.176512 0.019021 0.047040
0 0.010644 0.211456 0.018890 0.046592
0 0.010713 0.272832 0.018752 0.040320
0 0.010702 0.295680 0.018774 0.043904
0 0.010244 0.385728 0.019691 0.044352
0 0.010232 0.402304 0.019714 0.043456
0 0.010222 0.419328 0.019734 0.047040
0 0.010294 0.357504 0.019590 0.061376
0 0.010313 0.369152 0.019552 0.064512
0 0.010340 0.371840 0.019499 0.058240
0 0.010359 0.381248 0.019461 0.059136
0 0.010380 0.392896 0.019418 0.056448
0 0.010466 0.437248 0.019247 0.060032
0 0.010483 0.445312 0.019212 0.054656
0 0.010546 0.476672 0.019086 0.062272
0 0.010562 0.492352 0.019054 0.064512
0 0.010515 0.804608 0.019148 0.063168
0 0.010491 0.790272 0.019196 0.066304
0 0.010469 0.776832 0.019240 0.067200
0 0.011341 0.679616 0.021960 0.023296
0 0.011361 0.696640 0.021922 0.026880
0 0.011390 0.627200 0.021862 0.024640
0 0.011397 0.636608 0.021849 0.031360
0 0.011412 0.642432 0.021820 0.023744
0 0.011372 0.703360 0.021898 0.028224
0 0.011385 0.709632 0.021872 0.028672
0 0.011398 0.714112 0.021847 0.031360
0 0.011426 0.648704 0.021791 0.025088
0 0.011438 0.653184 0.021767 0.026880
0 0.011409 0.723520 0.021825 0.023744
0 0.011421 0.729792 0.021802 0.023296
0 0.011432 0.735168 0.021780 0.023744
0 0.011454 0.741440 0.021735 0.028672
0 0.011469 0.739200 0.021705 0.025088
0 0.011909 0.584640 0.020824 0.020160
0 0.011879 0.638848 0.020885 0.027776
0 0.011900 0.652288 0.020842 0.026880
0 0.012002 0.557312 0.020638 0.023744
0 0.012002 0.599872 0.020638 0.021504
0 0.011999 0.613312 0.020645 0.018368
0 0.011993 0.624064 0.020656 0.020160
0 0.011350 0.691264 0.021944 0.028672
0 0.011373 0.626304 0.021897 0.026880
0 0.010451 0.767872 0.019277 0.067648
0 0.011368 0.614208 0.021908 0.023744
0 0.010433 0.761152 0.019313 0.067200
0 0.010415 0.742784 0.019349 0.062720
0 0.010465 0.681408 0.019248 0.039424
0 0.011288 0.351680 0.022068 0.029568
0 0.011589 0.056448 0.021465 0.028672
0 0.011675 0.257600 0.021293 0.024640
0 0.011737 0.133952 0.021169 0.021952
0 0.011774 0.150976 0.021094 0.018368
0 0.011765 0.034496 0.021114 0.025088
0 0.011802 0.051968 0.021039 0.021952
0 0.011825 0.066304 0.020994 0.023744
0 0.011838 0.073472 0.020968 0.025088
0 0.011845 0.081088 0.020952 0.027776
0 0.011862 0.084224 0.020919 0.024640
0 0.011908 0.019712 0.020827 0.031808
0 0.011907 0.108864 0.020828 0.030912
0 0.011927 0.115136 0.020790 0.023296
0 0.011949 0.125440 0.020746 0.027776
0 0.011963 0.052416 0.020717 0.020608
0 0.011339 0.605248 0.021964 0.027776
0 0.011316 0.670208 0.022011 0.026432
0 0.010427 0.094528 0.019324 0.045696
