0 0.011583 0.305984 0.021476 0.031360
0 0.005163 0.447552 0.007531 0.084224
0 0.011272 0.098560 0.022100 0.031360
0 0.011211 0.110656 0.022220 0.034048
0 0.011253 0.103040 0.022137 0.030016
0 0.005265 0.796992 0.007328 0.080192
0 0.005246 0.721728 0.007365 0.081536
0 0.005201 0.578816 0.007456 0.085568
0 0.005137 0.356160 0.007583 0.082880
0 0.011345 0.151872 0.021953 0.030016
0 0.005116 0.283584 0.007625 0.084224
0 0.005094 0.209664 0.007670 0.085568
0 0.004940 0.796992 0.007978 0.080192
0 0.004919 0.721728 0.008019 0.084224
0 0.004887 0.608384 0.008083 0.082880
0 0.004864 0.535360 0.008128 0.082880
0 0.011326 0.156800 0.021991 0.028672
0 0.011362 0.181888 0.021919 0.030016
0 0.011604 0.297024 0.021435 0.030016
0 0.011550 0.239680 0.021544 0.028672
0 0.011625 0.292992 0.021393 0.032704
0 0.011634 0.213248 0.021374 0.027328
0 0.011615 0.222656 0.021412 0.030016
0 0.011614 0.194880 0.021416 0.025984
0 0.011606 0.225344 0.021431 0.030016
0 0.011559 0.203392 0.021525 0.030016
0 0.011540 0.208768 0.021562 0.027328
0 0.011292 0.266560 0.022058 0.028672
0 0.011478 0.143360 0.021686 0.031360
0 0.011439 0.155904 0.021765 0.032704
0 0.011422 0.163520 0.021799 0.031360
0 0.011403 0.135744 0.021837 0.030016
0 0.011399 0.167552 0.021844 0.031360
0 0.011384 0.175168 0.021874 0.030016
0 0.004840 0.444864 0.008177 0.081536
