0 0.012210 0.835520 0.020222 0.030912
0 0.012106 0.158592 0.020431 0.030912
0 0.011974 0.079744 0.020695 0.036736
0 0.011991 0.090048 0.020661 0.036736
0 0.012008 0.099456 0.020628 0.036736
0 0.011984 0.191296 0.020675 0.034944
0 0.012001 0.201152 0.020641 0.032256
0 0.012019 0.211904 0.020605 0.031360
0 0.012037 0.219968 0.020569 0.037632
0 0.012053 0.231168 0.020538 0.037632
0 0.012024 0.111104 0.020596 0.038528
0 0.012040 0.118720 0.020562 0.034944
0 0.012043 0.077504 0.020556 0.039424
0 0.012054 0.133952 0.020536 0.034048
0 0.012075 0.105280 0.020493 0.031360
0 0.012092 0.109760 0.020459 0.034048
0 0.012072 0.140672 0.020498 0.034048
0 0.012067 0.242816 0.020509 0.032256
0 0.012081 0.255808 0.020481 0.034048
0 0.011962 0.029120 0.020720 0.039424
0 0.011960 0.068992 0.020723 0.034048
0 0.011940 0.061376 0.020763 0.035840
0 0.005218 0.374976 0.007420 0.148288
0 0.004937 0.330176 0.007983 0.145600
0 0.004802 0.508480 0.008253 0.145600
0 0.004736 0.597184 0.008385 0.147392
0 0.005153 0.464128 0.007552 0.144256
0 0.005085 0.553280 0.007687 0.145152
0 0.004955 0.731584 0.007948 0.146496
0 0.004868 0.418880 0.008122 0.149184
0 0.005020 0.642432 0.007818 0.147392
0 0.011954 0.171136 0.020735 0.034944
0 0.011380 0.233856 0.021883 0.026432
0 0.011828 0.032256 0.020986 0.029120
0 0.011872 0.121408 0.020900 0.034944
0 0.011888 0.133504 0.020868 0.031360
0 0.011902 0.142016 0.020840 0.033152
0 0.011921 0.150528 0.020800 0.031360
0 0.011936 0.162176 0.020770 0.035840
0 0.012087 0.150528 0.020468 0.034944
0 0.012122 0.167104 0.020399 0.029120
0 0.012195 0.846272 0.020252 0.031360
0 0.012109 0.124544 0.020425 0.030912
0 0.012039 0.854784 0.020566 0.031360
0 0.012053 0.843584 0.020538 0.034944
0 0.012067 0.830144 0.020509 0.034048
0 0.012081 0.817152 0.020481 0.033152
0 0.012112 0.792512 0.020419 0.039872
0 0.012144 0.767424 0.020356 0.037632
0 0.012155 0.751296 0.020333 0.036736
0 0.012171 0.740096 0.020301 0.032256
0 0.012137 0.898688 0.020369 0.034048
0 0.012167 0.923776 0.020309 0.036736
0 0.012148 0.885696 0.020346 0.032256
0 0.012179 0.911680 0.020284 0.034944
0 0.012193 0.898688 0.020256 0.035840
0 0.012167 0.873600 0.020309 0.031360
0 0.012180 0.858816 0.020282 0.034944
0 0.012210 0.886592 0.020222 0.035840
0 0.012221 0.871808 0.020200 0.033152
0 0.012025 0.868672 0.020592 0.032256
0 0.012010 0.880320 0.020622 0.031360
0 0.012012 0.948416 0.020618 0.030016
0 0.012152 0.191744 0.020339 0.034048
0 0.012115 0.018816 0.020414 0.032256
0 0.012145 0.038976 0.020352 0.034944
0 0.012163 0.046592 0.020316 0.033152
0 0.012129 0.132160 0.020386 0.029120
0 0.012142 0.136192 0.020359 0.037632
0 0.012157 0.151872 0.020329 0.034048
0 0.012137 0.179200 0.020369 0.034048
0 0.012170 0.205184 0.020303 0.031360
0 0.011995 0.934528 0.020652 0.034048
0 0.012179 0.056000 0.020284 0.038528
0 0.012174 0.162624 0.020296 0.033152
0 0.012189 0.174720 0.020266 0.035840
0 0.012196 0.068544 0.020251 0.034944
0 0.012216 0.076160 0.020211 0.034944
0 0.012223 0.087360 0.020196 0.041664
0 0.011997 0.895104 0.020648 0.032256
0 0.005001 0.241472 0.007856 0.146496
