0 0.015864 0.154112 0.030773 0.014336
0 0.016247 0.691712 0.030006 0.015232
0 0.015787 0.465920 0.030927 0.019264
0 0.015983 0.138880 0.030534 0.021056
0 0.016103 0.228032 0.030294 0.018368
0 0.016382 0.118720 0.029735 0.017024
0 0.016547 0.293440 0.029407 0.015232
0 0.016220 0.366912 0.030061 0.011648
0 0.016028 0.246400 0.030444 0.011200
0 0.015899 0.294336 0.030702 0.008064
0 0.015833 0.504896 0.030835 0.017024
0 0.015826 0.642880 0.030849 0.017472
0 0.015870 0.678272 0.030760 0.017472
0 0.015942 0.719936 0.030616 0.015680
0 0.015990 0.499072 0.030520 0.013440
0 0.016125 0.499968 0.030250 0.017920
0 0.016513 0.534016 0.029474 0.013440
0 0.016536 0.553280 0.029428 0.015680
0 0.016437 0.790720 0.029626 0.016128
0 0.016707 0.926912 0.029085 0.017920
0 0.016066 0.193536 0.030368 0.021504
0 0.015980 0.418880 0.030540 0.014336
0 0.016176 0.574336 0.030149 0.014784
0 0.016574 0.330176 0.029352 0.025984
0 0.016206 0.424704 0.030087 0.019264
0 0.015734 0.545216 0.031033 0.014784
0 0.016019 0.802368 0.030462 0.021056
0 0.016529 0.805056 0.029442 0.021504
0 0.016686 0.702016 0.029127 0.018368
0 0.015707 0.257600 0.031086 0.016128
