0 0.011531 0.516992 0.021581 0.044800
0 0.010746 0.200704 0.018686 0.040320
0 0.010582 0.293888 0.019014 0.048832
0 0.010712 0.464128 0.018755 0.116928
0 0.010679 0.504448 0.018821 0.112448
0 0.010696 0.539392 0.018786 0.085120
0 0.010658 0.541184 0.018863 0.114688
0 0.010646 0.668864 0.018886 0.059584
0 0.010617 0.680512 0.018944 0.074368
0 0.010617 0.730240 0.018944 0.055104
0 0.011681 0.658112 0.021281 0.038080
0 0.011446 0.403200 0.021751 0.029568
0 0.011459 0.385280 0.021724 0.031808
0 0.011984 0.445760 0.020675 0.042560
0 0.011261 0.055104 0.022121 0.042560
0 0.011951 0.417088 0.020741 0.040320
0 0.011941 0.263424 0.020760 0.038080
0 0.011938 0.472192 0.020768 0.040320
0 0.012159 0.594496 0.020324 0.038080
0 0.012205 0.632576 0.020232 0.038080
0 0.011246 0.082880 0.022152 0.034048
0 0.012155 0.928704 0.020332 0.040320
0 0.012184 0.938560 0.020274 0.038080
0 0.011481 0.362880 0.021681 0.029568
0 0.010779 0.149632 0.018620 0.044800
0 0.011278 0.167552 0.022086 0.038080
0 0.010592 0.276864 0.018994 0.057344
