0 0.011522 0.426496 0.021599 0.020608
0 0.011839 0.142912 0.020965 0.020608
0 0.011762 0.250432 0.021119 0.020608
0 0.011741 0.218624 0.021160 0.014784
0 0.011747 0.211456 0.021150 0.017472
0 0.011780 0.241920 0.021083 0.015680
0 0.011762 0.203840 0.021119 0.019264
0 0.011770 0.198016 0.021103 0.018368
0 0.011774 0.192640 0.021094 0.019712
0 0.011801 0.222656 0.021041 0.020608
0 0.011798 0.177856 0.021046 0.022400
0 0.011809 0.217728 0.021024 0.017472
0 0.011815 0.212800 0.021012 0.018368
0 0.011823 0.206976 0.020996 0.017472
0 0.011829 0.202944 0.020984 0.015680
0 0.011805 0.172928 0.021032 0.021504
0 0.011807 0.169344 0.021029 0.016576
0 0.011813 0.162176 0.021017 0.019264
0 0.011834 0.198016 0.020975 0.019712
0 0.011849 0.193088 0.020945 0.019264
0 0.011849 0.187712 0.020945 0.014784
0 0.011757 0.255808 0.021128 0.017472
0 0.011744 0.263424 0.021156 0.017472
0 0.011736 0.270592 0.021171 0.021504
0 0.011389 0.219072 0.021865 0.020608
0 0.004618 0.767872 0.008621 0.074368
0 0.004643 0.812672 0.008571 0.076160
0 0.015045 0.422016 0.027947 0.355264
0 0.007124 0.420224 0.012538 0.558208
0 0.004785 0.660800 0.008286 0.085568
0 0.004011 0.851200 0.005371 0.180992
0 0.011367 0.202944 0.021910 0.022400
0 0.011382 0.211008 0.021879 0.019712
0 0.011535 0.163968 0.021574 0.019264
0 0.011723 0.278208 0.021198 0.019264
0 0.011520 0.138432 0.021603 0.019264
0 0.011679 0.265216 0.021284 0.022400
0 0.011686 0.260288 0.021270 0.016576
0 0.011696 0.255808 0.021252 0.019264
0 0.011701 0.249536 0.021241 0.019264
0 0.011708 0.245056 0.021227 0.022400
0 0.011716 0.241472 0.021212 0.018368
0 0.011716 0.235200 0.021210 0.016576
0 0.011853 0.178752 0.020936 0.019712
0 0.011862 0.178752 0.020919 0.016576
0 0.011545 0.411264 0.021554 0.018368
0 0.011869 0.174272 0.020905 0.017472
0 0.011682 0.309568 0.021280 0.020608
0 0.011678 0.314048 0.021287 0.014784
0 0.011669 0.317632 0.021304 0.018368
0 0.011668 0.276416 0.021306 0.017472
0 0.011654 0.283136 0.021335 0.019712
0 0.011648 0.285824 0.021346 0.017472
0 0.011641 0.289856 0.021362 0.016576
0 0.011634 0.294784 0.021374 0.017472
0 0.011656 0.329728 0.021331 0.019712
0 0.011641 0.338688 0.021360 0.022400
0 0.011632 0.350784 0.021379 0.015680
0 0.011623 0.353920 0.021397 0.021504
0 0.011595 0.331520 0.021453 0.021504
0 0.011579 0.336000 0.021484 0.019264
0 0.011604 0.369152 0.021434 0.015680
0 0.011582 0.383040 0.021479 0.020608
0 0.011579 0.392896 0.021486 0.019712
0 0.011567 0.348096 0.021509 0.016576
0 0.011552 0.358848 0.021540 0.017472
0 0.011692 0.307776 0.021258 0.017472
0 0.011698 0.300608 0.021247 0.017472
0 0.011701 0.295680 0.021241 0.022400
0 0.011872 0.119168 0.020899 0.018368
0 0.011847 0.138880 0.020948 0.023296
0 0.011874 0.167104 0.020896 0.017472
0 0.011880 0.161728 0.020883 0.018368
0 0.011887 0.159040 0.020869 0.019712
0 0.011894 0.154112 0.020854 0.019264
0 0.011902 0.149184 0.020838 0.019264
0 0.011908 0.144256 0.020826 0.018368
0 0.011865 0.125440 0.020913 0.019264
0 0.011884 0.113792 0.020876 0.016576
0 0.011715 0.284032 0.021213 0.020608
0 0.011887 0.107968 0.020868 0.023296
0 0.011914 0.137536 0.020815 0.021504
0 0.011928 0.128576 0.020787 0.016576
0 0.011907 0.096320 0.020829 0.024192
0 0.011947 0.117824 0.020749 0.020608
0 0.011930 0.081536 0.020783 0.020608
0 0.011944 0.071680 0.020755 0.021504
0 0.011957 0.060032 0.020729 0.016576
0 0.004751 0.685440 0.008356 0.088256
