0 0.011052 0.688128 0.018075 0.113792
0 0.011654 0.851648 0.021334 0.048384
0 0.011758 0.243264 0.021127 0.047040
0 0.011796 0.245056 0.021051 0.043904
0 0.011838 0.241472 0.020968 0.056896
0 0.011878 0.246400 0.020888 0.055552
0 0.011919 0.245504 0.020804 0.057792
0 0.011957 0.247744 0.020728 0.043008
0 0.011994 0.245504 0.020655 0.055552
0 0.012035 0.245504 0.020572 0.047040
0 0.012074 0.244160 0.020496 0.047040
0 0.011769 0.849408 0.021106 0.054656
0 0.011692 0.848512 0.021258 0.046144
0 0.011567 0.857472 0.021508 0.043008
0 0.011640 0.240128 0.021363 0.044800
0 0.011398 0.798336 0.021846 0.032256
0 0.011371 0.705152 0.021900 0.023744
0 0.011368 0.677376 0.021908 0.025536
0 0.011362 0.628992 0.021919 0.025536
0 0.011364 0.527296 0.021915 0.017024
0 0.011346 0.479808 0.021951 0.020160
0 0.011348 0.451136 0.021948 0.021504
0 0.011349 0.412160 0.021944 0.020160
0 0.011357 0.387520 0.021929 0.020160
0 0.011353 0.362880 0.021937 0.024640
0 0.011359 0.339584 0.021926 0.023744
0 0.011676 0.242368 0.021291 0.044800
0 0.011598 0.240576 0.021447 0.054656
0 0.010656 0.559552 0.018866 0.107072
0 0.010605 0.450240 0.018968 0.107072
0 0.010600 0.557760 0.018979 0.108416
0 0.010589 0.669760 0.019000 0.109312
0 0.010654 0.671552 0.018870 0.110208
0 0.010729 0.671104 0.018721 0.092288
0 0.010792 0.677824 0.018594 0.095424
0 0.010732 0.561792 0.018714 0.107072
0 0.010878 0.616896 0.018423 0.103936
0 0.010801 0.560000 0.018576 0.108416
0 0.010883 0.417984 0.018412 0.085568
0 0.010743 0.447104 0.018692 0.104832
0 0.010671 0.448896 0.018837 0.090048
0 0.010542 0.417984 0.019095 0.073024
0 0.011515 0.241024 0.021614 0.057792
0 0.010542 0.551936 0.019095 0.111552
0 0.010533 0.668864 0.019113 0.111552
0 0.011565 0.725760 0.021512 0.021504
0 0.011560 0.634368 0.021523 0.023744
0 0.011560 0.577920 0.021523 0.032256
0 0.011556 0.549696 0.021530 0.030016
0 0.011551 0.470400 0.021541 0.025536
0 0.011551 0.444864 0.021541 0.025536
0 0.011560 0.418880 0.021523 0.025536
0 0.011567 0.390208 0.021508 0.021504
0 0.011478 0.237440 0.021686 0.048384
0 0.011380 0.272384 0.021882 0.021504
