0 0.006106 0.727552 0.010109 0.064960
0 0.006106 0.663040 0.010109 0.063616
0 0.004742 0.280896 0.008373 0.053312
0 0.004742 0.343168 0.008373 0.053312
0 0.004744 0.407232 0.008369 0.053312
0 0.004776 0.485632 0.008305 0.052416
0 0.004776 0.551040 0.008305 0.053312
0 0.004887 0.293440 0.008082 0.053312
0 0.005031 0.226240 0.007796 0.053312
0 0.005030 0.288960 0.007798 0.053312
0 0.005030 0.353472 0.007798 0.054656
0 0.005031 0.416640 0.007796 0.053312
0 0.005260 0.214592 0.007338 0.053312
0 0.005259 0.277312 0.007340 0.053312
0 0.005260 0.340032 0.007338 0.053312
0 0.005298 0.532672 0.007262 0.053312
0 0.005299 0.597632 0.007260 0.053312
0 0.005298 0.660800 0.007262 0.052416
0 0.005299 0.724416 0.007260 0.052416
0 0.004742 0.216384 0.008373 0.052416
