0 0.012222 0.016576 0.020198 0.030464
0 0.012242 0.047040 0.020158 0.044800
0 0.011573 0.522816 0.021498 0.047040
0 0.011550 0.482496 0.021543 0.048384
0 0.011530 0.439488 0.021583 0.044800
0 0.011598 0.612416 0.021446 0.044800
0 0.011579 0.576128 0.021486 0.044800
0 0.011555 0.534912 0.021533 0.049280
0 0.011534 0.495936 0.021575 0.047040
0 0.011511 0.451136 0.021620 0.051968
0 0.011579 0.622720 0.021486 0.046144
0 0.011556 0.582400 0.021531 0.046144
0 0.011534 0.544320 0.021575 0.047040
0 0.011512 0.504000 0.021618 0.049280
0 0.011492 0.464128 0.021660 0.044800
0 0.011562 0.636608 0.021519 0.041216
0 0.011537 0.595392 0.021569 0.048384
0 0.011500 0.574336 0.021642 0.048384
0 0.011460 0.494144 0.021723 0.043456
0 0.011526 0.667072 0.021591 0.048384
0 0.011505 0.627200 0.021632 0.046144
0 0.011483 0.589120 0.021677 0.047040
0 0.011487 0.644672 0.021670 0.048384
0 0.011593 0.562240 0.021456 0.043456
0 0.011613 0.598528 0.021417 0.047040
0 0.011633 0.580608 0.021377 0.047040
0 0.011641 0.415296 0.021361 0.048384
0 0.011694 0.365120 0.021255 0.047040
0 0.011751 0.521920 0.021140 0.044800
0 0.011734 0.487424 0.021176 0.042560
0 0.011718 0.454272 0.021207 0.041216
0 0.011681 0.394688 0.021280 0.049280
0 0.011657 0.344960 0.021330 0.042560
0 0.011721 0.512512 0.021201 0.044800
0 0.011700 0.473536 0.021243 0.047040
0 0.011680 0.432320 0.021282 0.044800
0 0.011620 0.370048 0.021403 0.047040
0 0.011565 0.411264 0.021514 0.047040
0 0.011685 0.537152 0.021273 0.044800
0 0.011664 0.502208 0.021314 0.046144
0 0.011667 0.554624 0.021308 0.044800
0 0.011645 0.514304 0.021354 0.048384
0 0.011625 0.475776 0.021393 0.044800
0 0.011603 0.438144 0.021436 0.044800
0 0.011651 0.570304 0.021342 0.044800
0 0.011630 0.529536 0.021383 0.046144
0 0.011585 0.449344 0.021472 0.048384
0 0.011486 0.685440 0.021672 0.049280
0 0.011406 0.536704 0.021832 0.048384
0 0.011465 0.696192 0.021713 0.044800
0 0.011224 0.676032 0.022195 0.051968
0 0.011296 0.660800 0.022051 0.042560
0 0.011276 0.626752 0.022090 0.042560
0 0.011304 0.728896 0.022035 0.051968
0 0.011242 0.660352 0.022159 0.048384
0 0.011312 0.789376 0.022019 0.049280
0 0.011336 0.831936 0.021972 0.048384
0 0.011311 0.829248 0.022021 0.044800
0 0.011288 0.789824 0.022067 0.046144
0 0.011250 0.716352 0.022144 0.044800
0 0.011251 0.769216 0.022142 0.051968
0 0.011297 0.617344 0.022049 0.047040
0 0.011274 0.853888 0.022094 0.039872
0 0.011253 0.814464 0.022138 0.046144
0 0.011232 0.773696 0.022179 0.044800
0 0.011232 0.827904 0.022179 0.049280
0 0.011212 0.784448 0.022219 0.044800
0 0.011191 0.700672 0.022260 0.044800
0 0.011195 0.805056 0.022252 0.048384
0 0.011191 0.748160 0.022260 0.042560
0 0.011172 0.709632 0.022300 0.043456
0 0.011374 0.805504 0.021895 0.051968
0 0.011319 0.655872 0.022005 0.044800
0 0.011448 0.659008 0.021747 0.041216
0 0.011421 0.753984 0.021800 0.047040
0 0.011428 0.625408 0.021786 0.044800
0 0.011408 0.590912 0.021828 0.046144
0 0.011452 0.714560 0.021739 0.043456
0 0.011430 0.679616 0.021782 0.042560
0 0.011412 0.644224 0.021820 0.047040
0 0.011391 0.606144 0.021861 0.046144
0 0.011395 0.657216 0.021853 0.042560
0 0.011371 0.619584 0.021901 0.054208
0 0.011349 0.573440 0.021944 0.044800
0 0.011398 0.711424 0.021847 0.049280
0 0.011316 0.603456 0.022011 0.041216
0 0.011373 0.669760 0.021897 0.050624
0 0.011350 0.625408 0.021942 0.049280
0 0.011333 0.587328 0.021978 0.043456
0 0.011390 0.739200 0.021863 0.041216
0 0.011371 0.705600 0.021901 0.042560
0 0.011384 0.773696 0.021875 0.042560
0 0.011361 0.734272 0.021920 0.043456
0 0.011353 0.673344 0.021936 0.043456
0 0.011333 0.636608 0.021978 0.043456
0 0.011713 0.402304 0.021217 0.043456
0 0.011731 0.439488 0.021182 0.049280
0 0.011754 0.477568 0.021134 0.043456
0 0.012051 0.189504 0.020542 0.047040
0 0.012117 0.348544 0.020409 0.037632
0 0.012103 0.190848 0.020437 0.044800
0 0.012069 0.176512 0.020504 0.049280
0 0.012049 0.137984 0.020546 0.047040
0 0.012030 0.103040 0.020583 0.043456
0 0.012008 0.063616 0.020627 0.049280
0 0.011990 0.074816 0.020662 0.048384
0 0.012012 0.114240 0.020619 0.047040
0 0.012034 0.154112 0.020575 0.042560
0 0.012072 0.228480 0.020498 0.049280
0 0.012188 0.293440 0.020267 0.037632
0 0.012055 0.241920 0.020534 0.048384
0 0.012033 0.200256 0.020577 0.044800
0 0.012014 0.163520 0.020615 0.042560
0 0.011993 0.127680 0.020656 0.048384
0 0.011972 0.090048 0.020700 0.046144
0 0.011978 0.144704 0.020688 0.047040
0 0.011999 0.183232 0.020644 0.041216
0 0.012018 0.219520 0.020607 0.046144
0 0.012039 0.257152 0.020565 0.048384
0 0.012156 0.318976 0.020330 0.037632
0 0.012220 0.267456 0.020202 0.035392
0 0.011960 0.157248 0.020723 0.046144
0 0.012145 0.170688 0.020352 0.044800
0 0.012199 0.018368 0.020245 0.034048
0 0.012219 0.054208 0.020206 0.047040
0 0.012240 0.091840 0.020162 0.044800
0 0.012203 0.069440 0.020237 0.049280
0 0.012180 0.030464 0.020283 0.047040
0 0.012147 0.019264 0.020348 0.036736
0 0.012168 0.052416 0.020307 0.046144
0 0.012187 0.086464 0.020269 0.043456
0 0.012208 0.124096 0.020228 0.046144
0 0.012122 0.134848 0.020399 0.048384
0 0.012026 0.045248 0.020591 0.043456
0 0.012101 0.093632 0.020441 0.048384
0 0.012080 0.054208 0.020482 0.047040
0 0.012103 0.144256 0.020437 0.046144
0 0.012080 0.103488 0.020482 0.047040
0 0.012061 0.064960 0.020520 0.044800
0 0.012040 0.030464 0.020563 0.044800
0 0.012085 0.155008 0.020473 0.041216
0 0.012061 0.114240 0.020520 0.044800
0 0.012043 0.080192 0.020557 0.042560
0 0.011937 0.120064 0.020769 0.047040
0 0.011981 0.196224 0.020680 0.046144
0 0.011757 0.438144 0.021128 0.047040
0 0.011743 0.273280 0.021156 0.047040
0 0.011815 0.221312 0.021014 0.051968
0 0.011819 0.276864 0.021006 0.051968
0 0.011796 0.233856 0.021051 0.050624
0 0.011843 0.365120 0.020956 0.049280
0 0.011822 0.324352 0.020998 0.046144
0 0.011800 0.284480 0.021043 0.048384
0 0.011775 0.241472 0.021093 0.051968
0 0.011849 0.419328 0.020945 0.047040
0 0.011827 0.380352 0.020988 0.047040
0 0.011767 0.316736 0.021109 0.049280
0 0.011863 0.306432 0.020917 0.049280
0 0.011790 0.359296 0.021063 0.049280
0 0.011813 0.401856 0.021018 0.049280
0 0.011816 0.452928 0.021012 0.050624
0 0.011795 0.412160 0.021053 0.044800
0 0.011773 0.374080 0.021097 0.048384
0 0.011751 0.331072 0.021140 0.047040
0 0.011726 0.288512 0.021192 0.049280
0 0.011800 0.470400 0.021043 0.052864
0 0.011777 0.426496 0.021089 0.049280
0 0.011839 0.265664 0.020964 0.048384
0 0.011884 0.343168 0.020875 0.046144
0 0.012002 0.235200 0.020638 0.046144
0 0.011902 0.145600 0.020838 0.043456
0 0.012023 0.277760 0.020597 0.047040
0 0.012004 0.288960 0.020634 0.046144
0 0.011985 0.249536 0.020672 0.042560
0 0.011963 0.213696 0.020717 0.046144
0 0.011941 0.173824 0.020761 0.048384
0 0.011919 0.133056 0.020804 0.049280
0 0.011970 0.265664 0.020704 0.043456
0 0.011948 0.227136 0.020747 0.044800
0 0.011924 0.187264 0.020794 0.047040
0 0.011972 0.316288 0.020700 0.043456
0 0.011904 0.383936 0.020834 0.049280
0 0.011949 0.277312 0.020745 0.048384
0 0.011927 0.235648 0.020789 0.044800
0 0.011908 0.199808 0.020826 0.043456
0 0.011886 0.162624 0.020872 0.047040
0 0.011951 0.327488 0.020741 0.042560
0 0.011931 0.291648 0.020781 0.046144
0 0.011912 0.254016 0.020818 0.041216
0 0.011893 0.220416 0.020858 0.044800
0 0.011868 0.179200 0.020907 0.049280
0 0.011177 0.765184 0.022290 0.046144
