0 0.011192 0.982912 0.022258 0.034496
0 0.011196 0.500416 0.022250 0.031808
0 0.011320 0.473536 0.022004 0.038080
0 0.011300 0.485184 0.022042 0.037184
0 0.011297 0.630784 0.022048 0.034496
0 0.011264 0.598976 0.022115 0.030912
0 0.011265 0.453824 0.022113 0.032704
0 0.011213 0.490112 0.022217 0.030912
0 0.011182 0.427392 0.022279 0.038080
0 0.011751 0.288064 0.021141 0.032704
0 0.011164 0.434560 0.022316 0.032704
0 0.012095 0.390208 0.020453 0.034496
0 0.011815 0.381248 0.021014 0.031808
0 0.011841 0.286272 0.020962 0.041664
0 0.011822 0.297024 0.020998 0.037184
0 0.011732 0.354368 0.021179 0.036288
0 0.011357 0.455168 0.021929 0.035392
0 0.011374 0.442176 0.021894 0.037184
0 0.011364 0.525952 0.021915 0.030016
0 0.011353 0.596736 0.021936 0.037184
0 0.011373 0.585984 0.021898 0.033600
0 0.011348 0.685888 0.021946 0.030016
0 0.011369 0.673792 0.021905 0.029120
0 0.011385 0.715008 0.021873 0.037184
0 0.011403 0.703808 0.021836 0.034496
0 0.011383 0.660800 0.021877 0.030912
0 0.011389 0.519232 0.021865 0.030912
0 0.011422 0.639744 0.021800 0.030016
0 0.011421 0.694848 0.021801 0.035392
0 0.011439 0.483840 0.021765 0.029120
0 0.011460 0.470848 0.021722 0.029120
0 0.011478 0.516096 0.021686 0.037184
0 0.011479 0.460992 0.021684 0.029120
0 0.011731 0.299712 0.021181 0.033600
0 0.011517 0.159488 0.021609 0.038976
0 0.011211 0.972608 0.022221 0.036288
0 0.011293 0.356608 0.022058 0.035392
0 0.011474 0.245952 0.021696 0.037184
0 0.011400 0.240576 0.021844 0.033600
0 0.011420 0.279104 0.021803 0.038080
0 0.011383 0.300608 0.021877 0.037184
0 0.011340 0.410368 0.021963 0.028224
0 0.011346 0.323904 0.021952 0.037184
0 0.011273 0.370048 0.022096 0.034496
0 0.011642 0.410368 0.021358 0.031808
0 0.011255 0.381248 0.022133 0.035392
0 0.011237 0.391104 0.022169 0.032704
0 0.011219 0.402304 0.022204 0.033600
0 0.011463 0.019712 0.021717 0.037184
0 0.011431 0.041664 0.021780 0.030912
0 0.011428 0.082880 0.021786 0.032704
0 0.011491 0.232960 0.021661 0.037184
0 0.011528 0.213696 0.021588 0.041664
0 0.011412 0.365120 0.021819 0.028224
0 0.011449 0.342720 0.021746 0.029120
0 0.011446 0.398720 0.021751 0.038976
0 0.011483 0.376768 0.021676 0.035392
0 0.011557 0.330176 0.021528 0.034496
0 0.011566 0.402752 0.021511 0.030912
0 0.011552 0.414848 0.021540 0.028224
0 0.011603 0.379456 0.021437 0.028224
0 0.011565 0.188160 0.021513 0.038080
0 0.011583 0.179200 0.021476 0.041664
0 0.011602 0.165760 0.021439 0.037184
0 0.011649 0.217728 0.021345 0.030016
0 0.011666 0.206080 0.021310 0.030016
0 0.011712 0.097664 0.021218 0.035392
0 0.011625 0.369600 0.021393 0.028224
0 0.011474 0.656768 0.021696 0.037184
0 0.011509 0.633920 0.021624 0.037184
0 0.011532 0.481600 0.021578 0.038080
0 0.011673 0.892864 0.021297 0.032704
0 0.011208 0.786240 0.022227 0.036288
0 0.011227 0.776832 0.022189 0.035392
0 0.011246 0.809088 0.022150 0.039872
0 0.011571 0.961856 0.021501 0.034496
0 0.011607 0.937664 0.021430 0.033600
0 0.011640 0.913920 0.021362 0.031808
0 0.011416 0.784448 0.021811 0.032704
0 0.011607 0.436800 0.021430 0.033600
0 0.011428 0.770112 0.021786 0.030912
0 0.011448 0.759360 0.021748 0.030016
0 0.011494 0.867776 0.021655 0.033600
0 0.011518 0.856576 0.021607 0.029120
0 0.011504 0.780864 0.021634 0.034496
0 0.011541 0.755328 0.021561 0.032704
0 0.011228 0.817600 0.022187 0.037184
0 0.011193 0.796992 0.022256 0.033600
0 0.011209 0.827456 0.022225 0.038080
0 0.011193 0.839552 0.022256 0.038976
0 0.011172 0.807744 0.022298 0.037184
0 0.011175 0.848960 0.022293 0.039872
0 0.011162 0.861056 0.022320 0.036288
0 0.011341 0.978432 0.021961 0.033600
0 0.011322 0.949312 0.021998 0.038080
0 0.011303 0.958720 0.022036 0.038976
0 0.011282 0.928256 0.022079 0.036288
0 0.011162 0.819392 0.022320 0.031808
0 0.011260 0.935424 0.022123 0.039872
0 0.011283 0.969472 0.022077 0.038976
0 0.011266 0.981120 0.022112 0.036288
0 0.011244 0.951104 0.022154 0.036288
0 0.011227 0.964544 0.022189 0.038080
0 0.011551 0.833728 0.021541 0.030912
0 0.011588 0.809984 0.021466 0.030912
0 0.011603 0.797440 0.021437 0.032704
0 0.011672 0.530880 0.021299 0.039872
0 0.011599 0.519232 0.021445 0.029120
0 0.011546 0.556864 0.021551 0.031808
0 0.011529 0.621824 0.021586 0.034496
0 0.011546 0.611520 0.021551 0.038976
0 0.011564 0.599424 0.021514 0.035392
0 0.011619 0.565824 0.021405 0.033600
0 0.011615 0.508032 0.021412 0.030912
0 0.011576 0.678720 0.021491 0.030016
0 0.011557 0.689024 0.021528 0.030912
0 0.011612 0.712768 0.021418 0.034496
0 0.011579 0.736512 0.021486 0.032704
0 0.011558 0.745024 0.021526 0.033600
0 0.011643 0.628544 0.021357 0.033600
0 0.011681 0.605696 0.021281 0.030016
0 0.011655 0.486528 0.021333 0.029120
0 0.011619 0.784000 0.021405 0.030016
0 0.011706 0.508928 0.021231 0.036288
0 0.011746 0.429632 0.021150 0.030016
0 0.011769 0.547904 0.021104 0.028224
0 0.011753 0.559104 0.021137 0.030912
0 0.011775 0.603008 0.021093 0.033600
0 0.011840 0.644672 0.020964 0.030912
0 0.011891 0.607488 0.020862 0.030912
0 0.011926 0.583296 0.020790 0.030016
0 0.011947 0.571200 0.020748 0.030016
0 0.011963 0.559104 0.020717 0.029120
0 0.011933 0.440384 0.020777 0.028224
0 0.011731 0.715904 0.021181 0.028224
0 0.011681 0.751296 0.021281 0.028224
0 0.011659 0.761600 0.021326 0.027328
0 0.011273 0.179648 0.022096 0.031808
