0 0.010476 0.620032 0.019227 0.021952
0 0.010485 0.570752 0.019209 0.027328
0 0.010616 0.825664 0.018947 0.030016
0 0.010632 0.810880 0.018914 0.027328
0 0.010724 0.828352 0.018730 0.027328
0 0.010726 0.810880 0.018726 0.027328
0 0.010748 0.792064 0.018682 0.023296
0 0.010757 0.735168 0.018664 0.024640
0 0.010719 0.682304 0.018741 0.023296
0 0.010721 0.625408 0.018737 0.027328
0 0.010435 0.587776 0.019308 0.061824
0 0.010982 0.646016 0.018214 0.021952
0 0.010411 0.585088 0.019356 0.061824
0 0.010372 0.584192 0.019434 0.054656
0 0.010343 0.577024 0.019493 0.061824
0 0.010321 0.575232 0.019537 0.059136
0 0.010756 0.524608 0.018667 0.037184
0 0.010203 0.283136 0.019773 0.127680
0 0.010354 0.262080 0.019470 0.035840
0 0.010349 0.222208 0.019482 0.030016
0 0.010735 0.763840 0.018708 0.030016
0 0.010984 0.662592 0.018211 0.024640
0 0.010236 0.806400 0.019706 0.021952
0 0.010330 0.717248 0.019518 0.051968
0 0.010476 0.833280 0.019227 0.020608
0 0.010441 0.410816 0.019297 0.111104
0 0.010500 0.737856 0.019179 0.051968
0 0.010452 0.734720 0.019275 0.056448
0 0.010411 0.729792 0.019356 0.057792
0 0.010380 0.728448 0.019419 0.060480
0 0.010356 0.723072 0.019467 0.060480
0 0.010277 0.715904 0.019625 0.065856
0 0.010251 0.711424 0.019677 0.059136
0 0.010982 0.696640 0.018214 0.021952
0 0.010304 0.715456 0.019570 0.059136
0 0.010223 0.711872 0.019732 0.065856
0 0.010321 0.815360 0.019537 0.023296
0 0.010929 0.857472 0.018321 0.024640
0 0.010932 0.840000 0.018314 0.025984
0 0.010960 0.788928 0.018259 0.024640
0 0.010971 0.749504 0.018237 0.023296
0 0.010984 0.714112 0.018211 0.020608
0 0.010371 0.148288 0.019437 0.041216
