0 0.010715 0.425600 0.018749 0.017920
0 0.010696 0.404544 0.018786 0.016128
0 0.010726 0.671104 0.018727 0.017920
0 0.010722 0.651392 0.018734 0.021952
0 0.010724 0.632128 0.018731 0.019264
0 0.010726 0.612864 0.018727 0.019264
0 0.010696 0.480704 0.018786 0.016128
0 0.010694 0.463232 0.018790 0.016128
0 0.010696 0.442624 0.018786 0.016128
0 0.010694 0.386176 0.018790 0.017920
0 0.010728 0.709184 0.018723 0.017920
0 0.010696 0.368704 0.018786 0.014784
0 0.010696 0.347200 0.018786 0.016128
0 0.010691 0.327040 0.018797 0.016128
0 0.010696 0.310016 0.018786 0.014784
0 0.010676 0.281344 0.018827 0.014784
0 0.010700 0.225344 0.018779 0.012096
0 0.010635 0.206528 0.018908 0.020608
0 0.010729 0.689472 0.018720 0.013440
0 0.010585 0.771904 0.019008 0.058688
0 0.010704 0.264768 0.018771 0.017920
0 0.010352 0.534016 0.019475 0.024640
0 0.010707 0.246400 0.018764 0.016128
0 0.010385 0.796992 0.019408 0.048832
0 0.010676 0.765184 0.018827 0.050624
0 0.010387 0.650048 0.019404 0.021952
0 0.010385 0.582400 0.019408 0.023296
0 0.010385 0.560448 0.019408 0.025984
0 0.010354 0.515200 0.019471 0.024640
0 0.010350 0.479360 0.019479 0.021952
0 0.010565 0.776384 0.019049 0.051968
0 0.010328 0.404544 0.019523 0.021952
0 0.010350 0.348992 0.019479 0.021952
0 0.010317 0.236992 0.019545 0.024640
0 0.010357 0.805952 0.019464 0.047488
0 0.010607 0.770560 0.018964 0.058688
0 0.010346 0.460544 0.019486 0.024640
0 0.010380 0.628096 0.019419 0.027328
0 0.010633 0.188160 0.018912 0.019264
