0 0.011162 0.232064 0.022320 0.016128
0 0.005273 0.138432 0.007312 0.057344
0 0.004812 0.115136 0.008233 0.058240
0 0.004818 0.181440 0.008222 0.058240
0 0.004741 0.266112 0.008376 0.056896
0 0.004745 0.331520 0.008366 0.057792
0 0.004750 0.396480 0.008357 0.057344
0 0.005259 0.452480 0.007339 0.058240
0 0.005254 0.379904 0.007350 0.057344
0 0.005247 0.307776 0.007363 0.057792
0 0.005277 0.203392 0.007302 0.057344
0 0.005267 0.071680 0.007323 0.057792
0 0.005166 0.960064 0.007525 0.056448
0 0.004669 0.582848 0.008518 0.057344
0 0.004674 0.655424 0.008509 0.056896
0 0.004538 0.762048 0.008780 0.056896
0 0.004543 0.834624 0.008771 0.056896
0 0.004549 0.907648 0.008759 0.057344
0 0.005214 0.631680 0.007430 0.057344
0 0.005218 0.710976 0.007422 0.056448
0 0.005225 0.790272 0.007407 0.057792
0 0.005161 0.888384 0.007534 0.056896
0 0.004807 0.050176 0.008243 0.057792
