0 0.012194 0.837312 0.020256 0.032256
0 0.011315 0.066752 0.022014 0.035392
0 0.011210 0.486528 0.022223 0.025088
0 0.011188 0.512512 0.022266 0.033600
0 0.011175 0.506688 0.022294 0.035392
0 0.011221 0.046592 0.022200 0.032256
0 0.011188 0.126336 0.022266 0.040320
0 0.010874 0.367808 0.018430 0.030464
0 0.010680 0.951104 0.018818 0.047040
0 0.010689 0.929152 0.018800 0.047040
0 0.010698 0.908992 0.018783 0.047040
0 0.010703 0.888832 0.018773 0.047040
0 0.010712 0.869120 0.018755 0.048832
0 0.010718 0.848064 0.018742 0.047040
0 0.010723 0.825664 0.018732 0.045696
0 0.010729 0.805056 0.018720 0.045696
0 0.010731 0.784000 0.018717 0.047040
0 0.011289 0.057344 0.022064 0.033600
0 0.011373 0.101248 0.021898 0.033600
0 0.010631 0.633920 0.018916 0.047040
0 0.011384 0.112000 0.021875 0.048832
0 0.011519 0.092736 0.021605 0.037184
0 0.011504 0.085120 0.021635 0.045696
0 0.011494 0.081984 0.021656 0.032256
0 0.011481 0.075264 0.021681 0.032256
0 0.011470 0.068992 0.021703 0.030464
0 0.011481 0.155008 0.021681 0.033600
0 0.011467 0.150080 0.021709 0.037184
0 0.011460 0.064960 0.021724 0.045696
0 0.011428 0.057344 0.021787 0.040320
0 0.011443 0.065856 0.021756 0.033600
0 0.011446 0.139776 0.021751 0.037184
0 0.011431 0.135744 0.021782 0.038976
0 0.011409 0.119616 0.021825 0.050624
0 0.011417 0.036288 0.021809 0.035392
0 0.011399 0.114688 0.021845 0.050624
0 0.010742 0.762048 0.018695 0.047040
0 0.010637 0.615552 0.018904 0.047040
0 0.011544 0.101248 0.021555 0.026880
0 0.010543 0.684544 0.019093 0.047040
0 0.010557 0.644224 0.019065 0.047040
0 0.010567 0.624064 0.019045 0.047040
0 0.010572 0.603008 0.019035 0.045696
0 0.010578 0.581952 0.019022 0.043904
0 0.010381 0.758912 0.019416 0.047040
0 0.010386 0.736064 0.019406 0.045696
0 0.010461 0.486528 0.019257 0.042112
0 0.010466 0.463680 0.019247 0.043904
0 0.010472 0.442624 0.019234 0.045696
0 0.010477 0.422464 0.019224 0.045696
0 0.010485 0.401408 0.019209 0.043904
0 0.010501 0.337344 0.019176 0.043904
0 0.010511 0.318080 0.019156 0.042112
0 0.010523 0.275072 0.019133 0.047040
0 0.010528 0.254464 0.019123 0.043904
0 0.010552 0.662592 0.019075 0.040320
0 0.010543 0.706496 0.019093 0.043904
0 0.010756 0.701568 0.018667 0.047040
0 0.010529 0.748608 0.019121 0.043904
0 0.010769 0.680512 0.018642 0.045696
0 0.010769 0.659456 0.018642 0.047040
0 0.010774 0.639744 0.018631 0.048832
0 0.010780 0.618240 0.018619 0.048832
0 0.010786 0.597184 0.018606 0.047040
0 0.010794 0.576576 0.018591 0.047040
0 0.010803 0.555520 0.018573 0.048832
0 0.010805 0.533568 0.018568 0.045696
0 0.010811 0.511168 0.018556 0.047040
0 0.010819 0.492352 0.018541 0.047040
0 0.010843 0.409024 0.018493 0.048832
0 0.010847 0.387072 0.018485 0.048832
0 0.010552 0.872704 0.019075 0.032256
0 0.010509 0.850752 0.019161 0.042112
0 0.010515 0.811776 0.019149 0.042112
0 0.011531 0.096768 0.021580 0.032256
0 0.011547 0.115584 0.021550 0.045696
0 0.012066 0.632576 0.020510 0.023744
0 0.011173 0.633920 0.022296 0.033600
0 0.011197 0.646016 0.022248 0.030464
0 0.011161 0.504000 0.022321 0.030464
0 0.011511 0.540288 0.021620 0.032256
0 0.011555 0.384384 0.021532 0.030464
0 0.011753 0.535360 0.021136 0.021952
0 0.011737 0.524608 0.021169 0.023744
0 0.011709 0.510272 0.021224 0.025088
0 0.012252 0.497280 0.020140 0.033600
0 0.012168 0.448448 0.020306 0.033600
0 0.012194 0.519232 0.020256 0.040320
0 0.012223 0.327936 0.020198 0.035392
0 0.012189 0.313600 0.020266 0.033600
0 0.012149 0.371840 0.020344 0.021952
0 0.012128 0.435904 0.020387 0.028672
0 0.012055 0.455168 0.020533 0.020160
0 0.011185 0.640640 0.022274 0.033600
0 0.011246 0.546560 0.022150 0.033600
0 0.012067 0.423360 0.020508 0.020160
0 0.011350 0.602112 0.021943 0.037184
0 0.012081 0.570752 0.020480 0.025088
0 0.011897 0.981568 0.020848 0.026880
0 0.011905 0.964544 0.020833 0.023744
0 0.011906 0.947072 0.020831 0.032256
0 0.011987 0.905408 0.020669 0.026880
0 0.011943 0.839104 0.020758 0.021952
0 0.011965 0.757120 0.020712 0.023744
0 0.011987 0.700672 0.020669 0.025088
0 0.011992 0.684544 0.020659 0.026880
0 0.011997 0.668416 0.020649 0.021952
0 0.012002 0.654976 0.020639 0.021952
0 0.012007 0.639744 0.020629 0.021952
0 0.012013 0.612864 0.020616 0.025088
0 0.012030 0.550592 0.020584 0.025088
0 0.011410 0.633920 0.021822 0.030464
0 0.012064 0.440832 0.020516 0.025088
0 0.012070 0.409024 0.020503 0.025088
0 0.011560 0.124992 0.021522 0.037184
0 0.011822 0.306880 0.021000 0.030464
0 0.011798 0.296128 0.021048 0.032256
0 0.011530 0.467264 0.021582 0.047040
0 0.011542 0.430080 0.021560 0.037184
0 0.011562 0.350784 0.021519 0.033600
0 0.011576 0.311808 0.021492 0.040320
0 0.011588 0.212352 0.021466 0.040320
0 0.011574 0.205632 0.021494 0.047040
0 0.011597 0.141568 0.021449 0.050624
0 0.011587 0.132160 0.021469 0.042112
0 0.011574 0.125440 0.021494 0.045696
0 0.011571 0.165312 0.021502 0.033600
0 0.011562 0.247744 0.021519 0.023744
0 0.011542 0.236992 0.021560 0.025088
0 0.011552 0.193984 0.021540 0.040320
0 0.011542 0.190400 0.021560 0.037184
0 0.011810 0.298368 0.021022 0.040320
0 0.011824 0.344960 0.020995 0.028672
0 0.012075 0.393792 0.020493 0.021952
0 0.011803 0.333760 0.021038 0.030464
0 0.012081 0.379456 0.020480 0.023744
0 0.012089 0.365120 0.020465 0.025088
0 0.011994 0.345856 0.020654 0.030464
0 0.011999 0.324800 0.020644 0.032256
0 0.011843 0.439488 0.020957 0.035392
0 0.011866 0.367808 0.020912 0.037184
0 0.011876 0.332416 0.020891 0.030464
0 0.011853 0.323904 0.020937 0.033600
0 0.011832 0.318080 0.020980 0.035392
0 0.011810 0.417536 0.021022 0.035392
0 0.011790 0.411264 0.021063 0.033600
0 0.011765 0.393792 0.021113 0.035392
0 0.011767 0.313600 0.021108 0.026880
0 0.011779 0.325248 0.021086 0.030464
0 0.011789 0.329728 0.021065 0.032256
0 0.010534 0.232512 0.019111 0.043904
