0 0.011910 0.764736 0.020823 0.016576
0 0.010498 0.497280 0.019183 0.042560
0 0.010616 0.680064 0.018947 0.013888
0 0.010601 0.776384 0.018977 0.015232
0 0.010601 0.795648 0.018977 0.015232
0 0.010629 0.831040 0.018921 0.015232
0 0.010601 0.889728 0.018977 0.017920
0 0.010569 0.491904 0.019041 0.061376
0 0.010543 0.491904 0.019093 0.058688
0 0.010517 0.490560 0.019145 0.058688
0 0.010470 0.499968 0.019239 0.045248
0 0.010764 0.302400 0.018651 0.035392
0 0.010421 0.493248 0.019336 0.058688
0 0.010395 0.494592 0.019389 0.058688
0 0.010369 0.491904 0.019441 0.058688
0 0.010346 0.502656 0.019486 0.045248
0 0.010380 0.411264 0.019419 0.053312
0 0.010352 0.417984 0.019475 0.058688
0 0.010320 0.416640 0.019539 0.047936
0 0.010809 0.246848 0.018561 0.047936
0 0.010612 0.663488 0.018954 0.016576
0 0.010610 0.610624 0.018958 0.015232
0 0.010286 0.870016 0.019606 0.016576
0 0.010282 0.852992 0.019614 0.017920
0 0.010457 0.729344 0.019265 0.016576
0 0.010457 0.746816 0.019265 0.016576
0 0.010462 0.763840 0.019254 0.015232
0 0.010462 0.781760 0.019254 0.015232
0 0.010468 0.799680 0.019243 0.017920
0 0.010460 0.818048 0.019258 0.019264
0 0.010473 0.833728 0.019232 0.017920
0 0.010468 0.852992 0.019243 0.020608
0 0.010470 0.872256 0.019239 0.015232
0 0.010256 0.618240 0.019666 0.016576
0 0.010269 0.636608 0.019640 0.017920
0 0.010271 0.654080 0.019636 0.013888
0 0.010267 0.672896 0.019644 0.016576
0 0.010269 0.709184 0.019640 0.017920
0 0.010271 0.781760 0.019636 0.015232
0 0.010296 0.798784 0.019587 0.013888
0 0.010269 0.818048 0.019640 0.016576
0 0.010797 0.298368 0.018584 0.035392
0 0.010736 0.305536 0.018707 0.031360
0 0.011891 0.645568 0.020861 0.016576
0 0.010599 0.866432 0.018981 0.017920
0 0.010522 0.421120 0.019134 0.054656
0 0.010492 0.422912 0.019194 0.054656
0 0.010648 0.497728 0.018883 0.051968
0 0.010676 0.498624 0.018827 0.050624
0 0.010672 0.281344 0.018835 0.064512
0 0.010408 0.413952 0.019363 0.053312
0 0.010605 0.812672 0.018969 0.016576
0 0.010610 0.628096 0.018958 0.016576
0 0.011400 0.310016 0.021842 0.028672
0 0.010709 0.272832 0.018760 0.061376
0 0.011355 0.411264 0.021932 0.025984
0 0.011749 0.230720 0.021145 0.017920
0 0.011842 0.259840 0.020958 0.032704
0 0.011863 0.260736 0.020917 0.034048
0 0.011908 0.395136 0.020827 0.016576
0 0.011882 0.524160 0.020880 0.013888
0 0.011882 0.563584 0.020880 0.010752
0 0.011884 0.580160 0.020876 0.013888
0 0.010547 0.419328 0.019086 0.056000
0 0.010597 0.420672 0.018984 0.053312
0 0.010636 0.419328 0.018906 0.053312
0 0.010284 0.887040 0.019610 0.015232
0 0.010646 0.284032 0.018887 0.053312
0 0.010608 0.292096 0.018962 0.050624
0 0.010560 0.284480 0.019059 0.054656
0 0.010447 0.290752 0.019284 0.053312
0 0.010417 0.289856 0.019344 0.051968
0 0.010393 0.287168 0.019393 0.051968
0 0.010367 0.294784 0.019445 0.050624
0 0.010346 0.296128 0.019486 0.053312
0 0.010447 0.200256 0.019284 0.042560
0 0.010369 0.198912 0.019441 0.050624
0 0.010346 0.198464 0.019486 0.051968
0 0.010284 0.743680 0.019610 0.015232
0 0.010286 0.762048 0.019606 0.016576
0 0.010296 0.835072 0.019587 0.012096
0 0.010629 0.848960 0.018921 0.012096
0 0.010453 0.669760 0.019273 0.015232
0 0.010477 0.200256 0.019224 0.053312
0 0.010451 0.631232 0.019277 0.015232
