0 0.011699 0.684544 0.021244 0.021056
0 0.011648 0.172928 0.021348 0.024640
0 0.011591 0.162624 0.021460 0.024640
0 0.011613 0.184128 0.021418 0.022848
0 0.011642 0.264320 0.021359 0.020608
0 0.011630 0.177408 0.021383 0.023296
0 0.011656 0.238784 0.021331 0.019264
0 0.011677 0.262528 0.021289 0.021952
0 0.011676 0.235648 0.021290 0.022400
0 0.011606 0.189056 0.021431 0.021056
0 0.011683 0.257152 0.021277 0.019712
0 0.011668 0.167104 0.021307 0.021952
0 0.011692 0.231168 0.021259 0.020160
0 0.011714 0.250432 0.021215 0.021056
0 0.011694 0.223104 0.021255 0.022400
0 0.011730 0.242816 0.021183 0.022400
0 0.011573 0.168896 0.021497 0.022400
0 0.011623 0.271040 0.021398 0.023296
0 0.011682 0.321216 0.021279 0.024640
0 0.011564 0.269248 0.021516 0.021952
0 0.011498 0.198464 0.021647 0.023296
0 0.011503 0.220416 0.021638 0.024640
0 0.011513 0.282688 0.021617 0.020608
0 0.011531 0.276864 0.021580 0.021056
0 0.011520 0.215936 0.021603 0.026432
0 0.011533 0.186816 0.021577 0.021952
0 0.011547 0.180096 0.021549 0.021056
0 0.011616 0.251776 0.021410 0.019712
0 0.011568 0.200256 0.021507 0.022848
0 0.011564 0.174272 0.021514 0.021056
0 0.011590 0.197568 0.021462 0.022400
0 0.011602 0.285376 0.021438 0.025984
0 0.011599 0.256704 0.021446 0.021952
0 0.011602 0.276864 0.021438 0.022848
0 0.011712 0.214592 0.021218 0.021056
0 0.011740 0.174272 0.021163 0.023296
0 0.011748 0.236992 0.021146 0.022848
0 0.011567 0.298368 0.021508 0.021056
0 0.011486 0.410816 0.021671 0.028224
0 0.011455 0.303744 0.021732 0.020608
0 0.011471 0.295232 0.021701 0.025088
0 0.011494 0.312704 0.021654 0.021056
0 0.011526 0.306880 0.021592 0.022848
0 0.011558 0.360640 0.021527 0.021056
0 0.011589 0.349440 0.021464 0.022848
0 0.011740 0.207424 0.021163 0.023296
0 0.011600 0.370944 0.021444 0.021952
0 0.011610 0.343616 0.021423 0.022848
0 0.011632 0.366912 0.021379 0.022848
0 0.011697 0.407680 0.021250 0.021952
0 0.011638 0.359296 0.021366 0.022400
0 0.011656 0.353472 0.021331 0.022848
0 0.011437 0.308672 0.021769 0.022400
0 0.011448 0.394688 0.021747 0.022400
0 0.011419 0.315840 0.021804 0.022400
0 0.011419 0.340480 0.021804 0.020608
0 0.011377 0.325696 0.021889 0.023744
0 0.011000 0.266112 0.018179 0.032256
0 0.011859 0.291200 0.020924 0.021056
0 0.011838 0.269248 0.020967 0.020608
0 0.011831 0.275072 0.020982 0.022400
0 0.011807 0.223104 0.021030 0.023296
0 0.011790 0.195776 0.021063 0.023296
0 0.011762 0.204736 0.021119 0.023296
0 0.011772 0.227584 0.021098 0.020608
0 0.011812 0.280896 0.021019 0.021056
0 0.011794 0.284928 0.021056 0.023296
0 0.011775 0.291200 0.021093 0.021952
0 0.011761 0.228928 0.021120 0.021056
0 0.011476 0.206080 0.021691 0.026432
0 0.011502 0.286720 0.021640 0.021952
0 0.011487 0.289408 0.021669 0.019712
0 0.011600 0.098112 0.021442 0.022848
0 0.010390 0.042112 0.019398 0.024640
0 0.011544 0.114240 0.021555 0.020608
0 0.011553 0.086016 0.021536 0.023296
0 0.011562 0.107968 0.021519 0.021952
0 0.011572 0.081536 0.021499 0.022848
0 0.011579 0.104384 0.021484 0.023296
0 0.011630 0.088704 0.021383 0.021056
0 0.011689 0.157696 0.021264 0.020608
0 0.011639 0.084224 0.021364 0.021952
0 0.011644 0.152320 0.021355 0.021952
0 0.011608 0.156800 0.021427 0.021056
0 0.011649 0.145600 0.021346 0.022400
0 0.011679 0.138432 0.021285 0.022848
0 0.011685 0.131264 0.021274 0.020608
0 0.011536 0.093184 0.021571 0.022848
0 0.011527 0.120064 0.021590 0.019712
0 0.011517 0.099008 0.021608 0.021952
0 0.011507 0.125440 0.021629 0.021056
0 0.011503 0.104832 0.021638 0.022400
0 0.011488 0.130368 0.021667 0.021952
0 0.011480 0.109312 0.021682 0.020608
0 0.011470 0.135296 0.021702 0.022848
0 0.011464 0.115584 0.021715 0.021952
0 0.011454 0.143360 0.021736 0.020608
0 0.011434 0.151424 0.021774 0.025984
0 0.011418 0.154112 0.021808 0.019264
0 0.011448 0.123648 0.021747 0.021952
0 0.011429 0.129024 0.021786 0.022400
0 0.011410 0.134848 0.021823 0.022400
0 0.011390 0.138880 0.021863 0.023296
0 0.011370 0.145600 0.021902 0.021056
0 0.011756 0.053312 0.021131 0.021952
0 0.011306 0.161280 0.022031 0.022848
0 0.011468 0.232960 0.021706 0.020160
0 0.011406 0.229376 0.021832 0.023744
0 0.011324 0.157696 0.021994 0.021056
0 0.011370 0.241024 0.021904 0.022400
0 0.011376 0.262080 0.021891 0.020160
0 0.011362 0.174272 0.021919 0.022400
0 0.011380 0.166656 0.021884 0.022848
0 0.011386 0.234304 0.021871 0.021056
0 0.011412 0.249536 0.021819 0.022400
0 0.011288 0.167552 0.022066 0.023296
0 0.011406 0.185920 0.021832 0.012544
0 0.011425 0.222208 0.021793 0.020160
0 0.011444 0.244160 0.021754 0.023744
0 0.011443 0.218176 0.021756 0.021056
0 0.011448 0.236992 0.021747 0.022400
0 0.011445 0.211008 0.021752 0.022848
0 0.011343 0.179648 0.021957 0.021056
0 0.011323 0.185024 0.021996 0.023296
0 0.011356 0.264320 0.021932 0.021056
0 0.011333 0.242368 0.021976 0.022400
0 0.011312 0.243712 0.022018 0.021952
0 0.011305 0.189504 0.022033 0.021952
0 0.011288 0.197120 0.022066 0.022848
0 0.011320 0.277760 0.022004 0.022848
0 0.011314 0.255360 0.022015 0.021952
0 0.011284 0.288512 0.022076 0.022400
0 0.011277 0.267456 0.022089 0.021952
0 0.011217 0.218176 0.022209 0.021056
0 0.011234 0.211904 0.022175 0.020608
0 0.011253 0.206976 0.022137 0.023296
0 0.011231 0.186816 0.022181 0.021952
0 0.011262 0.180544 0.022118 0.023744
0 0.011282 0.174720 0.022079 0.022848
0 0.011675 0.348544 0.021292 0.020160
0 0.011706 0.342272 0.021231 0.020160
0 0.010617 0.762944 0.018945 0.051968
0 0.012150 0.626752 0.020342 0.021952
0 0.012071 0.589120 0.020501 0.025536
0 0.012084 0.560448 0.020475 0.021952
0 0.012105 0.557312 0.020433 0.022400
0 0.012125 0.551488 0.020392 0.021056
0 0.012115 0.577024 0.020413 0.022848
0 0.012173 0.621376 0.020296 0.019712
0 0.012183 0.711424 0.020276 0.019712
0 0.012054 0.592704 0.020535 0.021952
0 0.012135 0.632576 0.020372 0.020160
0 0.012166 0.715456 0.020311 0.021056
0 0.012148 0.723968 0.020346 0.020608
0 0.012131 0.726656 0.020381 0.020160
0 0.012118 0.666624 0.020407 0.021056
0 0.012108 0.638400 0.020427 0.022848
0 0.012063 0.565824 0.020516 0.023744
0 0.012050 0.572544 0.020544 0.021056
0 0.011708 0.318528 0.021228 0.019264
0 0.011975 0.596736 0.020694 0.020608
0 0.011925 0.518336 0.020793 0.023296
0 0.011928 0.540288 0.020788 0.020160
0 0.011948 0.534464 0.020747 0.020608
0 0.011970 0.529984 0.020703 0.020608
0 0.011926 0.608832 0.020791 0.019264
0 0.011953 0.603008 0.020736 0.021056
0 0.011994 0.616000 0.020655 0.022400
0 0.012048 0.598080 0.020548 0.019264
0 0.011989 0.523712 0.020666 0.021056
0 0.012019 0.518784 0.020605 0.022848
0 0.011990 0.591808 0.020662 0.020160
0 0.012013 0.583296 0.020616 0.020608
0 0.012017 0.604352 0.020609 0.019712
0 0.012023 0.575232 0.020597 0.026432
0 0.012098 0.646464 0.020446 0.021056
0 0.012101 0.671552 0.020440 0.020160
0 0.012080 0.650496 0.020483 0.021056
0 0.011905 0.704256 0.020832 0.021952
0 0.012037 0.758912 0.020568 0.021952
0 0.012018 0.763840 0.020607 0.021952
0 0.011971 0.712320 0.020701 0.026432
0 0.011921 0.697984 0.020801 0.021056
0 0.011939 0.719936 0.020766 0.023744
0 0.011906 0.647360 0.020830 0.022400
0 0.011917 0.729344 0.020808 0.022400
0 0.012069 0.676480 0.020505 0.021952
0 0.011923 0.726208 0.020797 0.022400
0 0.012044 0.780416 0.020555 0.023296
0 0.012028 0.786240 0.020586 0.021056
0 0.011974 0.841792 0.020695 0.019264
0 0.011798 0.774144 0.021046 0.021056
0 0.011989 0.803264 0.020666 0.023296
0 0.012076 0.771456 0.020490 0.022400
0 0.012051 0.748608 0.020540 0.021056
0 0.011944 0.630336 0.020754 0.023744
0 0.011972 0.704256 0.020699 0.025984
0 0.011997 0.701120 0.020649 0.021056
0 0.011989 0.681856 0.020666 0.021952
0 0.012017 0.667520 0.020609 0.022400
0 0.012028 0.697088 0.020586 0.021056
0 0.012031 0.689472 0.020581 0.018816
0 0.012054 0.684096 0.020535 0.025088
0 0.012043 0.660352 0.020557 0.022848
0 0.012059 0.656768 0.020525 0.023296
0 0.012074 0.744576 0.020496 0.022848
0 0.012091 0.738752 0.020461 0.023296
0 0.012112 0.760256 0.020418 0.020160
0 0.012135 0.753984 0.020374 0.018816
0 0.012113 0.734720 0.020416 0.021056
0 0.011904 0.526400 0.020834 0.022400
0 0.011889 0.532672 0.020865 0.020160
0 0.011899 0.619136 0.020845 0.022400
0 0.011832 0.389312 0.020978 0.025088
0 0.011778 0.405440 0.021087 0.020608
0 0.011795 0.373632 0.021052 0.021056
0 0.011799 0.401408 0.021045 0.022400
0 0.011828 0.394688 0.020987 0.021056
0 0.011813 0.306432 0.021017 0.023296
0 0.011813 0.367360 0.021017 0.024640
0 0.011844 0.361536 0.020954 0.020160
0 0.011907 0.364224 0.020828 0.021952
0 0.011819 0.300160 0.021006 0.021056
0 0.011850 0.354816 0.020943 0.023744
0 0.011870 0.375872 0.020902 0.021056
0 0.011851 0.295680 0.020941 0.023744
0 0.011882 0.350336 0.020878 0.019264
0 0.011889 0.370048 0.020865 0.019264
0 0.011789 0.380352 0.021065 0.020608
0 0.011785 0.314048 0.021072 0.020608
0 0.011758 0.299712 0.021126 0.022400
0 0.011780 0.319424 0.021083 0.021952
0 0.011774 0.385280 0.021094 0.021056
0 0.011762 0.327936 0.021119 0.022400
0 0.011772 0.410816 0.021098 0.022400
0 0.011755 0.389760 0.021133 0.021952
0 0.011757 0.418880 0.021130 0.020160
0 0.011707 0.431424 0.021229 0.022848
0 0.011682 0.440384 0.021279 0.022848
0 0.011726 0.424704 0.021191 0.019712
0 0.011719 0.392448 0.021205 0.020608
0 0.011740 0.305088 0.021163 0.020160
0 0.011745 0.332416 0.021154 0.023296
0 0.011711 0.336896 0.021220 0.020160
0 0.011722 0.310464 0.021198 0.022400
0 0.011901 0.345408 0.020841 0.020608
0 0.011918 0.339136 0.020806 0.020160
0 0.011874 0.559104 0.020895 0.021952
0 0.011590 0.469504 0.021462 0.021056
0 0.011860 0.478016 0.020923 0.022400
0 0.011838 0.455616 0.020967 0.022400
0 0.011843 0.482944 0.020958 0.020608
0 0.011805 0.495936 0.021034 0.023296
0 0.011767 0.480256 0.021109 0.021952
0 0.011747 0.482944 0.021148 0.023296
0 0.011519 0.492352 0.021604 0.023296
0 0.011926 0.357952 0.020791 0.020608
0 0.011557 0.542976 0.021529 0.021952
0 0.010445 0.578816 0.019289 0.029120
0 0.011813 0.583296 0.021017 0.021056
0 0.011835 0.577472 0.020973 0.021056
0 0.011848 0.542080 0.020947 0.023744
0 0.011872 0.537600 0.020899 0.022400
0 0.011944 0.512064 0.020754 0.021952
0 0.011885 0.467264 0.020873 0.022400
0 0.011914 0.463232 0.020815 0.021952
0 0.011913 0.435456 0.020817 0.021952
0 0.011961 0.506240 0.020721 0.023744
0 0.011964 0.500416 0.020716 0.019264
0 0.012000 0.497728 0.020644 0.022400
0 0.012023 0.510720 0.020597 0.020608
0 0.012001 0.491008 0.020640 0.020160
0 0.012019 0.483840 0.020605 0.021056
0 0.012039 0.478016 0.020564 0.021952
0 0.012070 0.496384 0.020503 0.023296
0 0.011950 0.444416 0.020743 0.022400
0 0.011957 0.441728 0.020729 0.021952
0 0.011965 0.411712 0.020714 0.020608
0 0.011986 0.409024 0.020671 0.021952
0 0.011991 0.430976 0.020660 0.023744
0 0.011354 0.152320 0.021935 0.020608
