0 0.011167 0.094528 0.022309 0.034048
0 0.011181 0.088704 0.022280 0.042560
0 0.004713 0.380352 0.008432 0.137536
0 0.004659 0.538048 0.008540 0.138432
0 0.004623 0.656320 0.008612 0.136640
0 0.005040 0.206528 0.007777 0.139776
0 0.004991 0.366912 0.007875 0.136640
0 0.004950 0.482944 0.007957 0.137536
0 0.004901 0.642880 0.008056 0.135744
0 0.004863 0.762048 0.008131 0.139776
0 0.005225 0.467712 0.007408 0.136640
0 0.005186 0.588224 0.007485 0.135744
0 0.005136 0.746368 0.007585 0.135744
0 0.005099 0.864640 0.007660 0.137536
0 0.012056 0.116480 0.020530 0.044352
0 0.012048 0.022848 0.020548 0.038080
0 0.012066 0.030016 0.020511 0.041664
0 0.004750 0.259840 0.008357 0.138432
