0 0.010267 0.507136 0.019645 0.081536
0 0.010773 0.184576 0.018633 0.075264
0 0.010672 0.364224 0.018834 0.069888
0 0.010690 0.384384 0.018799 0.074368
0 0.010719 0.392448 0.018740 0.074368
0 0.010741 0.411712 0.018697 0.073472
0 0.010760 0.423808 0.018658 0.074368
0 0.010784 0.439040 0.018611 0.076160
0 0.010809 0.449792 0.018560 0.074368
0 0.010828 0.468160 0.018523 0.073472
0 0.010850 0.483392 0.018478 0.073472
0 0.010868 0.501760 0.018443 0.074368
0 0.010796 0.196224 0.018587 0.077056
0 0.010710 0.143808 0.018758 0.058240
0 0.010824 0.204736 0.018531 0.076160
0 0.010847 0.216832 0.018484 0.075264
0 0.010870 0.235648 0.018439 0.077056
0 0.010909 0.284480 0.018360 0.057344
0 0.010955 0.306432 0.018268 0.060032
0 0.011027 0.343168 0.018125 0.058240
0 0.011074 0.361536 0.018031 0.057344
0 0.011096 0.375872 0.017986 0.059136
0 0.010652 0.478464 0.018875 0.076160
0 0.010675 0.494592 0.018828 0.076160
0 0.010725 0.167552 0.018728 0.057344
0 0.010683 0.129920 0.018813 0.071680
0 0.010298 0.513408 0.019582 0.085120
0 0.010490 0.391104 0.019198 0.055552
0 0.010225 0.233856 0.019729 0.080640
0 0.010278 0.216384 0.019623 0.079744
0 0.010302 0.211904 0.019574 0.079744
0 0.010374 0.169792 0.019431 0.079744
0 0.010425 0.161728 0.019328 0.079744
0 0.010478 0.148288 0.019222 0.081536
0 0.010502 0.135296 0.019175 0.082432
0 0.010528 0.133952 0.019122 0.083328
0 0.010413 0.257152 0.019353 0.077056
0 0.010459 0.387520 0.019261 0.057344
0 0.010533 0.423808 0.019112 0.045696
0 0.010659 0.116032 0.018860 0.074368
0 0.010552 0.441728 0.019075 0.058240
0 0.010557 0.129472 0.019065 0.079744
0 0.010578 0.108864 0.019022 0.081536
0 0.010601 0.097664 0.018977 0.082432
0 0.010573 0.313152 0.019032 0.073472
0 0.010601 0.325696 0.018977 0.073472
0 0.010624 0.336896 0.018930 0.072576
0 0.010648 0.352128 0.018883 0.072576
0 0.010601 0.466816 0.018977 0.047488
0 0.010621 0.485632 0.018936 0.047488
0 0.011082 0.745472 0.018014 0.077952
0 0.011105 0.758016 0.017969 0.076160
0 0.011073 0.620928 0.018033 0.085120
0 0.010729 0.787136 0.018721 0.073472
0 0.010810 0.584640 0.018558 0.073472
0 0.010789 0.568512 0.018601 0.073472
0 0.010917 0.528640 0.018345 0.074368
0 0.010892 0.516096 0.018394 0.072576
0 0.010765 0.555968 0.018648 0.073472
0 0.010736 0.547008 0.018707 0.069888
0 0.010720 0.525056 0.018738 0.072576
0 0.010696 0.512512 0.018787 0.070784
0 0.010769 0.818496 0.018640 0.072576
0 0.010751 0.805504 0.018678 0.068992
0 0.010704 0.779072 0.018772 0.073472
0 0.011058 0.737856 0.018063 0.077056
0 0.010658 0.751296 0.018864 0.071680
0 0.010633 0.738752 0.018913 0.073472
0 0.010592 0.704704 0.018995 0.069888
0 0.010576 0.681408 0.019026 0.071680
0 0.010553 0.670656 0.019073 0.071680
0 0.010523 0.662592 0.019132 0.073472
0 0.010503 0.644672 0.019173 0.069888
0 0.010496 0.540288 0.019187 0.068992
0 0.010432 0.600768 0.019314 0.084224
0 0.010412 0.586432 0.019355 0.084224
0 0.010829 0.602560 0.018521 0.071680
0 0.010845 0.621376 0.018488 0.073472
0 0.010873 0.627648 0.018433 0.071680
0 0.010795 0.831936 0.018589 0.074368
0 0.011036 0.719936 0.018106 0.077056
0 0.011010 0.704256 0.018159 0.074368
0 0.011098 0.631232 0.017982 0.084224
0 0.010990 0.689024 0.018198 0.077952
0 0.010969 0.677376 0.018241 0.074368
0 0.010944 0.666624 0.018290 0.072576
0 0.010956 0.929600 0.018266 0.070784
0 0.010932 0.914816 0.018315 0.071680
0 0.010997 0.954240 0.018184 0.071680
0 0.011029 0.960960 0.018121 0.056448
0 0.010909 0.900928 0.018360 0.072576
0 0.011003 0.586432 0.018172 0.071680
0 0.010918 0.653184 0.018343 0.074368
0 0.010983 0.568960 0.018214 0.072576
0 0.010886 0.889728 0.018407 0.073472
0 0.010864 0.876288 0.018450 0.071680
0 0.010844 0.858368 0.018492 0.071680
0 0.010961 0.553728 0.018257 0.070784
0 0.010898 0.638848 0.018382 0.074368
0 0.010938 0.540736 0.018304 0.073472
0 0.010814 0.851200 0.018550 0.073472
0 0.010203 0.246848 0.019772 0.081536
