0 0.010709 0.520576 0.018760 0.034496
0 0.010529 0.493696 0.019121 0.032704
0 0.010682 0.443072 0.018814 0.033152
0 0.010668 0.424704 0.018842 0.032704
0 0.010663 0.404096 0.018853 0.033152
0 0.010755 0.261632 0.018669 0.028224
0 0.010761 0.282688 0.018657 0.030016
0 0.010749 0.240576 0.018680 0.027776
0 0.010741 0.223104 0.018697 0.028672
0 0.010703 0.162624 0.018773 0.028672
0 0.010705 0.140224 0.018769 0.029568
0 0.010522 0.474880 0.019135 0.032704
0 0.010698 0.503552 0.018782 0.032256
0 0.010506 0.456512 0.019166 0.032256
0 0.010496 0.435456 0.019186 0.032256
0 0.010491 0.416640 0.019197 0.034048
0 0.004900 0.833728 0.008056 0.100352
0 0.004865 0.766528 0.008127 0.098112
0 0.004831 0.702464 0.008195 0.100352
0 0.003679 0.634816 0.006034 0.102592
0 0.004763 0.569408 0.008331 0.102592
0 0.004727 0.502208 0.008402 0.101248
0 0.010728 0.537152 0.018722 0.035392
0 0.010740 0.555072 0.018698 0.030016
0 0.010749 0.577920 0.018680 0.032704
0 0.010757 0.597632 0.018664 0.032256
0 0.010698 0.483840 0.018783 0.025536
0 0.010796 0.790272 0.018587 0.032704
0 0.010671 0.783104 0.018836 0.034048
0 0.010683 0.805056 0.018813 0.031360
0 0.010974 0.736064 0.018231 0.032256
0 0.010798 0.673344 0.018583 0.032704
0 0.010667 0.762944 0.018845 0.030912
0 0.010651 0.725312 0.018878 0.032704
0 0.010639 0.705152 0.018901 0.032256
0 0.010624 0.687680 0.018930 0.029568
0 0.010616 0.667968 0.018947 0.034496
0 0.010608 0.647808 0.018962 0.031360
0 0.010597 0.628992 0.018986 0.032704
0 0.010585 0.611072 0.019009 0.033152
0 0.010577 0.589568 0.019024 0.034496
0 0.010565 0.570304 0.019049 0.034048
0 0.010537 0.514304 0.019104 0.035392
0 0.010788 0.654080 0.018603 0.034496
0 0.010777 0.634816 0.018624 0.033152
0 0.003699 0.271488 0.005996 0.195776
