0 0.012098 0.331520 0.020447 0.036288
0 0.010351 0.701120 0.019477 0.131712
0 0.010697 0.285824 0.018785 0.115136
0 0.010732 0.282240 0.018714 0.122752
0 0.010748 0.280000 0.018683 0.124096
0 0.010786 0.274624 0.018606 0.122752
0 0.010803 0.275520 0.018572 0.124096
0 0.010838 0.269248 0.018502 0.120960
0 0.010856 0.268352 0.018466 0.122752
0 0.010892 0.264768 0.018394 0.117824
0 0.010910 0.263424 0.018358 0.117824
0 0.010945 0.255808 0.018289 0.124096
0 0.010212 0.727104 0.019755 0.128576
0 0.010227 0.719488 0.019724 0.134848
0 0.010282 0.712768 0.019615 0.133056
0 0.010299 0.710976 0.019580 0.129920
0 0.010317 0.708736 0.019545 0.128576
0 0.010677 0.287616 0.018825 0.120960
0 0.010661 0.291200 0.018857 0.113344
0 0.010643 0.290304 0.018893 0.117824
0 0.010413 0.327488 0.019353 0.116480
0 0.010292 0.344064 0.019595 0.119616
0 0.010310 0.341824 0.019559 0.112000
0 0.010343 0.336448 0.019493 0.119616
0 0.010361 0.333760 0.019457 0.113344
0 0.010379 0.330624 0.019421 0.116480
0 0.010397 0.329728 0.019385 0.115136
0 0.010433 0.327488 0.019312 0.116480
0 0.010626 0.294784 0.018927 0.117824
0 0.010449 0.320768 0.019280 0.112000
0 0.010485 0.316736 0.019208 0.116480
0 0.010520 0.310912 0.019139 0.116480
0 0.010537 0.310912 0.019104 0.113344
0 0.010558 0.310016 0.019063 0.115136
0 0.010573 0.303296 0.019032 0.113344
0 0.010333 0.711872 0.019512 0.128576
0 0.010367 0.700672 0.019444 0.129920
0 0.012101 0.369152 0.020442 0.036288
0 0.010386 0.695744 0.019407 0.127232
0 0.010532 0.676928 0.019115 0.128576
0 0.010271 0.349440 0.019636 0.117824
0 0.010715 0.281344 0.018748 0.120960
0 0.010874 0.266112 0.018431 0.115136
0 0.010963 0.249088 0.018253 0.119616
0 0.010883 0.621824 0.018412 0.124096
0 0.010935 0.613312 0.018308 0.122752
0 0.010953 0.612864 0.018273 0.124096
0 0.010511 0.678720 0.019156 0.131712
0 0.010459 0.686784 0.019261 0.127232
0 0.012114 0.595392 0.020415 0.037632
0 0.012108 0.521024 0.020426 0.034944
0 0.012105 0.484288 0.020432 0.045248
0 0.012109 0.449344 0.020425 0.042560
0 0.012108 0.422016 0.020426 0.027328
0 0.010899 0.619584 0.018380 0.122752
0 0.010864 0.626304 0.018451 0.124096
0 0.010847 0.628544 0.018484 0.122752
0 0.010670 0.655872 0.018839 0.131712
0 0.010404 0.692160 0.019371 0.128576
0 0.010423 0.688128 0.019333 0.127232
0 0.010441 0.685888 0.019296 0.128576
0 0.010477 0.681408 0.019225 0.122752
0 0.010493 0.680064 0.019192 0.125440
0 0.010651 0.657216 0.018877 0.131712
0 0.010686 0.651840 0.018806 0.133056
0 0.010828 0.630784 0.018523 0.124096
0 0.010704 0.649600 0.018770 0.122752
0 0.010721 0.646016 0.018737 0.124096
0 0.010739 0.643776 0.018701 0.125440
0 0.010758 0.642880 0.018663 0.124096
0 0.010776 0.639296 0.018627 0.122752
0 0.010809 0.637056 0.018560 0.124096
0 0.010219 0.362432 0.019740 0.116480
