0 0.011979 0.967680 0.020685 0.052416
0 0.012107 0.794304 0.020428 0.028672
0 0.003909 0.300608 0.005575 0.183680
0 0.005134 0.526848 0.007588 0.104384
0 0.005116 0.606592 0.007626 0.106176
0 0.005097 0.685888 0.007663 0.109312
0 0.005078 0.767424 0.007700 0.107520
0 0.005060 0.847168 0.007738 0.106176
0 0.005041 0.927360 0.007775 0.107520
0 0.011185 0.102144 0.022273 0.023744
0 0.011182 0.083776 0.022279 0.021952
0 0.011182 0.064960 0.022279 0.021952
0 0.011254 0.077504 0.022135 0.028672
0 0.011181 0.045248 0.022281 0.020608
0 0.011181 0.025984 0.022281 0.020608
0 0.011966 0.078400 0.020711 0.026880
0 0.012050 0.086912 0.020543 0.031808
0 0.012070 0.087808 0.020503 0.030016
0 0.012069 0.032256 0.020506 0.014336
0 0.012095 0.089600 0.020452 0.033152
0 0.012138 0.092736 0.020367 0.030016
0 0.012153 0.094976 0.020338 0.028672
0 0.012170 0.095872 0.020303 0.030016
0 0.012255 0.027776 0.020132 0.033152
0 0.012125 0.565824 0.020394 0.033152
0 0.003492 0.647808 0.006408 0.207424
