0 0.011388 0.971712 0.021867 0.020160
0 0.011368 0.946176 0.021907 0.026880
0 0.004693 0.519232 0.008471 0.139328
0 0.004713 0.654080 0.008431 0.134848
0 0.004847 0.332416 0.008163 0.134848
0 0.004863 0.444864 0.008130 0.139328
0 0.004885 0.579712 0.008087 0.139328
0 0.006132 0.466368 0.010057 0.240576
0 0.006216 0.428288 0.009889 0.236096
0 0.012096 0.126784 0.020452 0.047040
0 0.012110 0.157248 0.020422 0.026880
0 0.012143 0.196672 0.020357 0.024640
0 0.012152 0.218176 0.020338 0.017920
0 0.012160 0.103488 0.020322 0.035840
0 0.012185 0.114688 0.020273 0.040320
0 0.012200 0.120064 0.020244 0.038080
0 0.012212 0.121408 0.020219 0.044800
0 0.012225 0.126784 0.020192 0.047040
0 0.012240 0.129024 0.020162 0.047040
0 0.012190 0.831488 0.020262 0.031360
0 0.012178 0.801024 0.020287 0.020160
0 0.012171 0.722624 0.020300 0.020160
0 0.012121 0.784448 0.020400 0.022400
0 0.011929 0.798784 0.020785 0.020160
0 0.011764 0.813568 0.021115 0.031360
0 0.011719 0.857472 0.021204 0.020160
0 0.011614 0.882112 0.021415 0.020160
0 0.004675 0.402304 0.008506 0.139328
