0 0.011813 0.960512 0.021017 0.024192
0 0.010622 0.788928 0.018935 0.056448
0 0.011985 0.327936 0.020674 0.020608
0 0.011998 0.294336 0.020647 0.025088
0 0.012010 0.262528 0.020623 0.021504
0 0.011920 0.045248 0.020802 0.027776
0 0.011552 0.370496 0.021539 0.019264
0 0.011554 0.358400 0.021534 0.019264
0 0.011560 0.347200 0.021523 0.017920
0 0.011355 0.391104 0.021933 0.012096
0 0.011386 0.383936 0.021871 0.014336
0 0.011386 0.371840 0.021871 0.012096
0 0.011363 0.379008 0.021916 0.017024
0 0.011360 0.364224 0.021923 0.013440
0 0.011388 0.356160 0.021866 0.009408
0 0.011366 0.350784 0.021911 0.010752
0 0.011391 0.343616 0.021861 0.008512
0 0.011269 0.374080 0.022104 0.024192
0 0.011272 0.352128 0.022100 0.020608
0 0.011276 0.321216 0.022090 0.024192
0 0.011276 0.292544 0.022090 0.024192
0 0.011280 0.261184 0.022083 0.026432
0 0.011232 0.175168 0.022178 0.020608
0 0.011236 0.075712 0.022171 0.021504
0 0.011210 0.382592 0.022224 0.026432
0 0.011212 0.348992 0.022219 0.024192
0 0.011219 0.324800 0.022205 0.017024
0 0.010313 0.904512 0.019553 0.044352
0 0.010328 0.715904 0.019522 0.060032
0 0.010393 0.743232 0.019393 0.061376
0 0.010610 0.828352 0.018959 0.056448
0 0.012020 0.364224 0.020602 0.027776
0 0.012110 0.117824 0.020423 0.026432
0 0.012088 0.062720 0.020466 0.026432
0 0.012065 0.441728 0.020514 0.036288
0 0.011729 0.448896 0.021184 0.019264
0 0.011765 0.443520 0.021112 0.017920
0 0.011868 0.606592 0.020907 0.026432
0 0.011945 0.647808 0.020752 0.022848
0 0.011915 0.634816 0.020812 0.022848
0 0.011923 0.608384 0.020798 0.027776
0 0.011972 0.603008 0.020700 0.024192
0 0.011992 0.523264 0.020659 0.021504
0 0.011983 0.552384 0.020676 0.026432
0 0.012011 0.581056 0.020621 0.028672
0 0.012018 0.568512 0.020607 0.027776
0 0.012026 0.553728 0.020590 0.028672
0 0.012040 0.525952 0.020564 0.031360
0 0.012091 0.430080 0.020461 0.037184
0 0.012135 0.059136 0.020373 0.024192
0 0.012137 0.508032 0.020368 0.033600
0 0.012111 0.548352 0.020421 0.032704
0 0.012140 0.542080 0.020364 0.032704
0 0.012160 0.270592 0.020323 0.009408
0 0.012149 0.255808 0.020344 0.013440
0 0.012152 0.236544 0.020340 0.027776
0 0.012166 0.228480 0.020311 0.033600
0 0.012187 0.224000 0.020268 0.033600
0 0.012197 0.224896 0.020249 0.031360
0 0.012174 0.288064 0.020294 0.017920
0 0.012208 0.241472 0.020228 0.027776
0 0.012218 0.251328 0.020206 0.028672
0 0.012243 0.274176 0.020156 0.026432
0 0.010616 0.804608 0.018947 0.054208
0 0.010655 0.834624 0.018868 0.080640
0 0.011820 0.944832 0.021003 0.019264
0 0.010636 0.775040 0.018906 0.057792
0 0.010678 0.300160 0.018823 0.085568
0 0.010697 0.294336 0.018785 0.073472
0 0.010789 0.176960 0.018601 0.060032
0 0.010753 0.173376 0.018673 0.060032
0 0.010731 0.172032 0.018716 0.060032
0 0.010712 0.172032 0.018754 0.060032
0 0.010694 0.169792 0.018790 0.060032
0 0.010655 0.168000 0.018868 0.059136
0 0.010636 0.166656 0.018906 0.056448
0 0.010615 0.166656 0.018949 0.063616
0 0.010593 0.166208 0.018992 0.062720
0 0.010574 0.164864 0.019030 0.060032
0 0.010554 0.164416 0.019071 0.061376
0 0.010534 0.161728 0.019112 0.061376
0 0.010516 0.159936 0.019147 0.060032
0 0.010476 0.158144 0.019226 0.059136
0 0.010454 0.157696 0.019271 0.062720
0 0.010429 0.268800 0.019321 0.066304
0 0.010415 0.156352 0.019348 0.060032
0 0.010406 0.266560 0.019367 0.066304
0 0.010395 0.155904 0.019388 0.061376
0 0.010387 0.267008 0.019405 0.062720
0 0.010375 0.154112 0.019429 0.060032
0 0.010333 0.154560 0.019512 0.061376
0 0.010328 0.262976 0.019522 0.066304
0 0.010306 0.264320 0.019567 0.063616
0 0.010296 0.150976 0.019586 0.061376
0 0.010259 0.145600 0.019660 0.057792
0 0.010244 0.143808 0.019691 0.044352
0 0.010667 0.297024 0.018844 0.086464
0 0.010618 0.294784 0.018942 0.086464
0 0.010598 0.294336 0.018983 0.085568
0 0.010798 0.342272 0.018582 0.059136
0 0.010646 0.734720 0.018887 0.059136
0 0.010661 0.696640 0.018856 0.057792
0 0.010666 0.677376 0.018847 0.060032
0 0.010673 0.659008 0.018833 0.056448
0 0.010690 0.598528 0.018799 0.059136
0 0.010705 0.558208 0.018768 0.055552
0 0.010721 0.521472 0.018737 0.056448
0 0.010734 0.483840 0.018711 0.055552
0 0.010741 0.467712 0.018697 0.059136
0 0.010749 0.446656 0.018680 0.057792
0 0.010760 0.433664 0.018658 0.059136
0 0.010766 0.415296 0.018646 0.050624
0 0.010779 0.400512 0.018620 0.057792
0 0.010793 0.512064 0.018592 0.039872
0 0.010579 0.293440 0.019021 0.086464
0 0.010809 0.465024 0.018561 0.049280
0 0.010833 0.389760 0.018513 0.081984
0 0.010792 0.320768 0.018594 0.059136
0 0.010798 0.297024 0.018582 0.060032
0 0.010814 0.262976 0.018551 0.051968
0 0.010836 0.237888 0.018506 0.051968
0 0.010505 0.453824 0.019169 0.064960
0 0.010469 0.288064 0.019240 0.085568
0 0.010487 0.288960 0.019205 0.086464
0 0.010510 0.289408 0.019159 0.085568
0 0.010531 0.291648 0.019116 0.087808
0 0.010548 0.291200 0.019083 0.086464
0 0.010567 0.292544 0.019045 0.086464
0 0.011727 0.436800 0.021189 0.017024
0 0.011734 0.508928 0.021174 0.019264
0 0.011731 0.525056 0.021182 0.017920
0 0.011728 0.539840 0.021186 0.015680
0 0.011320 0.538944 0.022002 0.017024
0 0.011336 0.575232 0.021971 0.017024
0 0.011340 0.563136 0.021964 0.019264
0 0.011342 0.552832 0.021959 0.017920
0 0.011348 0.542528 0.021947 0.017024
0 0.011353 0.529536 0.021937 0.019264
0 0.011328 0.527296 0.021988 0.019264
0 0.011331 0.514304 0.021980 0.022848
0 0.011341 0.475328 0.021961 0.012096
0 0.011343 0.465920 0.021957 0.012096
0 0.011349 0.450240 0.021945 0.014336
0 0.011351 0.438592 0.021940 0.013440
0 0.011353 0.426048 0.021937 0.012096
0 0.011374 0.442624 0.021895 0.014336
0 0.011375 0.432768 0.021892 0.015680
0 0.011355 0.415296 0.021933 0.014336
0 0.011355 0.401856 0.021933 0.014336
0 0.011380 0.407232 0.021883 0.015680
0 0.011386 0.396928 0.021871 0.014336
0 0.011167 0.574784 0.022310 0.017920
0 0.011174 0.545216 0.022295 0.021504
0 0.011181 0.520576 0.022281 0.022848
0 0.011199 0.433216 0.022245 0.019264
0 0.011204 0.411712 0.022236 0.021504
0 0.011201 0.526400 0.022240 0.022848
0 0.011212 0.633024 0.022219 0.021504
0 0.011218 0.604800 0.022207 0.020608
0 0.011226 0.572096 0.022190 0.022848
0 0.011232 0.545216 0.022178 0.021504
0 0.011316 0.550592 0.022011 0.017920
0 0.011310 0.560896 0.022023 0.014336
0 0.011304 0.573888 0.022035 0.017024
0 0.011297 0.676480 0.022050 0.017024
0 0.011709 0.930048 0.021224 0.024192
0 0.011712 0.915264 0.021220 0.025088
0 0.011664 0.900032 0.021315 0.028672
0 0.011675 0.924224 0.021294 0.024192
0 0.011683 0.896448 0.021277 0.031360
0 0.011349 0.707392 0.021945 0.019264
0 0.011353 0.696640 0.021937 0.017024
0 0.011355 0.685440 0.021933 0.015680
0 0.011373 0.710528 0.021897 0.022848
0 0.011385 0.684096 0.021873 0.020608
0 0.011360 0.673792 0.021923 0.017024
0 0.011287 0.698432 0.022069 0.020608
0 0.011297 0.687232 0.022050 0.019264
0 0.011301 0.664832 0.022040 0.017920
0 0.011328 0.596736 0.021988 0.021504
0 0.011267 0.673792 0.022109 0.014336
0 0.011273 0.663040 0.022097 0.019264
0 0.011274 0.651840 0.022095 0.017920
0 0.011280 0.628544 0.022083 0.017920
0 0.011279 0.638848 0.022085 0.017024
0 0.011311 0.652736 0.022021 0.020608
0 0.011316 0.631680 0.022011 0.014336
0 0.011319 0.619584 0.022004 0.014336
0 0.011289 0.617792 0.022064 0.015680
0 0.011293 0.607488 0.022057 0.017024
0 0.011297 0.596288 0.022050 0.017920
0 0.011303 0.584640 0.022038 0.017024
0 0.011328 0.610176 0.021988 0.019264
0 0.011239 0.520576 0.022164 0.020608
0 0.011225 0.403200 0.022193 0.026432
0 0.011244 0.497728 0.022154 0.017920
0 0.012153 0.759360 0.020337 0.036288
0 0.011977 0.667968 0.020688 0.024192
0 0.011967 0.659456 0.020709 0.026432
0 0.012010 0.646016 0.020623 0.033600
0 0.012024 0.655424 0.020595 0.034944
0 0.012034 0.664832 0.020576 0.030016
0 0.012042 0.672000 0.020559 0.030016
0 0.012055 0.680064 0.020533 0.028672
0 0.012063 0.689472 0.020516 0.033600
0 0.012078 0.697536 0.020488 0.032704
0 0.012092 0.706944 0.020459 0.032704
0 0.012104 0.715008 0.020435 0.028672
0 0.012129 0.738752 0.020385 0.031360
0 0.012147 0.745024 0.020349 0.031360
0 0.012169 0.767872 0.020304 0.026432
0 0.011998 0.685888 0.020647 0.026432
0 0.012178 0.773248 0.020287 0.027776
0 0.012189 0.782208 0.020266 0.031360
0 0.012204 0.799232 0.020235 0.031360
0 0.012215 0.812672 0.020213 0.037184
0 0.012255 0.829696 0.020132 0.032704
0 0.011527 0.427392 0.021589 0.019264
0 0.011536 0.417536 0.021570 0.019264
0 0.011542 0.393344 0.021558 0.026432
0 0.011654 0.644224 0.021334 0.015680
0 0.011657 0.629440 0.021329 0.014336
0 0.011672 0.595840 0.021298 0.019264
0 0.011689 0.546112 0.021265 0.019264
0 0.011697 0.529536 0.021248 0.019264
0 0.011988 0.675584 0.020666 0.025088
0 0.011941 0.684544 0.020762 0.021504
0 0.011250 0.598080 0.022143 0.024192
0 0.011264 0.398720 0.022114 0.022848
0 0.011258 0.574784 0.022126 0.022848
0 0.011258 0.554624 0.022126 0.017024
0 0.011264 0.543424 0.022114 0.015680
0 0.011269 0.531776 0.022104 0.019264
0 0.011270 0.519232 0.022102 0.017920
0 0.011287 0.451136 0.022069 0.017024
0 0.011288 0.438592 0.022066 0.013440
0 0.011288 0.426496 0.022066 0.015680
0 0.011293 0.413952 0.022057 0.014336
0 0.011294 0.402304 0.022054 0.015680
0 0.011298 0.389312 0.022047 0.015680
0 0.011297 0.378560 0.022050 0.015680
0 0.011258 0.429184 0.022126 0.022848
0 0.011304 0.846720 0.022035 0.025088
0 0.011941 0.701120 0.020762 0.022848
0 0.011313 0.857920 0.022016 0.026432
0 0.011297 0.943488 0.022050 0.026432
0 0.011306 0.947520 0.022030 0.027776
0 0.011334 0.957824 0.021976 0.028672
0 0.011350 0.964992 0.021942 0.026432
0 0.011650 0.676480 0.021344 0.019264
0 0.011650 0.660800 0.021344 0.017024
0 0.011679 0.672000 0.021284 0.015680
0 0.011884 0.710976 0.020874 0.024192
0 0.011895 0.676480 0.020852 0.028672
0 0.011919 0.736960 0.020805 0.022848
0 0.011923 0.724416 0.020798 0.024192
0 0.011930 0.713664 0.020783 0.024192
0 0.010214 0.147392 0.019751 0.063616
