0 0.001002 0.964096 0.002004 0.047936
0 0.000059 0.224000 0.000119 0.023744
0 0.000517 0.207872 0.001034 0.040768
0 0.000313 0.171136 0.000626 0.037184
0 0.000301 0.199360 0.000603 0.031360
0 0.000299 0.225344 0.000599 0.017024
0 0.000244 0.189504 0.000487 0.038976
0 0.000219 0.220416 0.000438 0.035840
0 0.000200 0.168000 0.000401 0.024192
0 0.000175 0.271488 0.000350 0.022848
0 0.000132 0.202048 0.000264 0.030016
0 0.000110 0.242368 0.000219 0.028224
0 0.000064 0.283136 0.000129 0.026432
0 0.000687 0.335104 0.001373 0.019712
0 0.000872 0.477568 0.001744 0.024192
0 0.000706 0.326144 0.001412 0.023296
0 0.000730 0.310464 0.001460 0.018368
0 0.000794 0.338240 0.001587 0.020608
0 0.000808 0.406784 0.001615 0.031808
0 0.000839 0.404096 0.001679 0.016576
0 0.000607 0.498176 0.001214 0.037632
0 0.000634 0.516096 0.001267 0.023744
0 0.000649 0.426048 0.001298 0.029568
0 0.000697 0.428288 0.001394 0.030912
0 0.000731 0.435904 0.001462 0.028672
0 0.000768 0.450240 0.001536 0.036736
0 0.000554 0.213696 0.001109 0.031808
0 0.000643 0.290752 0.001287 0.019712
0 0.000592 0.186368 0.001184 0.038080
0 0.000589 0.255808 0.001179 0.031360
0 0.000126 0.119168 0.000253 0.021504
0 0.000113 0.139776 0.000226 0.021504
0 0.000142 0.078848 0.000283 0.013888
0 0.000156 0.078400 0.000311 0.012992
0 0.000172 0.076608 0.000345 0.013888
0 0.000158 0.161280 0.000315 0.029568
0 0.000195 0.100352 0.000390 0.014336
0 0.000207 0.084672 0.000414 0.017024
0 0.000219 0.073024 0.000438 0.011648
0 0.000482 0.148288 0.000965 0.031808
0 0.000507 0.142464 0.001013 0.018816
0 0.000566 0.099456 0.001132 0.015680
0 0.000569 0.062720 0.001139 0.030912
0 0.000579 0.136192 0.001157 0.034048
0 0.000651 0.086912 0.001302 0.036288
0 0.000653 0.150976 0.001305 0.032256
0 0.000708 0.265216 0.001416 0.014784
0 0.000681 0.254016 0.001361 0.018816
0 0.000668 0.278208 0.001336 0.018816
0 0.000670 0.180992 0.001341 0.029120
0 0.000642 0.206528 0.001285 0.044352
0 0.000619 0.164416 0.001238 0.039872
0 0.000601 0.225792 0.001203 0.032256
0 0.000806 0.465024 0.001612 0.034496
0 0.000911 0.483840 0.001822 0.026432
0 0.000250 0.973952 0.000499 0.023296
0 0.000289 0.792960 0.000578 0.024192
0 0.000838 0.679616 0.001676 0.022400
0 0.000683 0.651392 0.001366 0.034048
0 0.000664 0.739200 0.001329 0.037184
0 0.000613 0.706496 0.001225 0.037184
0 0.000600 0.739648 0.001200 0.031360
0 0.000586 0.762048 0.001171 0.040320
0 0.000574 0.748608 0.001147 0.048384
0 0.000591 0.672896 0.001182 0.033152
0 0.000546 0.653184 0.001092 0.015232
0 0.000496 0.689024 0.000992 0.023744
0 0.000463 0.778624 0.000927 0.020160
0 0.000277 0.777728 0.000553 0.019264
0 0.000920 0.437696 0.001840 0.032704
0 0.000265 0.760704 0.000530 0.021504
0 0.000254 0.744128 0.000508 0.023296
0 0.000238 0.729792 0.000475 0.024192
0 0.000160 0.676032 0.000321 0.040768
0 0.000305 0.809088 0.000609 0.023744
0 0.000350 0.846720 0.000700 0.023296
0 0.000432 0.835520 0.000863 0.016576
0 0.000451 0.873152 0.000901 0.017472
0 0.000483 0.808640 0.000966 0.015232
0 0.000427 0.918400 0.000854 0.031808
0 0.000423 0.955584 0.000846 0.020608
0 0.000556 0.633472 0.001112 0.018368
0 0.000130 0.605248 0.000259 0.034496
0 0.000074 0.551040 0.000148 0.042560
0 0.000097 0.516992 0.000194 0.041664
0 0.001009 0.646016 0.002018 0.015680
0 0.000998 0.646912 0.001997 0.015232
0 0.000973 0.599872 0.001946 0.015680
0 0.000989 0.601664 0.001978 0.017024
0 0.000956 0.598080 0.001912 0.015680
0 0.000941 0.596736 0.001881 0.016576
0 0.000935 0.641088 0.001870 0.016576
0 0.000919 0.643776 0.001838 0.014336
0 0.000921 0.587328 0.001841 0.024640
0 0.000898 0.645120 0.001796 0.024640
0 0.000880 0.581952 0.001760 0.017920
0 0.000860 0.642880 0.001720 0.028224
0 0.000846 0.580608 0.001692 0.018816
0 0.000814 0.578368 0.001628 0.028672
0 0.000751 0.633920 0.001503 0.021952
0 0.000744 0.560448 0.001488 0.036288
0 0.000707 0.544768 0.001413 0.030464
0 0.000657 0.595840 0.001314 0.034496
0 0.000175 0.494144 0.000350 0.023296
0 0.000151 0.501312 0.000301 0.018368
0 0.000123 0.508928 0.000246 0.031360
0 0.000113 0.566272 0.000227 0.042560
0 0.000112 0.610176 0.000225 0.039424
0 0.000127 0.079296 0.000255 0.015680
