0 0.010322 0.732928 0.019535 0.060928
0 0.010787 0.307776 0.018606 0.051968
0 0.010761 0.333760 0.018657 0.051968
0 0.010590 0.506688 0.018999 0.058688
0 0.010638 0.456512 0.018903 0.062272
0 0.010651 0.445760 0.018877 0.058688
0 0.010187 0.754880 0.019804 0.055552
0 0.010182 0.740992 0.019815 0.051968
0 0.010311 0.748160 0.019556 0.055552
0 0.010478 0.340480 0.019222 0.060928
0 0.010399 0.458752 0.019380 0.055552
0 0.010386 0.448448 0.019406 0.053312
0 0.010355 0.423808 0.019468 0.055552
0 0.010340 0.411264 0.019499 0.055552
0 0.010209 0.445760 0.019760 0.054208
0 0.010195 0.435008 0.019789 0.053312
0 0.010251 0.323456 0.019678 0.049728
0 0.010252 0.308672 0.019675 0.058688
0 0.010266 0.297024 0.019646 0.053312
0 0.010301 0.267456 0.019577 0.053312
0 0.010322 0.249088 0.019535 0.058688
0 0.010750 0.347200 0.018678 0.054208
0 0.010771 0.320768 0.018637 0.053312
0 0.010336 0.723520 0.019507 0.060032
0 0.010737 0.359296 0.018704 0.053312
0 0.010350 0.711424 0.019478 0.060928
0 0.010364 0.702016 0.019450 0.062272
0 0.010380 0.692160 0.019419 0.060928
0 0.010442 0.658560 0.019294 0.060928
0 0.010459 0.639744 0.019261 0.055552
0 0.010467 0.629888 0.019245 0.058688
0 0.010515 0.578816 0.019149 0.062272
0 0.010539 0.555072 0.019100 0.062272
0 0.010555 0.543424 0.019069 0.055552
0 0.010534 0.570304 0.019110 0.054208
0 0.010561 0.529984 0.019056 0.062272
0 0.010583 0.521024 0.019012 0.053312
0 0.010605 0.497280 0.018968 0.060032
0 0.010614 0.485184 0.018950 0.060928
0 0.010679 0.422912 0.018820 0.054208
0 0.010692 0.411264 0.018795 0.053312
0 0.010700 0.396032 0.018779 0.054208
0 0.010711 0.383040 0.018756 0.053312
0 0.010723 0.370496 0.018732 0.051072
0 0.010109 0.366912 0.019960 0.039424
