0 0.011680 0.354368 0.021283 0.034944
0 0.011699 0.337792 0.021244 0.036288
0 0.010868 0.165760 0.018442 0.056448
0 0.010893 0.176512 0.018392 0.055104
0 0.010913 0.191744 0.018353 0.053760
0 0.010942 0.211456 0.018294 0.057792
0 0.010973 0.226688 0.018232 0.059136
0 0.010997 0.238784 0.018185 0.060928
0 0.011024 0.251776 0.018130 0.057792
0 0.011048 0.262528 0.018083 0.059136
0 0.010995 0.357504 0.018189 0.049280
0 0.010983 0.396480 0.018212 0.040320
0 0.010960 0.429184 0.018259 0.044800
0 0.010962 0.456512 0.018255 0.038976
0 0.010962 0.486080 0.018255 0.037632
0 0.010954 0.513856 0.018271 0.034944
0 0.010958 0.538944 0.018263 0.033152
0 0.010952 0.563136 0.018275 0.029120
0 0.010735 0.662144 0.018708 0.018816
0 0.010753 0.565824 0.018673 0.066752
0 0.010724 0.571648 0.018731 0.066752
0 0.011783 0.277312 0.021077 0.042112
0 0.011756 0.293888 0.021131 0.040320
0 0.011744 0.309568 0.021155 0.034944
0 0.011725 0.324352 0.021194 0.037632
0 0.010474 0.633024 0.019231 0.021504
