0 0.010917 0.623616 0.018345 0.062272
0 0.003904 0.259392 0.005584 0.276416
0 0.005192 0.610176 0.007474 0.115136
0 0.005174 0.537600 0.007509 0.113344
0 0.005070 0.676480 0.007717 0.113344
0 0.005054 0.603904 0.007748 0.112000
0 0.004871 0.783552 0.008114 0.110208
0 0.004853 0.706944 0.008151 0.113344
0 0.004837 0.628544 0.008182 0.110208
0 0.004783 0.678720 0.008292 0.073472
0 0.004750 0.698880 0.008358 0.075264
0 0.004714 0.716352 0.008428 0.078400
0 0.004680 0.734720 0.008497 0.076608
0 0.003390 0.221312 0.006614 0.336896
