0 0.012235 0.252224 0.020172 0.026432
0 0.011354 0.852992 0.021934 0.025536
0 0.011257 0.628096 0.022130 0.023296
0 0.011257 0.677376 0.022130 0.026432
0 0.011338 0.583296 0.021967 0.025536
0 0.011343 0.618240 0.021956 0.023296
0 0.011342 0.656768 0.021960 0.021504
0 0.011347 0.686784 0.021949 0.023296
0 0.011349 0.712768 0.021945 0.024640
0 0.011349 0.743680 0.021945 0.026432
0 0.011349 0.784000 0.021945 0.030912
0 0.011320 0.810880 0.022003 0.030912
0 0.011352 0.817600 0.021938 0.023296
0 0.011356 0.899584 0.021931 0.023296
0 0.011253 0.560896 0.022137 0.023296
0 0.012201 0.747264 0.020241 0.012992
0 0.012197 0.721728 0.020248 0.014784
0 0.012199 0.659904 0.020245 0.010752
0 0.012203 0.634816 0.020238 0.011648
0 0.012199 0.611520 0.020245 0.011648
0 0.012154 0.611520 0.020335 0.011648
0 0.012197 0.587328 0.020248 0.012992
0 0.012194 0.575232 0.020256 0.013888
0 0.012190 0.563584 0.020263 0.011648
0 0.012147 0.587328 0.020350 0.017024
0 0.012145 0.564928 0.020353 0.012992
0 0.011255 0.597184 0.022133 0.023296
0 0.011249 0.528640 0.022144 0.030016
0 0.012174 0.294784 0.020295 0.011648
0 0.011258 0.215488 0.022126 0.023296
0 0.004743 0.339136 0.008371 0.055552
0 0.004748 0.408128 0.008361 0.055552
0 0.005014 0.267456 0.007829 0.057792
0 0.005018 0.333312 0.007822 0.056448
0 0.005025 0.401856 0.007807 0.055552
0 0.005063 0.649152 0.007731 0.055552
0 0.005067 0.724864 0.007724 0.055552
0 0.004786 0.654976 0.008285 0.056448
0 0.004790 0.737408 0.008277 0.054208
0 0.004792 0.804160 0.008274 0.054208
0 0.005070 0.800128 0.007717 0.054208
0 0.011327 0.359744 0.021989 0.024640
0 0.011246 0.493248 0.022151 0.022400
0 0.011327 0.385280 0.021989 0.026432
0 0.011329 0.416192 0.021985 0.020160
0 0.011329 0.441728 0.021985 0.017920
0 0.011331 0.477120 0.021981 0.028672
0 0.011340 0.525504 0.021963 0.023296
0 0.011340 0.555072 0.021963 0.026432
0 0.011237 0.346304 0.022169 0.023296
0 0.011238 0.376320 0.022166 0.023296
0 0.011244 0.407680 0.022155 0.026432
0 0.011246 0.434560 0.022151 0.020160
0 0.011246 0.463680 0.022151 0.025536
0 0.012183 0.551488 0.020277 0.013888
0 0.012143 0.553728 0.020357 0.009408
0 0.012051 0.628544 0.020542 0.011648
0 0.012181 0.404544 0.020281 0.009408
0 0.012043 0.466368 0.020556 0.011648
0 0.012040 0.478464 0.020563 0.012992
0 0.012045 0.492352 0.020552 0.012992
0 0.012190 0.452480 0.020263 0.011648
0 0.012145 0.452032 0.020353 0.012992
0 0.012188 0.440832 0.020267 0.011648
0 0.012145 0.440832 0.020353 0.011648
0 0.012145 0.427840 0.020353 0.011648
0 0.012147 0.416640 0.020350 0.010752
0 0.012190 0.427392 0.020263 0.012992
0 0.012188 0.416192 0.020267 0.011648
0 0.012185 0.392448 0.020274 0.012992
0 0.012045 0.612416 0.020552 0.009408
0 0.012143 0.392896 0.020357 0.011648
0 0.012186 0.380800 0.020270 0.012992
0 0.012181 0.368256 0.020281 0.011648
0 0.012132 0.367360 0.020379 0.013888
0 0.012139 0.344512 0.020364 0.010752
0 0.012179 0.343168 0.020285 0.010752
0 0.012141 0.330176 0.020361 0.011648
0 0.012134 0.317632 0.020375 0.010752
0 0.012181 0.329280 0.020281 0.010752
0 0.012175 0.318976 0.020292 0.012992
0 0.012174 0.306432 0.020295 0.009408
0 0.012045 0.455616 0.020552 0.011648
0 0.012042 0.431872 0.020560 0.012992
0 0.012040 0.394240 0.020563 0.012992
0 0.012038 0.382144 0.020567 0.013888
0 0.012045 0.578816 0.020552 0.010752
0 0.012042 0.554176 0.020560 0.012992
0 0.012040 0.528640 0.020563 0.014784
0 0.012045 0.503552 0.020552 0.011648
0 0.012190 0.539392 0.020263 0.012992
0 0.012148 0.541632 0.020346 0.010752
0 0.012190 0.516096 0.020263 0.012992
0 0.012186 0.502208 0.020270 0.012992
0 0.012143 0.528640 0.020357 0.014784
0 0.012145 0.503552 0.020353 0.013888
0 0.012143 0.516096 0.020357 0.014784
0 0.012188 0.489216 0.020267 0.012992
0 0.012143 0.489664 0.020357 0.013888
0 0.012143 0.478464 0.020357 0.012992
0 0.012186 0.477568 0.020270 0.012992
0 0.012190 0.465024 0.020263 0.012992
0 0.012143 0.465472 0.020357 0.013888
0 0.012034 0.308224 0.020574 0.012992
0 0.012033 0.322112 0.020578 0.012992
0 0.012036 0.333760 0.020570 0.012992
0 0.012038 0.346304 0.020567 0.014784
0 0.012036 0.356608 0.020570 0.013888
0 0.012043 0.370048 0.020556 0.012992
0 0.004739 0.274176 0.008379 0.055552
