0 0.010825 0.857472 0.018530 0.050624
0 0.006051 0.926016 0.010220 0.136192
0 0.005047 0.254016 0.007763 0.099904
0 0.005018 0.310016 0.007820 0.100800
0 0.004993 0.365568 0.007872 0.102144
0 0.004963 0.420672 0.007931 0.099904
0 0.004936 0.478464 0.007986 0.099904
0 0.004909 0.532224 0.008039 0.102144
0 0.004880 0.589568 0.008096 0.099904
0 0.004852 0.644224 0.008154 0.100800
0 0.004824 0.699328 0.008209 0.098560
0 0.004797 0.734720 0.008264 0.047040
0 0.004851 0.772352 0.008156 0.051520
0 0.004835 0.802816 0.008187 0.051520
0 0.004822 0.832832 0.008213 0.052864
0 0.004806 0.865088 0.008244 0.049280
0 0.004783 0.765184 0.008292 0.047040
0 0.004768 0.794752 0.008321 0.049280
0 0.004753 0.825216 0.008351 0.049280
0 0.015072 0.499520 0.027892 0.372288
0 0.006047 0.782656 0.010228 0.133952
0 0.005996 0.886144 0.010329 0.131264
0 0.006100 0.822080 0.010122 0.139776
0 0.005076 0.198464 0.007706 0.100800
