0 0.011488 0.529984 0.021666 0.016128
0 0.005295 0.806848 0.007268 0.044800
0 0.011659 0.180096 0.021325 0.008064
0 0.011661 0.171584 0.021321 0.008960
0 0.011659 0.162624 0.021325 0.007168
0 0.011658 0.154112 0.021327 0.009856
0 0.011583 0.254016 0.021477 0.009856
0 0.011615 0.195776 0.021414 0.008960
0 0.011626 0.168448 0.021391 0.008064
0 0.011624 0.159936 0.021394 0.008960
0 0.011625 0.142016 0.021393 0.008960
0 0.011621 0.103488 0.021402 0.010752
0 0.005292 0.759808 0.007273 0.045696
0 0.011586 0.515200 0.021471 0.009856
0 0.007004 0.775936 0.012777 0.318976
0 0.005297 0.854336 0.007264 0.041216
0 0.005288 0.711424 0.007281 0.041216
0 0.005286 0.662144 0.007286 0.043008
0 0.006284 0.550144 0.009754 0.085568
0 0.006238 0.554624 0.009846 0.087360
0 0.006193 0.558656 0.009935 0.088256
0 0.014905 0.779072 0.028227 0.190400
0 0.014557 0.652736 0.028922 0.308224
0 0.003507 0.585536 0.006379 0.123200
0 0.011656 0.143808 0.021331 0.010752
0 0.011621 0.114240 0.021402 0.008960
0 0.011621 0.132608 0.021401 0.011648
0 0.011622 0.150976 0.021399 0.008960
0 0.011641 0.510272 0.021361 0.010752
0 0.011643 0.490112 0.021357 0.009856
0 0.011679 0.504000 0.021284 0.008960
0 0.011679 0.494592 0.021285 0.008064
0 0.011677 0.485632 0.021288 0.009856
0 0.011677 0.468160 0.021289 0.010752
0 0.011675 0.449792 0.021293 0.009856
0 0.011633 0.302400 0.021377 0.008064
0 0.011632 0.292992 0.021378 0.008960
0 0.011632 0.284032 0.021378 0.008960
0 0.011630 0.275072 0.021382 0.008960
0 0.011628 0.265664 0.021386 0.013440
0 0.011661 0.206080 0.021321 0.009856
0 0.011657 0.188160 0.021328 0.009856
0 0.011630 0.239680 0.021382 0.008960
0 0.011628 0.230272 0.021386 0.009856
0 0.011629 0.212352 0.021385 0.009856
0 0.011617 0.251328 0.021408 0.011648
0 0.011616 0.223552 0.021411 0.008960
0 0.011616 0.205184 0.021411 0.008064
0 0.011610 0.170240 0.021423 0.009856
0 0.003524 0.301504 0.006345 0.173376
