0 0.010520 0.861504 0.019139 0.068096
0 0.010784 0.305984 0.018611 0.057792
0 0.010462 0.320320 0.019255 0.043456
0 0.010533 0.414848 0.019113 0.044800
0 0.010637 0.545664 0.018904 0.052864
0 0.010687 0.617344 0.018805 0.050624
0 0.010658 0.221312 0.018862 0.062272
0 0.010724 0.208768 0.018732 0.060032
0 0.010700 0.321216 0.018779 0.057792
0 0.010741 0.313600 0.018696 0.056448
0 0.010785 0.413504 0.018608 0.047040
0 0.010128 0.805504 0.019923 0.031808
0 0.010828 0.298368 0.018523 0.058688
0 0.010938 0.166656 0.018303 0.054208
0 0.010992 0.373184 0.018194 0.052864
0 0.010695 0.428288 0.018788 0.048384
0 0.010716 0.659904 0.018746 0.048384
0 0.010727 0.675136 0.018724 0.045696
0 0.010747 0.703360 0.018684 0.045696
0 0.010760 0.713664 0.018658 0.048384
0 0.010094 0.326144 0.019990 0.071680
