0 0.011165 0.048832 0.022312 0.002240
0 0.000624 0.292096 0.001248 0.009856
0 0.000306 0.195776 0.000613 0.008064
0 0.000327 0.191744 0.000653 0.009408
0 0.000289 0.225344 0.000577 0.008960
0 0.000328 0.224448 0.000656 0.008064
0 0.000307 0.221312 0.000614 0.008512
0 0.000349 0.220864 0.000699 0.008960
0 0.000331 0.257152 0.000662 0.008960
0 0.000351 0.253568 0.000702 0.009856
0 0.000352 0.245952 0.000705 0.008512
0 0.000351 0.285824 0.000703 0.008512
0 0.000372 0.281792 0.000744 0.010304
0 0.000390 0.278208 0.000781 0.008512
0 0.000377 0.314048 0.000754 0.010304
0 0.000609 0.272384 0.001218 0.010752
0 0.000601 0.262080 0.001202 0.010304
0 0.000286 0.199808 0.000572 0.008512
0 0.000267 0.196224 0.000534 0.008960
0 0.000276 0.162176 0.000552 0.008512
0 0.000158 0.116928 0.000316 0.008960
0 0.016363 0.029568 0.029774 0.007168
0 0.016384 0.008064 0.029733 0.008960
0 0.016663 0.027776 0.029174 0.007616
0 0.016275 0.035840 0.029950 0.004928
0 0.000144 0.091840 0.000289 0.006720
0 0.000155 0.100800 0.000311 0.009408
0 0.000127 0.074816 0.000254 0.009408
0 0.000274 0.169344 0.000548 0.008512
0 0.000244 0.088256 0.000488 0.012096
0 0.000266 0.110208 0.000533 0.012544
0 0.000279 0.119616 0.000558 0.009856
0 0.000243 0.105728 0.000486 0.008512
0 0.000254 0.173376 0.000507 0.008064
0 0.000255 0.165760 0.000510 0.008064
0 0.000595 0.251776 0.001189 0.011200
0 0.000633 0.301952 0.001265 0.010304
0 0.010471 0.008960 0.019236 0.003136
0 0.000639 0.311808 0.001278 0.009408
0 0.000688 0.313600 0.001376 0.010752
0 0.000703 0.316736 0.001405 0.010304
0 0.000725 0.286272 0.001451 0.010752
0 0.000741 0.305984 0.001482 0.011648
0 0.000750 0.316288 0.001500 0.012096
0 0.000756 0.326144 0.001512 0.010752
0 0.000679 0.527296 0.001359 0.008960
0 0.011666 0.065408 0.021310 0.004480
0 0.011666 0.062720 0.021310 0.003584
0 0.011673 0.068992 0.021298 0.004032
0 0.011674 0.071680 0.021295 0.003584
0 0.011662 0.059136 0.021318 0.003136
0 0.010543 0.056448 0.019093 0.005376
0 0.011632 0.022400 0.021379 0.004480
0 0.011585 0.021504 0.021473 0.002688
0 0.000711 0.326144 0.001421 0.010304
0 0.000693 0.323904 0.001387 0.009856
0 0.000701 0.333312 0.001402 0.009408
0 0.000641 0.236096 0.001282 0.011648
0 0.000648 0.322112 0.001295 0.009856
0 0.000654 0.331520 0.001309 0.010304
0 0.000662 0.341376 0.001325 0.009856
0 0.000670 0.351232 0.001341 0.009408
0 0.000650 0.262080 0.001300 0.011200
0 0.000642 0.252224 0.001284 0.011648
0 0.000649 0.198016 0.001299 0.008512
0 0.000689 0.340928 0.001377 0.008960
0 0.000670 0.195776 0.001339 0.007168
0 0.000711 0.190400 0.001423 0.008960
0 0.000224 0.073024 0.000448 0.006272
0 0.000695 0.185920 0.001391 0.007616
0 0.010812 0.217280 0.018555 0.004480
0 0.010759 0.211456 0.018660 0.006720
0 0.000122 0.038528 0.000244 0.008960
