0 0.011126 0.700672 0.017927 0.004032
0 0.001277 0.325696 0.001910 0.009856
0 0.001371 0.324352 0.001721 0.013888
0 0.001368 0.324352 0.001728 0.009856
0 0.001363 0.320320 0.001738 0.013888
0 0.001349 0.318080 0.001766 0.015232
0 0.001340 0.318080 0.001784 0.017920
0 0.001328 0.313152 0.001808 0.014336
0 0.001320 0.311360 0.001825 0.014336
0 0.001311 0.307776 0.001843 0.007168
0 0.001297 0.306880 0.001870 0.012096
0 0.001281 0.320768 0.001902 0.007168
0 0.001362 0.395584 0.001741 0.004480
0 0.001292 0.314048 0.001881 0.013440
0 0.002287 0.485632 0.004354 0.014336
0 0.009187 0.374528 0.017339 0.056000
0 0.005290 0.849856 0.007277 0.012544
0 0.011133 0.786688 0.017913 0.009856
0 0.010330 0.984256 0.019518 0.009856
0 0.004035 0.515200 0.005322 0.064064
0 0.003974 0.564480 0.005444 0.048832
0 0.003886 0.515648 0.005620 0.072576
0 0.001367 0.342720 0.001731 0.013888
0 0.001342 0.394688 0.001780 0.004032
0 0.005289 0.833280 0.007279 0.013888
0 0.001602 0.278208 0.001260 0.006720
0 0.001543 0.353920 0.001378 0.013888
0 0.001549 0.350784 0.001366 0.009408
0 0.001565 0.338240 0.001334 0.012096
0 0.001568 0.332416 0.001328 0.014336
0 0.001579 0.328832 0.001307 0.012544
0 0.001586 0.325248 0.001292 0.012096
0 0.001584 0.311360 0.001296 0.010752
0 0.001594 0.296576 0.001276 0.010752
0 0.001593 0.289856 0.001278 0.011200
0 0.001603 0.271488 0.001258 0.006720
0 0.001316 0.393792 0.001832 0.005376
0 0.001604 0.236096 0.001257 0.005376
0 0.001607 0.221760 0.001250 0.012544
0 0.001507 0.379008 0.001450 0.008512
0 0.001486 0.388416 0.001492 0.012096
0 0.001461 0.392896 0.001542 0.005824
0 0.001441 0.394688 0.001583 0.004480
0 0.001255 0.393792 0.001954 0.008512
0 0.001271 0.394240 0.001921 0.005824
0 0.001297 0.393792 0.001870 0.005376
0 0.004230 0.679616 0.004933 0.056000
