0 0.011980 0.499968 0.020683 0.018368
0 0.011730 0.374528 0.021182 0.022400
0 0.011722 0.383936 0.021199 0.024640
0 0.010559 0.380800 0.019060 0.022400
0 0.010491 0.344960 0.019197 0.024640
0 0.011498 0.210560 0.021647 0.022400
0 0.011187 0.073024 0.022269 0.022400
0 0.011168 0.150976 0.022307 0.026880
0 0.011234 0.189952 0.022176 0.018368
0 0.010128 0.211456 0.019922 0.028672
0 0.009812 0.527744 0.016090 0.094528
0 0.009811 0.442624 0.016092 0.096320
0 0.010665 0.429184 0.018849 0.032704
0 0.010411 0.313152 0.019356 0.026880
0 0.010223 0.241472 0.019732 0.034944
