0 0.010971 0.767424 0.018236 0.072128
0 0.010717 0.341376 0.018745 0.071680
0 0.010850 0.328832 0.018478 0.071680
0 0.010829 0.331520 0.018520 0.071680
0 0.010805 0.332864 0.018569 0.071680
0 0.010785 0.334208 0.018608 0.070784
0 0.010761 0.337344 0.018656 0.070784
0 0.010739 0.339136 0.018700 0.072128
0 0.010697 0.341824 0.018785 0.069888
0 0.010896 0.328384 0.018386 0.071680
0 0.010673 0.343616 0.018832 0.071680
0 0.010651 0.344960 0.018876 0.070784
0 0.010629 0.342720 0.018920 0.073024
0 0.010587 0.347200 0.019005 0.070784
0 0.010564 0.350336 0.019051 0.073024
0 0.010521 0.352128 0.019136 0.072128
0 0.010872 0.332864 0.018435 0.071680
0 0.010861 0.561792 0.018456 0.070784
0 0.012014 0.894208 0.020615 0.034048
0 0.010308 0.582848 0.019562 0.064064
0 0.010463 0.578368 0.019253 0.056896
0 0.010418 0.579712 0.019343 0.056000
0 0.010398 0.582848 0.019382 0.064064
0 0.010378 0.583296 0.019423 0.064960
0 0.010353 0.578816 0.019472 0.064064
0 0.010331 0.585088 0.019516 0.064064
0 0.010553 0.577920 0.019072 0.056000
0 0.010830 0.565824 0.018518 0.070784
0 0.010575 0.576576 0.019030 0.055104
0 0.010597 0.574336 0.018985 0.056896
0 0.010616 0.573888 0.018946 0.057792
0 0.010641 0.573440 0.018896 0.058688
0 0.010661 0.573440 0.018856 0.056896
0 0.010683 0.571200 0.018812 0.056896
0 0.010499 0.350784 0.019180 0.071680
0 0.010476 0.354816 0.019227 0.071680
0 0.010432 0.354368 0.019315 0.072128
0 0.010428 0.215040 0.019323 0.073920
0 0.010624 0.206080 0.018930 0.072128
0 0.010605 0.208320 0.018969 0.072128
0 0.010581 0.209216 0.019016 0.072128
0 0.010559 0.209664 0.019061 0.073024
0 0.010514 0.211008 0.019150 0.073024
0 0.010447 0.215488 0.019284 0.071680
0 0.010404 0.217728 0.019371 0.073024
0 0.010410 0.358848 0.019358 0.071680
0 0.010382 0.219072 0.019415 0.072128
0 0.010361 0.220864 0.019457 0.073024
0 0.010338 0.221312 0.019503 0.073920
0 0.010317 0.222208 0.019546 0.072128
0 0.010294 0.225344 0.019590 0.072128
0 0.010274 0.224896 0.019630 0.073024
0 0.010645 0.205184 0.018889 0.073920
0 0.010669 0.203840 0.018840 0.073024
0 0.010693 0.202944 0.018793 0.073024
0 0.010712 0.202496 0.018755 0.073024
0 0.010735 0.200704 0.018710 0.073024
0 0.010780 0.198016 0.018618 0.074816
0 0.010801 0.197568 0.018576 0.073024
0 0.010845 0.194880 0.018489 0.073024
0 0.010866 0.193088 0.018447 0.068992
0 0.010887 0.193088 0.018404 0.073920
0 0.010910 0.193088 0.018358 0.073920
0 0.010932 0.190848 0.018314 0.073024
0 0.010954 0.197568 0.018270 0.074816
0 0.010321 0.364224 0.019536 0.070784
0 0.010343 0.363328 0.019492 0.070784
0 0.010366 0.361536 0.019446 0.071680
0 0.010389 0.361088 0.019400 0.070784
0 0.010443 0.581504 0.019292 0.056896
0 0.010485 0.579264 0.019209 0.056896
0 0.010323 0.809536 0.019532 0.038080
0 0.011735 0.901824 0.021172 0.029120
0 0.011870 0.814912 0.020902 0.012992
0 0.011867 0.781760 0.020909 0.013888
0 0.011863 0.747264 0.020917 0.012992
0 0.011767 0.903616 0.021108 0.030016
0 0.011802 0.902272 0.021040 0.026880
0 0.011824 0.905856 0.020994 0.029120
0 0.011542 0.938112 0.021559 0.012992
0 0.010835 0.408128 0.018509 0.072128
0 0.011586 0.936320 0.021471 0.013888
0 0.011638 0.933632 0.021368 0.012096
0 0.011670 0.761152 0.021303 0.032704
0 0.011700 0.631232 0.021242 0.014784
0 0.010901 0.404992 0.018376 0.072128
0 0.010877 0.406336 0.018424 0.071680
0 0.011870 0.832832 0.020902 0.014784
0 0.011872 0.866432 0.020899 0.015232
0 0.011873 0.883456 0.020898 0.015232
0 0.011871 0.899584 0.020901 0.013888
0 0.011293 0.937664 0.022057 0.029120
0 0.011293 0.903616 0.022057 0.030016
0 0.011295 0.801472 0.022054 0.026880
0 0.011254 0.768768 0.022135 0.030016
0 0.011295 0.764288 0.022052 0.027776
0 0.011293 0.724416 0.022057 0.030912
0 0.011286 0.689024 0.022072 0.032704
0 0.011286 0.624512 0.022072 0.036736
0 0.011264 0.581952 0.022114 0.028224
0 0.011184 0.515648 0.022276 0.024192
0 0.011169 0.502656 0.022305 0.021056
0 0.011244 0.558208 0.022155 0.022848
0 0.012005 0.825216 0.020633 0.030912
0 0.010856 0.406784 0.018466 0.072128
0 0.010814 0.409920 0.018551 0.072128
0 0.010334 0.851200 0.019511 0.048832
0 0.010437 0.724416 0.019306 0.038976
0 0.010395 0.441280 0.019389 0.071680
0 0.010374 0.443072 0.019431 0.070784
0 0.010348 0.445312 0.019482 0.071680
0 0.010328 0.446208 0.019523 0.072128
0 0.010817 0.767872 0.018545 0.072128
0 0.010424 0.692160 0.019330 0.045696
0 0.010437 0.748608 0.019306 0.041216
0 0.010790 0.411264 0.018598 0.072128
0 0.010437 0.772352 0.019304 0.045696
0 0.010440 0.812224 0.019299 0.042112
0 0.010437 0.837312 0.019304 0.043904
0 0.010446 0.876736 0.019286 0.046144
0 0.010326 0.680960 0.019526 0.042112
0 0.010325 0.724416 0.019529 0.045696
0 0.010419 0.439488 0.019341 0.071680
0 0.010440 0.438144 0.019299 0.072128
0 0.010461 0.430976 0.019257 0.072128
0 0.010481 0.428736 0.019216 0.071680
0 0.010504 0.428736 0.019170 0.072128
0 0.010526 0.427840 0.019126 0.072128
0 0.010549 0.426496 0.019080 0.071680
0 0.010571 0.425152 0.019036 0.070784
0 0.010594 0.422912 0.018990 0.072128
0 0.010616 0.422016 0.018946 0.072128
0 0.010637 0.422912 0.018905 0.072128
0 0.010659 0.422464 0.018860 0.071680
0 0.010681 0.419776 0.018816 0.072128
0 0.010704 0.417088 0.018772 0.072128
0 0.010724 0.415296 0.018731 0.072128
0 0.010746 0.413952 0.018687 0.072128
0 0.010770 0.412608 0.018639 0.073024
0 0.010251 0.226240 0.019676 0.073920
