0 0.014041 0.332864 0.025490 0.025088
0 0.005036 0.363328 0.007786 0.024192
0 0.005047 0.403648 0.007763 0.024192
0 0.005036 0.426944 0.007786 0.025088
0 0.005014 0.457856 0.007829 0.022848
0 0.005004 0.482048 0.007850 0.023744
0 0.004942 0.465920 0.007974 0.023744
0 0.004931 0.403648 0.007994 0.024192
0 0.004973 0.348544 0.007912 0.022848
0 0.015866 0.286272 0.030768 0.098560
0 0.008951 0.834176 0.017812 0.017920
0 0.008984 0.719488 0.017746 0.032256
0 0.009028 0.778176 0.017659 0.011200
0 0.009048 0.758912 0.017617 0.021952
