0 0.000329 0.556864 0.000657 0.010304
0 0.010633 0.674240 0.018914 0.008064
0 0.012639 0.696192 0.023828 0.006720
0 0.000415 0.852544 0.000830 0.010304
0 0.000437 0.609728 0.000874 0.007168
0 0.000472 0.607936 0.000943 0.007616
0 0.000478 0.598080 0.000957 0.006720
0 0.000448 0.626304 0.000896 0.008064
0 0.012750 0.631680 0.023608 0.005376
0 0.000513 0.655424 0.001026 0.009408
0 0.000518 0.664832 0.001037 0.011200
0 0.000519 0.674240 0.001038 0.008512
0 0.000524 0.685440 0.001049 0.009408
0 0.010650 0.673792 0.018879 0.007616
0 0.000342 0.587328 0.000683 0.011200
0 0.000522 0.699776 0.001044 0.007168
0 0.000554 0.698432 0.001108 0.008512
0 0.000586 0.696192 0.001171 0.007616
0 0.000618 0.694400 0.001236 0.008064
0 0.000536 0.764288 0.001071 0.020608
0 0.000573 0.811776 0.001146 0.010304
0 0.000499 0.814912 0.000997 0.010752
0 0.000481 0.822528 0.000963 0.011200
0 0.000493 0.835072 0.000985 0.011200
0 0.000495 0.845824 0.000990 0.010752
0 0.000502 0.856128 0.001005 0.010752
0 0.012631 0.671104 0.023845 0.007616
0 0.000336 0.577024 0.000673 0.010304
0 0.000311 0.563136 0.000623 0.010752
0 0.000253 0.440384 0.000506 0.010752
0 0.000196 0.306432 0.000393 0.012544
0 0.000215 0.302400 0.000431 0.009408
0 0.000206 0.326144 0.000411 0.013440
0 0.000221 0.341824 0.000441 0.010752
0 0.000240 0.372288 0.000479 0.012096
0 0.000242 0.383936 0.000484 0.010304
0 0.000233 0.409920 0.000465 0.010304
0 0.000252 0.403648 0.000505 0.010752
0 0.000262 0.424256 0.000524 0.009856
0 0.000245 0.430528 0.000490 0.010304
0 0.000271 0.434560 0.000543 0.011200
0 0.000258 0.450240 0.000517 0.010752
0 0.000324 0.546112 0.000648 0.011648
0 0.000260 0.461888 0.000520 0.010752
0 0.000277 0.455168 0.000553 0.009408
0 0.000275 0.444864 0.000550 0.008960
0 0.000314 0.358848 0.000629 0.012544
0 0.000322 0.381696 0.000644 0.011200
0 0.000342 0.425600 0.000683 0.009856
0 0.000351 0.436800 0.000701 0.011200
0 0.000354 0.448000 0.000709 0.011200
0 0.000476 0.532224 0.000952 0.026432
0 0.000499 0.509824 0.000999 0.012544
0 0.000298 0.542080 0.000597 0.011200
0 0.000662 0.835520 0.001324 0.013440
0 0.000647 0.846272 0.001294 0.013888
0 0.000672 0.857920 0.001344 0.017920
0 0.000962 0.174720 0.001924 0.010752
0 0.000669 0.089600 0.001337 0.011648
0 0.000645 0.099456 0.001289 0.011200
0 0.000718 0.122752 0.001436 0.019712
0 0.000669 0.128128 0.001337 0.019264
0 0.000575 0.138880 0.001150 0.008512
0 0.000608 0.138432 0.001215 0.008064
0 0.000773 0.170688 0.001546 0.007616
0 0.000886 0.173376 0.001771 0.010304
0 0.000929 0.172928 0.001859 0.009856
0 0.000952 0.025088 0.001904 0.009856
0 0.000594 0.170688 0.001188 0.007616
0 0.000205 0.316288 0.000410 0.012096
0 0.000711 0.865984 0.001422 0.019264
0 0.000200 0.337792 0.000400 0.010752
0 0.000205 0.348096 0.000410 0.010752
0 0.000370 0.639296 0.000741 0.011200
0 0.000345 0.634368 0.000691 0.009856
0 0.000360 0.628544 0.000721 0.009856
0 0.000355 0.618240 0.000710 0.010304
0 0.000334 0.614208 0.000668 0.009856
0 0.000353 0.607936 0.000706 0.009856
0 0.000331 0.603904 0.000662 0.008512
0 0.000345 0.597632 0.000691 0.010752
0 0.000321 0.583296 0.000642 0.009856
0 0.000701 0.081984 0.001402 0.008064
0 0.000741 0.079744 0.001483 0.006272
0 0.000828 0.076608 0.001656 0.006720
0 0.000877 0.078400 0.001753 0.011648
0 0.000746 0.875392 0.001492 0.017920
0 0.000785 0.884352 0.001570 0.019712
0 0.000849 0.897792 0.001699 0.019712
0 0.000934 0.919744 0.001868 0.014336
0 0.001029 0.937216 0.002058 0.024192
0 0.000759 0.722624 0.001517 0.021504
0 0.000788 0.672000 0.001576 0.006720
0 0.000813 0.670656 0.001626 0.008064
0 0.000837 0.671552 0.001674 0.007168
0 0.000863 0.669312 0.001726 0.008064
0 0.000891 0.671104 0.001782 0.006720
0 0.000918 0.670656 0.001836 0.008064
0 0.000905 0.649152 0.001811 0.010304
0 0.000882 0.568064 0.001764 0.011200
0 0.000994 0.671552 0.001989 0.006720
0 0.000797 0.369152 0.001594 0.009856
0 0.000997 0.025088 0.001993 0.009408
0 0.000970 0.040320 0.001940 0.012544
0 0.001002 0.064512 0.002004 0.008960
0 0.000897 0.031360 0.001794 0.011200
0 0.000898 0.043904 0.001797 0.011648
0 0.000896 0.056448 0.001792 0.010752
0 0.000896 0.068544 0.001792 0.011200
0 0.000199 0.297472 0.000397 0.009856
