0 0.016661 0.485632 0.029177 0.008512
0 0.016503 0.456064 0.029493 0.011648
0 0.016490 0.128576 0.029520 0.025984
0 0.016631 0.176960 0.029238 0.010304
0 0.016628 0.324800 0.029243 0.017920
0 0.016391 0.187264 0.029719 0.017024
0 0.016330 0.195776 0.029840 0.015232
0 0.016549 0.490112 0.029401 0.009408
0 0.016083 0.506688 0.030334 0.022400
0 0.015738 0.700672 0.031023 0.010752
0 0.015695 0.785792 0.031110 0.008512
0 0.013821 0.870912 0.025930 0.084224
0 0.015718 0.956928 0.031064 0.019712
0 0.004701 0.320768 0.008455 0.011200
0 0.004738 0.380352 0.008381 0.011200
0 0.004738 0.397824 0.008381 0.011648
0 0.004801 0.355712 0.008254 0.011200
0 0.004800 0.337792 0.008257 0.010304
0 0.004800 0.301952 0.008257 0.011648
0 0.015674 0.799232 0.031151 0.007168
0 0.016559 0.366912 0.029381 0.011648
0 0.015802 0.361984 0.030896 0.008960
