0 0.012111 0.040768 0.020420 0.019264
0 0.012087 0.031808 0.020470 0.017472
0 0.000768 0.693952 0.001536 0.036736
0 0.000795 0.652736 0.001591 0.035840
0 0.000825 0.609728 0.001650 0.035840
0 0.000851 0.569856 0.001702 0.037632
0 0.000878 0.529088 0.001756 0.042112
0 0.000908 0.489216 0.001816 0.038976
0 0.000935 0.447552 0.001870 0.039872
0 0.000989 0.365568 0.001979 0.038976
0 0.000985 0.291200 0.001971 0.038080
0 0.000826 0.327936 0.001653 0.037632
0 0.000746 0.606592 0.001492 0.030912
0 0.000651 0.588672 0.001301 0.036736
0 0.000599 0.662592 0.001198 0.036736
0 0.000551 0.736960 0.001102 0.036736
0 0.000447 0.662592 0.000895 0.036736
0 0.000507 0.572544 0.001014 0.036736
0 0.000532 0.533568 0.001063 0.036736
0 0.000557 0.496384 0.001115 0.034496
0 0.000605 0.422464 0.001210 0.035840
0 0.000644 0.365120 0.001288 0.034944
0 0.000457 0.339136 0.000913 0.031808
0 0.000479 0.301056 0.000957 0.034496
0 0.000511 0.265664 0.001022 0.041664
0 0.000533 0.228480 0.001066 0.037632
0 0.000354 0.177408 0.000709 0.034496
0 0.000288 0.163520 0.000577 0.031808
0 0.000173 0.133056 0.000347 0.033600
0 0.000742 0.732032 0.001485 0.036736
0 0.000719 0.774144 0.001438 0.038080
0 0.001064 0.849408 0.002129 0.031808
0 0.011878 0.157248 0.020886 0.017472
0 0.012141 0.087808 0.020361 0.020608
0 0.012115 0.082880 0.020413 0.019264
0 0.012118 0.102592 0.020407 0.016576
0 0.012106 0.099456 0.020431 0.016576
0 0.011026 0.239680 0.018126 0.015232
0 0.012106 0.142464 0.020431 0.021504
0 0.012079 0.092288 0.020485 0.022400
0 0.012049 0.022848 0.020545 0.018368
0 0.010884 0.063168 0.018411 0.025536
0 0.011960 0.107072 0.020723 0.017472
0 0.011921 0.165312 0.020801 0.016576
0 0.011894 0.158592 0.020855 0.016128
0 0.011868 0.124544 0.020907 0.016128
0 0.010311 0.263424 0.019556 0.021504
0 0.011875 0.116480 0.020894 0.012544
0 0.011878 0.107520 0.020886 0.012544
0 0.011888 0.096320 0.020868 0.016128
0 0.011895 0.086912 0.020852 0.012544
0 0.011906 0.067648 0.020832 0.011200
0 0.011908 0.060032 0.020826 0.012096
0 0.011900 0.044800 0.020842 0.016128
0 0.011884 0.041664 0.020876 0.019264
0 0.011831 0.027776 0.020982 0.014336
0 0.011816 0.026880 0.021010 0.016576
0 0.011802 0.022400 0.021039 0.014336
0 0.010318 0.244608 0.019544 0.018368
0 0.000041 0.103488 0.000083 0.024640
