0 0.000487 0.842688 0.000973 0.006720
0 0.000707 0.406784 0.001413 0.009408
0 0.000871 0.408128 0.001742 0.008512
0 0.000788 0.406784 0.001577 0.009856
0 0.000695 0.488320 0.001389 0.009856
0 0.000700 0.478016 0.001400 0.009408
0 0.000699 0.467712 0.001398 0.009856
0 0.000703 0.457856 0.001406 0.009408
0 0.000704 0.437696 0.001408 0.009856
0 0.000708 0.396032 0.001417 0.010752
0 0.000787 0.427840 0.001575 0.009408
0 0.000589 0.405888 0.001177 0.010304
0 0.000518 0.405440 0.001036 0.008512
0 0.000455 0.404544 0.000910 0.005824
0 0.000279 0.403200 0.000559 0.007168
0 0.000568 0.339136 0.001136 0.007168
0 0.000460 0.339584 0.000919 0.007168
0 0.000483 0.353024 0.000966 0.007168
0 0.000869 0.418432 0.001738 0.008960
0 0.000873 0.428288 0.001746 0.009856
0 0.000385 0.360192 0.000771 0.014336
0 0.000595 0.552384 0.001190 0.009408
0 0.000925 0.606592 0.001850 0.024192
0 0.000890 0.593600 0.001781 0.016576
0 0.000911 0.585984 0.001822 0.014784
0 0.000681 0.590912 0.001361 0.017472
0 0.000829 0.551936 0.001658 0.013888
0 0.000698 0.552384 0.001396 0.008960
0 0.000653 0.552384 0.001305 0.010752
0 0.000557 0.550592 0.001114 0.007616
0 0.000870 0.439040 0.001740 0.010304
0 0.000503 0.548352 0.001007 0.007616
0 0.000781 0.468608 0.001562 0.008512
0 0.000863 0.480704 0.001725 0.009856
0 0.000866 0.469952 0.001733 0.009408
0 0.000864 0.459648 0.001729 0.009856
0 0.000866 0.448896 0.001733 0.009408
0 0.000782 0.437696 0.001564 0.009856
0 0.000448 0.348544 0.000895 0.011200
0 0.000347 0.350336 0.000695 0.007616
0 0.000651 0.621824 0.001302 0.021952
0 0.000806 0.100352 0.001612 0.011200
0 0.000977 0.156352 0.001954 0.011648
0 0.000978 0.142912 0.001955 0.010752
0 0.000981 0.129024 0.001963 0.013440
0 0.000981 0.116480 0.001963 0.012992
0 0.000752 0.166656 0.001504 0.009408
0 0.000786 0.123200 0.001571 0.007168
0 0.000746 0.123648 0.001491 0.007616
0 0.000777 0.092736 0.001554 0.011200
0 0.000965 0.225792 0.001929 0.012096
0 0.000685 0.096768 0.001370 0.011648
0 0.000910 0.103488 0.001820 0.012544
0 0.000886 0.094528 0.001772 0.011648
0 0.000819 0.071232 0.001638 0.011648
0 0.000658 0.018368 0.001317 0.011200
0 0.000749 0.084224 0.001499 0.011200
0 0.000721 0.074816 0.001443 0.011648
0 0.000739 0.238336 0.001478 0.009856
0 0.000966 0.238336 0.001931 0.012096
0 0.000852 0.336448 0.001705 0.011200
0 0.000742 0.314944 0.001484 0.009408
0 0.000797 0.336448 0.001593 0.006720
0 0.000750 0.335552 0.001500 0.008064
0 0.000751 0.345408 0.001502 0.009408
0 0.000710 0.345856 0.001421 0.008064
0 0.000714 0.335552 0.001428 0.007616
0 0.000832 0.316288 0.001664 0.006720
0 0.000786 0.315840 0.001573 0.006720
0 0.013203 0.331072 0.022702 0.011200
0 0.000972 0.254912 0.001944 0.018368
0 0.000861 0.294784 0.001721 0.007168
0 0.000814 0.294336 0.001629 0.007168
0 0.000769 0.294336 0.001538 0.006720
0 0.000726 0.294336 0.001452 0.007168
0 0.000769 0.275072 0.001538 0.007616
0 0.000731 0.275072 0.001461 0.008960
0 0.000478 0.256704 0.000956 0.014336
0 0.000910 0.628544 0.001820 0.017472
0 0.000709 0.661696 0.001419 0.008512
0 0.000408 0.841792 0.000815 0.008064
0 0.000277 0.878976 0.000553 0.008960
0 0.000782 0.900480 0.001564 0.008960
0 0.000877 0.901824 0.001755 0.006272
0 0.000785 0.879424 0.001569 0.008064
0 0.000654 0.878528 0.001307 0.006720
0 0.000469 0.879424 0.000938 0.010304
0 0.000401 0.880320 0.000802 0.009408
0 0.000341 0.878976 0.000682 0.008512
0 0.000201 0.874496 0.000401 0.009408
0 0.000654 0.899584 0.001307 0.006272
0 0.000829 0.836864 0.001658 0.008064
0 0.000808 0.846720 0.001616 0.009408
0 0.000893 0.854336 0.001786 0.010304
0 0.000827 0.857920 0.001655 0.006720
0 0.000785 0.857472 0.001569 0.006272
0 0.000742 0.857024 0.001484 0.007168
0 0.000698 0.857024 0.001396 0.005824
0 0.000756 0.888832 0.001512 0.008960
0 0.000611 0.899136 0.001222 0.006720
0 0.000617 0.856576 0.001233 0.005824
0 0.000779 0.479360 0.001558 0.008064
0 0.000304 0.899136 0.000607 0.009856
0 0.000734 0.706048 0.001469 0.014784
0 0.000721 0.726208 0.001443 0.006720
0 0.000889 0.662144 0.001777 0.011648
0 0.000698 0.499072 0.001396 0.010304
0 0.000861 0.501312 0.001721 0.010304
0 0.000785 0.499072 0.001569 0.011200
0 0.000780 0.457856 0.001560 0.009408
0 0.000428 0.899136 0.000856 0.006272
0 0.000875 0.387072 0.001749 0.010752
0 0.000705 0.417088 0.001409 0.010304
0 0.000410 0.969024 0.000821 0.015680
0 0.000588 0.969920 0.001175 0.014336
0 0.000700 0.977984 0.001400 0.012992
0 0.000737 0.970368 0.001474 0.015680
0 0.000500 0.898688 0.001001 0.009856
0 0.000658 0.857024 0.001317 0.006272
0 0.000220 0.856576 0.000440 0.010752
0 0.000660 0.662592 0.001320 0.012544
0 0.013151 0.759808 0.022804 0.004928
0 0.000251 0.768320 0.000501 0.015680
0 0.000251 0.763392 0.000501 0.011200
0 0.000799 0.749056 0.001597 0.007168
0 0.000758 0.748608 0.001515 0.006272
0 0.000804 0.726656 0.001608 0.006720
0 0.000759 0.726208 0.001517 0.005824
0 0.000676 0.726208 0.001352 0.006720
0 0.013158 0.745472 0.022791 0.007168
0 0.000858 0.795200 0.001716 0.010304
0 0.013153 0.727552 0.022801 0.008960
0 0.013152 0.701120 0.022802 0.008960
0 0.000815 0.706496 0.001630 0.015680
0 0.000675 0.708288 0.001350 0.008960
0 0.000474 0.702912 0.000949 0.006720
0 0.000382 0.701120 0.000763 0.006720
0 0.000252 0.698880 0.000503 0.007616
0 0.000836 0.770560 0.001671 0.008064
0 0.000793 0.793408 0.001586 0.006720
0 0.000353 0.858816 0.000706 0.007168
0 0.000832 0.814016 0.001664 0.006720
0 0.000396 0.859264 0.000793 0.006720
0 0.000442 0.859712 0.000884 0.007168
0 0.000487 0.860608 0.000975 0.007168
0 0.000350 0.842240 0.000700 0.007168
0 0.000661 0.835072 0.001322 0.006720
0 0.000746 0.835968 0.001491 0.005824
0 0.000822 0.824320 0.001643 0.009408
0 0.000789 0.814016 0.001578 0.005824
0 0.000751 0.792512 0.001502 0.007168
0 0.000747 0.814464 0.001495 0.005824
0 0.000708 0.813568 0.001417 0.007168
0 0.000307 0.813568 0.000615 0.011200
0 0.000266 0.813120 0.000533 0.008960
0 0.000625 0.791616 0.001250 0.005824
0 0.000666 0.791616 0.001331 0.005824
0 0.000710 0.792064 0.001421 0.007168
0 0.000591 0.066752 0.001183 0.012096
