0 0.016475 0.172928 0.029550 0.021504
0 0.016586 0.275968 0.029329 0.010752
0 0.016624 0.336896 0.029252 0.022848
0 0.016615 0.388416 0.029271 0.016576
0 0.016643 0.457856 0.029214 0.025536
0 0.016644 0.542528 0.029212 0.022848
0 0.016320 0.708736 0.029859 0.015680
0 0.016359 0.641536 0.029782 0.017920
0 0.016400 0.594944 0.029701 0.016576
0 0.016449 0.557760 0.029603 0.025536
0 0.015838 0.706944 0.030824 0.015680
0 0.015925 0.527744 0.030651 0.014784
0 0.015905 0.767424 0.030690 0.016576
0 0.015721 0.783104 0.031058 0.020608
0 0.015704 0.286720 0.031091 0.022848
