0 0.011862 0.934080 0.020919 0.033152
0 0.012226 0.578816 0.020192 0.036288
0 0.011892 0.210560 0.020859 0.033152
0 0.011538 0.221312 0.021568 0.042112
0 0.011299 0.065856 0.022046 0.037184
0 0.011169 0.168448 0.022306 0.019264
0 0.010555 0.370496 0.019068 0.063168
0 0.010555 0.404544 0.019068 0.065408
0 0.010551 0.439488 0.019076 0.069440
0 0.010545 0.508032 0.019089 0.069440
0 0.010544 0.542080 0.019091 0.069440
0 0.010549 0.609728 0.019081 0.063168
0 0.010553 0.669760 0.019073 0.061376
0 0.010558 0.703360 0.019062 0.062272
0 0.010557 0.737408 0.019065 0.063168
0 0.010284 0.745920 0.019611 0.062272
0 0.010286 0.680960 0.019606 0.061376
0 0.010282 0.648704 0.019614 0.061376
0 0.010282 0.588224 0.019614 0.053312
0 0.010278 0.557760 0.019622 0.064512
0 0.010272 0.523264 0.019635 0.055104
0 0.010257 0.367360 0.019664 0.057344
0 0.010273 0.339584 0.019632 0.056448
0 0.012194 0.577920 0.020255 0.036288
0 0.011924 0.316736 0.020796 0.017920
0 0.012186 0.926912 0.020270 0.017024
0 0.011935 0.337792 0.020772 0.013888
0 0.012190 0.904064 0.020263 0.017024
0 0.012193 0.881216 0.020257 0.016128
0 0.012194 0.858368 0.020255 0.013888
0 0.011828 0.849856 0.020987 0.015232
0 0.011947 0.759808 0.020748 0.017920
0 0.011934 0.736512 0.020775 0.020160
0 0.011943 0.714112 0.020756 0.017024
0 0.011946 0.692160 0.020751 0.017024
0 0.011938 0.671552 0.020767 0.016128
0 0.011937 0.646912 0.020769 0.017024
0 0.011933 0.624512 0.020777 0.017024
0 0.011945 0.603008 0.020754 0.017920
0 0.011815 0.742336 0.021014 0.017024
0 0.011813 0.693952 0.021016 0.017024
0 0.011805 0.628544 0.021032 0.017024
0 0.011937 0.581056 0.020769 0.016128
0 0.011943 0.559104 0.020756 0.017024
0 0.011937 0.536704 0.020769 0.016128
0 0.011945 0.515200 0.020754 0.015232
0 0.011934 0.491904 0.020775 0.015232
0 0.011929 0.356608 0.020785 0.016128
0 0.010268 0.308672 0.019643 0.066304
