0 0.000443 0.787136 0.000887 0.008064
0 0.000512 0.383040 0.001025 0.008064
0 0.000594 0.353920 0.001189 0.008960
0 0.000615 0.358848 0.001229 0.010752
0 0.000613 0.368256 0.001226 0.009856
0 0.000581 0.378560 0.001163 0.014784
0 0.000691 0.401408 0.001382 0.019264
0 0.000698 0.416192 0.001397 0.006272
0 0.000522 0.370048 0.001043 0.017920
0 0.000613 0.340480 0.001226 0.009856
0 0.000515 0.359296 0.001031 0.010304
0 0.000525 0.348544 0.001051 0.011648
0 0.000522 0.335104 0.001043 0.009856
0 0.000522 0.325696 0.001043 0.008960
0 0.000406 0.352128 0.000812 0.014336
0 0.000444 0.340480 0.000889 0.025088
0 0.000612 0.349440 0.001224 0.008960
0 0.000664 0.355712 0.001329 0.012544
0 0.000613 0.331072 0.001226 0.008512
0 0.000398 0.481600 0.000797 0.006272
0 0.000392 0.548352 0.000784 0.008960
0 0.000393 0.538496 0.000786 0.008960
0 0.000391 0.529088 0.000782 0.007616
0 0.000397 0.509824 0.000793 0.008064
0 0.000397 0.500864 0.000793 0.008512
0 0.000397 0.491456 0.000795 0.008512
0 0.000400 0.464128 0.000800 0.008064
0 0.000658 0.368256 0.001316 0.014784
0 0.000401 0.450688 0.000802 0.008512
0 0.000405 0.436800 0.000810 0.009856
0 0.000492 0.464576 0.000984 0.008960
0 0.000491 0.445760 0.000983 0.008064
0 0.000986 0.423808 0.001973 0.005824
0 0.000685 0.382592 0.001369 0.012096
0 0.000423 0.326592 0.000846 0.010752
0 0.000612 0.321664 0.001224 0.008512
0 0.000443 0.777728 0.000887 0.008512
0 0.000706 0.039424 0.001411 0.011200
0 0.000537 0.203392 0.001075 0.008064
0 0.000495 0.202944 0.000990 0.005824
0 0.000592 0.186816 0.001183 0.008512
0 0.000543 0.185024 0.001086 0.007168
0 0.000501 0.186368 0.001003 0.006272
0 0.000456 0.185024 0.000913 0.008064
0 0.000611 0.097664 0.001222 0.009408
0 0.000619 0.204736 0.001238 0.006272
0 0.000616 0.071680 0.001233 0.008960
0 0.000610 0.065408 0.001220 0.008512
0 0.000520 0.077056 0.001040 0.008960
0 0.000530 0.057792 0.001060 0.007616
0 0.000438 0.082880 0.000876 0.007616
0 0.000433 0.077056 0.000867 0.008064
0 0.000577 0.204288 0.001154 0.005824
0 0.000535 0.222656 0.001069 0.007168
0 0.000615 0.312704 0.001229 0.006272
0 0.000624 0.278208 0.001248 0.005376
0 0.000616 0.303744 0.001233 0.008960
0 0.000698 0.316288 0.001397 0.011200
0 0.000752 0.306880 0.001503 0.015680
0 0.000520 0.306432 0.001040 0.007168
0 0.000525 0.297024 0.001051 0.008512
0 0.000583 0.275072 0.001167 0.013440
0 0.000605 0.260288 0.001211 0.005376
0 0.000577 0.222208 0.001154 0.006720
0 0.000569 0.259392 0.001137 0.006272
0 0.000524 0.259392 0.001047 0.005376
0 0.000612 0.241472 0.001224 0.005824
0 0.000574 0.240576 0.001148 0.006720
0 0.000443 0.218624 0.000885 0.011648
0 0.000618 0.222656 0.001237 0.006272
0 0.000388 0.569856 0.000777 0.008960
0 0.000383 0.584192 0.000766 0.008960
0 0.000491 0.482944 0.000983 0.008960
0 0.000432 0.315840 0.000863 0.009856
0 0.000521 0.393344 0.001042 0.010752
0 0.000421 0.381248 0.000843 0.009408
0 0.000416 0.374976 0.000832 0.011200
0 0.000520 0.316288 0.001040 0.008960
0 0.000493 0.277312 0.000986 0.006272
0 0.000431 0.307328 0.000861 0.008960
0 0.000662 0.279104 0.001323 0.004928
0 0.000497 0.436800 0.000994 0.008512
0 0.000666 0.260288 0.001332 0.006720
0 0.000533 0.241024 0.001065 0.007168
0 0.000492 0.241024 0.000984 0.006720
0 0.000727 0.054656 0.001454 0.008512
0 0.000523 0.097216 0.001045 0.008960
0 0.000516 0.090496 0.001032 0.008064
0 0.000501 0.427840 0.001001 0.009408
0 0.000486 0.510720 0.000972 0.008512
0 0.000487 0.500864 0.000973 0.007616
0 0.000364 0.699776 0.000729 0.009408
0 0.000444 0.768320 0.000889 0.009408
0 0.000443 0.749504 0.000885 0.007616
0 0.000451 0.739200 0.000902 0.008960
0 0.000539 0.739648 0.001078 0.008512
0 0.000453 0.710528 0.000905 0.009408
0 0.000461 0.672896 0.000922 0.007616
0 0.000338 0.736960 0.000675 0.010752
0 0.000486 0.519680 0.000972 0.008960
0 0.000769 0.895552 0.001538 0.012992
0 0.000777 0.913472 0.001555 0.008512
0 0.000483 0.559104 0.000966 0.009408
0 0.000570 0.580608 0.001139 0.009408
0 0.000578 0.547904 0.001156 0.008064
0 0.000578 0.527744 0.001156 0.008960
0 0.000432 0.095424 0.000863 0.012096
0 0.000420 0.387520 0.000841 0.012096
0 0.000955 0.737408 0.001910 0.006720
0 0.000580 0.502208 0.001159 0.008512
0 0.000823 0.639296 0.001645 0.008960
0 0.000417 0.635264 0.000834 0.007168
0 0.000681 0.509376 0.001362 0.012096
0 0.000625 0.532672 0.001249 0.007616
0 0.000575 0.537600 0.001150 0.008960
0 0.000578 0.518336 0.001156 0.008512
0 0.000581 0.493248 0.001161 0.008512
0 0.000759 0.736960 0.001518 0.009408
0 0.000579 0.483840 0.001157 0.007616
0 0.000479 0.581952 0.000959 0.008960
0 0.000483 0.570304 0.000966 0.008064
0 0.000484 0.548352 0.000968 0.008064
0 0.000487 0.538944 0.000973 0.009408
0 0.000483 0.529536 0.000966 0.008512
0 0.000363 0.681408 0.000725 0.009408
0 0.000361 0.714112 0.000721 0.012992
0 0.000345 0.721280 0.000690 0.011648
0 0.000362 0.745472 0.000723 0.012992
0 0.000458 0.681408 0.000916 0.008064
0 0.000450 0.700224 0.000900 0.008512
0 0.000454 0.719488 0.000907 0.008960
0 0.000537 0.749504 0.001075 0.008960
0 0.000535 0.759360 0.001071 0.008960
0 0.000535 0.787584 0.001069 0.010304
0 0.000763 0.907648 0.001526 0.014336
0 0.000754 0.918848 0.001507 0.012544
0 0.000770 0.929600 0.001540 0.015232
0 0.000790 0.921984 0.001581 0.012544
0 0.000836 0.920192 0.001673 0.011648
0 0.000835 0.937216 0.001671 0.015680
0 0.011066 0.823424 0.018047 0.008512
0 0.000437 0.070336 0.000874 0.007616
