0 0.000387 0.948416 0.000773 0.058688
0 0.000628 0.389760 0.001256 0.076608
0 0.001005 0.430080 0.002009 0.103040
0 0.000902 0.307776 0.001805 0.193088
0 0.000958 0.348992 0.001915 0.102144
0 0.000869 0.364672 0.001737 0.068544
0 0.000807 0.370048 0.001614 0.079744
0 0.000684 0.356160 0.001369 0.073920
0 0.000598 0.426944 0.001197 0.099904
0 0.000290 0.956032 0.000579 0.047488
0 0.000515 0.463680 0.001029 0.129472
0 0.000412 0.528640 0.000825 0.118272
0 0.000373 0.583296 0.000747 0.073920
0 0.000321 0.618688 0.000642 0.094080
0 0.000323 0.609728 0.000647 0.132160
0 0.000221 0.646016 0.000442 0.073920
0 0.000854 0.502656 0.001708 0.053312
0 0.000912 0.567168 0.001825 0.043456
0 0.000971 0.528640 0.001942 0.043456
0 0.000971 0.497280 0.001942 0.067648
0 0.001033 0.524160 0.002066 0.076608
0 0.000819 0.607936 0.001639 0.044352
0 0.000782 0.626752 0.001563 0.045248
0 0.000533 0.853440 0.001066 0.072576
0 0.000464 0.797440 0.000929 0.059584
0 0.000280 0.908096 0.000561 0.058688
0 0.000358 0.898688 0.000716 0.059584
0 0.000469 0.887488 0.000937 0.124096
0 0.000880 0.927360 0.001760 0.070784
0 0.000883 0.308224 0.001766 0.048384
0 0.001019 0.560896 0.002038 0.055552
0 0.000680 0.702912 0.001361 0.123200
0 0.000679 0.768320 0.001359 0.055552
0 0.000159 0.695744 0.000317 0.082880
