0 0.000708 0.451584 0.001416 0.019712
0 0.000873 0.262528 0.001745 0.033600
0 0.000502 0.873600 0.001004 0.037632
0 0.000459 0.813568 0.000918 0.034944
0 0.000443 0.787584 0.000887 0.035840
0 0.000418 0.746368 0.000835 0.038528
0 0.000376 0.687232 0.000752 0.035840
0 0.000338 0.624512 0.000677 0.034496
0 0.000318 0.599424 0.000636 0.036288
0 0.000299 0.573440 0.000599 0.039872
0 0.000278 0.542080 0.000555 0.030912
0 0.000242 0.477568 0.000484 0.034944
0 0.010601 0.544768 0.018976 0.030912
0 0.000636 0.529984 0.001272 0.083328
0 0.000993 0.869568 0.001985 0.076160
0 0.000883 0.872256 0.001766 0.109760
0 0.000793 0.873152 0.001585 0.103040
0 0.000966 0.666176 0.001932 0.088704
0 0.000894 0.323904 0.001789 0.088704
0 0.000843 0.280896 0.001685 0.095424
0 0.000892 0.213696 0.001783 0.094976
0 0.000527 0.907648 0.001053 0.038976
0 0.000993 0.104832 0.001985 0.019712
0 0.000758 0.446656 0.001516 0.017472
0 0.000593 0.506240 0.001186 0.020160
0 0.000841 0.445760 0.001682 0.018816
0 0.000760 0.508928 0.001520 0.022848
0 0.000793 0.511168 0.001585 0.018816
0 0.000821 0.510272 0.001641 0.022400
0 0.000853 0.510272 0.001707 0.021504
0 0.000885 0.511616 0.001771 0.021056
0 0.001017 0.523712 0.002034 0.035840
0 0.001075 0.468160 0.002150 0.042560
0 0.000853 0.581504 0.001705 0.019712
0 0.000795 0.580160 0.001590 0.021056
0 0.000354 0.659008 0.000708 0.042560
0 0.000261 0.508928 0.000523 0.034944
0 0.000767 0.580160 0.001534 0.019712
0 0.000886 0.577920 0.001772 0.019712
0 0.000870 0.443520 0.001741 0.019712
0 0.000787 0.446656 0.001573 0.020160
0 0.000736 0.448896 0.001472 0.022400
0 0.000716 0.582400 0.001431 0.020160
0 0.000672 0.508928 0.001344 0.032256
0 0.000810 0.207872 0.001620 0.064064
