0 0.000684 0.553280 0.001369 0.099456
0 0.000636 0.867328 0.001271 0.080192
0 0.000192 0.648256 0.000384 0.082880
0 0.000198 0.750400 0.000396 0.102144
0 0.000209 0.857024 0.000418 0.136192
0 0.010444 0.427840 0.019291 0.044800
0 0.010455 0.400512 0.019268 0.047488
0 0.010470 0.378112 0.019239 0.046144
0 0.000935 0.740096 0.001870 0.233856
0 0.000913 0.633472 0.001826 0.058688
0 0.000879 0.835968 0.001758 0.072128
0 0.000892 0.310016 0.001783 0.138880
0 0.000858 0.173376 0.001717 0.137536
0 0.000434 0.591808 0.000868 0.043456
0 0.000457 0.591808 0.000914 0.040768
0 0.000486 0.589120 0.000972 0.040768
0 0.000485 0.724416 0.000970 0.034048
0 0.000539 0.719040 0.001079 0.042112
0 0.000592 0.868224 0.001183 0.076160
0 0.012486 0.199360 0.024135 0.074816
