0 0.000750 0.574336 0.001500 0.023296
0 0.000559 0.577920 0.001117 0.012992
0 0.000621 0.597632 0.001241 0.017472
0 0.000616 0.616896 0.001232 0.015232
0 0.000625 0.634816 0.001249 0.020160
0 0.000769 0.642432 0.001538 0.017472
0 0.000812 0.638400 0.001624 0.015680
0 0.000232 0.821184 0.000465 0.022400
0 0.000284 0.800576 0.000568 0.016576
0 0.000317 0.802368 0.000633 0.016576
0 0.000302 0.814016 0.000604 0.016576
0 0.000346 0.809536 0.000692 0.017024
0 0.000423 0.835072 0.000845 0.020608
0 0.000482 0.832384 0.000964 0.016576
0 0.000528 0.819392 0.001056 0.016128
0 0.000609 0.797888 0.001218 0.018816
0 0.000655 0.769664 0.001310 0.018368
0 0.000647 0.863744 0.001295 0.029120
0 0.000646 0.894208 0.001293 0.028672
0 0.000612 0.582848 0.001224 0.015232
0 0.000470 0.575680 0.000939 0.012096
0 0.000937 0.430528 0.001874 0.014336
0 0.000429 0.573888 0.000859 0.009856
0 0.000378 0.180096 0.000756 0.013440
0 0.000379 0.220416 0.000757 0.014784
0 0.000289 0.260736 0.000578 0.014336
0 0.000284 0.280896 0.000568 0.013888
0 0.000279 0.301952 0.000559 0.017024
0 0.000261 0.323456 0.000522 0.017472
0 0.000244 0.390208 0.000488 0.014784
0 0.000370 0.281792 0.000740 0.015680
0 0.000354 0.306880 0.000708 0.016576
0 0.000324 0.349888 0.000648 0.014784
0 0.000320 0.370496 0.000641 0.015232
0 0.000325 0.410816 0.000650 0.013440
0 0.000321 0.451584 0.000643 0.015680
0 0.000321 0.470848 0.000643 0.015232
0 0.000321 0.491008 0.000643 0.015680
0 0.000320 0.511616 0.000641 0.015232
0 0.000389 0.572992 0.000778 0.011648
0 0.000636 0.921536 0.001272 0.025088
0 0.013349 0.950656 0.022409 0.017024
0 0.001024 0.974848 0.002049 0.025088
0 0.000312 0.863744 0.000624 0.026432
0 0.000784 0.382592 0.001568 0.013888
0 0.000912 0.378560 0.001825 0.011648
0 0.000942 0.395584 0.001884 0.014336
0 0.000940 0.461440 0.001880 0.014784
0 0.000938 0.486976 0.001876 0.015232
0 0.000652 0.426944 0.001304 0.012992
0 0.000650 0.477568 0.001301 0.014784
0 0.000232 0.511616 0.000465 0.012096
0 0.000232 0.491456 0.000465 0.013888
0 0.000233 0.470848 0.000467 0.015232
0 0.000754 0.770112 0.001507 0.020608
0 0.000616 0.104832 0.001232 0.014336
0 0.000703 0.103040 0.001406 0.013440
0 0.000378 0.160384 0.000756 0.013888
0 0.000373 0.200704 0.000746 0.013440
0 0.000873 0.393792 0.001746 0.015680
0 0.000943 0.412608 0.001886 0.016128
0 0.000823 0.325248 0.001647 0.031808
0 0.000825 0.311360 0.001651 0.019264
0 0.000812 0.300608 0.001624 0.017472
0 0.000779 0.121408 0.001559 0.015232
0 0.000342 0.879872 0.000685 0.021056
0 0.000343 0.862400 0.000687 0.021952
0 0.000699 0.116480 0.001398 0.012096
0 0.000740 0.106176 0.001480 0.009856
0 0.000743 0.119168 0.001486 0.010752
0 0.000788 0.103488 0.001576 0.017024
0 0.000781 0.112896 0.001563 0.016576
0 0.000838 0.105280 0.001676 0.021952
0 0.000838 0.283584 0.001676 0.014336
0 0.000822 0.123648 0.001643 0.019712
0 0.000855 0.189952 0.001710 0.012096
0 0.000838 0.206976 0.001676 0.012992
0 0.000850 0.221312 0.001700 0.023744
0 0.000843 0.232064 0.001685 0.021056
0 0.000845 0.249536 0.001691 0.017472
0 0.000839 0.261184 0.001677 0.015232
0 0.000291 0.180096 0.000581 0.014784
