0 0.013789 0.526400 0.025994 0.016128
0 0.013700 0.443072 0.026172 0.013888
0 0.013657 0.411264 0.026257 0.013440
0 0.013574 0.311808 0.026424 0.013440
0 0.014053 0.466816 0.025466 0.014784
0 0.014012 0.363328 0.025547 0.017920
0 0.013929 0.640192 0.025713 0.016576
0 0.013921 0.712768 0.025730 0.014336
0 0.014080 0.895552 0.025411 0.019712
0 0.014085 0.136640 0.025402 0.012544
0 0.014131 0.169344 0.025310 0.013440
0 0.013933 0.081984 0.025706 0.014336
0 0.013957 0.183680 0.025658 0.014784
0 0.014270 0.361536 0.025032 0.014784
0 0.014218 0.235648 0.025135 0.015232
0 0.014329 0.169792 0.024914 0.019712
