0 0.000350 0.599424 0.000700 0.007168
0 0.000816 0.219968 0.001631 0.011648
0 0.000759 0.204288 0.001519 0.008960
0 0.000755 0.208320 0.001511 0.010304
0 0.000746 0.216832 0.001492 0.008960
0 0.000735 0.278656 0.001470 0.009856
0 0.000615 0.371392 0.001231 0.005824
0 0.000604 0.295680 0.001207 0.014336
0 0.000583 0.305984 0.001166 0.008960
0 0.000583 0.320320 0.001166 0.009856
0 0.000591 0.328832 0.001183 0.018368
0 0.000589 0.314944 0.001178 0.020608
0 0.000803 0.180096 0.001606 0.012096
0 0.000594 0.340480 0.001188 0.018368
0 0.000605 0.322560 0.001210 0.021952
0 0.000599 0.311360 0.001199 0.020608
0 0.000599 0.330624 0.001197 0.025984
0 0.000614 0.292992 0.001227 0.019264
0 0.000774 0.194880 0.001548 0.015232
0 0.000791 0.191744 0.001582 0.023296
0 0.000674 0.258496 0.001348 0.012992
0 0.000696 0.243712 0.001391 0.025536
0 0.000648 0.267904 0.001297 0.015232
0 0.000655 0.280448 0.001310 0.024640
0 0.000517 0.428736 0.001035 0.016576
0 0.000816 0.228032 0.001631 0.010752
0 0.000796 0.315392 0.001593 0.009856
0 0.000346 0.594944 0.000692 0.007168
0 0.000773 0.318976 0.001547 0.010752
0 0.000349 0.587776 0.000698 0.007616
0 0.000343 0.596736 0.000686 0.004928
0 0.000343 0.590016 0.000686 0.005376
0 0.000348 0.581504 0.000695 0.008512
0 0.000345 0.576128 0.000691 0.008960
0 0.000340 0.588224 0.000680 0.008512
0 0.000342 0.581056 0.000685 0.010752
0 0.000424 0.558208 0.000847 0.013440
0 0.000427 0.556864 0.000854 0.008064
0 0.000462 0.508480 0.000923 0.008064
0 0.000713 0.350336 0.001427 0.009408
0 0.000697 0.352128 0.001394 0.008512
0 0.000720 0.348544 0.001441 0.007616
0 0.000735 0.345856 0.001469 0.008960
0 0.000720 0.387520 0.001440 0.007616
0 0.000717 0.385280 0.001433 0.005824
0 0.000733 0.389760 0.001466 0.009408
0 0.000774 0.340928 0.001549 0.012544
0 0.000800 0.381696 0.001599 0.008512
0 0.000799 0.374976 0.001598 0.008064
0 0.000806 0.373632 0.001612 0.007616
0 0.000870 0.369600 0.001741 0.008512
0 0.000831 0.372288 0.001662 0.008960
0 0.000661 0.321664 0.001322 0.010752
