0 0.001831 0.215040 0.000801 0.011200
0 0.001465 0.426944 0.001535 0.020608
0 0.001479 0.305536 0.001506 0.003136
0 0.001501 0.465920 0.001462 0.015680
0 0.001556 0.452480 0.001352 0.012096
0 0.001605 0.385280 0.001254 0.020608
0 0.001616 0.460544 0.001233 0.020608
0 0.001700 0.391552 0.001065 0.017472
0 0.001749 0.413056 0.000966 0.023744
0 0.001817 0.393344 0.000830 0.004032
0 0.001846 0.464576 0.000772 0.032256
0 0.001898 0.371840 0.000669 0.020160
0 0.001971 0.368704 0.000523 0.003584
0 0.001974 0.403200 0.000516 0.016128
0 0.002032 0.418880 0.000399 0.004928
0 0.002024 0.462784 0.000417 0.008064
0 0.002043 0.443968 0.000377 0.007168
0 0.002047 0.440384 0.000370 0.004480
0 0.008719 0.455168 0.013813 0.031808
0 0.008697 0.504896 0.013855 0.005824
0 0.001846 0.589568 0.000773 0.024640
0 0.001477 0.374528 0.001511 0.020160
0 0.001414 0.327040 0.001637 0.008960
0 0.003183 0.476224 0.002563 0.002688
0 0.001373 0.362880 0.001718 0.008064
0 0.001870 0.146496 0.000723 0.008064
0 0.002022 0.212800 0.000420 0.012096
0 0.002032 0.312256 0.000399 0.018368
0 0.002032 0.313152 0.000401 0.011200
0 0.001940 0.278656 0.000585 0.020608
0 0.001884 0.232960 0.000696 0.015680
0 0.001807 0.308672 0.000850 0.018368
0 0.001807 0.302400 0.000850 0.010752
0 0.001769 0.216384 0.000927 0.019712
0 0.001689 0.161280 0.001087 0.009856
0 0.001688 0.159040 0.001088 0.006720
0 0.001672 0.214144 0.001119 0.009408
0 0.001658 0.262976 0.001149 0.011648
0 0.001603 0.301952 0.001259 0.022400
0 0.001455 0.265664 0.001555 0.009856
0 0.001424 0.295680 0.001617 0.011648
0 0.001402 0.265216 0.001660 0.010304
0 0.001211 0.389312 0.002042 0.002240
0 0.001132 0.478912 0.002200 0.003584
0 0.001725 0.500864 0.001014 0.024192
0 0.001673 0.612416 0.001118 0.019264
0 0.001639 0.551488 0.001186 0.019712
0 0.001568 0.538944 0.001328 0.006272
0 0.003162 0.499072 0.002606 0.002688
0 0.003163 0.496832 0.002603 0.002240
0 0.003165 0.494592 0.002599 0.002240
0 0.003170 0.486080 0.002589 0.004480
0 0.003168 0.494144 0.002592 0.003136
0 0.003167 0.496384 0.002595 0.003136
0 0.003165 0.498624 0.002598 0.002688
0 0.003171 0.475776 0.002586 0.003136
0 0.003170 0.466816 0.002588 0.005376
0 0.003174 0.462784 0.002581 0.004032
0 0.003178 0.464128 0.002572 0.003584
0 0.003181 0.467264 0.002567 0.004480
0 0.003174 0.473088 0.002581 0.003136
0 0.003174 0.476224 0.002580 0.002240
0 0.003178 0.475328 0.002573 0.003136
0 0.003178 0.472640 0.002573 0.002688
0 0.003180 0.472640 0.002569 0.002688
0 0.003183 0.472640 0.002563 0.003584
0 0.003180 0.475328 0.002568 0.002688
0 0.003167 0.490112 0.002594 0.004480
0 0.003165 0.481600 0.002598 0.006272
0 0.003162 0.487424 0.002604 0.007168
0 0.001132 0.609280 0.002200 0.010304
0 0.001536 0.614656 0.001392 0.008512
0 0.001515 0.600320 0.001435 0.018816
0 0.001511 0.560000 0.001442 0.011200
0 0.001475 0.599424 0.001515 0.020160
0 0.001442 0.489664 0.001581 0.011200
0 0.001431 0.519680 0.001602 0.003136
0 0.001344 0.582400 0.001775 0.024192
0 0.001151 0.509824 0.002163 0.003584
0 0.001212 0.632576 0.002041 0.020608
0 0.003159 0.493248 0.002611 0.006272
0 0.001192 0.720832 0.002079 0.020160
0 0.001271 0.771904 0.001922 0.024192
0 0.001649 0.707840 0.001167 0.024640
0 0.001728 0.654976 0.001009 0.017472
0 0.001851 0.736512 0.000762 0.020608
0 0.001448 0.839104 0.001568 0.023296
0 0.001694 0.102592 0.001076 0.009408
0 0.001221 0.862400 0.002022 0.006272
0 0.001867 0.076608 0.000731 0.008512
