0 0.002131 0.936768 0.000202 0.050624
0 0.001453 0.667968 0.001558 0.056000
0 0.001316 0.352576 0.001832 0.053312
0 0.001332 0.356160 0.001800 0.049280
0 0.001346 0.356160 0.001772 0.051968
0 0.001296 0.575232 0.001871 0.061376
0 0.001174 0.784448 0.002117 0.054656
0 0.001285 0.839104 0.001895 0.057344
0 0.001439 0.666624 0.001586 0.058688
0 0.001469 0.668416 0.001526 0.054656
0 0.002143 0.942144 0.000178 0.053312
0 0.001715 0.301504 0.001035 0.054656
0 0.001729 0.302848 0.001007 0.054656
0 0.001744 0.309568 0.000975 0.051968
0 0.001976 0.175168 0.000511 0.056000
0 0.002000 0.804160 0.000464 0.053312
0 0.002101 0.926464 0.000262 0.051968
0 0.002119 0.929600 0.000226 0.053312
0 0.001302 0.350784 0.001859 0.054656
