0 0.001708 0.351680 0.001049 0.048384
0 0.001704 0.337344 0.001057 0.052416
0 0.001698 0.322560 0.001069 0.052416
0 0.001630 0.390656 0.001204 0.037632
0 0.001624 0.374080 0.001216 0.037632
0 0.001620 0.359296 0.001224 0.037632
0 0.001481 0.517888 0.001502 0.069440
0 0.001461 0.521920 0.001543 0.069440
0 0.001440 0.521920 0.001583 0.073472
0 0.001414 0.538944 0.001636 0.073472
0 0.001334 0.615552 0.001796 0.071232
0 0.001279 0.617792 0.001906 0.063168
0 0.001263 0.676480 0.001938 0.075712
0 0.001255 0.686784 0.001955 0.067200
