0 0.004220 0.172480 0.004952 0.026880
0 0.002934 0.241472 0.003060 0.021504
0 0.005783 0.700224 0.010756 0.025088
0 0.005765 0.678720 0.010791 0.025536
0 0.007409 0.871360 0.011968 0.070336
0 0.007651 0.909888 0.011485 0.048832
0 0.007322 0.782208 0.012141 0.064064
0 0.007607 0.631680 0.011571 0.034944
0 0.006455 0.244608 0.009410 0.012096
0 0.006454 0.229824 0.009414 0.012544
0 0.006454 0.213696 0.009412 0.010752
0 0.007500 0.336896 0.011786 0.034048
0 0.005380 0.236544 0.007098 0.008064
0 0.005379 0.224448 0.007100 0.008064
0 0.005378 0.213696 0.007102 0.007616
0 0.009413 0.976640 0.016888 0.037632
