0 0.014812 0.758464 0.028411 0.040320
0 0.004861 0.703808 0.008136 0.013440
0 0.007015 0.546560 0.012755 0.150080
0 0.007047 0.540288 0.012691 0.100800
0 0.006917 0.676480 0.012952 0.157248
0 0.014757 0.678720 0.028523 0.111104
0 0.009799 0.318976 0.016116 0.034496
0 0.015213 0.676928 0.027611 0.026432
0 0.007385 0.564480 0.012015 0.058688
0 0.004828 0.737408 0.008201 0.013440
0 0.004825 0.751296 0.008206 0.013440
0 0.004822 0.768768 0.008214 0.014336
0 0.004818 0.782656 0.008221 0.013888
0 0.004873 0.742784 0.008111 0.013440
0 0.004870 0.757120 0.008117 0.016128
0 0.004867 0.775040 0.008124 0.014784
0 0.004865 0.789376 0.008128 0.013440
0 0.014891 0.542080 0.028255 0.069440
