0 0.000273 0.924224 0.000547 0.041664
0 0.000290 0.880768 0.000580 0.026432
0 0.000851 0.016128 0.001702 0.027328
0 0.000863 0.063168 0.001726 0.022848
0 0.000840 0.230720 0.001681 0.045696
0 0.000825 0.275072 0.001649 0.042112
0 0.000739 0.202944 0.001478 0.045248
0 0.000756 0.164864 0.001513 0.041216
0 0.000803 0.111104 0.001605 0.027776
0 0.000766 0.082432 0.001532 0.051520
0 0.000709 0.074816 0.001417 0.027328
0 0.000675 0.141568 0.001350 0.025984
0 0.000650 0.201600 0.001300 0.028224
0 0.000518 0.285376 0.001037 0.021504
0 0.000502 0.134400 0.001004 0.027328
0 0.000429 0.202944 0.000858 0.021056
0 0.000430 0.248640 0.000861 0.022848
0 0.000429 0.286720 0.000859 0.021504
0 0.000363 0.054656 0.000726 0.025984
0 0.000318 0.277760 0.000637 0.026880
0 0.000259 0.189504 0.000519 0.030464
0 0.000236 0.275520 0.000472 0.027328
0 0.000228 0.244160 0.000457 0.026432
0 0.000234 0.202048 0.000468 0.047488
0 0.000159 0.303296 0.000318 0.021952
0 0.000126 0.239680 0.000253 0.043904
0 0.000053 0.318976 0.000106 0.025984
0 0.000911 0.187712 0.001821 0.017472
0 0.000283 0.071680 0.000566 0.027328
0 0.000243 0.027776 0.000487 0.028224
0 0.000724 0.641984 0.001449 0.029568
0 0.000277 0.809536 0.000554 0.025984
0 0.000271 0.785792 0.000542 0.027328
0 0.000355 0.825216 0.000710 0.029568
0 0.000445 0.839552 0.000889 0.027328
0 0.000435 0.813120 0.000869 0.025536
0 0.000432 0.778624 0.000863 0.028672
0 0.000531 0.725760 0.001063 0.028672
0 0.000545 0.753984 0.001089 0.029120
0 0.000609 0.835072 0.001219 0.044352
0 0.000636 0.736960 0.001271 0.031360
0 0.000622 0.705600 0.001244 0.031360
0 0.000764 0.666624 0.001528 0.048384
0 0.001048 0.073472 0.002095 0.029120
0 0.000797 0.692160 0.001594 0.048384
0 0.000887 0.738752 0.001773 0.054656
0 0.000911 0.680960 0.001822 0.047040
0 0.000880 0.649152 0.001759 0.045248
0 0.000848 0.623616 0.001696 0.050176
0 0.000780 0.572544 0.001561 0.030464
0 0.000908 0.502208 0.001815 0.030912
0 0.000955 0.542976 0.001910 0.026880
0 0.001068 0.704256 0.002136 0.047040
0 0.001045 0.620480 0.002091 0.040320
0 0.001106 0.327488 0.002212 0.028224
0 0.000046 0.272384 0.000091 0.028672
