0 0.000720 0.910784 0.001440 0.026432
0 0.000338 0.527296 0.000676 0.025088
0 0.000752 0.134400 0.001503 0.028224
0 0.000593 0.133952 0.001187 0.049728
0 0.000640 0.202944 0.001279 0.025536
0 0.000665 0.229824 0.001329 0.030464
0 0.000691 0.254464 0.001381 0.027776
0 0.000739 0.311360 0.001477 0.030016
0 0.000744 0.348992 0.001489 0.025984
0 0.000732 0.380352 0.001464 0.025088
0 0.000711 0.411712 0.001422 0.027328
0 0.000600 0.470848 0.001201 0.025536
0 0.000612 0.425600 0.001224 0.023744
0 0.000561 0.473536 0.001123 0.025088
0 0.000501 0.457856 0.001001 0.025088
0 0.000468 0.447552 0.000936 0.026880
0 0.000438 0.436800 0.000876 0.024192
0 0.000444 0.393344 0.000888 0.027776
0 0.000265 0.495488 0.000530 0.030464
0 0.000265 0.448896 0.000530 0.025088
0 0.000319 0.396032 0.000638 0.030464
0 0.000263 0.407680 0.000527 0.029120
0 0.000154 0.385280 0.000308 0.026432
0 0.000818 0.033152 0.001636 0.035840
0 0.000377 0.539392 0.000755 0.030016
0 0.000697 0.924672 0.001394 0.028672
0 0.000419 0.548800 0.000837 0.027776
0 0.000209 0.606144 0.000419 0.030464
0 0.000236 0.627648 0.000473 0.037184
0 0.000335 0.876736 0.000670 0.029568
0 0.000137 0.786240 0.000275 0.030464
0 0.000764 0.751296 0.001529 0.026432
0 0.000910 0.667968 0.001820 0.029120
0 0.000987 0.567168 0.001974 0.030464
0 0.000937 0.515200 0.001874 0.025088
0 0.000811 0.485184 0.001622 0.022848
0 0.000724 0.530432 0.001448 0.031360
0 0.000693 0.554176 0.001387 0.031360
0 0.000674 0.578368 0.001347 0.026432
0 0.000689 0.656768 0.001377 0.024192
0 0.000691 0.683648 0.001381 0.022400
0 0.000698 0.707840 0.001395 0.023744
0 0.000705 0.732480 0.001411 0.025984
0 0.000617 0.847616 0.001233 0.024192
0 0.000559 0.782656 0.001119 0.023744
0 0.000561 0.749056 0.001123 0.021952
0 0.000554 0.681408 0.001107 0.025088
0 0.000474 0.560000 0.000947 0.039872
0 0.000226 0.338240 0.000453 0.028672
