0 0.000360 0.585984 0.000720 0.042560
0 0.000412 0.736960 0.000823 0.056000
0 0.000383 0.650944 0.000765 0.040768
0 0.000808 0.672448 0.001616 0.033152
0 0.000838 0.661248 0.001675 0.031808
0 0.000869 0.649152 0.001738 0.031360
0 0.000918 0.759808 0.001836 0.041664
0 0.000980 0.337792 0.001960 0.041216
0 0.000937 0.279552 0.001873 0.042112
0 0.000912 0.189056 0.001824 0.041216
0 0.000731 0.041216 0.001463 0.045248
0 0.000522 0.294336 0.001043 0.038528
0 0.000554 0.358848 0.001109 0.038976
0 0.000758 0.443520 0.001517 0.040320
0 0.000036 0.470400 0.000071 0.038528
0 0.000741 0.691712 0.001483 0.029120
0 0.001016 0.372288 0.002031 0.039872
0 0.001088 0.929600 0.002177 0.032256
0 0.000564 0.880768 0.001127 0.044352
0 0.000122 0.345408 0.000244 0.068992
0 0.000231 0.335552 0.000463 0.055552
0 0.000954 0.795648 0.001909 0.026880
0 0.000279 0.453376 0.000558 0.035840
0 0.000372 0.618240 0.000744 0.038080
0 0.000775 0.684096 0.001549 0.032704
0 0.000154 0.213696 0.000308 0.043904
0 0.000267 0.418880 0.000535 0.040320
0 0.000954 0.750848 0.001907 0.034944
0 0.000316 0.514304 0.000632 0.041216
