0 0.000320 0.785344 0.000639 0.019712
0 0.000267 0.831040 0.000534 0.029120
0 0.000365 0.294336 0.000729 0.028672
0 0.000595 0.187264 0.001190 0.031360
0 0.000712 0.099904 0.001425 0.022848
0 0.000769 0.330176 0.001538 0.018816
0 0.000682 0.394240 0.001364 0.020608
0 0.000476 0.545664 0.000952 0.016128
0 0.000434 0.559104 0.000868 0.015680
0 0.000564 0.568064 0.001128 0.033152
0 0.000438 0.684992 0.000876 0.036736
0 0.000461 0.695296 0.000922 0.018368
0 0.000435 0.776832 0.000870 0.036736
0 0.000304 0.866880 0.000609 0.023744
0 0.000520 0.639744 0.001040 0.020160
0 0.000339 0.838208 0.000677 0.019264
0 0.000300 0.913024 0.000601 0.019264
0 0.000849 0.400960 0.001698 0.019264
0 0.001017 0.279104 0.002033 0.025984
0 0.001070 0.188608 0.002140 0.034048
0 0.001064 0.426048 0.002128 0.025984
0 0.000735 0.083328 0.001470 0.018816
0 0.000913 0.230272 0.001825 0.030464
0 0.000800 0.310016 0.001599 0.019712
0 0.000746 0.353472 0.001493 0.037184
0 0.000496 0.525952 0.000993 0.034048
0 0.000259 0.458304 0.000518 0.018368
