0 0.000364 0.903616 0.000728 0.026880
0 0.000884 0.409024 0.001768 0.037632
0 0.000812 0.389312 0.001624 0.038528
0 0.000777 0.381248 0.001554 0.038080
0 0.000740 0.372736 0.001481 0.033152
0 0.000705 0.362880 0.001410 0.034048
0 0.000672 0.350336 0.001345 0.041664
0 0.000626 0.344064 0.001252 0.021952
0 0.000558 0.326592 0.001117 0.023296
0 0.000522 0.314944 0.001044 0.024192
0 0.000486 0.304640 0.000972 0.025536
0 0.000453 0.297024 0.000907 0.024640
0 0.000391 0.347200 0.000782 0.020160
0 0.000419 0.356160 0.000839 0.021056
0 0.000445 0.362880 0.000890 0.020608
0 0.000471 0.370048 0.000943 0.020608
0 0.000499 0.377664 0.000997 0.019712
0 0.000849 0.399616 0.001698 0.037632
0 0.000918 0.420672 0.001835 0.031808
0 0.000048 0.725312 0.000096 0.020608
0 0.000991 0.439040 0.001981 0.037184
0 0.000159 0.116928 0.000318 0.024640
0 0.000193 0.129920 0.000387 0.020160
0 0.000304 0.154560 0.000607 0.034048
0 0.000226 0.140224 0.000452 0.020160
0 0.000333 0.165312 0.000666 0.022848
0 0.000365 0.172032 0.000729 0.025536
0 0.000511 0.216832 0.001021 0.022400
0 0.000528 0.222208 0.001057 0.018816
0 0.000547 0.227584 0.001095 0.018368
0 0.000579 0.234752 0.001158 0.029120
0 0.000775 0.290752 0.001549 0.028224
0 0.000897 0.322560 0.001794 0.034048
0 0.000930 0.331968 0.001861 0.028672
0 0.000958 0.343168 0.001916 0.028672
0 0.001024 0.450240 0.002047 0.030016
0 0.000886 0.483392 0.001773 0.022400
0 0.000915 0.491008 0.001829 0.020608
0 0.000885 0.766528 0.001770 0.020608
0 0.000764 0.769216 0.001528 0.020160
0 0.000230 0.700672 0.000461 0.021504
0 0.000250 0.626752 0.000500 0.024640
0 0.000293 0.642432 0.000586 0.017920
0 0.000320 0.650048 0.000641 0.019712
0 0.000356 0.660352 0.000712 0.019712
0 0.000386 0.665728 0.000771 0.022848
0 0.000412 0.676032 0.000823 0.020608
0 0.000440 0.681408 0.000880 0.023296
0 0.000579 0.898240 0.001158 0.020608
0 0.000631 0.888832 0.001263 0.020608
0 0.000674 0.896000 0.001348 0.028672
0 0.000724 0.913024 0.001449 0.021504
0 0.000800 0.933632 0.001600 0.021056
0 0.000831 0.904512 0.001661 0.031808
0 0.000118 0.682752 0.000235 0.018368
0 0.000259 0.782208 0.000519 0.038080
0 0.000325 0.802816 0.000651 0.035392
0 0.000341 0.729792 0.000683 0.033600
0 0.000764 0.844928 0.001527 0.030016
0 0.000821 0.782656 0.001641 0.021056
0 0.000952 0.825216 0.001905 0.022400
0 0.000937 0.852544 0.001874 0.018816
0 0.000927 0.869568 0.001854 0.020608
0 0.000891 0.884800 0.001783 0.015232
0 0.000822 0.865088 0.001645 0.021056
0 0.000729 0.835968 0.001458 0.031360
0 0.000373 0.739200 0.000747 0.030912
0 0.000666 0.817600 0.001332 0.031360
0 0.000631 0.810432 0.001261 0.035392
0 0.000593 0.798784 0.001186 0.036736
0 0.000556 0.788928 0.001112 0.030464
0 0.000475 0.765184 0.000951 0.029120
0 0.000394 0.776384 0.000788 0.036736
0 0.000125 0.107968 0.000251 0.023296
