0 0.012219 0.628992 0.020206 0.029120
0 0.012240 0.298816 0.020164 0.022400
0 0.004799 0.593152 0.008260 0.136192
0 0.004727 0.646464 0.008403 0.142016
0 0.004669 0.695296 0.008519 0.138880
0 0.004608 0.742336 0.008641 0.138880
0 0.004898 0.746816 0.008061 0.137536
0 0.011055 0.193536 0.018069 0.026432
0 0.012180 0.205632 0.020282 0.024640
0 0.012186 0.220864 0.020270 0.022848
0 0.012196 0.231168 0.020251 0.019712
0 0.012207 0.255360 0.020228 0.024640
0 0.012231 0.288512 0.020180 0.022400
0 0.012224 0.275520 0.020195 0.024192
0 0.011579 0.983360 0.021485 0.024192
0 0.012216 0.262528 0.020211 0.027776
0 0.012200 0.696192 0.020243 0.018368
0 0.012245 0.807744 0.020154 0.022848
0 0.011051 0.915712 0.018076 0.030912
0 0.012209 0.899136 0.020226 0.019264
0 0.010944 0.801472 0.018291 0.035392
0 0.011991 0.806848 0.020660 0.024192
0 0.011802 0.952896 0.021040 0.024640
0 0.011643 0.925120 0.021358 0.027776
0 0.011611 0.957824 0.021421 0.024640
0 0.011593 0.971264 0.021458 0.025536
0 0.014941 0.477120 0.028154 0.643328
