0 0.012097 0.659904 0.020449 0.012544
0 0.012148 0.706048 0.020346 0.009408
0 0.014804 0.475776 0.028428 0.280896
0 0.002885 0.101696 0.003159 0.012992
0 0.002886 0.114688 0.003157 0.012992
0 0.002892 0.128128 0.003145 0.013440
0 0.002900 0.111104 0.003129 0.014336
0 0.002903 0.124992 0.003123 0.015232
0 0.014838 0.798784 0.028360 0.226240
0 0.006911 0.790720 0.012964 0.340032
0 0.005146 0.601216 0.007565 0.046144
0 0.005160 0.637056 0.007537 0.046592
0 0.005176 0.682752 0.007505 0.046144
0 0.005190 0.720832 0.007478 0.047040
0 0.005253 0.566720 0.007350 0.046144
0 0.005268 0.602560 0.007322 0.047488
0 0.005283 0.650944 0.007290 0.046144
0 0.005297 0.689472 0.007263 0.047040
0 0.004720 0.982016 0.008417 0.034944
0 0.010947 0.486976 0.018285 0.021056
0 0.010898 0.452480 0.018383 0.051072
0 0.010991 0.617344 0.018197 0.020160
0 0.012152 0.698432 0.020340 0.009408
0 0.014813 0.198912 0.028409 0.252672
