0 0.004703 0.724416 0.008450 0.041664
0 0.004707 0.670208 0.008443 0.038976
0 0.004712 0.610624 0.008432 0.038080
0 0.004717 0.557312 0.008423 0.039424
0 0.004563 0.815808 0.008731 0.037184
0 0.004568 0.766080 0.008720 0.039424
0 0.004572 0.708288 0.008714 0.037184
0 0.004577 0.658112 0.008704 0.039424
0 0.004582 0.592704 0.008693 0.037184
0 0.004465 0.784448 0.008927 0.035392
0 0.004465 0.739200 0.008927 0.038080
0 0.007109 0.691264 0.012568 0.336000
0 0.015017 0.698880 0.028002 0.225792
0 0.015551 0.628992 0.026933 0.130816
0 0.014921 0.212800 0.028195 0.229824
