0 0.011112 0.116480 0.017954 0.018816
0 0.014839 0.733376 0.028358 0.212800
0 0.004627 0.530432 0.008604 0.037632
0 0.004729 0.460096 0.008399 0.037184
0 0.004721 0.500864 0.008415 0.038528
0 0.004636 0.483840 0.008585 0.038528
0 0.004711 0.547456 0.008435 0.037184
0 0.004620 0.566272 0.008617 0.039872
0 0.004704 0.582400 0.008450 0.037632
0 0.004697 0.616896 0.008463 0.037184
0 0.004527 0.554624 0.008804 0.037184
0 0.004520 0.594048 0.008817 0.037184
0 0.004495 0.667072 0.008868 0.039424
0 0.004485 0.703360 0.008888 0.038528
0 0.004478 0.741888 0.008902 0.037184
0 0.004498 0.815360 0.008861 0.040320
0 0.004585 0.852544 0.008687 0.038976
0 0.015052 0.162176 0.027931 0.211904
0 0.015102 0.458304 0.027832 0.205632
0 0.007206 0.460096 0.012374 0.273728
0 0.004182 0.697984 0.005028 0.126336
0 0.004645 0.442624 0.008567 0.037184
