0 0.002932 0.879872 0.003065 0.014336
0 0.000430 0.865536 0.000859 0.046592
0 0.002334 0.567616 0.004261 0.016128
0 0.002349 0.542528 0.004231 0.018368
0 0.002354 0.562688 0.004221 0.016128
0 0.002367 0.575680 0.004194 0.008064
0 0.013557 0.356608 0.026457 0.012544
0 0.000270 0.752192 0.000540 0.045696
0 0.000340 0.732032 0.000680 0.046144
0 0.000397 0.717696 0.000794 0.054656
0 0.000510 0.684096 0.001020 0.053760
0 0.000588 0.815360 0.001176 0.046144
0 0.009095 0.976640 0.017524 0.044800
0 0.000641 0.786240 0.001282 0.058240
0 0.000800 0.575232 0.001599 0.034048
0 0.000812 0.543424 0.001624 0.039872
0 0.000891 0.385280 0.001783 0.033600
0 0.013023 0.279552 0.023060 0.012544
0 0.000732 0.365568 0.001463 0.029568
0 0.000714 0.417088 0.001428 0.045696
0 0.000697 0.465920 0.001395 0.050624
0 0.009627 0.874496 0.016460 0.246400
0 0.002330 0.547456 0.004269 0.018368
