0 0.010667 0.314496 0.018844 0.020608
0 0.001878 0.271936 0.000709 0.010752
0 0.001863 0.270592 0.000739 0.014784
0 0.001880 0.291200 0.000704 0.020160
0 0.001874 0.291200 0.000715 0.020608
0 0.001867 0.290752 0.000731 0.019264
0 0.001862 0.288064 0.000741 0.017920
0 0.001856 0.291648 0.000753 0.022400
0 0.001849 0.288960 0.000766 0.018368
0 0.001859 0.269696 0.000747 0.014336
0 0.001855 0.269248 0.000755 0.013440
0 0.001849 0.270592 0.000766 0.013440
0 0.008544 0.279104 0.014163 0.006272
0 0.001858 0.219520 0.000749 0.012096
0 0.001900 0.251776 0.000664 0.024640
0 0.001882 0.239232 0.000700 0.008960
0 0.001862 0.239232 0.000741 0.011200
0 0.001845 0.237440 0.000774 0.007168
0 0.001827 0.238784 0.000811 0.008512
0 0.001827 0.247744 0.000811 0.012992
0 0.001825 0.267456 0.000815 0.024192
0 0.001827 0.293888 0.000811 0.023296
0 0.001827 0.316736 0.000811 0.020160
0 0.001827 0.339584 0.000811 0.021952
0 0.001827 0.360192 0.000811 0.020608
0 0.001824 0.400512 0.000816 0.016128
0 0.001818 0.418880 0.000829 0.021056
0 0.001783 0.442176 0.000899 0.021952
0 0.001726 0.361536 0.001012 0.012096
0 0.001873 0.270592 0.000718 0.013440
0 0.001882 0.270592 0.000700 0.012544
0 0.010657 0.316288 0.018865 0.020608
0 0.001888 0.269248 0.000689 0.014784
0 0.008543 0.344064 0.014165 0.006720
0 0.001902 0.331968 0.000660 0.020608
0 0.001903 0.356160 0.000659 0.016128
0 0.001898 0.331072 0.000669 0.020608
0 0.001893 0.332416 0.000679 0.019264
0 0.001888 0.332416 0.000689 0.018816
0 0.001882 0.332864 0.000700 0.017472
0 0.001877 0.333312 0.000710 0.017024
0 0.001871 0.335104 0.000722 0.012992
0 0.001865 0.334208 0.000734 0.014784
0 0.001860 0.334656 0.000744 0.014336
0 0.001897 0.354368 0.000670 0.016128
0 0.001891 0.352128 0.000682 0.014784
0 0.001885 0.356160 0.000694 0.020608
0 0.001880 0.353920 0.000704 0.017024
0 0.001868 0.354368 0.000729 0.015680
0 0.001862 0.356160 0.000741 0.019264
0 0.001854 0.357056 0.000756 0.021056
0 0.001849 0.353472 0.000766 0.017472
0 0.001850 0.334656 0.000764 0.013888
0 0.001898 0.270144 0.000669 0.013440
0 0.001893 0.270592 0.000679 0.013440
0 0.001903 0.269248 0.000659 0.013888
0 0.001903 0.292544 0.000659 0.020608
0 0.001897 0.289408 0.000670 0.015680
0 0.001892 0.289408 0.000681 0.015680
0 0.001886 0.289856 0.000692 0.015680
0 0.001642 0.481152 0.001180 0.012992
0 0.001644 0.534016 0.001176 0.005824
0 0.001622 0.385280 0.001220 0.013440
0 0.001600 0.391552 0.001265 0.016576
0 0.001550 0.560000 0.001363 0.006272
0 0.001503 0.564480 0.001458 0.006720
0 0.001588 0.519232 0.001288 0.010752
0 0.001585 0.529088 0.001295 0.015680
0 0.001575 0.531328 0.001314 0.014784
0 0.001565 0.544768 0.001335 0.020160
0 0.001592 0.508480 0.001281 0.007168
0 0.001564 0.516992 0.001337 0.015232
0 0.001565 0.511168 0.001335 0.011200
0 0.001556 0.522816 0.001352 0.005824
0 0.001554 0.511616 0.001357 0.018816
0 0.001546 0.495040 0.001373 0.014784
0 0.001533 0.476224 0.001399 0.025984
0 0.001524 0.452032 0.001417 0.021952
0 0.001518 0.430976 0.001429 0.020160
0 0.001509 0.411712 0.001445 0.023744
0 0.001454 0.535360 0.001556 0.005824
0 0.002441 0.883456 0.004046 0.006272
0 0.002450 0.840000 0.004029 0.005824
0 0.001562 0.665280 0.001341 0.005824
0 0.001531 0.688128 0.001403 0.008512
0 0.001460 0.507136 0.001545 0.006720
0 0.001474 0.528192 0.001517 0.007616
0 0.010718 0.138880 0.018742 0.021952
0 0.002754 0.108864 0.003420 0.006272
0 0.002749 0.108864 0.003430 0.005824
0 0.002744 0.111552 0.003441 0.006272
0 0.001577 0.587328 0.001310 0.012096
0 0.001590 0.595392 0.001285 0.008960
0 0.001573 0.604352 0.001318 0.009408
0 0.009415 0.822976 0.016885 0.024640
0 0.001634 0.366016 0.001196 0.025088
0 0.001628 0.341824 0.001209 0.023296
0 0.001622 0.318528 0.001221 0.024640
0 0.001594 0.318528 0.001276 0.017472
0 0.001576 0.330624 0.001312 0.016128
0 0.001557 0.342720 0.001351 0.017024
0 0.001545 0.357056 0.001373 0.013888
0 0.001541 0.351680 0.001382 0.014784
0 0.001529 0.371392 0.001405 0.016128
0 0.001523 0.364672 0.001418 0.019712
0 0.008252 0.520128 0.014745 0.025984
0 0.008738 0.794752 0.013773 0.069888
0 0.009389 0.682752 0.016937 0.024640
0 0.001589 0.606144 0.001286 0.007616
0 0.008342 0.567616 0.014566 0.077056
0 0.001655 0.597632 0.001155 0.025088
0 0.001634 0.586432 0.001197 0.006720
0 0.001638 0.548800 0.001188 0.007616
0 0.001631 0.611968 0.001201 0.008064
0 0.001656 0.570304 0.001151 0.025984
0 0.001633 0.558208 0.001198 0.007168
0 0.001636 0.574336 0.001191 0.007168
0 0.001634 0.601664 0.001196 0.006272
0 0.001622 0.598976 0.001220 0.005824
0 0.001604 0.609280 0.001256 0.008960
0 0.001605 0.597184 0.001255 0.009408
0 0.001878 0.398272 0.000708 0.021952
0 0.001888 0.390208 0.000689 0.012096
0 0.001867 0.416192 0.000730 0.020608
0 0.001967 0.566272 0.000530 0.018816
0 0.001989 0.654080 0.000485 0.016128
0 0.008674 0.629888 0.013902 0.092288
0 0.002055 0.544320 0.000353 0.017024
0 0.002050 0.545216 0.000363 0.012992
0 0.002050 0.526848 0.000365 0.018816
0 0.002043 0.550592 0.000379 0.015232
0 0.002037 0.552384 0.000390 0.015232
0 0.002031 0.535360 0.000402 0.011200
0 0.002024 0.540288 0.000416 0.011648
0 0.002023 0.540736 0.000419 0.013440
0 0.002018 0.541632 0.000429 0.014784
0 0.002021 0.561344 0.000422 0.016128
0 0.002016 0.562688 0.000432 0.014784
0 0.002009 0.546560 0.000447 0.013440
0 0.002004 0.548352 0.000455 0.013440
0 0.002008 0.567168 0.000448 0.013888
0 0.001997 0.550144 0.000470 0.014336
0 0.002002 0.571200 0.000460 0.019264
0 0.001992 0.552832 0.000480 0.013440
0 0.001996 0.573440 0.000472 0.016576
0 0.001987 0.554624 0.000490 0.013888
0 0.001981 0.555520 0.000502 0.017920
0 0.001981 0.557760 0.000502 0.017024
0 0.001982 0.581504 0.000500 0.018368
0 0.001975 0.585088 0.000515 0.019712
0 0.001969 0.586432 0.000527 0.017920
0 0.001963 0.588672 0.000538 0.016128
0 0.001995 0.677824 0.000474 0.025088
0 0.002009 0.659904 0.000447 0.017920
0 0.002006 0.642880 0.000452 0.013440
0 0.002088 0.597184 0.000289 0.016128
0 0.010637 0.253568 0.018904 0.021952
0 0.010644 0.271936 0.018891 0.019264
0 0.001937 0.278208 0.000590 0.006272
0 0.002078 0.375872 0.000309 0.004928
0 0.002081 0.366912 0.000302 0.008064
0 0.001933 0.708288 0.000599 0.010752
0 0.002105 0.658560 0.000255 0.009408
0 0.002103 0.650496 0.000259 0.009856
0 0.002092 0.670208 0.000280 0.009408
0 0.002083 0.667968 0.000299 0.010304
0 0.002118 0.648256 0.000228 0.004928
0 0.002082 0.579712 0.000301 0.015232
0 0.002084 0.598976 0.000297 0.012992
0 0.002014 0.633024 0.000436 0.017472
0 0.002075 0.588224 0.000315 0.012992
0 0.002065 0.593600 0.000334 0.011200
0 0.002065 0.596736 0.000334 0.010752
0 0.002061 0.599424 0.000341 0.011200
0 0.002053 0.601664 0.000358 0.013888
0 0.002049 0.604800 0.000366 0.012544
0 0.002060 0.617344 0.000343 0.013888
0 0.002057 0.622272 0.000351 0.016128
0 0.002052 0.624064 0.000361 0.014336
0 0.002044 0.610624 0.000377 0.016128
0 0.002027 0.620928 0.000410 0.018816
0 0.002035 0.636160 0.000395 0.016576
0 0.001961 0.594496 0.000542 0.022848
0 0.001961 0.569408 0.000543 0.015232
0 0.001892 0.421568 0.000680 0.020608
0 0.001947 0.574784 0.000571 0.014336
0 0.001934 0.512960 0.000596 0.016576
0 0.001949 0.488320 0.000566 0.015680
0 0.001945 0.491456 0.000575 0.011648
0 0.001939 0.491008 0.000585 0.014784
0 0.001934 0.491008 0.000595 0.017920
0 0.001910 0.558208 0.000645 0.013440
0 0.001926 0.516096 0.000612 0.019712
0 0.001929 0.494592 0.000606 0.013888
0 0.001923 0.491904 0.000618 0.021952
0 0.001917 0.495936 0.000630 0.017024
0 0.001912 0.494592 0.000640 0.021952
0 0.001910 0.521472 0.000644 0.020160
0 0.001905 0.499072 0.000655 0.016576
0 0.001899 0.497280 0.000667 0.024640
0 0.001888 0.501312 0.000687 0.018816
0 0.001903 0.522816 0.000657 0.020608
0 0.001898 0.524608 0.000669 0.021056
0 0.008585 0.496832 0.014080 0.040768
0 0.001892 0.523264 0.000681 0.014336
0 0.008766 0.663936 0.013718 0.056000
0 0.008624 0.565376 0.014002 0.068992
0 0.002010 0.455168 0.000445 0.020608
0 0.001997 0.439936 0.000470 0.016128
0 0.001919 0.419328 0.000625 0.020608
0 0.001913 0.421568 0.000637 0.022400
0 0.001906 0.420224 0.000652 0.020608
0 0.001899 0.421120 0.000665 0.020160
0 0.001939 0.512064 0.000585 0.018368
0 0.001945 0.509376 0.000574 0.017024
0 0.001951 0.508480 0.000563 0.016128
0 0.002004 0.475776 0.000457 0.012544
0 0.001943 0.598976 0.000579 0.021056
0 0.001938 0.601216 0.000589 0.017472
0 0.001945 0.575232 0.000574 0.017472
0 0.001931 0.607936 0.000603 0.024640
0 0.001938 0.578368 0.000589 0.019264
0 0.001923 0.596736 0.000617 0.011648
0 0.002025 0.488768 0.000415 0.015232
0 0.002019 0.489664 0.000427 0.012096
0 0.002014 0.491008 0.000435 0.013440
0 0.002010 0.492352 0.000444 0.014336
0 0.002005 0.493248 0.000453 0.012992
0 0.002000 0.495040 0.000464 0.014784
0 0.001998 0.476672 0.000468 0.012992
0 0.001956 0.507136 0.000552 0.016128
0 0.001994 0.478016 0.000476 0.012544
0 0.001990 0.478464 0.000485 0.012992
0 0.001990 0.499072 0.000484 0.017920
0 0.001984 0.479360 0.000495 0.014336
0 0.001980 0.479808 0.000504 0.014784
0 0.001978 0.502208 0.000509 0.017472
0 0.001971 0.482944 0.000523 0.013888
0 0.001969 0.483840 0.000527 0.015232
0 0.001964 0.484736 0.000536 0.014784
0 0.001956 0.486528 0.000553 0.014784
0 0.001972 0.504896 0.000521 0.018816
0 0.001962 0.505792 0.000540 0.016576
0 0.010532 0.270592 0.019114 0.014336
