0 0.011243 0.813568 0.022156 0.017920
0 0.011230 0.775936 0.022182 0.017920
0 0.011855 0.273728 0.020934 0.012992
0 0.011857 0.265664 0.020930 0.012544
0 0.011858 0.257600 0.020927 0.013888
0 0.012000 0.288064 0.020643 0.017024
0 0.012010 0.291200 0.020623 0.017920
0 0.012029 0.299264 0.020585 0.017472
0 0.012046 0.280000 0.020550 0.020160
0 0.012079 0.352576 0.020484 0.008512
0 0.012230 0.112896 0.020182 0.015680
0 0.012148 0.088704 0.020348 0.015680
0 0.010922 0.081984 0.018335 0.021056
0 0.011881 0.079296 0.020881 0.011648
0 0.011668 0.144256 0.021308 0.010752
0 0.011504 0.189056 0.021634 0.012544
0 0.011483 0.207424 0.021677 0.012992
0 0.011423 0.201600 0.021796 0.011200
0 0.011420 0.285376 0.021802 0.016128
0 0.011379 0.213696 0.021886 0.011200
0 0.011334 0.227584 0.021975 0.011648
0 0.011307 0.270144 0.022029 0.012096
0 0.011250 0.254464 0.022142 0.012544
0 0.011441 0.033600 0.021761 0.017024
0 0.010831 0.273728 0.018516 0.026432
0 0.010794 0.442624 0.018592 0.022400
0 0.010746 0.249984 0.018686 0.014784
0 0.011814 0.346304 0.021014 0.014336
0 0.011818 0.337344 0.021006 0.013888
0 0.011871 0.414848 0.020902 0.012544
0 0.011946 0.680960 0.020751 0.011200
0 0.011225 0.761152 0.022193 0.015232
0 0.011233 0.724864 0.022176 0.015680
0 0.011239 0.706048 0.022164 0.015680
0 0.011272 0.587776 0.022098 0.018816
0 0.011178 0.313600 0.022287 0.015232
0 0.011411 0.361088 0.021820 0.019264
0 0.011418 0.328832 0.021807 0.017920
0 0.011940 0.690368 0.020764 0.014336
0 0.011936 0.698432 0.020771 0.012096
0 0.011928 0.717248 0.020787 0.013440
0 0.011901 0.702016 0.020842 0.013440
0 0.011951 0.666624 0.020740 0.013440
0 0.012023 0.504896 0.020597 0.012096
0 0.011967 0.631232 0.020709 0.012544
0 0.011971 0.620480 0.020701 0.013440
0 0.011978 0.610624 0.020687 0.011200
0 0.011984 0.596288 0.020675 0.014336
0 0.011988 0.585536 0.020666 0.012544
0 0.011987 0.576576 0.020668 0.012096
0 0.011998 0.559104 0.020646 0.013440
0 0.012004 0.551488 0.020634 0.012544
0 0.012009 0.542080 0.020625 0.010752
0 0.012016 0.525952 0.020611 0.012096
0 0.012020 0.513856 0.020603 0.012992
0 0.010750 0.241024 0.018678 0.015232
