0 0.011686 0.641984 0.021271 0.005824
0 0.011879 0.197568 0.020886 0.005824
0 0.011777 0.227584 0.021089 0.003136
0 0.011764 0.228480 0.021114 0.003584
0 0.011374 0.232512 0.021895 0.006272
0 0.011425 0.275520 0.021792 0.004480
0 0.011436 0.277760 0.021772 0.004032
0 0.011447 0.279104 0.021749 0.003584
0 0.011477 0.300160 0.021690 0.005824
0 0.011480 0.314496 0.021683 0.003584
0 0.011479 0.320768 0.021685 0.004032
0 0.011518 0.289856 0.021607 0.003584
0 0.011528 0.291648 0.021586 0.004032
0 0.011284 0.271040 0.022075 0.006272
0 0.011278 0.277760 0.022087 0.007168
0 0.011214 0.308224 0.022215 0.003584
0 0.011209 0.311360 0.022224 0.003584
0 0.011207 0.314496 0.022229 0.003584
0 0.011211 0.322560 0.022221 0.004480
0 0.011198 0.321216 0.022247 0.004032
0 0.011217 0.316736 0.022208 0.003584
0 0.011220 0.314496 0.022202 0.003136
0 0.011237 0.327488 0.022169 0.005376
0 0.011765 0.262976 0.021113 0.004032
0 0.011809 0.284480 0.021026 0.005824
0 0.011791 0.226688 0.021060 0.003136
0 0.012078 0.303296 0.020486 0.006272
0 0.011920 0.173824 0.020804 0.005376
0 0.011931 0.172480 0.020780 0.005376
0 0.011930 0.164416 0.020783 0.005376
0 0.011930 0.156800 0.020782 0.005376
0 0.011936 0.155904 0.020770 0.007168
0 0.012252 0.279104 0.020139 0.004480
0 0.012228 0.265664 0.020188 0.004032
0 0.012197 0.262976 0.020248 0.003136
0 0.012160 0.265216 0.020322 0.004928
0 0.010949 0.297472 0.018280 0.006720
0 0.011857 0.247744 0.020929 0.003584
0 0.012019 0.316288 0.020605 0.005824
0 0.011952 0.325248 0.020740 0.003584
0 0.011905 0.292992 0.020832 0.006720
0 0.011883 0.294336 0.020876 0.007168
0 0.011888 0.271936 0.020867 0.004928
0 0.011891 0.319424 0.020861 0.005376
0 0.011913 0.262976 0.020818 0.004928
0 0.011913 0.245056 0.020818 0.006272
0 0.011848 0.237440 0.020946 0.005376
0 0.011247 0.318528 0.022148 0.005824
0 0.011266 0.336896 0.022112 0.006272
0 0.011272 0.331072 0.022099 0.005376
0 0.011868 0.332864 0.020907 0.006720
0 0.011509 0.358848 0.021625 0.006720
0 0.011513 0.365568 0.021617 0.005376
0 0.011521 0.366016 0.021600 0.006720
0 0.011522 0.377216 0.021599 0.007168
0 0.011535 0.379008 0.021573 0.006272
0 0.011580 0.362880 0.021482 0.004480
0 0.011595 0.348096 0.021453 0.005376
0 0.011844 0.372736 0.020955 0.006272
0 0.011868 0.353472 0.020908 0.004928
0 0.011833 0.408128 0.020978 0.004928
0 0.011503 0.364672 0.021637 0.005376
0 0.011840 0.404544 0.020962 0.006272
0 0.011845 0.402752 0.020953 0.005376
0 0.011850 0.400064 0.020942 0.006272
0 0.011856 0.399168 0.020930 0.007168
0 0.011863 0.397824 0.020917 0.006720
0 0.011843 0.413952 0.020957 0.005376
0 0.011831 0.411264 0.020981 0.004928
0 0.011854 0.410368 0.020936 0.004928
0 0.011847 0.411712 0.020949 0.005376
0 0.011508 0.365120 0.021627 0.006720
0 0.011499 0.358400 0.021645 0.004480
0 0.011239 0.361536 0.022165 0.005824
0 0.011454 0.331520 0.021734 0.006720
0 0.011252 0.348992 0.022138 0.006720
0 0.011259 0.343168 0.022125 0.006720
0 0.011220 0.338240 0.022203 0.005824
0 0.011213 0.343616 0.022218 0.006272
0 0.011262 0.373184 0.022119 0.005824
0 0.011255 0.378112 0.022133 0.005824
0 0.011279 0.360640 0.022085 0.005824
0 0.011379 0.346752 0.021885 0.003136
0 0.011451 0.360640 0.021742 0.006720
0 0.011456 0.323904 0.021731 0.006272
0 0.011503 0.358400 0.021636 0.007168
0 0.011467 0.353472 0.021708 0.005824
0 0.011446 0.377664 0.021751 0.006272
0 0.011468 0.359296 0.021707 0.006272
0 0.011474 0.353920 0.021695 0.005376
0 0.011476 0.361536 0.021691 0.005824
0 0.011479 0.372288 0.021684 0.003584
0 0.011486 0.361536 0.021671 0.006720
0 0.011491 0.374080 0.021661 0.003136
0 0.011498 0.363776 0.021647 0.006272
0 0.011913 0.173376 0.020817 0.006720
0 0.011814 0.202048 0.021015 0.003136
0 0.011864 0.406336 0.020915 0.006272
0 0.011814 0.205632 0.021014 0.003584
0 0.010965 0.819840 0.018249 0.007168
0 0.010970 0.822080 0.018238 0.007168
0 0.010753 0.759808 0.018673 0.007616
0 0.010775 0.795648 0.018629 0.008064
0 0.010783 0.811328 0.018612 0.007168
0 0.010119 0.876288 0.019941 0.014784
0 0.010678 0.900480 0.018823 0.008064
0 0.010465 0.982464 0.019249 0.006272
0 0.011264 0.027328 0.022115 0.003136
0 0.011326 0.031360 0.021991 0.003584
0 0.011323 0.008960 0.021998 0.003584
0 0.011404 0.010304 0.021834 0.002688
0 0.011392 0.096768 0.021859 0.004480
0 0.011472 0.057792 0.021698 0.007616
0 0.011500 0.039872 0.021642 0.003136
0 0.011515 0.081536 0.021612 0.006272
0 0.011460 0.081088 0.021723 0.008064
0 0.011455 0.093184 0.021732 0.006720
0 0.011451 0.101696 0.021741 0.006720
0 0.011556 0.007616 0.021532 0.003136
0 0.011570 0.041216 0.021503 0.003136
0 0.010960 0.816704 0.018259 0.007168
0 0.010955 0.814016 0.018269 0.007168
0 0.010127 0.729792 0.019924 0.008064
0 0.010744 0.346752 0.018691 0.008064
0 0.010557 0.102592 0.019065 0.010304
0 0.010620 0.024192 0.018939 0.004032
0 0.010595 0.090496 0.018988 0.009856
0 0.010615 0.085568 0.018948 0.004032
0 0.010187 0.221760 0.019805 0.009408
0 0.010068 0.300160 0.020042 0.006272
0 0.010060 0.319872 0.020058 0.007168
0 0.010610 0.297472 0.018958 0.003584
0 0.010767 0.308672 0.018644 0.008960
0 0.010436 0.367360 0.019306 0.005824
0 0.010907 0.709632 0.018364 0.007616
0 0.010334 0.352128 0.019512 0.008064
0 0.010319 0.413056 0.019541 0.009856
0 0.010340 0.415296 0.019498 0.007168
0 0.010337 0.435008 0.019504 0.004032
0 0.010106 0.482496 0.019967 0.008064
0 0.010769 0.479808 0.018640 0.004032
0 0.010792 0.525504 0.018595 0.009408
0 0.010901 0.714560 0.018377 0.008064
0 0.010913 0.718144 0.018352 0.007616
0 0.011595 0.025536 0.021452 0.003136
0 0.011635 0.042112 0.021374 0.003136
0 0.011623 0.075712 0.021397 0.005376
0 0.011660 0.134400 0.021323 0.004928
0 0.011214 0.193088 0.022215 0.004480
0 0.011249 0.206528 0.022146 0.004480
0 0.011260 0.209216 0.022122 0.004480
0 0.011269 0.212352 0.022104 0.005824
0 0.011419 0.142912 0.021805 0.004928
0 0.011476 0.146944 0.021690 0.004480
0 0.011522 0.159936 0.021599 0.006272
0 0.011647 0.134848 0.021348 0.004480
0 0.011654 0.134848 0.021334 0.005824
0 0.011667 0.133952 0.021309 0.005376
0 0.011193 0.188160 0.022256 0.004480
0 0.011729 0.212352 0.021184 0.005824
0 0.011767 0.212352 0.021110 0.004032
0 0.011757 0.209664 0.021130 0.002688
0 0.011765 0.206080 0.021113 0.003136
0 0.011757 0.212800 0.021130 0.003136
0 0.011803 0.202496 0.021037 0.003584
0 0.011804 0.206080 0.021035 0.003136
0 0.011805 0.209216 0.021032 0.003136
0 0.011817 0.211456 0.021010 0.003136
0 0.011201 0.189952 0.022240 0.004032
0 0.011180 0.185024 0.022282 0.004480
0 0.011626 0.077952 0.021391 0.005824
0 0.011731 0.075712 0.021181 0.003584
0 0.011632 0.081536 0.021379 0.005824
0 0.011640 0.087360 0.021362 0.005824
0 0.011656 0.068992 0.021330 0.004032
0 0.011665 0.041216 0.021312 0.002688
0 0.011676 0.025536 0.021292 0.002688
0 0.011701 0.062720 0.021241 0.005376
0 0.011708 0.076608 0.021227 0.007168
0 0.011714 0.040768 0.021215 0.003136
0 0.011734 0.008064 0.021176 0.002688
0 0.011731 0.080640 0.021181 0.004480
0 0.011175 0.176512 0.022292 0.004480
0 0.011748 0.040768 0.021147 0.002688
0 0.011789 0.047936 0.021065 0.006272
0 0.011805 0.041216 0.021032 0.003584
0 0.011821 0.021504 0.021000 0.003136
0 0.011855 0.036736 0.020933 0.007168
0 0.011858 0.029568 0.020926 0.007616
0 0.011906 0.034048 0.020830 0.006720
0 0.011939 0.032256 0.020765 0.003584
0 0.011951 0.030016 0.020741 0.004032
0 0.011859 0.407680 0.020926 0.006272
0 0.011853 0.417088 0.020937 0.004032
0 0.011701 0.563136 0.021241 0.005824
0 0.012155 0.762496 0.020334 0.006272
0 0.012042 0.868672 0.020559 0.007168
0 0.012035 0.855680 0.020572 0.006720
0 0.012014 0.851648 0.020614 0.004480
0 0.012027 0.879872 0.020588 0.003584
0 0.012015 0.881664 0.020612 0.004032
0 0.011864 0.857024 0.020914 0.006272
0 0.011838 0.807744 0.020968 0.006272
0 0.011892 0.817600 0.020858 0.005824
0 0.011872 0.812672 0.020899 0.006720
0 0.011885 0.801472 0.020873 0.006720
0 0.011894 0.788928 0.020855 0.006272
0 0.011878 0.844480 0.020886 0.006272
0 0.011871 0.807744 0.020901 0.005376
0 0.011882 0.829248 0.020878 0.005824
0 0.011708 0.863296 0.021228 0.003584
0 0.011687 0.858368 0.021270 0.004032
0 0.011676 0.855680 0.021290 0.004032
0 0.011665 0.852992 0.021314 0.004032
0 0.011646 0.848512 0.021350 0.004480
0 0.011549 0.827008 0.021545 0.004480
0 0.011539 0.824768 0.021565 0.004032
0 0.012065 0.811328 0.020513 0.005824
0 0.012103 0.829248 0.020438 0.007168
0 0.012097 0.827008 0.020449 0.006720
0 0.012071 0.715456 0.020502 0.005824
0 0.012131 0.749056 0.020382 0.006272
0 0.012127 0.746368 0.020389 0.005824
0 0.012118 0.742336 0.020406 0.005376
0 0.012110 0.737856 0.020423 0.006720
0 0.012106 0.735616 0.020430 0.005376
0 0.012103 0.732928 0.020437 0.006272
0 0.012087 0.724864 0.020468 0.005824
0 0.012080 0.719936 0.020482 0.005376
0 0.012075 0.717696 0.020492 0.005824
0 0.012063 0.732928 0.020516 0.006272
0 0.012092 0.824320 0.020459 0.007168
0 0.012068 0.734720 0.020507 0.006272
0 0.012073 0.736960 0.020497 0.006272
0 0.012077 0.738752 0.020489 0.006272
0 0.012083 0.743680 0.020477 0.006720
0 0.012080 0.741440 0.020483 0.006272
0 0.012098 0.731584 0.020446 0.006720
0 0.012095 0.728896 0.020453 0.005824
0 0.012091 0.726656 0.020461 0.005824
0 0.012121 0.817600 0.020401 0.007168
0 0.011526 0.822976 0.021591 0.003584
0 0.011493 0.818048 0.021657 0.003584
0 0.011470 0.788928 0.021703 0.006720
0 0.011694 0.916608 0.021255 0.004480
0 0.011259 0.654976 0.022125 0.006720
0 0.011260 0.647360 0.022122 0.007168
0 0.011263 0.638848 0.022116 0.005376
0 0.011265 0.632128 0.022113 0.006272
0 0.011335 0.931392 0.021973 0.003584
0 0.011358 0.922880 0.021927 0.006272
0 0.011459 0.970816 0.021725 0.005824
0 0.011723 0.934080 0.021197 0.005824
0 0.011720 0.928256 0.021202 0.005376
0 0.011680 0.913472 0.021282 0.004480
0 0.011255 0.676480 0.022133 0.004928
0 0.011655 0.907200 0.021332 0.004032
0 0.011630 0.901376 0.021383 0.004480
0 0.011429 0.948416 0.021785 0.005376
0 0.011432 0.930496 0.021778 0.005824
0 0.011434 0.922880 0.021774 0.004928
0 0.011876 0.748160 0.020890 0.004032
0 0.011879 0.750848 0.020884 0.003584
0 0.011881 0.753984 0.020881 0.004032
0 0.011719 0.598528 0.021206 0.005824
0 0.011257 0.668864 0.022128 0.006272
0 0.011254 0.684544 0.022134 0.005376
0 0.011475 0.776384 0.021694 0.005376
0 0.011243 0.855680 0.022157 0.004928
0 0.011387 0.783552 0.021868 0.006272
0 0.011389 0.775936 0.021864 0.005376
0 0.011391 0.770112 0.021862 0.005376
0 0.011394 0.749056 0.021854 0.006272
0 0.011370 0.826112 0.021903 0.005824
0 0.011368 0.832832 0.021906 0.006272
0 0.011367 0.840896 0.021910 0.006272
0 0.011366 0.848064 0.021911 0.005376
0 0.011363 0.859712 0.021917 0.006720
0 0.011247 0.836864 0.022149 0.005376
0 0.011252 0.692608 0.022139 0.006272
0 0.011243 0.789824 0.022157 0.004928
0 0.011233 0.778176 0.022177 0.005824
0 0.011235 0.770560 0.022173 0.005824
0 0.011237 0.762944 0.022169 0.005824
0 0.011239 0.755776 0.022165 0.005376
0 0.011240 0.749056 0.022163 0.006272
0 0.011246 0.722176 0.022151 0.004928
0 0.011249 0.705152 0.022144 0.005824
0 0.011258 0.713664 0.022126 0.005824
0 0.012138 0.753536 0.020366 0.006272
0 0.012096 0.748608 0.020451 0.006272
0 0.011860 0.413056 0.020924 0.002688
0 0.012104 0.750848 0.020434 0.005824
0 0.010364 0.400064 0.019450 0.007168
0 0.010356 0.432768 0.019466 0.003136
0 0.011419 0.404096 0.021804 0.003136
0 0.011415 0.417088 0.021813 0.003136
0 0.011414 0.420672 0.021816 0.003136
0 0.010298 0.426496 0.019582 0.003584
0 0.010296 0.429632 0.019586 0.003584
0 0.011218 0.412608 0.022206 0.005824
0 0.011224 0.414400 0.022194 0.005376
0 0.011654 0.442176 0.021335 0.006272
0 0.011684 0.451584 0.021275 0.004928
0 0.011729 0.474432 0.021184 0.006272
0 0.010745 0.446208 0.018689 0.003584
0 0.011891 0.467712 0.020861 0.003136
0 0.011278 0.488320 0.022086 0.005824
0 0.010111 0.474432 0.019957 0.007168
0 0.010137 0.457408 0.019904 0.003136
0 0.011757 0.594944 0.021128 0.006272
0 0.011769 0.587328 0.021104 0.004928
0 0.011768 0.583296 0.021106 0.004480
0 0.011799 0.597632 0.021045 0.003584
0 0.010358 0.398720 0.019463 0.007616
0 0.011637 0.416192 0.021369 0.005824
0 0.011614 0.403648 0.021414 0.006272
0 0.011871 0.419776 0.020901 0.003136
0 0.011871 0.411264 0.020902 0.005824
0 0.011868 0.404544 0.020907 0.005824
0 0.011875 0.409472 0.020893 0.005824
0 0.011881 0.408128 0.020881 0.006272
0 0.011872 0.398272 0.020898 0.005824
0 0.011882 0.402752 0.020878 0.006272
0 0.011878 0.400512 0.020887 0.006720
0 0.011888 0.409024 0.020868 0.005824
0 0.011886 0.418432 0.020872 0.002688
0 0.011857 0.420224 0.020929 0.003136
0 0.011642 0.426944 0.021359 0.006720
0 0.011850 0.425152 0.020943 0.007616
0 0.011856 0.425600 0.020930 0.006720
0 0.011863 0.425600 0.020917 0.006272
0 0.011869 0.424704 0.020904 0.006720
0 0.011876 0.424704 0.020890 0.006720
0 0.011883 0.423808 0.020877 0.006272
0 0.011889 0.423808 0.020864 0.005824
0 0.011786 0.424704 0.021071 0.006720
0 0.011774 0.369600 0.021096 0.006272
0 0.011798 0.593152 0.021047 0.004480
0 0.011800 0.605696 0.021042 0.006720
0 0.011811 0.603904 0.021021 0.006720
0 0.012021 0.736960 0.020601 0.005824
0 0.012004 0.654976 0.020635 0.005376
0 0.012019 0.661696 0.020605 0.006272
0 0.012006 0.719936 0.020631 0.005824
0 0.012048 0.722176 0.020547 0.006272
0 0.012053 0.724864 0.020538 0.005824
0 0.012056 0.727552 0.020531 0.006272
0 0.012048 0.732480 0.020546 0.005376
0 0.012039 0.746816 0.020564 0.005376
0 0.012017 0.734272 0.020609 0.006272
0 0.012032 0.739200 0.020579 0.005376
0 0.011975 0.687232 0.020693 0.004032
0 0.012052 0.753536 0.020538 0.004928
0 0.012056 0.755776 0.020531 0.005376
0 0.012060 0.757568 0.020524 0.006720
0 0.012044 0.749056 0.020556 0.005376
0 0.012053 0.735168 0.020538 0.004928
0 0.012057 0.736960 0.020529 0.005376
0 0.012065 0.741440 0.020512 0.005376
0 0.012069 0.743680 0.020505 0.005824
0 0.012113 0.755776 0.020416 0.006272
0 0.011975 0.684096 0.020693 0.003136
0 0.011976 0.690816 0.020690 0.003584
0 0.011946 0.638400 0.020751 0.005824
0 0.011923 0.687680 0.020796 0.006720
0 0.011948 0.641536 0.020747 0.006720
0 0.011952 0.643776 0.020740 0.006720
0 0.011969 0.633920 0.020704 0.004928
0 0.011910 0.665280 0.020824 0.005824
0 0.011913 0.669312 0.020816 0.004032
0 0.011914 0.672448 0.020814 0.004928
0 0.011918 0.675136 0.020807 0.004032
0 0.011919 0.678272 0.020805 0.003584
0 0.011920 0.681408 0.020804 0.004928
0 0.011932 0.693952 0.020779 0.006720
0 0.011977 0.693952 0.020688 0.004032
0 0.011937 0.700672 0.020769 0.006272
0 0.011942 0.708288 0.020760 0.006720
0 0.011954 0.709184 0.020735 0.006272
0 0.011968 0.702912 0.020707 0.004032
0 0.011968 0.699776 0.020708 0.003584
0 0.011979 0.700224 0.020686 0.004032
0 0.011965 0.695744 0.020712 0.003584
0 0.011964 0.692608 0.020714 0.003584
0 0.011964 0.689024 0.020715 0.003136
0 0.010227 0.049728 0.019724 0.017472
