0 0.012057 0.837760 0.020530 0.034496
0 0.010087 0.784448 0.020005 0.148736
0 0.010412 0.827904 0.019354 0.090048
0 0.010351 0.814016 0.019476 0.112896
0 0.010334 0.820736 0.019511 0.093632
0 0.010313 0.818944 0.019552 0.097664
0 0.010290 0.818944 0.019598 0.094976
0 0.010267 0.815360 0.019644 0.105280
0 0.010159 0.788032 0.019861 0.146496
0 0.010133 0.787584 0.019913 0.145152
0 0.010615 0.292544 0.018948 0.081984
0 0.011838 0.863296 0.020967 0.039872
0 0.010678 0.348544 0.018822 0.065408
0 0.010718 0.400064 0.018742 0.086016
0 0.010780 0.464576 0.018618 0.077056
0 0.010897 0.576576 0.018385 0.069440
0 0.010813 0.849856 0.018552 0.090048
0 0.010836 0.848064 0.018506 0.096320
0 0.010859 0.842688 0.018460 0.109312
0 0.010883 0.822976 0.018412 0.077056
0 0.010483 0.805952 0.019213 0.143808
0 0.010530 0.806848 0.019118 0.147840
0 0.010551 0.831936 0.019077 0.099904
0 0.010574 0.845376 0.019031 0.073024
0 0.011882 0.627648 0.020879 0.043456
0 0.011507 0.514752 0.021630 0.038528
0 0.011487 0.519232 0.021669 0.044800
0 0.010434 0.204288 0.019311 0.023296
0 0.010786 0.865984 0.018607 0.055104
0 0.010752 0.858816 0.018675 0.059136
0 0.010113 0.829696 0.019953 0.055104
0 0.010062 0.779968 0.020056 0.065408
0 0.010353 0.521920 0.019473 0.055104
0 0.010336 0.523712 0.019506 0.056448
0 0.010321 0.523264 0.019537 0.057792
0 0.010304 0.521920 0.019571 0.057792
0 0.010285 0.521024 0.019609 0.059136
0 0.010266 0.519680 0.019647 0.059136
0 0.010246 0.517888 0.019686 0.060480
0 0.010768 0.856128 0.018643 0.066752
0 0.010225 0.530880 0.019729 0.086016
0 0.010900 0.821632 0.018379 0.084672
