0 0.011992 0.580160 0.020660 0.064512
0 0.011820 0.419328 0.021002 0.062720
0 0.011588 0.412608 0.021467 0.059584
0 0.011550 0.430080 0.021543 0.070784
0 0.011562 0.494144 0.021519 0.060928
0 0.011513 0.457856 0.021617 0.070784
0 0.011415 0.594048 0.021812 0.059584
0 0.011398 0.565376 0.021847 0.064512
0 0.011688 0.129472 0.021267 0.070784
0 0.011688 0.145152 0.021267 0.065856
0 0.011651 0.183232 0.021340 0.065856
0 0.011615 0.215488 0.021413 0.064512
0 0.011599 0.231168 0.021445 0.059584
0 0.011579 0.254016 0.021484 0.065856
0 0.011527 0.302848 0.021590 0.054656
0 0.011473 0.353024 0.021697 0.072576
0 0.011404 0.422464 0.021834 0.069440
0 0.011615 0.466368 0.021413 0.067648
0 0.011620 0.377664 0.021404 0.069440
0 0.011650 0.429184 0.021342 0.065856
0 0.011589 0.637056 0.021465 0.069440
0 0.011814 0.435008 0.021014 0.067648
0 0.011755 0.471744 0.021132 0.075712
0 0.011742 0.493248 0.021159 0.065856
0 0.011724 0.510720 0.021196 0.067648
0 0.011704 0.526400 0.021235 0.065856
0 0.011666 0.561792 0.021311 0.077504
0 0.011475 0.689920 0.021692 0.059584
0 0.011665 0.406784 0.021313 0.057792
0 0.011774 0.297024 0.021095 0.075712
0 0.011729 0.258048 0.021186 0.070784
0 0.011740 0.324352 0.021164 0.067648
0 0.011713 0.290304 0.021218 0.065856
0 0.011740 0.348096 0.021164 0.072576
0 0.011636 0.354816 0.021372 0.069440
0 0.011383 0.443072 0.021876 0.064512
