0 0.011506 0.802816 0.021632 0.022848
0 0.010590 0.524160 0.018998 0.040320
0 0.010411 0.699328 0.019357 0.028224
0 0.010387 0.672448 0.019404 0.030464
0 0.010374 0.651840 0.019430 0.032256
0 0.010358 0.630336 0.019463 0.026880
0 0.010336 0.609280 0.019506 0.028672
0 0.010346 0.589120 0.019487 0.021056
0 0.010315 0.569408 0.019549 0.022400
0 0.010300 0.546560 0.019579 0.026880
0 0.010291 0.528640 0.019598 0.025536
0 0.010289 0.511616 0.019600 0.022848
0 0.010282 0.494144 0.019614 0.022848
0 0.010281 0.460096 0.019616 0.022848
0 0.010394 0.393344 0.019391 0.086464
0 0.010359 0.394240 0.019461 0.087808
0 0.010765 0.374528 0.018649 0.018368
0 0.010664 0.501760 0.018851 0.046592
0 0.010658 0.520128 0.018863 0.047936
0 0.010434 0.721280 0.019310 0.027328
0 0.010453 0.740544 0.019273 0.027776
0 0.010476 0.785792 0.019226 0.027776
0 0.010797 0.824320 0.018586 0.046144
0 0.010580 0.203392 0.019018 0.056000
0 0.010578 0.260288 0.019022 0.051072
0 0.010611 0.203392 0.018957 0.051968
0 0.010606 0.261184 0.018967 0.056896
0 0.010647 0.207872 0.018885 0.058688
0 0.010459 0.262080 0.019261 0.060480
0 0.010840 0.832384 0.018498 0.056896
0 0.010791 0.874496 0.018596 0.038528
0 0.010482 0.809984 0.019214 0.025088
0 0.010758 0.860608 0.018663 0.050624
0 0.010728 0.862848 0.018722 0.056000
0 0.010699 0.853888 0.018781 0.055104
0 0.010670 0.860608 0.018839 0.058688
0 0.010640 0.861504 0.018898 0.056896
0 0.010608 0.858368 0.018963 0.055552
0 0.010560 0.863296 0.019059 0.059584
0 0.010685 0.558656 0.018808 0.048832
0 0.010561 0.533568 0.019057 0.041664
0 0.011610 0.938112 0.021424 0.025984
0 0.010670 0.573440 0.018839 0.049728
0 0.010504 0.252672 0.019171 0.019712
0 0.010500 0.267456 0.019179 0.019712
0 0.010500 0.285824 0.019179 0.017472
0 0.010505 0.301504 0.019169 0.018816
0 0.010820 0.535808 0.018539 0.025984
0 0.010815 0.558656 0.018549 0.033152
0 0.010834 0.578816 0.018510 0.025088
0 0.010824 0.628544 0.018530 0.024192
0 0.010817 0.646912 0.018545 0.028672
0 0.010822 0.687232 0.018535 0.032256
0 0.010829 0.705152 0.018520 0.027776
0 0.010522 0.177408 0.019134 0.014784
0 0.011187 0.970816 0.022268 0.016128
0 0.011348 0.940352 0.021946 0.019712
0 0.011419 0.922432 0.021805 0.025536
0 0.011427 0.824320 0.021789 0.020608
0 0.011536 0.957376 0.021571 0.026880
0 0.010507 0.236992 0.019165 0.018368
0 0.010514 0.221312 0.019151 0.019264
0 0.010513 0.204736 0.019153 0.019264
0 0.010548 0.659456 0.019083 0.047936
0 0.010663 0.592704 0.018853 0.048832
0 0.010662 0.616896 0.018855 0.047488
0 0.010678 0.641984 0.018822 0.043008
0 0.010670 0.664384 0.018839 0.047936
0 0.010663 0.680512 0.018853 0.046592
0 0.010643 0.695296 0.018892 0.045696
0 0.010591 0.702464 0.018996 0.047936
0 0.010569 0.644224 0.019041 0.042560
0 0.010516 0.189504 0.019147 0.017472
0 0.010564 0.624064 0.019051 0.044800
0 0.010559 0.601664 0.019061 0.046592
0 0.010568 0.582848 0.019043 0.041664
0 0.010579 0.562240 0.019020 0.037184
0 0.010145 0.623616 0.019889 0.072576
0 0.010842 0.752192 0.018494 0.055104
0 0.010464 0.762496 0.019251 0.028672
0 0.010202 0.139328 0.019775 0.074368
