0 0.012116 0.983808 0.020411 0.012992
0 0.012113 0.988736 0.020416 0.012992
0 0.012178 0.238784 0.020286 0.012992
0 0.012201 0.280896 0.020240 0.012992
0 0.012081 0.202944 0.020481 0.007168
0 0.012073 0.195328 0.020497 0.007168
0 0.012061 0.188608 0.020522 0.007168
0 0.012046 0.174272 0.020552 0.006720
0 0.012033 0.164864 0.020577 0.006272
0 0.011800 0.059136 0.021043 0.012096
0 0.011789 0.060480 0.021065 0.011200
0 0.011751 0.068096 0.021141 0.012096
0 0.011738 0.071680 0.021168 0.013888
0 0.011724 0.077056 0.021194 0.014336
0 0.011713 0.081984 0.021216 0.010304
0 0.010495 0.119168 0.019189 0.016576
0 0.010528 0.072576 0.019122 0.021504
0 0.010241 0.969024 0.019697 0.016128
0 0.010527 0.900032 0.019124 0.015232
0 0.012170 0.279104 0.020304 0.011648
0 0.011829 0.264768 0.020984 0.013888
0 0.011819 0.258048 0.021005 0.014784
0 0.011468 0.279104 0.021707 0.015232
0 0.011456 0.338240 0.021731 0.010304
0 0.011455 0.354816 0.021733 0.010304
0 0.011453 0.362880 0.021738 0.010304
0 0.011450 0.371840 0.021742 0.011200
0 0.011355 0.323456 0.021932 0.012096
0 0.011347 0.335104 0.021949 0.013888
0 0.011476 0.258944 0.021691 0.013888
0 0.011551 0.233856 0.021541 0.006272
0 0.011808 0.251328 0.021027 0.014336
0 0.011588 0.265216 0.021468 0.006272
0 0.011774 0.230272 0.021094 0.012992
0 0.011785 0.237888 0.021072 0.013888
0 0.011797 0.245056 0.021050 0.012992
0 0.011864 0.284928 0.020915 0.012992
0 0.011847 0.317184 0.020949 0.007168
0 0.011757 0.262976 0.021130 0.005824
0 0.010090 0.789376 0.019998 0.012544
0 0.010072 0.778176 0.020035 0.012992
0 0.010401 0.766976 0.019377 0.006720
0 0.010734 0.278656 0.018711 0.015232
0 0.010192 0.469952 0.019795 0.016576
0 0.010351 0.466368 0.019477 0.013888
0 0.010430 0.431424 0.019318 0.013440
0 0.010071 0.435456 0.020036 0.016128
0 0.010045 0.445312 0.020088 0.006272
0 0.010180 0.420224 0.019819 0.016576
0 0.010676 0.284032 0.018826 0.005824
0 0.011067 0.270144 0.018044 0.013888
0 0.010226 0.506240 0.019727 0.005824
0 0.010767 0.252224 0.018645 0.014336
0 0.010632 0.255808 0.018914 0.006272
0 0.010426 0.224896 0.019327 0.006720
0 0.010936 0.181440 0.018307 0.008064
0 0.010882 0.096768 0.018414 0.009856
0 0.010877 0.087808 0.018425 0.010304
0 0.010649 0.064512 0.018880 0.013440
0 0.010161 0.472192 0.019857 0.015232
0 0.010226 0.514304 0.019727 0.006272
0 0.010213 0.755776 0.019752 0.013888
0 0.010055 0.615104 0.020069 0.008064
0 0.010228 0.731584 0.019722 0.013888
0 0.010421 0.684992 0.019337 0.047040
0 0.010219 0.689024 0.019740 0.005376
0 0.010218 0.676032 0.019744 0.006272
0 0.010085 0.667968 0.020009 0.013888
0 0.010220 0.653632 0.019739 0.006272
0 0.010219 0.638848 0.019741 0.006720
0 0.010045 0.579712 0.020088 0.014336
0 0.010226 0.523264 0.019727 0.006720
0 0.010659 0.535360 0.018861 0.006720
0 0.010225 0.529536 0.019728 0.005376
0 0.010054 0.537152 0.020070 0.007168
0 0.010619 0.508480 0.018940 0.005824
0 0.010604 0.501312 0.018971 0.006272
0 0.010334 0.479808 0.019510 0.015232
0 0.010315 0.480256 0.019549 0.012992
0 0.011181 0.465920 0.022280 0.013888
0 0.011241 0.435456 0.022161 0.012992
0 0.011266 0.436352 0.022111 0.012096
0 0.011509 0.861056 0.021626 0.006272
0 0.011651 0.959168 0.021340 0.006272
0 0.011627 0.944384 0.021389 0.006272
0 0.011616 0.937216 0.021410 0.007168
0 0.011604 0.929600 0.021434 0.008064
0 0.011591 0.921536 0.021461 0.004928
0 0.011582 0.913920 0.021479 0.005376
0 0.011569 0.907200 0.021505 0.007168
0 0.011556 0.898688 0.021531 0.006720
0 0.011705 0.937664 0.021232 0.013888
0 0.011585 0.980224 0.021472 0.013888
0 0.011625 0.886144 0.021392 0.013888
0 0.011469 0.909888 0.021704 0.013440
0 0.011548 0.891520 0.021547 0.005824
0 0.011508 0.853888 0.021627 0.009408
0 0.011356 0.948416 0.021930 0.012096
0 0.011241 0.706048 0.022160 0.006720
0 0.011693 0.926016 0.021258 0.013888
0 0.011748 0.964544 0.021146 0.012544
0 0.011240 0.815360 0.022162 0.012544
0 0.011187 0.929152 0.022268 0.012096
0 0.012009 0.984704 0.020624 0.012992
0 0.012027 0.975744 0.020590 0.012096
0 0.012043 0.966784 0.020556 0.012544
0 0.012062 0.956032 0.020519 0.013888
0 0.012082 0.945728 0.020479 0.013440
0 0.012102 0.935872 0.020439 0.013440
0 0.011260 0.958720 0.022122 0.011200
0 0.011202 0.920640 0.022239 0.011648
0 0.011777 0.977536 0.021090 0.011648
0 0.011233 0.956032 0.022177 0.013888
0 0.011271 0.958272 0.022100 0.012096
0 0.011714 0.997696 0.021215 0.005376
0 0.011702 0.990080 0.021240 0.006272
0 0.011687 0.982464 0.021270 0.006272
0 0.011677 0.974848 0.021290 0.006272
0 0.011663 0.967232 0.021317 0.005376
0 0.011169 0.667520 0.022305 0.013888
0 0.011264 0.729344 0.022115 0.007168
0 0.011254 0.476672 0.022135 0.006272
0 0.011494 0.468608 0.021654 0.012096
0 0.011740 0.467712 0.021163 0.013440
0 0.011694 0.487872 0.021254 0.005376
0 0.011603 0.463680 0.021438 0.012992
0 0.011512 0.520576 0.021619 0.014784
0 0.011515 0.485184 0.021613 0.012992
0 0.011505 0.469504 0.021632 0.012544
0 0.011503 0.484736 0.021637 0.012992
0 0.011491 0.483392 0.021660 0.013440
0 0.011775 0.487872 0.021092 0.013888
0 0.011477 0.482496 0.021689 0.013888
0 0.011465 0.482496 0.021712 0.011648
0 0.011481 0.467264 0.021680 0.012544
0 0.011464 0.516544 0.021716 0.012096
0 0.011474 0.517440 0.021694 0.013440
0 0.011339 0.535808 0.021966 0.006272
0 0.011344 0.499968 0.021956 0.006272
0 0.011755 0.521920 0.021132 0.006272
0 0.011846 0.533568 0.020951 0.012544
0 0.011264 0.721280 0.022115 0.007168
0 0.011776 0.749504 0.021091 0.016128
0 0.011266 0.713216 0.022111 0.006272
0 0.011265 0.706944 0.022114 0.007168
0 0.011329 0.663936 0.021985 0.005824
0 0.011862 0.752640 0.020920 0.012096
0 0.011800 0.762048 0.021043 0.012992
0 0.011810 0.767872 0.021023 0.012992
0 0.011793 0.801024 0.021058 0.006720
0 0.011766 0.741440 0.021111 0.012992
0 0.011811 0.555968 0.021021 0.008960
0 0.011745 0.728896 0.021153 0.013888
0 0.011756 0.735616 0.021131 0.013888
0 0.011764 0.781312 0.021114 0.006272
0 0.011755 0.774144 0.021132 0.007168
0 0.011708 0.748160 0.021226 0.005824
0 0.011698 0.740992 0.021246 0.005824
0 0.011686 0.732032 0.021271 0.014336
0 0.010449 0.077504 0.019281 0.005824
