0 0.011020 0.116928 0.018139 0.040768
0 0.010995 0.120512 0.018188 0.041216
0 0.010476 0.237440 0.019227 0.054656
0 0.010502 0.228928 0.019174 0.050176
0 0.010524 0.221312 0.019131 0.052416
0 0.010550 0.217728 0.019079 0.049728
0 0.010572 0.206080 0.019035 0.054656
0 0.010599 0.205184 0.018981 0.038976
0 0.010620 0.192640 0.018938 0.050176
0 0.010665 0.176064 0.018849 0.050176
0 0.010688 0.167104 0.018802 0.050176
0 0.010711 0.155008 0.018756 0.051520
0 0.010736 0.155904 0.018707 0.052416
0 0.010759 0.145600 0.018661 0.052416
0 0.010777 0.131712 0.018625 0.064960
0 0.010808 0.132160 0.018562 0.048832
0 0.010832 0.124096 0.018515 0.048384
0 0.010852 0.113792 0.018475 0.052416
0 0.010878 0.109760 0.018423 0.048832
0 0.010900 0.100800 0.018379 0.047936
0 0.010924 0.094080 0.018331 0.048832
0 0.010946 0.084224 0.018287 0.051520
0 0.010968 0.077056 0.018243 0.051072
0 0.010453 0.244608 0.019273 0.053312
0 0.010428 0.250880 0.019322 0.053312
0 0.010405 0.261184 0.019368 0.048384
0 0.010506 0.777728 0.019166 0.036288
0 0.010972 0.130368 0.018234 0.040768
0 0.010948 0.138880 0.018284 0.040320
0 0.010600 0.948416 0.018979 0.033152
0 0.010584 0.930048 0.019010 0.035840
0 0.010574 0.910784 0.019030 0.036288
0 0.010564 0.891968 0.019051 0.038976
0 0.010550 0.873152 0.019079 0.038080
0 0.010543 0.853888 0.019092 0.036288
0 0.010534 0.835968 0.019110 0.036736
0 0.010493 0.759808 0.019192 0.037632
0 0.010385 0.271936 0.019409 0.042112
0 0.010423 0.619584 0.019333 0.034944
0 0.010387 0.562688 0.019404 0.036736
0 0.010754 0.263872 0.018671 0.036288
0 0.010668 0.290752 0.018843 0.035840
0 0.010597 0.317184 0.018984 0.035840
0 0.010478 0.352128 0.019222 0.036288
0 0.010417 0.376320 0.019345 0.034944
0 0.010336 0.280896 0.019507 0.053312
0 0.010358 0.270144 0.019463 0.052864
0 0.010993 0.067648 0.018192 0.052864
