0 0.010118 0.603008 0.019944 0.033600
0 0.010838 0.731584 0.018502 0.047488
0 0.011089 0.159040 0.018001 0.013888
0 0.010973 0.296128 0.018232 0.083776
0 0.010945 0.296128 0.018288 0.083328
0 0.010719 0.300608 0.018740 0.063616
0 0.010568 0.294336 0.019043 0.068544
0 0.010515 0.889280 0.019148 0.055104
0 0.010489 0.888384 0.019200 0.055104
0 0.010462 0.886592 0.019254 0.055104
0 0.010380 0.870912 0.019418 0.085120
0 0.010263 0.868224 0.019652 0.083776
0 0.010755 0.737856 0.018669 0.060480
0 0.010777 0.737856 0.018625 0.060480
0 0.010801 0.736512 0.018576 0.055104
0 0.010866 0.724864 0.018447 0.059136
0 0.010113 0.623168 0.019953 0.032256
0 0.010891 0.710976 0.018396 0.054208
0 0.010920 0.700672 0.018339 0.057344
0 0.010882 0.881216 0.018414 0.084672
0 0.010857 0.880768 0.018465 0.084672
0 0.010829 0.893760 0.018520 0.056000
0 0.010775 0.879872 0.018628 0.083776
0 0.011036 0.475328 0.018106 0.063616
0 0.011032 0.551936 0.018114 0.063616
0 0.011031 0.626304 0.018116 0.062272
0 0.011030 0.684544 0.018119 0.047040
0 0.011026 0.762944 0.018127 0.095424
0 0.010992 0.976640 0.018195 0.033600
0 0.010144 0.690816 0.019891 0.031808
0 0.010609 0.181888 0.018961 0.017920
