0 0.010415 0.978432 0.019348 0.030912
0 0.011024 0.494592 0.018131 0.039872
0 0.010682 0.263872 0.018815 0.012096
0 0.010726 0.264768 0.018727 0.012992
0 0.010855 0.173824 0.018468 0.041216
0 0.010973 0.122752 0.018233 0.036736
0 0.010976 0.072128 0.018227 0.039424
0 0.010978 0.012544 0.018222 0.023296
0 0.011027 0.392448 0.018124 0.037632
0 0.011025 0.443520 0.018128 0.038976
0 0.010980 0.430976 0.018219 0.049280
0 0.011086 0.702912 0.018006 0.031360
0 0.010983 0.357056 0.018213 0.044352
0 0.010811 0.348544 0.018556 0.013888
0 0.010806 0.364224 0.018566 0.013888
0 0.010812 0.380800 0.018555 0.015232
0 0.010850 0.416192 0.018478 0.013888
0 0.010800 0.398720 0.018578 0.013440
0 0.010797 0.430080 0.018584 0.014336
0 0.010796 0.445312 0.018586 0.015680
0 0.010615 0.263424 0.018948 0.010304
0 0.010561 0.261632 0.019056 0.010752
0 0.010519 0.260288 0.019141 0.010752
0 0.010630 0.156800 0.018918 0.015680
0 0.010132 0.172928 0.019915 0.065408
0 0.010157 0.173376 0.019865 0.065408
0 0.010182 0.173824 0.019815 0.065856
0 0.010210 0.158592 0.019759 0.034496
0 0.010234 0.159040 0.019710 0.035392
0 0.010262 0.159488 0.019655 0.035392
0 0.010303 0.156352 0.019572 0.028672
0 0.010327 0.160384 0.019525 0.035840
0 0.010426 0.177408 0.019327 0.064512
0 0.010520 0.195328 0.019139 0.025536
0 0.010574 0.197120 0.019030 0.025536
0 0.010629 0.198912 0.018920 0.023296
0 0.010684 0.200256 0.018810 0.022848
0 0.010741 0.169792 0.018697 0.027776
0 0.010522 0.154560 0.019135 0.016128
0 0.010550 0.154560 0.019078 0.015680
0 0.010575 0.155456 0.019028 0.015680
0 0.010796 0.461888 0.018586 0.014784
0 0.010795 0.495040 0.018589 0.017472
0 0.010792 0.510720 0.018594 0.016128
0 0.011014 0.633472 0.018150 0.073920
0 0.010447 0.872704 0.019285 0.020608
0 0.010469 0.875840 0.019241 0.025088
0 0.010490 0.882112 0.019199 0.037184
0 0.010521 0.882112 0.019136 0.036288
0 0.010545 0.882560 0.019089 0.035392
0 0.010571 0.884352 0.019037 0.038528
0 0.010635 0.886592 0.018909 0.039424
0 0.010691 0.887040 0.018796 0.039424
0 0.010718 0.985152 0.018743 0.012992
0 0.010781 0.986944 0.018616 0.013440
0 0.010935 0.989184 0.018309 0.016128
0 0.011009 0.989632 0.018161 0.011200
0 0.010938 0.917952 0.018302 0.032704
0 0.010719 0.883904 0.018741 0.030912
0 0.010112 0.357504 0.019954 0.013440
0 0.010099 0.627648 0.019981 0.015232
0 0.010094 0.683200 0.019991 0.014784
0 0.010417 0.875840 0.019345 0.026880
0 0.010973 0.606144 0.018232 0.044352
0 0.010792 0.528192 0.018594 0.016576
0 0.010971 0.661248 0.018236 0.043904
0 0.010790 0.559104 0.018599 0.014336
0 0.010793 0.590912 0.018592 0.013440
0 0.010789 0.604800 0.018600 0.012992
0 0.010789 0.617792 0.018600 0.012544
0 0.010789 0.631680 0.018600 0.013440
0 0.010784 0.701568 0.018611 0.014336
0 0.010782 0.722624 0.018614 0.014336
0 0.010842 0.724416 0.018495 0.014784
0 0.010782 0.743680 0.018614 0.014784
0 0.010819 0.762496 0.018541 0.014784
0 0.010780 0.774592 0.018619 0.011200
0 0.010782 0.790272 0.018614 0.013888
0 0.010779 0.809536 0.018621 0.014336
0 0.010785 0.837760 0.018608 0.011200
0 0.010965 0.820288 0.018249 0.031360
0 0.010966 0.784000 0.018247 0.037184
0 0.010968 0.738752 0.018243 0.025984
0 0.010106 0.172480 0.019967 0.065408
