0 0.011210 0.763392 0.022224 0.030464
0 0.011519 0.351680 0.021605 0.017024
0 0.011307 0.159936 0.022030 0.037632
0 0.011408 0.104832 0.021827 0.017472
0 0.011407 0.179200 0.021829 0.021504
0 0.011406 0.200256 0.021831 0.021504
0 0.011405 0.218176 0.021833 0.019264
0 0.011403 0.238784 0.021837 0.021504
0 0.011402 0.256704 0.021838 0.022400
0 0.011401 0.276416 0.021840 0.020160
0 0.011404 0.292544 0.021836 0.019264
0 0.011398 0.317184 0.021847 0.023296
0 0.010330 0.244608 0.019519 0.021056
0 0.011530 0.304192 0.021584 0.015232
0 0.011528 0.320768 0.021586 0.016128
0 0.011528 0.337792 0.021588 0.017472
0 0.011524 0.383488 0.021595 0.028672
0 0.011270 0.150976 0.022102 0.032704
0 0.011525 0.403648 0.021593 0.026432
0 0.011507 0.424704 0.021629 0.037632
0 0.011512 0.444416 0.021619 0.033600
0 0.011468 0.333760 0.021707 0.019264
0 0.011470 0.350336 0.021702 0.021056
0 0.011445 0.347200 0.021753 0.017472
0 0.011465 0.391104 0.021712 0.017024
0 0.011450 0.453376 0.021744 0.028224
0 0.011421 0.451584 0.021802 0.035392
0 0.011394 0.356160 0.021854 0.024192
0 0.011393 0.395136 0.021857 0.021056
0 0.011390 0.414848 0.021863 0.021504
0 0.010191 0.284480 0.019798 0.024640
0 0.010187 0.307776 0.019805 0.025536
0 0.011285 0.151424 0.022072 0.033600
0 0.011256 0.147840 0.022130 0.031360
0 0.011178 0.765184 0.022286 0.027328
0 0.010730 0.198912 0.018718 0.022400
0 0.010902 0.124096 0.018376 0.027328
0 0.010900 0.150976 0.018378 0.028224
0 0.010899 0.175616 0.018381 0.024192
0 0.010892 0.225344 0.018394 0.028672
0 0.010886 0.277312 0.018407 0.035392
0 0.010863 0.324800 0.018453 0.035392
0 0.010858 0.348992 0.018463 0.035392
0 0.010848 0.372288 0.018483 0.036736
0 0.010860 0.448896 0.018458 0.033600
0 0.010846 0.486528 0.018486 0.037632
0 0.010739 0.065856 0.018701 0.024192
0 0.010735 0.120512 0.018708 0.024192
0 0.010734 0.145600 0.018710 0.023296
0 0.010732 0.171136 0.018714 0.021504
0 0.010729 0.223104 0.018721 0.024192
0 0.011242 0.143808 0.022159 0.026432
0 0.010770 0.258496 0.018639 0.031360
0 0.010725 0.278208 0.018728 0.025536
0 0.010724 0.304192 0.018730 0.028224
0 0.010719 0.383488 0.018741 0.024192
0 0.010717 0.409024 0.018745 0.022400
0 0.010715 0.435904 0.018748 0.024640
0 0.010713 0.460992 0.018752 0.022400
0 0.011849 0.515200 0.020945 0.017024
0 0.010695 0.593152 0.018789 0.037632
0 0.010710 0.588672 0.018758 0.038528
0 0.010734 0.591808 0.018711 0.036736
0 0.011211 0.054656 0.022221 0.024192
0 0.011249 0.098112 0.022144 0.023296
0 0.011304 0.091840 0.022035 0.012096
0 0.010182 0.361088 0.019815 0.026432
0 0.010181 0.387520 0.019817 0.028672
0 0.010185 0.413504 0.019809 0.023296
0 0.011425 0.671104 0.021793 0.038528
0 0.011787 0.622272 0.021068 0.028672
0 0.011802 0.620928 0.021038 0.026432
0 0.011816 0.624960 0.021011 0.028224
0 0.011765 0.731584 0.021113 0.032704
0 0.011736 0.693056 0.021170 0.036736
0 0.011735 0.777280 0.021173 0.021504
0 0.011702 0.805952 0.021239 0.024192
0 0.011688 0.804608 0.021266 0.024640
0 0.011673 0.802816 0.021296 0.025536
0 0.011658 0.803264 0.021327 0.028224
0 0.011614 0.794752 0.021415 0.027328
0 0.011586 0.795648 0.021470 0.028672
0 0.011557 0.792960 0.021528 0.032256
0 0.011423 0.779968 0.021797 0.042560
0 0.011440 0.671104 0.021763 0.038528
0 0.010179 0.441280 0.019820 0.028224
0 0.011472 0.671552 0.021698 0.026432
0 0.011510 0.677376 0.021623 0.042560
0 0.011524 0.718592 0.021595 0.036736
0 0.011539 0.719936 0.021565 0.037632
0 0.011554 0.718144 0.021534 0.037632
0 0.011575 0.720384 0.021493 0.040768
0 0.011603 0.720832 0.021438 0.040320
0 0.011607 0.678720 0.021429 0.036288
0 0.011629 0.704256 0.021385 0.030464
0 0.011947 0.667968 0.020748 0.025536
0 0.011986 0.671104 0.020671 0.038528
0 0.012011 0.584192 0.020622 0.039424
0 0.010787 0.856576 0.018605 0.075264
0 0.011193 0.761152 0.022256 0.025536
0 0.011772 0.619584 0.021099 0.029568
0 0.011758 0.620480 0.021127 0.028224
0 0.011741 0.616896 0.021160 0.032256
0 0.011713 0.613760 0.021217 0.031360
0 0.010176 0.465920 0.019827 0.025536
0 0.010184 0.491456 0.019810 0.022400
0 0.010080 0.202944 0.020018 0.019264
0 0.010077 0.263872 0.020026 0.024192
0 0.010064 0.438144 0.020051 0.021504
0 0.010170 0.521472 0.019839 0.026432
0 0.010170 0.549696 0.019839 0.024640
0 0.010172 0.572544 0.019834 0.024192
0 0.010163 0.596736 0.019853 0.025536
0 0.010054 0.589568 0.020071 0.021056
0 0.010050 0.649600 0.020078 0.024192
0 0.011402 0.589568 0.021838 0.028672
0 0.011419 0.563136 0.021804 0.029568
0 0.011429 0.597632 0.021785 0.031360
0 0.011444 0.597632 0.021755 0.032704
0 0.011460 0.597632 0.021722 0.027328
0 0.011474 0.599424 0.021694 0.028224
0 0.011489 0.598528 0.021666 0.026432
0 0.011506 0.598976 0.021632 0.028672
0 0.011520 0.580160 0.021602 0.029568
0 0.011532 0.607488 0.021579 0.026432
0 0.011548 0.594496 0.021547 0.029568
0 0.011562 0.604352 0.021520 0.028224
0 0.011597 0.585984 0.021449 0.035392
0 0.011535 0.643328 0.021574 0.036288
0 0.011654 0.610624 0.021334 0.029568
0 0.011670 0.611072 0.021303 0.028672
0 0.011685 0.615104 0.021272 0.028672
0 0.011700 0.615104 0.021244 0.027328
0 0.010899 0.102144 0.018381 0.026432
