0 0.011552 0.688128 0.021540 0.028224
0 0.011786 0.294336 0.021071 0.026880
0 0.010764 0.371392 0.018651 0.039872
0 0.010726 0.400960 0.018726 0.033600
0 0.010717 0.379456 0.018745 0.034496
0 0.010760 0.350336 0.018659 0.032704
0 0.010756 0.332864 0.018667 0.035840
0 0.010715 0.360192 0.018748 0.032704
0 0.010697 0.346752 0.018785 0.033600
0 0.010667 0.344064 0.018844 0.034496
0 0.010703 0.319424 0.018772 0.033600
0 0.011852 0.321216 0.020938 0.030016
0 0.011791 0.314944 0.021061 0.027328
0 0.010707 0.290304 0.018765 0.039872
0 0.010628 0.298816 0.018922 0.030464
0 0.010735 0.415296 0.018708 0.037632
0 0.010660 0.273280 0.018860 0.038976
0 0.010748 0.262976 0.018683 0.034496
0 0.011856 0.241472 0.020932 0.032256
0 0.010697 0.271040 0.018784 0.036736
0 0.010562 0.195328 0.019055 0.040320
0 0.010605 0.167552 0.018969 0.038976
0 0.010615 0.187712 0.018949 0.035840
0 0.010646 0.138880 0.018886 0.039872
0 0.010605 0.128576 0.018969 0.051072
0 0.010578 0.121408 0.019023 0.039872
0 0.010619 0.095872 0.018940 0.037632
0 0.010527 0.154112 0.019124 0.040320
0 0.010780 0.390208 0.018619 0.035840
0 0.010749 0.430976 0.018681 0.038080
0 0.011697 0.210560 0.021248 0.030016
0 0.010887 0.435904 0.018405 0.040320
0 0.010983 0.621376 0.018213 0.052864
0 0.010988 0.590016 0.018202 0.054208
0 0.010911 0.595392 0.018357 0.051072
0 0.010975 0.556864 0.018229 0.047488
0 0.010935 0.632576 0.018309 0.045696
0 0.010889 0.585088 0.018401 0.047488
0 0.010922 0.533120 0.018334 0.050624
0 0.010920 0.509376 0.018339 0.047936
0 0.010905 0.490112 0.018368 0.047936
0 0.010855 0.549696 0.018469 0.049728
0 0.010834 0.532224 0.018511 0.054208
0 0.010883 0.458304 0.018413 0.051968
0 0.010873 0.422912 0.018433 0.038976
0 0.010758 0.450240 0.018662 0.040320
0 0.010860 0.410816 0.018459 0.038976
0 0.010846 0.394240 0.018487 0.039872
0 0.010835 0.450688 0.018509 0.038080
0 0.010815 0.439040 0.018550 0.038976
0 0.010804 0.422464 0.018570 0.038080
0 0.010792 0.406784 0.018595 0.038976
0 0.010835 0.378560 0.018509 0.038976
0 0.010819 0.363328 0.018541 0.038976
0 0.010813 0.345856 0.018553 0.034944
0 0.010800 0.327040 0.018578 0.038080
0 0.010792 0.480256 0.018595 0.034496
0 0.010812 0.491008 0.018555 0.033600
0 0.011684 0.163968 0.021275 0.030016
0 0.011625 0.100800 0.021393 0.029120
0 0.011564 0.701120 0.021514 0.028224
0 0.011853 0.928256 0.020937 0.039872
0 0.011615 0.849408 0.021413 0.032256
0 0.011631 0.861952 0.021381 0.030016
0 0.010523 0.878528 0.019132 0.036736
0 0.011668 0.902272 0.021307 0.032256
0 0.011681 0.913472 0.021280 0.030016
0 0.011696 0.930048 0.021252 0.032704
0 0.011716 0.940800 0.021211 0.025088
0 0.010562 0.778176 0.019055 0.045248
0 0.010577 0.766976 0.019025 0.045696
0 0.011807 0.948864 0.021029 0.034944
0 0.011820 0.941248 0.021002 0.034944
0 0.011834 0.934976 0.020975 0.044352
0 0.010827 0.855680 0.018524 0.048832
0 0.011580 0.813568 0.021482 0.027328
0 0.010834 0.789376 0.018511 0.042112
0 0.010799 0.212352 0.018580 0.067200
0 0.011745 0.230272 0.021152 0.031360
0 0.011770 0.260288 0.021103 0.030464
0 0.011778 0.208320 0.021087 0.030016
0 0.011788 0.223552 0.021066 0.032704
0 0.011800 0.236992 0.021043 0.030016
0 0.011822 0.200704 0.020999 0.030016
0 0.011833 0.215488 0.020977 0.032256
0 0.010259 0.740096 0.019660 0.049728
0 0.011466 0.539840 0.021710 0.032704
0 0.011537 0.672000 0.021568 0.030016
0 0.011604 0.835968 0.021435 0.026880
0 0.011570 0.801920 0.021503 0.026880
0 0.011656 0.081536 0.021331 0.029120
0 0.011388 0.472640 0.021867 0.023744
0 0.010526 0.255360 0.019127 0.047936
0 0.010247 0.268800 0.019685 0.029120
0 0.010067 0.524608 0.020044 0.040320
0 0.011175 0.628544 0.022293 0.025088
0 0.011267 0.428736 0.022109 0.025088
0 0.011277 0.441728 0.022089 0.025088
0 0.011285 0.452480 0.022074 0.025088
0 0.011307 0.478912 0.022028 0.027328
0 0.011340 0.516992 0.021963 0.026880
0 0.011349 0.530432 0.021946 0.026880
0 0.011391 0.486080 0.021862 0.026880
0 0.011356 0.436800 0.021931 0.022848
0 0.011376 0.565376 0.021892 0.030464
0 0.011555 0.789376 0.021533 0.026880
0 0.011388 0.580160 0.021867 0.025088
0 0.011398 0.592704 0.021846 0.025984
0 0.011408 0.604800 0.021826 0.028224
0 0.011420 0.618688 0.021803 0.025984
0 0.011430 0.635264 0.021782 0.026880
0 0.011440 0.647808 0.021764 0.027328
0 0.011448 0.662144 0.021747 0.028224
0 0.011457 0.674688 0.021728 0.029120
0 0.011466 0.688128 0.021710 0.026880
0 0.011481 0.701120 0.021681 0.025984
0 0.011501 0.724416 0.021641 0.024640
0 0.011541 0.777280 0.021560 0.026880
0 0.010964 0.663040 0.018250 0.050624
