0 0.012186 0.802816 0.020272 0.024192
0 0.011965 0.560000 0.020714 0.034944
0 0.011937 0.659904 0.020769 0.036736
0 0.011905 0.632576 0.020833 0.034048
0 0.011872 0.606144 0.020899 0.034944
0 0.011853 0.598080 0.020936 0.031360
0 0.011841 0.584640 0.020960 0.029568
0 0.011806 0.559104 0.021031 0.040320
0 0.011787 0.548352 0.021068 0.034944
0 0.011858 0.505344 0.020927 0.027776
0 0.011946 0.552832 0.020751 0.031360
0 0.012011 0.602112 0.020621 0.034048
0 0.011917 0.527744 0.020808 0.033152
0 0.011906 0.512512 0.020830 0.029568
0 0.011888 0.499968 0.020868 0.031360
0 0.011877 0.486976 0.020890 0.030464
0 0.011859 0.477120 0.020925 0.032256
0 0.011848 0.464128 0.020947 0.027776
0 0.011828 0.449792 0.020987 0.029568
0 0.011811 0.439040 0.021022 0.029568
0 0.011970 0.684992 0.020703 0.029568
0 0.012033 0.613312 0.020577 0.027776
0 0.011767 0.400960 0.021110 0.031360
0 0.012030 0.846272 0.020582 0.032256
0 0.011938 0.954688 0.020767 0.036736
0 0.011962 0.953792 0.020718 0.033152
0 0.012026 0.950208 0.020591 0.036736
0 0.012121 0.917952 0.020402 0.027776
0 0.012116 0.899136 0.020410 0.024192
0 0.012131 0.884352 0.020382 0.024192
0 0.012137 0.869120 0.020369 0.029568
0 0.012023 0.862848 0.020597 0.033152
0 0.012041 0.828352 0.020560 0.032256
0 0.012065 0.637952 0.020514 0.028672
0 0.012056 0.814464 0.020531 0.029568
0 0.012060 0.790720 0.020523 0.034048
0 0.012048 0.747264 0.020547 0.040320
0 0.012167 0.725760 0.020309 0.039424
0 0.012150 0.713216 0.020342 0.032256
0 0.012110 0.671104 0.020424 0.030464
0 0.012093 0.661696 0.020457 0.031360
0 0.012076 0.649152 0.020492 0.036736
0 0.011800 0.426496 0.021044 0.029568
0 0.011732 0.376768 0.021178 0.033152
0 0.012179 0.822080 0.020285 0.025088
0 0.011697 0.357504 0.021248 0.026880
0 0.011590 0.268800 0.021464 0.034048
0 0.011574 0.256704 0.021495 0.029568
0 0.011558 0.242816 0.021528 0.036736
0 0.011421 0.253568 0.021800 0.032256
0 0.011397 0.240128 0.021849 0.033152
0 0.011380 0.223552 0.021884 0.037632
0 0.011497 0.192192 0.021648 0.032256
0 0.011475 0.182784 0.021692 0.034944
0 0.011680 0.346752 0.021283 0.028672
0 0.011454 0.280896 0.021734 0.034944
0 0.011668 0.333312 0.021308 0.026880
0 0.011657 0.316288 0.021330 0.028672
0 0.011177 0.331072 0.022288 0.038528
0 0.011199 0.301504 0.022244 0.034944
0 0.011222 0.271488 0.022198 0.032256
0 0.011170 0.224896 0.022304 0.031360
0 0.011290 0.174272 0.022062 0.028672
0 0.011228 0.755776 0.022187 0.032256
0 0.011626 0.290752 0.021391 0.029568
0 0.011488 0.304192 0.021666 0.031360
0 0.011691 0.646016 0.021261 0.026880
0 0.011687 0.452928 0.021268 0.035840
0 0.011668 0.641984 0.021308 0.034944
0 0.011510 0.634368 0.021622 0.034048
0 0.011537 0.644224 0.021569 0.028672
0 0.011661 0.547904 0.021321 0.034048
0 0.011646 0.525056 0.021352 0.033152
0 0.011645 0.537152 0.021354 0.030464
0 0.011656 0.499520 0.021332 0.030464
0 0.011672 0.482048 0.021299 0.033152
0 0.011661 0.442176 0.021321 0.030464
0 0.011474 0.291648 0.021695 0.034944
0 0.011643 0.426496 0.021356 0.033152
0 0.011626 0.416640 0.021391 0.036736
0 0.011608 0.404096 0.021426 0.039424
0 0.011579 0.379008 0.021486 0.035840
0 0.011598 0.387520 0.021446 0.031360
0 0.011529 0.343616 0.021585 0.031360
0 0.011514 0.329728 0.021616 0.032256
0 0.011502 0.317184 0.021640 0.030464
0 0.011213 0.901824 0.022216 0.034944
