0 0.011223 0.089600 0.022197 0.021056
0 0.011874 0.369152 0.020895 0.028224
0 0.011921 0.394688 0.020800 0.024192
0 0.011906 0.368256 0.020830 0.025536
0 0.011900 0.353472 0.020843 0.026432
0 0.011892 0.340032 0.020858 0.025536
0 0.011891 0.396928 0.020861 0.027328
0 0.011884 0.383488 0.020875 0.024192
0 0.011863 0.344064 0.020918 0.027328
0 0.011254 0.012992 0.022134 0.014336
0 0.011884 0.324352 0.020874 0.026432
0 0.011879 0.313152 0.020885 0.023296
0 0.011870 0.298816 0.020902 0.024640
0 0.011862 0.287168 0.020919 0.025536
0 0.011836 0.304192 0.020970 0.028224
0 0.011823 0.277760 0.020997 0.028224
0 0.011935 0.420224 0.020772 0.030464
0 0.011960 0.460096 0.020724 0.025536
0 0.011950 0.301056 0.020742 0.026432
0 0.011962 0.314048 0.020720 0.021504
0 0.011965 0.330176 0.020712 0.028224
0 0.011974 0.344064 0.020695 0.027328
0 0.011989 0.368704 0.020666 0.024192
0 0.012005 0.395136 0.020633 0.024640
0 0.012013 0.408128 0.020618 0.027328
0 0.012021 0.422016 0.020601 0.026432
0 0.012025 0.439488 0.020592 0.024192
0 0.012034 0.450240 0.020575 0.026432
0 0.011916 0.570304 0.020810 0.022400
0 0.011952 0.619584 0.020738 0.032704
0 0.011976 0.602560 0.020691 0.034496
0 0.012012 0.578368 0.020619 0.028672
0 0.012036 0.560896 0.020571 0.029568
0 0.011820 0.262080 0.021003 0.022400
0 0.011854 0.271936 0.020935 0.025536
0 0.011850 0.258496 0.020942 0.023296
0 0.011686 0.170688 0.021271 0.025536
0 0.011271 0.039424 0.022100 0.027328
0 0.011193 0.032704 0.022256 0.024192
0 0.011267 0.025536 0.022109 0.022400
0 0.011314 0.052416 0.022016 0.023296
0 0.011651 0.070784 0.021341 0.029568
0 0.011651 0.057792 0.021340 0.030464
0 0.011854 0.133056 0.020935 0.025536
0 0.011846 0.109760 0.020952 0.025536
0 0.011746 0.668864 0.021152 0.027328
0 0.011430 0.308224 0.021783 0.026432
0 0.011565 0.407680 0.021513 0.026432
0 0.011549 0.323904 0.021544 0.025536
0 0.011598 0.214144 0.021448 0.027328
0 0.011665 0.335104 0.021313 0.027328
0 0.011708 0.210560 0.021227 0.026432
0 0.011808 0.250432 0.021027 0.026432
0 0.011714 0.223552 0.021215 0.028672
0 0.011738 0.263424 0.021167 0.026432
0 0.011755 0.288512 0.021133 0.024192
0 0.011769 0.315840 0.021105 0.025536
0 0.011758 0.359296 0.021126 0.025536
0 0.011809 0.441280 0.021025 0.024192
0 0.011797 0.178304 0.021050 0.029568
0 0.011785 0.210560 0.021074 0.028224
0 0.011792 0.224448 0.021058 0.025536
0 0.011803 0.234752 0.021037 0.023296
0 0.011819 0.205632 0.021006 0.026432
0 0.011827 0.219520 0.020989 0.024192
0 0.011838 0.231168 0.020967 0.024192
0 0.011843 0.245056 0.020957 0.023296
0 0.012064 0.504000 0.020514 0.024640
