0 0.011172 0.597184 0.022298 0.031360
0 0.010672 0.519232 0.018836 0.024640
0 0.010856 0.693056 0.018466 0.024640
0 0.010852 0.734272 0.018475 0.024640
0 0.010849 0.754432 0.018480 0.024192
0 0.010847 0.774144 0.018485 0.024192
0 0.010902 0.760704 0.018374 0.068096
0 0.010755 0.651392 0.018668 0.023296
0 0.010752 0.669312 0.018675 0.025536
0 0.010676 0.461440 0.018826 0.026880
0 0.010675 0.481152 0.018828 0.022848
0 0.010673 0.500416 0.018832 0.024192
0 0.010668 0.538496 0.018842 0.025536
0 0.011502 0.745920 0.021638 0.017024
0 0.010666 0.557760 0.018847 0.024192
0 0.010665 0.576576 0.018849 0.023296
0 0.010663 0.594496 0.018852 0.025536
0 0.010658 0.613760 0.018862 0.022848
0 0.010657 0.632128 0.018865 0.024640
0 0.010655 0.651840 0.018869 0.024192
0 0.010652 0.669312 0.018874 0.024640
0 0.010650 0.687232 0.018879 0.025536
0 0.010647 0.705600 0.018884 0.025536
0 0.010612 0.542976 0.018954 0.024192
0 0.010858 0.672896 0.018462 0.024640
0 0.011000 0.778624 0.018178 0.033152
0 0.010997 0.760704 0.018185 0.032704
0 0.010993 0.742784 0.018193 0.033152
0 0.010894 0.243712 0.018391 0.068544
0 0.010900 0.270592 0.018378 0.068544
0 0.010906 0.297920 0.018366 0.068096
0 0.010907 0.366016 0.018364 0.034048
0 0.010912 0.384384 0.018354 0.034048
0 0.010916 0.404992 0.018347 0.034048
0 0.010921 0.422912 0.018337 0.033152
0 0.010925 0.441728 0.018328 0.034048
0 0.010929 0.460544 0.018321 0.034048
0 0.010934 0.480704 0.018311 0.034048
0 0.010938 0.499968 0.018303 0.034496
0 0.010943 0.517888 0.018293 0.034496
0 0.010946 0.536704 0.018286 0.031808
0 0.010951 0.555968 0.018276 0.033152
0 0.010955 0.574336 0.018268 0.031808
0 0.010960 0.592256 0.018259 0.031360
0 0.010964 0.610624 0.018250 0.032704
0 0.010972 0.648256 0.018235 0.034048
0 0.010981 0.686784 0.018217 0.033152
0 0.010986 0.705152 0.018207 0.033152
0 0.010988 0.724864 0.018202 0.032704
0 0.010610 0.561792 0.018960 0.025984
0 0.010595 0.658560 0.018988 0.027776
0 0.010495 0.423360 0.019189 0.031360
0 0.010237 0.408128 0.019705 0.069888
0 0.010251 0.413504 0.019676 0.070784
0 0.010266 0.413504 0.019646 0.069440
0 0.010278 0.417088 0.019622 0.071680
0 0.010293 0.419776 0.019593 0.070784
0 0.010307 0.423360 0.019565 0.070784
0 0.010319 0.425152 0.019540 0.069888
0 0.010273 0.576576 0.019633 0.070784
0 0.010286 0.581504 0.019606 0.069888
0 0.010301 0.583744 0.019577 0.072128
0 0.010335 0.448896 0.019508 0.105280
0 0.010314 0.612416 0.019550 0.102592
0 0.010178 0.043904 0.019822 0.025536
0 0.010231 0.052864 0.019717 0.026880
0 0.010283 0.064960 0.019613 0.025984
0 0.011212 0.026880 0.022219 0.018368
0 0.011193 0.044352 0.022257 0.016128
0 0.011495 0.831488 0.021653 0.015680
0 0.011503 0.810432 0.021637 0.018368
0 0.011504 0.795648 0.021635 0.012544
0 0.011500 0.780416 0.021644 0.014336
0 0.011503 0.766976 0.021636 0.014784
0 0.010148 0.537152 0.019882 0.025536
0 0.010222 0.405440 0.019734 0.072128
0 0.010491 0.443520 0.019196 0.031808
0 0.010208 0.400512 0.019762 0.069440
0 0.010490 0.463680 0.019198 0.031360
0 0.010487 0.482048 0.019204 0.028224
0 0.010486 0.502656 0.019208 0.029568
0 0.010481 0.521472 0.019216 0.032704
0 0.010480 0.539840 0.019219 0.029120
0 0.010478 0.560896 0.019223 0.031808
0 0.010472 0.600320 0.019234 0.032704
0 0.010470 0.620480 0.019238 0.034048
0 0.010390 0.620928 0.019399 0.034496
0 0.010397 0.542976 0.019385 0.033152
0 0.010399 0.522368 0.019380 0.031360
0 0.010403 0.502656 0.019373 0.032704
0 0.010405 0.484288 0.019369 0.031360
0 0.010407 0.463680 0.019364 0.031360
0 0.010410 0.444864 0.019358 0.033152
0 0.010412 0.425152 0.019355 0.031808
0 0.010414 0.404992 0.019350 0.030464
0 0.010157 0.392448 0.019865 0.069888
0 0.010169 0.393344 0.019841 0.069888
0 0.010181 0.396032 0.019817 0.069888
0 0.010193 0.398272 0.019792 0.070784
0 0.010888 0.218176 0.018403 0.069888
