0 0.011689 0.550592 0.021265 0.030464
0 0.011339 0.199360 0.021965 0.036736
0 0.010633 0.351232 0.018913 0.047488
0 0.010618 0.331968 0.018942 0.041664
0 0.010613 0.311360 0.018952 0.040768
0 0.010590 0.263424 0.019000 0.038528
0 0.010568 0.240576 0.019043 0.041664
0 0.010511 0.164416 0.019157 0.047488
0 0.010498 0.142464 0.019184 0.045696
0 0.011483 0.168896 0.021676 0.045696
0 0.011401 0.188160 0.021841 0.031808
0 0.011311 0.207872 0.022020 0.034496
0 0.010684 0.445760 0.018811 0.035840
0 0.011397 0.465472 0.021848 0.028672
0 0.011559 0.624512 0.021526 0.028672
0 0.011418 0.303744 0.021808 0.037632
0 0.011393 0.312256 0.021858 0.034496
0 0.011217 0.323904 0.022209 0.018816
0 0.011234 0.342720 0.022176 0.023744
0 0.011260 0.375424 0.022123 0.021952
0 0.011268 0.396928 0.022106 0.021952
0 0.011280 0.413952 0.022082 0.023744
0 0.010654 0.402752 0.018870 0.042560
0 0.010689 0.470400 0.018801 0.040320
0 0.010754 0.812672 0.018670 0.062272
0 0.010573 0.731136 0.019033 0.077952
0 0.010635 0.810880 0.018909 0.070336
0 0.010563 0.836416 0.019052 0.071232
0 0.010455 0.869568 0.019270 0.069440
0 0.010523 0.853888 0.019133 0.071232
0 0.010415 0.781760 0.019348 0.069440
0 0.010450 0.770560 0.019279 0.068992
0 0.010481 0.766976 0.019217 0.071232
0 0.011623 0.739648 0.021397 0.050624
0 0.010539 0.738752 0.019100 0.072128
0 0.010634 0.726656 0.018911 0.071232
0 0.010701 0.492352 0.018777 0.042560
0 0.010670 0.722624 0.018839 0.071232
0 0.010704 0.728448 0.018770 0.077952
0 0.010753 0.732032 0.018672 0.068992
0 0.011914 0.705600 0.020816 0.040320
0 0.010764 0.634816 0.018651 0.039424
0 0.010754 0.609728 0.018670 0.035392
0 0.010719 0.545664 0.018741 0.044352
0 0.011622 0.607488 0.021399 0.025536
0 0.010714 0.515200 0.018751 0.040768
0 0.011315 0.475328 0.022013 0.023744
