0 0.011223 0.827456 0.022197 0.024192
0 0.011437 0.254912 0.021768 0.024192
0 0.011915 0.426048 0.020812 0.012096
0 0.011915 0.377216 0.020812 0.012096
0 0.011809 0.263872 0.021025 0.015232
0 0.011813 0.278656 0.021017 0.013440
0 0.011813 0.342720 0.021017 0.011648
0 0.011813 0.373632 0.021017 0.012544
0 0.011816 0.405440 0.021010 0.012544
0 0.011772 0.407680 0.021100 0.012544
0 0.011771 0.377216 0.021101 0.012544
0 0.011766 0.360640 0.021111 0.012096
0 0.011773 0.343616 0.021097 0.012096
0 0.011767 0.295232 0.021109 0.012096
0 0.011754 0.262976 0.021135 0.012544
0 0.011459 0.254912 0.021725 0.021504
0 0.011394 0.258496 0.021855 0.023296
0 0.011919 0.457856 0.020804 0.011648
0 0.011354 0.258048 0.021934 0.025536
0 0.011847 0.062720 0.020950 0.013440
0 0.011807 0.069440 0.021028 0.012096
0 0.011902 0.186816 0.020839 0.012096
0 0.011906 0.218176 0.020831 0.010752
0 0.011786 0.164864 0.021071 0.025984
0 0.011764 0.165312 0.021114 0.024640
0 0.011680 0.172480 0.021284 0.024640
0 0.011599 0.175616 0.021445 0.025536
0 0.011477 0.182336 0.021688 0.025984
0 0.011435 0.181440 0.021773 0.025536
0 0.011395 0.182336 0.021853 0.023296
0 0.011349 0.184576 0.021944 0.024640
0 0.011308 0.188160 0.022027 0.019712
0 0.011919 0.440832 0.020806 0.011648
0 0.011921 0.472192 0.020801 0.012096
0 0.011864 0.876288 0.020914 0.013440
0 0.011829 0.610624 0.020985 0.013440
0 0.011866 0.862400 0.020911 0.011648
0 0.011768 0.906752 0.021106 0.013888
0 0.011766 0.860608 0.021111 0.011648
0 0.011762 0.827008 0.021119 0.012096
0 0.011760 0.796096 0.021122 0.012544
0 0.011760 0.779072 0.021122 0.010304
0 0.011854 0.737856 0.020935 0.012096
0 0.011860 0.706048 0.020922 0.012096
0 0.011638 0.578368 0.021367 0.031808
0 0.011597 0.611072 0.021448 0.026432
0 0.011927 0.551040 0.020788 0.012096
0 0.011925 0.581504 0.020793 0.012544
0 0.011922 0.599872 0.020799 0.012544
0 0.011831 0.563584 0.020982 0.013440
0 0.011826 0.594496 0.020991 0.013440
0 0.011920 0.487424 0.020802 0.013888
0 0.011831 0.578368 0.020980 0.011648
0 0.011792 0.611072 0.021058 0.012096
0 0.011791 0.597632 0.021061 0.011648
0 0.011792 0.580160 0.021060 0.010304
0 0.011793 0.564928 0.021057 0.010304
0 0.011788 0.548352 0.021066 0.012096
0 0.011787 0.534464 0.021069 0.011648
0 0.011826 0.529984 0.020991 0.012096
0 0.011825 0.514304 0.020993 0.010752
0 0.011829 0.500416 0.020985 0.011648
0 0.011820 0.469952 0.021002 0.010752
0 0.011787 0.485184 0.021069 0.013440
0 0.011779 0.470400 0.021085 0.012544
0 0.011816 0.423360 0.021010 0.012544
0 0.011289 0.189504 0.022064 0.021056
