0 0.003261 0.721280 0.002407 0.076160
0 0.003258 0.627648 0.002412 0.078400
0 0.002702 0.701568 0.003524 0.071680
0 0.002700 0.607936 0.003528 0.070784
0 0.002699 0.515648 0.003531 0.072128
0 0.002699 0.420672 0.003531 0.073920
0 0.002650 0.699328 0.003629 0.069888
0 0.002651 0.607936 0.003627 0.068992
0 0.002649 0.513408 0.003632 0.079296
0 0.002649 0.420672 0.003630 0.080192
0 0.002373 0.221760 0.004183 0.062720
0 0.002343 0.222656 0.004243 0.064512
0 0.002314 0.720384 0.004301 0.049728
0 0.002315 0.656768 0.004300 0.048832
0 0.002315 0.598080 0.004300 0.050624
0 0.002315 0.538944 0.004300 0.048832
0 0.002314 0.472640 0.004300 0.053760
0 0.002313 0.401408 0.004303 0.060032
0 0.002276 0.722624 0.004376 0.051072
0 0.002276 0.659456 0.004377 0.048832
0 0.002276 0.595840 0.004377 0.052864
0 0.002276 0.535360 0.004377 0.049728
0 0.002275 0.471296 0.004379 0.056896
0 0.002816 0.478464 0.003296 0.086912
0 0.002815 0.584192 0.003299 0.091840
0 0.002814 0.694848 0.003300 0.087808
0 0.003260 0.391552 0.002409 0.071680
0 0.003212 0.719488 0.002505 0.074368
0 0.003211 0.623616 0.002507 0.070784
0 0.003164 0.716352 0.002601 0.071680
0 0.003165 0.625408 0.002599 0.074368
0 0.003119 0.716800 0.002691 0.075264
0 0.003120 0.624064 0.002689 0.073024
0 0.003069 0.712320 0.002790 0.077504
0 0.003071 0.621376 0.002787 0.072128
0 0.003260 0.483392 0.002409 0.071680
0 0.003213 0.479808 0.002503 0.072128
0 0.002871 0.481152 0.003187 0.087808
0 0.003213 0.390656 0.002502 0.076160
0 0.003166 0.482048 0.002596 0.075264
0 0.003165 0.386176 0.002599 0.071680
0 0.003116 0.478464 0.002696 0.073920
0 0.003117 0.386176 0.002694 0.076160
0 0.003072 0.478912 0.002784 0.072128
0 0.003072 0.386624 0.002785 0.075264
0 0.002872 0.695296 0.003184 0.086912
0 0.002871 0.589568 0.003186 0.090944
0 0.002273 0.402304 0.004383 0.059136
