0 0.003223 0.774144 0.002482 0.062720
0 0.011895 0.627200 0.020853 0.008064
0 0.011905 0.629888 0.020833 0.007168
0 0.011915 0.631680 0.020812 0.006720
0 0.011930 0.635264 0.020784 0.007616
0 0.011925 0.647360 0.020792 0.007616
0 0.011938 0.650048 0.020767 0.008512
0 0.011957 0.654080 0.020729 0.008960
0 0.011940 0.637504 0.020763 0.007168
0 0.011949 0.638848 0.020744 0.006720
0 0.011954 0.639744 0.020736 0.007616
0 0.011957 0.641536 0.020728 0.007168
0 0.011961 0.643328 0.020721 0.007168
0 0.011966 0.644224 0.020710 0.007616
0 0.011979 0.622720 0.020685 0.011648
0 0.012018 0.637504 0.020606 0.006272
0 0.012036 0.639744 0.020571 0.005376
0 0.012044 0.637056 0.020555 0.005824
0 0.012055 0.633920 0.020533 0.005376
0 0.002141 0.591808 0.000182 0.110208
0 0.010118 0.254464 0.019942 0.016576
0 0.011216 0.221760 0.022212 0.008512
0 0.011223 0.207424 0.022197 0.008512
0 0.011227 0.199808 0.022189 0.007168
0 0.011231 0.193088 0.022182 0.008064
0 0.011900 0.628544 0.020842 0.007616
0 0.011890 0.626304 0.020863 0.007168
0 0.011595 0.540288 0.021454 0.007616
0 0.011880 0.623168 0.020883 0.007168
0 0.011615 0.575680 0.021413 0.008960
0 0.011614 0.567616 0.021415 0.006272
0 0.011728 0.576576 0.021186 0.007168
0 0.012063 0.660352 0.020516 0.005824
0 0.012060 0.659008 0.020523 0.005824
0 0.012055 0.657664 0.020532 0.006720
0 0.012050 0.655872 0.020542 0.008064
0 0.012076 0.655424 0.020491 0.008512
0 0.011877 0.636608 0.020888 0.007616
0 0.011873 0.635712 0.020898 0.007616
0 0.011869 0.634816 0.020905 0.007616
0 0.011861 0.632576 0.020921 0.007616
0 0.011849 0.629440 0.020946 0.007168
0 0.011843 0.628096 0.020956 0.008064
0 0.011839 0.626752 0.020965 0.007616
0 0.011842 0.614656 0.020960 0.007616
0 0.011846 0.615552 0.020951 0.007168
0 0.011862 0.619136 0.020918 0.006720
0 0.011854 0.617792 0.020935 0.007616
0 0.011858 0.617792 0.020926 0.007616
0 0.011867 0.620032 0.020909 0.006720
0 0.011872 0.621376 0.020900 0.007616
0 0.011876 0.621824 0.020892 0.007616
0 0.011227 0.230272 0.022188 0.007616
0 0.011231 0.223552 0.022182 0.007616
0 0.011235 0.216384 0.022174 0.007168
0 0.011238 0.209216 0.022167 0.007168
0 0.011270 0.116928 0.022102 0.007616
0 0.011268 0.103488 0.022106 0.006272
0 0.011273 0.089600 0.022098 0.005824
0 0.001309 0.627648 0.001847 0.124096
0 0.003208 0.402752 0.002513 0.024192
0 0.003075 0.421120 0.002778 0.021056
0 0.003125 0.399168 0.002679 0.030912
0 0.002972 0.438592 0.002985 0.024192
0 0.003000 0.371840 0.002928 0.034944
0 0.003005 0.332864 0.002919 0.043008
0 0.002844 0.356160 0.003241 0.026880
0 0.002703 0.442176 0.003523 0.021056
0 0.002727 0.429632 0.003474 0.017920
0 0.002721 0.410368 0.003487 0.021952
0 0.002730 0.386624 0.003468 0.021952
0 0.002751 0.370048 0.003426 0.025088
0 0.002753 0.340928 0.003423 0.033152
0 0.002742 0.275968 0.003444 0.029120
0 0.002548 0.406784 0.003832 0.047936
0 0.002455 0.328384 0.004019 0.051968
0 0.002479 0.280000 0.003971 0.055104
0 0.002336 0.342720 0.004257 0.043904
0 0.002363 0.300160 0.004203 0.043008
0 0.011267 0.124096 0.022109 0.006720
0 0.011263 0.130368 0.022117 0.006720
0 0.011259 0.137536 0.022125 0.007616
0 0.011981 0.266112 0.020681 0.007616
0 0.011241 0.202496 0.022160 0.007168
0 0.011246 0.195776 0.022151 0.006720
0 0.011248 0.190400 0.022146 0.006272
0 0.011251 0.184128 0.022141 0.007616
0 0.011241 0.172928 0.022161 0.007168
0 0.010586 0.227584 0.019007 0.012992
0 0.011944 0.241472 0.020756 0.007616
0 0.011950 0.258944 0.020743 0.007168
0 0.011954 0.259840 0.020735 0.006720
0 0.011954 0.220416 0.020734 0.005376
0 0.011986 0.267008 0.020671 0.008064
0 0.011256 0.144256 0.022131 0.006720
0 0.011991 0.267456 0.020661 0.007168
0 0.011996 0.268800 0.020652 0.006720
0 0.011995 0.288064 0.020652 0.006272
0 0.012232 0.340480 0.020179 0.005376
0 0.010287 0.027776 0.019604 0.007168
0 0.010306 0.020608 0.019566 0.008960
0 0.011263 0.160832 0.022116 0.006720
0 0.011268 0.154560 0.022108 0.006720
0 0.011276 0.137088 0.022090 0.007616
0 0.011272 0.143808 0.022098 0.008512
0 0.011603 0.572992 0.021436 0.007168
0 0.011575 0.535808 0.021492 0.008064
0 0.003169 0.775040 0.002590 0.031808
0 0.003060 0.456960 0.002808 0.021504
0 0.003040 0.491904 0.002849 0.021056
0 0.003090 0.464576 0.002749 0.019712
0 0.002995 0.401856 0.002938 0.022848
0 0.002984 0.420224 0.002960 0.021952
0 0.002966 0.455616 0.002996 0.021056
0 0.002962 0.473984 0.003006 0.017024
0 0.002954 0.488768 0.003021 0.017472
0 0.002945 0.504000 0.003038 0.017024
0 0.002967 0.405440 0.002995 0.022400
0 0.002957 0.423360 0.003015 0.022400
0 0.002947 0.441280 0.003034 0.022400
0 0.002939 0.458752 0.003051 0.022400
0 0.002929 0.476224 0.003071 0.019712
0 0.002920 0.495488 0.003089 0.022848
0 0.002938 0.518784 0.003052 0.017024
0 0.002977 0.387072 0.002975 0.023744
0 0.002909 0.309120 0.003111 0.042112
0 0.002901 0.349440 0.003126 0.032256
0 0.002884 0.377664 0.003160 0.027328
0 0.002870 0.410368 0.003188 0.030912
0 0.002857 0.439936 0.003215 0.029120
0 0.002843 0.467264 0.003242 0.030016
0 0.002808 0.430976 0.003313 0.022400
0 0.003048 0.473984 0.002832 0.021056
0 0.003070 0.439040 0.002788 0.021952
0 0.011554 0.521472 0.021536 0.006720
0 0.003092 0.402752 0.002745 0.022400
0 0.003183 0.745024 0.002562 0.031808
0 0.003146 0.750400 0.002637 0.024640
0 0.003146 0.724416 0.002636 0.024640
0 0.003162 0.518336 0.002606 0.016576
0 0.003245 0.399616 0.002438 0.025536
0 0.003235 0.422016 0.002458 0.021952
0 0.003224 0.442176 0.002480 0.022400
0 0.003217 0.462336 0.002494 0.018816
0 0.003196 0.447104 0.002536 0.019712
0 0.003191 0.469504 0.002547 0.017472
0 0.003202 0.490560 0.002524 0.017920
0 0.003176 0.485184 0.002577 0.016576
0 0.003176 0.502208 0.002577 0.017472
0 0.003204 0.526400 0.002520 0.012096
0 0.003186 0.529088 0.002557 0.008960
0 0.003202 0.427392 0.002524 0.021056
0 0.003222 0.383040 0.002485 0.024192
0 0.003255 0.378112 0.002419 0.024640
0 0.003128 0.360192 0.002673 0.041216
0 0.003113 0.426496 0.002703 0.028224
0 0.003091 0.485184 0.002746 0.021952
0 0.003109 0.451136 0.002712 0.022400
0 0.003094 0.381248 0.002740 0.022848
0 0.002808 0.453824 0.003313 0.024192
0 0.002788 0.469952 0.003352 0.024192
0 0.002822 0.409024 0.003285 0.029568
0 0.002836 0.382144 0.003257 0.029568
0 0.001203 0.654976 0.002058 0.028672
0 0.001195 0.652736 0.002075 0.030016
0 0.001185 0.662592 0.002095 0.128128
0 0.001203 0.680064 0.002059 0.098560
0 0.011203 0.662144 0.022237 0.004480
0 0.001321 0.637952 0.001822 0.045248
0 0.012137 0.819840 0.020370 0.007168
0 0.012127 0.818048 0.020389 0.005376
0 0.012099 0.815360 0.020444 0.004480
0 0.012089 0.813120 0.020465 0.004032
0 0.001582 0.900928 0.001300 0.010752
0 0.001167 0.708288 0.002130 0.047040
0 0.011206 0.550144 0.022231 0.008064
0 0.011209 0.617792 0.022225 0.007168
0 0.011180 0.527744 0.022284 0.008064
0 0.011206 0.483840 0.022232 0.004480
0 0.011322 0.534016 0.022000 0.007616
0 0.011327 0.541632 0.021990 0.008064
0 0.011338 0.535360 0.021966 0.007616
0 0.011498 0.517888 0.021646 0.006272
0 0.011506 0.519232 0.021631 0.006272
0 0.011513 0.520128 0.021617 0.005824
0 0.010381 0.525504 0.019416 0.010752
0 0.001249 0.613312 0.001967 0.039872
0 0.002844 0.501760 0.003240 0.008512
0 0.008855 0.486528 0.013540 0.035840
0 0.002667 0.432320 0.003595 0.021952
0 0.002863 0.328832 0.003203 0.028672
0 0.002866 0.303296 0.003196 0.020160
0 0.002785 0.311360 0.003359 0.027328
0 0.002781 0.284928 0.003366 0.030912
0 0.002724 0.297920 0.003480 0.030016
0 0.002716 0.328384 0.003496 0.030016
0 0.002695 0.350784 0.003538 0.029568
0 0.002701 0.373632 0.003527 0.022848
0 0.002686 0.396480 0.003557 0.025536
0 0.002666 0.411712 0.003597 0.024640
0 0.002574 0.358400 0.003781 0.043904
0 0.008813 0.579712 0.013623 0.029568
0 0.002599 0.311360 0.003730 0.043904
0 0.002623 0.265216 0.003682 0.043008
0 0.002512 0.231616 0.003904 0.051520
0 0.002437 0.374976 0.004056 0.052416
0 0.002323 0.381248 0.004282 0.044800
0 0.002412 0.209216 0.004104 0.050624
0 0.010104 0.496384 0.019971 0.007168
0 0.010098 0.487424 0.019982 0.006272
0 0.010187 0.137984 0.019804 0.007168
0 0.010851 0.071232 0.018477 0.008960
0 0.002384 0.257600 0.004161 0.043904
