0 0.004909 0.928704 0.008040 0.037632
0 0.004812 0.932736 0.008233 0.041216
0 0.005749 0.710080 0.010824 0.053760
0 0.005881 0.698880 0.010559 0.055104
0 0.005730 0.602112 0.010861 0.055104
0 0.005871 0.646016 0.010579 0.056448
0 0.005867 0.590464 0.010588 0.056896
0 0.005995 0.580608 0.010331 0.057792
0 0.006002 0.634816 0.010317 0.054656
0 0.006121 0.568960 0.010080 0.058688
0 0.006135 0.627200 0.010052 0.055552
0 0.006144 0.680064 0.010034 0.053312
0 0.006013 0.689472 0.010296 0.054208
0 0.005760 0.793856 0.010802 0.099456
0 0.005836 0.788928 0.010650 0.097664
0 0.014888 0.183680 0.028261 0.208320
0 0.006974 0.177408 0.012838 0.284928
0 0.005010 0.817600 0.007838 0.037632
0 0.005001 0.754880 0.007855 0.041216
0 0.005150 0.742784 0.007558 0.042112
0 0.005160 0.805056 0.007537 0.042112
0 0.005021 0.881216 0.007815 0.039424
0 0.005025 0.926016 0.007806 0.041664
0 0.005178 0.913920 0.007502 0.039872
0 0.004804 0.887040 0.008250 0.041664
0 0.004850 0.827456 0.008158 0.046144
0 0.004841 0.763392 0.008175 0.044800
0 0.005169 0.864640 0.007519 0.041664
0 0.004900 0.880768 0.008057 0.039872
0 0.005740 0.656320 0.010842 0.063616
