0 0.012254 0.707392 0.020135 0.019264
0 0.006151 0.333760 0.010019 0.103040
0 0.005743 0.245056 0.010835 0.059136
0 0.005742 0.307328 0.010837 0.054656
0 0.005742 0.366464 0.010837 0.056448
0 0.005836 0.305984 0.010649 0.059584
0 0.005836 0.369152 0.010649 0.059136
0 0.005920 0.368256 0.010482 0.061376
0 0.006182 0.292096 0.009957 0.105280
0 0.011131 0.762944 0.017916 0.065856
0 0.006216 0.249984 0.009890 0.102592
0 0.006274 0.318528 0.009773 0.107072
0 0.006240 0.364224 0.009841 0.109760
0 0.006210 0.403200 0.009901 0.105280
0 0.005157 0.444864 0.007543 0.112896
0 0.006850 0.600768 0.013086 0.318080
0 0.014755 0.600320 0.028526 0.274624
