0 0.005390 0.673344 0.007076 0.017920
0 0.005845 0.347200 0.010631 0.024640
0 0.005328 0.646464 0.007201 0.021056
0 0.005326 0.616448 0.007205 0.022400
0 0.005324 0.586880 0.007208 0.022400
0 0.005323 0.555968 0.007211 0.023296
0 0.014930 0.662592 0.028175 0.111104
0 0.004662 0.667520 0.008533 0.024192
0 0.004661 0.639296 0.008535 0.024192
0 0.004661 0.611072 0.008535 0.025984
0 0.004661 0.581504 0.008535 0.024640
0 0.004659 0.554624 0.008538 0.023744
0 0.005846 0.375424 0.010630 0.024640
0 0.005844 0.320320 0.010633 0.024192
0 0.005919 0.831488 0.010484 0.024192
0 0.005843 0.293440 0.010635 0.022400
0 0.005751 0.375424 0.010820 0.024640
0 0.005750 0.348544 0.010821 0.024640
0 0.005749 0.320320 0.010824 0.025088
0 0.005749 0.293888 0.010823 0.023744
0 0.006470 0.237888 0.009382 0.024640
0 0.006470 0.211008 0.009382 0.026432
0 0.006468 0.184128 0.009385 0.024640
0 0.006469 0.156800 0.009383 0.025984
0 0.006468 0.128128 0.009386 0.026880
0 0.006468 0.100352 0.009385 0.025984
0 0.005919 0.804608 0.010483 0.025088
0 0.005917 0.858368 0.010488 0.023744
0 0.005323 0.674240 0.007211 0.017920
0 0.006264 0.836416 0.009794 0.025984
0 0.005393 0.700224 0.007072 0.017920
0 0.005324 0.700224 0.007208 0.018368
0 0.005393 0.725760 0.007071 0.017472
0 0.005326 0.725312 0.007206 0.017920
0 0.005392 0.752192 0.007073 0.017472
0 0.005325 0.751296 0.007207 0.017472
0 0.007035 0.163968 0.012715 0.136192
0 0.007023 0.663040 0.012740 0.159936
0 0.006261 0.915264 0.009800 0.024192
0 0.006261 0.888832 0.009799 0.025536
0 0.006262 0.862848 0.009796 0.025088
0 0.006265 0.808640 0.009791 0.026432
0 0.005917 0.884352 0.010488 0.024192
0 0.006163 0.913472 0.009995 0.023744
0 0.006164 0.887488 0.009993 0.024192
0 0.006165 0.861952 0.009992 0.023296
0 0.006165 0.836416 0.009991 0.025984
0 0.006166 0.807744 0.009990 0.027328
0 0.006021 0.911680 0.010280 0.025984
0 0.006022 0.884800 0.010277 0.024192
0 0.006024 0.858816 0.010274 0.024640
0 0.006024 0.833280 0.010273 0.023296
0 0.006027 0.806400 0.010268 0.026432
0 0.005918 0.910784 0.010485 0.025984
0 0.014941 0.164416 0.028153 0.112448
