0 0.002844 0.130816 0.003240 0.008064
0 0.002557 0.510720 0.003815 0.009408
0 0.002616 0.525952 0.003697 0.011200
0 0.002619 0.512960 0.003690 0.011648
0 0.002632 0.475776 0.003664 0.017472
0 0.002594 0.510720 0.003740 0.012992
0 0.002596 0.495936 0.003736 0.008960
0 0.002585 0.516096 0.003758 0.008512
0 0.002584 0.499520 0.003760 0.008512
0 0.002574 0.494592 0.003781 0.008512
0 0.002568 0.512512 0.003792 0.011648
0 0.002560 0.527296 0.003809 0.007168
0 0.002562 0.494592 0.003804 0.010752
0 0.002540 0.522816 0.003848 0.009408
0 0.002542 0.539840 0.003846 0.009408
0 0.002540 0.505344 0.003849 0.010304
0 0.002540 0.486976 0.003850 0.008960
0 0.002529 0.523712 0.003870 0.008960
0 0.002522 0.505792 0.003885 0.012992
0 0.002521 0.480256 0.003886 0.012992
0 0.002444 0.498176 0.004041 0.017472
0 0.002445 0.473536 0.004039 0.015680
0 0.002433 0.516992 0.004063 0.016128
0 0.002431 0.499968 0.004066 0.008512
0 0.002409 0.523712 0.004111 0.012544
0 0.002392 0.524608 0.004145 0.011648
0 0.002626 0.525504 0.003677 0.008064
0 0.002629 0.511168 0.003670 0.011648
0 0.002637 0.520128 0.003654 0.008064
0 0.002644 0.519232 0.003641 0.010304
0 0.002442 0.538496 0.004044 0.021952
0 0.002406 0.623616 0.004116 0.014784
0 0.002405 0.606144 0.004118 0.015232
0 0.002380 0.609280 0.004169 0.008960
0 0.002380 0.599872 0.004169 0.008512
0 0.002387 0.609280 0.004155 0.008960
0 0.002387 0.599424 0.004155 0.008960
0 0.002393 0.601664 0.004142 0.011648
0 0.002393 0.588672 0.004143 0.011200
0 0.002389 0.576128 0.004151 0.011200
0 0.002380 0.583296 0.004169 0.008064
0 0.002380 0.572992 0.004169 0.008512
0 0.002372 0.583744 0.004184 0.008064
0 0.002372 0.573440 0.004185 0.008512
0 0.002400 0.540736 0.004128 0.011648
0 0.002216 0.307776 0.000032 0.017472
0 0.002199 0.373184 0.000066 0.011648
0 0.002195 0.367360 0.000075 0.015680
0 0.002177 0.376768 0.000110 0.019712
0 0.002195 0.391552 0.000075 0.011200
0 0.002187 0.387520 0.000091 0.017024
0 0.002667 0.487424 0.003595 0.017024
0 0.002651 0.527296 0.003628 0.007168
0 0.002399 0.478464 0.004131 0.017472
0 0.002363 0.480256 0.004202 0.018368
0 0.003064 0.185024 0.002800 0.013440
0 0.010341 0.646016 0.019497 0.004480
0 0.010455 0.684544 0.019268 0.020608
0 0.010444 0.673344 0.019290 0.011648
0 0.010469 0.667072 0.019241 0.004480
0 0.010465 0.687680 0.019249 0.012992
0 0.010485 0.685888 0.019208 0.013440
0 0.010546 0.682304 0.019087 0.012992
0 0.010525 0.680512 0.019129 0.021504
0 0.010515 0.681408 0.019149 0.021504
0 0.010506 0.684096 0.019167 0.012544
0 0.008824 0.477568 0.013602 0.015232
0 0.008808 0.511616 0.013633 0.015232
0 0.008794 0.538048 0.013662 0.036288
0 0.010151 0.478016 0.019877 0.015680
0 0.008853 0.419328 0.013544 0.015232
0 0.008897 0.375424 0.013456 0.011648
0 0.008902 0.381696 0.013446 0.012992
0 0.008889 0.364224 0.013471 0.015232
0 0.008879 0.378560 0.013492 0.014784
0 0.008909 0.319872 0.013433 0.013888
0 0.002088 0.448448 0.000289 0.015232
0 0.001780 0.398272 0.000905 0.060032
0 0.010779 0.341376 0.018621 0.008064
0 0.002114 0.040768 0.000236 0.080192
0 0.010417 0.691712 0.019345 0.011648
0 0.010326 0.740096 0.019527 0.011648
0 0.002901 0.020608 0.003126 0.006272
0 0.010296 0.740096 0.019586 0.012992
0 0.002897 0.029120 0.003135 0.006720
0 0.002896 0.021504 0.003137 0.006272
0 0.002902 0.028224 0.003124 0.006272
0 0.002902 0.036288 0.003124 0.006720
0 0.002898 0.038080 0.003133 0.006272
0 0.002908 0.058688 0.003112 0.006720
0 0.002901 0.060928 0.003127 0.006720
0 0.010242 0.744128 0.019695 0.012992
0 0.010232 0.741888 0.019715 0.019712
0 0.010156 0.749952 0.019867 0.012544
0 0.010153 0.743232 0.019872 0.010752
0 0.010129 0.654080 0.019921 0.009408
0 0.010143 0.743232 0.019893 0.010752
0 0.010209 0.744576 0.019761 0.018368
0 0.010187 0.747264 0.019804 0.012992
0 0.010168 0.747712 0.019842 0.013888
0 0.010429 0.696192 0.019321 0.014784
0 0.010200 0.745472 0.019779 0.012992
0 0.010243 0.720832 0.019693 0.004928
0 0.010251 0.741440 0.019677 0.020160
0 0.010271 0.740992 0.019636 0.020608
0 0.010290 0.727552 0.019598 0.005824
0 0.010307 0.661696 0.019564 0.004032
0 0.002453 0.573888 0.004022 0.010304
0 0.002521 0.535808 0.003886 0.013440
0 0.002840 0.123200 0.003248 0.007168
0 0.002767 0.537600 0.003394 0.008512
0 0.002786 0.598528 0.003356 0.008960
0 0.002793 0.588224 0.003342 0.008512
0 0.002786 0.588224 0.003357 0.008512
0 0.002792 0.577472 0.003344 0.009408
0 0.002786 0.577920 0.003357 0.008512
0 0.002784 0.561344 0.003360 0.015680
0 0.002790 0.544768 0.003348 0.010304
0 0.002790 0.530880 0.003348 0.008512
0 0.002781 0.544768 0.003366 0.009408
0 0.002781 0.531776 0.003367 0.009408
0 0.002768 0.556864 0.003393 0.010304
0 0.002753 0.556416 0.003422 0.010304
0 0.002519 0.551936 0.003890 0.010304
0 0.002755 0.537152 0.003418 0.008512
0 0.002743 0.535808 0.003443 0.011200
0 0.002757 0.605696 0.003414 0.005824
0 0.002737 0.557312 0.003455 0.015680
0 0.002729 0.534912 0.003470 0.011200
0 0.002722 0.551488 0.003485 0.013440
0 0.002719 0.534912 0.003491 0.010752
0 0.002707 0.597184 0.003515 0.010752
0 0.002709 0.580608 0.003510 0.009408
0 0.002708 0.552384 0.003513 0.013440
0 0.002706 0.534016 0.003516 0.011200
0 0.002794 0.598080 0.003341 0.008960
0 0.002824 0.527296 0.003280 0.011648
0 0.002814 0.537152 0.003301 0.011200
0 0.002824 0.541632 0.003280 0.008512
0 0.003141 0.855232 0.002647 0.041664
0 0.002884 0.572992 0.003161 0.006272
0 0.002884 0.561792 0.003161 0.006720
0 0.002876 0.558656 0.003177 0.008064
0 0.002874 0.568512 0.003181 0.011200
0 0.002867 0.593600 0.003195 0.006720
0 0.002866 0.582848 0.003196 0.011200
0 0.002867 0.568960 0.003194 0.007168
0 0.002867 0.559104 0.003194 0.010752
0 0.002862 0.567616 0.003205 0.006720
0 0.002863 0.560448 0.003203 0.004928
0 0.002860 0.553728 0.003209 0.008064
0 0.002859 0.593600 0.003212 0.011648
0 0.002857 0.581056 0.003214 0.011200
0 0.002851 0.600320 0.003226 0.011648
0 0.002851 0.589120 0.003227 0.008512
0 0.002850 0.578368 0.003228 0.008960
0 0.002851 0.562688 0.003227 0.015680
0 0.002834 0.541632 0.003261 0.011200
0 0.002832 0.588224 0.003264 0.023744
0 0.002828 0.564032 0.003273 0.023744
0 0.002814 0.591360 0.003301 0.015232
0 0.002810 0.561344 0.003309 0.021952
0 0.002695 0.603008 0.003539 0.011200
0 0.002696 0.584640 0.003536 0.012992
0 0.002697 0.564928 0.003535 0.008512
0 0.002599 0.580608 0.003731 0.008512
0 0.002598 0.557312 0.003732 0.008960
0 0.002598 0.546112 0.003733 0.009408
0 0.002596 0.532672 0.003737 0.011648
0 0.002588 0.566272 0.003753 0.006720
0 0.002586 0.557312 0.003756 0.008960
0 0.002580 0.566272 0.003768 0.008512
0 0.002579 0.557312 0.003771 0.007168
0 0.002588 0.529088 0.003753 0.005824
0 0.002579 0.539840 0.003770 0.009408
0 0.002576 0.526848 0.003777 0.006272
0 0.002568 0.531328 0.003792 0.006720
0 0.002569 0.548800 0.003791 0.009408
0 0.002562 0.564480 0.003805 0.009408
0 0.002561 0.541632 0.003807 0.008512
0 0.002549 0.566272 0.003830 0.006720
0 0.002549 0.585536 0.003830 0.011200
0 0.002539 0.585984 0.003850 0.011200
0 0.002549 0.558656 0.003830 0.006720
0 0.002543 0.566720 0.003842 0.006272
0 0.002543 0.559104 0.003842 0.006720
0 0.002529 0.587328 0.003871 0.011200
0 0.002525 0.568512 0.003878 0.016128
0 0.002530 0.548352 0.003869 0.010304
0 0.002598 0.568512 0.003732 0.008960
0 0.002618 0.559104 0.003692 0.008512
0 0.002697 0.547904 0.003535 0.008960
0 0.002618 0.572992 0.003692 0.010304
0 0.002696 0.531328 0.003536 0.006720
0 0.002675 0.540736 0.003579 0.007168
0 0.002673 0.556416 0.003583 0.012544
0 0.002658 0.527744 0.003612 0.011200
0 0.002659 0.550144 0.003611 0.011200
0 0.002671 0.606592 0.003586 0.012992
0 0.002671 0.591360 0.003587 0.011200
0 0.002655 0.541184 0.003620 0.008064
0 0.002660 0.607040 0.003609 0.011648
0 0.002660 0.591360 0.003609 0.011648
0 0.002649 0.607488 0.003632 0.011648
0 0.002648 0.591808 0.003632 0.011648
0 0.002639 0.600320 0.003651 0.012992
0 0.002638 0.584192 0.003652 0.012544
0 0.002645 0.542528 0.003639 0.010752
0 0.002641 0.533568 0.003648 0.007168
0 0.002630 0.533568 0.003668 0.010752
0 0.002629 0.608832 0.003670 0.012992
0 0.002628 0.592704 0.003672 0.012544
0 0.002628 0.577472 0.003672 0.011648
0 0.002620 0.610624 0.003689 0.010752
0 0.002620 0.598080 0.003689 0.009408
0 0.002619 0.585088 0.003690 0.009408
0 0.010248 0.068096 0.019682 0.015232
