0 0.002273 0.990080 0.004383 0.008960
0 0.003087 0.180992 0.002754 0.014784
0 0.001430 0.821632 0.001605 0.015680
0 0.007595 0.798336 0.011596 0.020608
0 0.007577 0.843584 0.011633 0.013888
0 0.009985 0.743232 0.015744 0.007168
0 0.010005 0.843584 0.015705 0.008512
0 0.001389 0.888832 0.001686 0.006720
0 0.010024 0.911232 0.015666 0.002240
0 0.007615 0.929600 0.011555 0.018816
0 0.001329 0.526400 0.001806 0.007616
0 0.003133 0.144704 0.002663 0.014784
0 0.003142 0.167552 0.002645 0.016128
0 0.003116 0.178304 0.002696 0.015232
0 0.003108 0.155008 0.002712 0.016128
0 0.003095 0.202496 0.002739 0.015680
0 0.002577 0.406784 0.003774 0.003584
0 0.003072 0.206976 0.002785 0.004032
0 0.003074 0.211904 0.002781 0.004032
0 0.002940 0.107968 0.003048 0.010752
0 0.002952 0.233856 0.003025 0.008064
0 0.002956 0.244160 0.003018 0.008960
0 0.002888 0.132608 0.003153 0.007616
0 0.002880 0.133056 0.003168 0.004480
0 0.002868 0.137984 0.003193 0.006720
0 0.002870 0.146496 0.003188 0.005824
0 0.002897 0.133056 0.003134 0.003584
0 0.002878 0.165760 0.003172 0.011200
0 0.002890 0.164864 0.003148 0.004928
0 0.002573 0.397376 0.003783 0.004032
0 0.001432 0.793408 0.001600 0.022848
0 0.001393 0.656768 0.001678 0.034944
0 0.009978 0.691264 0.015757 0.003584
0 0.001565 0.691712 0.001334 0.013888
0 0.008026 0.263872 0.015198 0.038080
0 0.008119 0.442176 0.015012 0.025088
0 0.001594 0.394688 0.001276 0.017920
0 0.001692 0.376768 0.001081 0.011648
0 0.009898 0.426496 0.015919 0.010752
0 0.001717 0.472192 0.001030 0.019712
0 0.001636 0.511168 0.001192 0.009408
0 0.001334 0.500864 0.001796 0.006272
0 0.001344 0.495936 0.001776 0.005824
0 0.001323 0.515200 0.001817 0.011200
0 0.001573 0.530880 0.001318 0.020608
0 0.001568 0.564032 0.001329 0.033152
0 0.009949 0.569856 0.015817 0.012544
0 0.001478 0.584640 0.001509 0.018368
0 0.001374 0.531776 0.001715 0.017024
0 0.008053 0.563136 0.015145 0.010304
0 0.008087 0.578368 0.015076 0.018368
0 0.001386 0.547904 0.001693 0.008512
0 0.009964 0.618688 0.015787 0.010752
0 0.001850 0.624960 0.000765 0.006720
0 0.001682 0.689920 0.001100 0.015232
0 0.001690 0.626304 0.001084 0.008960
0 0.001708 0.619584 0.001049 0.008960
0 0.001723 0.613312 0.001018 0.007168
0 0.001591 0.706944 0.001283 0.018368
0 0.001463 0.650496 0.001537 0.013888
0 0.001529 0.671552 0.001406 0.018816
0 0.002575 0.402304 0.003779 0.004480
0 0.002579 0.411712 0.003770 0.004032
0 0.002263 0.979776 0.004403 0.008960
0 0.002457 0.753088 0.004014 0.004928
0 0.002841 0.292544 0.003247 0.004032
0 0.002843 0.297024 0.003242 0.003584
0 0.002844 0.286720 0.003240 0.003584
0 0.002846 0.290752 0.003237 0.003584
0 0.002847 0.295680 0.003234 0.003584
0 0.002879 0.299264 0.003170 0.005376
0 0.002440 0.750848 0.004049 0.005376
0 0.002439 0.756224 0.004050 0.004480
0 0.002444 0.757120 0.004041 0.004928
0 0.002444 0.751744 0.004040 0.004480
0 0.002449 0.752192 0.004031 0.004032
0 0.002448 0.757568 0.004032 0.005376
0 0.002453 0.753088 0.004022 0.004480
0 0.002446 0.765632 0.004037 0.004480
0 0.002577 0.395136 0.003774 0.004032
0 0.002444 0.773248 0.004040 0.004928
0 0.002450 0.774144 0.004029 0.004928
0 0.002451 0.766080 0.004027 0.004032
0 0.002474 0.771008 0.003981 0.005824
0 0.002473 0.777280 0.003983 0.005376
0 0.002473 0.783104 0.003983 0.005824
0 0.002471 0.788928 0.003986 0.005376
0 0.002250 0.969472 0.004429 0.009408
0 0.002249 0.987392 0.004432 0.008512
0 0.002241 0.957376 0.004448 0.010752
0 0.002260 0.946624 0.004408 0.011200
0 0.002264 0.962752 0.004400 0.008512
0 0.002277 0.972608 0.004374 0.009408
0 0.002839 0.288512 0.003250 0.003584
0 0.002828 0.292992 0.003272 0.006720
0 0.002822 0.295680 0.003284 0.005824
0 0.002815 0.297920 0.003298 0.006272
0 0.002579 0.400064 0.003770 0.004032
0 0.002581 0.404544 0.003766 0.004480
0 0.002583 0.409472 0.003763 0.004480
0 0.002652 0.363328 0.003625 0.007168
0 0.002658 0.376768 0.003613 0.009856
0 0.002664 0.390656 0.003600 0.009408
0 0.002662 0.358400 0.003604 0.007168
0 0.002670 0.371392 0.003589 0.008960
0 0.002676 0.384384 0.003576 0.008960
0 0.002672 0.353472 0.003585 0.007168
0 0.002680 0.365120 0.003569 0.004032
0 0.002636 0.412608 0.003657 0.004032
0 0.002592 0.392448 0.003744 0.003584
0 0.002594 0.397824 0.003740 0.004032
0 0.002735 0.328384 0.003459 0.008064
0 0.002744 0.323456 0.003441 0.006720
0 0.002754 0.308224 0.003420 0.004032
0 0.002760 0.306432 0.003409 0.006720
0 0.002753 0.320320 0.003422 0.008064
0 0.002757 0.330176 0.003415 0.008064
0 0.002762 0.316736 0.003404 0.008512
0 0.002766 0.326592 0.003396 0.008064
0 0.002809 0.282240 0.003311 0.003584
0 0.002811 0.286720 0.003307 0.003584
0 0.002817 0.284480 0.003295 0.004032
0 0.002822 0.282688 0.003284 0.004928
0 0.002827 0.280896 0.003276 0.004928
0 0.002010 0.212800 0.000444 0.027328
