0 0.001681 0.854336 0.001103 0.050176
0 0.002687 0.317184 0.003554 0.014784
0 0.001570 0.499072 0.001324 0.037632
0 0.001516 0.458752 0.001432 0.048384
0 0.001530 0.458752 0.001404 0.068992
0 0.001491 0.404096 0.001482 0.044352
0 0.001469 0.357504 0.001527 0.051072
0 0.001464 0.313600 0.001536 0.030912
0 0.001454 0.316736 0.001556 0.033152
0 0.002750 0.377664 0.003428 0.006720
0 0.002706 0.365568 0.003517 0.009856
0 0.002723 0.383936 0.003482 0.016128
0 0.002727 0.365120 0.003475 0.016576
0 0.002697 0.343168 0.003534 0.022400
0 0.002703 0.296128 0.003522 0.013888
0 0.001698 0.851648 0.001069 0.039424
0 0.002667 0.299264 0.003594 0.013888
0 0.001392 0.281344 0.001680 0.047040
0 0.001405 0.278656 0.001655 0.056448
0 0.001417 0.274176 0.001631 0.054208
0 0.001401 0.194432 0.001663 0.050176
0 0.001386 0.198912 0.001692 0.050624
0 0.001372 0.201600 0.001720 0.049728
0 0.001354 0.200704 0.001757 0.055104
0 0.001279 0.052416 0.001907 0.087808
0 0.001293 0.051072 0.001879 0.086464
0 0.001359 0.134400 0.001746 0.054656
0 0.001300 0.085120 0.001865 0.046144
0 0.001604 0.674240 0.001257 0.030016
0 0.001577 0.675584 0.001311 0.023296
0 0.001591 0.674240 0.001282 0.019264
0 0.001563 0.623168 0.001337 0.021952
0 0.001708 0.847616 0.001047 0.046592
0 0.001721 0.842688 0.001023 0.046592
0 0.001719 0.835968 0.001026 0.048832
0 0.001745 0.831488 0.000973 0.038976
0 0.001742 0.824320 0.000981 0.046592
0 0.001755 0.817600 0.000955 0.041216
0 0.001762 0.811328 0.000941 0.042560
0 0.001774 0.802816 0.000916 0.039872
0 0.001789 0.799232 0.000885 0.043456
0 0.001759 0.761152 0.000946 0.051072
0 0.001732 0.772352 0.001000 0.041216
0 0.001725 0.772800 0.001015 0.048832
0 0.001711 0.778176 0.001043 0.051072
0 0.001698 0.780864 0.001067 0.040768
0 0.001687 0.785792 0.001091 0.039872
0 0.001671 0.787584 0.001121 0.046144
0 0.001584 0.731136 0.001296 0.041664
0 0.001596 0.728896 0.001273 0.043008
0 0.001607 0.725312 0.001251 0.040768
0 0.001618 0.721280 0.001228 0.048384
0 0.001631 0.717696 0.001202 0.051968
0 0.001649 0.715904 0.001166 0.040768
0 0.001595 0.588224 0.001274 0.046592
0 0.001586 0.620928 0.001293 0.019712
0 0.001573 0.621376 0.001319 0.017920
0 0.001280 0.089152 0.001904 0.053312
