0 0.003043 0.186368 0.002843 0.009856
0 0.003031 0.194880 0.002866 0.009856
0 0.007941 0.488320 0.015367 0.105728
0 0.001442 0.849408 0.001580 0.040768
0 0.010005 0.853888 0.015705 0.030464
0 0.003146 0.352576 0.002636 0.009408
0 0.003177 0.213248 0.002574 0.013888
0 0.003165 0.223552 0.002599 0.013888
0 0.002881 0.319424 0.003167 0.021952
0 0.002898 0.344512 0.003133 0.021056
0 0.002920 0.378112 0.003089 0.021504
0 0.002937 0.404096 0.003055 0.021056
0 0.002958 0.437248 0.003012 0.021504
0 0.002976 0.462336 0.002976 0.021056
0 0.002824 0.428288 0.003281 0.012096
0 0.003128 0.420672 0.002673 0.008064
0 0.003170 0.419776 0.002588 0.010752
0 0.003154 0.435008 0.002620 0.006720
0 0.003161 0.430080 0.002607 0.004928
0 0.001592 0.231616 0.001280 0.054656
