0 0.007998 0.875392 0.015253 0.062272
0 0.011784 0.360640 0.021075 0.014336
0 0.011586 0.268800 0.021470 0.015232
0 0.011578 0.261184 0.021486 0.013888
0 0.011636 0.307328 0.021370 0.013440
0 0.011646 0.311808 0.021351 0.015232
0 0.011667 0.272384 0.021309 0.013888
0 0.011703 0.348096 0.021236 0.012544
0 0.011755 0.338688 0.021134 0.013888
0 0.011556 0.245056 0.021531 0.014784
0 0.011824 0.324352 0.020995 0.014784
0 0.011817 0.281344 0.021009 0.014784
0 0.011814 0.265216 0.021014 0.014336
0 0.011013 0.328384 0.018153 0.016128
0 0.012150 0.355712 0.020343 0.016576
0 0.011571 0.257152 0.021501 0.013888
0 0.011602 0.280000 0.021439 0.013888
0 0.001362 0.452032 0.001740 0.008512
0 0.011651 0.380352 0.021341 0.010752
0 0.011633 0.417984 0.021378 0.013888
0 0.011645 0.389312 0.021353 0.012096
0 0.011640 0.425152 0.021362 0.013888
0 0.011648 0.431872 0.021347 0.013888
0 0.011657 0.436352 0.021329 0.013888
0 0.011673 0.444864 0.021297 0.013888
0 0.011682 0.448000 0.021279 0.013888
0 0.011690 0.451136 0.021262 0.014336
0 0.011720 0.439040 0.021202 0.013888
0 0.011708 0.427840 0.021228 0.011648
0 0.011700 0.421568 0.021243 0.012096
0 0.011694 0.415296 0.021254 0.010304
0 0.011687 0.409024 0.021268 0.010304
0 0.001619 0.378560 0.001227 0.013888
0 0.011564 0.250880 0.021515 0.014336
0 0.011547 0.240576 0.021549 0.013888
0 0.001809 0.936320 0.000846 0.023744
0 0.001323 0.594944 0.001817 0.059136
0 0.008033 0.598528 0.015183 0.060928
0 0.008083 0.485184 0.015085 0.059136
0 0.008204 0.871808 0.014841 0.035840
0 0.001287 0.887936 0.001891 0.056000
0 0.001868 0.929600 0.000728 0.020160
0 0.001307 0.735168 0.001850 0.047936
0 0.008369 0.569408 0.014513 0.008064
0 0.011540 0.234304 0.021562 0.014784
0 0.008407 0.568960 0.014436 0.007616
0 0.008060 0.511168 0.015130 0.004480
0 0.008059 0.484288 0.015132 0.004480
0 0.008059 0.457408 0.015132 0.004032
0 0.011004 0.166208 0.018170 0.017024
0 0.010992 0.198016 0.018194 0.021952
0 0.008019 0.732928 0.015213 0.076160
0 0.001334 0.753536 0.001795 0.026880
0 0.001333 0.710976 0.001799 0.030016
0 0.001351 0.754880 0.001762 0.038080
0 0.001369 0.752640 0.001726 0.034048
0 0.001391 0.753088 0.001682 0.034496
0 0.001389 0.710976 0.001687 0.028672
0 0.001442 0.752640 0.001580 0.035840
0 0.011459 0.116928 0.021725 0.013888
0 0.011780 0.052864 0.021082 0.015680
0 0.012087 0.065408 0.020469 0.012544
0 0.012106 0.074816 0.020431 0.014784
0 0.012099 0.145600 0.020444 0.014784
0 0.010999 0.138432 0.018180 0.017024
0 0.012129 0.218624 0.020385 0.014336
0 0.011797 0.159040 0.021049 0.015232
0 0.011532 0.228480 0.021579 0.016128
0 0.011872 0.432320 0.020899 0.010304
0 0.011898 0.432320 0.020846 0.009408
0 0.011921 0.441280 0.020801 0.010752
0 0.001362 0.578368 0.001740 0.029120
0 0.001460 0.707840 0.001545 0.033152
0 0.001535 0.705600 0.001394 0.025984
0 0.001494 0.706048 0.001476 0.030912
0 0.001552 0.679616 0.001361 0.019264
0 0.001344 0.575680 0.001776 0.029120
0 0.001365 0.620928 0.001734 0.033600
0 0.001396 0.574784 0.001672 0.030464
0 0.011941 0.448448 0.020761 0.011200
0 0.001399 0.616896 0.001667 0.029568
0 0.001410 0.578816 0.001645 0.025536
0 0.001431 0.613760 0.001603 0.022400
0 0.001432 0.580608 0.001600 0.024192
0 0.001464 0.578816 0.001535 0.023744
0 0.001476 0.578368 0.001512 0.020160
0 0.001511 0.748160 0.001442 0.030016
0 0.001536 0.757120 0.001392 0.045696
0 0.001498 0.753984 0.001469 0.041216
0 0.002133 0.806400 0.000198 0.021504
0 0.001947 0.840448 0.000571 0.018816
0 0.001719 0.834176 0.001027 0.020608
0 0.001315 0.874944 0.001835 0.040320
0 0.001356 0.873600 0.001753 0.036736
0 0.001376 0.872256 0.001712 0.034048
0 0.001415 0.869120 0.001634 0.041664
0 0.001454 0.870912 0.001556 0.039424
0 0.001473 0.868672 0.001519 0.038080
0 0.001494 0.867328 0.001476 0.044800
0 0.001920 0.935872 0.000624 0.018816
0 0.002036 0.899584 0.000392 0.018368
0 0.002068 0.858816 0.000328 0.020608
0 0.002188 0.867776 0.000089 0.022848
0 0.001480 0.615104 0.001504 0.028672
0 0.001497 0.608384 0.001469 0.021952
0 0.001497 0.577472 0.001471 0.026880
0 0.001452 0.468608 0.001561 0.021056
0 0.011947 0.464576 0.020750 0.010752
0 0.001938 0.460992 0.000588 0.013888
0 0.012039 0.465024 0.020564 0.006720
0 0.012150 0.448896 0.020342 0.015680
0 0.012191 0.485184 0.020261 0.007616
0 0.012083 0.467712 0.020478 0.006720
0 0.012028 0.504896 0.020587 0.005824
0 0.001526 0.465920 0.001413 0.025984
0 0.001511 0.497280 0.001443 0.020160
0 0.001497 0.468608 0.001469 0.020160
0 0.001495 0.498176 0.001474 0.026432
0 0.001481 0.498624 0.001502 0.022400
0 0.001485 0.468160 0.001495 0.024640
0 0.001468 0.467712 0.001528 0.019712
0 0.001453 0.501760 0.001559 0.023744
0 0.001510 0.572096 0.001444 0.032256
0 0.001439 0.469952 0.001585 0.020160
0 0.001437 0.500864 0.001590 0.025984
0 0.001425 0.504000 0.001615 0.025984
0 0.001409 0.499968 0.001647 0.025536
0 0.001409 0.469952 0.001646 0.023744
0 0.001393 0.469952 0.001678 0.023296
0 0.001393 0.501760 0.001678 0.023744
0 0.001355 0.505344 0.001755 0.009408
0 0.001365 0.490560 0.001734 0.007616
0 0.001354 0.477568 0.001757 0.010304
0 0.001360 0.465024 0.001745 0.008064
0 0.001530 0.612416 0.001404 0.024640
0 0.001527 0.569856 0.001410 0.027776
0 0.001511 0.611968 0.001443 0.027328
0 0.010368 0.135296 0.019443 0.014336
