0 0.003043 0.481152 0.002843 0.059136
0 0.011883 0.050624 0.020876 0.007616
0 0.007814 0.125440 0.015623 0.117824
0 0.007880 0.222208 0.015490 0.182336
0 0.008073 0.367360 0.015104 0.174720
0 0.001836 0.672896 0.000792 0.096768
0 0.008538 0.676928 0.014173 0.142016
0 0.001408 0.636160 0.001648 0.232512
0 0.011986 0.038976 0.020672 0.008064
0 0.003128 0.383936 0.002673 0.058688
0 0.011996 0.035840 0.020651 0.008064
0 0.003254 0.328384 0.002420 0.016576
0 0.003194 0.328832 0.002541 0.041216
0 0.001693 0.450240 0.001078 0.008960
0 0.001858 0.390656 0.000749 0.006720
0 0.003050 0.398720 0.002829 0.024640
0 0.007995 0.022400 0.015260 0.028224
