0 0.003221 0.855680 0.002487 0.008064
0 0.003006 0.415296 0.002917 0.015680
0 0.002717 0.541632 0.003495 0.004480
0 0.002712 0.548800 0.003504 0.005376
0 0.002711 0.542528 0.003507 0.004928
0 0.002633 0.477568 0.003662 0.002688
0 0.002632 0.474432 0.003664 0.002688
0 0.002255 0.568064 0.004419 0.004928
0 0.002889 0.451136 0.003151 0.003136
0 0.002885 0.451136 0.003158 0.002688
0 0.002889 0.447552 0.003151 0.003136
0 0.002884 0.448000 0.003160 0.002688
0 0.002888 0.444416 0.003152 0.002688
0 0.002884 0.444864 0.003160 0.002688
0 0.003053 0.393344 0.002822 0.003584
0 0.003034 0.440832 0.002861 0.004480
0 0.003031 0.425152 0.002867 0.015232
0 0.003031 0.400064 0.002867 0.012544
0 0.003023 0.375424 0.002882 0.016576
0 0.002719 0.546112 0.003491 0.004032
0 0.002720 0.550592 0.003489 0.003584
0 0.002723 0.541632 0.003483 0.007616
0 0.002875 0.494592 0.003178 0.004480
0 0.002992 0.485632 0.002945 0.008512
0 0.002973 0.529984 0.002982 0.008512
0 0.002974 0.495488 0.002981 0.004928
0 0.002971 0.487424 0.002986 0.006720
0 0.002965 0.482496 0.002999 0.004928
0 0.002894 0.521024 0.003140 0.011200
0 0.002887 0.467264 0.003154 0.004032
0 0.002882 0.550144 0.003164 0.011648
0 0.002725 0.550144 0.003479 0.007168
0 0.002855 0.549248 0.003219 0.014784
0 0.002873 0.530432 0.003182 0.011648
0 0.002859 0.506240 0.003210 0.015232
0 0.002836 0.567168 0.003257 0.017024
0 0.002824 0.548800 0.003281 0.011648
0 0.002767 0.517440 0.003394 0.015680
0 0.002726 0.558208 0.003477 0.007168
0 0.003010 0.441728 0.002909 0.008064
0 0.003000 0.389760 0.002929 0.014784
0 0.002995 0.512064 0.002939 0.008064
0 0.003003 0.357056 0.002923 0.016128
0 0.010266 0.723072 0.019646 0.003136
0 0.010257 0.724416 0.019665 0.003136
0 0.010192 0.732480 0.019795 0.003136
0 0.010508 0.587328 0.019162 0.012544
0 0.010578 0.464576 0.019023 0.010752
0 0.010157 0.443968 0.019865 0.006720
0 0.010384 0.422912 0.019410 0.012096
0 0.010535 0.433664 0.019109 0.004032
0 0.010535 0.436800 0.019109 0.003136
0 0.010536 0.439488 0.019106 0.003584
0 0.010540 0.442176 0.019099 0.004032
0 0.010444 0.092288 0.019291 0.004032
0 0.010916 0.119168 0.018347 0.002688
0 0.014491 0.064512 0.024589 0.012992
0 0.010992 0.111104 0.018195 0.008064
0 0.010483 0.129024 0.019213 0.003584
0 0.010395 0.106624 0.019389 0.004480
0 0.010276 0.721728 0.019627 0.002688
0 0.010583 0.764288 0.019012 0.005376
0 0.008081 0.911680 0.015087 0.004032
0 0.002892 0.270144 0.003144 0.007616
0 0.002982 0.415744 0.002965 0.015232
0 0.002975 0.383040 0.002978 0.015680
0 0.002963 0.451584 0.003003 0.004032
0 0.002960 0.441280 0.003010 0.008960
0 0.002953 0.419328 0.003023 0.015680
0 0.002950 0.393344 0.003029 0.015232
0 0.002949 0.359744 0.003031 0.025088
0 0.002941 0.313152 0.003046 0.024192
0 0.008164 0.917504 0.014922 0.004032
0 0.002979 0.308224 0.002971 0.024192
0 0.003024 0.255360 0.002880 0.008064
0 0.003019 0.239680 0.002890 0.010752
0 0.002975 0.159040 0.002979 0.008064
0 0.002966 0.159488 0.002997 0.008960
0 0.002955 0.159488 0.003018 0.008960
0 0.002945 0.159488 0.003038 0.009408
0 0.002993 0.498624 0.002942 0.008064
0 0.002998 0.533120 0.002932 0.012992
0 0.003220 0.848064 0.002489 0.007168
0 0.002912 0.744576 0.003104 0.004480
0 0.002683 0.759360 0.003563 0.004032
0 0.002681 0.768320 0.003567 0.005376
0 0.002675 0.745920 0.003578 0.008960
0 0.002669 0.770112 0.003591 0.004480
0 0.002667 0.763392 0.003594 0.006272
0 0.002666 0.756224 0.003596 0.006272
0 0.002664 0.747712 0.003601 0.008064
0 0.002657 0.771456 0.003614 0.004928
0 0.002656 0.765184 0.003617 0.006272
0 0.002655 0.758016 0.003619 0.006272
0 0.002652 0.749504 0.003625 0.008512
0 0.002619 0.725312 0.003690 0.025984
0 0.002774 0.749056 0.003380 0.002688
0 0.002773 0.715904 0.003383 0.004480
0 0.002774 0.745472 0.003381 0.003136
0 0.002777 0.747264 0.003374 0.006272
0 0.002782 0.703808 0.003365 0.026432
0 0.002692 0.754880 0.003545 0.003136
0 0.002691 0.750848 0.003546 0.003136
0 0.002677 0.753984 0.003574 0.002688
0 0.002690 0.744576 0.003548 0.002240
0 0.003224 0.840896 0.002481 0.002688
0 0.003220 0.841344 0.002489 0.002688
0 0.003228 0.836864 0.002473 0.003136
0 0.003227 0.832832 0.002474 0.003584
0 0.003323 0.888832 0.002283 0.014336
0 0.003320 0.870912 0.002289 0.012992
0 0.002690 0.747264 0.003548 0.002240
0 0.002687 0.748160 0.003554 0.002688
0 0.002678 0.757568 0.003573 0.002688
0 0.002687 0.744576 0.003555 0.002688
0 0.002688 0.751744 0.003552 0.002240
0 0.002686 0.754880 0.003557 0.002688
0 0.002686 0.752192 0.003557 0.002240
0 0.002683 0.755776 0.003563 0.002240
0 0.002683 0.752640 0.003563 0.002240
0 0.002678 0.761152 0.003572 0.002688
0 0.002792 0.668864 0.003344 0.012544
0 0.002913 0.738304 0.003103 0.004480
0 0.003011 0.488320 0.002906 0.017024
0 0.002901 0.687680 0.003127 0.016576
0 0.002743 0.632128 0.003443 0.006720
0 0.002743 0.625408 0.003443 0.005824
0 0.002769 0.606592 0.003390 0.004032
0 0.002768 0.601664 0.003392 0.004032
0 0.002745 0.576576 0.003439 0.021056
0 0.002780 0.598976 0.003368 0.020160
0 0.002774 0.572544 0.003381 0.021056
0 0.002829 0.593152 0.003270 0.015232
0 0.003006 0.569856 0.002917 0.023744
0 0.003062 0.637056 0.002804 0.007616
0 0.003081 0.634368 0.002767 0.007616
0 0.003060 0.538496 0.002809 0.012096
0 0.003058 0.489216 0.002812 0.006272
0 0.003043 0.508480 0.002843 0.024640
0 0.003046 0.473088 0.002836 0.005376
0 0.003024 0.537152 0.002880 0.013888
0 0.003017 0.513856 0.002894 0.013440
0 0.002750 0.624512 0.003430 0.006272
0 0.002750 0.631232 0.003428 0.006272
0 0.002757 0.623616 0.003415 0.006272
0 0.002861 0.708736 0.003206 0.017024
0 0.002892 0.717248 0.003145 0.003136
0 0.002894 0.709632 0.003140 0.006720
0 0.002888 0.701120 0.003152 0.007168
0 0.002879 0.690816 0.003170 0.008960
0 0.002871 0.731584 0.003186 0.008064
0 0.002861 0.731584 0.003207 0.005824
0 0.002858 0.674688 0.003212 0.017024
0 0.002885 0.666624 0.003158 0.015680
0 0.002758 0.629888 0.003413 0.006720
0 0.003082 0.728896 0.002764 0.008512
0 0.003080 0.716800 0.002769 0.008512
0 0.003069 0.726208 0.002790 0.008064
0 0.003057 0.720832 0.002815 0.008512
0 0.002774 0.628992 0.003381 0.006272
0 0.002772 0.621376 0.003384 0.006272
0 0.002764 0.622720 0.003400 0.006272
0 0.010321 0.056448 0.019536 0.002240
