0 0.001976 0.799232 0.000511 0.009408
0 0.011939 0.377664 0.020764 0.003136
0 0.011976 0.387968 0.020690 0.003584
0 0.011980 0.398272 0.020682 0.003584
0 0.011979 0.394688 0.020686 0.003584
0 0.011975 0.377216 0.020693 0.003136
0 0.011976 0.380800 0.020691 0.003584
0 0.011971 0.362880 0.020700 0.006720
0 0.012021 0.381248 0.020601 0.003584
0 0.012022 0.398272 0.020598 0.004032
0 0.012019 0.388416 0.020605 0.004032
0 0.011995 0.357056 0.020653 0.006720
0 0.012033 0.357504 0.020576 0.003136
0 0.012206 0.254016 0.020232 0.005824
0 0.012066 0.236544 0.020511 0.004928
0 0.012191 0.125888 0.020261 0.004480
0 0.012189 0.122752 0.020265 0.004480
0 0.011938 0.374080 0.020768 0.004032
0 0.011941 0.381248 0.020761 0.004032
0 0.012186 0.134400 0.020270 0.007168
0 0.011943 0.387520 0.020758 0.003136
0 0.011875 0.419776 0.020893 0.006720
0 0.011544 0.422912 0.021554 0.005824
0 0.011537 0.422464 0.021570 0.006272
0 0.011520 0.421568 0.021602 0.005376
0 0.011415 0.420672 0.021813 0.002688
0 0.011392 0.413504 0.021859 0.005824
0 0.011320 0.409920 0.022002 0.006272
0 0.011268 0.405440 0.022107 0.006272
0 0.011282 0.393792 0.022079 0.007616
0 0.011428 0.385280 0.021787 0.002688
0 0.011286 0.387520 0.022071 0.004480
0 0.011945 0.400960 0.020752 0.003584
0 0.011946 0.397376 0.020751 0.003584
0 0.011945 0.393792 0.020752 0.003584
0 0.011943 0.391104 0.020757 0.003584
0 0.012232 0.110656 0.020178 0.007168
0 0.012185 0.119616 0.020272 0.004928
0 0.011975 0.115584 0.020694 0.005824
0 0.012065 0.094080 0.020513 0.006272
0 0.012047 0.096320 0.020550 0.006272
0 0.012046 0.098560 0.020551 0.005824
0 0.012039 0.099904 0.020566 0.007168
0 0.012033 0.100800 0.020577 0.006720
0 0.012046 0.119616 0.020551 0.005824
0 0.012038 0.119168 0.020566 0.006272
0 0.012045 0.126336 0.020553 0.005824
0 0.012060 0.142912 0.020522 0.005376
0 0.012047 0.142464 0.020550 0.005376
0 0.012033 0.142016 0.020578 0.006272
0 0.012014 0.117824 0.020615 0.005376
0 0.012007 0.117824 0.020629 0.006272
0 0.012000 0.117824 0.020643 0.005824
0 0.012020 0.118720 0.020603 0.005376
0 0.011994 0.116928 0.020655 0.005376
0 0.012019 0.125440 0.020606 0.006272
0 0.012069 0.104384 0.020505 0.007168
0 0.012185 0.116480 0.020273 0.004480
0 0.012118 0.146048 0.020407 0.005376
0 0.012180 0.114240 0.020283 0.005824
0 0.012178 0.110656 0.020286 0.004480
0 0.012174 0.107968 0.020294 0.005376
0 0.012170 0.101696 0.020302 0.004480
0 0.012163 0.095424 0.020317 0.004928
0 0.012149 0.111104 0.020344 0.005824
0 0.012153 0.116928 0.020336 0.006720
0 0.012143 0.112448 0.020358 0.006720
0 0.012173 0.136192 0.020296 0.005824
0 0.012162 0.138880 0.020319 0.006272
0 0.012092 0.122752 0.020459 0.008512
0 0.012086 0.121856 0.020470 0.005824
0 0.012065 0.121408 0.020512 0.006720
0 0.012117 0.094080 0.020408 0.006272
0 0.012138 0.144704 0.020368 0.007168
0 0.011861 0.442176 0.020922 0.005376
0 0.011853 0.441728 0.020937 0.005824
0 0.011829 0.440384 0.020985 0.005824
0 0.012206 0.672896 0.020231 0.005824
0 0.012208 0.663936 0.020228 0.005824
0 0.012247 0.692608 0.020150 0.005824
0 0.012252 0.666176 0.020138 0.005824
0 0.012255 0.652288 0.020133 0.005824
0 0.012255 0.644672 0.020132 0.005824
0 0.012211 0.640192 0.020221 0.005376
0 0.012212 0.634816 0.020219 0.007168
0 0.012217 0.610624 0.020209 0.006272
0 0.012217 0.606144 0.020209 0.005824
0 0.012218 0.601664 0.020207 0.005376
0 0.012218 0.596736 0.020207 0.006272
0 0.012219 0.591808 0.020205 0.006272
0 0.012221 0.586880 0.020202 0.005376
0 0.012264 0.598528 0.020115 0.006272
0 0.012244 0.558208 0.020156 0.006720
0 0.012207 0.668416 0.020230 0.005824
0 0.012206 0.677824 0.020232 0.005824
0 0.011807 0.438592 0.021029 0.004928
0 0.012204 0.681856 0.020234 0.005824
0 0.012135 0.805952 0.020374 0.005376
0 0.012150 0.834624 0.020342 0.006720
0 0.012158 0.828800 0.020328 0.004928
0 0.012163 0.823424 0.020317 0.005376
0 0.012171 0.816256 0.020301 0.006272
0 0.012174 0.786688 0.020295 0.006272
0 0.012192 0.795200 0.020258 0.006720
0 0.012200 0.788928 0.020243 0.004928
0 0.012217 0.769216 0.020210 0.005824
0 0.012221 0.762944 0.020202 0.006720
0 0.012232 0.744128 0.020179 0.006272
0 0.012217 0.729792 0.020210 0.005824
0 0.012196 0.730688 0.020251 0.005376
0 0.012197 0.725760 0.020248 0.005376
0 0.012204 0.686784 0.020235 0.006272
0 0.012255 0.496384 0.020132 0.007168
0 0.012250 0.479808 0.020142 0.005824
0 0.012115 0.428736 0.020412 0.005376
0 0.012085 0.417088 0.020473 0.007168
0 0.011998 0.423360 0.020648 0.005376
0 0.011989 0.423808 0.020665 0.006272
0 0.011981 0.424256 0.020681 0.005824
0 0.011971 0.425152 0.020701 0.006272
0 0.011980 0.438592 0.020683 0.006720
0 0.011973 0.439040 0.020697 0.006272
0 0.011966 0.439936 0.020711 0.005824
0 0.011964 0.424256 0.020716 0.006272
0 0.011971 0.405440 0.020701 0.006272
0 0.011949 0.404096 0.020745 0.003584
0 0.011938 0.448896 0.020767 0.007168
0 0.011931 0.449344 0.020781 0.005376
0 0.011917 0.449792 0.020809 0.005824
0 0.011911 0.448896 0.020820 0.005376
0 0.011904 0.448896 0.020835 0.006272
0 0.011991 0.392000 0.020661 0.005824
0 0.012006 0.422464 0.020631 0.006720
0 0.012013 0.436352 0.020616 0.006272
0 0.012051 0.418432 0.020540 0.005824
0 0.012076 0.417984 0.020491 0.005824
0 0.012068 0.417536 0.020507 0.005824
0 0.012076 0.431872 0.020491 0.005824
0 0.012068 0.432768 0.020506 0.004928
0 0.012061 0.432768 0.020520 0.005376
0 0.012059 0.418432 0.020524 0.006272
0 0.012041 0.420224 0.020561 0.006272
0 0.012020 0.435456 0.020604 0.006272
0 0.012052 0.433216 0.020538 0.005824
0 0.012043 0.433664 0.020556 0.005824
0 0.012034 0.419776 0.020576 0.006272
0 0.012036 0.435008 0.020571 0.005376
0 0.012027 0.434560 0.020589 0.005376
0 0.012025 0.421120 0.020594 0.006272
0 0.011973 0.122304 0.020697 0.006272
0 0.011980 0.122752 0.020684 0.005824
0 0.012143 0.830592 0.020357 0.007168
0 0.007931 0.304192 0.015389 0.094528
0 0.011033 0.764288 0.018113 0.007616
0 0.011086 0.715008 0.018006 0.005376
0 0.008689 0.791616 0.013871 0.007168
0 0.008678 0.803264 0.013894 0.007168
0 0.001717 0.810432 0.001031 0.052416
0 0.008331 0.842688 0.014589 0.046144
0 0.010842 0.880768 0.018494 0.007616
0 0.010721 0.839552 0.018736 0.004928
0 0.010680 0.855232 0.018819 0.006272
0 0.010732 0.861504 0.018715 0.012096
0 0.010714 0.865984 0.018750 0.006272
0 0.010867 0.919296 0.018444 0.013888
0 0.010919 0.941696 0.018340 0.006720
0 0.010934 0.928704 0.018311 0.005376
0 0.010940 0.923328 0.018298 0.005824
0 0.010776 0.404544 0.018626 0.005376
0 0.008006 0.259392 0.015239 0.198464
0 0.010981 0.430528 0.018216 0.005824
0 0.008117 0.290752 0.015016 0.179200
0 0.012148 0.086912 0.020347 0.006720
0 0.012133 0.078848 0.020376 0.006272
0 0.012138 0.076608 0.020366 0.007168
0 0.012145 0.075264 0.020353 0.005824
0 0.012150 0.073920 0.020342 0.007168
0 0.012158 0.073024 0.020327 0.007168
0 0.012170 0.013440 0.020303 0.005824
0 0.012185 0.009408 0.020273 0.004928
0 0.012161 0.092288 0.020320 0.004928
0 0.012203 0.086016 0.020238 0.006720
0 0.012208 0.092288 0.020228 0.006272
0 0.012210 0.038080 0.020223 0.004480
0 0.012237 0.012096 0.020169 0.005376
0 0.008410 0.332416 0.014429 0.128576
0 0.008255 0.305088 0.014739 0.167552
0 0.010990 0.429632 0.018198 0.005824
0 0.010234 0.411712 0.019710 0.006272
0 0.011986 0.122752 0.020671 0.005376
0 0.008341 0.226688 0.014568 0.004480
0 0.008200 0.205632 0.014851 0.004480
0 0.008159 0.219072 0.014933 0.003584
0 0.008161 0.202944 0.014929 0.004480
0 0.008083 0.162624 0.015084 0.005376
0 0.008088 0.143360 0.015075 0.005376
0 0.008036 0.159488 0.015178 0.004928
0 0.008041 0.140672 0.015167 0.004928
0 0.010804 0.108416 0.018571 0.005824
0 0.010883 0.124544 0.018412 0.006272
0 0.010915 0.125888 0.018349 0.006272
0 0.010851 0.114240 0.018477 0.007168
0 0.010936 0.120512 0.018308 0.008512
0 0.010961 0.121856 0.018257 0.008512
0 0.011013 0.115584 0.018152 0.008960
0 0.010990 0.121408 0.018198 0.009856
0 0.008196 0.221312 0.014858 0.004032
0 0.008154 0.234752 0.014941 0.004480
0 0.008163 0.364224 0.014925 0.003584
0 0.008192 0.236992 0.014866 0.004032
0 0.008126 0.361984 0.014998 0.004032
0 0.008166 0.348096 0.014919 0.004480
0 0.008129 0.345856 0.014991 0.004032
0 0.008170 0.332416 0.014911 0.004480
0 0.008174 0.316288 0.014902 0.004032
0 0.008177 0.300608 0.014895 0.004032
0 0.008133 0.330176 0.014983 0.004032
0 0.008136 0.314496 0.014977 0.003584
0 0.008141 0.298368 0.014969 0.004032
0 0.008181 0.284928 0.014888 0.004032
0 0.008145 0.282240 0.014961 0.004032
0 0.008185 0.268800 0.014881 0.004032
0 0.008148 0.266560 0.014955 0.004032
0 0.008189 0.252672 0.014872 0.004032
0 0.008151 0.250432 0.014947 0.004480
0 0.012142 0.089152 0.020359 0.006272
0 0.012135 0.090496 0.020372 0.006272
0 0.012123 0.092736 0.020396 0.006272
0 0.011924 0.134848 0.020796 0.005824
0 0.011963 0.101248 0.020716 0.005376
0 0.011966 0.098112 0.020711 0.004928
0 0.011971 0.095872 0.020700 0.005376
0 0.011917 0.134400 0.020809 0.006720
0 0.011911 0.133952 0.020822 0.005824
0 0.011908 0.116480 0.020827 0.005376
0 0.011902 0.118720 0.020840 0.005376
0 0.011901 0.121408 0.020841 0.004032
0 0.011893 0.123648 0.020857 0.005824
0 0.011884 0.117824 0.020874 0.005824
0 0.011893 0.115584 0.020856 0.006720
0 0.011900 0.112000 0.020843 0.007616
0 0.011904 0.108864 0.020834 0.005376
0 0.011916 0.101248 0.020812 0.006272
0 0.011921 0.098560 0.020801 0.005376
0 0.011954 0.104384 0.020735 0.005376
0 0.011930 0.135296 0.020783 0.006272
0 0.012127 0.079744 0.020389 0.006272
0 0.011937 0.134848 0.020770 0.005824
0 0.012021 0.141120 0.020602 0.006272
0 0.012008 0.139776 0.020627 0.005376
0 0.011995 0.138880 0.020653 0.006720
0 0.011988 0.138880 0.020668 0.005824
0 0.010909 0.120064 0.018360 0.006720
0 0.010851 0.120960 0.018477 0.005824
0 0.010860 0.137536 0.018459 0.005824
0 0.011963 0.136640 0.020717 0.006272
0 0.011960 0.120512 0.020723 0.006272
0 0.011957 0.136640 0.020730 0.005376
0 0.011949 0.136192 0.020744 0.005824
0 0.011943 0.135744 0.020757 0.005824
0 0.011953 0.120512 0.020737 0.006272
0 0.011947 0.121408 0.020750 0.005824
0 0.011940 0.120960 0.020763 0.006720
0 0.011932 0.100352 0.020779 0.005376
0 0.011922 0.106176 0.020798 0.006272
0 0.011928 0.103936 0.020788 0.005824
0 0.011883 0.091840 0.020878 0.005824
0 0.011983 0.087360 0.020677 0.006272
0 0.011983 0.071680 0.020678 0.007168
0 0.012027 0.076608 0.020589 0.006720
0 0.012034 0.061376 0.020575 0.007168
0 0.012034 0.075712 0.020575 0.006720
0 0.012040 0.073920 0.020562 0.005824
0 0.012071 0.010304 0.020501 0.006720
0 0.012089 0.006720 0.020464 0.006272
0 0.012098 0.062720 0.020446 0.006272
0 0.012086 0.064064 0.020471 0.006272
0 0.012084 0.087808 0.020475 0.005824
0 0.012096 0.087360 0.020450 0.006272
0 0.012102 0.085120 0.020438 0.007168
0 0.012115 0.082432 0.020413 0.006720
0 0.012120 0.081088 0.020402 0.007168
0 0.011996 0.087808 0.020651 0.006272
0 0.011975 0.088704 0.020692 0.005824
0 0.011955 0.077952 0.020733 0.006272
0 0.011940 0.086016 0.020763 0.005824
0 0.011886 0.089152 0.020870 0.004928
0 0.011894 0.085120 0.020855 0.005376
0 0.011898 0.081984 0.020847 0.005376
0 0.011906 0.077056 0.020830 0.005376
0 0.011911 0.074816 0.020821 0.005376
0 0.011935 0.087808 0.020772 0.005376
0 0.011916 0.072128 0.020812 0.005824
0 0.011955 0.059136 0.020733 0.006720
0 0.011920 0.069888 0.020804 0.005824
0 0.011944 0.083776 0.020755 0.006272
0 0.011932 0.063616 0.020779 0.005824
0 0.011923 0.067648 0.020796 0.005376
0 0.011943 0.061376 0.020756 0.006272
0 0.011951 0.060032 0.020741 0.005824
0 0.012125 0.814016 0.020392 0.004480
0 0.012098 0.839104 0.020448 0.004032
0 0.001988 0.793856 0.000488 0.008512
0 0.001466 0.223552 0.001531 0.006272
0 0.001493 0.248640 0.001477 0.008512
0 0.001490 0.256704 0.001484 0.005376
0 0.001459 0.239232 0.001546 0.007168
0 0.001448 0.245952 0.001567 0.007616
0 0.001455 0.254016 0.001554 0.006272
0 0.001456 0.262976 0.001552 0.005824
0 0.001489 0.264768 0.001485 0.006720
0 0.001486 0.273280 0.001492 0.006272
0 0.001485 0.280896 0.001495 0.007168
0 0.001481 0.296128 0.001502 0.007616
0 0.001443 0.269696 0.001577 0.007168
0 0.001451 0.278208 0.001562 0.006272
0 0.001444 0.285824 0.001576 0.007168
0 0.001447 0.294784 0.001570 0.005824
0 0.001479 0.312256 0.001507 0.007616
0 0.001461 0.230720 0.001543 0.007168
0 0.001496 0.232512 0.001472 0.007616
0 0.001444 0.302400 0.001576 0.006720
0 0.001500 0.225344 0.001465 0.007616
0 0.001587 0.268352 0.001291 0.008064
0 0.001630 0.286720 0.001205 0.011648
0 0.001637 0.273728 0.001190 0.008064
0 0.001635 0.264768 0.001195 0.008960
0 0.001638 0.252672 0.001188 0.006272
0 0.001643 0.219968 0.001179 0.012096
0 0.001644 0.231616 0.001176 0.009408
0 0.001598 0.260288 0.001268 0.007168
0 0.001597 0.251776 0.001271 0.007168
0 0.001599 0.244608 0.001266 0.007168
0 0.001607 0.236096 0.001251 0.005824
0 0.001464 0.206080 0.001536 0.006272
0 0.001455 0.215040 0.001554 0.006272
0 0.001503 0.209664 0.001458 0.006720
0 0.001501 0.217728 0.001462 0.008064
0 0.001480 0.304192 0.001505 0.006720
0 0.001444 0.310464 0.001576 0.004928
0 0.001363 0.290752 0.001738 0.005376
0 0.001342 0.366912 0.001780 0.004928
0 0.001304 0.357504 0.001856 0.004480
0 0.001315 0.351232 0.001834 0.004480
0 0.001313 0.343168 0.001838 0.004928
0 0.001313 0.337344 0.001839 0.005824
0 0.001346 0.338688 0.001773 0.006272
0 0.001349 0.332416 0.001766 0.005376
0 0.001319 0.330624 0.001827 0.004480
0 0.001316 0.323456 0.001832 0.005824
0 0.001352 0.318080 0.001761 0.006272
0 0.001322 0.309120 0.001820 0.005824
0 0.001324 0.295232 0.001815 0.006272
0 0.001321 0.288960 0.001821 0.006272
0 0.001323 0.281344 0.001818 0.006272
0 0.001352 0.311808 0.001761 0.005824
0 0.001354 0.304640 0.001757 0.005376
0 0.001346 0.359744 0.001772 0.004928
0 0.001342 0.352576 0.001780 0.005824
0 0.001477 0.320768 0.001510 0.007168
0 0.001345 0.345856 0.001774 0.006272
0 0.001474 0.327936 0.001517 0.007168
0 0.001438 0.318080 0.001589 0.007168
0 0.001434 0.325696 0.001595 0.007168
0 0.001436 0.333760 0.001592 0.006272
0 0.001434 0.342272 0.001597 0.006720
0 0.001439 0.349440 0.001587 0.005376
0 0.001430 0.357056 0.001604 0.007168
0 0.001475 0.336000 0.001514 0.005376
0 0.001473 0.344512 0.001519 0.006272
0 0.001470 0.367808 0.001525 0.005824
0 0.001468 0.352128 0.001528 0.005824
0 0.001467 0.360640 0.001530 0.008064
0 0.001470 0.374080 0.001524 0.007616
0 0.001430 0.365568 0.001605 0.005824
0 0.001427 0.372288 0.001610 0.005824
0 0.001594 0.275968 0.001275 0.005824
0 0.001588 0.284928 0.001288 0.007168
0 0.001593 0.294336 0.001277 0.007168
0 0.001970 0.611968 0.000524 0.005824
0 0.002041 0.592256 0.000382 0.004928
0 0.002047 0.576576 0.000370 0.004480
0 0.002043 0.568960 0.000378 0.006272
0 0.002054 0.547008 0.000356 0.005824
0 0.001979 0.583296 0.000507 0.007616
0 0.001979 0.572544 0.000506 0.004928
0 0.001984 0.560448 0.000496 0.004928
0 0.001991 0.547456 0.000482 0.008512
0 0.001846 0.596288 0.000772 0.006272
0 0.001874 0.554176 0.000716 0.009408
0 0.001886 0.542976 0.000693 0.007616
0 0.001891 0.527744 0.000682 0.004928
0 0.001887 0.517440 0.000691 0.004032
0 0.001902 0.497280 0.000660 0.004480
0 0.001905 0.478912 0.000655 0.011648
0 0.001840 0.627200 0.000785 0.006272
0 0.001962 0.627648 0.000541 0.005376
0 0.001583 0.300160 0.001299 0.007616
0 0.002035 0.620480 0.000394 0.006272
0 0.001994 0.788928 0.000477 0.007616
0 0.001939 0.764288 0.000586 0.008512
0 0.002009 0.752640 0.000446 0.004032
0 0.002006 0.734720 0.000452 0.008064
0 0.002011 0.724416 0.000443 0.004480
0 0.002014 0.704256 0.000437 0.004928
0 0.002019 0.695744 0.000427 0.006272
0 0.002021 0.683200 0.000422 0.006272
0 0.001946 0.725760 0.000572 0.004928
0 0.001943 0.715904 0.000578 0.007616
0 0.001953 0.684992 0.000559 0.008960
0 0.001827 0.730240 0.000809 0.008960
0 0.002023 0.674240 0.000417 0.003584
0 0.002044 0.638400 0.000377 0.004480
0 0.002032 0.630784 0.000400 0.004928
0 0.002110 0.536704 0.000244 0.010752
0 0.002077 0.506688 0.000311 0.005824
0 0.002066 0.477120 0.000332 0.004928
0 0.001998 0.537152 0.000468 0.004480
0 0.001612 0.369152 0.001241 0.008512
0 0.001613 0.361984 0.001239 0.008064
0 0.001616 0.353024 0.001231 0.006272
0 0.001621 0.344512 0.001223 0.009408
0 0.001621 0.336448 0.001222 0.007168
0 0.001624 0.328384 0.001216 0.008512
0 0.001623 0.319872 0.001218 0.008064
0 0.001625 0.312256 0.001214 0.007616
0 0.001627 0.303296 0.001210 0.008512
0 0.001571 0.348992 0.001321 0.008960
0 0.001575 0.340928 0.001315 0.007168
0 0.001575 0.333312 0.001314 0.007616
0 0.001577 0.326144 0.001311 0.008064
0 0.001581 0.317632 0.001302 0.007168
0 0.001576 0.309120 0.001312 0.008960
0 0.001615 0.376768 0.001235 0.006272
0 0.001616 0.383488 0.001233 0.008064
0 0.001568 0.365568 0.001328 0.008512
0 0.001749 0.311360 0.000967 0.006272
0 0.002001 0.521472 0.000462 0.007168
0 0.002006 0.499968 0.000452 0.006272
0 0.002012 0.484736 0.000440 0.005824
0 0.001994 0.472640 0.000476 0.007168
0 0.001869 0.565376 0.000727 0.008960
0 0.001748 0.276416 0.000968 0.008512
0 0.001732 0.320768 0.001001 0.011200
0 0.001567 0.374080 0.001329 0.005824
0 0.001734 0.331520 0.000996 0.007616
0 0.001732 0.342272 0.001000 0.008960
0 0.001732 0.353472 0.001000 0.010304
0 0.001716 0.374528 0.001033 0.010304
0 0.001712 0.383040 0.001040 0.008064
0 0.001562 0.381696 0.001341 0.006272
0 0.001361 0.297024 0.001743 0.006272
0 0.001361 0.283584 0.001742 0.004928
0 0.012094 0.843136 0.020456 0.004928
0 0.011875 0.835072 0.020893 0.005824
0 0.011907 0.852544 0.020829 0.004928
0 0.011900 0.851200 0.020843 0.004480
0 0.011896 0.848960 0.020850 0.004928
0 0.011890 0.847168 0.020863 0.004480
0 0.011880 0.845376 0.020883 0.004928
0 0.011875 0.843584 0.020892 0.004928
0 0.011869 0.841344 0.020904 0.004928
0 0.011875 0.818048 0.020893 0.006720
0 0.011868 0.816256 0.020906 0.006720
0 0.011862 0.816256 0.020919 0.006272
0 0.011852 0.825216 0.020939 0.004480
0 0.011848 0.828352 0.020946 0.004928
0 0.011844 0.831040 0.020955 0.004480
0 0.012008 0.872704 0.020627 0.006720
0 0.012002 0.872256 0.020638 0.005824
0 0.011913 0.854336 0.020817 0.005376
0 0.011880 0.838208 0.020883 0.004928
0 0.011985 0.876288 0.020673 0.005376
0 0.011887 0.839552 0.020868 0.005824
0 0.011905 0.813120 0.020833 0.004928
0 0.011906 0.810432 0.020832 0.005376
0 0.011912 0.804608 0.020818 0.005376
0 0.011921 0.798784 0.020801 0.004480
0 0.011925 0.795648 0.020794 0.004480
0 0.011892 0.787584 0.020859 0.004928
0 0.011888 0.790272 0.020868 0.004480
0 0.011883 0.796096 0.020877 0.004480
0 0.011878 0.799232 0.020886 0.004928
0 0.011872 0.805504 0.020898 0.005376
0 0.011870 0.808192 0.020903 0.004032
0 0.011885 0.831040 0.020873 0.004928
0 0.011912 0.846720 0.020819 0.005824
0 0.011906 0.845376 0.020832 0.005376
0 0.011893 0.841792 0.020856 0.005376
0 0.011996 0.870464 0.020652 0.007168
0 0.012011 0.920192 0.020620 0.003136
0 0.001363 0.275968 0.001739 0.005824
0 0.011984 0.945280 0.020674 0.002688
0 0.011978 0.952448 0.020688 0.003136
0 0.011975 0.956032 0.020693 0.003136
0 0.011971 0.959616 0.020701 0.002688
0 0.011965 0.963648 0.020712 0.002688
0 0.011951 0.975744 0.020742 0.005824
0 0.011941 0.991872 0.020761 0.006720
0 0.012002 0.970816 0.020638 0.007168
0 0.012239 0.926464 0.020166 0.006272
0 0.012102 0.894656 0.020439 0.004480
0 0.012113 0.897344 0.020416 0.004480
0 0.012106 0.891968 0.020431 0.004928
0 0.012083 0.854336 0.020478 0.002688
0 0.012095 0.859712 0.020453 0.006272
0 0.012088 0.848960 0.020467 0.004480
0 0.012116 0.857024 0.020411 0.006272
0 0.011981 0.948864 0.020680 0.003136
0 0.011989 0.941696 0.020665 0.003136
0 0.012007 0.923776 0.020629 0.003136
0 0.011993 0.938112 0.020658 0.003584
0 0.011965 0.883008 0.020712 0.005824
0 0.011952 0.878976 0.020738 0.006272
0 0.011930 0.873600 0.020782 0.006272
0 0.011921 0.864192 0.020801 0.005824
0 0.011918 0.869568 0.020807 0.005824
0 0.011910 0.867776 0.020822 0.005824
0 0.011904 0.865536 0.020834 0.006272
0 0.011898 0.863744 0.020846 0.005824
0 0.011892 0.861504 0.020858 0.007168
0 0.011885 0.860160 0.020872 0.006272
0 0.011878 0.858816 0.020887 0.006272
0 0.011866 0.891072 0.020912 0.005824
0 0.012003 0.927808 0.020637 0.003136
0 0.011999 0.930944 0.020644 0.003136
0 0.011998 0.934528 0.020648 0.002688
0 0.011900 0.816256 0.020843 0.004928
0 0.011903 0.828352 0.020837 0.005824
0 0.011916 0.830144 0.020810 0.006720
0 0.001379 0.200256 0.001707 0.005824
0 0.001384 0.179200 0.001695 0.005376
0 0.001389 0.165760 0.001687 0.005376
0 0.001392 0.148736 0.001681 0.010304
0 0.001392 0.157248 0.001680 0.008960
0 0.001379 0.136640 0.001707 0.011200
0 0.001336 0.194432 0.001792 0.005824
0 0.001338 0.174272 0.001787 0.006720
0 0.001338 0.164416 0.001787 0.006272
0 0.001338 0.154560 0.001788 0.009408
0 0.001345 0.145152 0.001775 0.008512
0 0.001352 0.324800 0.001761 0.006272
0 0.001314 0.316736 0.001837 0.008512
0 0.001243 0.346752 0.001977 0.004480
0 0.001240 0.340032 0.001984 0.004928
0 0.001243 0.333312 0.001979 0.005824
0 0.001379 0.193984 0.001707 0.006272
0 0.001379 0.206976 0.001705 0.004928
0 0.011923 0.831936 0.020798 0.005376
0 0.001377 0.213248 0.001710 0.005376
0 0.001362 0.269696 0.001741 0.007168
0 0.001364 0.262080 0.001736 0.006272
0 0.001326 0.274176 0.001812 0.005824
0 0.001329 0.267904 0.001806 0.006272
0 0.001328 0.260288 0.001808 0.006720
0 0.001369 0.255808 0.001727 0.005376
0 0.001370 0.248192 0.001724 0.004480
0 0.001330 0.252224 0.001804 0.005824
0 0.001325 0.222208 0.001813 0.008512
0 0.001368 0.241472 0.001728 0.005376
0 0.001370 0.234752 0.001725 0.005376
0 0.001328 0.233856 0.001808 0.007168
0 0.001337 0.213696 0.001790 0.009408
0 0.001372 0.228032 0.001721 0.007168
0 0.001374 0.220864 0.001717 0.004928
0 0.001244 0.327488 0.001976 0.004480
0 0.001245 0.320768 0.001974 0.006272
0 0.001247 0.314496 0.001971 0.005376
0 0.001248 0.307328 0.001968 0.005376
0 0.011944 0.855680 0.020754 0.005376
0 0.011938 0.853888 0.020767 0.004928
0 0.011956 0.867776 0.020732 0.005376
0 0.011951 0.865088 0.020741 0.005376
0 0.011946 0.863296 0.020752 0.005376
0 0.011939 0.861504 0.020765 0.005376
0 0.011933 0.859712 0.020776 0.004928
0 0.011926 0.857920 0.020790 0.004928
0 0.011941 0.837312 0.020761 0.006720
0 0.011934 0.835968 0.020774 0.006272
0 0.011929 0.834624 0.020786 0.005824
0 0.011921 0.855680 0.020800 0.004928
0 0.011931 0.852544 0.020781 0.005824
0 0.011925 0.850304 0.020793 0.005824
0 0.011919 0.848512 0.020805 0.005824
0 0.011952 0.857472 0.020738 0.005824
0 0.011958 0.859264 0.020727 0.005824
0 0.011953 0.840448 0.020737 0.006272
0 0.001260 0.262080 0.001945 0.004032
0 0.001249 0.301056 0.001966 0.004480
0 0.001252 0.294784 0.001961 0.005376
0 0.001253 0.288512 0.001959 0.005376
0 0.001256 0.281344 0.001952 0.005376
0 0.001255 0.275072 0.001955 0.004928
0 0.001260 0.267904 0.001945 0.004928
0 0.001264 0.256256 0.001937 0.004032
0 0.011959 0.841792 0.020725 0.005824
0 0.011995 0.852544 0.020652 0.005376
0 0.011989 0.850752 0.020666 0.006272
0 0.011983 0.848512 0.020678 0.005376
0 0.011977 0.846720 0.020689 0.005376
0 0.011971 0.845824 0.020701 0.005824
0 0.011965 0.844032 0.020712 0.006272
0 0.011003 0.120064 0.018172 0.010304
