0 0.001185 0.937216 0.002094 0.020608
0 0.001960 0.755776 0.000543 0.010304
0 0.001942 0.724864 0.000581 0.010752
0 0.001943 0.739200 0.000579 0.014784
0 0.001942 0.754432 0.000580 0.012992
0 0.002060 0.773248 0.000345 0.020160
0 0.002057 0.707840 0.000350 0.013888
0 0.002059 0.690816 0.000346 0.012544
0 0.002036 0.784000 0.000391 0.011200
0 0.002035 0.752192 0.000394 0.009856
0 0.002035 0.722624 0.000395 0.011200
0 0.002036 0.705600 0.000391 0.008960
0 0.002035 0.690368 0.000394 0.014784
0 0.002059 0.659904 0.000346 0.010752
0 0.002058 0.643776 0.000348 0.011648
0 0.002058 0.627648 0.000347 0.014784
0 0.002061 0.611072 0.000343 0.012544
0 0.002059 0.595392 0.000346 0.011648
0 0.002059 0.564480 0.000346 0.013440
0 0.002034 0.674688 0.000396 0.012544
0 0.002038 0.656320 0.000387 0.010752
0 0.002038 0.644224 0.000389 0.010752
0 0.002035 0.626752 0.000395 0.010752
0 0.002035 0.610624 0.000394 0.011200
0 0.002033 0.593152 0.000399 0.014336
0 0.002037 0.577472 0.000390 0.010752
0 0.002034 0.564032 0.000397 0.009856
0 0.002059 0.547904 0.000346 0.015232
0 0.002058 0.532672 0.000348 0.010752
0 0.002059 0.501312 0.000346 0.011648
0 0.002057 0.486080 0.000349 0.014336
0 0.001943 0.709184 0.000579 0.008960
0 0.001961 0.739200 0.000543 0.011200
0 0.001388 0.950208 0.001688 0.017472
0 0.001962 0.723968 0.000540 0.013440
0 0.001876 0.656320 0.000712 0.014784
0 0.001876 0.646016 0.000712 0.014784
0 0.001962 0.547008 0.000540 0.008960
0 0.001962 0.533568 0.000541 0.007168
0 0.001961 0.518336 0.000542 0.010304
0 0.001961 0.501760 0.000541 0.008960
0 0.001961 0.487872 0.000542 0.008960
0 0.001962 0.474880 0.000541 0.011200
0 0.001943 0.533568 0.000579 0.009856
0 0.001942 0.547456 0.000580 0.012992
0 0.001943 0.567168 0.000578 0.008960
0 0.001942 0.582400 0.000580 0.012096
0 0.001943 0.598080 0.000578 0.010304
0 0.001944 0.613760 0.000576 0.008512
0 0.001942 0.629440 0.000580 0.012544
0 0.001940 0.645120 0.000584 0.009856
0 0.001941 0.661248 0.000582 0.010304
0 0.001943 0.677376 0.000577 0.008512
0 0.001962 0.565824 0.000541 0.009408
0 0.001961 0.580160 0.000542 0.012544
0 0.001962 0.595392 0.000541 0.013440
0 0.001960 0.612416 0.000544 0.011648
0 0.001963 0.628992 0.000538 0.011200
0 0.001964 0.645120 0.000536 0.008064
0 0.001962 0.660800 0.000541 0.012992
0 0.001962 0.677824 0.000541 0.012544
0 0.001939 0.693056 0.000586 0.010304
0 0.001960 0.694848 0.000544 0.013440
0 0.001963 0.710080 0.000539 0.012992
0 0.002058 0.470400 0.000349 0.010752
0 0.002058 0.453824 0.000348 0.014784
0 0.002059 0.438144 0.000346 0.012544
0 0.002034 0.533568 0.000396 0.012544
0 0.002130 0.537600 0.000203 0.007616
0 0.002130 0.553280 0.000203 0.010304
0 0.002135 0.568064 0.000195 0.009856
0 0.002128 0.600768 0.000209 0.008512
0 0.002131 0.632576 0.000202 0.011200
0 0.002154 0.552832 0.000157 0.012992
0 0.002156 0.584640 0.000152 0.009408
0 0.002155 0.601216 0.000154 0.014784
0 0.002157 0.616000 0.000151 0.013440
0 0.002155 0.635264 0.000154 0.014784
0 0.002154 0.489216 0.000156 0.011648
0 0.002156 0.476224 0.000153 0.009408
0 0.002156 0.457856 0.000153 0.008960
0 0.002154 0.443072 0.000156 0.008064
0 0.002156 0.426496 0.000152 0.008960
0 0.002156 0.399616 0.000153 0.008960
0 0.002155 0.382592 0.000155 0.008960
0 0.002154 0.372288 0.000156 0.006720
0 0.008828 0.502208 0.013593 0.328384
0 0.008733 0.561344 0.013785 0.467264
0 0.008638 0.619584 0.013974 0.286272
0 0.008134 0.728448 0.014982 0.061376
0 0.008142 0.718592 0.014966 0.062272
0 0.008120 0.745472 0.015010 0.008064
0 0.008574 0.627648 0.014102 0.099904
0 0.010759 0.624512 0.018660 0.010752
0 0.010195 0.420224 0.019788 0.011648
0 0.010453 0.378560 0.019274 0.005824
0 0.010659 0.379008 0.018860 0.012096
0 0.002131 0.520128 0.000202 0.014784
0 0.002131 0.489664 0.000202 0.010304
0 0.002131 0.473088 0.000203 0.009408
0 0.002037 0.390208 0.000391 0.012992
0 0.002037 0.517440 0.000391 0.010304
0 0.002036 0.502208 0.000393 0.012096
0 0.002035 0.485632 0.000394 0.012992
0 0.002034 0.469504 0.000396 0.011648
0 0.002034 0.454720 0.000397 0.010752
0 0.002033 0.437248 0.000398 0.012992
0 0.002036 0.422464 0.000392 0.009856
0 0.002036 0.406336 0.000391 0.011648
0 0.002058 0.421120 0.000348 0.012544
0 0.002060 0.404544 0.000345 0.012992
0 0.002058 0.390208 0.000348 0.013440
0 0.002057 0.375424 0.000351 0.012096
0 0.002060 0.342720 0.000345 0.009856
0 0.002035 0.374528 0.000394 0.009856
0 0.002133 0.456960 0.000199 0.010752
0 0.002037 0.358400 0.000390 0.010752
0 0.002037 0.342720 0.000391 0.008960
0 0.002057 0.329728 0.000350 0.007616
0 0.002050 0.314496 0.000365 0.023744
0 0.002131 0.343168 0.000203 0.009408
0 0.002131 0.357504 0.000201 0.009408
0 0.002133 0.369600 0.000199 0.008960
0 0.002132 0.382144 0.000201 0.012992
0 0.002133 0.396928 0.000198 0.009408
0 0.002153 0.413056 0.000158 0.008064
0 0.002132 0.413504 0.000201 0.008512
0 0.002132 0.427840 0.000199 0.009408
0 0.002132 0.441280 0.000199 0.012096
0 0.001880 0.667968 0.000704 0.013888
0 0.001881 0.677824 0.000703 0.018368
0 0.001416 0.741888 0.001632 0.015232
0 0.012231 0.234304 0.020182 0.010304
0 0.011605 0.064064 0.021432 0.008512
0 0.011626 0.054656 0.021392 0.008960
0 0.011642 0.046592 0.021359 0.007168
0 0.011640 0.021056 0.021363 0.010752
0 0.012074 0.021952 0.020494 0.010752
0 0.012036 0.140672 0.020571 0.012992
0 0.012032 0.088256 0.020580 0.011200
0 0.012019 0.088704 0.020604 0.010752
0 0.012026 0.116480 0.020591 0.013440
0 0.012002 0.129024 0.020638 0.012992
0 0.012005 0.154112 0.020633 0.012992
0 0.012059 0.118272 0.020525 0.012096
0 0.012060 0.099008 0.020523 0.010752
0 0.011303 0.164864 0.022037 0.008960
0 0.011279 0.177408 0.022085 0.009408
0 0.011272 0.181440 0.022100 0.009408
0 0.011265 0.166208 0.022112 0.008960
0 0.011253 0.192192 0.022137 0.007616
0 0.011248 0.175168 0.022147 0.009856
0 0.011245 0.197120 0.022153 0.008512
0 0.011227 0.173824 0.022189 0.009856
0 0.011231 0.204736 0.022180 0.008064
0 0.011211 0.196224 0.022221 0.007616
0 0.011201 0.199808 0.022240 0.005376
0 0.011187 0.218176 0.022269 0.006720
0 0.011180 0.199360 0.022283 0.005376
0 0.011989 0.192640 0.020664 0.013888
0 0.012018 0.236096 0.020608 0.012992
0 0.012062 0.262528 0.020519 0.012992
0 0.011602 0.045248 0.021439 0.009408
0 0.011552 0.071680 0.021538 0.006720
0 0.011522 0.060032 0.021599 0.006720
0 0.011340 0.124544 0.021964 0.009408
0 0.001395 0.833280 0.001673 0.012992
0 0.001434 0.862400 0.001597 0.021504
0 0.011258 0.463680 0.022127 0.005824
0 0.011289 0.507136 0.022064 0.004928
0 0.011266 0.494592 0.022111 0.012992
0 0.011274 0.480256 0.022095 0.011648
0 0.011290 0.152768 0.022062 0.009408
0 0.011297 0.148288 0.022048 0.008960
0 0.011321 0.155008 0.022000 0.009408
0 0.011329 0.150976 0.021985 0.008960
0 0.011369 0.143808 0.021905 0.011200
0 0.011312 0.140224 0.022018 0.008960
0 0.011323 0.134400 0.021997 0.008512
0 0.011381 0.101696 0.021880 0.009408
0 0.011506 0.062272 0.021631 0.007168
0 0.011398 0.091840 0.021847 0.009856
0 0.011413 0.082880 0.021818 0.009856
0 0.011423 0.094976 0.021797 0.007168
0 0.011421 0.079296 0.021801 0.008960
0 0.011432 0.091840 0.021778 0.005824
0 0.011442 0.072128 0.021759 0.006272
0 0.011449 0.088704 0.021745 0.007168
0 0.011461 0.068992 0.021721 0.006720
0 0.011473 0.085568 0.021697 0.007616
0 0.011482 0.082432 0.021678 0.008512
0 0.011477 0.065856 0.021688 0.006720
0 0.011491 0.080640 0.021660 0.006720
0 0.011500 0.079744 0.021644 0.006720
0 0.012119 0.231616 0.020404 0.010752
0 0.012046 0.289408 0.020551 0.012096
0 0.001418 0.755328 0.001629 0.016576
0 0.011572 0.361984 0.021498 0.006272
0 0.011872 0.532224 0.020899 0.008960
0 0.011850 0.603008 0.020944 0.012096
0 0.011552 0.529088 0.021539 0.012096
0 0.011482 0.575232 0.021678 0.014336
0 0.011489 0.605696 0.021666 0.012544
0 0.011449 0.557760 0.021746 0.011200
0 0.011441 0.568960 0.021761 0.009856
0 0.011441 0.663488 0.021761 0.009856
0 0.011434 0.576128 0.021775 0.011648
0 0.011419 0.594944 0.021805 0.008960
0 0.011417 0.584192 0.021810 0.009408
0 0.011402 0.609728 0.021838 0.009856
0 0.011387 0.624512 0.021870 0.009408
0 0.011330 0.649152 0.021983 0.008960
0 0.011324 0.654528 0.021994 0.008960
0 0.011170 0.663040 0.022303 0.005376
0 0.011353 0.625856 0.021936 0.008960
0 0.011355 0.645120 0.021932 0.011648
0 0.011346 0.664384 0.021951 0.010752
0 0.011296 0.682304 0.022052 0.009856
0 0.011287 0.714560 0.022069 0.008512
0 0.011262 0.715456 0.022118 0.006720
0 0.011234 0.693952 0.022174 0.008512
0 0.011230 0.711424 0.022182 0.008064
0 0.011219 0.685888 0.022205 0.008960
0 0.011210 0.680960 0.022222 0.008064
0 0.011209 0.707392 0.022224 0.008064
0 0.011204 0.677376 0.022235 0.008512
0 0.001353 0.803712 0.001759 0.027776
0 0.011935 0.542528 0.020774 0.011648
0 0.011925 0.512064 0.020793 0.012992
0 0.011931 0.465024 0.020781 0.012992
0 0.011824 0.407680 0.020996 0.007168
0 0.011731 0.374528 0.021181 0.009408
0 0.011749 0.365568 0.021144 0.008960
0 0.011759 0.362880 0.021125 0.007168
0 0.011776 0.366912 0.021091 0.007616
0 0.011798 0.372288 0.021047 0.007168
0 0.011827 0.382144 0.020989 0.008064
0 0.011821 0.379456 0.021002 0.006720
0 0.011814 0.377664 0.021014 0.005824
0 0.012081 0.288960 0.020480 0.006272
0 0.012043 0.304640 0.020558 0.011200
0 0.011978 0.368256 0.020687 0.010752
0 0.011941 0.274624 0.020761 0.012096
0 0.011862 0.396480 0.020920 0.007168
0 0.011825 0.390208 0.020994 0.006720
0 0.011943 0.390656 0.020756 0.012992
0 0.011802 0.400512 0.021040 0.006720
0 0.011736 0.402304 0.021170 0.010304
0 0.011744 0.397376 0.021156 0.008960
0 0.011707 0.510720 0.021229 0.012544
0 0.011697 0.398272 0.021249 0.008960
0 0.011656 0.411264 0.021331 0.008064
0 0.011639 0.400512 0.021366 0.009408
0 0.011622 0.390208 0.021399 0.009408
0 0.011614 0.385280 0.021414 0.008064
0 0.011602 0.404544 0.021440 0.008512
0 0.011500 0.465024 0.021643 0.011648
0 0.011515 0.413504 0.021613 0.012096
0 0.011490 0.455616 0.021663 0.010752
0 0.010237 0.136640 0.019705 0.014336
