0 0.011696 0.973056 0.021251 0.027328
0 0.001874 0.422016 0.000716 0.028224
0 0.002007 0.472192 0.000450 0.023296
0 0.001919 0.381248 0.000626 0.032256
0 0.001951 0.385728 0.000563 0.025088
0 0.001975 0.397824 0.000515 0.033152
0 0.001994 0.411712 0.000476 0.023296
0 0.001843 0.214144 0.000779 0.023744
0 0.001837 0.178752 0.000790 0.023296
0 0.001823 0.159488 0.000818 0.017024
0 0.001803 0.141120 0.000859 0.023744
0 0.001789 0.116032 0.000887 0.023296
0 0.001768 0.068992 0.000927 0.023296
0 0.001526 0.197120 0.001413 0.023744
0 0.001733 0.259392 0.000998 0.027328
0 0.001718 0.241024 0.001028 0.023744
0 0.001748 0.204736 0.000968 0.030016
0 0.001704 0.144256 0.001056 0.027328
0 0.001691 0.114688 0.001082 0.030016
0 0.001702 0.065408 0.001059 0.030912
0 0.001676 0.068992 0.001113 0.026880
0 0.001644 0.078848 0.001176 0.030016
0 0.008719 0.646912 0.013811 0.032256
0 0.008629 0.513856 0.013991 0.048384
0 0.008488 0.426048 0.014274 0.082880
0 0.008412 0.255808 0.014426 0.019712
0 0.008555 0.197120 0.014140 0.016128
0 0.008532 0.165760 0.014186 0.017024
0 0.008505 0.124544 0.014240 0.021952
0 0.001890 0.430976 0.000684 0.029568
0 0.001898 0.370048 0.000669 0.028224
0 0.011280 0.838656 0.022084 0.016128
0 0.001873 0.365120 0.000719 0.029568
0 0.002121 0.677824 0.000223 0.029568
0 0.002135 0.665280 0.000193 0.027328
0 0.002150 0.649152 0.000164 0.025984
0 0.002106 0.566272 0.000253 0.024640
0 0.002082 0.551936 0.000301 0.028224
0 0.002074 0.536704 0.000316 0.014784
0 0.002044 0.641984 0.000375 0.025088
0 0.002037 0.617792 0.000390 0.026880
0 0.002020 0.599872 0.000424 0.026880
0 0.002014 0.580608 0.000437 0.022400
0 0.002025 0.564480 0.000414 0.015232
0 0.002019 0.547008 0.000426 0.018368
0 0.001970 0.513408 0.000524 0.021056
0 0.001959 0.501760 0.000546 0.021952
0 0.001953 0.487872 0.000558 0.021056
0 0.001760 0.685888 0.000944 0.017024
0 0.001752 0.588672 0.000961 0.025088
0 0.001725 0.557312 0.001015 0.033152
0 0.001673 0.547008 0.001119 0.022400
0 0.001501 0.424704 0.001463 0.018816
0 0.001471 0.439488 0.001522 0.015232
0 0.001537 0.277760 0.001390 0.024640
0 0.001597 0.435904 0.001269 0.025984
0 0.001805 0.378112 0.000855 0.027328
0 0.001824 0.389760 0.000816 0.028224
0 0.001839 0.400512 0.000786 0.027328
0 0.001855 0.409920 0.000755 0.028224
0 0.008489 0.074368 0.014272 0.018368
