0 0.009355 0.187264 0.017005 0.057344
0 0.001382 0.208320 0.001700 0.004480
0 0.002116 0.295680 0.000231 0.033152
0 0.001970 0.243264 0.000523 0.075264
0 0.001854 0.133056 0.000757 0.025984
0 0.002931 0.017472 0.003066 0.013440
0 0.001757 0.089600 0.000951 0.011648
0 0.001750 0.104384 0.000965 0.017024
0 0.001382 0.203840 0.001700 0.004480
0 0.001541 0.328384 0.001382 0.026880
0 0.001382 0.199360 0.001701 0.004032
0 0.001363 0.208320 0.001739 0.004480
0 0.001363 0.204288 0.001739 0.003584
0 0.001362 0.199360 0.001741 0.004480
0 0.001343 0.210112 0.001778 0.004032
0 0.001342 0.205632 0.001780 0.004032
0 0.002114 0.289408 0.000237 0.028672
0 0.002082 0.335104 0.000300 0.029120
0 0.002078 0.329728 0.000308 0.027328
0 0.002030 0.370496 0.000405 0.036736
0 0.002036 0.377216 0.000392 0.036736
0 0.001990 0.417088 0.000484 0.045696
0 0.001983 0.410368 0.000498 0.044800
0 0.002192 0.307328 0.000079 0.024192
0 0.002197 0.311360 0.000070 0.023296
0 0.002183 0.334208 0.000099 0.028224
0 0.008829 0.320768 0.013592 0.014336
0 0.008816 0.333312 0.013618 0.014784
0 0.008787 0.364224 0.013677 0.013440
0 0.008774 0.377664 0.013703 0.014784
0 0.008749 0.404992 0.013753 0.015232
0 0.008736 0.418432 0.013778 0.014336
0 0.001729 0.311808 0.001007 0.036288
0 0.001341 0.201600 0.001783 0.003584
0 0.001324 0.211904 0.001817 0.004480
0 0.001324 0.206976 0.001817 0.004032
0 0.002470 0.113344 0.003988 0.008960
0 0.002435 0.120064 0.004058 0.007616
0 0.002436 0.105728 0.004057 0.009408
0 0.002443 0.112896 0.004042 0.008064
0 0.002443 0.099456 0.004042 0.008960
0 0.002451 0.107072 0.004027 0.008064
0 0.002451 0.092736 0.004028 0.008512
0 0.002458 0.100800 0.004012 0.007616
0 0.002459 0.086016 0.004011 0.008960
0 0.002466 0.094080 0.003997 0.008064
0 0.002447 0.133504 0.004036 0.008064
0 0.002454 0.126336 0.004020 0.008064
0 0.002462 0.134848 0.004005 0.008960
0 0.002462 0.120064 0.004004 0.009408
0 0.002469 0.129024 0.003990 0.008064
0 0.002477 0.121856 0.003974 0.008064
0 0.001348 0.188160 0.001768 0.008960
0 0.002477 0.106624 0.003974 0.008512
0 0.002485 0.116032 0.003959 0.008512
0 0.002485 0.139328 0.003958 0.004480
0 0.002489 0.135296 0.003951 0.004480
0 0.002493 0.132608 0.003944 0.004480
0 0.002493 0.139776 0.003942 0.004480
0 0.002497 0.137536 0.003934 0.004480
0 0.002497 0.129024 0.003936 0.004480
0 0.002501 0.133952 0.003927 0.004032
0 0.002501 0.125888 0.003927 0.004480
0 0.002505 0.131264 0.003919 0.004928
0 0.002505 0.139776 0.003919 0.004480
0 0.002509 0.135296 0.003910 0.004480
0 0.001267 0.170240 0.001930 0.006720
0 0.001534 0.321216 0.001396 0.029568
0 0.001609 0.267904 0.001246 0.038080
0 0.008461 0.678720 0.014327 0.015680
0 0.001708 0.697088 0.001048 0.018816
0 0.007664 0.607936 0.011458 0.108864
0 0.003068 0.679168 0.002792 0.032704
0 0.003027 0.723520 0.002875 0.032704
0 0.003007 0.695744 0.002915 0.019712
0 0.001657 0.753536 0.001150 0.025088
0 0.001662 0.735616 0.001141 0.019712
0 0.001682 0.715008 0.001100 0.023296
0 0.001617 0.252672 0.001230 0.029120
0 0.001126 0.775040 0.002212 0.010304
0 0.003039 0.667968 0.002851 0.020160
0 0.003063 0.645120 0.002803 0.018816
0 0.003107 0.646464 0.002714 0.016576
0 0.003087 0.627648 0.002754 0.020160
0 0.003128 0.625408 0.002672 0.016576
0 0.001350 0.886592 0.001764 0.098112
0 0.001533 0.806400 0.001398 0.069888
0 0.001164 0.963200 0.002137 0.071680
0 0.007821 0.588672 0.015607 0.010752
0 0.007848 0.576128 0.015554 0.011200
0 0.007870 0.567168 0.015510 0.011200
0 0.007900 0.552384 0.015449 0.012544
0 0.007918 0.540736 0.015414 0.012992
0 0.007949 0.524608 0.015353 0.009856
0 0.007974 0.510272 0.015303 0.012992
0 0.007971 0.514304 0.015307 0.008064
0 0.007993 0.496832 0.015264 0.012992
0 0.008002 0.490560 0.015246 0.013440
0 0.008021 0.477120 0.015208 0.012096
0 0.008048 0.456960 0.015153 0.011648
0 0.008031 0.468608 0.015188 0.011200
0 0.008433 0.703360 0.014383 0.014784
0 0.003107 0.606144 0.002714 0.020160
0 0.003318 0.514304 0.002292 0.024640
0 0.001406 0.647360 0.001652 0.017472
0 0.001236 0.572544 0.001993 0.020608
0 0.001597 0.259840 0.001271 0.036288
0 0.001577 0.309568 0.001311 0.041664
0 0.001568 0.299264 0.001328 0.039424
0 0.001562 0.288960 0.001340 0.038528
0 0.001499 0.351680 0.001467 0.039424
0 0.001462 0.400512 0.001541 0.022848
0 0.001472 0.383488 0.001519 0.013888
0 0.001493 0.349888 0.001478 0.014784
0 0.001474 0.379008 0.001517 0.015680
0 0.001419 0.425600 0.001626 0.040768
0 0.001434 0.438144 0.001596 0.018816
0 0.001138 0.598976 0.002187 0.023744
0 0.001138 0.607488 0.002189 0.021952
0 0.001143 0.613312 0.002178 0.024192
0 0.001232 0.565824 0.002001 0.020160
0 0.001416 0.633024 0.001633 0.025088
0 0.001265 0.550592 0.001935 0.021056
0 0.001267 0.542976 0.001929 0.013888
0 0.001302 0.535808 0.001861 0.017472
0 0.001295 0.527296 0.001874 0.023744
0 0.001289 0.518784 0.001886 0.024640
0 0.001325 0.509824 0.001814 0.011200
0 0.001322 0.506688 0.001819 0.011648
0 0.001338 0.502208 0.001787 0.012992
0 0.001373 0.444416 0.001718 0.035392
0 0.001536 0.533120 0.001392 0.025984
0 0.001541 0.538944 0.001383 0.026432
0 0.001543 0.546112 0.001378 0.025984
0 0.001547 0.552832 0.001371 0.024640
0 0.001409 0.628992 0.001645 0.022400
0 0.002428 0.112448 0.004073 0.008512
