0 0.009440 0.130368 0.016833 0.017472
0 0.002403 0.328832 0.004123 0.014784
0 0.002923 0.364224 0.003084 0.009408
0 0.002928 0.342272 0.003073 0.010304
0 0.002900 0.361088 0.003129 0.010304
0 0.002904 0.338688 0.003120 0.010752
0 0.002552 0.376320 0.003824 0.012992
0 0.002556 0.347648 0.003816 0.015232
0 0.002524 0.372736 0.003880 0.012544
0 0.002530 0.344512 0.003868 0.011648
0 0.002496 0.368704 0.003936 0.011648
0 0.002502 0.340928 0.003925 0.012096
0 0.002468 0.365568 0.003993 0.012096
0 0.002474 0.337344 0.003981 0.012544
0 0.002398 0.356160 0.004134 0.014336
0 0.002354 0.350336 0.004221 0.021504
0 0.002490 0.266560 0.003949 0.013888
0 0.002360 0.320768 0.004208 0.021952
0 0.002314 0.344960 0.004300 0.022400
0 0.002321 0.315840 0.004287 0.021952
0 0.002324 0.271040 0.004281 0.010304
0 0.002328 0.250880 0.004273 0.010752
0 0.002341 0.271488 0.004246 0.010752
0 0.002345 0.251328 0.004238 0.011200
0 0.002368 0.274624 0.004193 0.010752
0 0.002371 0.254464 0.004187 0.011200
0 0.002398 0.278656 0.004132 0.011200
0 0.002425 0.288064 0.004078 0.007168
0 0.002402 0.258048 0.004124 0.010752
0 0.002429 0.266112 0.004070 0.006720
0 0.002949 0.345408 0.003030 0.006720
0 0.002944 0.368256 0.003040 0.007168
0 0.002961 0.347200 0.003007 0.006272
0 0.002957 0.369600 0.003015 0.006720
0 0.003042 0.475776 0.002846 0.015680
0 0.002937 0.462784 0.003055 0.020608
0 0.002898 0.457856 0.003133 0.020160
0 0.002511 0.478912 0.003906 0.020608
0 0.002455 0.472192 0.004018 0.020160
0 0.002358 0.460544 0.004212 0.030016
0 0.002300 0.450240 0.004330 0.029568
0 0.002310 0.404096 0.004309 0.028672
0 0.002372 0.415744 0.004185 0.020160
0 0.002521 0.433216 0.003886 0.020608
0 0.002464 0.426944 0.004000 0.020608
0 0.003126 0.391552 0.002677 0.020160
0 0.003131 0.364672 0.002666 0.020160
0 0.003093 0.387072 0.002743 0.019712
0 0.003098 0.360192 0.002732 0.019264
0 0.003061 0.382144 0.002807 0.009856
0 0.003067 0.354368 0.002795 0.009856
0 0.003145 0.310464 0.002638 0.019264
0 0.003112 0.305984 0.002705 0.020160
0 0.003077 0.302400 0.002775 0.019264
0 0.002944 0.430080 0.003042 0.020608
0 0.002904 0.424704 0.003120 0.020608
0 0.002882 0.421568 0.003164 0.008064
0 0.002843 0.334208 0.003242 0.011200
0 0.002847 0.319872 0.003235 0.009408
0 0.002969 0.370944 0.002991 0.007168
0 0.002973 0.348544 0.002982 0.006272
0 0.002484 0.292096 0.003960 0.013440
0 0.002578 0.306432 0.003773 0.014336
0 0.002525 0.727552 0.003878 0.004480
0 0.002869 0.094528 0.003190 0.008064
0 0.003122 0.209216 0.002685 0.013440
0 0.003146 0.212800 0.002636 0.013440
0 0.003028 0.034944 0.002874 0.004928
0 0.003029 0.027776 0.002871 0.005376
0 0.003027 0.012096 0.002874 0.009408
0 0.003030 0.067200 0.002868 0.003584
0 0.003024 0.066304 0.002880 0.003584
0 0.003045 0.071232 0.002839 0.004928
0 0.003032 0.112448 0.002864 0.004928
0 0.003018 0.033600 0.002892 0.005376
0 0.002998 0.028224 0.002932 0.010304
0 0.002905 0.099904 0.003118 0.007616
0 0.002893 0.097664 0.003142 0.007168
0 0.002872 0.085120 0.003185 0.007168
0 0.002582 0.280448 0.003765 0.015680
0 0.002875 0.074368 0.003179 0.008064
0 0.002878 0.064512 0.003173 0.007616
0 0.002880 0.054656 0.003168 0.007168
0 0.002883 0.044352 0.003162 0.008064
0 0.002511 0.167104 0.003906 0.034496
0 0.002385 0.037184 0.004158 0.002240
0 0.002381 0.036736 0.004166 0.002240
0 0.002377 0.036288 0.004175 0.002240
0 0.002373 0.035392 0.004183 0.002688
0 0.002369 0.035392 0.004190 0.002240
0 0.002388 0.012096 0.004153 0.006720
0 0.002376 0.010304 0.004177 0.006720
0 0.002386 0.022848 0.004157 0.006720
0 0.003096 0.206080 0.002736 0.014336
0 0.003091 0.230720 0.002747 0.013888
0 0.003117 0.234304 0.002695 0.013440
0 0.003142 0.236992 0.002645 0.014336
0 0.002542 0.301056 0.003844 0.014784
0 0.002512 0.297024 0.003905 0.015232
0 0.002548 0.275072 0.003833 0.015232
0 0.002517 0.271936 0.003894 0.015232
0 0.002524 0.210112 0.003880 0.032704
0 0.002918 0.271936 0.003093 0.007168
0 0.002895 0.267456 0.003140 0.007168
0 0.002878 0.266112 0.003172 0.007616
0 0.002882 0.249536 0.003165 0.006272
0 0.002898 0.251776 0.003133 0.008064
0 0.002922 0.255808 0.003085 0.006272
0 0.002960 0.281344 0.003009 0.007616
0 0.002961 0.264320 0.003007 0.010752
0 0.002982 0.284480 0.002965 0.007616
0 0.002983 0.267456 0.002962 0.010752
0 0.002978 0.225792 0.002973 0.019264
0 0.002944 0.220864 0.003040 0.019264
0 0.002911 0.216832 0.003107 0.019264
0 0.002877 0.213248 0.003175 0.019264
0 0.002883 0.182336 0.003162 0.019264
0 0.002918 0.185920 0.003093 0.019712
0 0.002950 0.190400 0.003028 0.020608
0 0.002983 0.194432 0.002962 0.019264
0 0.003083 0.271040 0.002762 0.019264
0 0.003117 0.275072 0.002694 0.020160
0 0.003150 0.279104 0.002629 0.020160
0 0.003166 0.240128 0.002597 0.013440
0 0.003048 0.442624 0.002833 0.015232
0 0.003089 0.446208 0.002751 0.014336
0 0.003117 0.449792 0.002695 0.011648
0 0.002909 0.893760 0.003110 0.004480
0 0.002958 0.900032 0.003014 0.004480
0 0.002947 0.907200 0.003034 0.004480
0 0.002949 0.898688 0.003031 0.004928
0 0.002937 0.905408 0.003054 0.004032
0 0.002939 0.896896 0.003050 0.004480
0 0.002929 0.904512 0.003070 0.004928
0 0.002930 0.896000 0.003068 0.004928
0 0.002887 0.930048 0.003155 0.008512
0 0.002901 0.920192 0.003127 0.008512
0 0.002886 0.917504 0.003157 0.008064
0 0.002908 0.902272 0.003113 0.004928
0 0.002898 0.900480 0.003133 0.005824
0 0.002888 0.899584 0.003152 0.005824
0 0.002891 0.891072 0.003147 0.005376
0 0.003082 0.478464 0.002765 0.014336
0 0.002899 0.892416 0.003130 0.004928
0 0.002909 0.853440 0.003112 0.004032
0 0.002909 0.848960 0.003110 0.004032
0 0.002911 0.844480 0.003107 0.003584
0 0.002881 0.851200 0.003168 0.008960
0 0.002883 0.839552 0.003163 0.008512
0 0.003090 0.798336 0.002749 0.004032
0 0.003096 0.799232 0.002736 0.004032
0 0.003103 0.799232 0.002722 0.004480
0 0.003110 0.800576 0.002708 0.004480
0 0.003114 0.788480 0.002700 0.003136
0 0.003120 0.788480 0.002688 0.002688
0 0.003122 0.799232 0.002684 0.006272
0 0.002956 0.908992 0.003017 0.005376
0 0.002928 0.926016 0.003072 0.010752
0 0.002948 0.930944 0.003033 0.012096
0 0.002993 0.902720 0.002943 0.005376
0 0.002516 0.733824 0.003897 0.004032
0 0.002517 0.727104 0.003895 0.004032
0 0.002508 0.733376 0.003913 0.004480
0 0.002509 0.726208 0.003910 0.004928
0 0.002501 0.732480 0.003927 0.003584
0 0.002502 0.726208 0.003924 0.003584
0 0.002421 0.950656 0.004087 0.004928
0 0.002422 0.944832 0.004085 0.004928
0 0.002423 0.938560 0.004083 0.005376
0 0.002426 0.926016 0.004078 0.004032
0 0.002427 0.920640 0.004075 0.004480
0 0.002458 0.907200 0.004012 0.003136
0 0.002453 0.906304 0.004022 0.003584
0 0.002459 0.903168 0.004011 0.003136
0 0.002454 0.901824 0.004022 0.002688
0 0.002460 0.898688 0.004008 0.003136
0 0.002454 0.897344 0.004020 0.003584
0 0.002482 0.839552 0.003966 0.006272
0 0.002469 0.837760 0.003990 0.006720
0 0.002458 0.836864 0.004013 0.004928
0 0.002444 0.835072 0.004040 0.006272
0 0.003017 0.934528 0.002895 0.008960
0 0.003002 0.932288 0.002925 0.008064
0 0.002986 0.930496 0.002956 0.007168
0 0.003004 0.915712 0.002920 0.008064
0 0.002992 0.913024 0.002945 0.006272
0 0.003008 0.904512 0.002913 0.006272
0 0.003134 0.800576 0.002660 0.007168
0 0.002247 0.575232 0.004435 0.004480
0 0.002249 0.569408 0.004431 0.004928
0 0.002491 0.591808 0.003946 0.015232
0 0.002572 0.687680 0.003785 0.008064
0 0.002525 0.644672 0.003879 0.006720
0 0.002531 0.628096 0.003867 0.014336
0 0.002569 0.632128 0.003790 0.018368
0 0.002535 0.596288 0.003859 0.016576
0 0.002576 0.601664 0.003777 0.017920
0 0.002540 0.561792 0.003849 0.006272
0 0.002561 0.563584 0.003807 0.011200
0 0.002582 0.566272 0.003764 0.012096
0 0.002604 0.568960 0.003720 0.010752
0 0.002930 0.530880 0.003068 0.015680
0 0.002876 0.458304 0.003176 0.008960
0 0.002800 0.505792 0.003329 0.025088
0 0.002937 0.503104 0.003056 0.015232
0 0.002895 0.527296 0.003139 0.015232
0 0.002901 0.498624 0.003127 0.015232
0 0.002863 0.523264 0.003202 0.016576
0 0.002869 0.495040 0.003190 0.015232
0 0.003100 0.550144 0.002728 0.009856
0 0.003105 0.522368 0.002718 0.010752
0 0.003080 0.547456 0.002769 0.009856
0 0.003086 0.519232 0.002757 0.010304
0 0.003052 0.546112 0.002825 0.012096
0 0.003027 0.542528 0.002875 0.012544
0 0.003057 0.517888 0.002814 0.012544
0 0.003033 0.514304 0.002863 0.012992
0 0.003111 0.481600 0.002707 0.010752
0 0.002586 0.689024 0.003757 0.008064
0 0.002486 0.623168 0.003957 0.015232
0 0.002289 0.621824 0.004351 0.008064
0 0.002432 0.548800 0.004065 0.008960
0 0.002294 0.609280 0.004341 0.006720
0 0.002280 0.607936 0.004369 0.006720
0 0.002272 0.619584 0.004384 0.008064
0 0.002261 0.620480 0.004407 0.005376
0 0.002251 0.619136 0.004427 0.004928
0 0.002266 0.606144 0.004396 0.006720
0 0.002254 0.604352 0.004421 0.004480
0 0.002541 0.646464 0.003847 0.006720
0 0.002355 0.620480 0.004219 0.006272
0 0.002340 0.619584 0.004248 0.005824
0 0.002356 0.612864 0.004217 0.005376
0 0.002342 0.611072 0.004245 0.006272
0 0.002357 0.604800 0.004214 0.005824
0 0.002344 0.603456 0.004241 0.006272
0 0.002348 0.578816 0.004232 0.006272
0 0.002351 0.570304 0.004227 0.006272
0 0.002370 0.542080 0.004189 0.008064
0 0.002356 0.540288 0.004218 0.007168
0 0.002375 0.579712 0.004179 0.008064
0 0.002377 0.568064 0.004175 0.008512
0 0.002415 0.623616 0.004099 0.009856
0 0.002419 0.604352 0.004092 0.010752
0 0.002423 0.586880 0.004082 0.008512
0 0.002427 0.571200 0.004074 0.008512
0 0.002420 0.537600 0.004089 0.004928
0 0.002412 0.537600 0.004104 0.004928
0 0.002412 0.546112 0.004105 0.008512
0 0.002373 0.021504 0.004183 0.007168
