0 0.003115 0.802816 0.002699 0.023744
0 0.002840 0.328832 0.003249 0.004480
0 0.002537 0.422016 0.003854 0.012992
0 0.002570 0.415744 0.003789 0.012544
0 0.002558 0.430528 0.003812 0.012096
0 0.002589 0.424256 0.003750 0.012544
0 0.002578 0.439040 0.003773 0.012096
0 0.002783 0.313600 0.003362 0.004928
0 0.002792 0.316288 0.003344 0.004928
0 0.002800 0.318528 0.003328 0.004032
0 0.002808 0.320320 0.003313 0.004480
0 0.002816 0.322112 0.003297 0.004928
0 0.002824 0.324352 0.003281 0.004480
0 0.002831 0.327040 0.003266 0.004928
0 0.002847 0.331072 0.003234 0.004032
0 0.002851 0.344960 0.003226 0.003136
0 0.002855 0.333312 0.003218 0.004928
0 0.002863 0.335552 0.003202 0.004032
0 0.002777 0.324352 0.003374 0.003584
0 0.002784 0.326144 0.003360 0.003136
0 0.002791 0.327936 0.003346 0.003136
0 0.002798 0.329728 0.003333 0.003136
0 0.002804 0.331968 0.003320 0.003584
0 0.002812 0.333312 0.003305 0.003136
0 0.002818 0.335552 0.003292 0.003584
0 0.002825 0.337344 0.003279 0.003584
0 0.002831 0.338688 0.003266 0.003584
0 0.002838 0.340928 0.003253 0.003584
0 0.002549 0.407232 0.003831 0.012096
0 0.002517 0.413504 0.003895 0.013440
0 0.002529 0.398272 0.003871 0.012544
0 0.002495 0.404096 0.003938 0.012544
0 0.002462 0.314496 0.004004 0.004032
0 0.002475 0.314944 0.003979 0.003584
0 0.002571 0.275072 0.003786 0.016576
0 0.002601 0.283136 0.003727 0.016576
0 0.002559 0.300608 0.003811 0.017024
0 0.002588 0.308672 0.003752 0.017024
0 0.002631 0.291648 0.003667 0.016576
0 0.002662 0.300160 0.003605 0.017472
0 0.002692 0.307776 0.003545 0.017472
0 0.003064 0.302848 0.002801 0.004928
0 0.003090 0.310016 0.002748 0.005376
0 0.002860 0.198912 0.003208 0.002688
0 0.002859 0.201600 0.003210 0.002688
0 0.002344 0.413056 0.004241 0.014784
0 0.002333 0.432768 0.004262 0.008064
0 0.002352 0.437248 0.004224 0.008512
0 0.002327 0.447552 0.004275 0.008960
0 0.002543 0.337344 0.003843 0.018368
0 0.002529 0.360192 0.003870 0.017472
0 0.002574 0.346752 0.003781 0.018368
0 0.002604 0.356160 0.003720 0.017920
0 0.002560 0.369152 0.003808 0.017920
0 0.002591 0.379008 0.003746 0.017024
0 0.002472 0.318976 0.003985 0.004928
0 0.002507 0.389312 0.003914 0.012992
0 0.002844 0.342720 0.003240 0.003584
0 0.002858 0.346304 0.003212 0.002688
0 0.002293 0.238336 0.004343 0.002688
0 0.002853 0.366016 0.003223 0.002688
0 0.002854 0.361088 0.003222 0.002688
0 0.002794 0.349888 0.003340 0.002688
0 0.002800 0.351232 0.003329 0.002688
0 0.002805 0.352576 0.003318 0.002688
0 0.002811 0.353920 0.003307 0.002688
0 0.002815 0.355264 0.003298 0.002688
0 0.002821 0.357056 0.003287 0.002688
0 0.002826 0.358400 0.003277 0.002688
0 0.002831 0.359744 0.003266 0.002688
0 0.002837 0.361536 0.003255 0.002688
0 0.002842 0.362880 0.003244 0.002688
0 0.002847 0.364672 0.003234 0.002240
0 0.002789 0.358400 0.003350 0.002688
0 0.002775 0.329280 0.003379 0.003136
0 0.002796 0.359744 0.003337 0.002240
0 0.002801 0.361536 0.003327 0.002688
0 0.002806 0.362880 0.003317 0.002688
0 0.002811 0.364224 0.003306 0.002240
0 0.002816 0.366016 0.003297 0.002240
0 0.002822 0.367360 0.003286 0.002240
0 0.002827 0.368704 0.003275 0.002688
0 0.002831 0.370048 0.003266 0.002688
0 0.002837 0.371392 0.003255 0.002240
0 0.002842 0.373184 0.003244 0.003136
0 0.002848 0.374976 0.003232 0.002688
0 0.002743 0.388416 0.003443 0.004928
0 0.002849 0.360640 0.003231 0.002688
0 0.002844 0.359296 0.003241 0.002688
0 0.002838 0.357504 0.003252 0.002688
0 0.002834 0.356160 0.003261 0.002688
0 0.002781 0.330624 0.003367 0.003136
0 0.002787 0.332864 0.003355 0.003136
0 0.002794 0.334208 0.003341 0.003136
0 0.002799 0.336000 0.003330 0.003136
0 0.002806 0.337792 0.003316 0.003136
0 0.002812 0.339584 0.003304 0.003136
0 0.002819 0.341376 0.003292 0.003584
0 0.002825 0.342272 0.003279 0.003584
0 0.002831 0.344064 0.003266 0.003584
0 0.002838 0.346304 0.003253 0.003584
0 0.002845 0.348544 0.003239 0.003136
0 0.002851 0.350336 0.003226 0.003136
0 0.002857 0.352128 0.003214 0.003136
0 0.002771 0.339136 0.003388 0.002688
0 0.002776 0.340480 0.003377 0.002240
0 0.002781 0.341376 0.003367 0.002688
0 0.002787 0.342720 0.003356 0.002240
0 0.002791 0.344512 0.003346 0.002240
0 0.002797 0.345408 0.003335 0.002688
0 0.002802 0.347648 0.003324 0.002688
0 0.002807 0.348992 0.003314 0.002240
0 0.002812 0.350336 0.003305 0.002688
0 0.002818 0.351680 0.003293 0.002240
0 0.002822 0.353024 0.003284 0.002688
0 0.002828 0.354816 0.003273 0.002688
0 0.002466 0.309120 0.003997 0.004032
0 0.002288 0.236544 0.004352 0.003136
0 0.002759 0.392896 0.003410 0.004928
0 0.003117 0.174272 0.002694 0.007616
0 0.003145 0.150528 0.002638 0.003136
0 0.003143 0.155008 0.002642 0.003584
0 0.003141 0.159488 0.002647 0.003584
0 0.003169 0.153216 0.002590 0.005376
0 0.003167 0.159488 0.002595 0.005824
0 0.003163 0.165312 0.002603 0.005824
0 0.003160 0.171584 0.002608 0.005824
0 0.003062 0.159040 0.002806 0.008064
0 0.003074 0.162624 0.002780 0.008064
0 0.003087 0.165760 0.002755 0.005824
0 0.003101 0.168896 0.002727 0.005824
0 0.003108 0.172032 0.002712 0.006720
0 0.003152 0.176960 0.002625 0.004032
0 0.003115 0.186368 0.002699 0.002688
0 0.003161 0.179200 0.002606 0.004480
0 0.003149 0.181440 0.002630 0.004928
0 0.003158 0.183680 0.002612 0.004480
0 0.003057 0.166208 0.002814 0.002688
0 0.003062 0.167104 0.002804 0.004032
0 0.003068 0.168448 0.002792 0.004032
0 0.003075 0.171136 0.002779 0.004480
0 0.003082 0.172928 0.002764 0.002688
0 0.003088 0.174720 0.002753 0.002688
0 0.003112 0.180992 0.002705 0.002688
0 0.003116 0.181888 0.002696 0.002688
0 0.003121 0.183232 0.002686 0.002688
0 0.003138 0.146496 0.002652 0.003584
0 0.003132 0.144704 0.002665 0.003584
0 0.003126 0.143360 0.002678 0.003584
0 0.003121 0.142016 0.002686 0.002688
0 0.002316 0.004480 0.004297 0.007616
0 0.002271 0.073920 0.004386 0.006720
0 0.002284 0.077056 0.004361 0.006272
0 0.002575 0.034944 0.003779 0.012096
0 0.002594 0.039424 0.003741 0.013440
0 0.002896 0.099904 0.003136 0.008960
0 0.002890 0.112000 0.003149 0.008960
0 0.002883 0.122752 0.003164 0.011200
0 0.002876 0.135296 0.003177 0.011200
0 0.002921 0.102592 0.003086 0.006272
0 0.002932 0.105280 0.003065 0.006720
0 0.002916 0.114688 0.003097 0.012544
0 0.002908 0.130368 0.003113 0.012544
0 0.002903 0.144704 0.003123 0.009408
0 0.002959 0.125888 0.003011 0.008064
0 0.002954 0.134848 0.003020 0.008064
0 0.002983 0.149632 0.002962 0.003136
0 0.002982 0.154560 0.002966 0.003584
0 0.003003 0.121408 0.002922 0.006272
0 0.003074 0.138432 0.002781 0.008064
0 0.003086 0.141120 0.002757 0.007616
0 0.003098 0.143808 0.002733 0.007616
0 0.003110 0.146496 0.002708 0.008064
0 0.003124 0.150080 0.002681 0.007616
0 0.003116 0.140224 0.002696 0.002688
0 0.003110 0.185024 0.002709 0.002240
0 0.003119 0.187712 0.002691 0.002688
0 0.002284 0.235200 0.004361 0.002688
0 0.002428 0.282688 0.004072 0.004928
0 0.003052 0.189504 0.002825 0.002240
0 0.003055 0.185024 0.002819 0.002240
0 0.003048 0.189056 0.002833 0.002688
0 0.002342 0.261632 0.004245 0.006720
0 0.002355 0.264320 0.004220 0.006720
0 0.002339 0.269696 0.004252 0.006720
0 0.002350 0.273280 0.004228 0.006720
0 0.002364 0.277760 0.004201 0.005376
0 0.002347 0.287616 0.004234 0.006272
0 0.002343 0.295680 0.004242 0.006272
0 0.002408 0.277760 0.004112 0.005376
0 0.002419 0.280896 0.004092 0.004928
0 0.002403 0.288512 0.004124 0.006720
0 0.003148 0.186368 0.002633 0.004032
0 0.002418 0.292096 0.004093 0.007168
0 0.002398 0.297920 0.004132 0.007616
0 0.002395 0.306880 0.004138 0.005376
0 0.002407 0.309120 0.004115 0.004032
0 0.002413 0.301504 0.004103 0.007168
0 0.002415 0.311808 0.004098 0.003584
0 0.002468 0.296128 0.003992 0.006272
0 0.002480 0.298816 0.003968 0.006720
0 0.002478 0.307776 0.003972 0.004480
0 0.002267 0.205632 0.004395 0.004480
0 0.002274 0.207424 0.004381 0.004480
0 0.002281 0.209216 0.004367 0.004032
0 0.003056 0.190848 0.002816 0.002240
0 0.003058 0.186368 0.002812 0.002240
0 0.003061 0.192192 0.002807 0.002240
0 0.003063 0.187264 0.002802 0.002240
0 0.003156 0.189056 0.002616 0.003584
0 0.003154 0.193536 0.002621 0.004032
0 0.003145 0.191296 0.002638 0.004032
0 0.003112 0.201600 0.002704 0.002688
0 0.003110 0.205632 0.002709 0.002688
0 0.003107 0.209664 0.002714 0.002688
0 0.003107 0.199808 0.002715 0.002240
0 0.003105 0.203840 0.002719 0.002688
0 0.003103 0.207872 0.002723 0.002688
0 0.003102 0.198464 0.002725 0.002240
0 0.003100 0.202496 0.002729 0.001792
0 0.003097 0.206976 0.002734 0.002688
0 0.003093 0.205632 0.002743 0.002688
0 0.003094 0.201600 0.002740 0.002240
0 0.003097 0.197120 0.002734 0.002240
0 0.003092 0.196224 0.002744 0.001792
0 0.003090 0.199808 0.002748 0.002688
0 0.003087 0.204288 0.002755 0.002688
0 0.003080 0.192192 0.002769 0.002240
0 0.003077 0.196672 0.002775 0.002240
0 0.003076 0.191296 0.002777 0.002240
0 0.003073 0.195776 0.002783 0.002240
0 0.003071 0.189952 0.002786 0.002240
0 0.003069 0.194432 0.002791 0.002240
0 0.003065 0.193536 0.002799 0.002240
0 0.002751 0.390656 0.003426 0.004480
0 0.002767 0.395136 0.003394 0.004928
0 0.003270 0.818048 0.002390 0.012096
0 0.003222 0.592704 0.002485 0.012096
0 0.002599 0.678720 0.003731 0.026880
0 0.002676 0.699328 0.003576 0.025088
0 0.003032 0.594496 0.002865 0.012096
0 0.003023 0.609280 0.002882 0.012544
0 0.003057 0.601664 0.002814 0.012544
0 0.003049 0.616448 0.002831 0.011648
0 0.003015 0.624512 0.002899 0.012096
0 0.003041 0.631680 0.002846 0.012096
0 0.003035 0.646016 0.002859 0.009856
0 0.003009 0.638400 0.002911 0.010304
0 0.003180 0.581056 0.002569 0.012544
0 0.003201 0.586432 0.002526 0.011648
0 0.003243 0.598528 0.002442 0.012096
0 0.003142 0.656768 0.002645 0.012096
0 0.003129 0.586432 0.002671 0.012096
0 0.003150 0.592704 0.002629 0.012096
0 0.003171 0.598080 0.002587 0.012992
0 0.003192 0.603904 0.002545 0.011648
0 0.003213 0.609728 0.002503 0.012096
0 0.003233 0.615104 0.002463 0.012096
0 0.003113 0.620928 0.002703 0.012992
0 0.003134 0.626752 0.002661 0.012096
0 0.003154 0.632576 0.002620 0.012096
0 0.003177 0.640192 0.002574 0.017472
0 0.003208 0.648256 0.002513 0.017472
0 0.003100 0.645120 0.002729 0.012096
0 0.002522 0.652288 0.003884 0.009856
0 0.002495 0.645120 0.003939 0.009408
0 0.002531 0.640192 0.003866 0.007168
0 0.002504 0.633024 0.003921 0.008064
0 0.002473 0.549248 0.003983 0.016576
0 0.002514 0.534016 0.003900 0.017024
0 0.002503 0.557312 0.003923 0.016576
0 0.002545 0.542080 0.003839 0.012096
0 0.002532 0.564928 0.003864 0.012096
0 0.002707 0.445760 0.003516 0.005376
0 0.002715 0.445760 0.003498 0.005824
0 0.002724 0.448896 0.003480 0.006720
0 0.002321 0.584640 0.004286 0.006272
0 0.002333 0.587776 0.004262 0.006272
0 0.002359 0.597632 0.004211 0.012544
0 0.002403 0.588224 0.004123 0.014336
0 0.002393 0.606592 0.004143 0.012992
0 0.002449 0.595840 0.004031 0.007616
0 0.002475 0.603456 0.003979 0.008064
0 0.002444 0.607040 0.004041 0.007616
0 0.002469 0.614208 0.003990 0.008064
0 0.002435 0.619136 0.004060 0.009856
0 0.002460 0.625856 0.004008 0.009856
0 0.002422 0.634816 0.004085 0.012544
0 0.002444 0.644224 0.004040 0.018368
0 0.002516 0.612864 0.003896 0.006272
0 0.002509 0.621376 0.003911 0.007616
0 0.002543 0.620480 0.003842 0.006272
0 0.002537 0.628992 0.003855 0.008064
0 0.003121 0.650496 0.002687 0.012544
0 0.003165 0.664384 0.002598 0.017472
0 0.002369 0.579264 0.004191 0.013440
0 0.003262 0.749504 0.002405 0.003136
0 0.003046 0.745920 0.002836 0.012096
0 0.003030 0.777280 0.002870 0.012096
0 0.003069 0.753536 0.002790 0.016128
0 0.003052 0.784896 0.002824 0.016576
0 0.003099 0.762048 0.002731 0.016576
0 0.003083 0.792512 0.002763 0.016128
0 0.003133 0.727104 0.002663 0.016576
0 0.003131 0.772800 0.002666 0.022848
0 0.003163 0.735168 0.002602 0.017472
0 0.003242 0.742784 0.002444 0.003584
0 0.003249 0.745024 0.002431 0.003136
0 0.003255 0.747264 0.002418 0.003136
0 0.003269 0.751744 0.002391 0.003584
0 0.003195 0.672896 0.002538 0.017472
0 0.003276 0.754880 0.002377 0.004032
0 0.003232 0.770112 0.002465 0.012544
0 0.003250 0.776384 0.002428 0.013440
0 0.003240 0.791616 0.002448 0.012096
0 0.003281 0.747264 0.002366 0.003584
0 0.003307 0.762496 0.002314 0.012544
0 0.003297 0.776832 0.002335 0.012544
0 0.003289 0.790720 0.002351 0.012096
0 0.003314 0.796096 0.002301 0.008064
0 0.003322 0.785344 0.002285 0.012096
0 0.003309 0.805056 0.002310 0.006720
0 0.003279 0.804608 0.002371 0.012544
0 0.002929 0.788032 0.003071 0.008960
0 0.002960 0.765632 0.003009 0.017024
0 0.002973 0.745920 0.002983 0.012992
0 0.002979 0.726208 0.002970 0.017024
0 0.003285 0.643776 0.002358 0.016128
0 0.003311 0.652288 0.002307 0.016576
0 0.003080 0.682304 0.002768 0.012544
0 0.003067 0.706496 0.002794 0.012096
0 0.003100 0.688128 0.002728 0.012096
0 0.003088 0.713216 0.002752 0.012992
0 0.003122 0.694400 0.002684 0.012096
0 0.003109 0.719040 0.002710 0.012544
0 0.003145 0.702016 0.002639 0.017472
0 0.003175 0.710976 0.002578 0.017472
0 0.003001 0.692160 0.002927 0.012096
0 0.002993 0.706944 0.002942 0.012096
0 0.002968 0.682752 0.002992 0.012992
0 0.002961 0.697984 0.003007 0.012096
0 0.002946 0.716352 0.003036 0.016128
0 0.002754 0.721728 0.003420 0.007168
0 0.002476 0.670656 0.003977 0.009856
0 0.002495 0.684544 0.003939 0.008512
0 0.002748 0.736064 0.003433 0.008064
0 0.002741 0.749056 0.003447 0.007616
0 0.002780 0.729344 0.003369 0.008512
0 0.002773 0.742784 0.003383 0.007168
0 0.002765 0.755776 0.003398 0.008064
0 0.002939 0.735616 0.003050 0.012992
0 0.002927 0.755776 0.003075 0.017920
0 0.002484 0.526400 0.003961 0.016576
0 0.002295 0.528640 0.004339 0.004928
0 0.002775 0.397824 0.003378 0.004928
0 0.003201 0.439040 0.002526 0.012096
0 0.002473 0.433216 0.003982 0.012096
0 0.002495 0.441728 0.003938 0.012992
0 0.002755 0.428288 0.003418 0.008064
0 0.002770 0.432320 0.003388 0.008064
0 0.002784 0.436352 0.003360 0.008064
0 0.002799 0.440384 0.003330 0.008512
0 0.002757 0.441728 0.003414 0.011200
0 0.002776 0.447104 0.003376 0.011200
0 0.003218 0.407680 0.002493 0.011648
0 0.003241 0.414848 0.002447 0.011648
0 0.003209 0.423360 0.002510 0.012992
0 0.003234 0.430528 0.002461 0.012096
0 0.003226 0.446208 0.002477 0.012544
0 0.002421 0.363328 0.004087 0.004480
0 0.003284 0.430528 0.002361 0.017024
0 0.002996 0.407232 0.002936 0.008960
0 0.002980 0.402304 0.002968 0.008960
0 0.003012 0.412160 0.002904 0.010304
0 0.003028 0.417088 0.002872 0.008512
0 0.002974 0.415744 0.002981 0.009408
0 0.002990 0.420224 0.002949 0.009856
0 0.003006 0.425152 0.002917 0.009856
0 0.003022 0.430080 0.002885 0.008512
0 0.002967 0.428288 0.002994 0.011200
0 0.002986 0.433664 0.002956 0.011648
0 0.003005 0.439040 0.002919 0.011648
0 0.002618 0.315840 0.003692 0.016576
0 0.002650 0.324800 0.003629 0.017472
0 0.002680 0.331968 0.003569 0.017024
0 0.002741 0.424256 0.003446 0.008512
0 0.002783 0.399616 0.003362 0.004480
0 0.002791 0.401856 0.003347 0.004928
0 0.002799 0.404096 0.003331 0.004928
0 0.002807 0.406784 0.003315 0.004480
0 0.002814 0.408576 0.003300 0.004928
0 0.002822 0.411264 0.003284 0.005376
0 0.002737 0.399616 0.003454 0.006272
0 0.002734 0.406336 0.003461 0.005824
0 0.002747 0.402304 0.003435 0.005824
0 0.002743 0.408576 0.003442 0.005376
0 0.002756 0.404992 0.003416 0.005824
0 0.002753 0.411712 0.003423 0.005824
0 0.002765 0.407680 0.003398 0.005824
0 0.002762 0.414400 0.003404 0.005824
0 0.002775 0.409920 0.003378 0.005376
0 0.002771 0.416640 0.003386 0.005824
0 0.002784 0.413056 0.003361 0.006272
0 0.002780 0.419328 0.003368 0.005824
0 0.002794 0.415296 0.003340 0.005376
0 0.002790 0.422016 0.003350 0.005376
0 0.002803 0.417984 0.003323 0.005824
0 0.002799 0.424256 0.003330 0.005376
0 0.002812 0.420672 0.003305 0.005824
0 0.002809 0.426944 0.003311 0.005824
0 0.002726 0.419776 0.003476 0.008064
0 0.002424 0.358400 0.004080 0.004480
0 0.002417 0.370944 0.004094 0.004928
0 0.002300 0.523264 0.004329 0.005376
0 0.002345 0.457408 0.004239 0.004032
0 0.002769 0.461888 0.003391 0.012544
0 0.002787 0.467712 0.003354 0.012544
0 0.002516 0.450688 0.003897 0.012544
0 0.002537 0.459200 0.003855 0.013440
0 0.002557 0.467712 0.003815 0.012544
0 0.002463 0.448896 0.004003 0.012992
0 0.002483 0.456960 0.003962 0.012544
0 0.002505 0.465472 0.003919 0.012992
0 0.002525 0.474432 0.003878 0.012544
0 0.002545 0.482496 0.003839 0.012096
0 0.002321 0.459200 0.004286 0.008064
0 0.002347 0.451136 0.004234 0.004032
0 0.002398 0.490560 0.004133 0.009856
0 0.002414 0.377216 0.004100 0.004928
0 0.002392 0.503552 0.004145 0.009856
0 0.002415 0.495040 0.004098 0.009856
0 0.002432 0.499520 0.004065 0.009856
0 0.002449 0.504448 0.004031 0.009408
0 0.002409 0.508032 0.004111 0.009856
0 0.002426 0.512512 0.004077 0.009408
0 0.002442 0.516992 0.004044 0.009856
0 0.002367 0.524608 0.004195 0.012096
0 0.002387 0.529984 0.004154 0.011648
0 0.002408 0.534912 0.004113 0.011200
0 0.002428 0.540736 0.004073 0.011200
0 0.002291 0.502656 0.004347 0.008960
0 0.002749 0.456960 0.003430 0.012544
0 0.002863 0.464576 0.003202 0.003136
0 0.002859 0.463232 0.003210 0.003136
0 0.002851 0.460544 0.003228 0.002688
0 0.003273 0.452032 0.002383 0.016576
0 0.003304 0.460544 0.002321 0.016128
0 0.003292 0.482048 0.002345 0.016576
0 0.003261 0.473536 0.002407 0.017024
0 0.003194 0.454720 0.002541 0.012544
0 0.003218 0.461440 0.002493 0.012096
0 0.003257 0.526848 0.002415 0.025088
0 0.003240 0.558656 0.002448 0.025088
0 0.003214 0.514752 0.002500 0.025088
0 0.003198 0.546560 0.002533 0.024640
0 0.003171 0.503104 0.002586 0.023744
0 0.003155 0.534912 0.002618 0.025088
0 0.003138 0.568960 0.002653 0.012096
0 0.003159 0.574784 0.002611 0.012992
0 0.002867 0.540736 0.003196 0.013440
0 0.002852 0.505792 0.003224 0.009856
0 0.002832 0.500416 0.003265 0.011648
0 0.002824 0.514752 0.003280 0.012096
0 0.002844 0.517888 0.003241 0.009856
0 0.002831 0.532672 0.003266 0.014336
0 0.002795 0.452480 0.003339 0.012096
0 0.002838 0.470400 0.003253 0.003584
0 0.002844 0.472640 0.003241 0.004032
0 0.002850 0.473984 0.003228 0.004032
0 0.002856 0.475776 0.003216 0.003584
0 0.002305 0.002688 0.004319 0.004928
