0 0.001500 0.770112 0.001465 0.038976
0 0.001870 0.319424 0.000725 0.033600
0 0.002715 0.202496 0.003498 0.008064
0 0.002709 0.209664 0.003511 0.007168
0 0.002700 0.217280 0.003528 0.008064
0 0.002695 0.224896 0.003539 0.007168
0 0.002714 0.229376 0.003500 0.007168
0 0.002701 0.245504 0.003527 0.010304
0 0.002726 0.247296 0.003477 0.009408
0 0.001305 0.190848 0.001853 0.022400
0 0.001961 0.270144 0.000543 0.041216
0 0.001879 0.326592 0.000706 0.034944
0 0.003006 0.216832 0.002916 0.006720
0 0.001894 0.332864 0.000676 0.031360
0 0.002080 0.292096 0.000305 0.027328
0 0.002060 0.346752 0.000345 0.037184
0 0.003255 0.332864 0.002419 0.007168
0 0.003245 0.340928 0.002439 0.007616
0 0.003231 0.352128 0.002466 0.008064
0 0.003223 0.359296 0.002484 0.008064
0 0.002935 0.276864 0.003058 0.007616
0 0.002924 0.284480 0.003081 0.007168
0 0.002999 0.224448 0.002930 0.006720
0 0.002983 0.220864 0.002963 0.007168
0 0.002678 0.796544 0.003572 0.008960
0 0.003193 0.061824 0.002542 0.006720
0 0.001545 0.104832 0.001374 0.032256
0 0.002163 0.024640 0.000139 0.038528
0 0.002850 0.097216 0.003230 0.008512
0 0.002840 0.106176 0.003248 0.008512
0 0.003138 0.103040 0.002652 0.009408
0 0.003127 0.112448 0.002675 0.009408
0 0.003116 0.121856 0.002698 0.009408
0 0.003104 0.130816 0.002720 0.009408
0 0.003203 0.055104 0.002522 0.007168
0 0.003214 0.042560 0.002501 0.005824
0 0.002990 0.213696 0.002949 0.007168
0 0.003219 0.036736 0.002491 0.005376
0 0.003232 0.040768 0.002465 0.006720
0 0.003225 0.026432 0.002479 0.007616
0 0.003242 0.030912 0.002445 0.007168
0 0.003235 0.019264 0.002459 0.007168
0 0.003250 0.009856 0.002429 0.007168
0 0.003265 0.015232 0.002398 0.008064
0 0.003261 0.003584 0.002408 0.006272
0 0.003275 0.007616 0.002378 0.008064
0 0.002920 0.293440 0.003089 0.008064
0 0.002913 0.301056 0.003103 0.008064
0 0.002900 0.312704 0.003129 0.006720
0 0.002527 0.697088 0.003874 0.007168
0 0.002823 0.385728 0.003282 0.007168
0 0.002817 0.392896 0.003294 0.006720
0 0.002520 0.366016 0.003888 0.008512
0 0.002540 0.370496 0.003849 0.008064
0 0.002511 0.374080 0.003907 0.008064
0 0.002530 0.378560 0.003869 0.008064
0 0.002556 0.674240 0.003817 0.006720
0 0.002548 0.680960 0.003832 0.006720
0 0.002537 0.689472 0.003855 0.006272
0 0.002503 0.709632 0.003923 0.009408
0 0.002893 0.320320 0.003143 0.007168
0 0.002489 0.719040 0.003951 0.009856
0 0.001503 0.712768 0.001459 0.036288
0 0.002878 0.758016 0.003173 0.004928
0 0.002888 0.760704 0.003152 0.004928
0 0.002872 0.762496 0.003185 0.004928
0 0.002883 0.764736 0.003162 0.004032
0 0.002892 0.766976 0.003145 0.004480
0 0.002897 0.763392 0.003135 0.004928
0 0.002690 0.787584 0.003548 0.009856
0 0.002801 0.390656 0.003327 0.007168
0 0.002807 0.383040 0.003315 0.007616
0 0.001884 0.441280 0.000696 0.027328
0 0.001888 0.432768 0.000688 0.028672
0 0.002885 0.329728 0.003159 0.006720
0 0.002877 0.336896 0.003175 0.008064
0 0.002869 0.344064 0.003190 0.006272
0 0.002684 0.263872 0.003560 0.010752
0 0.002707 0.268352 0.003514 0.009856
0 0.002586 0.320768 0.003756 0.007168
0 0.002575 0.329280 0.003779 0.008960
0 0.002605 0.324352 0.003718 0.007168
0 0.002595 0.331968 0.003738 0.006272
0 0.001282 0.362432 0.001900 0.009856
0 0.001983 0.374528 0.000498 0.033600
0 0.003178 0.387520 0.002572 0.005824
0 0.003171 0.395584 0.002586 0.007616
0 0.003156 0.419776 0.002617 0.008512
0 0.003137 0.439488 0.002655 0.007168
0 0.003130 0.446208 0.002669 0.007616
0 0.003121 0.454272 0.002687 0.007616
0 0.003113 0.462336 0.002703 0.008512
0 0.003165 0.410368 0.002598 0.008512
0 0.001430 0.025088 0.001604 0.041216
