0 0.002729 0.835072 0.003471 0.006272
0 0.002925 0.389312 0.003079 0.015680
0 0.002878 0.448448 0.003172 0.010752
0 0.002888 0.441728 0.003152 0.009856
0 0.002872 0.422464 0.003185 0.018368
0 0.002890 0.410368 0.003148 0.015680
0 0.002900 0.431424 0.003128 0.015232
0 0.002907 0.400512 0.003115 0.015680
0 0.002917 0.422016 0.003095 0.014784
0 0.002934 0.411264 0.003060 0.015680
0 0.002951 0.398720 0.003026 0.015680
0 0.002675 0.436352 0.003579 0.017024
0 0.002942 0.378560 0.003044 0.014784
0 0.002885 0.332416 0.003159 0.021504
0 0.002908 0.316736 0.003112 0.022400
0 0.002993 0.375872 0.002943 0.014336
0 0.002984 0.354368 0.002961 0.014336
0 0.003009 0.365568 0.002910 0.016576
0 0.002999 0.344512 0.002931 0.016576
0 0.003025 0.356608 0.002879 0.015232
0 0.002867 0.454720 0.003194 0.008512
0 0.002854 0.432768 0.003220 0.019264
0 0.002857 0.460992 0.003214 0.009408
0 0.002847 0.468160 0.003235 0.009408
0 0.002703 0.448000 0.003522 0.014336
0 0.002693 0.425152 0.003543 0.014784
0 0.002684 0.404992 0.003560 0.012096
0 0.002731 0.429632 0.003467 0.020160
0 0.002718 0.403200 0.003493 0.021504
0 0.002707 0.377216 0.003515 0.021504
0 0.002752 0.416192 0.003424 0.021056
0 0.002741 0.389760 0.003448 0.021504
0 0.002785 0.396032 0.003359 0.021056
0 0.002772 0.369152 0.003384 0.020608
0 0.002807 0.382144 0.003314 0.020608
0 0.002794 0.355712 0.003341 0.022400
0 0.002783 0.330176 0.003362 0.021056
0 0.002836 0.331072 0.003257 0.015232
0 0.002839 0.350336 0.003250 0.015232
0 0.002848 0.366912 0.003234 0.011200
0 0.002837 0.444416 0.003254 0.018368
0 0.003015 0.335104 0.002898 0.015680
0 0.003031 0.325696 0.002866 0.015232
0 0.003041 0.346752 0.002847 0.015232
0 0.003039 0.213248 0.002850 0.017024
0 0.003031 0.192640 0.002867 0.017472
0 0.003097 0.211904 0.002735 0.027776
0 0.003081 0.177408 0.002766 0.028672
0 0.003126 0.193984 0.002677 0.027776
0 0.003110 0.159488 0.002708 0.028672
0 0.003156 0.176960 0.002617 0.027776
0 0.003140 0.142464 0.002648 0.028224
0 0.003185 0.159488 0.002558 0.027776
0 0.003169 0.124544 0.002590 0.027776
0 0.003215 0.141120 0.002499 0.026880
0 0.003199 0.106624 0.002531 0.027776
0 0.003244 0.122752 0.002441 0.028672
0 0.003228 0.088704 0.002473 0.028672
0 0.010417 0.033600 0.019344 0.007616
0 0.010450 0.014784 0.019279 0.011200
0 0.010342 0.041664 0.019495 0.008512
0 0.010140 0.122304 0.019899 0.007616
0 0.003013 0.202496 0.002902 0.016576
0 0.003022 0.223552 0.002884 0.016576
0 0.003047 0.316288 0.002834 0.016576
0 0.003031 0.243264 0.002866 0.017024
0 0.003057 0.337344 0.002815 0.015232
0 0.003063 0.306880 0.002802 0.015680
0 0.003074 0.328384 0.002781 0.015232
0 0.003089 0.318528 0.002750 0.015680
0 0.003079 0.296576 0.002770 0.015680
0 0.002903 0.290752 0.003123 0.017920
0 0.002881 0.304640 0.003166 0.017472
0 0.002893 0.269696 0.003143 0.017920
0 0.002983 0.279104 0.002963 0.020608
0 0.002962 0.292544 0.003004 0.020160
0 0.002951 0.267456 0.003027 0.020160
0 0.002940 0.242368 0.003048 0.020160
0 0.002972 0.254912 0.002984 0.020160
0 0.002961 0.229824 0.003006 0.020160
0 0.003057 0.253120 0.002815 0.015680
0 0.003039 0.263872 0.002850 0.015680
0 0.003048 0.232512 0.002832 0.015680
0 0.002667 0.415296 0.003594 0.012544
0 0.002685 0.458304 0.003560 0.017024
0 0.001135 0.940352 0.002195 0.070336
0 0.002777 0.479808 0.003375 0.015680
0 0.002638 0.562688 0.003653 0.015232
0 0.002666 0.575680 0.003597 0.015680
0 0.002656 0.552384 0.003617 0.015680
0 0.002749 0.524608 0.003431 0.015680
0 0.002738 0.501760 0.003452 0.016576
0 0.002768 0.512512 0.003393 0.016576
0 0.002758 0.490560 0.003413 0.015680
0 0.002786 0.501760 0.003356 0.016576
0 0.002805 0.490112 0.003318 0.015232
0 0.002588 0.318976 0.003753 0.014784
0 0.002796 0.467264 0.003336 0.015232
0 0.002501 0.571200 0.003927 0.008512
0 0.002495 0.560000 0.003938 0.009408
0 0.002489 0.547904 0.003950 0.012096
0 0.002515 0.564032 0.003898 0.008512
0 0.002510 0.552384 0.003908 0.008960
0 0.002503 0.539840 0.003922 0.011648
0 0.002554 0.539840 0.003821 0.008064
0 0.002648 0.584640 0.003633 0.015232
0 0.002620 0.573888 0.003689 0.015680
0 0.002629 0.596288 0.003671 0.016576
0 0.002600 0.585984 0.003728 0.015232
0 0.002534 0.654080 0.003861 0.015232
0 0.002524 0.631680 0.003880 0.015680
0 0.002553 0.642432 0.003822 0.015680
0 0.002544 0.620032 0.003840 0.014784
0 0.002567 0.692160 0.003795 0.017472
0 0.002572 0.630784 0.003785 0.015680
0 0.002562 0.608832 0.003804 0.015232
0 0.002591 0.619136 0.003746 0.015680
0 0.002591 0.683200 0.003747 0.017920
0 0.002611 0.674240 0.003706 0.017472
0 0.002682 0.625408 0.003565 0.017920
0 0.002707 0.639744 0.003514 0.017472
0 0.002701 0.616896 0.003527 0.019264
0 0.003322 0.512064 0.002284 0.006272
0 0.003313 0.516096 0.002302 0.008064
0 0.002581 0.597184 0.003767 0.015680
0 0.002610 0.607936 0.003709 0.015680
0 0.002549 0.528192 0.003831 0.008512
0 0.002541 0.547008 0.003847 0.008512
0 0.002536 0.535808 0.003856 0.008512
0 0.002517 0.425152 0.003895 0.012544
0 0.002481 0.447552 0.003966 0.012096
0 0.002469 0.420224 0.003990 0.012544
0 0.002487 0.409024 0.003955 0.013440
0 0.002505 0.398720 0.003919 0.012544
0 0.002474 0.378560 0.003981 0.020160
0 0.002610 0.378560 0.003708 0.015680
0 0.002601 0.358400 0.003727 0.016576
0 0.002593 0.387520 0.003742 0.016576
0 0.002585 0.368704 0.003759 0.016576
0 0.002578 0.397824 0.003774 0.015680
0 0.002568 0.378112 0.003792 0.015232
0 0.002561 0.407680 0.003807 0.015680
0 0.002552 0.387520 0.003824 0.015680
0 0.002523 0.358400 0.003882 0.015680
0 0.002539 0.348096 0.003850 0.015680
0 0.002556 0.338688 0.003817 0.015680
0 0.002572 0.329280 0.003784 0.015680
0 0.002499 0.436352 0.003931 0.013440
0 0.002634 0.438144 0.003660 0.014784
0 0.002542 0.516096 0.003845 0.011648
0 0.002615 0.447104 0.003698 0.018368
0 0.002530 0.523712 0.003869 0.011648
0 0.002536 0.500416 0.003857 0.014336
0 0.002522 0.509376 0.003885 0.013888
0 0.002515 0.492800 0.003899 0.013888
0 0.002528 0.484288 0.003872 0.013440
0 0.002601 0.512064 0.003726 0.015232
0 0.002584 0.522368 0.003761 0.015680
0 0.002593 0.493248 0.003742 0.015680
0 0.002575 0.503552 0.003778 0.015680
0 0.002567 0.484288 0.003795 0.015680
0 0.002559 0.465920 0.003810 0.013888
0 0.002584 0.474432 0.003760 0.016576
0 0.002576 0.455168 0.003776 0.015232
0 0.002635 0.489216 0.003658 0.016576
0 0.002652 0.479808 0.003624 0.015232
0 0.002625 0.468608 0.003678 0.017472
0 0.002643 0.457856 0.003643 0.015680
0 0.010192 0.103488 0.019794 0.008512
