0 0.008255 0.407232 0.014739 0.014784
0 0.001595 0.469952 0.001274 0.047488
0 0.001546 0.459200 0.001373 0.014784
0 0.001664 0.552832 0.001136 0.038976
0 0.001669 0.521024 0.001126 0.044800
0 0.001655 0.505344 0.001154 0.039424
0 0.001634 0.495488 0.001196 0.043456
0 0.001618 0.484288 0.001229 0.043008
0 0.001734 0.492352 0.000997 0.018368
0 0.001541 0.529088 0.001381 0.051072
0 0.001718 0.471744 0.001028 0.043904
0 0.001701 0.461888 0.001061 0.043904
0 0.001662 0.433664 0.001139 0.035392
0 0.001647 0.423808 0.001171 0.035392
0 0.001643 0.411264 0.001179 0.031360
0 0.001621 0.409472 0.001222 0.023296
0 0.001544 0.476672 0.001376 0.018816
0 0.001512 0.505792 0.001439 0.026880
0 0.008381 0.451584 0.014487 0.026432
0 0.001441 0.553728 0.001582 0.025088
0 0.001399 0.566272 0.001667 0.031360
0 0.001380 0.531328 0.001705 0.029568
0 0.001405 0.560448 0.001653 0.025536
0 0.001428 0.528192 0.001609 0.021056
0 0.001434 0.556864 0.001595 0.031360
0 0.001430 0.523712 0.001604 0.024640
0 0.001470 0.550144 0.001524 0.029568
0 0.001490 0.512512 0.001484 0.021952
0 0.001457 0.521472 0.001551 0.023296
0 0.001490 0.548800 0.001484 0.033600
0 0.001510 0.545664 0.001444 0.033600
0 0.001528 0.543424 0.001408 0.037632
0 0.001459 0.516992 0.001546 0.024192
0 0.001484 0.513408 0.001496 0.024640
0 0.001607 0.389760 0.001250 0.043456
0 0.001590 0.381248 0.001285 0.034944
0 0.001591 0.360640 0.001282 0.016576
0 0.001706 0.267008 0.001051 0.025536
0 0.001630 0.274176 0.001204 0.033600
0 0.001898 0.286720 0.000668 0.012544
0 0.001752 0.305088 0.000960 0.026432
0 0.001739 0.295680 0.000987 0.025536
0 0.001729 0.287616 0.001007 0.024192
0 0.001716 0.276416 0.001031 0.024640
0 0.001699 0.258496 0.001066 0.020608
0 0.001584 0.352128 0.001297 0.017920
0 0.001695 0.248192 0.001075 0.018368
0 0.001910 0.317632 0.000643 0.046144
0 0.001886 0.312256 0.000693 0.039872
0 0.001855 0.209216 0.000755 0.012992
0 0.001847 0.206080 0.000771 0.012992
0 0.001844 0.258944 0.000776 0.024640
0 0.001639 0.288512 0.001186 0.039424
0 0.001660 0.297024 0.001144 0.032256
0 0.001664 0.311360 0.001136 0.040768
0 0.001692 0.318976 0.001080 0.029120
0 0.001786 0.331968 0.000892 0.024640
0 0.001702 0.329728 0.001060 0.032704
0 0.001705 0.342720 0.001055 0.037632
0 0.001739 0.348096 0.000987 0.023296
0 0.001764 0.383936 0.000937 0.038976
0 0.001784 0.395136 0.000897 0.033600
0 0.001806 0.404096 0.000852 0.029568
0 0.001814 0.413504 0.000836 0.043008
0 0.001826 0.361984 0.000813 0.021056
0 0.001837 0.366912 0.000789 0.031360
0 0.001543 0.322560 0.001378 0.014336
0 0.001555 0.331968 0.001355 0.015232
0 0.001571 0.343168 0.001322 0.021056
0 0.001381 0.573440 0.001701 0.037632
0 0.001358 0.538496 0.001748 0.022848
0 0.001340 0.537600 0.001784 0.032256
0 0.001607 0.827456 0.001250 0.029120
0 0.008754 0.667968 0.013741 0.076160
0 0.002410 0.921536 0.004109 0.017920
0 0.001711 0.827904 0.001043 0.016128
0 0.001568 0.783552 0.001328 0.043008
0 0.001677 0.849408 0.001109 0.025536
0 0.001624 0.840000 0.001217 0.038528
0 0.001562 0.681408 0.001340 0.026432
0 0.001473 0.650944 0.001517 0.046144
0 0.001558 0.684992 0.001348 0.031360
0 0.001540 0.688128 0.001385 0.033152
0 0.001561 0.640640 0.001343 0.053312
0 0.001541 0.640640 0.001381 0.041664
0 0.001517 0.643328 0.001431 0.045248
0 0.001495 0.648256 0.001474 0.043008
0 0.008453 0.366016 0.014345 0.026880
0 0.008503 0.347200 0.014244 0.019264
0 0.008554 0.383936 0.014142 0.025536
0 0.008373 0.237888 0.014504 0.017920
0 0.008567 0.271936 0.014116 0.019264
0 0.008593 0.290304 0.014064 0.017920
0 0.008635 0.282688 0.013980 0.010752
0 0.008621 0.272384 0.014008 0.011648
0 0.008591 0.248640 0.014068 0.011648
0 0.008575 0.235648 0.014101 0.013888
0 0.008560 0.224000 0.014131 0.012992
0 0.008497 0.216832 0.014257 0.019264
0 0.008520 0.234752 0.014210 0.017920
0 0.008543 0.252672 0.014164 0.017920
0 0.008473 0.196672 0.014305 0.018816
0 0.008526 0.196672 0.014197 0.013888
0 0.008513 0.185472 0.014224 0.014336
0 0.001519 0.689920 0.001426 0.027328
0 0.001482 0.697536 0.001501 0.027328
0 0.001363 0.580608 0.001738 0.043456
0 0.001287 0.591360 0.001891 0.036736
0 0.001247 0.741440 0.001970 0.035392
0 0.001227 0.605248 0.002010 0.038976
0 0.001250 0.607040 0.001963 0.050176
0 0.001250 0.564032 0.001963 0.019264
0 0.001266 0.595840 0.001932 0.034944
0 0.001263 0.560448 0.001939 0.021056
0 0.001303 0.585984 0.001857 0.032256
0 0.001450 0.655424 0.001564 0.045248
0 0.001297 0.551936 0.001871 0.020608
0 0.001311 0.551936 0.001842 0.017920
0 0.001312 0.547008 0.001841 0.023296
0 0.001323 0.581056 0.001819 0.029568
0 0.001342 0.585088 0.001779 0.047936
0 0.001323 0.542080 0.001818 0.030464
0 0.001284 0.734272 0.001895 0.035840
0 0.001332 0.722624 0.001801 0.022848
0 0.001370 0.718144 0.001725 0.027328
0 0.001388 0.714112 0.001688 0.026880
0 0.001430 0.710528 0.001604 0.034496
0 0.001403 0.709632 0.001658 0.024640
0 0.001250 0.695296 0.001965 0.043904
0 0.001271 0.692608 0.001922 0.039424
0 0.001298 0.692608 0.001869 0.032256
0 0.001317 0.684096 0.001831 0.038528
0 0.001342 0.682304 0.001781 0.036736
0 0.001363 0.675136 0.001738 0.039872
0 0.001382 0.667968 0.001700 0.046144
0 0.001407 0.664832 0.001650 0.043904
0 0.001446 0.705152 0.001572 0.031360
0 0.001432 0.664384 0.001600 0.037632
0 0.001463 0.697984 0.001537 0.024192
0 0.001832 0.238784 0.000799 0.018816
