0 0.001521 0.964992 0.001423 0.023744
0 0.002092 0.415296 0.000280 0.005376
0 0.002082 0.272384 0.000299 0.004928
0 0.002068 0.263424 0.000329 0.005376
0 0.002072 0.287168 0.000319 0.015680
0 0.002080 0.291648 0.000304 0.005376
0 0.002085 0.294784 0.000295 0.005824
0 0.002087 0.297472 0.000291 0.007168
0 0.002089 0.301056 0.000286 0.006272
0 0.002094 0.307776 0.000276 0.006272
0 0.002093 0.315392 0.000278 0.008064
0 0.002096 0.318528 0.000273 0.007168
0 0.002097 0.310912 0.000270 0.005376
0 0.002082 0.394688 0.000299 0.007616
0 0.002086 0.398272 0.000293 0.005376
0 0.002086 0.401856 0.000293 0.004928
0 0.002086 0.419776 0.000293 0.008064
0 0.002070 0.258944 0.000324 0.004032
0 0.001826 0.284480 0.000812 0.012544
0 0.001803 0.296576 0.000859 0.014784
0 0.001814 0.310912 0.000837 0.012992
0 0.001809 0.324352 0.000846 0.012992
0 0.001816 0.334656 0.000832 0.009856
0 0.001815 0.345856 0.000834 0.010304
0 0.001685 0.331520 0.001094 0.016128
0 0.001692 0.343616 0.001080 0.016128
0 0.001709 0.354816 0.001046 0.012544
0 0.001692 0.365120 0.001080 0.011648
0 0.001709 0.374976 0.001046 0.010752
0 0.001569 0.310016 0.001327 0.036736
0 0.001581 0.289408 0.001302 0.024640
0 0.001584 0.276416 0.001297 0.022848
0 0.002077 0.276864 0.000309 0.005824
0 0.002023 0.259392 0.000419 0.012992
0 0.001619 0.394688 0.001226 0.052416
0 0.001939 0.323008 0.000586 0.048384
0 0.001715 0.102592 0.001034 0.068544
0 0.001754 0.123648 0.000956 0.026432
0 0.002104 0.166656 0.000256 0.007616
0 0.002153 0.269696 0.000159 0.007616
0 0.002154 0.273728 0.000156 0.008064
0 0.002161 0.280000 0.000142 0.010752
0 0.002159 0.294784 0.000146 0.013888
0 0.002168 0.298368 0.000127 0.011648
0 0.002163 0.306880 0.000139 0.010752
0 0.002177 0.309568 0.000111 0.012096
0 0.002180 0.318528 0.000104 0.005376
0 0.001909 0.287616 0.000647 0.042560
0 0.001924 0.270592 0.000617 0.029568
0 0.001919 0.304192 0.000625 0.052416
0 0.001961 0.338688 0.000543 0.040768
0 0.002022 0.267456 0.000420 0.014784
0 0.001938 0.355264 0.000587 0.073920
0 0.001974 0.380800 0.000516 0.050176
0 0.001991 0.397824 0.000483 0.044352
0 0.002187 0.343168 0.000089 0.014336
0 0.002190 0.351680 0.000084 0.009856
0 0.002183 0.358400 0.000098 0.010752
0 0.002205 0.360192 0.000055 0.009856
0 0.002202 0.368704 0.000060 0.006272
0 0.002124 0.380352 0.000217 0.017472
0 0.002130 0.383936 0.000204 0.014336
0 0.002120 0.362880 0.000225 0.018368
0 0.002120 0.357952 0.000223 0.012992
0 0.002115 0.354816 0.000233 0.012096
0 0.002027 0.274176 0.000410 0.020160
0 0.001558 0.258944 0.001349 0.033600
0 0.001735 0.301504 0.000994 0.013440
0 0.001492 0.965440 0.001481 0.040320
0 0.001685 0.825664 0.001094 0.026432
0 0.001957 0.423808 0.000549 0.052416
0 0.001961 0.439488 0.000543 0.051968
0 0.001968 0.455616 0.000528 0.050176
0 0.001962 0.468160 0.000541 0.070784
0 0.001981 0.482944 0.000501 0.066752
0 0.001996 0.500864 0.000472 0.073472
0 0.002034 0.509824 0.000395 0.073024
0 0.001726 0.484736 0.001013 0.043456
0 0.001740 0.499968 0.000985 0.042112
0 0.001756 0.514752 0.000951 0.044352
0 0.001329 0.431872 0.001807 0.035840
0 0.001349 0.442176 0.001766 0.019264
0 0.002043 0.528640 0.000379 0.073920
0 0.001272 0.540288 0.001921 0.035840
0 0.001700 0.820736 0.001064 0.026880
0 0.001684 0.239232 0.001095 0.009856
0 0.001688 0.817600 0.001089 0.052416
0 0.001794 0.814016 0.000875 0.035840
0 0.001831 0.802816 0.000803 0.012544
0 0.001779 0.932736 0.000907 0.053312
0 0.001756 0.889728 0.000951 0.017472
0 0.001747 0.888832 0.000970 0.015680
0 0.001762 0.919296 0.000940 0.020608
0 0.001756 0.919296 0.000951 0.021056
0 0.001746 0.917056 0.000973 0.014784
0 0.001688 0.954240 0.001089 0.012096
0 0.001709 0.958272 0.001046 0.006272
0 0.001786 0.969472 0.000892 0.021056
0 0.001721 0.982912 0.001023 0.008512
0 0.001723 0.986944 0.001018 0.008064
0 0.001679 0.235200 0.001105 0.010752
0 0.001678 0.245056 0.001109 0.012992
0 0.001741 0.291200 0.000983 0.011648
0 0.001338 0.295680 0.001789 0.011648
0 0.001737 0.282240 0.000991 0.013440
0 0.001703 0.295232 0.001059 0.013440
0 0.001694 0.288960 0.001076 0.014336
0 0.001699 0.280448 0.001067 0.014336
0 0.001701 0.271040 0.001062 0.013440
0 0.001755 0.271040 0.000955 0.009856
0 0.001751 0.265664 0.000961 0.010752
0 0.001783 0.273728 0.000898 0.005376
0 0.001684 0.266112 0.001095 0.015680
0 0.001889 0.282240 0.000687 0.011648
0 0.001938 0.259392 0.000589 0.019264
0 0.002043 0.252672 0.000379 0.008064
0 0.002140 0.347200 0.000184 0.007616
0 0.001137 0.268352 0.002191 0.018816
0 0.001337 0.303296 0.001790 0.020160
0 0.001681 0.249536 0.001102 0.014784
0 0.001337 0.315840 0.001790 0.021952
0 0.001343 0.327040 0.001779 0.021504
0 0.001351 0.338240 0.001762 0.016576
0 0.001349 0.348992 0.001766 0.016128
0 0.001361 0.355264 0.001742 0.012544
0 0.001359 0.366464 0.001746 0.013440
0 0.001399 0.357056 0.001666 0.013888
0 0.001263 0.215488 0.001939 0.007168
0 0.001240 0.230272 0.001984 0.017024
0 0.001128 0.163520 0.002207 0.013888
0 0.001136 0.164864 0.002192 0.013440
0 0.001167 0.258496 0.002131 0.004928
0 0.001686 0.261184 0.001092 0.012544
0 0.001684 0.256704 0.001097 0.011648
0 0.001646 0.112896 0.001172 0.085568
