0 0.014524 0.281792 0.028989 0.003136
0 0.014596 0.806848 0.028843 0.006720
0 0.014531 0.271040 0.028974 0.007168
0 0.006706 0.281792 0.013375 0.007168
0 0.003339 0.365120 0.002250 0.002240
0 0.003340 0.367360 0.002249 0.002240
0 0.003339 0.369600 0.002250 0.002240
0 0.003340 0.372288 0.002249 0.002240
0 0.003340 0.374528 0.002249 0.002240
0 0.007055 0.400064 0.012676 0.017024
0 0.014875 0.399616 0.028286 0.011200
0 0.006907 0.478912 0.012972 0.017472
0 0.014726 0.478912 0.028584 0.011648
0 0.007019 0.297024 0.012747 0.008064
0 0.014837 0.297024 0.028361 0.004928
0 0.009497 0.803712 0.016721 0.004928
0 0.006776 0.806848 0.013233 0.009408
0 0.006713 0.271040 0.013360 0.011648
