0 0.010560 0.816704 0.019059 0.023296
0 0.002540 0.576128 0.003848 0.038976
0 0.001891 0.349888 0.000682 0.021952
0 0.001892 0.337792 0.000681 0.022848
0 0.001992 0.371392 0.000480 0.033152
0 0.002119 0.398272 0.000227 0.025088
0 0.002491 0.566272 0.003947 0.038976
0 0.002484 0.609280 0.003961 0.021056
0 0.002512 0.614656 0.003904 0.021504
0 0.010566 0.781760 0.019046 0.022400
0 0.002541 0.621376 0.003847 0.021504
0 0.002590 0.586880 0.003749 0.039872
0 0.002570 0.627200 0.003788 0.021056
0 0.002598 0.633472 0.003733 0.021504
0 0.002805 0.681856 0.003318 0.031360
0 0.010079 0.691712 0.020021 0.007168
0 0.001865 0.358848 0.000734 0.036288
0 0.001858 0.358848 0.000748 0.036736
0 0.001852 0.357952 0.000761 0.034496
0 0.001844 0.358400 0.000776 0.035840
0 0.001837 0.358400 0.000790 0.036288
0 0.001836 0.394688 0.000793 0.025088
0 0.001829 0.391552 0.000806 0.022848
0 0.001821 0.389312 0.000822 0.023296
0 0.002845 0.470848 0.003239 0.021952
0 0.002606 0.504448 0.003717 0.040320
0 0.002617 0.446656 0.003695 0.039872
0 0.002556 0.495040 0.003817 0.038976
0 0.002507 0.483840 0.003915 0.040768
0 0.002347 0.420224 0.004235 0.018368
0 0.002357 0.389312 0.004215 0.019264
0 0.002369 0.359744 0.004191 0.018816
0 0.002380 0.318976 0.004170 0.038080
0 0.010076 0.704256 0.020026 0.008960
0 0.010073 0.710080 0.020032 0.008064
0 0.010088 0.766528 0.020003 0.023296
0 0.010566 0.759808 0.019047 0.013440
0 0.010213 0.868224 0.019752 0.007168
0 0.010238 0.856576 0.019703 0.008960
0 0.010166 0.890176 0.019847 0.019264
0 0.010166 0.837760 0.019846 0.023296
0 0.010120 0.916608 0.019939 0.034496
0 0.010141 0.883904 0.019897 0.027328
0 0.010312 0.911680 0.019554 0.009856
0 0.010322 0.870912 0.019535 0.012096
0 0.010370 0.879424 0.019438 0.008512
0 0.010534 0.812672 0.019110 0.022848
0 0.010461 0.921984 0.019257 0.015680
0 0.010445 0.883008 0.019289 0.011648
0 0.010476 0.871808 0.019227 0.018368
0 0.010507 0.850752 0.019164 0.020160
0 0.010546 0.745472 0.019086 0.023296
0 0.010774 0.791168 0.018631 0.011200
0 0.010541 0.742784 0.019097 0.021056
0 0.010530 0.746368 0.019118 0.023744
0 0.010526 0.741888 0.019126 0.019712
0 0.010521 0.738304 0.019137 0.021056
0 0.010510 0.737856 0.019158 0.021056
0 0.010503 0.736512 0.019172 0.025536
0 0.010491 0.753088 0.019197 0.019264
0 0.010482 0.774592 0.019214 0.019264
0 0.010485 0.791168 0.019208 0.018816
0 0.010531 0.792064 0.019116 0.017920
0 0.010699 0.738304 0.018781 0.004928
0 0.010598 0.761152 0.018982 0.018816
0 0.010630 0.744576 0.018918 0.014336
0 0.010891 0.824320 0.018397 0.009856
0 0.002397 0.271040 0.004134 0.039872
