0 0.001637 0.966336 0.001191 0.008960
0 0.001827 0.252224 0.000810 0.024640
0 0.001859 0.274176 0.000745 0.026432
0 0.001866 0.269696 0.000732 0.025088
0 0.001871 0.265664 0.000722 0.028672
0 0.001881 0.261632 0.000702 0.023744
0 0.001888 0.257600 0.000689 0.025088
0 0.001811 0.265216 0.000842 0.020160
0 0.001813 0.259840 0.000838 0.025088
0 0.001821 0.256704 0.000822 0.023744
0 0.001832 0.247744 0.000801 0.027328
0 0.001639 0.958720 0.001187 0.009408
0 0.001839 0.244160 0.000785 0.026432
0 0.001847 0.240576 0.000771 0.026432
0 0.001853 0.235648 0.000757 0.025536
0 0.001859 0.231616 0.000745 0.028672
0 0.001524 0.165760 0.001415 0.008960
0 0.001528 0.162176 0.001408 0.012096
0 0.001538 0.189056 0.001387 0.037632
0 0.001630 0.179200 0.001205 0.012544
0 0.001852 0.279104 0.000760 0.024192
0 0.001850 0.284928 0.000764 0.020608
0 0.001912 0.293440 0.000639 0.032256
0 0.001903 0.297024 0.000659 0.030912
0 0.008028 0.232960 0.015195 0.019712
0 0.001317 0.293440 0.001831 0.012096
0 0.001294 0.288512 0.001876 0.009408
0 0.001296 0.284032 0.001871 0.008960
0 0.001308 0.280448 0.001849 0.014336
0 0.001317 0.275968 0.001831 0.009408
0 0.001320 0.264320 0.001824 0.013888
0 0.001306 0.262080 0.001853 0.013888
0 0.001320 0.238336 0.001824 0.012096
0 0.001330 0.231616 0.001803 0.006720
0 0.001341 0.236096 0.001781 0.007616
0 0.001354 0.242816 0.001756 0.011200
0 0.001335 0.258048 0.001794 0.010304
0 0.001328 0.251328 0.001808 0.014336
0 0.001317 0.249536 0.001831 0.005824
0 0.001340 0.227136 0.001784 0.008960
0 0.001356 0.233856 0.001752 0.013440
0 0.001624 0.180992 0.001216 0.011648
0 0.001617 0.183680 0.001229 0.013440
0 0.001618 0.189504 0.001229 0.011648
0 0.001457 0.146048 0.001550 0.015232
0 0.008462 0.174720 0.014326 0.043456
0 0.001747 0.177408 0.000970 0.028224
0 0.001757 0.180544 0.000951 0.027328
0 0.002664 0.041216 0.003601 0.012544
0 0.002719 0.063616 0.003490 0.015680
0 0.002745 0.062272 0.003439 0.025984
0 0.002734 0.039424 0.003461 0.007616
0 0.002687 0.029120 0.003555 0.026432
0 0.002040 0.162176 0.000385 0.019712
0 0.002034 0.156800 0.000397 0.021952
0 0.002026 0.153216 0.000413 0.022848
0 0.010905 0.144256 0.018368 0.017024
0 0.010911 0.133504 0.018356 0.018368
0 0.010857 0.112896 0.018464 0.012992
0 0.003116 0.122752 0.002697 0.021504
0 0.003189 0.083328 0.002550 0.010304
0 0.003183 0.093184 0.002562 0.008512
0 0.001462 0.141568 0.001539 0.013440
0 0.001454 0.151424 0.001555 0.015680
0 0.001573 0.182336 0.001318 0.024192
0 0.001449 0.155456 0.001566 0.017024
0 0.001558 0.195328 0.001347 0.033600
0 0.001668 0.239680 0.001128 0.033600
0 0.002033 0.258048 0.000399 0.025088
0 0.002026 0.261632 0.000413 0.024192
0 0.001982 0.188160 0.000500 0.023744
0 0.001978 0.184576 0.000509 0.019264
0 0.001468 0.177856 0.001528 0.013440
0 0.001474 0.173376 0.001516 0.012544
0 0.001479 0.169792 0.001505 0.012096
0 0.001484 0.165312 0.001496 0.016128
0 0.001487 0.162176 0.001490 0.019712
0 0.001493 0.156352 0.001477 0.015232
0 0.001500 0.151872 0.001465 0.012544
0 0.001424 0.168000 0.001616 0.024640
0 0.001432 0.165312 0.001600 0.019264
0 0.001440 0.162624 0.001585 0.015680
0 0.001445 0.158592 0.001575 0.014784
0 0.008012 0.259840 0.015225 0.019264
0 0.007998 0.285376 0.015255 0.019712
0 0.001259 0.261184 0.001946 0.019712
0 0.002126 0.587328 0.000211 0.023296
0 0.002190 0.620032 0.000085 0.037632
0 0.002197 0.615104 0.000070 0.037184
0 0.002206 0.607936 0.000052 0.030464
0 0.002151 0.582848 0.000162 0.026880
0 0.002156 0.578816 0.000153 0.031808
0 0.002165 0.575232 0.000134 0.029120
0 0.002173 0.571648 0.000118 0.027776
0 0.002181 0.567168 0.000103 0.026880
0 0.002190 0.564480 0.000084 0.027776
0 0.001617 0.649152 0.001229 0.043008
0 0.001615 0.634816 0.001234 0.059584
0 0.001491 0.470400 0.001482 0.014336
0 0.001483 0.467712 0.001499 0.019712
0 0.001552 0.477568 0.001361 0.039872
0 0.002131 0.520128 0.000203 0.034944
0 0.002141 0.514304 0.000182 0.027776
0 0.002045 0.495488 0.000375 0.041216
0 0.002180 0.623616 0.000104 0.038976
0 0.008414 0.746368 0.014422 0.049728
0 0.002063 0.488768 0.000338 0.039424
0 0.001794 0.752640 0.000877 0.047936
0 0.001635 0.950208 0.001195 0.008960
0 0.001634 0.941696 0.001195 0.009856
0 0.001637 0.933632 0.001191 0.010752
0 0.001637 0.926464 0.001190 0.010752
0 0.001639 0.918400 0.001186 0.012544
0 0.001640 0.910336 0.001184 0.013440
0 0.001643 0.902272 0.001178 0.015680
0 0.001643 0.893760 0.001178 0.015680
0 0.001647 0.885696 0.001171 0.017472
0 0.001647 0.877184 0.001170 0.016576
0 0.001654 0.870016 0.001156 0.015680
0 0.001657 0.862400 0.001150 0.014784
0 0.001652 0.853888 0.001160 0.016128
0 0.001767 0.799680 0.000931 0.014336
0 0.001771 0.793856 0.000922 0.028672
0 0.001783 0.785344 0.000899 0.024192
0 0.001760 0.770560 0.000945 0.038976
0 0.002053 0.491904 0.000357 0.041216
0 0.002073 0.484736 0.000318 0.034496
0 0.001266 0.263424 0.001932 0.017472
0 0.001885 0.344960 0.000694 0.033152
0 0.001903 0.340032 0.000658 0.038976
0 0.001919 0.336448 0.000627 0.030912
0 0.001928 0.332864 0.000608 0.032256
0 0.001937 0.327488 0.000591 0.033600
0 0.001947 0.325248 0.000570 0.034048
0 0.001199 0.370496 0.002067 0.040320
0 0.001240 0.363776 0.001984 0.015680
0 0.001233 0.356608 0.001998 0.017024
0 0.001242 0.338688 0.001981 0.014336
0 0.001245 0.332864 0.001975 0.014336
0 0.001247 0.302400 0.001971 0.033600
0 0.001235 0.297920 0.001994 0.039872
0 0.001283 0.272384 0.001898 0.011200
0 0.001284 0.227584 0.001896 0.017920
0 0.001281 0.223552 0.001903 0.017024
0 0.001276 0.270144 0.001913 0.015680
0 0.001272 0.266112 0.001920 0.015680
0 0.001895 0.343168 0.000674 0.037632
0 0.001876 0.350336 0.000712 0.033152
0 0.002081 0.481152 0.000303 0.032704
0 0.001979 0.356608 0.000506 0.032256
0 0.002085 0.476224 0.000294 0.036736
0 0.002093 0.471296 0.000278 0.038080
0 0.002016 0.456960 0.000431 0.036288
0 0.002024 0.452480 0.000416 0.037632
0 0.002033 0.448896 0.000397 0.036736
0 0.002041 0.443968 0.000382 0.037632
0 0.002050 0.439936 0.000363 0.037184
0 0.002059 0.435904 0.000346 0.038080
0 0.003201 0.416640 0.002527 0.015232
0 0.001944 0.409472 0.000576 0.035840
0 0.001956 0.407232 0.000553 0.030912
0 0.001961 0.401856 0.000542 0.036288
0 0.001973 0.399616 0.000518 0.034944
0 0.001982 0.398272 0.000500 0.037632
0 0.001991 0.394688 0.000482 0.036736
0 0.002000 0.390208 0.000465 0.036736
0 0.002009 0.386176 0.000447 0.036288
0 0.003175 0.083776 0.002579 0.008064
