0 0.002770 0.151872 0.003389 0.010304
0 0.003141 0.382144 0.002647 0.005824
0 0.003166 0.370944 0.002597 0.003584
0 0.003171 0.367360 0.002586 0.003584
0 0.003177 0.363776 0.002575 0.004480
0 0.003184 0.360640 0.002561 0.004032
0 0.003188 0.357504 0.002552 0.004032
0 0.003194 0.353920 0.002540 0.003584
0 0.003200 0.350336 0.002528 0.004032
0 0.003206 0.347200 0.002516 0.004032
0 0.003119 0.393344 0.002691 0.008512
0 0.003107 0.400512 0.002714 0.008512
0 0.003096 0.406784 0.002737 0.008960
0 0.003084 0.413056 0.002760 0.008960
0 0.003074 0.418432 0.002781 0.007616
0 0.003064 0.423808 0.002800 0.007616
0 0.003055 0.429184 0.002818 0.007616
0 0.003047 0.434112 0.002836 0.007168
0 0.003046 0.448000 0.002836 0.012096
0 0.003159 0.374080 0.002610 0.003584
0 0.003149 0.378112 0.002630 0.004928
0 0.002837 0.304192 0.003255 0.004032
0 0.003173 0.354816 0.002582 0.006272
0 0.002848 0.313152 0.003233 0.004928
0 0.002853 0.317632 0.003223 0.004480
0 0.002858 0.322112 0.003213 0.004928
0 0.002863 0.326144 0.003202 0.004928
0 0.002868 0.330624 0.003193 0.004928
0 0.002873 0.335552 0.003182 0.005376
0 0.002877 0.341376 0.003174 0.004928
0 0.003188 0.336896 0.002553 0.009856
0 0.003175 0.344064 0.002578 0.009408
0 0.003164 0.349888 0.002601 0.005376
0 0.003156 0.354368 0.002617 0.005376
0 0.003148 0.358400 0.002632 0.004928
0 0.003141 0.363328 0.002646 0.005376
0 0.003133 0.367360 0.002663 0.005824
0 0.003141 0.373184 0.002647 0.004928
0 0.003154 0.365120 0.002620 0.006272
0 0.003163 0.359744 0.002602 0.007168
0 0.003063 0.439488 0.002804 0.012096
0 0.003078 0.430080 0.002772 0.012096
0 0.003096 0.422912 0.002738 0.008960
0 0.003108 0.416192 0.002713 0.009856
0 0.003159 0.454272 0.002610 0.006272
0 0.003147 0.460096 0.002635 0.008512
0 0.003126 0.457856 0.002676 0.008064
0 0.003152 0.472640 0.002625 0.010304
0 0.003137 0.466368 0.002654 0.008512
0 0.003116 0.464128 0.002696 0.008960
0 0.003139 0.480256 0.002650 0.010752
0 0.003125 0.472640 0.002678 0.008064
0 0.003104 0.470848 0.002721 0.008512
0 0.003114 0.479360 0.002700 0.008064
0 0.003125 0.487872 0.002678 0.010752
0 0.002984 0.446208 0.002960 0.008512
0 0.002999 0.439040 0.002932 0.008960
0 0.002994 0.455168 0.002941 0.008512
0 0.003008 0.447552 0.002913 0.008960
0 0.003003 0.463680 0.002923 0.007616
0 0.003016 0.456512 0.002897 0.008512
0 0.003138 0.451136 0.002653 0.008512
0 0.003166 0.465024 0.002596 0.009856
0 0.003168 0.448896 0.002592 0.006272
0 0.003052 0.404544 0.002824 0.005376
0 0.003119 0.409472 0.002690 0.008960
0 0.003130 0.403200 0.002668 0.008512
0 0.003132 0.418880 0.002664 0.020160
0 0.003109 0.431872 0.002710 0.019712
0 0.003085 0.446208 0.002758 0.018368
0 0.003062 0.459200 0.002804 0.018368
0 0.003059 0.410368 0.002811 0.005376
0 0.003046 0.399168 0.002837 0.005824
0 0.003149 0.445312 0.002630 0.008512
0 0.003017 0.374528 0.002895 0.005376
0 0.003023 0.379904 0.002882 0.005376
0 0.003030 0.385728 0.002869 0.005376
0 0.003035 0.391104 0.002858 0.004928
0 0.003169 0.434112 0.002590 0.006720
0 0.003179 0.443072 0.002570 0.006272
0 0.003161 0.439040 0.002608 0.006272
0 0.002842 0.308224 0.003244 0.004928
0 0.002832 0.299264 0.003265 0.004480
0 0.001456 0.965888 0.001553 0.031808
0 0.003010 0.246848 0.002909 0.004928
0 0.003015 0.251328 0.002898 0.003584
0 0.003010 0.258944 0.002909 0.004032
0 0.003015 0.262976 0.002898 0.004480
0 0.003020 0.256256 0.002889 0.004480
0 0.003020 0.267456 0.002889 0.004480
0 0.003025 0.261184 0.002878 0.004480
0 0.003024 0.271936 0.002880 0.004032
0 0.003029 0.265216 0.002870 0.004928
0 0.003029 0.275968 0.002871 0.004480
0 0.003035 0.270144 0.002858 0.004928
0 0.003032 0.280448 0.002865 0.004480
0 0.003040 0.275072 0.002849 0.004480
0 0.002961 0.258944 0.003006 0.007168
0 0.002952 0.264320 0.003025 0.006720
0 0.002942 0.269696 0.003044 0.007168
0 0.002935 0.274624 0.003059 0.005824
0 0.002918 0.290752 0.003092 0.005824
0 0.003006 0.254464 0.002917 0.004032
0 0.003001 0.249984 0.002927 0.003584
0 0.002875 0.349888 0.003179 0.004480
0 0.003004 0.242368 0.002920 0.004928
0 0.002984 0.216384 0.002961 0.006272
0 0.002967 0.219968 0.002995 0.004928
0 0.002962 0.225792 0.003004 0.006720
0 0.002969 0.231616 0.002990 0.005824
0 0.002974 0.224448 0.002981 0.005824
0 0.002983 0.222656 0.002963 0.005824
0 0.002977 0.238336 0.002975 0.006272
0 0.002981 0.228928 0.002967 0.005376
0 0.002989 0.228032 0.002951 0.004928
0 0.002996 0.225344 0.002937 0.004480
0 0.003000 0.229376 0.002928 0.004032
0 0.002986 0.233856 0.002957 0.005824
0 0.002991 0.221760 0.002946 0.004480
0 0.002993 0.231616 0.002942 0.003584
0 0.002989 0.241472 0.002951 0.005824
0 0.002998 0.237440 0.002933 0.005824
0 0.002997 0.246400 0.002935 0.004032
0 0.002927 0.286720 0.003075 0.005824
0 0.002926 0.296576 0.003076 0.005824
0 0.002934 0.292544 0.003062 0.005824
0 0.002934 0.282240 0.003062 0.006272
0 0.002840 0.340480 0.003249 0.005376
0 0.002822 0.304192 0.003285 0.004032
0 0.002827 0.309120 0.003275 0.004480
0 0.002832 0.312704 0.003265 0.003584
0 0.002836 0.316736 0.003257 0.004480
0 0.002841 0.321216 0.003247 0.003584
0 0.002844 0.332864 0.003240 0.004032
0 0.002850 0.337344 0.003229 0.003584
0 0.002853 0.341376 0.003223 0.004480
0 0.002859 0.345408 0.003210 0.004032
0 0.002864 0.349440 0.003200 0.004928
0 0.002868 0.353920 0.003193 0.004480
0 0.002851 0.328832 0.003226 0.004032
0 0.002855 0.332864 0.003218 0.004480
0 0.002861 0.337344 0.003207 0.004032
0 0.002865 0.342272 0.003198 0.004032
0 0.002870 0.345856 0.003189 0.004928
0 0.002835 0.324800 0.003259 0.004032
0 0.002829 0.320320 0.003270 0.003584
0 0.002824 0.316736 0.003280 0.004032
0 0.002670 0.419776 0.003588 0.010304
0 0.002941 0.288064 0.003047 0.005376
0 0.002943 0.278656 0.003043 0.005376
0 0.002948 0.284032 0.003032 0.006272
0 0.002954 0.273728 0.003020 0.004928
0 0.002961 0.269696 0.003007 0.004480
0 0.002967 0.266112 0.002994 0.004928
0 0.002656 0.427840 0.003617 0.009408
0 0.002685 0.411712 0.003559 0.009856
0 0.002820 0.312256 0.003288 0.003584
0 0.002860 0.357504 0.003209 0.005824
0 0.002853 0.351232 0.003224 0.005824
0 0.002846 0.346304 0.003236 0.005824
0 0.002810 0.314496 0.003308 0.005376
0 0.002817 0.320320 0.003295 0.004928
0 0.002822 0.325696 0.003284 0.004928
0 0.002816 0.308224 0.003297 0.004480
0 0.003012 0.472192 0.002905 0.008512
0 0.003025 0.465024 0.002879 0.007616
0 0.002600 0.484736 0.003728 0.012096
0 0.002582 0.565824 0.003764 0.006272
0 0.002580 0.580160 0.003769 0.007616
0 0.002589 0.587328 0.003750 0.007168
0 0.002600 0.581056 0.003728 0.007616
0 0.002599 0.595392 0.003731 0.007168
0 0.002610 0.588672 0.003710 0.007168
0 0.002609 0.603008 0.003712 0.007168
0 0.002648 0.565824 0.003633 0.006720
0 0.002667 0.581056 0.003595 0.006720
0 0.002647 0.580160 0.003635 0.006272
0 0.002655 0.588224 0.003618 0.007168
0 0.002619 0.596288 0.003690 0.006720
0 0.002628 0.603904 0.003673 0.006720
0 0.002617 0.610176 0.003694 0.006272
0 0.002626 0.618688 0.003676 0.007616
0 0.002638 0.611968 0.003653 0.006720
0 0.002546 0.594496 0.003837 0.007616
0 0.002533 0.602112 0.003863 0.007616
0 0.002591 0.572992 0.003746 0.006720
0 0.002570 0.572544 0.003788 0.006720
0 0.002615 0.497728 0.003698 0.009856
0 0.002572 0.558208 0.003784 0.006272
0 0.002495 0.494144 0.003939 0.007168
0 0.002483 0.499968 0.003963 0.007616
0 0.002502 0.500416 0.003924 0.007168
0 0.002491 0.506240 0.003946 0.006720
0 0.002499 0.512960 0.003931 0.007168
0 0.002510 0.507136 0.003909 0.006272
0 0.002504 0.519232 0.003920 0.006720
0 0.002516 0.512960 0.003896 0.007168
0 0.002490 0.555072 0.003948 0.014336
0 0.002510 0.570304 0.003909 0.015232
0 0.002534 0.540736 0.003861 0.006272
0 0.002545 0.534464 0.003839 0.006272
0 0.002555 0.542528 0.003819 0.006720
0 0.002544 0.548800 0.003841 0.006272
0 0.002552 0.556864 0.003824 0.006720
0 0.002564 0.550144 0.003801 0.006272
0 0.002561 0.564480 0.003806 0.006272
0 0.002556 0.603456 0.003817 0.007616
0 0.002566 0.611968 0.003796 0.008064
0 0.002543 0.610624 0.003842 0.008064
0 0.002554 0.619584 0.003821 0.008064
0 0.002552 0.662592 0.003824 0.010752
0 0.002592 0.694400 0.003744 0.013440
0 0.002608 0.708736 0.003713 0.014336
0 0.002703 0.666176 0.003523 0.029120
0 0.002753 0.643328 0.003422 0.030016
0 0.001179 0.778176 0.002106 0.034048
0 0.001182 0.758464 0.002101 0.033600
0 0.001417 0.917504 0.001631 0.037184
0 0.001400 0.918848 0.001664 0.049728
0 0.001394 0.916608 0.001677 0.034496
0 0.001384 0.919296 0.001696 0.034496
0 0.001373 0.918400 0.001718 0.033152
0 0.001364 0.920192 0.001735 0.031360
0 0.008076 0.839552 0.015098 0.059136
0 0.001381 0.969472 0.001702 0.056000
0 0.001436 0.973504 0.001593 0.037184
0 0.001444 0.970816 0.001576 0.038080
0 0.002538 0.650048 0.003853 0.011200
0 0.002531 0.675136 0.003867 0.010304
0 0.002516 0.663040 0.003897 0.011200
0 0.002519 0.636608 0.003890 0.011648
0 0.002564 0.628544 0.003800 0.006720
0 0.002578 0.620928 0.003773 0.008064
0 0.002587 0.630784 0.003755 0.008512
0 0.002576 0.637504 0.003777 0.007616
0 0.002502 0.621824 0.003925 0.012096
0 0.002480 0.634368 0.003968 0.011648
0 0.002498 0.648704 0.003932 0.012992
0 0.002748 0.602112 0.003433 0.030464
0 0.002509 0.691264 0.003911 0.008512
0 0.002800 0.620480 0.003329 0.030016
0 0.002701 0.624960 0.003527 0.028224
0 0.002660 0.643328 0.003608 0.020160
0 0.002448 0.577024 0.004033 0.004480
0 0.002454 0.581504 0.004020 0.004480
0 0.001155 0.724864 0.002154 0.033600
0 0.002498 0.681856 0.003933 0.007168
0 0.003047 0.415744 0.002835 0.004032
0 0.003040 0.416640 0.002848 0.004032
0 0.003034 0.420224 0.002861 0.003584
0 0.003001 0.382144 0.002926 0.004032
0 0.002618 0.556864 0.003692 0.006720
0 0.002639 0.558208 0.003650 0.006272
0 0.002627 0.564928 0.003674 0.006272
0 0.002637 0.572544 0.003655 0.007168
0 0.002657 0.573440 0.003615 0.006720
0 0.002982 0.248192 0.002964 0.003584
0 0.002987 0.252224 0.002955 0.003584
0 0.002992 0.255808 0.002945 0.003136
0 0.002995 0.259840 0.002938 0.003584
0 0.002999 0.263424 0.002930 0.002688
0 0.003003 0.267008 0.002923 0.003584
0 0.003006 0.271040 0.002916 0.003584
0 0.003009 0.274624 0.002910 0.003136
0 0.003014 0.276864 0.002901 0.003136
0 0.003017 0.280896 0.002894 0.003136
0 0.003008 0.379456 0.002913 0.004480
0 0.003013 0.384832 0.002902 0.004480
0 0.002629 0.550144 0.003671 0.006720
0 0.002701 0.576128 0.003527 0.008512
0 0.002716 0.567168 0.003496 0.007616
0 0.002577 0.523264 0.003775 0.007616
0 0.002630 0.509824 0.003668 0.010752
0 0.002647 0.520128 0.003634 0.010752
0 0.002579 0.508928 0.003771 0.006720
0 0.002587 0.516992 0.003754 0.007616
0 0.002596 0.524608 0.003737 0.007168
0 0.002596 0.538944 0.003737 0.006272
0 0.002567 0.515648 0.003794 0.006720
0 0.002586 0.531328 0.003756 0.006272
0 0.002703 0.556864 0.003522 0.009408
0 0.002668 0.526848 0.003592 0.008064
0 0.002680 0.537152 0.003569 0.008512
0 0.002653 0.535360 0.003622 0.008960
0 0.002665 0.546112 0.003598 0.008960
0 0.002677 0.555520 0.003574 0.007616
0 0.002692 0.547456 0.003545 0.007616
0 0.002688 0.565824 0.003552 0.010752
0 0.003018 0.388864 0.002892 0.003584
0 0.003006 0.386176 0.002917 0.003584
0 0.003030 0.425152 0.002869 0.004032
0 0.003011 0.389760 0.002907 0.003136
0 0.003014 0.420224 0.002901 0.004480
0 0.003018 0.424256 0.002892 0.004480
0 0.003010 0.406336 0.002908 0.003584
0 0.003016 0.404096 0.002896 0.004032
0 0.003023 0.400512 0.002883 0.003584
0 0.003016 0.411712 0.002897 0.004032
0 0.003021 0.416640 0.002887 0.004032
0 0.003022 0.408128 0.002885 0.003584
0 0.003026 0.412160 0.002877 0.003584
0 0.003027 0.405440 0.002874 0.003584
0 0.003032 0.409024 0.002865 0.003136
0 0.003038 0.406784 0.002853 0.004032
0 0.003044 0.411264 0.002841 0.003584
0 0.003036 0.413056 0.002857 0.003584
0 0.003030 0.416640 0.002869 0.003584
0 0.003025 0.420672 0.002878 0.004032
0 0.003024 0.428288 0.002881 0.003584
0 0.003009 0.415744 0.002911 0.004480
0 0.003033 0.401856 0.002862 0.004032
0 0.003003 0.410368 0.002922 0.004480
0 0.003001 0.398272 0.002927 0.004032
0 0.003015 0.393344 0.002900 0.003584
0 0.003023 0.392896 0.002882 0.004032
0 0.002996 0.385728 0.002936 0.003584
0 0.003000 0.389760 0.002928 0.003584
0 0.003005 0.392448 0.002919 0.003584
0 0.002991 0.390208 0.002947 0.004480
0 0.002996 0.394240 0.002936 0.004032
0 0.003009 0.396032 0.002911 0.003584
0 0.002999 0.405888 0.002931 0.003584
0 0.003019 0.396480 0.002891 0.003584
0 0.003028 0.396928 0.002872 0.004032
0 0.003013 0.400064 0.002903 0.004032
0 0.003006 0.401856 0.002916 0.004480
0 0.002983 0.393792 0.002962 0.004480
0 0.002989 0.398272 0.002951 0.004480
0 0.002993 0.402304 0.002942 0.004032
0 0.002974 0.215936 0.002980 0.005376
