0 0.015328 0.969472 0.027380 0.003584
0 0.003236 0.254464 0.002456 0.001344
0 0.003291 0.133056 0.002348 0.000896
0 0.003306 0.129920 0.002317 0.000896
0 0.003305 0.131712 0.002320 0.001344
0 0.003308 0.130368 0.002312 0.001344
0 0.003307 0.131712 0.002314 0.000896
0 0.003298 0.123200 0.002332 0.000448
0 0.003300 0.123200 0.002329 0.000448
0 0.003298 0.124096 0.002332 0.000896
0 0.003300 0.124096 0.002329 0.000448
0 0.003229 0.255360 0.002470 0.001344
0 0.003232 0.254016 0.002465 0.001344
0 0.003234 0.253120 0.002461 0.000896
0 0.003236 0.252224 0.002457 0.001344
0 0.003238 0.253120 0.002453 0.000896
0 0.003234 0.255360 0.002461 0.001344
0 0.007512 0.969472 0.011761 0.004928
0 0.003231 0.256704 0.002466 0.000896
0 0.003239 0.254016 0.002450 0.000896
0 0.003241 0.255360 0.002446 0.001344
0 0.007728 0.259840 0.011331 0.008064
0 0.015543 0.259840 0.026950 0.004928
0 0.009819 0.211008 0.016076 0.003584
0 0.007301 0.278208 0.012184 0.004928
0 0.015118 0.277760 0.027800 0.002688
0 0.009778 0.281792 0.016159 0.002240
0 0.007152 0.342272 0.012482 0.008512
0 0.007107 0.332416 0.012573 0.004480
0 0.014920 0.332416 0.028195 0.002688
0 0.007044 0.370048 0.012698 0.004480
0 0.014859 0.370048 0.028317 0.003136
0 0.003288 0.132608 0.002352 0.000896
0 0.003286 0.132160 0.002357 0.000896
0 0.003288 0.128128 0.002352 0.000896
0 0.003286 0.127680 0.002357 0.000896
0 0.014786 0.040768 0.028464 0.003136
0 0.008854 0.104384 0.013543 0.002688
0 0.008870 0.105728 0.013509 0.002688
0 0.002219 0.029120 0.000026 0.008512
0 0.001999 0.038528 0.000466 0.004032
0 0.002022 0.068544 0.000420 0.001344
0 0.002196 0.034048 0.000072 0.002688
0 0.009405 0.121856 0.016903 0.003136
0 0.007195 0.175168 0.012395 0.010304
0 0.015012 0.175616 0.028011 0.004928
0 0.007237 0.147840 0.012312 0.004480
0 0.015053 0.147840 0.027930 0.002688
0 0.009472 0.113344 0.016770 0.006272
0 0.009524 0.138432 0.016667 0.005824
0 0.003271 0.120960 0.002387 0.001344
0 0.003270 0.123200 0.002388 0.001344
0 0.003269 0.124992 0.002390 0.001344
0 0.003269 0.127680 0.002391 0.001792
0 0.003275 0.121408 0.002378 0.001792
0 0.003274 0.123648 0.002380 0.001344
0 0.003274 0.125440 0.002381 0.001792
0 0.003273 0.127680 0.002382 0.001792
0 0.003309 0.125440 0.002310 0.001792
0 0.003308 0.127680 0.002312 0.001792
0 0.003313 0.125888 0.002302 0.001792
0 0.003312 0.128128 0.002304 0.001792
0 0.003282 0.129472 0.002364 0.000896
0 0.003281 0.130816 0.002366 0.000896
0 0.003281 0.132160 0.002366 0.000896
0 0.007196 0.411712 0.012393 0.006720
0 0.015013 0.411712 0.028011 0.004032
0 0.007719 0.451584 0.011347 0.009408
0 0.007247 0.620480 0.012291 0.004480
0 0.007480 0.619584 0.011826 0.004480
0 0.015296 0.619584 0.027443 0.003136
0 0.009749 0.712320 0.016216 0.004480
0 0.007394 0.709184 0.011998 0.004928
0 0.015210 0.708736 0.027615 0.002240
0 0.009093 0.691264 0.017527 0.001344
0 0.006841 0.685888 0.013104 0.005376
0 0.014656 0.685888 0.028723 0.003584
0 0.006886 0.682752 0.013014 0.004928
0 0.014703 0.682752 0.028630 0.002688
0 0.007152 0.667072 0.012481 0.004928
0 0.014969 0.667520 0.028098 0.002240
0 0.006744 0.799232 0.013298 0.005376
0 0.014560 0.798784 0.028916 0.003136
0 0.006766 0.731584 0.013253 0.005824
0 0.014583 0.731584 0.028870 0.004032
0 0.007369 0.786240 0.012048 0.004480
0 0.015184 0.786240 0.027667 0.002688
0 0.007409 0.778624 0.011968 0.003136
0 0.015224 0.779072 0.027588 0.001344
0 0.007175 0.829696 0.012435 0.004928
0 0.014991 0.829696 0.028053 0.003136
0 0.007381 0.876736 0.012025 0.004480
0 0.015196 0.876736 0.027644 0.002240
0 0.009079 0.956928 0.017555 0.003584
0 0.009080 0.968576 0.017555 0.007616
0 0.009081 0.943488 0.017553 0.005824
0 0.007223 0.955584 0.012340 0.002688
0 0.015037 0.955584 0.027961 0.001344
0 0.015062 0.620480 0.027912 0.002240
0 0.009088 0.646464 0.017539 0.004032
0 0.015534 0.451584 0.026968 0.005824
0 0.009085 0.656768 0.017545 0.001344
0 0.007405 0.483392 0.011975 0.005824
0 0.015222 0.483392 0.027591 0.003584
0 0.009901 0.542080 0.015912 0.003584
0 0.007594 0.536704 0.011597 0.004928
0 0.015411 0.536256 0.027214 0.002688
0 0.009797 0.555520 0.016120 0.003584
0 0.009801 0.555520 0.016113 0.004032
0 0.009806 0.555072 0.016103 0.004032
0 0.009802 0.555072 0.016110 0.004032
0 0.006860 0.519232 0.013066 0.004928
0 0.014676 0.519232 0.028683 0.003584
0 0.006881 0.498176 0.013024 0.006720
0 0.014699 0.497728 0.028639 0.004032
0 0.009680 0.560896 0.016354 0.003584
0 0.009601 0.579264 0.016513 0.002688
0 0.009602 0.579264 0.016510 0.002688
0 0.009605 0.579264 0.016505 0.002688
0 0.009607 0.579264 0.016500 0.002688
0 0.009389 0.572992 0.016937 0.004928
0 0.009395 0.572544 0.016924 0.004928
0 0.009317 0.559104 0.017081 0.003136
0 0.009192 0.576576 0.017331 0.004032
0 0.009195 0.576576 0.017324 0.004032
0 0.006872 0.578816 0.013041 0.003584
0 0.014688 0.578368 0.028660 0.001792
0 0.006849 0.617344 0.013088 0.004928
0 0.014665 0.617344 0.028706 0.003136
0 0.009099 0.602112 0.017516 0.001344
0 0.009098 0.635264 0.017518 0.000896
0 0.006970 0.040768 0.012846 0.005824
