0 0.001948 0.722176 0.000569 0.032704
0 0.001205 0.420224 0.002054 0.076608
0 0.008082 0.284032 0.015085 0.193088
0 0.008219 0.387520 0.014811 0.236544
0 0.007064 0.560448 0.012658 0.090496
0 0.014899 0.561792 0.028238 0.050624
0 0.004749 0.473536 0.008359 0.024640
0 0.008362 0.571648 0.014525 0.228032
0 0.006076 0.716800 0.010170 0.019712
0 0.006090 0.710080 0.010142 0.019712
0 0.001584 0.238336 0.001297 0.062720
0 0.001572 0.212352 0.001320 0.057792
0 0.001481 0.308224 0.001503 0.055552
0 0.001443 0.357504 0.001578 0.018816
0 0.001389 0.334208 0.001686 0.033152
0 0.007843 0.232064 0.015563 0.040320
0 0.001735 0.302400 0.000994 0.078400
0 0.001883 0.769216 0.000698 0.024640
0 0.001713 0.379456 0.001038 0.041216
0 0.001658 0.379456 0.001149 0.033600
0 0.001581 0.439040 0.001303 0.016128
0 0.001577 0.433216 0.001311 0.015680
0 0.001818 0.579712 0.000829 0.055104
0 0.001779 0.553280 0.000906 0.062272
0 0.001890 0.486080 0.000685 0.060928
0 0.001917 0.513408 0.000631 0.056896
0 0.001761 0.631680 0.000943 0.022400
0 0.001717 0.617792 0.001031 0.028224
0 0.001598 0.456960 0.001269 0.041664
0 0.002158 0.578368 0.000148 0.035392
0 0.002085 0.625408 0.000294 0.037632
0 0.002019 0.672448 0.000426 0.036288
0 0.007913 0.147392 0.015423 0.123648
