0 0.009420 0.423808 0.016874 0.013440
0 0.002808 0.613312 0.003313 0.004928
0 0.002518 0.568512 0.003892 0.007168
0 0.002506 0.557312 0.003917 0.007616
0 0.002533 0.562240 0.003862 0.007616
0 0.002520 0.551488 0.003888 0.007168
0 0.002550 0.554624 0.003828 0.008960
0 0.002566 0.547456 0.003796 0.008064
0 0.002536 0.543424 0.003856 0.008960
0 0.002554 0.536704 0.003821 0.007616
0 0.002820 0.610176 0.003288 0.005824
0 0.009835 0.431424 0.016044 0.021056
0 0.002831 0.605248 0.003266 0.005824
0 0.002856 0.608384 0.003216 0.010304
0 0.002844 0.598976 0.003241 0.008064
0 0.002881 0.607040 0.003166 0.010304
0 0.002864 0.594944 0.003200 0.009408
0 0.002751 0.610624 0.003427 0.011200
0 0.002771 0.592704 0.003386 0.015232
0 0.002802 0.577024 0.003324 0.019264
0 0.002498 0.568064 0.003933 0.005376
0 0.002506 0.574784 0.003916 0.006272
0 0.002627 0.548800 0.003674 0.007168
0 0.002614 0.555072 0.003702 0.006272
0 0.002721 0.621376 0.003487 0.005824
0 0.002662 0.589120 0.003604 0.014784
0 0.002640 0.570752 0.003649 0.015232
0 0.002631 0.602560 0.003667 0.014784
0 0.002587 0.623168 0.003754 0.010304
0 0.002566 0.604800 0.003798 0.010304
0 0.002584 0.596288 0.003760 0.010752
0 0.002607 0.615104 0.003714 0.009856
0 0.002608 0.584192 0.003713 0.014784
0 0.002548 0.588224 0.003832 0.004480
0 0.002542 0.582848 0.003844 0.004480
0 0.002557 0.584192 0.003814 0.004032
0 0.002551 0.578368 0.003826 0.004480
0 0.002568 0.575232 0.003792 0.005376
0 0.002578 0.570752 0.003772 0.005376
0 0.002588 0.566272 0.003753 0.006272
0 0.002600 0.560896 0.003728 0.006272
0 0.002713 0.576576 0.003503 0.015680
0 0.002739 0.565376 0.003450 0.014784
0 0.002769 0.551936 0.003390 0.014784
0 0.002980 0.205632 0.002969 0.014336
0 0.003007 0.188160 0.002914 0.018816
0 0.003070 0.239680 0.002788 0.014784
0 0.003047 0.172480 0.002835 0.013888
0 0.003067 0.191744 0.002794 0.018368
0 0.003105 0.177408 0.002718 0.014784
0 0.003080 0.157696 0.002769 0.015680
0 0.003059 0.110208 0.002810 0.023296
0 0.003023 0.130816 0.002883 0.018816
0 0.002984 0.147392 0.002960 0.018368
0 0.002875 0.194880 0.003178 0.029120
0 0.002827 0.152320 0.003274 0.040768
0 0.002806 0.221312 0.003316 0.032256
0 0.002732 0.279104 0.003464 0.005824
0 0.002719 0.275520 0.003491 0.005376
0 0.002743 0.249088 0.003443 0.028672
0 0.002709 0.264768 0.003510 0.008960
0 0.002736 0.178304 0.003456 0.038976
0 0.003034 0.207872 0.002862 0.018368
0 0.003003 0.225792 0.002923 0.014336
0 0.002689 0.558656 0.003551 0.015232
0 0.003038 0.254016 0.002852 0.013440
0 0.002715 0.547456 0.003499 0.015232
0 0.002748 0.533120 0.003433 0.015680
0 0.002661 0.539840 0.003607 0.007616
0 0.002679 0.532224 0.003570 0.007616
0 0.002646 0.527296 0.003637 0.008960
0 0.002664 0.519232 0.003600 0.007616
0 0.002692 0.512064 0.003544 0.019712
0 0.002751 0.314944 0.003427 0.023296
0 0.002804 0.353024 0.003321 0.023744
0 0.002857 0.333312 0.003214 0.014336
0 0.002896 0.315840 0.003138 0.015680
0 0.002935 0.299712 0.003059 0.015232
0 0.002810 0.288064 0.003309 0.022400
0 0.002869 0.262976 0.003190 0.024192
0 0.003006 0.268352 0.002917 0.014336
0 0.002944 0.220416 0.003040 0.014336
0 0.002969 0.240128 0.002990 0.014784
0 0.002712 0.614656 0.003504 0.005824
0 0.002703 0.607040 0.003522 0.005376
0 0.002692 0.611968 0.003545 0.006272
0 0.011132 0.262528 0.017915 0.007616
0 0.001397 0.950208 0.001671 0.020160
0 0.001357 0.934976 0.001751 0.025536
0 0.001367 0.934080 0.001731 0.021056
0 0.001373 0.932736 0.001717 0.021056
0 0.002492 0.928704 0.003944 0.026432
0 0.001385 0.926464 0.001694 0.024192
0 0.001346 0.871360 0.001772 0.023744
0 0.002767 0.823872 0.003395 0.009856
0 0.002765 0.813120 0.003398 0.008960
0 0.002805 0.770560 0.003319 0.005824
0 0.002803 0.763392 0.003322 0.005824
0 0.002756 0.770560 0.003416 0.014784
0 0.002725 0.772352 0.003478 0.014336
0 0.002669 0.789824 0.003591 0.012544
0 0.002642 0.788480 0.003644 0.010752
0 0.002666 0.773696 0.003597 0.012544
0 0.002639 0.773248 0.003651 0.010752
0 0.001408 0.945728 0.001649 0.017472
0 0.011093 0.210112 0.017993 0.008512
0 0.001148 0.773696 0.002168 0.028224
0 0.011111 0.196672 0.017957 0.008512
0 0.010891 0.368256 0.018397 0.007168
0 0.010826 0.365120 0.018526 0.007616
0 0.001266 0.889728 0.001932 0.024640
0 0.001291 0.931392 0.001883 0.038528
0 0.001202 0.865088 0.002061 0.054656
0 0.011086 0.266112 0.018007 0.009408
0 0.011075 0.254464 0.018030 0.007616
0 0.011078 0.253568 0.018023 0.007168
0 0.010950 0.263424 0.018278 0.006272
0 0.011094 0.230720 0.017990 0.008960
0 0.010984 0.244608 0.018211 0.005824
0 0.010837 0.298816 0.018504 0.005376
0 0.010852 0.292096 0.018475 0.005824
0 0.010891 0.275520 0.018397 0.005376
0 0.011043 0.213696 0.018093 0.005376
0 0.010962 0.244608 0.018254 0.005376
0 0.010945 0.252224 0.018288 0.005824
0 0.001176 0.807744 0.002112 0.023744
0 0.002636 0.758464 0.003657 0.010304
0 0.002680 0.616448 0.003568 0.004928
0 0.002621 0.723072 0.003687 0.007168
0 0.002632 0.685888 0.003664 0.007616
0 0.002613 0.687232 0.003703 0.006720
0 0.002645 0.671552 0.003639 0.007616
0 0.002625 0.673344 0.003679 0.007616
0 0.002605 0.674240 0.003718 0.007616
0 0.001132 0.734272 0.002200 0.024640
0 0.002685 0.654080 0.003559 0.018816
0 0.002727 0.650944 0.003474 0.017920
0 0.002537 0.627648 0.003854 0.006720
0 0.002527 0.619136 0.003875 0.007168
0 0.002789 0.647360 0.003350 0.018816
0 0.002830 0.645568 0.003269 0.018816
0 0.002651 0.628992 0.003626 0.004928
0 0.002661 0.624960 0.003606 0.004928
0 0.002670 0.620480 0.003588 0.004928
0 0.002690 0.624512 0.003550 0.005376
0 0.002701 0.619584 0.003527 0.005824
0 0.002640 0.711424 0.003648 0.004480
0 0.002642 0.720832 0.003645 0.007168
0 0.002662 0.757568 0.003605 0.011648
0 0.002623 0.735168 0.003683 0.007616
0 0.002721 0.754432 0.003486 0.013888
0 0.002753 0.752192 0.003423 0.014336
0 0.002825 0.735168 0.003279 0.010304
0 0.002802 0.736960 0.003325 0.009856
0 0.002800 0.719936 0.003328 0.014336
0 0.002835 0.717696 0.003259 0.013888
0 0.002797 0.696640 0.003334 0.017472
0 0.002839 0.694400 0.003251 0.018368
0 0.002834 0.670208 0.003261 0.018368
0 0.002794 0.672000 0.003341 0.018816
0 0.002740 0.730240 0.003448 0.018368
0 0.002735 0.700224 0.003459 0.017920
0 0.002731 0.675584 0.003467 0.018368
0 0.002699 0.732928 0.003531 0.018368
0 0.002693 0.702912 0.003542 0.018368
0 0.002690 0.678720 0.003550 0.018368
0 0.002644 0.733824 0.003641 0.006720
0 0.002657 0.212800 0.003615 0.038528
