0 0.008250 0.756672 0.014749 0.228928
0 0.001598 0.775936 0.001269 0.044800
0 0.001606 0.781760 0.001252 0.044800
0 0.001659 0.717248 0.001146 0.041664
0 0.001667 0.722624 0.001131 0.040768
0 0.006242 0.628096 0.009838 0.022400
0 0.008318 0.547904 0.014615 0.041664
0 0.015367 0.441728 0.027302 0.064960
0 0.007540 0.440832 0.011706 0.120512
0 0.010741 0.344512 0.018697 0.007616
0 0.010738 0.342272 0.018703 0.008064
0 0.006268 0.369600 0.009786 0.032704
0 0.001658 0.373632 0.001147 0.013888
0 0.007966 0.383936 0.015318 0.114240
0 0.008352 0.372736 0.014546 0.033152
