0 0.001758 0.792064 0.000949 0.052864
0 0.001597 0.215040 0.001271 0.032256
0 0.001635 0.555072 0.001194 0.008960
0 0.001444 0.558208 0.001577 0.036288
0 0.002160 0.387072 0.000143 0.016576
0 0.001421 0.369600 0.001623 0.025536
0 0.001128 0.405440 0.002209 0.023744
0 0.001129 0.371840 0.002207 0.022848
0 0.002003 0.236096 0.000459 0.030464
0 0.001955 0.311808 0.000555 0.019712
0 0.001811 0.325248 0.000842 0.017472
0 0.001446 0.329280 0.001572 0.030912
0 0.001624 0.340480 0.001217 0.018368
0 0.001683 0.305984 0.001098 0.020608
0 0.001559 0.298816 0.001347 0.033152
0 0.001737 0.261632 0.000990 0.020160
0 0.001493 0.195776 0.001479 0.024640
0 0.001741 0.790272 0.000982 0.053760
0 0.001236 0.310016 0.001992 0.026880
0 0.001252 0.226240 0.001960 0.020160
0 0.001415 0.193088 0.001634 0.021952
0 0.001487 0.180096 0.001490 0.025088
0 0.001544 0.168000 0.001376 0.019264
0 0.001623 0.160384 0.001218 0.021504
0 0.001713 0.156352 0.001039 0.007616
0 0.001714 0.150080 0.001037 0.007616
0 0.001785 0.138880 0.000895 0.023744
0 0.001776 0.129920 0.000913 0.028672
0 0.001843 0.099904 0.000779 0.017472
0 0.001853 0.110656 0.000759 0.016576
0 0.001846 0.104384 0.000773 0.021504
0 0.001888 0.044352 0.000689 0.054208
0 0.002035 0.669312 0.000395 0.009408
0 0.002035 0.676480 0.000394 0.010304
0 0.002043 0.690816 0.000378 0.008960
0 0.002038 0.684096 0.000388 0.009408
0 0.001696 0.779520 0.001072 0.051072
0 0.001695 0.783104 0.001074 0.053312
0 0.001673 0.774144 0.001118 0.045696
0 0.001769 0.761152 0.000926 0.042560
0 0.001792 0.758464 0.000879 0.041216
0 0.001816 0.745920 0.000832 0.012096
0 0.001809 0.732480 0.000846 0.015680
0 0.001951 0.764736 0.000563 0.038976
0 0.001928 0.731584 0.000608 0.030912
0 0.001941 0.770560 0.000583 0.025984
0 0.001965 0.755328 0.000535 0.038976
0 0.002057 0.749056 0.000351 0.023296
0 0.002049 0.749504 0.000366 0.025984
0 0.002041 0.750848 0.000382 0.020608
0 0.002033 0.748608 0.000399 0.024640
0 0.002022 0.748608 0.000420 0.027776
0 0.002008 0.746816 0.000448 0.034496
0 0.001994 0.747264 0.000476 0.036736
0 0.001994 0.717696 0.000476 0.004032
0 0.001992 0.713664 0.000480 0.004032
0 0.001988 0.708736 0.000488 0.004928
0 0.001990 0.703360 0.000485 0.006272
0 0.001934 0.690816 0.000596 0.006272
0 0.002091 0.732032 0.000282 0.030016
0 0.001971 0.682304 0.000523 0.012544
0 0.001968 0.672896 0.000529 0.012096
0 0.001973 0.666624 0.000519 0.006720
0 0.001972 0.661248 0.000521 0.006272
0 0.001925 0.665280 0.000615 0.016128
0 0.001899 0.053312 0.000666 0.057344
