0 0.001806 0.867328 0.000853 0.005824
0 0.001435 0.239680 0.001594 0.012544
0 0.001443 0.240128 0.001579 0.023296
0 0.001446 0.255808 0.001573 0.010304
0 0.001447 0.254016 0.001570 0.011200
0 0.001447 0.251776 0.001570 0.015680
0 0.001431 0.242816 0.001602 0.013440
0 0.008137 0.242368 0.014976 0.025984
0 0.004652 0.309568 0.008553 0.009408
0 0.008357 0.261632 0.014536 0.038976
0 0.004649 0.303744 0.008559 0.009408
0 0.014687 0.199360 0.028661 0.051520
0 0.006860 0.199808 0.013065 0.077504
0 0.005861 0.174272 0.010600 0.012096
0 0.005855 0.168000 0.010612 0.011648
0 0.005848 0.161280 0.010625 0.012096
0 0.001451 0.237440 0.001562 0.013888
0 0.001666 0.270592 0.001132 0.038080
0 0.001819 0.863744 0.000826 0.004480
0 0.001674 0.414848 0.001117 0.023296
0 0.002002 0.751296 0.000460 0.032256
0 0.008701 0.760704 0.013847 0.031808
0 0.005598 0.547456 0.011126 0.011200
0 0.005596 0.539392 0.011130 0.011648
0 0.005583 0.551936 0.011155 0.011200
0 0.005583 0.542976 0.011155 0.010304
0 0.005799 0.377216 0.010723 0.012544
0 0.001751 0.304192 0.000962 0.038528
0 0.005789 0.377664 0.010743 0.012544
0 0.001544 0.391104 0.001377 0.006720
0 0.001534 0.384832 0.001396 0.006272
0 0.001590 0.348096 0.001284 0.022848
0 0.001583 0.353024 0.001298 0.022400
0 0.001576 0.357056 0.001312 0.021952
0 0.008258 0.169344 0.014734 0.029120
