0 0.002259 0.518784 0.004411 0.002688
0 0.001176 0.469952 0.002113 0.009856
0 0.001201 0.410816 0.002062 0.005376
0 0.001199 0.413504 0.002066 0.005376
0 0.001199 0.416192 0.002066 0.004928
0 0.001199 0.418880 0.002067 0.004480
0 0.001198 0.422016 0.002069 0.004480
0 0.001177 0.418880 0.002111 0.012544
0 0.001182 0.419328 0.002101 0.011648
0 0.001174 0.437248 0.002115 0.009856
0 0.001178 0.438144 0.002108 0.008064
0 0.001176 0.452480 0.002112 0.016128
0 0.001171 0.468608 0.002123 0.015232
0 0.001179 0.469952 0.002106 0.013440
0 0.005658 0.608384 0.011005 0.023296
0 0.001182 0.454272 0.002100 0.013888
0 0.007764 0.460992 0.011258 0.051072
0 0.015591 0.464128 0.026855 0.035392
0 0.011052 0.464576 0.018074 0.004032
0 0.001160 0.548352 0.002144 0.011648
0 0.001161 0.538048 0.002141 0.009408
0 0.001159 0.564480 0.002146 0.008064
0 0.001158 0.574336 0.002149 0.011648
0 0.001162 0.575232 0.002139 0.011648
0 0.001172 0.573440 0.002120 0.011200
0 0.004551 0.585088 0.008755 0.019264
0 0.001630 0.399616 0.001205 0.019264
0 0.001809 0.447104 0.000847 0.011200
0 0.001812 0.429184 0.000841 0.012992
0 0.001815 0.430976 0.000834 0.013888
0 0.010149 0.053760 0.019880 0.007616
0 0.010154 0.053760 0.019871 0.007616
0 0.001425 0.070784 0.001615 0.025088
0 0.011145 0.318528 0.017888 0.003136
0 0.011050 0.231616 0.018078 0.006720
0 0.011047 0.234304 0.018084 0.006272
0 0.011045 0.236544 0.018089 0.006720
0 0.011106 0.298816 0.017967 0.003136
0 0.011039 0.252224 0.018101 0.003584
0 0.001391 0.356608 0.001682 0.006720
0 0.001695 0.409024 0.001075 0.018368
0 0.001716 0.383040 0.001032 0.009856
0 0.001719 0.381696 0.001026 0.011648
0 0.001727 0.396032 0.001010 0.012096
0 0.001738 0.411264 0.000989 0.010304
0 0.001741 0.410368 0.000983 0.010304
0 0.001743 0.407232 0.000978 0.012096
0 0.001749 0.430528 0.000967 0.011648
0 0.001796 0.404096 0.000872 0.010304
0 0.001795 0.406784 0.000874 0.009408
0 0.001790 0.409920 0.000885 0.015232
0 0.001816 0.417088 0.000832 0.011648
0 0.001818 0.434112 0.000828 0.014784
0 0.004556 0.571648 0.008745 0.007168
0 0.001159 0.568064 0.002146 0.005376
0 0.002260 0.515200 0.004409 0.003136
0 0.007850 0.316736 0.015549 0.014336
0 0.001172 0.318080 0.002120 0.011200
0 0.001197 0.317184 0.002071 0.008064
0 0.001219 0.321216 0.002027 0.008064
0 0.001615 0.275968 0.001235 0.010304
0 0.001611 0.275968 0.001242 0.008960
0 0.001621 0.288064 0.001223 0.011200
0 0.001617 0.290752 0.001229 0.011648
0 0.001623 0.307328 0.001217 0.006720
0 0.001624 0.315840 0.001215 0.011200
0 0.001622 0.318080 0.001220 0.009856
0 0.001619 0.320320 0.001226 0.010752
0 0.007866 0.317184 0.015518 0.014336
0 0.001879 0.544768 0.000705 0.009408
0 0.007881 0.317632 0.015488 0.014336
0 0.007897 0.318528 0.015457 0.014336
0 0.007912 0.319424 0.015426 0.013440
0 0.001142 0.358848 0.002180 0.007616
0 0.001634 0.320768 0.001196 0.012544
0 0.001638 0.317632 0.001189 0.011648
0 0.001642 0.315840 0.001181 0.011648
0 0.002829 0.399168 0.003271 0.006720
0 0.002835 0.406784 0.003258 0.006720
0 0.002841 0.414848 0.003246 0.006720
0 0.002847 0.422016 0.003235 0.006720
0 0.001166 0.316288 0.002133 0.008960
0 0.001157 0.316736 0.002150 0.012544
0 0.001123 0.314496 0.002218 0.004928
0 0.001269 0.991872 0.001926 0.013440
0 0.001882 0.547456 0.000700 0.014336
0 0.001893 0.559104 0.000678 0.011648
0 0.001895 0.570304 0.000675 0.015232
0 0.001906 0.576128 0.000652 0.013888
0 0.001909 0.580608 0.000646 0.009408
0 0.001916 0.592704 0.000632 0.010304
0 0.001947 0.629888 0.000570 0.028224
0 0.001483 0.703360 0.001498 0.008064
0 0.001871 0.693504 0.000722 0.037632
0 0.001865 0.697088 0.000735 0.035840
0 0.001961 0.662144 0.000542 0.033600
0 0.008472 0.687680 0.014307 0.099456
0 0.001167 0.826560 0.002130 0.031360
0 0.001172 0.857024 0.002120 0.012096
0 0.001428 0.849856 0.001607 0.115136
0 0.010096 0.961408 0.019987 0.005824
0 0.001232 0.950208 0.002000 0.012992
0 0.001237 0.962304 0.001991 0.008512
0 0.001254 0.985600 0.001956 0.009856
0 0.001257 0.983808 0.001950 0.009856
0 0.001258 0.995008 0.001949 0.007616
0 0.001261 0.994112 0.001942 0.009408
0 0.001267 0.993664 0.001931 0.009856
0 0.010146 0.055104 0.019888 0.008064
