0 0.011395 0.900480 0.021853 0.013440
0 0.001623 0.261184 0.001219 0.043008
0 0.011505 0.364672 0.021632 0.017024
0 0.011512 0.358400 0.021619 0.016576
0 0.011515 0.352576 0.021613 0.013440
0 0.011515 0.347200 0.021613 0.017024
0 0.011577 0.330176 0.021488 0.007616
0 0.011587 0.330624 0.021469 0.007616
0 0.011596 0.331968 0.021450 0.006720
0 0.011605 0.332864 0.021432 0.007616
0 0.011623 0.335552 0.021397 0.007616
0 0.011641 0.336000 0.021361 0.007168
0 0.011632 0.335552 0.021380 0.007616
0 0.001590 0.392448 0.001285 0.007616
0 0.001588 0.383488 0.001289 0.010752
0 0.001703 0.382592 0.001058 0.010752
0 0.011497 0.373184 0.021648 0.017472
0 0.001674 0.377664 0.001115 0.022400
0 0.001629 0.385280 0.001207 0.013888
0 0.011710 0.296576 0.021222 0.008064
0 0.011748 0.345408 0.021146 0.009408
0 0.011845 0.310016 0.020952 0.007168
0 0.012046 0.320768 0.020551 0.016128
0 0.012041 0.320320 0.020560 0.017472
0 0.012033 0.321216 0.020577 0.015680
0 0.012029 0.319872 0.020585 0.015680
0 0.001992 0.383040 0.000480 0.063168
0 0.002007 0.382144 0.000449 0.043456
0 0.002019 0.390656 0.000426 0.052864
0 0.002037 0.405440 0.000390 0.025984
0 0.011501 0.369152 0.021641 0.017920
0 0.011494 0.375872 0.021655 0.016128
0 0.001562 0.370496 0.001339 0.018816
0 0.011275 0.368704 0.022093 0.006720
0 0.001571 0.372288 0.001323 0.019712
0 0.001580 0.384384 0.001304 0.023744
0 0.011253 0.338240 0.022136 0.006720
0 0.011232 0.332416 0.022180 0.007168
0 0.011217 0.331072 0.022209 0.007168
0 0.011184 0.351232 0.022274 0.006272
0 0.011181 0.364672 0.022281 0.005824
0 0.011220 0.362432 0.022204 0.006720
0 0.011210 0.361536 0.022222 0.007616
0 0.011238 0.363776 0.022168 0.006272
0 0.011247 0.366016 0.022149 0.007168
0 0.011257 0.366464 0.022130 0.007168
0 0.011267 0.356160 0.022108 0.007168
0 0.011293 0.371392 0.022057 0.006720
0 0.011490 0.379904 0.021663 0.016576
0 0.011301 0.373184 0.022041 0.006272
0 0.011325 0.375424 0.021993 0.005824
0 0.011343 0.377664 0.021958 0.006272
0 0.011334 0.376320 0.021975 0.007168
0 0.011371 0.381696 0.021900 0.005824
0 0.011362 0.379904 0.021919 0.007168
0 0.011390 0.383936 0.021863 0.007168
0 0.011400 0.384832 0.021842 0.007616
0 0.011421 0.388416 0.021800 0.007168
0 0.011432 0.388864 0.021780 0.007616
0 0.011443 0.390208 0.021756 0.007168
0 0.011484 0.390208 0.021675 0.017472
0 0.011488 0.387520 0.021668 0.014336
0 0.002037 0.374528 0.000391 0.024640
0 0.002047 0.390208 0.000370 0.025536
0 0.002063 0.383488 0.000339 0.041216
0 0.001336 0.402304 0.001792 0.012544
0 0.001524 0.551040 0.001415 0.012992
0 0.001387 0.536704 0.001691 0.010304
0 0.001363 0.532224 0.001739 0.012096
0 0.001269 0.522816 0.001926 0.014336
0 0.001268 0.508480 0.001929 0.016576
0 0.001214 0.396928 0.002036 0.035840
0 0.001218 0.516544 0.002028 0.013440
0 0.001198 0.493696 0.002068 0.010752
0 0.001199 0.503552 0.002067 0.009856
0 0.001195 0.514304 0.002074 0.012096
0 0.010088 0.351232 0.020002 0.007616
0 0.010178 0.392000 0.019823 0.014336
0 0.001338 0.415296 0.001789 0.012096
0 0.001417 0.426048 0.001630 0.017472
0 0.002075 0.379008 0.000315 0.024192
0 0.001417 0.414400 0.001630 0.013888
0 0.001389 0.411264 0.001687 0.013888
0 0.001448 0.417536 0.001569 0.016128
0 0.001575 0.363328 0.001315 0.021952
0 0.001610 0.370048 0.001244 0.020160
0 0.001715 0.382144 0.001034 0.020160
0 0.001770 0.356160 0.000925 0.017920
0 0.001932 0.372288 0.000601 0.022400
0 0.008683 0.388416 0.013883 0.059136
0 0.008711 0.388864 0.013829 0.062720
0 0.008738 0.392448 0.013774 0.061376
0 0.008766 0.394240 0.013719 0.063168
0 0.008793 0.396928 0.013665 0.064512
0 0.001611 0.558656 0.001243 0.018816
0 0.001654 0.560448 0.001156 0.024640
0 0.001677 0.545664 0.001111 0.056448
0 0.001644 0.373632 0.001176 0.021056
0 0.003323 0.043008 0.002283 0.007616
0 0.003326 0.024192 0.002276 0.011200
0 0.003329 0.012992 0.002270 0.012096
0 0.012101 0.140224 0.020440 0.007168
0 0.012082 0.134400 0.020479 0.006720
0 0.012070 0.112000 0.020502 0.008064
0 0.012018 0.092288 0.020607 0.013440
0 0.011939 0.077056 0.020765 0.008064
0 0.011930 0.074368 0.020783 0.007616
0 0.011916 0.098112 0.020811 0.007616
0 0.011907 0.095424 0.020828 0.007616
0 0.011903 0.072128 0.020838 0.007616
0 0.001273 0.393344 0.001919 0.012544
0 0.001301 0.398720 0.001863 0.016128
0 0.002030 0.956928 0.000404 0.038976
0 0.002024 0.952448 0.000416 0.046144
0 0.002036 0.868672 0.000393 0.054208
0 0.002028 0.866432 0.000409 0.062272
0 0.002065 0.873600 0.000334 0.033152
0 0.002067 0.855232 0.000330 0.024192
0 0.002067 0.840896 0.000331 0.024192
0 0.002071 0.828352 0.000323 0.024640
0 0.001965 0.580608 0.000535 0.037184
0 0.001798 0.578816 0.000868 0.018816
0 0.001711 0.560448 0.001042 0.046592
0 0.001724 0.552832 0.001016 0.056896
0 0.001688 0.551040 0.001088 0.049280
0 0.001567 0.370944 0.001330 0.019712
0 0.001559 0.369600 0.001346 0.017920
0 0.011387 0.911680 0.021869 0.015680
0 0.011877 0.629888 0.020890 0.008064
0 0.001531 0.542528 0.001402 0.005376
0 0.001552 0.537152 0.001359 0.012096
0 0.001550 0.542528 0.001364 0.009856
0 0.001551 0.549248 0.001363 0.010304
0 0.001567 0.548352 0.001331 0.008064
0 0.001568 0.538944 0.001329 0.008960
0 0.001614 0.545664 0.001236 0.016576
0 0.001799 0.561792 0.000866 0.019264
0 0.001830 0.567168 0.000805 0.017024
0 0.001829 0.584192 0.000807 0.015232
0 0.011896 0.633024 0.020851 0.008064
0 0.011881 0.667072 0.020880 0.007616
0 0.011886 0.631232 0.020871 0.007616
0 0.011855 0.663488 0.020934 0.007168
0 0.001500 0.547456 0.001465 0.013440
0 0.011843 0.624064 0.020956 0.008064
0 0.011843 0.654976 0.020957 0.008064
0 0.011833 0.622720 0.020976 0.007616
0 0.011825 0.620928 0.020993 0.008064
0 0.011816 0.619136 0.021012 0.006720
0 0.011821 0.601216 0.021002 0.016128
0 0.011817 0.601664 0.021009 0.017024
0 0.011807 0.619136 0.021030 0.007168
0 0.011797 0.616896 0.021048 0.008960
0 0.011813 0.679168 0.021017 0.013888
0 0.011788 0.614208 0.021066 0.008064
0 0.011778 0.610176 0.021087 0.008960
0 0.011769 0.608384 0.021105 0.008064
0 0.001532 0.536704 0.001401 0.007168
0 0.001482 0.548352 0.001501 0.008960
0 0.001554 0.367808 0.001356 0.017920
0 0.011216 0.779968 0.022211 0.013888
0 0.011928 0.745024 0.020786 0.017024
0 0.011734 0.787136 0.021175 0.012096
0 0.011665 0.797888 0.021314 0.016128
0 0.011666 0.831488 0.021310 0.016128
0 0.011641 0.867328 0.021361 0.016576
0 0.011479 0.787584 0.021685 0.013440
0 0.011451 0.824768 0.021740 0.013888
0 0.011419 0.822080 0.021804 0.016128
0 0.011414 0.800576 0.021815 0.016576
0 0.011408 0.784448 0.021827 0.016128
0 0.011408 0.861504 0.021827 0.015232
0 0.011277 0.695744 0.022089 0.013888
0 0.011224 0.768768 0.022195 0.015232
0 0.011209 0.788480 0.022225 0.013888
0 0.001482 0.540288 0.001500 0.007616
0 0.011191 0.794304 0.022261 0.017024
0 0.011189 0.775040 0.022264 0.017920
0 0.011171 0.810432 0.022302 0.015680
0 0.011179 0.747712 0.022285 0.017920
0 0.001446 0.532224 0.001572 0.018816
0 0.001442 0.530432 0.001580 0.017920
0 0.001438 0.532224 0.001589 0.019264
0 0.001435 0.534464 0.001595 0.021952
0 0.001450 0.535808 0.001564 0.019264
0 0.001456 0.533120 0.001553 0.022848
0 0.001464 0.534016 0.001536 0.026880
0 0.001472 0.533568 0.001521 0.024640
0 0.001483 0.533568 0.001498 0.006272
0 0.011787 0.712320 0.021069 0.013440
0 0.011795 0.677376 0.021053 0.012992
0 0.011757 0.669312 0.021128 0.017024
0 0.001218 0.392896 0.002027 0.022848
0 0.001181 0.504448 0.002102 0.019264
0 0.001178 0.504448 0.002108 0.017024
0 0.001176 0.504896 0.002113 0.017024
0 0.001174 0.504448 0.002117 0.017024
0 0.001171 0.504000 0.002122 0.018816
0 0.001163 0.471296 0.002139 0.035840
0 0.001157 0.440832 0.002151 0.028672
0 0.001145 0.410816 0.002173 0.030464
0 0.001152 0.380352 0.002159 0.009856
0 0.001208 0.389312 0.002048 0.019264
0 0.001211 0.396480 0.002043 0.025984
0 0.001225 0.394688 0.002014 0.017920
0 0.001221 0.394688 0.002023 0.023296
0 0.001365 0.405888 0.001734 0.013440
0 0.011758 0.608832 0.021127 0.007616
0 0.001451 0.428736 0.001561 0.013440
0 0.001501 0.404096 0.001463 0.008960
0 0.001506 0.359296 0.001452 0.017472
0 0.001509 0.361088 0.001446 0.017920
0 0.001514 0.362432 0.001436 0.019264
0 0.001517 0.361088 0.001430 0.018816
0 0.001523 0.361088 0.001419 0.017472
0 0.001525 0.360640 0.001413 0.017472
0 0.001530 0.365120 0.001404 0.024192
0 0.001538 0.369152 0.001389 0.017024
0 0.001541 0.368704 0.001383 0.017920
0 0.001545 0.366016 0.001374 0.019712
0 0.001551 0.366912 0.001361 0.018816
0 0.001184 0.505792 0.002095 0.017472
0 0.001187 0.505792 0.002090 0.019712
0 0.001190 0.504896 0.002084 0.019264
0 0.001333 0.531328 0.001798 0.010752
0 0.011753 0.641088 0.021138 0.007168
0 0.011746 0.624960 0.021152 0.006720
0 0.011734 0.639296 0.021175 0.007168
0 0.011726 0.637952 0.021192 0.006720
0 0.011672 0.662592 0.021298 0.015680
0 0.011628 0.627648 0.021387 0.007168
0 0.011616 0.674688 0.021410 0.015232
0 0.011592 0.640640 0.021460 0.013440
0 0.011541 0.616896 0.021561 0.006720
0 0.011530 0.615104 0.021582 0.007168
0 0.011471 0.611072 0.021701 0.007616
0 0.011442 0.607040 0.021759 0.007168
0 0.011464 0.609728 0.021716 0.007168
0 0.011433 0.605696 0.021776 0.007168
0 0.011430 0.590464 0.021783 0.007616
0 0.011425 0.575680 0.021792 0.008064
0 0.011412 0.603904 0.021819 0.006720
0 0.011359 0.581952 0.021924 0.007168
0 0.011283 0.587776 0.022076 0.007168
0 0.011337 0.639296 0.021968 0.012544
0 0.011320 0.591808 0.022003 0.007616
0 0.011192 0.538944 0.022259 0.015232
0 0.011202 0.579264 0.022239 0.007616
0 0.011166 0.555072 0.022311 0.009856
0 0.011165 0.545216 0.022313 0.011200
0 0.011163 0.536704 0.022316 0.008960
0 0.001334 0.524160 0.001797 0.013440
0 0.002101 0.403200 0.000262 0.037184
