0 0.002325 0.948416 0.004279 0.004480
0 0.002333 0.932736 0.004262 0.004480
0 0.010900 0.822976 0.018379 0.008960
0 0.010870 0.829248 0.018438 0.006720
0 0.010892 0.852992 0.018395 0.004480
0 0.010908 0.861504 0.018363 0.007616
0 0.010913 0.866432 0.018353 0.004928
0 0.002073 0.839552 0.000319 0.020160
0 0.002079 0.840896 0.000306 0.015232
0 0.002080 0.821184 0.000305 0.012992
0 0.002083 0.822080 0.000298 0.013888
0 0.002074 0.856576 0.000316 0.017920
0 0.002088 0.810880 0.000288 0.012096
0 0.002093 0.812224 0.000279 0.010752
0 0.002087 0.823424 0.000291 0.013888
0 0.002089 0.822976 0.000286 0.022400
0 0.002083 0.841344 0.000298 0.017920
0 0.002079 0.858816 0.000307 0.015232
0 0.002073 0.875392 0.000318 0.015232
0 0.002066 0.888832 0.000333 0.014336
0 0.002069 0.890624 0.000325 0.012992
0 0.002069 0.873152 0.000325 0.013888
0 0.002042 0.873600 0.000380 0.007616
0 0.002037 0.877184 0.000391 0.008960
0 0.009852 0.919744 0.016011 0.030464
0 0.010943 0.886592 0.018293 0.007168
0 0.010676 0.870912 0.018827 0.003136
0 0.010632 0.939008 0.018914 0.005376
0 0.009063 0.916608 0.017589 0.035392
0 0.010896 0.833280 0.018387 0.008960
0 0.010866 0.827008 0.018447 0.003584
0 0.010883 0.807744 0.018413 0.004928
0 0.010763 0.736064 0.018654 0.004928
0 0.010572 0.633920 0.019034 0.007616
0 0.010565 0.634368 0.019048 0.008064
0 0.010997 0.608384 0.018184 0.003136
0 0.002161 0.629440 0.000142 0.021056
0 0.002152 0.655872 0.000159 0.020160
0 0.002146 0.655872 0.000172 0.021056
0 0.010096 0.717696 0.019987 0.005824
0 0.010760 0.690368 0.018658 0.008064
0 0.010761 0.694848 0.018657 0.008960
0 0.010757 0.706944 0.018666 0.008960
0 0.010753 0.718144 0.018673 0.006720
0 0.010755 0.729344 0.018669 0.008064
0 0.010898 0.783552 0.018383 0.008960
0 0.010863 0.796992 0.018453 0.006272
0 0.010800 0.766528 0.018578 0.005376
0 0.010643 0.774592 0.018894 0.008960
0 0.009128 0.716352 0.017459 0.035392
0 0.010629 0.814016 0.018920 0.007616
0 0.010678 0.820736 0.018823 0.006720
0 0.010680 0.812672 0.018818 0.005824
0 0.010678 0.814016 0.018822 0.005824
0 0.010691 0.812224 0.018796 0.003584
0 0.010641 0.786688 0.018896 0.008512
0 0.010626 0.848960 0.018927 0.005824
0 0.010858 0.819840 0.018462 0.006720
0 0.010858 0.826112 0.018462 0.004928
0 0.011031 0.957824 0.018117 0.003584
0 0.011053 0.975744 0.018073 0.004480
0 0.011055 0.981568 0.018068 0.005824
0 0.002769 0.308672 0.003390 0.006720
0 0.002718 0.419776 0.003492 0.011648
0 0.002732 0.424256 0.003465 0.012544
0 0.002730 0.398272 0.003468 0.008960
0 0.002734 0.386176 0.003460 0.005376
0 0.002736 0.378112 0.003456 0.006720
0 0.002762 0.294336 0.003405 0.007168
0 0.002760 0.302400 0.003409 0.006272
0 0.002757 0.309568 0.003415 0.006720
0 0.002754 0.316736 0.003421 0.006272
0 0.002752 0.334656 0.003424 0.007168
0 0.002760 0.337344 0.003408 0.006720
0 0.002768 0.340480 0.003393 0.007168
0 0.002771 0.318080 0.003386 0.013888
0 0.002695 0.417088 0.003538 0.005824
0 0.002783 0.396480 0.003362 0.008064
0 0.002779 0.407232 0.003370 0.008960
0 0.002776 0.417984 0.003377 0.008960
0 0.002772 0.429184 0.003385 0.009408
0 0.002810 0.327488 0.003308 0.017024
0 0.002804 0.346304 0.003321 0.016128
0 0.002811 0.382144 0.003307 0.010752
0 0.002806 0.397824 0.003316 0.009856
0 0.002830 0.334208 0.003269 0.017024
0 0.002824 0.353472 0.003281 0.016128
0 0.002855 0.365568 0.003219 0.003136
0 0.002859 0.366464 0.003211 0.002688
0 0.002702 0.418432 0.003525 0.005824
0 0.002704 0.413056 0.003521 0.005376
0 0.002269 0.156352 0.004390 0.013888
0 0.002695 0.292544 0.003538 0.005824
0 0.002282 0.160832 0.004364 0.013440
0 0.002666 0.267456 0.003596 0.006272
0 0.002678 0.264320 0.003572 0.005376
0 0.002676 0.271040 0.003577 0.004928
0 0.002684 0.267008 0.003560 0.004928
0 0.002682 0.273280 0.003564 0.005376
0 0.002693 0.271488 0.003542 0.007168
0 0.002690 0.280448 0.003548 0.007168
0 0.002687 0.288960 0.003554 0.006720
0 0.002702 0.273280 0.003525 0.005376
0 0.002700 0.279552 0.003530 0.005824
0 0.002698 0.285824 0.003533 0.005376
0 0.002246 0.430528 0.004436 0.005824
0 0.002698 0.410816 0.003533 0.005824
0 0.002707 0.379456 0.003515 0.004928
0 0.002712 0.382144 0.003504 0.006720
0 0.002709 0.389312 0.003510 0.006720
0 0.002719 0.384384 0.003491 0.006272
0 0.002716 0.391552 0.003496 0.006720
0 0.002703 0.399168 0.003524 0.006720
0 0.002708 0.400512 0.003512 0.005376
0 0.002714 0.403648 0.003500 0.005824
0 0.002713 0.408128 0.003503 0.004928
0 0.002711 0.413056 0.003507 0.005376
0 0.002706 0.406336 0.003516 0.006272
0 0.002700 0.404544 0.003528 0.005376
0 0.010569 0.625856 0.019040 0.005824
0 0.005591 0.613760 0.011138 0.016128
0 0.010783 0.617344 0.018613 0.007168
0 0.010835 0.363776 0.018509 0.004032
0 0.002210 0.192192 0.000045 0.030912
0 0.001303 0.262080 0.001857 0.051968
0 0.010578 0.271040 0.019023 0.003584
0 0.010691 0.310016 0.018797 0.004480
0 0.010710 0.321664 0.018758 0.004480
0 0.010722 0.322112 0.018735 0.003584
0 0.010806 0.274176 0.018567 0.003136
0 0.001979 0.261184 0.000507 0.026432
0 0.002051 0.304640 0.000363 0.035392
0 0.010823 0.361088 0.018532 0.004480
0 0.010832 0.364672 0.018515 0.004480
0 0.010827 0.361088 0.018524 0.004480
0 0.010847 0.367808 0.018485 0.004480
0 0.002206 0.152768 0.000052 0.039872
0 0.010844 0.368704 0.018490 0.004032
0 0.010803 0.352128 0.018573 0.004032
0 0.010784 0.346304 0.018611 0.004032
0 0.010852 0.372288 0.018474 0.004032
0 0.010861 0.376768 0.018457 0.005376
0 0.010916 0.307776 0.018346 0.004480
0 0.010927 0.317632 0.018324 0.004480
0 0.010948 0.330176 0.018282 0.004032
0 0.010961 0.340480 0.018256 0.004928
0 0.010961 0.438592 0.018257 0.005824
0 0.010963 0.440384 0.018254 0.005824
0 0.010964 0.441280 0.018251 0.005824
0 0.002200 0.167552 0.000065 0.078848
0 0.002207 0.148288 0.000051 0.019712
0 0.010971 0.439936 0.018237 0.003584
0 0.010059 0.138880 0.020061 0.005376
0 0.008788 0.058688 0.013674 0.023296
0 0.010055 0.110208 0.020069 0.007168
0 0.010479 0.044352 0.019220 0.004480
0 0.010493 0.048832 0.019192 0.004928
0 0.008648 0.012096 0.013953 0.020160
0 0.002070 0.060928 0.000325 0.007616
0 0.002110 0.051968 0.000244 0.026432
0 0.002121 0.077056 0.000222 0.027776
0 0.002198 0.094976 0.000068 0.030464
0 0.002202 0.100800 0.000061 0.033152
0 0.002216 0.108864 0.000032 0.030464
0 0.008864 0.107072 0.013522 0.030912
0 0.010074 0.134400 0.020030 0.003584
0 0.008892 0.132160 0.013467 0.036288
0 0.010181 0.173824 0.019817 0.003136
0 0.010237 0.149184 0.019704 0.004480
0 0.010421 0.211904 0.019337 0.003584
0 0.010441 0.219520 0.019296 0.004480
0 0.006054 0.198464 0.010213 0.020160
0 0.010409 0.210112 0.019361 0.003584
0 0.010722 0.190848 0.018734 0.004032
0 0.010767 0.178752 0.018645 0.006720
0 0.001814 0.158592 0.000836 0.030912
0 0.010764 0.185472 0.018651 0.005824
0 0.010747 0.191744 0.018685 0.004928
0 0.008875 0.114240 0.013500 0.030912
0 0.010960 0.444416 0.018258 0.003584
0 0.010949 0.418880 0.018280 0.007616
0 0.010795 0.578368 0.018588 0.009408
0 0.010432 0.366016 0.019315 0.004928
0 0.010899 0.439488 0.018380 0.003136
0 0.010897 0.464128 0.018385 0.006720
0 0.010900 0.465472 0.018379 0.005824
0 0.010862 0.449344 0.018454 0.006272
0 0.010864 0.449792 0.018451 0.006272
0 0.010881 0.457408 0.018417 0.005824
0 0.010883 0.458304 0.018414 0.006720
0 0.010859 0.440832 0.018460 0.004032
0 0.010857 0.445760 0.018464 0.004032
0 0.010862 0.459200 0.018455 0.004032
0 0.010666 0.448000 0.018846 0.003584
0 0.001486 0.447104 0.001492 0.051072
0 0.010440 0.331072 0.019299 0.008960
0 0.010895 0.449792 0.018388 0.003584
0 0.002151 0.529088 0.000162 0.006272
0 0.002149 0.536256 0.000167 0.006720
0 0.002146 0.542976 0.000171 0.005824
0 0.002168 0.611072 0.000128 0.016128
0 0.002127 0.554176 0.000209 0.012992
0 0.002132 0.554624 0.000201 0.009408
0 0.002125 0.582400 0.000214 0.016128
0 0.010938 0.582848 0.018303 0.004480
0 0.010801 0.565824 0.018576 0.006720
0 0.010807 0.552832 0.018565 0.008960
0 0.010797 0.586432 0.018584 0.005824
0 0.010799 0.576128 0.018581 0.006720
0 0.010898 0.443520 0.018382 0.003584
0 0.010899 0.441728 0.018381 0.003584
0 0.010952 0.420224 0.018275 0.007168
0 0.010973 0.429184 0.018232 0.003584
0 0.010955 0.421568 0.018269 0.006720
0 0.010956 0.422016 0.018266 0.008064
0 0.010958 0.422912 0.018262 0.007168
0 0.010963 0.424256 0.018254 0.007168
0 0.010968 0.417984 0.018243 0.007168
0 0.010953 0.413056 0.018272 0.007168
0 0.010973 0.418880 0.018232 0.007168
0 0.010977 0.418432 0.018225 0.003584
0 0.010976 0.419776 0.018226 0.003584
0 0.010975 0.423360 0.018228 0.004032
0 0.010974 0.426048 0.018230 0.004032
0 0.010973 0.427392 0.018232 0.003584
0 0.010972 0.430976 0.018234 0.003584
0 0.010900 0.437696 0.018379 0.003136
0 0.010973 0.432320 0.018232 0.003584
0 0.010928 0.416640 0.018323 0.003584
0 0.010926 0.422912 0.018326 0.003584
0 0.010882 0.425152 0.018414 0.004032
0 0.010882 0.427392 0.018414 0.003584
0 0.010880 0.431424 0.018418 0.003584
0 0.010878 0.432768 0.018422 0.003584
0 0.010866 0.435456 0.018447 0.006720
0 0.010867 0.435904 0.018444 0.006720
0 0.010849 0.432320 0.018481 0.006720
0 0.010841 0.452928 0.018497 0.006720
0 0.010901 0.436352 0.018377 0.003584
0 0.002862 0.367808 0.003205 0.002240
0 0.002866 0.345408 0.003197 0.010304
0 0.002889 0.354816 0.003151 0.012544
0 0.002944 0.595840 0.003041 0.004032
0 0.002900 0.607040 0.003128 0.007168
0 0.002897 0.615104 0.003134 0.007616
0 0.002895 0.623616 0.003139 0.007168
0 0.002947 0.572544 0.003034 0.006720
0 0.002958 0.563136 0.003012 0.007168
0 0.002957 0.570304 0.003014 0.004928
0 0.002956 0.576128 0.003016 0.004928
0 0.002954 0.582400 0.003020 0.004480
0 0.002945 0.578816 0.003039 0.004928
0 0.002945 0.587328 0.003038 0.006272
0 0.002952 0.590016 0.003025 0.003584
0 0.002939 0.594496 0.003050 0.004480
0 0.002935 0.613760 0.003058 0.003584
0 0.002903 0.598528 0.003122 0.007168
0 0.002933 0.620480 0.003062 0.004480
0 0.002939 0.615104 0.003050 0.003584
0 0.002943 0.615552 0.003042 0.005376
0 0.002939 0.623616 0.003051 0.006720
0 0.003132 0.689024 0.002664 0.005824
0 0.003130 0.695744 0.002668 0.005376
0 0.003146 0.669312 0.002636 0.007616
0 0.003146 0.677824 0.002636 0.004480
0 0.003152 0.679168 0.002626 0.005824
0 0.003154 0.672000 0.002620 0.007168
0 0.003162 0.675136 0.002605 0.007616
0 0.003157 0.681856 0.002614 0.005824
0 0.002912 0.602112 0.003105 0.007168
0 0.002907 0.588672 0.003115 0.005376
0 0.003170 0.676928 0.002588 0.004928
0 0.002588 0.585088 0.003753 0.002688
0 0.002303 0.473088 0.004323 0.006720
0 0.002299 0.482944 0.004330 0.007616
0 0.002397 0.642880 0.004135 0.027328
0 0.002535 0.579264 0.003859 0.010752
0 0.002530 0.592704 0.003869 0.007616
0 0.002522 0.607488 0.003884 0.007616
0 0.002539 0.616000 0.003851 0.003584
0 0.002545 0.598080 0.003839 0.011648
0 0.002557 0.623168 0.003815 0.006720
0 0.002512 0.634368 0.003904 0.003584
0 0.002557 0.602112 0.003815 0.009856
0 0.002573 0.567616 0.003782 0.005824
0 0.002592 0.590912 0.003744 0.006272
0 0.002913 0.590912 0.003102 0.006720
0 0.002599 0.593600 0.003731 0.006272
0 0.002594 0.602560 0.003741 0.008064
0 0.002585 0.598976 0.003758 0.008064
0 0.002581 0.609728 0.003767 0.008960
0 0.002712 0.607488 0.003504 0.026880
0 0.002738 0.593152 0.003453 0.008064
0 0.002914 0.568064 0.003101 0.005824
0 0.002911 0.575232 0.003106 0.004928
0 0.002909 0.581952 0.003110 0.005376
0 0.002922 0.564928 0.003084 0.006720
0 0.002920 0.573888 0.003089 0.006720
0 0.002917 0.582400 0.003095 0.006720
0 0.003168 0.682752 0.002592 0.005376
0 0.003175 0.679168 0.002578 0.004480
0 0.002306 0.499072 0.004317 0.003136
0 0.002261 0.924224 0.004407 0.004480
0 0.002712 0.758912 0.003506 0.005376
0 0.002717 0.761152 0.003495 0.005376
0 0.002721 0.762944 0.003486 0.005376
0 0.002728 0.762496 0.003472 0.003584
0 0.002726 0.767872 0.003476 0.003584
0 0.002720 0.767872 0.003489 0.005824
0 0.005648 0.759360 0.011025 0.013888
0 0.003213 0.835520 0.002503 0.003584
0 0.003211 0.839104 0.002506 0.003584
0 0.002235 0.917504 0.004459 0.002688
0 0.002264 0.914368 0.004401 0.005376
0 0.002263 0.919296 0.004404 0.004480
0 0.002237 0.957376 0.004455 0.004928
0 0.002716 0.748160 0.003496 0.011200
0 0.002235 0.963648 0.004458 0.005824
0 0.002243 0.959168 0.004443 0.004928
0 0.002248 0.960960 0.004433 0.005376
0 0.002246 0.967232 0.004437 0.005376
0 0.002263 0.975296 0.004403 0.004032
0 0.002253 0.939904 0.004422 0.002688
0 0.002251 0.946624 0.004426 0.002240
0 0.002250 0.948864 0.004429 0.002688
0 0.002281 0.914816 0.004367 0.004480
0 0.002285 0.916160 0.004358 0.004480
0 0.002303 0.938112 0.004322 0.004032
0 0.002335 0.927808 0.004258 0.004480
0 0.002728 0.748160 0.003473 0.005824
0 0.003125 0.738752 0.002679 0.008960
0 0.003174 0.684992 0.002581 0.004928
0 0.003333 0.820736 0.002262 0.013888
0 0.003179 0.686784 0.002571 0.004480
0 0.003184 0.688576 0.002561 0.004480
0 0.003181 0.680064 0.002566 0.005376
0 0.003186 0.681856 0.002556 0.004480
0 0.003340 0.603008 0.002249 0.010304
0 0.003336 0.663936 0.002257 0.012096
0 0.003321 0.684992 0.002286 0.012992
0 0.003335 0.697088 0.002258 0.012096
0 0.003326 0.710528 0.002276 0.012992
0 0.003312 0.698880 0.002305 0.013440
0 0.003310 0.725312 0.002308 0.012992
0 0.003324 0.736960 0.002280 0.012992
0 0.003272 0.740096 0.002385 0.005376
0 0.003136 0.742784 0.002657 0.008064
0 0.003287 0.756224 0.002355 0.004032
0 0.003266 0.753088 0.002398 0.004928
0 0.003155 0.726208 0.002620 0.005824
0 0.003163 0.730240 0.002602 0.008512
0 0.003158 0.741440 0.002612 0.007616
0 0.003152 0.733376 0.002624 0.006272
0 0.003149 0.740992 0.002630 0.005824
0 0.003155 0.752192 0.002618 0.008512
0 0.003151 0.762944 0.002626 0.008960
0 0.003145 0.748608 0.002638 0.007616
0 0.003141 0.759360 0.002646 0.008960
0 0.003130 0.752192 0.002669 0.008064
0 0.002306 0.463680 0.004318 0.007168
0 0.002300 0.518784 0.004328 0.010752
0 0.002793 0.414400 0.003343 0.006720
0 0.003220 0.471744 0.002488 0.005824
0 0.003238 0.488320 0.002452 0.007616
0 0.003247 0.491456 0.002435 0.008960
0 0.003247 0.499520 0.002435 0.004480
0 0.003245 0.505792 0.002439 0.004928
0 0.003241 0.497728 0.002446 0.004928
0 0.003240 0.503552 0.002449 0.005824
0 0.003235 0.495488 0.002458 0.005376
0 0.003233 0.501760 0.002463 0.005376
0 0.003234 0.456512 0.002461 0.008960
0 0.003231 0.466368 0.002467 0.007616
0 0.003224 0.452928 0.002481 0.008512
0 0.003223 0.462784 0.002484 0.007616
0 0.003228 0.473984 0.002473 0.005824
0 0.003241 0.478464 0.002446 0.007616
0 0.003217 0.478912 0.002494 0.004928
0 0.003215 0.485632 0.002499 0.005376
0 0.003213 0.491008 0.002503 0.005824
0 0.003220 0.488320 0.002488 0.005376
0 0.003223 0.481152 0.002483 0.005376
0 0.003228 0.483392 0.002472 0.004928
0 0.003226 0.490112 0.002477 0.004928
0 0.003219 0.493248 0.002491 0.004480
0 0.003223 0.495488 0.002482 0.004480
0 0.003192 0.438592 0.002544 0.007168
0 0.003201 0.443072 0.002526 0.008960
0 0.003212 0.446656 0.002505 0.009408
0 0.003250 0.481152 0.002428 0.008960
0 0.003254 0.471296 0.002420 0.008064
0 0.003198 0.453824 0.002533 0.008960
0 0.003190 0.385728 0.002549 0.007168
0 0.002790 0.422016 0.003348 0.005824
0 0.002787 0.430080 0.003354 0.006272
0 0.002810 0.420672 0.003309 0.005824
0 0.002806 0.428288 0.003317 0.006720
0 0.002918 0.365568 0.003092 0.011648
0 0.002924 0.379904 0.003081 0.009856
0 0.002920 0.399168 0.003089 0.011200
0 0.002941 0.404992 0.003046 0.008064
0 0.002938 0.414400 0.003052 0.008512
0 0.002935 0.423360 0.003059 0.008960
0 0.002952 0.415296 0.003026 0.014336
0 0.002971 0.429184 0.002986 0.014336
0 0.003187 0.397376 0.002554 0.010304
0 0.003245 0.468160 0.002439 0.008064
0 0.003183 0.411712 0.002564 0.010752
0 0.003198 0.389312 0.002532 0.007168
0 0.003200 0.403200 0.002529 0.011648
0 0.003195 0.415744 0.002539 0.011200
0 0.003213 0.407680 0.002503 0.010752
0 0.003208 0.420672 0.002512 0.010752
0 0.003253 0.421568 0.002423 0.009856
0 0.003263 0.428288 0.002402 0.010304
0 0.003259 0.440832 0.002410 0.010752
0 0.003259 0.464128 0.002410 0.004928
0 0.003248 0.460096 0.002433 0.004928
0 0.003253 0.461888 0.002422 0.005376
0 0.003207 0.457856 0.002514 0.008960
0 0.003189 0.447552 0.002551 0.006720
0 0.002304 0.506688 0.004320 0.010752
0 0.002957 0.553728 0.003015 0.004928
0 0.002915 0.449344 0.003098 0.004032
0 0.002917 0.445760 0.003095 0.003136
0 0.002838 0.466368 0.003252 0.008960
0 0.002819 0.434560 0.003291 0.004480
0 0.002803 0.435904 0.003323 0.006720
0 0.002801 0.443520 0.003327 0.006720
0 0.002798 0.451584 0.003332 0.006720
0 0.002785 0.437696 0.003359 0.006720
0 0.002782 0.445312 0.003365 0.006720
0 0.002768 0.440384 0.003392 0.009856
0 0.002955 0.545664 0.003018 0.005376
0 0.002962 0.547904 0.003004 0.006720
0 0.002962 0.555968 0.003005 0.004928
0 0.002913 0.456512 0.003103 0.003584
0 0.002944 0.558208 0.003041 0.007168
0 0.002951 0.560896 0.003026 0.006720
0 0.002916 0.561792 0.003096 0.004928
0 0.002607 0.531328 0.003714 0.009408
0 0.002604 0.543872 0.003721 0.008960
0 0.002613 0.549696 0.003702 0.003584
0 0.002607 0.560448 0.003715 0.004480
0 0.002612 0.562240 0.003705 0.004032
0 0.002567 0.546112 0.003795 0.008960
0 0.002565 0.555072 0.003799 0.006720
0 0.002576 0.560448 0.003777 0.006272
0 0.002407 0.542080 0.004115 0.005824
0 0.002914 0.452928 0.003101 0.003584
0 0.002909 0.455616 0.003112 0.004032
0 0.003189 0.457408 0.002551 0.007616
0 0.003164 0.448448 0.002600 0.008960
0 0.003186 0.465920 0.002557 0.007168
0 0.003183 0.473984 0.002563 0.006720
0 0.003190 0.478464 0.002548 0.005824
0 0.003195 0.463232 0.002538 0.006720
0 0.003192 0.471296 0.002545 0.006720
0 0.003203 0.465920 0.002523 0.006720
0 0.003200 0.474432 0.002528 0.005824
0 0.003198 0.481600 0.002532 0.005824
0 0.003171 0.431872 0.002587 0.008512
0 0.003181 0.435008 0.002567 0.008064
0 0.003168 0.439488 0.002593 0.008512
0 0.003177 0.443520 0.002574 0.008512
0 0.003174 0.452032 0.002580 0.008960
0 0.002910 0.451584 0.003108 0.003136
0 0.003159 0.463680 0.002610 0.009408
0 0.003170 0.466368 0.002589 0.007616
0 0.003156 0.473088 0.002617 0.008960
0 0.003167 0.474880 0.002594 0.007616
0 0.003152 0.482944 0.002624 0.008960
0 0.003163 0.484736 0.002603 0.009856
0 0.002974 0.467264 0.002980 0.007616
0 0.002960 0.481600 0.003008 0.019264
0 0.002946 0.433216 0.003038 0.013888
0 0.002930 0.434112 0.003069 0.011200
0 0.002912 0.444416 0.003104 0.003584
0 0.002912 0.448000 0.003106 0.003584
0 0.001599 0.030464 0.001266 0.058240
