0 0.003141 0.820736 0.002647 0.005824
0 0.002956 0.372288 0.003016 0.003584
0 0.003093 0.385728 0.002742 0.003136
0 0.003076 0.369152 0.002776 0.003136
0 0.003045 0.397376 0.002839 0.010304
0 0.003034 0.357056 0.002860 0.002240
0 0.003035 0.354368 0.002859 0.001792
0 0.003036 0.351680 0.002857 0.001792
0 0.002994 0.384832 0.002941 0.010752
0 0.002976 0.384384 0.002977 0.003136
0 0.002976 0.377216 0.002977 0.002688
0 0.002970 0.381248 0.002990 0.005824
0 0.002963 0.375424 0.003002 0.004480
0 0.002963 0.369600 0.003002 0.003584
0 0.002955 0.377216 0.003018 0.005376
0 0.002966 0.364672 0.002997 0.003136
0 0.003218 0.829696 0.002493 0.008960
0 0.002960 0.361984 0.003009 0.005376
0 0.003048 0.316736 0.002832 0.003136
0 0.003058 0.281344 0.002814 0.004928
0 0.003052 0.280448 0.002825 0.004928
0 0.003046 0.278656 0.002837 0.005376
0 0.003042 0.274176 0.002844 0.004480
0 0.003036 0.273280 0.002858 0.005824
0 0.003061 0.270144 0.002807 0.004480
0 0.003055 0.268800 0.002818 0.004480
0 0.003050 0.267904 0.002829 0.004480
0 0.003044 0.265664 0.002840 0.004928
0 0.003040 0.259840 0.002848 0.004480
0 0.003039 0.264320 0.002850 0.004480
0 0.003169 0.403648 0.002590 0.003584
0 0.003183 0.422912 0.002562 0.003584
0 0.003192 0.383936 0.002545 0.008064
0 0.003201 0.389760 0.002527 0.005824
0 0.003041 0.539392 0.002846 0.010752
0 0.003042 0.527744 0.002844 0.010752
0 0.003046 0.514752 0.002837 0.010304
0 0.003025 0.537152 0.002879 0.010752
0 0.003026 0.525504 0.002876 0.010304
0 0.003029 0.512960 0.002871 0.010304
0 0.003012 0.507584 0.002905 0.013440
0 0.003117 0.586432 0.002695 0.004928
0 0.003137 0.533568 0.002654 0.007616
0 0.003127 0.532672 0.002675 0.008512
0 0.003116 0.530880 0.002696 0.007168
0 0.003106 0.529984 0.002717 0.008064
0 0.003096 0.528640 0.002736 0.007616
0 0.003176 0.576576 0.002577 0.004928
0 0.003178 0.561344 0.002572 0.005376
0 0.003169 0.581504 0.002591 0.003584
0 0.003170 0.575680 0.002589 0.004480
0 0.003171 0.570304 0.002587 0.004480
0 0.003171 0.565376 0.002586 0.004480
0 0.003171 0.559552 0.002586 0.004928
0 0.003253 0.581056 0.002422 0.008512
0 0.003267 0.570752 0.002394 0.008512
0 0.003257 0.566272 0.002414 0.008512
0 0.003266 0.558656 0.002397 0.011648
0 0.003258 0.557312 0.002413 0.006272
0 0.010933 0.351680 0.018312 0.011648
0 0.003247 0.375424 0.002434 0.003584
0 0.003029 0.271040 0.002870 0.004928
0 0.003031 0.264320 0.002866 0.004480
0 0.003032 0.259840 0.002864 0.004928
0 0.003245 0.329728 0.002439 0.015232
0 0.003276 0.337792 0.002377 0.015232
0 0.003293 0.317184 0.002342 0.004928
0 0.003285 0.321216 0.002359 0.006272
0 0.003275 0.326144 0.002378 0.005824
0 0.003278 0.315392 0.002372 0.006272
0 0.003282 0.295680 0.002365 0.008512
0 0.003254 0.286272 0.002420 0.015232
0 0.003268 0.267456 0.002393 0.026880
0 0.003307 0.285376 0.002314 0.003584
0 0.003303 0.284480 0.002323 0.003136
0 0.003304 0.280896 0.002320 0.002688
0 0.003305 0.277312 0.002318 0.002688
0 0.003306 0.272384 0.002317 0.004480
0 0.003304 0.265664 0.002321 0.006720
0 0.003306 0.257152 0.002316 0.006720
0 0.003309 0.249088 0.002311 0.007168
0 0.003290 0.249984 0.002349 0.008960
0 0.003267 0.245504 0.002395 0.015232
0 0.010027 0.928256 0.015661 0.021504
0 0.011138 0.875392 0.017903 0.003584
0 0.011094 0.870016 0.017991 0.004480
0 0.010986 0.857920 0.018207 0.004032
0 0.010883 0.847168 0.018414 0.003136
0 0.010649 0.736064 0.018880 0.007616
0 0.009512 0.400064 0.016690 0.050176
0 0.010919 0.211456 0.018340 0.008960
0 0.010926 0.202048 0.018327 0.008960
0 0.003253 0.310016 0.002422 0.015680
0 0.003235 0.310464 0.002458 0.008512
0 0.003059 0.255360 0.002810 0.004928
0 0.003231 0.322560 0.002467 0.008960
0 0.003047 0.253568 0.002835 0.004928
0 0.003042 0.252224 0.002845 0.004928
0 0.003037 0.249536 0.002855 0.004928
0 0.003023 0.304192 0.002883 0.003136
0 0.003024 0.300608 0.002882 0.003584
0 0.003027 0.292096 0.002875 0.003136
0 0.003110 0.293888 0.002708 0.005376
0 0.003104 0.292544 0.002720 0.005376
0 0.003097 0.291200 0.002734 0.005824
0 0.003095 0.279104 0.002739 0.004928
0 0.003166 0.314944 0.002596 0.012992
0 0.003174 0.291200 0.002580 0.012992
0 0.003147 0.310912 0.002634 0.013440
0 0.003154 0.287168 0.002620 0.014336
0 0.003161 0.265216 0.002606 0.012992
0 0.003181 0.269696 0.002567 0.013440
0 0.003178 0.242368 0.002574 0.026432
0 0.003190 0.320320 0.002549 0.009408
0 0.003193 0.308224 0.002543 0.009408
0 0.003196 0.296128 0.002536 0.010304
0 0.003208 0.271040 0.002512 0.021056
0 0.003218 0.242816 0.002492 0.021952
0 0.003209 0.327488 0.002510 0.007616
0 0.003214 0.317632 0.002501 0.004928
0 0.003214 0.308672 0.002500 0.009856
0 0.003226 0.302400 0.002476 0.009408
0 0.003228 0.332416 0.002473 0.007616
0 0.002994 0.495488 0.002940 0.004928
0 0.003002 0.496384 0.002924 0.005824
0 0.002986 0.505792 0.002957 0.004480
0 0.003210 0.743680 0.002509 0.004480
0 0.003202 0.742784 0.002525 0.004480
0 0.003203 0.736512 0.002522 0.004480
0 0.003220 0.701568 0.002489 0.002240
0 0.003213 0.700672 0.002502 0.004032
0 0.003207 0.700224 0.002515 0.004480
0 0.003142 0.813120 0.002644 0.005824
0 0.003144 0.802816 0.002641 0.004928
0 0.003145 0.795648 0.002639 0.004928
0 0.003146 0.789824 0.002636 0.005824
0 0.003173 0.706944 0.002582 0.006720
0 0.003175 0.699328 0.002579 0.005376
0 0.003140 0.738304 0.002648 0.005824
0 0.003142 0.731584 0.002644 0.005376
0 0.003111 0.811776 0.002706 0.006720
0 0.003121 0.791616 0.002687 0.014784
0 0.003099 0.788928 0.002731 0.015232
0 0.003126 0.768768 0.002677 0.007168
0 0.003111 0.766976 0.002706 0.007168
0 0.003118 0.728000 0.002693 0.010304
0 0.003103 0.726208 0.002723 0.008064
0 0.003096 0.765184 0.002736 0.006720
0 0.003088 0.810432 0.002752 0.013888
0 0.003066 0.765184 0.002796 0.012992
0 0.003053 0.796992 0.002822 0.018816
0 0.003047 0.763392 0.002835 0.013888
0 0.003026 0.760256 0.002877 0.013440
0 0.002989 0.784896 0.002950 0.004032
0 0.003210 0.737856 0.002508 0.004480
0 0.003218 0.739200 0.002492 0.004480
0 0.002981 0.779072 0.002966 0.003136
0 0.003226 0.739648 0.002476 0.004032
0 0.003220 0.818048 0.002489 0.009856
0 0.003220 0.805056 0.002488 0.005376
0 0.003326 0.835520 0.002276 0.011648
0 0.003330 0.817152 0.002268 0.012096
0 0.003335 0.793856 0.002258 0.009856
0 0.003265 0.804608 0.002399 0.013888
0 0.003267 0.785792 0.002394 0.013888
0 0.003289 0.754432 0.002350 0.004032
0 0.003290 0.748608 0.002349 0.004032
0 0.003282 0.753088 0.002364 0.004480
0 0.003283 0.747712 0.002362 0.004480
0 0.003274 0.752192 0.002381 0.004480
0 0.003266 0.750848 0.002396 0.004480
0 0.003260 0.750400 0.002409 0.003136
0 0.003254 0.749504 0.002421 0.002688
0 0.003280 0.733824 0.002368 0.003136
0 0.003280 0.729344 0.002368 0.003584
0 0.003244 0.801920 0.002441 0.013888
0 0.003247 0.782656 0.002434 0.013888
0 0.003225 0.797440 0.002479 0.009856
0 0.003227 0.780416 0.002476 0.011200
0 0.003240 0.748608 0.002448 0.003136
0 0.003241 0.742784 0.002447 0.004928
0 0.003232 0.747712 0.002464 0.003584
0 0.003233 0.741440 0.002463 0.004480
0 0.003225 0.746368 0.002478 0.003584
0 0.003218 0.745024 0.002493 0.003136
0 0.002990 0.776832 0.002948 0.004032
0 0.002979 0.784000 0.002970 0.004032
0 0.002929 0.488320 0.003070 0.012096
0 0.003170 0.617344 0.002588 0.004480
0 0.003168 0.599424 0.002592 0.004480
0 0.003168 0.594496 0.002592 0.003584
0 0.003156 0.650496 0.002618 0.010752
0 0.003143 0.656768 0.002643 0.005376
0 0.003145 0.647808 0.002639 0.005824
0 0.003089 0.666624 0.002751 0.002688
0 0.003090 0.663040 0.002749 0.002240
0 0.003112 0.614208 0.002705 0.008960
0 0.003115 0.600320 0.002698 0.003136
0 0.003116 0.593600 0.002697 0.004928
0 0.003103 0.600768 0.002723 0.006720
0 0.003083 0.585984 0.002763 0.021952
0 0.002936 0.636160 0.003057 0.003136
0 0.002931 0.635264 0.003066 0.003136
0 0.002924 0.630336 0.003081 0.005376
0 0.002923 0.621824 0.003083 0.002688
0 0.002936 0.623168 0.003057 0.004032
0 0.002870 0.645120 0.003188 0.036288
0 0.002905 0.561344 0.003119 0.003584
0 0.002906 0.556864 0.003117 0.003136
0 0.002888 0.555968 0.003153 0.007168
0 0.002881 0.529088 0.003166 0.003584
0 0.002883 0.516992 0.003162 0.003584
0 0.002885 0.506688 0.003158 0.003584
0 0.002923 0.482496 0.003082 0.003136
0 0.002924 0.478464 0.003080 0.003136
0 0.002910 0.485632 0.003109 0.012544
0 0.003174 0.598528 0.002581 0.004480
0 0.003164 0.610176 0.002601 0.005376
0 0.002978 0.792512 0.002972 0.004928
0 0.003162 0.616000 0.002604 0.005376
0 0.002977 0.800576 0.002975 0.004480
0 0.002968 0.799680 0.002993 0.004032
0 0.002969 0.792064 0.002990 0.003136
0 0.002972 0.784448 0.002985 0.003136
0 0.002975 0.778176 0.002980 0.002688
0 0.002975 0.774592 0.002978 0.002240
0 0.002985 0.761600 0.002958 0.005376
0 0.002999 0.744128 0.002931 0.003584
0 0.002988 0.748608 0.002952 0.004480
0 0.002982 0.747264 0.002965 0.004480
0 0.002951 0.751744 0.003026 0.002688
0 0.003261 0.609728 0.002406 0.006720
0 0.003261 0.603456 0.002407 0.004032
0 0.003261 0.597632 0.002407 0.004928
0 0.003250 0.600320 0.002428 0.008064
0 0.003252 0.590464 0.002424 0.008512
0 0.003250 0.678720 0.002429 0.005376
0 0.003249 0.685888 0.002432 0.005376
0 0.003242 0.684992 0.002444 0.003584
0 0.003236 0.684096 0.002457 0.004480
0 0.003238 0.677824 0.002452 0.004480
0 0.003230 0.676032 0.002469 0.004032
0 0.003242 0.631680 0.002445 0.006720
0 0.003231 0.630336 0.002467 0.006720
0 0.003223 0.660352 0.002483 0.003136
0 0.003215 0.659008 0.002498 0.004480
0 0.003213 0.628544 0.002502 0.002688
0 0.011111 0.151872 0.017957 0.006272
