0 0.002958 0.799232 0.003013 0.006272
0 0.010526 0.245056 0.019126 0.004480
0 0.010562 0.285376 0.019054 0.004032
0 0.010562 0.289856 0.019055 0.004928
0 0.010554 0.294784 0.019071 0.004928
0 0.010567 0.280896 0.019045 0.004480
0 0.010559 0.285376 0.019060 0.004480
0 0.010558 0.290304 0.019063 0.004032
0 0.010567 0.248640 0.019044 0.004480
0 0.010557 0.262528 0.019064 0.001792
0 0.001250 0.276864 0.001965 0.069440
0 0.001445 0.299712 0.001574 0.010304
0 0.010416 0.311808 0.019347 0.004032
0 0.001118 0.293888 0.002228 0.020160
0 0.010552 0.301952 0.019074 0.004928
0 0.010629 0.301952 0.018921 0.004480
0 0.010627 0.305536 0.018924 0.004480
0 0.001462 0.334656 0.001540 0.054656
0 0.001150 0.322112 0.002165 0.042560
0 0.010925 0.383936 0.018329 0.003584
0 0.010799 0.368704 0.018580 0.003584
0 0.010807 0.374080 0.018565 0.004928
0 0.010802 0.367360 0.018575 0.004032
0 0.010570 0.267456 0.019039 0.004480
0 0.010523 0.288960 0.019134 0.003584
0 0.010531 0.294784 0.019117 0.005824
0 0.001477 0.265216 0.001511 0.006720
0 0.010499 0.249536 0.019181 0.003584
0 0.010509 0.249536 0.019161 0.002240
0 0.001283 0.284032 0.001897 0.018368
0 0.008124 0.264768 0.015002 0.011200
0 0.008119 0.255808 0.015012 0.009856
0 0.001427 0.236096 0.001611 0.005376
0 0.008136 0.275968 0.014978 0.008960
0 0.001446 0.270144 0.001573 0.006272
0 0.001472 0.270144 0.001521 0.006272
0 0.001448 0.271040 0.001568 0.004928
0 0.010531 0.269248 0.019116 0.005824
0 0.001467 0.252224 0.001530 0.004032
0 0.001465 0.253568 0.001533 0.004928
0 0.001465 0.254464 0.001535 0.004480
0 0.001463 0.255360 0.001538 0.004928
0 0.010446 0.254912 0.019287 0.005376
0 0.010441 0.260736 0.019297 0.004480
0 0.010436 0.266112 0.019306 0.005376
0 0.010440 0.276864 0.019298 0.003584
0 0.010434 0.272384 0.019310 0.005376
0 0.010792 0.364672 0.018594 0.004928
0 0.010789 0.360192 0.018600 0.004480
0 0.010750 0.385728 0.018679 0.004480
0 0.011086 0.531776 0.018007 0.004032
0 0.011051 0.476672 0.018077 0.004928
0 0.011050 0.477568 0.018079 0.004928
0 0.011087 0.449792 0.018004 0.004928
0 0.011099 0.455168 0.017981 0.005376
0 0.011032 0.466368 0.018114 0.004032
0 0.010779 0.464128 0.018621 0.004928
0 0.010055 0.464128 0.020069 0.004480
0 0.010166 0.530432 0.019847 0.005376
0 0.011095 0.528192 0.017989 0.005824
0 0.011069 0.532672 0.018041 0.004480
0 0.010832 0.478912 0.018515 0.004480
0 0.011047 0.517440 0.018084 0.004928
0 0.010165 0.550592 0.019849 0.005376
0 0.010159 0.559104 0.019861 0.005376
0 0.010317 0.534464 0.019544 0.003584
0 0.010335 0.541632 0.019508 0.004480
0 0.010324 0.534912 0.019531 0.004480
0 0.011091 0.548352 0.017996 0.004480
0 0.010836 0.370944 0.018507 0.002240
0 0.011085 0.520576 0.018009 0.004480
0 0.010880 0.456064 0.018418 0.004480
0 0.010768 0.478912 0.018643 0.005376
0 0.010734 0.375424 0.018711 0.004480
0 0.010809 0.406784 0.018561 0.005376
0 0.001548 0.364672 0.001369 0.011648
0 0.010097 0.394688 0.019984 0.004032
0 0.010118 0.402752 0.019942 0.004032
0 0.010878 0.415296 0.018422 0.003136
0 0.010873 0.412608 0.018433 0.004032
0 0.010800 0.411264 0.018578 0.004928
0 0.010794 0.414400 0.018590 0.004928
0 0.010797 0.409472 0.018586 0.004928
0 0.010795 0.408576 0.018588 0.005376
0 0.010188 0.388416 0.019803 0.005376
0 0.010763 0.448000 0.018653 0.005824
0 0.010196 0.396032 0.019786 0.005376
0 0.010181 0.386624 0.019817 0.004032
0 0.001282 0.406784 0.001901 0.043008
0 0.010156 0.474432 0.019866 0.003136
0 0.010069 0.486528 0.020040 0.005376
0 0.010068 0.485184 0.020042 0.004928
0 0.010050 0.470400 0.020079 0.004480
0 0.010074 0.481152 0.020031 0.003584
0 0.001352 0.462784 0.001761 0.057344
0 0.010523 0.253568 0.019134 0.003584
0 0.010552 0.196224 0.019074 0.003136
0 0.002963 0.793408 0.003002 0.006272
0 0.010517 0.234752 0.019145 0.004480
0 0.001304 0.158144 0.001857 0.011648
0 0.001308 0.160384 0.001847 0.007616
0 0.001301 0.168896 0.001861 0.007616
0 0.001305 0.131712 0.001855 0.003584
0 0.001306 0.130368 0.001853 0.003584
0 0.007947 0.167104 0.015356 0.023744
0 0.001308 0.185920 0.001848 0.005376
0 0.001298 0.177856 0.001869 0.008960
0 0.001295 0.111552 0.001874 0.004928
0 0.001293 0.113792 0.001878 0.006272
0 0.001271 0.167552 0.001922 0.005376
0 0.001274 0.168896 0.001916 0.006272
0 0.001277 0.171584 0.001910 0.004928
0 0.001292 0.114688 0.001880 0.004480
0 0.001307 0.124992 0.001851 0.002688
0 0.001277 0.127232 0.001909 0.004480
0 0.001278 0.128128 0.001907 0.004032
0 0.001388 0.167104 0.001688 0.006272
0 0.001386 0.169792 0.001692 0.008064
0 0.001386 0.172032 0.001693 0.007616
0 0.001384 0.174272 0.001696 0.007616
0 0.001312 0.137984 0.001841 0.006720
0 0.001297 0.148288 0.001871 0.008960
0 0.001295 0.146496 0.001875 0.009856
0 0.001264 0.163072 0.001937 0.006720
0 0.007902 0.118272 0.015446 0.010752
0 0.001208 0.122304 0.002049 0.008960
0 0.001205 0.117376 0.002054 0.006720
0 0.007918 0.143360 0.015414 0.020608
0 0.001235 0.152320 0.001994 0.003584
0 0.001245 0.162176 0.001974 0.017024
0 0.001251 0.156800 0.001963 0.006272
0 0.001252 0.155456 0.001959 0.005376
0 0.001262 0.164416 0.001940 0.005376
0 0.001265 0.161728 0.001934 0.006272
0 0.007988 0.142912 0.015274 0.018816
0 0.001267 0.159936 0.001930 0.006272
0 0.001269 0.133504 0.001926 0.008064
0 0.001272 0.134848 0.001921 0.007168
0 0.001273 0.136192 0.001918 0.008960
0 0.001288 0.144704 0.001888 0.008960
0 0.001291 0.146048 0.001883 0.008512
0 0.001255 0.151872 0.001954 0.005824
0 0.001257 0.150080 0.001951 0.005824
0 0.001254 0.153664 0.001956 0.004032
0 0.001383 0.175616 0.001699 0.007616
0 0.001381 0.178304 0.001703 0.008512
0 0.001404 0.175616 0.001656 0.005376
0 0.001421 0.211008 0.001623 0.004032
0 0.001390 0.217728 0.001684 0.013440
0 0.001394 0.213248 0.001676 0.007616
0 0.001397 0.211904 0.001671 0.008064
0 0.001420 0.195776 0.001624 0.001792
0 0.001417 0.211008 0.001629 0.004928
0 0.001416 0.213248 0.001633 0.004928
0 0.001411 0.216384 0.001641 0.005824
0 0.001408 0.219520 0.001648 0.004480
0 0.001421 0.197120 0.001623 0.001344
0 0.008068 0.236992 0.015115 0.014784
0 0.001361 0.169792 0.001741 0.004480
0 0.001377 0.232512 0.001710 0.004480
0 0.001383 0.236544 0.001699 0.003584
0 0.001388 0.240128 0.001689 0.004480
0 0.001397 0.231168 0.001670 0.007168
0 0.001396 0.230720 0.001672 0.005376
0 0.010575 0.221760 0.019028 0.004032
0 0.010588 0.229824 0.019003 0.004032
0 0.010577 0.243264 0.019025 0.004480
0 0.010584 0.241024 0.019010 0.004032
0 0.010517 0.197120 0.019144 0.002240
0 0.001360 0.171136 0.001744 0.005376
0 0.001404 0.177856 0.001657 0.004032
0 0.001372 0.193984 0.001720 0.007616
0 0.001402 0.179648 0.001661 0.004928
0 0.001402 0.181888 0.001660 0.002688
0 0.001419 0.182336 0.001626 0.005376
0 0.001418 0.184128 0.001628 0.005824
0 0.008056 0.187264 0.015137 0.016576
0 0.001362 0.188160 0.001739 0.007616
0 0.001361 0.189952 0.001742 0.007168
0 0.001359 0.191296 0.001746 0.007168
0 0.001357 0.193088 0.001749 0.007168
0 0.001370 0.195776 0.001724 0.007616
0 0.001343 0.193984 0.001778 0.004928
0 0.001368 0.197568 0.001728 0.007616
0 0.001356 0.208768 0.001752 0.007616
0 0.001361 0.180544 0.001743 0.004480
0 0.001376 0.191744 0.001712 0.007168
0 0.001377 0.189504 0.001710 0.007616
0 0.001342 0.198912 0.001780 0.004032
0 0.001343 0.198016 0.001779 0.005376
0 0.001355 0.184576 0.001755 0.004032
0 0.001350 0.189056 0.001764 0.005376
0 0.010412 0.569856 0.019354 0.005824
0 0.010926 0.564480 0.018327 0.003136
0 0.011083 0.643328 0.018013 0.003136
0 0.010975 0.626304 0.018229 0.004928
0 0.001683 0.821184 0.001098 0.025088
0 0.001611 0.819840 0.001241 0.021952
0 0.001601 0.843584 0.001262 0.022400
0 0.010487 0.853440 0.019205 0.003136
0 0.010314 0.795200 0.019550 0.004928
0 0.010307 0.803712 0.019565 0.005376
0 0.010259 0.841792 0.019660 0.003136
0 0.010211 0.810880 0.019756 0.003584
0 0.010230 0.826560 0.019718 0.004480
0 0.010182 0.813568 0.019815 0.005376
0 0.010168 0.829248 0.019843 0.004032
0 0.010172 0.826560 0.019835 0.004032
0 0.010162 0.839552 0.019855 0.004032
0 0.010153 0.848064 0.019872 0.005376
0 0.010152 0.851200 0.019874 0.005376
0 0.010261 0.851200 0.019657 0.004480
0 0.010437 0.817152 0.019305 0.003584
0 0.010458 0.833280 0.019262 0.004480
0 0.001590 0.866880 0.001284 0.022400
0 0.001595 0.868672 0.001274 0.017920
0 0.001599 0.869568 0.001266 0.022400
0 0.001690 0.822976 0.001085 0.021952
0 0.001694 0.824768 0.001077 0.023744
0 0.001699 0.827008 0.001066 0.021056
0 0.001585 0.786688 0.001295 0.012544
0 0.001484 0.777280 0.001495 0.004032
0 0.001482 0.779968 0.001501 0.005376
0 0.001482 0.783552 0.001500 0.005376
0 0.001482 0.786688 0.001501 0.005824
0 0.001509 0.784000 0.001446 0.004480
0 0.001528 0.780864 0.001409 0.007168
0 0.001531 0.776832 0.001402 0.005824
0 0.001560 0.778176 0.001344 0.005376
0 0.002122 0.765632 0.000221 0.063616
0 0.001603 0.800128 0.001259 0.017920
0 0.001703 0.829248 0.001058 0.021056
0 0.010673 0.801920 0.018832 0.004928
0 0.010207 0.790272 0.019764 0.004480
0 0.010185 0.795200 0.019809 0.003584
0 0.010177 0.790720 0.019824 0.004032
0 0.010190 0.801472 0.019798 0.005376
0 0.010178 0.789376 0.019822 0.004032
0 0.010099 0.792960 0.019981 0.003584
0 0.010329 0.779968 0.019520 0.005376
0 0.010484 0.800128 0.019211 0.001792
0 0.001607 0.867328 0.001250 0.008512
0 0.001676 0.846272 0.001112 0.019264
0 0.001680 0.847616 0.001104 0.019712
0 0.010625 0.990528 0.018928 0.004480
0 0.010650 0.913920 0.018879 0.003136
0 0.010726 0.932736 0.018726 0.004032
0 0.002035 0.907200 0.000395 0.076608
0 0.010163 0.960064 0.019853 0.004032
0 0.010386 0.927360 0.019407 0.004480
0 0.007019 0.952896 0.012748 0.036288
0 0.010447 0.966336 0.019284 0.000896
0 0.010449 0.973952 0.019281 0.004032
0 0.010657 0.966784 0.018864 0.005824
0 0.002457 0.205632 0.004014 0.003584
0 0.010545 0.934080 0.019089 0.003584
0 0.002462 0.208768 0.004005 0.003584
0 0.002465 0.211456 0.003998 0.003584
0 0.002470 0.214144 0.003988 0.003136
0 0.003045 0.585088 0.002838 0.005376
0 0.003060 0.594944 0.002809 0.005376
0 0.002937 0.785792 0.003055 0.007168
0 0.002944 0.792512 0.003040 0.008960
0 0.002953 0.783104 0.003022 0.009408
0 0.002970 0.788480 0.002989 0.003584
0 0.010693 0.904064 0.018793 0.004928
0 0.010542 0.938112 0.019094 0.004032
0 0.001684 0.850304 0.001097 0.018816
0 0.001597 0.892864 0.001270 0.018368
0 0.001659 0.868672 0.001146 0.020160
0 0.001663 0.870464 0.001138 0.018816
0 0.010081 0.922432 0.020017 0.005376
0 0.010368 0.913920 0.019443 0.004480
0 0.010401 0.936768 0.019376 0.004480
0 0.001582 0.887488 0.001300 0.019264
0 0.001587 0.888384 0.001290 0.015680
0 0.001590 0.889728 0.001284 0.018816
0 0.001593 0.891072 0.001277 0.018816
0 0.001574 0.905856 0.001317 0.017920
0 0.001640 0.887936 0.001185 0.020608
0 0.001578 0.905856 0.001308 0.018368
0 0.001580 0.908992 0.001304 0.021504
0 0.001574 0.921536 0.001316 0.008064
0 0.001593 0.933632 0.001277 0.008064
0 0.001610 0.927360 0.001245 0.016128
0 0.001624 0.912576 0.001216 0.016128
0 0.001622 0.909888 0.001220 0.016128
0 0.001619 0.908544 0.001227 0.017024
0 0.001645 0.889280 0.001175 0.019712
0 0.001485 0.775040 0.001495 0.004032
0 0.001485 0.772352 0.001495 0.004032
0 0.010198 0.772800 0.019783 0.005376
0 0.001502 0.699328 0.001461 0.015232
0 0.002001 0.718144 0.000462 0.008064
0 0.001791 0.728000 0.000882 0.016576
0 0.001774 0.716352 0.000917 0.012544
0 0.001751 0.702016 0.000961 0.016576
0 0.001700 0.705152 0.001065 0.040768
0 0.001633 0.680960 0.001199 0.019712
0 0.001493 0.693056 0.001478 0.016576
0 0.001496 0.694848 0.001472 0.016576
0 0.001500 0.697536 0.001464 0.013440
0 0.001504 0.701568 0.001456 0.013888
0 0.001829 0.670208 0.000806 0.010752
0 0.001474 0.712768 0.001516 0.015680
0 0.001478 0.713664 0.001509 0.017024
0 0.001481 0.715008 0.001502 0.018816
0 0.001486 0.716800 0.001492 0.015232
0 0.001487 0.719936 0.001491 0.020160
0 0.010297 0.699328 0.019585 0.005376
0 0.010316 0.681856 0.019548 0.004928
0 0.010230 0.710080 0.019719 0.004480
0 0.010051 0.708736 0.020076 0.003136
0 0.011110 0.659456 0.017959 0.003136
0 0.001727 0.686784 0.001010 0.018368
0 0.010065 0.720832 0.020048 0.004032
0 0.001524 0.662144 0.001417 0.015680
0 0.001898 0.603904 0.000667 0.040768
0 0.001577 0.604800 0.001310 0.023744
0 0.001581 0.606144 0.001302 0.023296
0 0.001563 0.626304 0.001338 0.012544
0 0.001542 0.642432 0.001380 0.021504
0 0.001549 0.644672 0.001367 0.016576
0 0.010372 0.621376 0.019434 0.003136
0 0.010238 0.616000 0.019703 0.004032
0 0.010297 0.668864 0.019585 0.005824
0 0.001526 0.664832 0.001411 0.015232
0 0.010573 0.658112 0.019032 0.004928
0 0.001508 0.677376 0.001447 0.017472
0 0.001531 0.664832 0.001402 0.022400
0 0.001530 0.672896 0.001405 0.034944
0 0.001511 0.679616 0.001443 0.017920
0 0.001514 0.682304 0.001436 0.017024
0 0.001517 0.684544 0.001431 0.017024
0 0.001521 0.686784 0.001421 0.012992
0 0.001677 0.655872 0.001110 0.022400
0 0.001706 0.672448 0.001053 0.014336
0 0.010053 0.712320 0.020072 0.004480
0 0.010058 0.713664 0.020063 0.004928
0 0.010157 0.777728 0.019865 0.004480
0 0.010091 0.734720 0.019996 0.004480
0 0.001436 0.769664 0.001593 0.013440
0 0.001438 0.766976 0.001589 0.013440
0 0.001440 0.764288 0.001584 0.012544
0 0.001443 0.761600 0.001579 0.012544
0 0.001454 0.782208 0.001556 0.016128
0 0.010385 0.779520 0.019408 0.016576
0 0.001463 0.776384 0.001538 0.014784
0 0.001466 0.773696 0.001533 0.014784
0 0.001469 0.770560 0.001527 0.012544
0 0.010104 0.740992 0.019970 0.003584
0 0.001451 0.747264 0.001562 0.015680
0 0.010109 0.744576 0.019962 0.004480
0 0.010115 0.747712 0.019950 0.003136
0 0.010119 0.751296 0.019941 0.004480
0 0.010121 0.754432 0.019937 0.004480
0 0.010096 0.736064 0.019987 0.004480
0 0.010104 0.742784 0.019971 0.003136
0 0.010105 0.746368 0.019969 0.004480
0 0.010138 0.765632 0.019903 0.004480
0 0.010136 0.762048 0.019906 0.003584
0 0.001432 0.755776 0.001601 0.014784
0 0.001448 0.744576 0.001568 0.016576
0 0.010065 0.717248 0.020049 0.003136
0 0.001881 0.783104 0.000702 0.011648
0 0.010070 0.721728 0.020038 0.004032
0 0.010081 0.728896 0.020016 0.004480
0 0.001658 0.697536 0.001149 0.021504
0 0.001688 0.713216 0.001088 0.013440
0 0.001680 0.723520 0.001104 0.015232
0 0.001683 0.720384 0.001098 0.016128
0 0.001683 0.716800 0.001098 0.017920
0 0.001843 0.759360 0.000778 0.019712
0 0.001818 0.743680 0.000827 0.018368
0 0.001713 0.731584 0.001039 0.018368
0 0.001445 0.742336 0.001574 0.015680
0 0.001711 0.734720 0.001042 0.016128
0 0.001739 0.749504 0.000987 0.019712
0 0.001737 0.753984 0.000991 0.019264
0 0.001738 0.758464 0.000988 0.013888
0 0.001734 0.762048 0.000997 0.015680
0 0.001729 0.764736 0.001007 0.016128
0 0.001460 0.728000 0.001545 0.014784
0 0.001464 0.728896 0.001537 0.015232
0 0.001466 0.731136 0.001533 0.016576
0 0.001130 0.066752 0.002205 0.024192
