0 0.003145 0.911680 0.002639 0.003136
0 0.001881 0.735616 0.000703 0.032256
0 0.008269 0.462784 0.014711 0.060928
0 0.008450 0.491456 0.014351 0.017472
0 0.008408 0.331968 0.014433 0.027328
0 0.001781 0.501312 0.000903 0.015680
0 0.001824 0.517440 0.000815 0.016576
0 0.001823 0.522816 0.000818 0.017920
0 0.001865 0.532224 0.000733 0.017024
0 0.001905 0.546560 0.000654 0.016128
0 0.001945 0.551936 0.000574 0.006720
0 0.001928 0.724864 0.000609 0.035840
0 0.001848 0.698432 0.000769 0.032256
0 0.003133 0.912128 0.002662 0.005376
0 0.001850 0.693504 0.000764 0.031808
0 0.001911 0.771456 0.000643 0.025088
0 0.001913 0.767424 0.000639 0.025536
0 0.001264 0.730240 0.001937 0.018816
0 0.007978 0.675136 0.015295 0.014336
0 0.008413 0.747712 0.014423 0.027328
0 0.008330 0.659904 0.014590 0.046144
0 0.001780 0.732032 0.000904 0.048832
0 0.014099 0.875840 0.025373 0.009856
0 0.003137 0.942144 0.002655 0.012096
0 0.001570 0.470400 0.001324 0.055104
