0 0.002886 0.628992 0.003157 0.001344
0 0.002652 0.516096 0.003624 0.001344
0 0.003275 0.451136 0.002379 0.005824
0 0.003193 0.318976 0.002542 0.001792
0 0.003190 0.318976 0.002549 0.001792
0 0.003184 0.318528 0.002560 0.002688
0 0.003178 0.318528 0.002572 0.002688
0 0.003178 0.314944 0.002572 0.002688
0 0.003179 0.311808 0.002570 0.002688
0 0.003179 0.308224 0.002570 0.002688
0 0.003179 0.304640 0.002570 0.002688
0 0.003179 0.301504 0.002570 0.002688
0 0.003179 0.297920 0.002570 0.002688
0 0.003185 0.297920 0.002558 0.002688
0 0.003194 0.297472 0.002540 0.001344
0 0.003191 0.297024 0.002546 0.001344
0 0.009583 0.878080 0.016549 0.005376
0 0.009298 0.896000 0.017119 0.025088
0 0.009945 0.765632 0.015825 0.012096
0 0.002357 0.512960 0.004215 0.004480
0 0.002652 0.518784 0.003625 0.002240
0 0.002886 0.627200 0.003157 0.001344
0 0.002651 0.525504 0.003626 0.003584
0 0.002885 0.625408 0.003158 0.001344
0 0.002880 0.632128 0.003168 0.001792
0 0.002877 0.632576 0.003175 0.001344
0 0.002873 0.633472 0.003183 0.001792
0 0.002868 0.634368 0.003192 0.001792
0 0.002864 0.635264 0.003202 0.002240
0 0.002679 0.508032 0.003570 0.003584
0 0.002679 0.513408 0.003571 0.003584
0 0.002678 0.518336 0.003572 0.003584
0 0.002678 0.523712 0.003572 0.003584
0 0.002681 0.527744 0.003567 0.002688
0 0.002675 0.527744 0.003579 0.002240
0 0.002669 0.527744 0.003591 0.002240
0 0.002670 0.523712 0.003589 0.003584
0 0.002670 0.518336 0.003589 0.003584
0 0.002670 0.513408 0.003589 0.004032
0 0.002671 0.508032 0.003587 0.003584
0 0.009777 0.705600 0.016160 0.032256
