0 0.011752 0.844480 0.021139 0.019712
0 0.012017 0.478912 0.020610 0.011200
0 0.011925 0.448896 0.020793 0.011648
0 0.011922 0.422912 0.020800 0.010752
0 0.011921 0.412160 0.020801 0.011648
0 0.010284 0.344512 0.019611 0.072576
0 0.011696 0.498624 0.021251 0.021504
0 0.011824 0.396480 0.020995 0.023296
0 0.011881 0.389760 0.020880 0.021952
0 0.011703 0.348096 0.021237 0.021504
0 0.011671 0.346304 0.021301 0.021056
0 0.011887 0.318976 0.020869 0.023296
0 0.011954 0.319424 0.020735 0.010752
0 0.012111 0.277312 0.020421 0.017024
0 0.012212 0.102592 0.020219 0.015680
0 0.011835 0.198464 0.020972 0.008512
0 0.011696 0.081088 0.021251 0.009856
0 0.011624 0.092736 0.021394 0.013888
0 0.011749 0.164416 0.021144 0.017024
0 0.011735 0.181440 0.021172 0.016128
0 0.011727 0.190848 0.021189 0.015232
0 0.011716 0.198464 0.021210 0.016128
0 0.011707 0.209664 0.021230 0.015680
0 0.011663 0.248192 0.021318 0.008960
0 0.011640 0.134400 0.021362 0.009856
0 0.011558 0.235648 0.021527 0.008960
0 0.010217 0.254912 0.019745 0.048384
0 0.010128 0.276416 0.019922 0.034048
0 0.011363 0.173376 0.021917 0.020608
0 0.011212 0.025088 0.022219 0.015680
0 0.011224 0.101248 0.022195 0.010752
0 0.011932 0.475328 0.020779 0.011200
0 0.012057 0.507584 0.020529 0.013440
0 0.011896 0.870464 0.020851 0.017024
0 0.011704 0.557312 0.021235 0.019264
0 0.011841 0.875840 0.020962 0.018368
0 0.011837 0.856128 0.020969 0.020160
0 0.011853 0.873152 0.020938 0.021056
0 0.011849 0.852096 0.020944 0.018816
0 0.011865 0.873152 0.020912 0.018368
0 0.011863 0.853888 0.020917 0.015680
0 0.010755 0.849856 0.018668 0.027776
0 0.011893 0.850752 0.020856 0.018816
0 0.011907 0.849856 0.020829 0.018816
0 0.011917 0.843136 0.020809 0.020608
0 0.011885 0.835968 0.020874 0.012096
0 0.011903 0.829248 0.020837 0.015232
0 0.011915 0.822528 0.020814 0.015680
0 0.011923 0.816704 0.020796 0.019712
0 0.010639 0.757120 0.018901 0.064960
0 0.012014 0.721280 0.020615 0.013440
0 0.012026 0.692160 0.020591 0.010752
0 0.012033 0.664384 0.020577 0.013440
0 0.012107 0.647808 0.020429 0.012992
0 0.012101 0.637056 0.020441 0.012096
0 0.012070 0.650496 0.020503 0.012096
0 0.012040 0.644672 0.020564 0.012096
0 0.012052 0.630336 0.020538 0.011648
0 0.012084 0.623168 0.020474 0.017024
0 0.012015 0.614656 0.020612 0.018368
0 0.011968 0.624512 0.020707 0.014784
0 0.012080 0.526400 0.020483 0.013440
0 0.012025 0.533120 0.020593 0.012992
0 0.011763 0.529088 0.021117 0.018368
0 0.010138 0.155904 0.019902 0.080192
