0 0.000802 0.470848 0.001603 0.093632
0 0.000607 0.373184 0.001214 0.085120
0 0.000097 0.148736 0.000194 0.021504
0 0.000106 0.137984 0.000213 0.021504
0 0.000127 0.114240 0.000254 0.021504
0 0.000136 0.102144 0.000272 0.025088
0 0.000128 0.195328 0.000257 0.021504
0 0.000137 0.182336 0.000274 0.021504
0 0.000146 0.167104 0.000292 0.021504
0 0.000166 0.137088 0.000332 0.024192
0 0.000158 0.214592 0.000316 0.020608
0 0.000168 0.200256 0.000335 0.021056
0 0.000187 0.170688 0.000373 0.025536
0 0.000183 0.248640 0.000366 0.021952
0 0.000351 0.221312 0.000702 0.037184
0 0.000609 0.480704 0.001218 0.039872
0 0.000930 0.683648 0.001859 0.052416
0 0.000538 0.672000 0.001077 0.053312
0 0.000465 0.618240 0.000930 0.068544
0 0.000367 0.516544 0.000734 0.038976
0 0.000849 0.833280 0.001698 0.071680
0 0.000986 0.899584 0.001972 0.068544
0 0.001087 0.829248 0.002174 0.111104
0 0.000088 0.161280 0.000176 0.020608
