0 0.000791 0.869120 0.001583 0.047040
0 0.000782 0.838208 0.001564 0.033152
0 0.000512 0.193984 0.001024 0.058688
0 0.000770 0.257600 0.001539 0.069888
0 0.000940 0.511616 0.001880 0.123200
0 0.000837 0.572992 0.001674 0.035392
0 0.000833 0.607040 0.001666 0.042112
0 0.000835 0.641536 0.001670 0.040768
0 0.000856 0.660352 0.001711 0.034048
0 0.000829 0.689024 0.001659 0.035392
0 0.000796 0.740544 0.001592 0.045696
0 0.000729 0.746816 0.001458 0.034048
0 0.000768 0.797440 0.001535 0.041216
0 0.000661 0.620928 0.001322 0.064960
0 0.000622 0.627200 0.001244 0.037184
0 0.000644 0.665728 0.001288 0.055552
0 0.000621 0.692160 0.001242 0.037632
0 0.000606 0.714112 0.001213 0.027776
0 0.000598 0.741888 0.001196 0.042112
0 0.000625 0.734272 0.001250 0.038528
0 0.000621 0.776384 0.001241 0.047936
0 0.000553 0.804160 0.001106 0.053760
0 0.000660 0.870464 0.001321 0.051072
0 0.000751 0.830592 0.001502 0.049280
0 0.000734 0.875840 0.001469 0.040768
0 0.000259 0.135296 0.000518 0.072128
